time/s      E/V        I/A
0.00000E+00 -8.00000E-01 -4.85338E-05 -8.01025E-01
9.99997E-02 -7.95000E-01 -4.68966E-05 -7.96011E-01
1.99999E-01 -7.90000E-01 -4.55869E-05 -7.90991E-01
2.99999E-01 -7.85000E-01 -4.44050E-05 -7.86016E-01
3.99999E-01 -7.80000E-01 -4.32880E-05 -7.81017E-01
4.99999E-01 -7.75000E-01 -4.22496E-05 -7.75979E-01
5.99998E-01 -7.70000E-01 -4.12989E-05 -7.70984E-01
6.99998E-01 -7.65000E-01 -4.04273E-05 -7.66000E-01
7.99998E-01 -7.60000E-01 -3.95777E-05 -7.60998E-01
8.99998E-01 -7.55000E-01 -3.87610E-05 -7.55976E-01
9.99997E-01 -7.50000E-01 -3.79947E-05 -7.50972E-01
1.10000E+00 -7.45000E-01 -3.72514E-05 -7.45985E-01
1.20000E+00 -7.40000E-01 -3.65385E-05 -7.41000E-01
1.30000E+00 -7.35000E-01 -3.58469E-05 -7.35987E-01
1.40000E+00 -7.30000E-01 -3.51972E-05 -7.30952E-01
1.50000E+00 -7.25000E-01 -3.45564E-05 -7.25962E-01
1.60000E+00 -7.20000E-01 -3.39383E-05 -7.20979E-01
1.70000E+00 -7.15000E-01 -3.33554E-05 -7.15966E-01
1.80000E+00 -7.10000E-01 -3.27834E-05 -7.10949E-01
1.90000E+00 -7.05000E-01 -3.22307E-05 -7.05942E-01
1.99999E+00 -7.00000E-01 -3.16957E-05 -7.00969E-01
2.09999E+00 -6.95000E-01 -3.11642E-05 -6.95962E-01
2.19999E+00 -6.90000E-01 -3.06712E-05 -6.90944E-01
2.29999E+00 -6.85000E-01 -3.02000E-05 -6.85965E-01
2.39999E+00 -6.80000E-01 -2.97111E-05 -6.80962E-01
2.49999E+00 -6.75000E-01 -2.92518E-05 -6.75952E-01
2.59999E+00 -6.70000E-01 -2.87977E-05 -6.70948E-01
2.69999E+00 -6.65000E-01 -2.83455E-05 -6.65928E-01
2.79999E+00 -6.60000E-01 -2.78975E-05 -6.60945E-01
2.89999E+00 -6.55000E-01 -2.74589E-05 -6.55935E-01
2.99999E+00 -6.50000E-01 -2.70411E-05 -6.50918E-01
3.09999E+00 -6.45000E-01 -2.66429E-05 -6.45912E-01
3.19999E+00 -6.40000E-01 -2.62416E-05 -6.40903E-01
3.29999E+00 -6.35000E-01 -2.58570E-05 -6.35914E-01
3.39999E+00 -6.30000E-01 -2.54899E-05 -6.30910E-01
3.49999E+00 -6.25000E-01 -2.51274E-05 -6.25892E-01
3.59999E+00 -6.20000E-01 -2.47934E-05 -6.20910E-01
3.69999E+00 -6.15000E-01 -2.44296E-05 -6.15914E-01
3.79999E+00 -6.10000E-01 -2.40519E-05 -6.10918E-01
3.89999E+00 -6.05000E-01 -2.36772E-05 -6.05900E-01
3.99999E+00 -6.00001E-01 -2.32978E-05 -6.00906E-01
4.09999E+00 -5.95001E-01 -2.29421E-05 -5.95914E-01
4.19999E+00 -5.90001E-01 -2.26149E-05 -5.90924E-01
4.29999E+00 -5.85001E-01 -2.23062E-05 -5.85903E-01
4.39999E+00 -5.80001E-01 -2.20103E-05 -5.80897E-01
4.49999E+00 -5.75001E-01 -2.17001E-05 -5.75900E-01
4.59999E+00 -5.70001E-01 -2.13835E-05 -5.70915E-01
4.69999E+00 -5.65001E-01 -2.10572E-05 -5.65902E-01
4.79999E+00 -5.60001E-01 -2.07456E-05 -5.60892E-01
4.89999E+00 -5.55001E-01 -2.04574E-05 -5.55898E-01
4.99999E+00 -5.50001E-01 -2.01797E-05 -5.50889E-01
5.09999E+00 -5.45001E-01 -1.99163E-05 -5.45882E-01
5.19999E+00 -5.40001E-01 -1.96329E-05 -5.40856E-01
5.29999E+00 -5.35001E-01 -1.93467E-05 -5.35864E-01
5.39999E+00 -5.30001E-01 -1.90839E-05 -5.30891E-01
5.49999E+00 -5.25001E-01 -1.88782E-05 -5.25871E-01
5.59999E+00 -5.20001E-01 -1.85670E-05 -5.20859E-01
5.69999E+00 -5.15001E-01 -1.81905E-05 -5.15870E-01
5.79999E+00 -5.10001E-01 -1.79029E-05 -5.10880E-01
5.89999E+00 -5.05001E-01 -1.76443E-05 -5.05853E-01
5.99998E+00 -5.00001E-01 -1.73971E-05 -5.00836E-01
6.09998E+00 -4.95001E-01 -1.71794E-05 -4.95859E-01
6.19998E+00 -4.90001E-01 -1.68958E-05 -4.90828E-01
6.29998E+00 -4.85001E-01 -1.66107E-05 -4.85842E-01
6.39998E+00 -4.80001E-01 -1.63634E-05 -4.80838E-01
6.49998E+00 -4.75001E-01 -1.61325E-05 -4.75835E-01
6.59998E+00 -4.70001E-01 -1.58891E-05 -4.70821E-01
6.69998E+00 -4.65001E-01 -1.56273E-05 -4.65806E-01
6.79998E+00 -4.60001E-01 -1.53773E-05 -4.60792E-01
6.89998E+00 -4.55001E-01 -1.51241E-05 -4.55792E-01
6.99998E+00 -4.50001E-01 -1.48799E-05 -4.50807E-01
7.09998E+00 -4.45001E-01 -1.46412E-05 -4.45818E-01
7.19998E+00 -4.40001E-01 -1.43831E-05 -4.40800E-01
7.29998E+00 -4.35001E-01 -1.41413E-05 -4.35803E-01
7.39998E+00 -4.30001E-01 -1.39176E-05 -4.30814E-01
7.49998E+00 -4.25001E-01 -1.36862E-05 -4.25788E-01
7.59998E+00 -4.20001E-01 -1.34440E-05 -4.20810E-01
7.69998E+00 -4.15001E-01 -1.32051E-05 -4.15816E-01
7.79998E+00 -4.10001E-01 -1.29790E-05 -4.10800E-01
7.89998E+00 -4.05001E-01 -1.27453E-05 -4.05787E-01
7.99998E+00 -4.00001E-01 -1.25076E-05 -4.00801E-01
8.09998E+00 -3.95001E-01 -1.22745E-05 -3.95799E-01
8.19998E+00 -3.90001E-01 -1.20543E-05 -3.90809E-01
8.29998E+00 -3.85001E-01 -1.18201E-05 -3.85801E-01
8.39998E+00 -3.80001E-01 -1.16008E-05 -3.80794E-01
8.49998E+00 -3.75001E-01 -1.13860E-05 -3.75802E-01
8.59998E+00 -3.70001E-01 -1.11595E-05 -3.70783E-01
8.69998E+00 -3.65001E-01 -1.09537E-05 -3.65766E-01
8.79998E+00 -3.60001E-01 -1.07677E-05 -3.60773E-01
8.89998E+00 -3.55001E-01 -1.05548E-05 -3.55808E-01
8.99998E+00 -3.50001E-01 -1.03405E-05 -3.50789E-01
9.09998E+00 -3.45001E-01 -1.01313E-05 -3.45778E-01
9.19998E+00 -3.40001E-01 -9.93630E-06 -3.40785E-01
9.29998E+00 -3.35001E-01 -9.74339E-06 -3.35797E-01
9.39998E+00 -3.30001E-01 -9.54084E-06 -3.30770E-01
9.49998E+00 -3.25001E-01 -9.34279E-06 -3.25775E-01
9.59998E+00 -3.20001E-01 -9.14182E-06 -3.20776E-01
9.69998E+00 -3.15001E-01 -8.99093E-06 -3.15784E-01
9.79998E+00 -3.10001E-01 -8.78693E-06 -3.10771E-01
9.89998E+00 -3.05001E-01 -8.52654E-06 -3.05775E-01
9.99997E+00 -3.00001E-01 -8.33256E-06 -3.00767E-01
1.01000E+01 -2.95001E-01 -8.13311E-06 -2.95766E-01
1.02000E+01 -2.90001E-01 -7.96115E-06 -2.90762E-01
1.03000E+01 -2.85001E-01 -7.77585E-06 -2.85766E-01
1.04000E+01 -2.80001E-01 -7.66770E-06 -2.80744E-01
1.05000E+01 -2.75001E-01 -7.47922E-06 -2.75734E-01
1.06000E+01 -2.70001E-01 -7.19049E-06 -2.70740E-01
1.07000E+01 -2.65001E-01 -6.98501E-06 -2.65733E-01
1.08000E+01 -2.60001E-01 -6.77599E-06 -2.60758E-01
1.09000E+01 -2.55001E-01 -6.59648E-06 -2.55744E-01
1.10000E+01 -2.50001E-01 -6.43512E-06 -2.50725E-01
1.11000E+01 -2.45001E-01 -6.25267E-06 -2.45748E-01
1.12000E+01 -2.40001E-01 -6.06649E-06 -2.40742E-01
1.13000E+01 -2.35001E-01 -5.89848E-06 -2.35728E-01
1.14000E+01 -2.30001E-01 -5.71425E-06 -2.30696E-01
1.15000E+01 -2.25001E-01 -5.53302E-06 -2.25705E-01
1.16000E+01 -2.20001E-01 -5.32922E-06 -2.20724E-01
1.17000E+01 -2.15001E-01 -5.14624E-06 -2.15706E-01
1.18000E+01 -2.10001E-01 -4.95873E-06 -2.10715E-01
1.19000E+01 -2.05001E-01 -4.78000E-06 -2.05697E-01
1.20000E+01 -2.00002E-01 -4.61027E-06 -2.00711E-01
1.21000E+01 -1.95002E-01 -4.43131E-06 -1.95718E-01
1.22000E+01 -1.90002E-01 -4.23953E-06 -1.90681E-01
1.23000E+01 -1.85002E-01 -4.05840E-06 -1.85705E-01
1.24000E+01 -1.80002E-01 -3.87182E-06 -1.80698E-01
1.25000E+01 -1.75002E-01 -3.69624E-06 -1.75698E-01
1.26000E+01 -1.70002E-01 -3.51216E-06 -1.70693E-01
1.27000E+01 -1.65002E-01 -3.38196E-06 -1.65690E-01
1.28000E+01 -1.60002E-01 -3.20257E-06 -1.60684E-01
1.29000E+01 -1.55002E-01 -3.01593E-06 -1.55659E-01
1.30000E+01 -1.50002E-01 -2.83746E-06 -1.50645E-01
1.31000E+01 -1.45002E-01 -2.65940E-06 -1.45657E-01
1.32000E+01 -1.40002E-01 -2.47664E-06 -1.40663E-01
1.33000E+01 -1.35002E-01 -2.29107E-06 -1.35645E-01
1.34000E+01 -1.30002E-01 -2.12138E-06 -1.30637E-01
1.35000E+01 -1.25002E-01 -1.92590E-06 -1.25671E-01
1.36000E+01 -1.20002E-01 -1.76287E-06 -1.20662E-01
1.37000E+01 -1.15002E-01 -1.57391E-06 -1.15642E-01
1.38000E+01 -1.10002E-01 -1.39749E-06 -1.10652E-01
1.39000E+01 -1.05002E-01 -1.20438E-06 -1.05650E-01
1.40000E+01 -1.00002E-01 -1.03410E-06 -1.00668E-01
1.41000E+01 -9.50018E-02 -8.46959E-07 -9.56501E-02
1.42000E+01 -9.00018E-02 -6.65012E-07 -9.06472E-02
1.43000E+01 -8.50018E-02 -4.87625E-07 -8.56420E-02
1.44000E+01 -8.00018E-02 -3.04952E-07 -8.06673E-02
1.45000E+01 -7.50018E-02 -1.22586E-07 -7.56383E-02
1.46000E+01 -7.00018E-02 7.38232E-08  -7.06317E-02
1.47000E+01 -6.50018E-02 2.75054E-07  -6.56539E-02
1.48000E+01 -6.00019E-02 4.50305E-07  -6.06442E-02
1.49000E+01 -5.50019E-02 6.65575E-07  -5.56308E-02
1.50000E+01 -5.00019E-02 8.67273E-07  -5.06305E-02
1.51000E+01 -4.50019E-02 1.08718E-06  -4.56159E-02
1.52000E+01 -4.00019E-02 1.27461E-06  -4.06499E-02
1.53000E+01 -3.50019E-02 1.47143E-06  -3.56440E-02
1.54000E+01 -3.00019E-02 1.68891E-06  -3.06144E-02
1.55000E+01 -2.50019E-02 1.90818E-06  -2.56334E-02
1.56000E+01 -2.00020E-02 2.11612E-06  -2.06438E-02
1.57000E+01 -1.50020E-02 2.31921E-06  -1.56366E-02
1.58000E+01 -1.00020E-02 2.54278E-06  -1.06425E-02
1.59000E+01 -5.00199E-03 2.76410E-06  -5.61662E-03
1.60000E+01 -2.00000E-06 2.98099E-06  -6.00738E-04
1.61000E+01 4.99799E-03  3.20104E-06  4.37330E-03 
1.62000E+01 9.99797E-03  3.41512E-06  9.38112E-03 
1.63000E+01 1.49980E-02  3.64776E-06  1.44014E-02 
1.64000E+01 1.99979E-02  3.86360E-06  1.94036E-02 
1.65000E+01 2.49979E-02  4.08259E-06  2.44070E-02 
1.66000E+01 2.99979E-02  4.30047E-06  2.94229E-02 
1.67000E+01 3.49979E-02  4.58353E-06  3.44194E-02 
1.68000E+01 3.99979E-02  4.82195E-06  3.94198E-02 
1.69000E+01 4.49979E-02  5.03561E-06  4.44057E-02 
1.70000E+01 4.99979E-02  5.23930E-06  4.93829E-02 
1.71000E+01 5.49979E-02  5.45102E-06  5.44019E-02 
1.72000E+01 5.99978E-02  5.58064E-06  5.94396E-02 
1.73000E+01 6.49978E-02  5.90208E-06  6.44187E-02 
1.74000E+01 6.99978E-02  6.20774E-06  6.94059E-02 
1.75000E+01 7.49978E-02  6.51928E-06  7.44249E-02 
1.76000E+01 7.99978E-02  6.81326E-06  7.94265E-02 
1.77000E+01 8.49978E-02  7.07240E-06  8.44324E-02 
1.78000E+01 8.99978E-02  7.36304E-06  8.94183E-02 
1.79000E+01 9.49978E-02  7.68204E-06  9.44442E-02 
1.80000E+01 9.99977E-02  7.97686E-06  9.94726E-02 
1.81000E+01 1.04998E-01  8.23803E-06  1.04460E-01 
1.82000E+01 1.09998E-01  8.51898E-06  1.09414E-01 
1.83000E+01 1.14998E-01  8.74472E-06  1.14452E-01 
1.84000E+01 1.19998E-01  9.11812E-06  1.19464E-01 
1.85000E+01 1.24998E-01  9.49767E-06  1.24454E-01 
1.86000E+01 1.29998E-01  9.80742E-06  1.29449E-01 
1.87000E+01 1.34998E-01  1.00734E-05  1.34446E-01 
1.88000E+01 1.39998E-01  1.03862E-05  1.39453E-01 
1.89000E+01 1.44998E-01  1.07344E-05  1.44460E-01 
1.90000E+01 1.49998E-01  1.10634E-05  1.49477E-01 
1.91000E+01 1.54998E-01  1.13943E-05  1.54482E-01 
1.92000E+01 1.59998E-01  1.17262E-05  1.59491E-01 
1.93000E+01 1.64998E-01  1.20859E-05  1.64500E-01 
1.94000E+01 1.69998E-01  1.24440E-05  1.69485E-01 
1.95000E+01 1.74998E-01  1.28213E-05  1.74480E-01 
1.96000E+01 1.79998E-01  1.31668E-05  1.79492E-01 
1.97000E+01 1.84998E-01  1.35276E-05  1.84490E-01 
1.98000E+01 1.89998E-01  1.39077E-05  1.89466E-01 
1.99000E+01 1.94998E-01  1.42899E-05  1.94498E-01 
1.99999E+01 1.99997E-01  1.46864E-05  1.99508E-01 
2.00999E+01 2.04997E-01  1.51033E-05  2.04495E-01 
2.01999E+01 2.09997E-01  1.55163E-05  2.09497E-01 
2.02999E+01 2.14997E-01  1.59419E-05  2.14486E-01 
2.03999E+01 2.19997E-01  1.63926E-05  2.19505E-01 
2.04999E+01 2.24997E-01  1.68631E-05  2.24522E-01 
2.05999E+01 2.29997E-01  1.73273E-05  2.29494E-01 
2.06999E+01 2.34997E-01  1.77803E-05  2.34497E-01 
2.07999E+01 2.39997E-01  1.82269E-05  2.39512E-01 
2.08999E+01 2.44997E-01  1.86740E-05  2.44512E-01 
2.09999E+01 2.49997E-01  1.90962E-05  2.49501E-01 
2.10999E+01 2.54997E-01  1.95712E-05  2.54507E-01 
2.11999E+01 2.59997E-01  2.00138E-05  2.59513E-01 
2.12999E+01 2.64997E-01  2.04794E-05  2.64518E-01 
2.13999E+01 2.69997E-01  2.09867E-05  2.69509E-01 
2.14999E+01 2.74997E-01  2.14301E-05  2.74525E-01 
2.15999E+01 2.79997E-01  2.18262E-05  2.79530E-01 
2.16999E+01 2.84997E-01  2.22766E-05  2.84535E-01 
2.17999E+01 2.89997E-01  2.27799E-05  2.89524E-01 
2.18999E+01 2.94997E-01  2.32390E-05  2.94524E-01 
2.19999E+01 2.99997E-01  2.36654E-05  2.99521E-01 
2.20999E+01 3.04997E-01  2.40985E-05  3.04553E-01 
2.21999E+01 3.09997E-01  2.44962E-05  3.09552E-01 
2.22999E+01 3.14997E-01  2.48612E-05  3.14548E-01 
2.23999E+01 3.19997E-01  2.52154E-05  3.19547E-01 
2.24999E+01 3.24997E-01  2.55303E-05  3.24566E-01 
2.25999E+01 3.29997E-01  2.58498E-05  3.29559E-01 
2.26999E+01 3.34997E-01  2.62056E-05  3.34563E-01 
2.27999E+01 3.39997E-01  2.65076E-05  3.39549E-01 
2.28999E+01 3.44997E-01  2.67718E-05  3.44573E-01 
2.29999E+01 3.49997E-01  2.69941E-05  3.49570E-01 
2.30999E+01 3.54997E-01  2.72736E-05  3.54591E-01 
2.31999E+01 3.59997E-01  2.75127E-05  3.59578E-01 
2.32999E+01 3.64997E-01  2.77930E-05  3.64556E-01 
2.33999E+01 3.69997E-01  2.80491E-05  3.69578E-01 
2.34999E+01 3.74997E-01  2.82582E-05  3.74592E-01 
2.35999E+01 3.79997E-01  2.84939E-05  3.79580E-01 
2.36999E+01 3.84997E-01  2.86638E-05  3.84586E-01 
2.37999E+01 3.89997E-01  2.88346E-05  3.89572E-01 
2.38999E+01 3.94997E-01  2.90684E-05  3.94608E-01 
2.39999E+01 3.99997E-01  2.92842E-05  3.99588E-01 
2.40999E+01 4.04997E-01  2.94448E-05  4.04587E-01 
2.41999E+01 4.09997E-01  2.96086E-05  4.09607E-01 
2.42999E+01 4.14997E-01  2.97855E-05  4.14605E-01 
2.43999E+01 4.19997E-01  2.99517E-05  4.19605E-01 
2.44999E+01 4.24997E-01  3.01904E-05  4.24624E-01 
2.45999E+01 4.29997E-01  3.03777E-05  4.29607E-01 
2.46999E+01 4.34997E-01  3.05608E-05  4.34617E-01 
2.47999E+01 4.39997E-01  3.08410E-05  4.39599E-01 
2.48999E+01 4.44997E-01  3.10744E-05  4.44608E-01 
2.49999E+01 4.49997E-01  3.12871E-05  4.49613E-01 
2.50999E+01 4.54997E-01  3.16183E-05  4.54604E-01 
2.51999E+01 4.59997E-01  3.18931E-05  4.59601E-01 
2.52999E+01 4.64997E-01  3.21587E-05  4.64640E-01 
2.53999E+01 4.69997E-01  3.24395E-05  4.69636E-01 
2.54999E+01 4.74997E-01  3.26975E-05  4.74645E-01 
2.55999E+01 4.79997E-01  3.28745E-05  4.79649E-01 
2.56999E+01 4.84997E-01  3.32203E-05  4.84655E-01 
2.57999E+01 4.89997E-01  3.34564E-05  4.89646E-01 
2.58999E+01 4.94997E-01  3.37170E-05  4.94675E-01 
2.59999E+01 4.99997E-01  3.39488E-05  4.99640E-01 
2.60999E+01 5.04997E-01  3.43305E-05  5.04676E-01 
2.61999E+01 5.09997E-01  3.46393E-05  5.09674E-01 
2.62999E+01 5.14997E-01  3.49284E-05  5.14658E-01 
2.63999E+01 5.19997E-01  3.52980E-05  5.19657E-01 
2.64999E+01 5.24997E-01  3.56643E-05  5.24648E-01 
2.65999E+01 5.29997E-01  3.60127E-05  5.29646E-01 
2.66999E+01 5.34997E-01  3.63546E-05  5.34673E-01 
2.67999E+01 5.39997E-01  3.67095E-05  5.39658E-01 
2.68999E+01 5.44997E-01  3.70826E-05  5.44658E-01 
2.69999E+01 5.49997E-01  3.74358E-05  5.49670E-01 
2.70999E+01 5.54997E-01  3.77753E-05  5.54691E-01 
2.71999E+01 5.59997E-01  3.81001E-05  5.59667E-01 
2.72999E+01 5.64997E-01  3.84357E-05  5.64669E-01 
2.73999E+01 5.69997E-01  3.87547E-05  5.69670E-01 
2.74999E+01 5.74997E-01  3.90899E-05  5.74682E-01 
2.75999E+01 5.79997E-01  3.93914E-05  5.79641E-01 
2.76999E+01 5.84997E-01  3.97170E-05  5.84649E-01 
2.77999E+01 5.89997E-01  4.00004E-05  5.89673E-01 
2.78999E+01 5.94997E-01  4.03280E-05  5.94698E-01 
2.79999E+01 5.99996E-01  4.06813E-05  5.99678E-01 
2.80999E+01 6.04996E-01  4.10367E-05  6.04660E-01 
2.81999E+01 6.09996E-01  4.13845E-05  6.09676E-01 
2.82999E+01 6.14996E-01  4.17320E-05  6.14694E-01 
2.83999E+01 6.19996E-01  4.20790E-05  6.19677E-01 
2.84999E+01 6.24996E-01  4.24268E-05  6.24687E-01 
2.85999E+01 6.29996E-01  4.27811E-05  6.29711E-01 
2.86999E+01 6.34996E-01  4.31321E-05  6.34730E-01 
2.87999E+01 6.39996E-01  4.34737E-05  6.39730E-01 
2.88999E+01 6.44996E-01  4.38328E-05  6.44735E-01 
2.89999E+01 6.49996E-01  4.41455E-05  6.49717E-01 
2.90999E+01 6.54996E-01  4.44695E-05  6.54725E-01 
2.91999E+01 6.59996E-01  4.47938E-05  6.59743E-01 
2.92999E+01 6.64996E-01  4.51042E-05  6.64741E-01 
2.93999E+01 6.69996E-01  4.54056E-05  6.69741E-01 
2.94999E+01 6.74996E-01  4.56944E-05  6.74751E-01 
2.95999E+01 6.79996E-01  4.59843E-05  6.79753E-01 
2.96999E+01 6.84996E-01  4.62786E-05  6.84754E-01 
2.97999E+01 6.89996E-01  4.65487E-05  6.89724E-01 
2.98999E+01 6.94996E-01  4.68338E-05  6.94766E-01 
2.99999E+01 6.99996E-01  4.71012E-05  6.99777E-01 
3.00999E+01 7.04996E-01  4.73664E-05  7.04764E-01 
3.01999E+01 7.09996E-01  4.76276E-05  7.09765E-01 
3.02999E+01 7.14996E-01  4.78787E-05  7.14757E-01 
3.03999E+01 7.19996E-01  4.81220E-05  7.19777E-01 
3.04999E+01 7.24996E-01  4.83465E-05  7.24759E-01 
3.05999E+01 7.29996E-01  4.85935E-05  7.29753E-01 
3.06999E+01 7.34996E-01  4.88133E-05  7.34779E-01 
3.07999E+01 7.39996E-01  4.90355E-05  7.39773E-01 
3.08999E+01 7.44996E-01  4.92498E-05  7.44794E-01 
3.09999E+01 7.49996E-01  4.94634E-05  7.49788E-01 
3.10999E+01 7.54996E-01  4.96672E-05  7.54793E-01 
3.11999E+01 7.59996E-01  4.98586E-05  7.59814E-01 
3.12999E+01 7.64996E-01  5.00470E-05  7.64781E-01 
3.13999E+01 7.69996E-01  5.02305E-05  7.69787E-01 
3.14999E+01 7.74996E-01  5.04127E-05  7.74795E-01 
3.15999E+01 7.79996E-01  5.05924E-05  7.79823E-01 
3.16999E+01 7.84996E-01  5.07659E-05  7.84834E-01 
3.17999E+01 7.89996E-01  5.09446E-05  7.89824E-01 
3.18999E+01 7.94996E-01  5.11087E-05  7.94826E-01 
3.19999E+01 7.99996E-01  5.12730E-05  7.99841E-01 
3.20999E+01 8.04996E-01  5.14337E-05  8.04820E-01 
3.21999E+01 8.09996E-01  5.15846E-05  8.09844E-01 
3.22999E+01 8.14996E-01  5.17385E-05  8.14837E-01 
3.23999E+01 8.19996E-01  5.18969E-05  8.19830E-01 
3.24999E+01 8.24996E-01  5.20443E-05  8.24832E-01 
3.25999E+01 8.29996E-01  5.21829E-05  8.29841E-01 
3.26999E+01 8.34996E-01  5.23277E-05  8.34844E-01 
3.27999E+01 8.39996E-01  5.24657E-05  8.39842E-01 
3.28999E+01 8.44996E-01  5.26237E-05  8.44836E-01 
3.29999E+01 8.49996E-01  5.27689E-05  8.49823E-01 
3.30999E+01 8.54996E-01  5.29078E-05  8.54840E-01 
3.31999E+01 8.59996E-01  5.30524E-05  8.59854E-01 
3.32999E+01 8.64996E-01  5.31960E-05  8.64851E-01 
3.33999E+01 8.69996E-01  5.33300E-05  8.69847E-01 
3.34999E+01 8.74996E-01  5.34695E-05  8.74873E-01 
3.35999E+01 8.79996E-01  5.36204E-05  8.79879E-01 
3.36999E+01 8.84996E-01  5.37489E-05  8.84853E-01 
3.37999E+01 8.89996E-01  5.38873E-05  8.89868E-01 
3.38999E+01 8.94996E-01  5.40202E-05  8.94884E-01 
3.39999E+01 8.99996E-01  5.41511E-05  8.99892E-01 
3.40999E+01 9.04996E-01  5.42925E-05  9.04875E-01 
3.41999E+01 9.09996E-01  5.44028E-05  9.09861E-01 
3.42999E+01 9.14996E-01  5.45393E-05  9.14877E-01 
3.43999E+01 9.19996E-01  5.46757E-05  9.19898E-01 
3.44999E+01 9.24996E-01  5.47904E-05  9.24878E-01 
3.45999E+01 9.29996E-01  5.49137E-05  9.29879E-01 
3.46999E+01 9.34996E-01  5.50318E-05  9.34890E-01 
3.47999E+01 9.39996E-01  5.51461E-05  9.39917E-01 
3.48999E+01 9.44996E-01  5.52627E-05  9.44912E-01 
3.49999E+01 9.49996E-01  5.53933E-05  9.49909E-01 
3.50999E+01 9.54996E-01  5.55059E-05  9.54905E-01 
3.51999E+01 9.59996E-01  5.56217E-05  9.59906E-01 
3.52999E+01 9.64996E-01  5.57441E-05  9.64927E-01 
3.53999E+01 9.69996E-01  5.58715E-05  9.69911E-01 
3.54999E+01 9.74996E-01  5.59912E-05  9.74933E-01 
3.55999E+01 9.79996E-01  5.61026E-05  9.79932E-01 
3.56999E+01 9.84996E-01  5.62215E-05  9.84936E-01 
3.57999E+01 9.89996E-01  5.63379E-05  9.89949E-01 
3.58999E+01 9.94996E-01  5.64552E-05  9.94923E-01 
3.59999E+01 9.99995E-01  5.65798E-05  9.99940E-01 
3.60999E+01 1.00500E+00  5.67116E-05  1.00494E+00 
3.61999E+01 1.01000E+00  5.68357E-05  1.00993E+00 
3.62999E+01 1.01500E+00  5.69627E-05  1.01494E+00 
3.63999E+01 1.02000E+00  5.70863E-05  1.01991E+00 
3.64999E+01 1.02500E+00  5.72149E-05  1.02492E+00 
3.65999E+01 1.03000E+00  5.73510E-05  1.02993E+00 
3.66999E+01 1.03500E+00  5.74863E-05  1.03492E+00 
3.67999E+01 1.04000E+00  5.76207E-05  1.03992E+00 
3.68999E+01 1.04500E+00  5.77511E-05  1.04494E+00 
3.69999E+01 1.05000E+00  5.78927E-05  1.04995E+00 
3.70999E+01 1.05500E+00  5.80406E-05  1.05494E+00 
3.71999E+01 1.06000E+00  5.81731E-05  1.05996E+00 
3.72999E+01 1.06500E+00  5.83257E-05  1.06493E+00 
3.73999E+01 1.07000E+00  5.84874E-05  1.06996E+00 
3.74999E+01 1.07500E+00  5.86403E-05  1.07494E+00 
3.75999E+01 1.08000E+00  5.88005E-05  1.07995E+00 
3.76999E+01 1.08500E+00  5.89717E-05  1.08495E+00 
3.77999E+01 1.09000E+00  5.91514E-05  1.08995E+00 
3.78999E+01 1.09500E+00  5.93409E-05  1.09497E+00 
3.79999E+01 1.10000E+00  5.95288E-05  1.09996E+00 
3.80999E+01 1.10500E+00  5.97292E-05  1.10496E+00 
3.81999E+01 1.11000E+00  5.99246E-05  1.10997E+00 
3.82999E+01 1.11500E+00  6.01512E-05  1.11498E+00 
3.83999E+01 1.12000E+00  6.03600E-05  1.12001E+00 
3.84999E+01 1.12500E+00  6.05907E-05  1.12502E+00 
3.85999E+01 1.13000E+00  6.08188E-05  1.13002E+00 
3.86999E+01 1.13500E+00  6.10684E-05  1.13502E+00 
3.87999E+01 1.14000E+00  6.13097E-05  1.14003E+00 
3.88999E+01 1.14500E+00  6.15657E-05  1.14504E+00 
3.89999E+01 1.15000E+00  6.18276E-05  1.15004E+00 
3.90999E+01 1.15500E+00  6.21170E-05  1.15502E+00 
3.91999E+01 1.16000E+00  6.24003E-05  1.16001E+00 
3.92999E+01 1.16500E+00  6.27102E-05  1.16505E+00 
3.93999E+01 1.17000E+00  6.30215E-05  1.17005E+00 
3.94999E+01 1.17500E+00  6.33509E-05  1.17504E+00 
3.95999E+01 1.18000E+00  6.36908E-05  1.18004E+00 
3.96999E+01 1.18500E+00  6.40507E-05  1.18503E+00 
3.97999E+01 1.19000E+00  6.44046E-05  1.19004E+00 
3.98999E+01 1.19500E+00  6.47942E-05  1.19506E+00 
3.99999E+01 1.19999E+00  6.51897E-05  1.20005E+00 
4.00999E+01 1.20499E+00  6.56169E-05  1.20505E+00 
4.01999E+01 1.20999E+00  6.60462E-05  1.21007E+00 
4.02999E+01 1.21499E+00  6.64829E-05  1.21506E+00 
4.03999E+01 1.21999E+00  6.69368E-05  1.22005E+00 
4.04999E+01 1.22499E+00  6.73969E-05  1.22507E+00 
4.05999E+01 1.22999E+00  6.79019E-05  1.23009E+00 
4.06999E+01 1.23499E+00  6.84218E-05  1.23508E+00 
4.07999E+01 1.23999E+00  6.89587E-05  1.24005E+00 
4.08999E+01 1.24499E+00  6.95066E-05  1.24506E+00 
4.09999E+01 1.24999E+00  7.00327E-05  1.25006E+00 
4.10999E+01 1.25499E+00  7.05998E-05  1.25506E+00 
4.11999E+01 1.25999E+00  7.11951E-05  1.26006E+00 
4.12999E+01 1.26499E+00  7.17579E-05  1.26505E+00 
4.13999E+01 1.26999E+00  7.23673E-05  1.27009E+00 
4.14999E+01 1.27499E+00  7.29886E-05  1.27508E+00 
4.15999E+01 1.27999E+00  7.36394E-05  1.28009E+00 
4.16999E+01 1.28499E+00  7.42893E-05  1.28506E+00 
4.17999E+01 1.28999E+00  7.49291E-05  1.29006E+00 
4.18999E+01 1.29499E+00  7.56202E-05  1.29510E+00 
4.19999E+01 1.29999E+00  7.63071E-05  1.30011E+00 
4.20999E+01 1.30499E+00  7.70633E-05  1.30510E+00 
4.21999E+01 1.30999E+00  7.77764E-05  1.31009E+00 
4.22999E+01 1.31499E+00  7.85686E-05  1.31510E+00 
4.23999E+01 1.31999E+00  7.93180E-05  1.32009E+00 
4.24999E+01 1.32499E+00  8.00766E-05  1.32509E+00 
4.25999E+01 1.32999E+00  8.08993E-05  1.33012E+00 
4.26999E+01 1.33499E+00  8.17439E-05  1.33511E+00 
4.27999E+01 1.33999E+00  8.25589E-05  1.34012E+00 
4.28999E+01 1.34499E+00  8.34192E-05  1.34511E+00 
4.29999E+01 1.34999E+00  8.42540E-05  1.35010E+00 
4.30999E+01 1.35499E+00  8.51480E-05  1.35512E+00 
4.31999E+01 1.35999E+00  8.60634E-05  1.36013E+00 
4.32999E+01 1.36499E+00  8.69800E-05  1.36511E+00 
4.33999E+01 1.36999E+00  8.79048E-05  1.37011E+00 
4.34999E+01 1.37499E+00  8.88664E-05  1.37511E+00 
4.35999E+01 1.37999E+00  8.97237E-05  1.38013E+00 
4.36999E+01 1.38499E+00  9.07443E-05  1.38514E+00 
4.37999E+01 1.38999E+00  9.18045E-05  1.39011E+00 
4.38999E+01 1.39499E+00  9.28366E-05  1.39512E+00 
4.39999E+01 1.39999E+00  9.38643E-05  1.40015E+00 
4.40999E+01 1.40499E+00  9.48761E-05  1.40514E+00 
4.41999E+01 1.40999E+00  9.59321E-05  1.41013E+00 
4.42999E+01 1.41499E+00  9.70862E-05  1.41514E+00 
4.43999E+01 1.41999E+00  9.82042E-05  1.42013E+00 
4.44999E+01 1.42499E+00  9.93334E-05  1.42515E+00 
4.45999E+01 1.42999E+00  1.00522E-04  1.43014E+00 
4.46999E+01 1.43499E+00  1.01659E-04  1.43515E+00 
4.47999E+01 1.43999E+00  1.02829E-04  1.44017E+00 
4.48999E+01 1.44499E+00  1.03976E-04  1.44518E+00 
4.49999E+01 1.44999E+00  1.05236E-04  1.45019E+00 
4.50999E+01 1.45499E+00  1.06520E-04  1.45519E+00 
4.51999E+01 1.45999E+00  1.07829E-04  1.46020E+00 
4.52999E+01 1.46499E+00  1.09193E-04  1.46518E+00 
4.53999E+01 1.46999E+00  1.10485E-04  1.47020E+00 
4.54999E+01 1.47499E+00  1.11805E-04  1.47521E+00 
4.55999E+01 1.47999E+00  1.13163E-04  1.48021E+00 
4.56999E+01 1.48499E+00  1.14588E-04  1.48519E+00 
4.57999E+01 1.48999E+00  1.16059E-04  1.49021E+00 
4.58999E+01 1.49499E+00  1.17501E-04  1.49521E+00 
4.59999E+01 1.49999E+00  1.19011E-04  1.50022E+00 
4.60999E+01 1.50499E+00  1.20521E-04  1.50521E+00 
4.61999E+01 1.50999E+00  1.22076E-04  1.51023E+00 
4.62999E+01 1.51499E+00  1.23709E-04  1.51523E+00 
4.63999E+01 1.51999E+00  1.25368E-04  1.52021E+00 
4.64999E+01 1.52499E+00  1.27107E-04  1.52522E+00 
4.65999E+01 1.52999E+00  1.28848E-04  1.53023E+00 
4.66999E+01 1.53499E+00  1.30663E-04  1.53524E+00 
4.67999E+01 1.53999E+00  1.32383E-04  1.54022E+00 
4.68999E+01 1.54499E+00  1.34281E-04  1.54523E+00 
4.69999E+01 1.54999E+00  1.36192E-04  1.55022E+00 
4.70999E+01 1.55499E+00  1.38231E-04  1.55525E+00 
4.71999E+01 1.55999E+00  1.40310E-04  1.56022E+00 
4.72999E+01 1.56499E+00  1.42356E-04  1.56524E+00 
4.73999E+01 1.56999E+00  1.44618E-04  1.57023E+00 
4.74999E+01 1.57499E+00  1.46772E-04  1.57524E+00 
4.75999E+01 1.57999E+00  1.49055E-04  1.58023E+00 
4.76999E+01 1.58499E+00  1.51396E-04  1.58527E+00 
4.77999E+01 1.58999E+00  1.53794E-04  1.59023E+00 
4.78999E+01 1.59499E+00  1.56248E-04  1.59527E+00 
4.79999E+01 1.59999E+00  1.58791E-04  1.60025E+00 
4.80999E+01 1.60499E+00  1.61430E-04  1.60528E+00 
4.81999E+01 1.60999E+00  1.64121E-04  1.61027E+00 
4.82999E+01 1.61499E+00  1.66878E-04  1.61529E+00 
4.83999E+01 1.61999E+00  1.69656E-04  1.62028E+00 
4.84999E+01 1.62499E+00  1.72456E-04  1.62529E+00 
4.85999E+01 1.62999E+00  1.75350E-04  1.63029E+00 
4.86999E+01 1.63499E+00  1.78232E-04  1.63530E+00 
4.87999E+01 1.63999E+00  1.81156E-04  1.64030E+00 
4.88999E+01 1.64499E+00  1.84146E-04  1.64531E+00 
4.89999E+01 1.64999E+00  1.87170E-04  1.65031E+00 
4.90999E+01 1.65499E+00  1.90271E-04  1.65530E+00 
4.91999E+01 1.65999E+00  1.93408E-04  1.66029E+00 
4.92999E+01 1.66499E+00  1.96439E-04  1.66530E+00 
4.93999E+01 1.66999E+00  1.99514E-04  1.67030E+00 
4.94999E+01 1.67499E+00  2.02707E-04  1.67530E+00 
4.95999E+01 1.67999E+00  2.05915E-04  1.68028E+00 
4.96999E+01 1.68499E+00  2.09062E-04  1.68532E+00 
4.97999E+01 1.68999E+00  2.12553E-04  1.69031E+00 
4.98999E+01 1.69499E+00  2.16565E-04  1.69531E+00 
4.99999E+01 1.69999E+00  2.20130E-04  1.70030E+00 
5.00999E+01 1.70499E+00  2.23686E-04  1.70531E+00 
5.01999E+01 1.70999E+00  2.27275E-04  1.71031E+00 
5.02999E+01 1.71499E+00  2.30894E-04  1.71531E+00 
5.03999E+01 1.71999E+00  2.34551E-04  1.72029E+00 
5.04999E+01 1.72499E+00  2.38236E-04  1.72529E+00 
5.05999E+01 1.72999E+00  2.41986E-04  1.73032E+00 
5.06999E+01 1.73499E+00  2.45724E-04  1.73531E+00 
5.07999E+01 1.73999E+00  2.49497E-04  1.74031E+00 
5.08999E+01 1.74499E+00  2.53185E-04  1.74535E+00 
5.09999E+01 1.74999E+00  2.56898E-04  1.75034E+00 
5.10999E+01 1.75499E+00  2.60587E-04  1.75534E+00 
5.11999E+01 1.75999E+00  2.64356E-04  1.76037E+00 
5.12999E+01 1.76499E+00  2.68106E-04  1.76537E+00 
5.13999E+01 1.76999E+00  2.71645E-04  1.77038E+00 
5.14999E+01 1.77499E+00  2.75205E-04  1.77537E+00 
5.15999E+01 1.77999E+00  2.78740E-04  1.78037E+00 
5.16999E+01 1.78499E+00  2.82247E-04  1.78540E+00 
5.17999E+01 1.78999E+00  2.85719E-04  1.79039E+00 
5.18999E+01 1.79499E+00  2.89191E-04  1.79538E+00 
5.19999E+01 1.79999E+00  2.92634E-04  1.80038E+00 
5.20999E+01 1.79499E+00  2.86485E-04  1.79537E+00 
5.21999E+01 1.78999E+00  2.80479E-04  1.79040E+00 
5.22999E+01 1.78499E+00  2.74658E-04  1.78540E+00 
5.23999E+01 1.77999E+00  2.68964E-04  1.78038E+00 
5.24999E+01 1.77499E+00  2.63588E-04  1.77536E+00 
5.25999E+01 1.76999E+00  2.58142E-04  1.77036E+00 
5.26999E+01 1.76499E+00  2.52764E-04  1.76539E+00 
5.27999E+01 1.75999E+00  2.47653E-04  1.76037E+00 
5.28999E+01 1.75499E+00  2.42498E-04  1.75536E+00 
5.29999E+01 1.74999E+00  2.37408E-04  1.75036E+00 
5.30999E+01 1.74499E+00  2.32324E-04  1.74535E+00 
5.31999E+01 1.73999E+00  2.27280E-04  1.74033E+00 
5.32999E+01 1.73499E+00  2.22447E-04  1.73531E+00 
5.33999E+01 1.72999E+00  2.17646E-04  1.73031E+00 
5.34999E+01 1.72499E+00  2.12940E-04  1.72531E+00 
5.35999E+01 1.71999E+00  2.08325E-04  1.72031E+00 
5.36999E+01 1.71499E+00  2.03768E-04  1.71532E+00 
5.37999E+01 1.70999E+00  1.99261E-04  1.71032E+00 
5.38999E+01 1.70499E+00  1.94863E-04  1.70532E+00 
5.39999E+01 1.69999E+00  1.90500E-04  1.70029E+00 
5.40999E+01 1.69499E+00  1.86175E-04  1.69531E+00 
5.41999E+01 1.68999E+00  1.82040E-04  1.69033E+00 
5.42999E+01 1.68499E+00  1.77944E-04  1.68531E+00 
5.43999E+01 1.67999E+00  1.73820E-04  1.68030E+00 
5.44999E+01 1.67499E+00  1.69880E-04  1.67533E+00 
5.45999E+01 1.66999E+00  1.66022E-04  1.67031E+00 
5.46999E+01 1.66499E+00  1.62185E-04  1.66529E+00 
5.47999E+01 1.65999E+00  1.58381E-04  1.66030E+00 
5.48999E+01 1.65499E+00  1.54638E-04  1.65529E+00 
5.49999E+01 1.64999E+00  1.50895E-04  1.65030E+00 
5.50999E+01 1.64499E+00  1.47255E-04  1.64528E+00 
5.51999E+01 1.63999E+00  1.43507E-04  1.64027E+00 
5.52999E+01 1.63499E+00  1.39833E-04  1.63528E+00 
5.53999E+01 1.62999E+00  1.36381E-04  1.63029E+00 
5.54999E+01 1.62499E+00  1.32888E-04  1.62530E+00 
5.55999E+01 1.61999E+00  1.29554E-04  1.62027E+00 
5.56999E+01 1.61499E+00  1.26281E-04  1.61526E+00 
5.57999E+01 1.60999E+00  1.23096E-04  1.61027E+00 
5.58999E+01 1.60499E+00  1.19916E-04  1.60528E+00 
5.59999E+01 1.59999E+00  1.16854E-04  1.60026E+00 
5.60999E+01 1.59499E+00  1.13647E-04  1.59528E+00 
5.61999E+01 1.58999E+00  1.10639E-04  1.59024E+00 
5.62999E+01 1.58499E+00  1.07809E-04  1.58526E+00 
5.63999E+01 1.57999E+00  1.05092E-04  1.58024E+00 
5.64999E+01 1.57499E+00  1.02223E-04  1.57525E+00 
5.65999E+01 1.56999E+00  9.95800E-05  1.57024E+00 
5.66999E+01 1.56499E+00  9.68872E-05  1.56522E+00 
5.67999E+01 1.55999E+00  9.41408E-05  1.56023E+00 
5.68999E+01 1.55499E+00  9.15909E-05  1.55525E+00 
5.69999E+01 1.54999E+00  8.90888E-05  1.55024E+00 
5.70999E+01 1.54499E+00  8.65779E-05  1.54521E+00 
5.71999E+01 1.53999E+00  8.42102E-05  1.54024E+00 
5.72999E+01 1.53499E+00  8.18975E-05  1.53525E+00 
5.73999E+01 1.52999E+00  7.94566E-05  1.53022E+00 
5.74999E+01 1.52499E+00  7.72668E-05  1.52521E+00 
5.75999E+01 1.51999E+00  7.51520E-05  1.52023E+00 
5.76999E+01 1.51499E+00  7.30025E-05  1.51524E+00 
5.77999E+01 1.50999E+00  7.09643E-05  1.51022E+00 
5.78999E+01 1.50499E+00  6.90044E-05  1.50522E+00 
5.79999E+01 1.49999E+00  6.68783E-05  1.50022E+00 
5.80999E+01 1.49499E+00  6.49991E-05  1.49522E+00 
5.81999E+01 1.48999E+00  6.32434E-05  1.49021E+00 
5.82999E+01 1.48499E+00  6.15731E-05  1.48520E+00 
5.83999E+01 1.47999E+00  5.99142E-05  1.48023E+00 
5.84999E+01 1.47499E+00  5.84168E-05  1.47522E+00 
5.85999E+01 1.46999E+00  5.70093E-05  1.47020E+00 
5.86999E+01 1.46499E+00  5.53473E-05  1.46519E+00 
5.87999E+01 1.45999E+00  5.36297E-05  1.46019E+00 
5.88999E+01 1.45499E+00  5.20516E-05  1.45521E+00 
5.89999E+01 1.44999E+00  5.05846E-05  1.45019E+00 
5.90999E+01 1.44499E+00  4.91327E-05  1.44517E+00 
5.91999E+01 1.43999E+00  4.77412E-05  1.44018E+00 
5.92999E+01 1.43499E+00  4.64294E-05  1.43517E+00 
5.93999E+01 1.42999E+00  4.52301E-05  1.43017E+00 
5.94999E+01 1.42499E+00  4.40370E-05  1.42518E+00 
5.95999E+01 1.41999E+00  4.29069E-05  1.42014E+00 
5.96999E+01 1.41499E+00  4.18415E-05  1.41514E+00 
5.97999E+01 1.40999E+00  4.07206E-05  1.41014E+00 
5.98999E+01 1.40499E+00  3.97704E-05  1.40515E+00 
5.99998E+01 1.39999E+00  3.88349E-05  1.40016E+00 
6.00998E+01 1.39499E+00  3.79244E-05  1.39516E+00 
6.01998E+01 1.38999E+00  3.65752E-05  1.39013E+00 
6.02998E+01 1.38499E+00  3.57710E-05  1.38513E+00 
6.03998E+01 1.37999E+00  3.49703E-05  1.38014E+00 
6.04998E+01 1.37499E+00  3.41427E-05  1.37513E+00 
6.05998E+01 1.36999E+00  3.33955E-05  1.37011E+00 
6.06998E+01 1.36499E+00  3.26806E-05  1.36511E+00 
6.07998E+01 1.35999E+00  3.19733E-05  1.36012E+00 
6.08998E+01 1.35499E+00  3.12570E-05  1.35513E+00 
6.09998E+01 1.34999E+00  3.06109E-05  1.35012E+00 
6.10998E+01 1.34499E+00  3.00264E-05  1.34511E+00 
6.11998E+01 1.33999E+00  2.94387E-05  1.34012E+00 
6.12998E+01 1.33499E+00  2.88679E-05  1.33511E+00 
6.13998E+01 1.32999E+00  2.83292E-05  1.33008E+00 
6.14998E+01 1.32499E+00  2.78096E-05  1.32509E+00 
6.15998E+01 1.31999E+00  2.73327E-05  1.32009E+00 
6.16998E+01 1.31499E+00  2.68474E-05  1.31510E+00 
6.17998E+01 1.30999E+00  2.63915E-05  1.31009E+00 
6.18998E+01 1.30499E+00  2.59663E-05  1.30507E+00 
6.19998E+01 1.29999E+00  2.55624E-05  1.30008E+00 
6.20998E+01 1.29499E+00  2.51471E-05  1.29510E+00 
6.21998E+01 1.28999E+00  2.47415E-05  1.29008E+00 
6.22998E+01 1.28499E+00  2.43607E-05  1.28508E+00 
6.23998E+01 1.27999E+00  2.39844E-05  1.28008E+00 
6.24998E+01 1.27499E+00  2.36104E-05  1.27510E+00 
6.25998E+01 1.26999E+00  2.32979E-05  1.27006E+00 
6.26998E+01 1.26499E+00  2.29914E-05  1.26507E+00 
6.27998E+01 1.25999E+00  2.26871E-05  1.26008E+00 
6.28998E+01 1.25499E+00  2.23841E-05  1.25511E+00 
6.29998E+01 1.24999E+00  2.20907E-05  1.25009E+00 
6.30998E+01 1.24499E+00  2.18105E-05  1.24507E+00 
6.31998E+01 1.23999E+00  2.15421E-05  1.24008E+00 
6.32998E+01 1.23499E+00  2.12754E-05  1.23508E+00 
6.33998E+01 1.22999E+00  2.10175E-05  1.23007E+00 
6.34998E+01 1.22499E+00  2.07636E-05  1.22508E+00 
6.35998E+01 1.21999E+00  2.05198E-05  1.22005E+00 
6.36998E+01 1.21499E+00  2.02853E-05  1.21506E+00 
6.37998E+01 1.20999E+00  2.00669E-05  1.21007E+00 
6.38998E+01 1.20499E+00  1.98270E-05  1.20503E+00 
6.39998E+01 1.19999E+00  1.96144E-05  1.20003E+00 
6.40998E+01 1.19500E+00  1.93944E-05  1.19506E+00 
6.41998E+01 1.19000E+00  1.91861E-05  1.19005E+00 
6.42998E+01 1.18500E+00  1.89802E-05  1.18503E+00 
6.43998E+01 1.18000E+00  1.87744E-05  1.18003E+00 
6.44998E+01 1.17500E+00  1.85858E-05  1.17505E+00 
6.45998E+01 1.17000E+00  1.83842E-05  1.17003E+00 
6.46998E+01 1.16500E+00  1.81782E-05  1.16504E+00 
6.47998E+01 1.16000E+00  1.79908E-05  1.16003E+00 
6.48998E+01 1.15500E+00  1.78006E-05  1.15504E+00 
6.49998E+01 1.15000E+00  1.76145E-05  1.15004E+00 
6.50998E+01 1.14500E+00  1.74241E-05  1.14504E+00 
6.51998E+01 1.14000E+00  1.72503E-05  1.14001E+00 
6.52998E+01 1.13500E+00  1.70727E-05  1.13503E+00 
6.53998E+01 1.13000E+00  1.68978E-05  1.13005E+00 
6.54998E+01 1.12500E+00  1.67195E-05  1.12504E+00 
6.55998E+01 1.12000E+00  1.65513E-05  1.12002E+00 
6.56998E+01 1.11500E+00  1.63798E-05  1.11502E+00 
6.57998E+01 1.11000E+00  1.62132E-05  1.11000E+00 
6.58998E+01 1.10500E+00  1.60493E-05  1.10500E+00 
6.59998E+01 1.10000E+00  1.58912E-05  1.09998E+00 
6.60998E+01 1.09500E+00  1.57176E-05  1.09498E+00 
6.61998E+01 1.09000E+00  1.55508E-05  1.08998E+00 
6.62998E+01 1.08500E+00  1.53879E-05  1.08495E+00 
6.63998E+01 1.08000E+00  1.52271E-05  1.07995E+00 
6.64998E+01 1.07500E+00  1.50673E-05  1.07498E+00 
6.65998E+01 1.07000E+00  1.49059E-05  1.06995E+00 
6.66998E+01 1.06500E+00  1.47488E-05  1.06494E+00 
6.67998E+01 1.06000E+00  1.45938E-05  1.05996E+00 
6.68998E+01 1.05500E+00  1.44332E-05  1.05496E+00 
6.69998E+01 1.05000E+00  1.42735E-05  1.04995E+00 
6.70998E+01 1.04500E+00  1.41176E-05  1.04494E+00 
6.71998E+01 1.04000E+00  1.39639E-05  1.03994E+00 
6.72998E+01 1.03500E+00  1.38117E-05  1.03495E+00 
6.73998E+01 1.03000E+00  1.36547E-05  1.02995E+00 
6.74998E+01 1.02500E+00  1.34986E-05  1.02495E+00 
6.75998E+01 1.02000E+00  1.33409E-05  1.01993E+00 
6.76998E+01 1.01500E+00  1.31894E-05  1.01495E+00 
6.77998E+01 1.01000E+00  1.30347E-05  1.00997E+00 
6.78998E+01 1.00500E+00  1.28815E-05  1.00496E+00 
6.79998E+01 9.99995E-01  1.27191E-05  9.99935E-01 
6.80998E+01 9.94996E-01  1.25764E-05  9.94941E-01 
6.81998E+01 9.89996E-01  1.24197E-05  9.89963E-01 
6.82998E+01 9.84996E-01  1.22707E-05  9.84956E-01 
6.83998E+01 9.79996E-01  1.21104E-05  9.79962E-01 
6.84998E+01 9.74996E-01  1.19545E-05  9.74954E-01 
6.85998E+01 9.69996E-01  1.18045E-05  9.69940E-01 
6.86998E+01 9.64996E-01  1.16582E-05  9.64938E-01 
6.87998E+01 9.59996E-01  1.15056E-05  9.59940E-01 
6.88998E+01 9.54996E-01  1.13486E-05  9.54956E-01 
6.89998E+01 9.49996E-01  1.11942E-05  9.49927E-01 
6.90998E+01 9.44996E-01  1.10416E-05  9.44929E-01 
6.91998E+01 9.39996E-01  1.08692E-05  9.39922E-01 
6.92998E+01 9.34996E-01  1.07351E-05  9.34900E-01 
6.93998E+01 9.29996E-01  1.05735E-05  9.29902E-01 
6.94998E+01 9.24996E-01  1.04192E-05  9.24892E-01 
6.95998E+01 9.19996E-01  1.02589E-05  9.19904E-01 
6.96998E+01 9.14996E-01  1.01037E-05  9.14900E-01 
6.97998E+01 9.09996E-01  9.94391E-06  9.09881E-01 
6.98998E+01 9.04996E-01  9.78734E-06  9.04899E-01 
6.99998E+01 8.99996E-01  9.62896E-06  8.99909E-01 
7.00998E+01 8.94996E-01  9.47017E-06  8.94894E-01 
7.01998E+01 8.89996E-01  9.31956E-06  8.89878E-01 
7.02998E+01 8.84996E-01  9.15395E-06  8.84887E-01 
7.03998E+01 8.79996E-01  8.99099E-06  8.79862E-01 
7.04998E+01 8.74996E-01  8.83583E-06  8.74875E-01 
7.05998E+01 8.69996E-01  8.67839E-06  8.69890E-01 
7.06998E+01 8.64996E-01  8.51453E-06  8.64869E-01 
7.07998E+01 8.59996E-01  8.33797E-06  8.59877E-01 
7.08998E+01 8.54996E-01  8.17871E-06  8.54877E-01 
7.09998E+01 8.49996E-01  8.02597E-06  8.49858E-01 
7.10998E+01 8.44996E-01  7.85941E-06  8.44866E-01 
7.11998E+01 8.39996E-01  7.70152E-06  8.39854E-01 
7.12998E+01 8.34996E-01  7.56888E-06  8.34882E-01 
7.13998E+01 8.29996E-01  7.36675E-06  8.29857E-01 
7.14998E+01 8.24996E-01  7.18715E-06  8.24850E-01 
7.15998E+01 8.19996E-01  7.00974E-06  8.19857E-01 
7.16998E+01 8.14996E-01  6.84756E-06  8.14869E-01 
7.17998E+01 8.09996E-01  6.68290E-06  8.09847E-01 
7.18998E+01 8.04996E-01  6.51019E-06  8.04836E-01 
7.19998E+01 7.99996E-01  6.34603E-06  7.99861E-01 
7.20998E+01 7.94996E-01  6.16360E-06  7.94845E-01 
7.21998E+01 7.89996E-01  6.00539E-06  7.89827E-01 
7.22998E+01 7.84996E-01  5.82898E-06  7.84837E-01 
7.23998E+01 7.79996E-01  5.63635E-06  7.79820E-01 
7.24998E+01 7.74996E-01  5.47516E-06  7.74802E-01 
7.25998E+01 7.69996E-01  5.29778E-06  7.69781E-01 
7.26998E+01 7.64996E-01  5.13207E-06  7.64805E-01 
7.27998E+01 7.59996E-01  4.96151E-06  7.59804E-01 
7.28998E+01 7.54996E-01  4.79345E-06  7.54786E-01 
7.29998E+01 7.49996E-01  4.64834E-06  7.49788E-01 
7.30998E+01 7.44996E-01  4.47471E-06  7.44810E-01 
7.31998E+01 7.39996E-01  4.25826E-06  7.39798E-01 
7.32998E+01 7.34996E-01  4.09842E-06  7.34776E-01 
7.33998E+01 7.29996E-01  3.95453E-06  7.29771E-01 
7.34998E+01 7.24996E-01  3.76203E-06  7.24756E-01 
7.35998E+01 7.19996E-01  3.57075E-06  7.19753E-01 
7.36998E+01 7.14996E-01  3.35705E-06  7.14776E-01 
7.37998E+01 7.09996E-01  3.19661E-06  7.09760E-01 
7.38998E+01 7.04996E-01  2.99736E-06  7.04774E-01 
7.39998E+01 6.99996E-01  2.81257E-06  6.99770E-01 
7.40998E+01 6.94996E-01  2.64058E-06  6.94778E-01 
7.41998E+01 6.89996E-01  2.45351E-06  6.89764E-01 
7.42998E+01 6.84996E-01  2.26916E-06  6.84764E-01 
7.43998E+01 6.79996E-01  2.08550E-06  6.79795E-01 
7.44998E+01 6.74996E-01  1.89637E-06  6.74776E-01 
7.45998E+01 6.69996E-01  1.70778E-06  6.69765E-01 
7.46998E+01 6.64996E-01  1.51673E-06  6.64755E-01 
7.47998E+01 6.59996E-01  1.33136E-06  6.59779E-01 
7.48998E+01 6.54996E-01  1.12611E-06  6.54751E-01 
7.49998E+01 6.49996E-01  9.42231E-07  6.49743E-01 
7.50998E+01 6.44996E-01  7.51986E-07  6.44737E-01 
7.51998E+01 6.39996E-01  5.58155E-07  6.39754E-01 
7.52998E+01 6.34996E-01  3.59278E-07  6.34731E-01 
7.53998E+01 6.29996E-01  1.71435E-07  6.29731E-01 
7.54998E+01 6.24996E-01  -3.56935E-08 6.24725E-01 
7.55998E+01 6.19996E-01  -2.29747E-07 6.19723E-01 
7.56998E+01 6.14996E-01  -4.36538E-07 6.14752E-01 
7.57998E+01 6.09996E-01  -6.52471E-07 6.09727E-01 
7.58998E+01 6.04996E-01  -8.51923E-07 6.04715E-01 
7.59998E+01 5.99996E-01  -1.06837E-06 5.99716E-01 
7.60998E+01 5.94997E-01  -1.27984E-06 5.94725E-01 
7.61998E+01 5.89997E-01  -1.50117E-06 5.89721E-01 
7.62998E+01 5.84997E-01  -1.71354E-06 5.84692E-01 
7.63998E+01 5.79997E-01  -1.94645E-06 5.79685E-01 
7.64998E+01 5.74997E-01  -2.18246E-06 5.74717E-01 
7.65998E+01 5.69997E-01  -2.40185E-06 5.69700E-01 
7.66998E+01 5.64997E-01  -2.63531E-06 5.64715E-01 
7.67998E+01 5.59997E-01  -2.87112E-06 5.59704E-01 
7.68998E+01 5.54997E-01  -3.11084E-06 5.54699E-01 
7.69998E+01 5.49997E-01  -3.35661E-06 5.49702E-01 
7.70998E+01 5.44997E-01  -3.61013E-06 5.44678E-01 
7.71998E+01 5.39997E-01  -3.86532E-06 5.39701E-01 
7.72998E+01 5.34997E-01  -4.12188E-06 5.34701E-01 
7.73998E+01 5.29997E-01  -4.38196E-06 5.29692E-01 
7.74998E+01 5.24997E-01  -4.64969E-06 5.24664E-01 
7.75998E+01 5.19997E-01  -4.92361E-06 5.19649E-01 
7.76998E+01 5.14997E-01  -5.20913E-06 5.14660E-01 
7.77998E+01 5.09997E-01  -5.48457E-06 5.09684E-01 
7.78998E+01 5.04997E-01  -5.78684E-06 5.04660E-01 
7.79998E+01 4.99997E-01  -6.06197E-06 4.99655E-01 
7.80998E+01 4.94997E-01  -6.37160E-06 4.94653E-01 
7.81998E+01 4.89997E-01  -6.67184E-06 4.89641E-01 
7.82998E+01 4.84997E-01  -6.98484E-06 4.84670E-01 
7.83998E+01 4.79997E-01  -7.30357E-06 4.79637E-01 
7.84998E+01 4.74997E-01  -7.63034E-06 4.74644E-01 
7.85998E+01 4.69997E-01  -7.96088E-06 4.69661E-01 
7.86998E+01 4.64997E-01  -8.30216E-06 4.64643E-01 
7.87998E+01 4.59997E-01  -8.63838E-06 4.59621E-01 
7.88998E+01 4.54997E-01  -8.98786E-06 4.54625E-01 
7.89998E+01 4.49997E-01  -9.34110E-06 4.49631E-01 
7.90998E+01 4.44997E-01  -9.70538E-06 4.44618E-01 
7.91998E+01 4.39997E-01  -1.00737E-05 4.39633E-01 
7.92998E+01 4.34997E-01  -1.04526E-05 4.34636E-01 
7.93998E+01 4.29997E-01  -1.08360E-05 4.29611E-01 
7.94998E+01 4.24997E-01  -1.12259E-05 4.24604E-01 
7.95998E+01 4.19997E-01  -1.16254E-05 4.19605E-01 
7.96998E+01 4.14997E-01  -1.20359E-05 4.14646E-01 
7.97998E+01 4.09997E-01  -1.24536E-05 4.09615E-01 
7.98998E+01 4.04997E-01  -1.28793E-05 4.04607E-01 
7.99998E+01 3.99997E-01  -1.32991E-05 3.99607E-01 
8.00998E+01 3.94997E-01  -1.37257E-05 3.94607E-01 
8.01998E+01 3.89997E-01  -1.41519E-05 3.89608E-01 
8.02998E+01 3.84997E-01  -1.45923E-05 3.84587E-01 
8.03998E+01 3.79997E-01  -1.50516E-05 3.79612E-01 
8.04998E+01 3.74997E-01  -1.55164E-05 3.74624E-01 
8.05998E+01 3.69997E-01  -1.59841E-05 3.69591E-01 
8.06998E+01 3.64997E-01  -1.64544E-05 3.64595E-01 
8.07998E+01 3.59997E-01  -1.69234E-05 3.59572E-01 
8.08998E+01 3.54997E-01  -1.74139E-05 3.54593E-01 
8.09998E+01 3.49997E-01  -1.79032E-05 3.49577E-01 
8.10998E+01 3.44997E-01  -1.83998E-05 3.44558E-01 
8.11998E+01 3.39997E-01  -1.89036E-05 3.39588E-01 
8.12998E+01 3.34997E-01  -1.94153E-05 3.34589E-01 
8.13998E+01 3.29997E-01  -1.99418E-05 3.29565E-01 
8.14998E+01 3.24997E-01  -2.04544E-05 3.24568E-01 
8.15998E+01 3.19997E-01  -2.09924E-05 3.19575E-01 
8.16998E+01 3.14997E-01  -2.15057E-05 3.14555E-01 
8.17998E+01 3.09997E-01  -2.20450E-05 3.09549E-01 
8.18998E+01 3.04997E-01  -2.25827E-05 3.04552E-01 
8.19998E+01 2.99997E-01  -2.31358E-05 2.99549E-01 
8.20998E+01 2.94997E-01  -2.36731E-05 2.94539E-01 
8.21998E+01 2.89997E-01  -2.42130E-05 2.89559E-01 
8.22998E+01 2.84997E-01  -2.47557E-05 2.84546E-01 
8.23998E+01 2.79997E-01  -2.53362E-05 2.79534E-01 
8.24998E+01 2.74997E-01  -2.59087E-05 2.74516E-01 
8.25998E+01 2.69997E-01  -2.64975E-05 2.69519E-01 
8.26998E+01 2.64997E-01  -2.70739E-05 2.64513E-01 
8.27998E+01 2.59997E-01  -2.76722E-05 2.59503E-01 
8.28998E+01 2.54997E-01  -2.82452E-05 2.54501E-01 
8.29998E+01 2.49997E-01  -2.88277E-05 2.49485E-01 
8.30998E+01 2.44997E-01  -2.94025E-05 2.44510E-01 
8.31998E+01 2.39997E-01  -3.00000E-05 2.39509E-01 
8.32998E+01 2.34997E-01  -3.05623E-05 2.34487E-01 
8.33998E+01 2.29997E-01  -3.11295E-05 2.29477E-01 
8.34998E+01 2.24997E-01  -3.17490E-05 2.24507E-01 
8.35998E+01 2.19997E-01  -3.23667E-05 2.19535E-01 
8.36998E+01 2.14997E-01  -3.29528E-05 2.14494E-01 
8.37998E+01 2.09997E-01  -3.35447E-05 2.09475E-01 
8.38998E+01 2.04997E-01  -3.41468E-05 2.04506E-01 
8.39998E+01 1.99997E-01  -3.47517E-05 1.99493E-01 
8.40998E+01 1.94998E-01  -3.53678E-05 1.94502E-01 
8.41998E+01 1.89998E-01  -3.59714E-05 1.89497E-01 
8.42998E+01 1.84998E-01  -3.65754E-05 1.84485E-01 
8.43998E+01 1.79998E-01  -3.72016E-05 1.79495E-01 
8.44998E+01 1.74998E-01  -3.78072E-05 1.74492E-01 
8.45998E+01 1.69998E-01  -3.84436E-05 1.69476E-01 
8.46998E+01 1.64998E-01  -3.90866E-05 1.64490E-01 
8.47998E+01 1.59998E-01  -3.97371E-05 1.59481E-01 
8.48998E+01 1.54998E-01  -4.03697E-05 1.54496E-01 
8.49998E+01 1.49998E-01  -4.10187E-05 1.49468E-01 
8.50998E+01 1.44998E-01  -4.16791E-05 1.44490E-01 
8.51998E+01 1.39998E-01  -4.23208E-05 1.39459E-01 
8.52998E+01 1.34998E-01  -4.30056E-05 1.34453E-01 
8.53998E+01 1.29998E-01  -4.37007E-05 1.29439E-01 
8.54998E+01 1.24998E-01  -4.44031E-05 1.24464E-01 
8.55998E+01 1.19998E-01  -4.50932E-05 1.19468E-01 
8.56998E+01 1.14998E-01  -4.58467E-05 1.14450E-01 
8.57998E+01 1.09998E-01  -4.65795E-05 1.09433E-01 
8.58998E+01 1.04998E-01  -4.73474E-05 1.04464E-01 
8.59998E+01 9.99977E-02  -4.81288E-05 9.94601E-02 
8.60998E+01 9.49978E-02  -4.89228E-05 9.44554E-02 
8.61998E+01 8.99978E-02  -4.97368E-05 8.94451E-02 
8.62998E+01 8.49978E-02  -5.05641E-05 8.44136E-02 
8.63998E+01 7.99978E-02  -5.14134E-05 7.94190E-02 
8.64998E+01 7.49978E-02  -5.22812E-05 7.44312E-02 
8.65998E+01 6.99978E-02  -5.31801E-05 6.93978E-02 
8.66998E+01 6.49978E-02  -5.40873E-05 6.44106E-02 
8.67998E+01 5.99978E-02  -5.50026E-05 5.94165E-02 
8.68998E+01 5.49979E-02  -5.59489E-05 5.43800E-02 
8.69998E+01 4.99979E-02  -5.69163E-05 4.94091E-02 
8.70998E+01 4.49979E-02  -5.78976E-05 4.43938E-02 
8.71998E+01 3.99979E-02  -5.89108E-05 3.94353E-02 
8.72998E+01 3.49979E-02  -5.99488E-05 3.44119E-02 
8.73998E+01 2.99979E-02  -6.10294E-05 2.94073E-02 
8.74998E+01 2.49979E-02  -6.21257E-05 2.44007E-02 
8.75998E+01 1.99979E-02  -6.32414E-05 1.94123E-02 
8.76998E+01 1.49980E-02  -6.43842E-05 1.44039E-02 
8.77998E+01 9.99797E-03  -6.55641E-05 9.40299E-03 
8.78998E+01 4.99799E-03  -6.67724E-05 4.38021E-03 
8.79998E+01 -2.00000E-06 -6.80355E-05 -5.93252E-04
8.80998E+01 -5.00199E-03 -6.92995E-05 -5.61665E-03
8.81998E+01 -1.00020E-02 -7.06041E-05 -1.06294E-02
8.82998E+01 -1.50020E-02 -7.19669E-05 -1.56510E-02
8.83998E+01 -2.00020E-02 -7.33504E-05 -2.06438E-02
8.84998E+01 -2.50019E-02 -7.47585E-05 -2.56222E-02
8.85998E+01 -3.00019E-02 -7.62260E-05 -3.06200E-02
8.86998E+01 -3.50019E-02 -7.76948E-05 -3.56415E-02
8.87998E+01 -4.00019E-02 -7.92286E-05 -4.06387E-02
8.88998E+01 -4.50019E-02 -8.08029E-05 -4.56265E-02
8.89998E+01 -5.00019E-02 -8.23441E-05 -5.06231E-02
8.90998E+01 -5.50019E-02 -8.39493E-05 -5.56302E-02
8.91998E+01 -6.00019E-02 -8.56125E-05 -6.06374E-02
8.92998E+01 -6.50018E-02 -8.72680E-05 -6.56308E-02
8.93998E+01 -7.00018E-02 -8.89842E-05 -7.06348E-02
8.94998E+01 -7.50018E-02 -9.07323E-05 -7.56308E-02
8.95998E+01 -8.00018E-02 -9.25057E-05 -8.06642E-02
8.96998E+01 -8.50018E-02 -9.43167E-05 -8.56420E-02
8.97998E+01 -9.00018E-02 -9.61772E-05 -9.06572E-02
8.98998E+01 -9.50018E-02 -9.80674E-05 -9.56582E-02
8.99998E+01 -1.00002E-01 -1.00041E-04 -1.00667E-01
9.00998E+01 -1.05002E-01 -1.02108E-04 -1.05669E-01
9.01998E+01 -1.10002E-01 -1.04324E-04 -1.10635E-01
9.02998E+01 -1.15002E-01 -1.06657E-04 -1.15651E-01
9.03998E+01 -1.20002E-01 -1.09137E-04 -1.20677E-01
9.04998E+01 -1.25002E-01 -1.11801E-04 -1.25662E-01
9.05998E+01 -1.30002E-01 -1.14622E-04 -1.30656E-01
9.06998E+01 -1.35002E-01 -1.17686E-04 -1.35663E-01
9.07998E+01 -1.40002E-01 -1.20975E-04 -1.40689E-01
9.08998E+01 -1.45002E-01 -1.24459E-04 -1.45682E-01
9.09998E+01 -1.50002E-01 -1.28139E-04 -1.50642E-01
9.10998E+01 -1.55002E-01 -1.31992E-04 -1.55687E-01
9.11998E+01 -1.60002E-01 -1.35946E-04 -1.60679E-01
9.12998E+01 -1.65002E-01 -1.39988E-04 -1.65702E-01
9.13998E+01 -1.70002E-01 -1.44157E-04 -1.70695E-01
9.14998E+01 -1.75002E-01 -1.48314E-04 -1.75690E-01
9.15998E+01 -1.80002E-01 -1.52484E-04 -1.80711E-01
9.16998E+01 -1.85002E-01 -1.56764E-04 -1.85715E-01
9.17998E+01 -1.90002E-01 -1.60876E-04 -1.90702E-01
9.18998E+01 -1.95002E-01 -1.65099E-04 -1.95720E-01
9.19998E+01 -2.00002E-01 -1.69201E-04 -2.00741E-01
9.20998E+01 -2.05001E-01 -1.73280E-04 -2.05712E-01
9.21998E+01 -2.10001E-01 -1.77160E-04 -2.10707E-01
9.22998E+01 -2.15001E-01 -1.80826E-04 -2.15703E-01
9.23998E+01 -2.20001E-01 -1.84311E-04 -2.20738E-01
9.24998E+01 -2.25001E-01 -1.87648E-04 -2.25718E-01
9.25998E+01 -2.30001E-01 -1.90697E-04 -2.30715E-01
9.26998E+01 -2.35001E-01 -1.93250E-04 -2.35731E-01
9.27998E+01 -2.40001E-01 -1.95116E-04 -2.40753E-01
9.28998E+01 -2.45001E-01 -1.96020E-04 -2.45745E-01
9.29998E+01 -2.50001E-01 -1.95546E-04 -2.50720E-01
9.30998E+01 -2.55001E-01 -1.93263E-04 -2.55748E-01
9.31998E+01 -2.60001E-01 -1.88554E-04 -2.60757E-01
9.32998E+01 -2.65001E-01 -1.79391E-04 -2.65753E-01
9.33998E+01 -2.70001E-01 -1.63055E-04 -2.70749E-01
9.34998E+01 -2.75001E-01 -1.42189E-04 -2.75766E-01
9.35998E+01 -2.80001E-01 -1.22962E-04 -2.80779E-01
9.36998E+01 -2.85001E-01 -1.08476E-04 -2.85762E-01
9.37998E+01 -2.90001E-01 -9.86701E-05 -2.90761E-01
9.38998E+01 -2.95001E-01 -9.17205E-05 -2.95769E-01
9.39998E+01 -3.00001E-01 -8.66140E-05 -3.00768E-01
9.40998E+01 -3.05001E-01 -8.25972E-05 -3.05758E-01
9.41998E+01 -3.10001E-01 -7.93328E-05 -3.10768E-01
9.42998E+01 -3.15001E-01 -7.65020E-05 -3.15758E-01
9.43998E+01 -3.20001E-01 -7.41453E-05 -3.20781E-01
9.44998E+01 -3.25001E-01 -7.19868E-05 -3.25798E-01
9.45998E+01 -3.30001E-01 -7.00929E-05 -3.30805E-01
9.46998E+01 -3.35001E-01 -6.83931E-05 -3.35808E-01
9.47998E+01 -3.40001E-01 -6.68666E-05 -3.40805E-01
9.48998E+01 -3.45001E-01 -6.54905E-05 -3.45801E-01
9.49998E+01 -3.50001E-01 -6.42118E-05 -3.50798E-01
9.50998E+01 -3.55001E-01 -6.30553E-05 -3.55810E-01
9.51998E+01 -3.60001E-01 -6.19953E-05 -3.60814E-01
9.52998E+01 -3.65001E-01 -6.09896E-05 -3.65793E-01
9.53998E+01 -3.70001E-01 -6.00740E-05 -3.70836E-01
9.54998E+01 -3.75001E-01 -5.92058E-05 -3.75831E-01
9.55998E+01 -3.80001E-01 -5.84081E-05 -3.80813E-01
9.56998E+01 -3.85001E-01 -5.76136E-05 -3.85803E-01
9.57998E+01 -3.90001E-01 -5.68455E-05 -3.90814E-01
9.58998E+01 -3.95001E-01 -5.61231E-05 -3.95810E-01
9.59998E+01 -4.00001E-01 -5.54606E-05 -4.00817E-01
9.60998E+01 -4.05001E-01 -5.48313E-05 -4.05810E-01
9.61998E+01 -4.10001E-01 -5.42313E-05 -4.10845E-01
9.62998E+01 -4.15001E-01 -5.36651E-05 -4.15833E-01
9.63998E+01 -4.20001E-01 -5.31233E-05 -4.20813E-01
9.64998E+01 -4.25001E-01 -5.25880E-05 -4.25794E-01
9.65998E+01 -4.30001E-01 -5.20886E-05 -4.30810E-01
9.66998E+01 -4.35001E-01 -5.16350E-05 -4.35804E-01
9.67998E+01 -4.40001E-01 -5.11800E-05 -4.40820E-01
9.68998E+01 -4.45001E-01 -5.07405E-05 -4.45823E-01
9.69998E+01 -4.50001E-01 -5.03259E-05 -4.50826E-01
9.70998E+01 -4.55001E-01 -4.99408E-05 -4.55831E-01
9.71998E+01 -4.60001E-01 -4.95581E-05 -4.60830E-01
9.72998E+01 -4.65001E-01 -4.92009E-05 -4.65812E-01
9.73998E+01 -4.70001E-01 -4.88571E-05 -4.70836E-01
9.74998E+01 -4.75001E-01 -4.85351E-05 -4.75855E-01
9.75998E+01 -4.80001E-01 -4.82201E-05 -4.80837E-01
9.76998E+01 -4.85001E-01 -4.79301E-05 -4.85857E-01
9.77998E+01 -4.90001E-01 -4.76396E-05 -4.90849E-01
9.78998E+01 -4.95001E-01 -4.73962E-05 -4.95857E-01
9.79998E+01 -5.00001E-01 -4.71393E-05 -5.00869E-01
9.80998E+01 -5.05001E-01 -4.69104E-05 -5.05883E-01
9.81998E+01 -5.10001E-01 -4.67082E-05 -5.10898E-01
9.82998E+01 -5.15001E-01 -4.65041E-05 -5.15873E-01
9.83998E+01 -5.20001E-01 -4.63163E-05 -5.20864E-01
9.84998E+01 -5.25001E-01 -4.61647E-05 -5.25880E-01
9.85998E+01 -5.30001E-01 -4.60170E-05 -5.30893E-01
9.86998E+01 -5.35001E-01 -4.58996E-05 -5.35897E-01
9.87998E+01 -5.40001E-01 -4.57992E-05 -5.40891E-01
9.88998E+01 -5.45001E-01 -4.57155E-05 -5.45878E-01
9.89998E+01 -5.50001E-01 -4.56502E-05 -5.50906E-01
9.90998E+01 -5.55001E-01 -4.56075E-05 -5.55904E-01
9.91998E+01 -5.60001E-01 -4.55727E-05 -5.60927E-01
9.92998E+01 -5.65001E-01 -4.55493E-05 -5.65915E-01
9.93998E+01 -5.70001E-01 -4.55496E-05 -5.70925E-01
9.94998E+01 -5.75001E-01 -4.55528E-05 -5.75931E-01
9.95998E+01 -5.80001E-01 -4.55783E-05 -5.80915E-01
9.96998E+01 -5.85001E-01 -4.56043E-05 -5.85925E-01
9.97998E+01 -5.90001E-01 -4.56458E-05 -5.90921E-01
9.98998E+01 -5.95001E-01 -4.57085E-05 -5.95933E-01
9.99997E+01 -6.00001E-01 -4.57711E-05 -6.00927E-01
1.00100E+02 -6.05000E-01 -4.58473E-05 -6.05927E-01
1.00200E+02 -6.10000E-01 -4.59278E-05 -6.10933E-01
1.00300E+02 -6.15000E-01 -4.59736E-05 -6.15954E-01
1.00400E+02 -6.20000E-01 -4.60825E-05 -6.20941E-01
1.00500E+02 -6.25000E-01 -4.62117E-05 -6.25924E-01
1.00600E+02 -6.30000E-01 -4.63365E-05 -6.30929E-01
1.00700E+02 -6.35000E-01 -4.64542E-05 -6.35951E-01
1.00800E+02 -6.40000E-01 -4.66209E-05 -6.40932E-01
1.00900E+02 -6.45000E-01 -4.67407E-05 -6.45937E-01
1.01000E+02 -6.50000E-01 -4.68547E-05 -6.50949E-01
1.01100E+02 -6.55000E-01 -4.69721E-05 -6.55967E-01
1.01200E+02 -6.60000E-01 -4.70848E-05 -6.60966E-01
1.01300E+02 -6.65000E-01 -4.71894E-05 -6.65956E-01
1.01400E+02 -6.70000E-01 -4.72978E-05 -6.70949E-01
1.01500E+02 -6.75000E-01 -4.74074E-05 -6.75980E-01
1.01600E+02 -6.80000E-01 -4.75112E-05 -6.80979E-01
1.01700E+02 -6.85000E-01 -4.76024E-05 -6.85994E-01
1.01800E+02 -6.90000E-01 -4.76954E-05 -6.90965E-01
1.01900E+02 -6.95000E-01 -4.77815E-05 -6.95968E-01
1.02000E+02 -7.00000E-01 -4.78662E-05 -7.00992E-01
1.02100E+02 -7.05000E-01 -4.79422E-05 -7.05983E-01
1.02200E+02 -7.10000E-01 -4.80089E-05 -7.10974E-01
1.02300E+02 -7.15000E-01 -4.80880E-05 -7.15983E-01
1.02400E+02 -7.20000E-01 -4.81651E-05 -7.20995E-01
1.02500E+02 -7.25000E-01 -4.82292E-05 -7.25994E-01
1.02600E+02 -7.30000E-01 -4.82889E-05 -7.30999E-01
1.02700E+02 -7.35000E-01 -4.83524E-05 -7.36021E-01
1.02800E+02 -7.40000E-01 -4.84450E-05 -7.41005E-01
1.02900E+02 -7.45000E-01 -4.84783E-05 -7.45991E-01
1.03000E+02 -7.50000E-01 -4.85719E-05 -7.51004E-01
1.03100E+02 -7.55000E-01 -4.86515E-05 -7.56016E-01
1.03200E+02 -7.60000E-01 -4.87246E-05 -7.61017E-01
1.03300E+02 -7.65000E-01 -4.88033E-05 -7.66001E-01
1.03400E+02 -7.70000E-01 -4.88897E-05 -7.70990E-01
1.03500E+02 -7.75000E-01 -4.89965E-05 -7.75997E-01
1.03600E+02 -7.80000E-01 -4.91009E-05 -7.81025E-01
1.03700E+02 -7.85000E-01 -4.92097E-05 -7.86049E-01
1.03800E+02 -7.90000E-01 -4.93161E-05 -7.90994E-01
1.03900E+02 -7.95000E-01 -4.94350E-05 -7.96023E-01
