time/s      E/V        I/A
0.00000E+00 -8.00000E-01 -8.61262E-05 -8.01000E-01
9.99997E-02 -7.95000E-01 -6.38548E-05 -7.96004E-01
1.99999E-01 -7.90000E-01 -5.38522E-05 -7.90988E-01
2.99999E-01 -7.85000E-01 -4.72062E-05 -7.85994E-01
3.99999E-01 -7.80000E-01 -4.70595E-05 -7.81005E-01
4.99999E-01 -7.75000E-01 -4.33086E-05 -7.75987E-01
5.99998E-01 -7.70000E-01 -4.02995E-05 -7.70980E-01
6.99998E-01 -7.65000E-01 -3.77981E-05 -7.65996E-01
7.99998E-01 -7.60000E-01 -3.56713E-05 -7.61015E-01
8.99998E-01 -7.55000E-01 -3.38268E-05 -7.55995E-01
9.99997E-01 -7.50000E-01 -3.26948E-05 -7.50995E-01
1.10000E+00 -7.45000E-01 -3.12615E-05 -7.45974E-01
1.20000E+00 -7.40000E-01 -2.99637E-05 -7.41007E-01
1.30000E+00 -7.35000E-01 -2.87945E-05 -7.35972E-01
1.40000E+00 -7.30000E-01 -2.77336E-05 -7.30957E-01
1.50000E+00 -7.25000E-01 -2.67575E-05 -7.25977E-01
1.60000E+00 -7.20000E-01 -2.58678E-05 -7.20999E-01
1.70000E+00 -7.15000E-01 -2.50636E-05 -7.15996E-01
1.80000E+00 -7.10000E-01 -2.42980E-05 -7.10977E-01
1.90000E+00 -7.05000E-01 -2.35844E-05 -7.06013E-01
1.99999E+00 -7.00000E-01 -2.28957E-05 -7.00994E-01
2.09999E+00 -6.95000E-01 -2.22625E-05 -6.95969E-01
2.19999E+00 -6.90000E-01 -2.16566E-05 -6.90951E-01
2.29999E+00 -6.85000E-01 -2.10864E-05 -6.85976E-01
2.39999E+00 -6.80000E-01 -2.05534E-05 -6.80962E-01
2.49999E+00 -6.75000E-01 -2.00466E-05 -6.75990E-01
2.59999E+00 -6.70000E-01 -1.95596E-05 -6.70961E-01
2.69999E+00 -6.65000E-01 -1.90919E-05 -6.65953E-01
2.79999E+00 -6.60000E-01 -1.86423E-05 -6.60972E-01
2.89999E+00 -6.55000E-01 -1.82185E-05 -6.55965E-01
2.99999E+00 -6.50000E-01 -1.78105E-05 -6.50959E-01
3.09999E+00 -6.45000E-01 -1.74265E-05 -6.45943E-01
3.19999E+00 -6.40000E-01 -1.70587E-05 -6.40933E-01
3.29999E+00 -6.35000E-01 -1.66930E-05 -6.35959E-01
3.39999E+00 -6.30000E-01 -1.63425E-05 -6.30946E-01
3.49999E+00 -6.25000E-01 -1.60111E-05 -6.25921E-01
3.59999E+00 -6.20000E-01 -1.56928E-05 -6.20931E-01
3.69999E+00 -6.15000E-01 -1.53787E-05 -6.15941E-01
3.79999E+00 -6.10000E-01 -1.50814E-05 -6.10931E-01
3.89999E+00 -6.05000E-01 -1.47967E-05 -6.05924E-01
3.99999E+00 -6.00001E-01 -1.45169E-05 -6.00918E-01
4.09999E+00 -5.95001E-01 -1.42393E-05 -5.95948E-01
4.19999E+00 -5.90001E-01 -1.39791E-05 -5.90923E-01
4.29999E+00 -5.85001E-01 -1.37251E-05 -5.85928E-01
4.39999E+00 -5.80001E-01 -1.34664E-05 -5.80910E-01
4.49999E+00 -5.75001E-01 -1.32327E-05 -5.75903E-01
4.59999E+00 -5.70001E-01 -1.29930E-05 -5.70904E-01
4.69999E+00 -5.65001E-01 -1.27665E-05 -5.65896E-01
4.79999E+00 -5.60001E-01 -1.25508E-05 -5.60890E-01
4.89999E+00 -5.55001E-01 -1.23123E-05 -5.55917E-01
4.99999E+00 -5.50001E-01 -1.20995E-05 -5.50890E-01
5.09999E+00 -5.45001E-01 -1.19217E-05 -5.45906E-01
5.19999E+00 -5.40001E-01 -1.17641E-05 -5.40867E-01
5.29999E+00 -5.35001E-01 -1.15236E-05 -5.35882E-01
5.39999E+00 -5.30001E-01 -1.13321E-05 -5.30905E-01
5.49999E+00 -5.25001E-01 -1.11527E-05 -5.25893E-01
5.59999E+00 -5.20001E-01 -1.09683E-05 -5.20901E-01
5.69999E+00 -5.15001E-01 -1.07868E-05 -5.15895E-01
5.79999E+00 -5.10001E-01 -1.06114E-05 -5.10904E-01
5.89999E+00 -5.05001E-01 -1.04417E-05 -5.05883E-01
5.99998E+00 -5.00001E-01 -1.02546E-05 -5.00874E-01
6.09998E+00 -4.95001E-01 -1.01416E-05 -4.95887E-01
6.19998E+00 -4.90001E-01 -9.93825E-06 -4.90870E-01
6.29998E+00 -4.85001E-01 -9.77746E-06 -4.85887E-01
6.39998E+00 -4.80001E-01 -9.64000E-06 -4.80845E-01
6.49998E+00 -4.75001E-01 -9.48568E-06 -4.75859E-01
6.59998E+00 -4.70001E-01 -9.32290E-06 -4.70841E-01
6.69998E+00 -4.65001E-01 -9.19036E-06 -4.65846E-01
6.79998E+00 -4.60001E-01 -9.06136E-06 -4.60862E-01
6.89998E+00 -4.55001E-01 -8.92294E-06 -4.55844E-01
6.99998E+00 -4.50001E-01 -8.75551E-06 -4.50839E-01
7.09998E+00 -4.45001E-01 -8.62532E-06 -4.45840E-01
7.19998E+00 -4.40001E-01 -8.49092E-06 -4.40848E-01
7.29998E+00 -4.35001E-01 -8.37533E-06 -4.35864E-01
7.39998E+00 -4.30001E-01 -8.23721E-06 -4.30870E-01
7.49998E+00 -4.25001E-01 -8.08650E-06 -4.25848E-01
7.59998E+00 -4.20001E-01 -7.99407E-06 -4.20865E-01
7.69998E+00 -4.15001E-01 -7.86480E-06 -4.15843E-01
7.79998E+00 -4.10001E-01 -7.70844E-06 -4.10835E-01
7.89998E+00 -4.05001E-01 -7.64008E-06 -4.05814E-01
7.99998E+00 -4.00001E-01 -7.50181E-06 -4.00819E-01
8.09998E+00 -3.95001E-01 -7.41801E-06 -3.95845E-01
8.19998E+00 -3.90001E-01 -7.26290E-06 -3.90832E-01
8.29998E+00 -3.85001E-01 -7.17462E-06 -3.85803E-01
8.39998E+00 -3.80001E-01 -7.02790E-06 -3.80793E-01
8.49998E+00 -3.75001E-01 -6.92323E-06 -3.75813E-01
8.59998E+00 -3.70001E-01 -6.79166E-06 -3.70811E-01
8.69998E+00 -3.65001E-01 -6.69461E-06 -3.65805E-01
8.79998E+00 -3.60001E-01 -6.57619E-06 -3.60819E-01
8.89998E+00 -3.55001E-01 -6.47654E-06 -3.55824E-01
8.99998E+00 -3.50001E-01 -6.36661E-06 -3.50810E-01
9.09998E+00 -3.45001E-01 -6.25829E-06 -3.45791E-01
9.19998E+00 -3.40001E-01 -6.14677E-06 -3.40802E-01
9.29998E+00 -3.35001E-01 -6.04349E-06 -3.35797E-01
9.39998E+00 -3.30001E-01 -5.93852E-06 -3.30800E-01
9.49998E+00 -3.25001E-01 -5.83234E-06 -3.25792E-01
9.59998E+00 -3.20001E-01 -5.71805E-06 -3.20778E-01
9.69998E+00 -3.15001E-01 -5.60682E-06 -3.15772E-01
9.79998E+00 -3.10001E-01 -5.48355E-06 -3.10755E-01
9.89998E+00 -3.05001E-01 -5.35836E-06 -3.05777E-01
9.99997E+00 -3.00001E-01 -5.25783E-06 -3.00778E-01
1.01000E+01 -2.95001E-01 -5.15231E-06 -2.95738E-01
1.02000E+01 -2.90001E-01 -5.06815E-06 -2.90733E-01
1.03000E+01 -2.85001E-01 -5.00594E-06 -2.85760E-01
1.04000E+01 -2.80001E-01 -4.91414E-06 -2.80760E-01
1.05000E+01 -2.75001E-01 -4.82446E-06 -2.75763E-01
1.06000E+01 -2.70001E-01 -4.71821E-06 -2.70740E-01
1.07000E+01 -2.65001E-01 -4.63718E-06 -2.65737E-01
1.08000E+01 -2.60001E-01 -4.55515E-06 -2.60762E-01
1.09000E+01 -2.55001E-01 -4.49734E-06 -2.55733E-01
1.10000E+01 -2.50001E-01 -4.43176E-06 -2.50732E-01
1.11000E+01 -2.45001E-01 -4.32286E-06 -2.45729E-01
1.12000E+01 -2.40001E-01 -4.17872E-06 -2.40752E-01
1.13000E+01 -2.35001E-01 -4.10401E-06 -2.35751E-01
1.14000E+01 -2.30001E-01 -3.99539E-06 -2.30718E-01
1.15000E+01 -2.25001E-01 -3.91528E-06 -2.25718E-01
1.16000E+01 -2.20001E-01 -3.85171E-06 -2.20740E-01
1.17000E+01 -2.15001E-01 -3.75202E-06 -2.15703E-01
1.18000E+01 -2.10001E-01 -3.66078E-06 -2.10693E-01
1.19000E+01 -2.05001E-01 -3.56153E-06 -2.05715E-01
1.20000E+01 -2.00002E-01 -3.45640E-06 -2.00737E-01
1.21000E+01 -1.95002E-01 -3.36752E-06 -1.95700E-01
1.22000E+01 -1.90002E-01 -3.21161E-06 -1.90713E-01
1.23000E+01 -1.85002E-01 -3.18243E-06 -1.85715E-01
1.24000E+01 -1.80002E-01 -3.05412E-06 -1.80719E-01
1.25000E+01 -1.75002E-01 -2.90422E-06 -1.75700E-01
1.26000E+01 -1.70002E-01 -2.81609E-06 -1.70711E-01
1.27000E+01 -1.65002E-01 -2.72666E-06 -1.65696E-01
1.28000E+01 -1.60002E-01 -2.62709E-06 -1.60690E-01
1.29000E+01 -1.55002E-01 -2.53966E-06 -1.55704E-01
1.30000E+01 -1.50002E-01 -2.44455E-06 -1.50685E-01
1.31000E+01 -1.45002E-01 -2.32578E-06 -1.45699E-01
1.32000E+01 -1.40002E-01 -2.21096E-06 -1.40713E-01
1.33000E+01 -1.35002E-01 -2.13112E-06 -1.35668E-01
1.34000E+01 -1.30002E-01 -2.01248E-06 -1.30653E-01
1.35000E+01 -1.25002E-01 -1.85870E-06 -1.25674E-01
1.36000E+01 -1.20002E-01 -1.77165E-06 -1.20679E-01
1.37000E+01 -1.15002E-01 -1.63742E-06 -1.15679E-01
1.38000E+01 -1.10002E-01 -1.60351E-06 -1.10658E-01
1.39000E+01 -1.05002E-01 -1.41655E-06 -1.05652E-01
1.40000E+01 -1.00002E-01 -1.35986E-06 -1.00657E-01
1.41000E+01 -9.50018E-02 -1.21967E-06 -9.56594E-02
1.42000E+01 -9.00018E-02 -1.11349E-06 -9.06541E-02
1.43000E+01 -8.50018E-02 -1.00098E-06 -8.56495E-02
1.44000E+01 -8.00018E-02 -8.99927E-07 -8.06792E-02
1.45000E+01 -7.50018E-02 -7.94662E-07 -7.56657E-02
1.46000E+01 -7.00018E-02 -6.42041E-07 -7.06430E-02
1.47000E+01 -6.50018E-02 -5.80456E-07 -6.56533E-02
1.48000E+01 -6.00019E-02 -4.21496E-07 -6.06424E-02
1.49000E+01 -5.50019E-02 -3.28598E-07 -5.56408E-02
1.50000E+01 -5.00019E-02 -2.28937E-07 -5.06355E-02
1.51000E+01 -4.50019E-02 -1.25646E-07 -4.56115E-02
1.52000E+01 -4.00019E-02 -4.20816E-08 -4.06406E-02
1.53000E+01 -3.50019E-02 1.19299E-07  -3.56397E-02
1.54000E+01 -3.00019E-02 2.29388E-07  -3.06319E-02
1.55000E+01 -2.50019E-02 3.27043E-07  -2.56259E-02
1.56000E+01 -2.00020E-02 3.90221E-07  -2.06456E-02
1.57000E+01 -1.50020E-02 4.75919E-07  -1.56347E-02
1.58000E+01 -1.00020E-02 5.97767E-07  -1.06094E-02
1.59000E+01 -5.00199E-03 7.07336E-07  -5.57795E-03
1.60000E+01 -2.00000E-06 8.00899E-07  -5.91994E-04
1.61000E+01 4.99799E-03  9.24901E-07  4.39144E-03 
1.62000E+01 9.99797E-03  1.03777E-06  9.39173E-03 
1.63000E+01 1.49980E-02  1.11162E-06  1.43939E-02 
1.64000E+01 1.99979E-02  1.20432E-06  1.94242E-02 
1.65000E+01 2.49979E-02  1.31076E-06  2.44026E-02 
1.66000E+01 2.99979E-02  1.43781E-06  2.94048E-02 
1.67000E+01 3.49979E-02  1.50249E-06  3.44213E-02 
1.68000E+01 3.99979E-02  1.61287E-06  3.94310E-02 
1.69000E+01 4.49979E-02  1.68587E-06  4.44300E-02 
1.70000E+01 4.99979E-02  1.82117E-06  4.94134E-02 
1.71000E+01 5.49979E-02  1.93860E-06  5.44138E-02 
1.72000E+01 5.99978E-02  2.06121E-06  5.94303E-02 
1.73000E+01 6.49978E-02  2.17500E-06  6.44293E-02 
1.74000E+01 6.99978E-02  2.27725E-06  6.93928E-02 
1.75000E+01 7.49978E-02  2.39444E-06  7.44168E-02 
1.76000E+01 7.99978E-02  2.48985E-06  7.94265E-02 
1.77000E+01 8.49978E-02  2.59339E-06  8.44218E-02 
1.78000E+01 8.99978E-02  2.66705E-06  8.94102E-02 
1.79000E+01 9.49978E-02  2.71989E-06  9.44230E-02 
1.80000E+01 9.99977E-02  2.89001E-06  9.94476E-02 
1.81000E+01 1.04998E-01  2.96084E-06  1.04435E-01 
1.82000E+01 1.09998E-01  3.06035E-06  1.09413E-01 
1.83000E+01 1.14998E-01  3.18231E-06  1.14419E-01 
1.84000E+01 1.19998E-01  3.29003E-06  1.19446E-01 
1.85000E+01 1.24998E-01  3.39225E-06  1.24448E-01 
1.86000E+01 1.29998E-01  3.48422E-06  1.29417E-01 
1.87000E+01 1.34998E-01  3.66104E-06  1.34430E-01 
1.88000E+01 1.39998E-01  3.79495E-06  1.39429E-01 
1.89000E+01 1.44998E-01  3.89857E-06  1.44451E-01 
1.90000E+01 1.49998E-01  4.06458E-06  1.49451E-01 
1.91000E+01 1.54998E-01  4.15959E-06  1.54445E-01 
1.92000E+01 1.59998E-01  4.29382E-06  1.59471E-01 
1.93000E+01 1.64998E-01  4.44442E-06  1.64457E-01 
1.94000E+01 1.69998E-01  4.57865E-06  1.69455E-01 
1.95000E+01 1.74998E-01  4.71884E-06  1.74460E-01 
1.96000E+01 1.79998E-01  4.87258E-06  1.79474E-01 
1.97000E+01 1.84998E-01  4.99234E-06  1.84481E-01 
1.98000E+01 1.89998E-01  5.14399E-06  1.89450E-01 
1.99000E+01 1.94998E-01  5.28655E-06  1.94489E-01 
1.99999E+01 1.99997E-01  5.43126E-06  1.99489E-01 
2.00999E+01 2.04997E-01  5.57783E-06  2.04484E-01 
2.01999E+01 2.09997E-01  5.72819E-06  2.09476E-01 
2.02999E+01 2.14997E-01  5.81957E-06  2.14478E-01 
2.03999E+01 2.19997E-01  6.07055E-06  2.19504E-01 
2.04999E+01 2.24997E-01  6.20250E-06  2.24511E-01 
2.05999E+01 2.29997E-01  6.35810E-06  2.29509E-01 
2.06999E+01 2.34997E-01  6.52169E-06  2.34496E-01 
2.07999E+01 2.39997E-01  6.68236E-06  2.39502E-01 
2.08999E+01 2.44997E-01  6.84677E-06  2.44507E-01 
2.09999E+01 2.49997E-01  7.02118E-06  2.49485E-01 
2.10999E+01 2.54997E-01  7.19551E-06  2.54537E-01 
2.11999E+01 2.59997E-01  7.34332E-06  2.59548E-01 
2.12999E+01 2.64997E-01  7.49408E-06  2.64546E-01 
2.13999E+01 2.69997E-01  7.69016E-06  2.69533E-01 
2.14999E+01 2.74997E-01  7.90148E-06  2.74540E-01 
2.15999E+01 2.79997E-01  8.10194E-06  2.79557E-01 
2.16999E+01 2.84997E-01  8.30400E-06  2.84558E-01 
2.17999E+01 2.89997E-01  8.52708E-06  2.89557E-01 
2.18999E+01 2.94997E-01  8.74086E-06  2.94540E-01 
2.19999E+01 2.99997E-01  8.93268E-06  2.99556E-01 
2.20999E+01 3.04997E-01  9.11502E-06  3.04576E-01 
2.21999E+01 3.09997E-01  9.29972E-06  3.09582E-01 
2.22999E+01 3.14997E-01  9.51195E-06  3.14575E-01 
2.23999E+01 3.19997E-01  9.71238E-06  3.19574E-01 
2.24999E+01 3.24997E-01  9.94033E-06  3.24581E-01 
2.25999E+01 3.29997E-01  1.01219E-05  3.29597E-01 
2.26999E+01 3.34997E-01  1.04699E-05  3.34586E-01 
2.27999E+01 3.39997E-01  1.07386E-05  3.39571E-01 
2.28999E+01 3.44997E-01  1.10068E-05  3.44577E-01 
2.29999E+01 3.49997E-01  1.12829E-05  3.49601E-01 
2.30999E+01 3.54997E-01  1.15809E-05  3.54592E-01 
2.31999E+01 3.59997E-01  1.18862E-05  3.59603E-01 
2.32999E+01 3.64997E-01  1.21861E-05  3.64573E-01 
2.33999E+01 3.69997E-01  1.24881E-05  3.69597E-01 
2.34999E+01 3.74997E-01  1.27857E-05  3.74602E-01 
2.35999E+01 3.79997E-01  1.30837E-05  3.79580E-01 
2.36999E+01 3.84997E-01  1.33789E-05  3.84592E-01 
2.37999E+01 3.89997E-01  1.36868E-05  3.89584E-01 
2.38999E+01 3.94997E-01  1.40122E-05  3.94608E-01 
2.39999E+01 3.99997E-01  1.43241E-05  3.99595E-01 
2.40999E+01 4.04997E-01  1.46455E-05  4.04560E-01 
2.41999E+01 4.09997E-01  1.49639E-05  4.09603E-01 
2.42999E+01 4.14997E-01  1.53049E-05  4.14598E-01 
2.43999E+01 4.19997E-01  1.56609E-05  4.19610E-01 
2.44999E+01 4.24997E-01  1.60287E-05  4.24600E-01 
2.45999E+01 4.29997E-01  1.64153E-05  4.29589E-01 
2.46999E+01 4.34997E-01  1.67939E-05  4.34600E-01 
2.47999E+01 4.39997E-01  1.71779E-05  4.39608E-01 
2.48999E+01 4.44997E-01  1.75737E-05  4.44618E-01 
2.49999E+01 4.49997E-01  1.79791E-05  4.49606E-01 
2.50999E+01 4.54997E-01  1.83931E-05  4.54632E-01 
2.51999E+01 4.59997E-01  1.88088E-05  4.59628E-01 
2.52999E+01 4.64997E-01  1.92301E-05  4.64660E-01 
2.53999E+01 4.69997E-01  1.96480E-05  4.69646E-01 
2.54999E+01 4.74997E-01  2.00776E-05  4.74654E-01 
2.55999E+01 4.79997E-01  2.05640E-05  4.79652E-01 
2.56999E+01 4.84997E-01  2.09959E-05  4.84647E-01 
2.57999E+01 4.89997E-01  2.14326E-05  4.89686E-01 
2.58999E+01 4.94997E-01  2.18589E-05  4.94685E-01 
2.59999E+01 4.99997E-01  2.22872E-05  4.99670E-01 
2.60999E+01 5.04997E-01  2.27952E-05  5.04675E-01 
2.61999E+01 5.09997E-01  2.32338E-05  5.09687E-01 
2.62999E+01 5.14997E-01  2.36495E-05  5.14683E-01 
2.63999E+01 5.19997E-01  2.40995E-05  5.19676E-01 
2.64999E+01 5.24997E-01  2.45572E-05  5.24664E-01 
2.65999E+01 5.29997E-01  2.50281E-05  5.29682E-01 
2.66999E+01 5.34997E-01  2.54981E-05  5.34709E-01 
2.67999E+01 5.39997E-01  2.59288E-05  5.39678E-01 
2.68999E+01 5.44997E-01  2.63616E-05  5.44706E-01 
2.69999E+01 5.49997E-01  2.67909E-05  5.49694E-01 
2.70999E+01 5.54997E-01  2.72570E-05  5.54716E-01 
2.71999E+01 5.59997E-01  2.75701E-05  5.59693E-01 
2.72999E+01 5.64997E-01  2.79944E-05  5.64710E-01 
2.73999E+01 5.69997E-01  2.83995E-05  5.69711E-01 
2.74999E+01 5.74997E-01  2.87357E-05  5.74720E-01 
2.75999E+01 5.79997E-01  2.93427E-05  5.79714E-01 
2.76999E+01 5.84997E-01  2.97659E-05  5.84709E-01 
2.77999E+01 5.89997E-01  3.02012E-05  5.89720E-01 
2.78999E+01 5.94997E-01  3.06547E-05  5.94729E-01 
2.79999E+01 5.99996E-01  3.10731E-05  5.99711E-01 
2.80999E+01 6.04996E-01  3.14258E-05  6.04708E-01 
2.81999E+01 6.09996E-01  3.18785E-05  6.09715E-01 
2.82999E+01 6.14996E-01  3.22614E-05  6.14740E-01 
2.83999E+01 6.19996E-01  3.26503E-05  6.19716E-01 
2.84999E+01 6.24996E-01  3.30373E-05  6.24699E-01 
2.85999E+01 6.29996E-01  3.34337E-05  6.29735E-01 
2.86999E+01 6.34996E-01  3.38325E-05  6.34733E-01 
2.87999E+01 6.39996E-01  3.42355E-05  6.39767E-01 
2.88999E+01 6.44996E-01  3.46103E-05  6.44748E-01 
2.89999E+01 6.49996E-01  3.49913E-05  6.49757E-01 
2.90999E+01 6.54996E-01  3.53787E-05  6.54761E-01 
2.91999E+01 6.59996E-01  3.57576E-05  6.59769E-01 
2.92999E+01 6.64996E-01  3.61403E-05  6.64772E-01 
2.93999E+01 6.69996E-01  3.65049E-05  6.69745E-01 
2.94999E+01 6.74996E-01  3.68628E-05  6.74765E-01 
2.95999E+01 6.79996E-01  3.72145E-05  6.79770E-01 
2.96999E+01 6.84996E-01  3.75723E-05  6.84752E-01 
2.97999E+01 6.89996E-01  3.79218E-05  6.89740E-01 
2.98999E+01 6.94996E-01  3.82644E-05  6.94738E-01 
2.99999E+01 6.99996E-01  3.86061E-05  6.99775E-01 
3.00999E+01 7.04996E-01  3.89536E-05  7.04764E-01 
3.01999E+01 7.09996E-01  3.92940E-05  7.09742E-01 
3.02999E+01 7.14996E-01  3.95984E-05  7.14766E-01 
3.03999E+01 7.19996E-01  3.98841E-05  7.19783E-01 
3.04999E+01 7.24996E-01  4.01832E-05  7.24794E-01 
3.05999E+01 7.29996E-01  4.04942E-05  7.29773E-01 
3.06999E+01 7.34996E-01  4.07781E-05  7.34778E-01 
3.07999E+01 7.39996E-01  4.10800E-05  7.39795E-01 
3.08999E+01 7.44996E-01  4.14045E-05  7.44779E-01 
3.09999E+01 7.49996E-01  4.17914E-05  7.49782E-01 
3.10999E+01 7.54996E-01  4.21681E-05  7.54785E-01 
3.11999E+01 7.59996E-01  4.25139E-05  7.59788E-01 
3.12999E+01 7.64996E-01  4.28044E-05  7.64790E-01 
3.13999E+01 7.69996E-01  4.29792E-05  7.69784E-01 
3.14999E+01 7.74996E-01  4.31528E-05  7.74801E-01 
3.15999E+01 7.79996E-01  4.34007E-05  7.79810E-01 
3.16999E+01 7.84996E-01  4.36800E-05  7.84804E-01 
3.17999E+01 7.89996E-01  4.40175E-05  7.89823E-01 
3.18999E+01 7.94996E-01  4.42197E-05  7.94848E-01 
3.19999E+01 7.99996E-01  4.44012E-05  7.99820E-01 
3.20999E+01 8.04996E-01  4.45795E-05  8.04836E-01 
3.21999E+01 8.09996E-01  4.48073E-05  8.09854E-01 
3.22999E+01 8.14996E-01  4.50016E-05  8.14839E-01 
3.23999E+01 8.19996E-01  4.52500E-05  8.19850E-01 
3.24999E+01 8.24996E-01  4.55487E-05  8.24858E-01 
3.25999E+01 8.29996E-01  4.56760E-05  8.29868E-01 
3.26999E+01 8.34996E-01  4.58631E-05  8.34847E-01 
3.27999E+01 8.39996E-01  4.60142E-05  8.39856E-01 
3.28999E+01 8.44996E-01  4.62276E-05  8.44843E-01 
3.29999E+01 8.49996E-01  4.63555E-05  8.49845E-01 
3.30999E+01 8.54996E-01  4.66013E-05  8.54856E-01 
3.31999E+01 8.59996E-01  4.66816E-05  8.59853E-01 
3.32999E+01 8.64996E-01  4.68500E-05  8.64844E-01 
3.33999E+01 8.69996E-01  4.69950E-05  8.69868E-01 
3.34999E+01 8.74996E-01  4.72967E-05  8.74857E-01 
3.35999E+01 8.79996E-01  4.74285E-05  8.79861E-01 
3.36999E+01 8.84996E-01  4.76563E-05  8.84859E-01 
3.37999E+01 8.89996E-01  4.78784E-05  8.89868E-01 
3.38999E+01 8.94996E-01  4.81107E-05  8.94866E-01 
3.39999E+01 8.99996E-01  4.83297E-05  8.99883E-01 
3.40999E+01 9.04996E-01  4.86623E-05  9.04849E-01 
3.41999E+01 9.09996E-01  4.88127E-05  9.09869E-01 
3.42999E+01 9.14996E-01  4.90376E-05  9.14884E-01 
3.43999E+01 9.19996E-01  4.93061E-05  9.19861E-01 
3.44999E+01 9.24996E-01  4.95887E-05  9.24880E-01 
3.45999E+01 9.29996E-01  4.98524E-05  9.29871E-01 
3.46999E+01 9.34996E-01  5.00568E-05  9.34875E-01 
3.47999E+01 9.39996E-01  5.04474E-05  9.39902E-01 
3.48999E+01 9.44996E-01  5.06994E-05  9.44895E-01 
3.49999E+01 9.49996E-01  5.09451E-05  9.49905E-01 
3.50999E+01 9.54996E-01  5.11557E-05  9.54917E-01 
3.51999E+01 9.59996E-01  5.14338E-05  9.59907E-01 
3.52999E+01 9.64996E-01  5.17744E-05  9.64903E-01 
3.53999E+01 9.69996E-01  5.20243E-05  9.69927E-01 
3.54999E+01 9.74996E-01  5.23248E-05  9.74929E-01 
3.55999E+01 9.79996E-01  5.26170E-05  9.79920E-01 
3.56999E+01 9.84996E-01  5.29730E-05  9.84927E-01 
3.57999E+01 9.89996E-01  5.32984E-05  9.89929E-01 
3.58999E+01 9.94996E-01  5.35897E-05  9.94910E-01 
3.59999E+01 9.99995E-01  5.40546E-05  9.99927E-01 
3.60999E+01 1.00500E+00  5.44679E-05  1.00494E+00 
3.61999E+01 1.01000E+00  5.48202E-05  1.00994E+00 
3.62999E+01 1.01500E+00  5.51765E-05  1.01494E+00 
3.63999E+01 1.02000E+00  5.55585E-05  1.01993E+00 
3.64999E+01 1.02500E+00  5.59159E-05  1.02493E+00 
3.65999E+01 1.03000E+00  5.60133E-05  1.02993E+00 
3.66999E+01 1.03500E+00  5.63016E-05  1.03494E+00 
3.67999E+01 1.04000E+00  5.64684E-05  1.03992E+00 
3.68999E+01 1.04500E+00  5.66617E-05  1.04493E+00 
3.69999E+01 1.05000E+00  5.68328E-05  1.04994E+00 
3.70999E+01 1.05500E+00  5.71463E-05  1.05495E+00 
3.71999E+01 1.06000E+00  5.73965E-05  1.05995E+00 
3.72999E+01 1.06500E+00  5.76733E-05  1.06495E+00 
3.73999E+01 1.07000E+00  5.80353E-05  1.06995E+00 
3.74999E+01 1.07500E+00  5.82861E-05  1.07498E+00 
3.75999E+01 1.08000E+00  5.85721E-05  1.07996E+00 
3.76999E+01 1.08500E+00  5.88475E-05  1.08497E+00 
3.77999E+01 1.09000E+00  5.91656E-05  1.08996E+00 
3.78999E+01 1.09500E+00  5.94588E-05  1.09499E+00 
3.79999E+01 1.10000E+00  5.97742E-05  1.09999E+00 
3.80999E+01 1.10500E+00  6.00664E-05  1.10500E+00 
3.81999E+01 1.11000E+00  6.03811E-05  1.10999E+00 
3.82999E+01 1.11500E+00  6.07255E-05  1.11500E+00 
3.83999E+01 1.12000E+00  6.10845E-05  1.12003E+00 
3.84999E+01 1.12500E+00  6.14608E-05  1.12501E+00 
3.85999E+01 1.13000E+00  6.18430E-05  1.13004E+00 
3.86999E+01 1.13500E+00  6.22498E-05  1.13503E+00 
3.87999E+01 1.14000E+00  6.26683E-05  1.14003E+00 
3.88999E+01 1.14500E+00  6.31257E-05  1.14502E+00 
3.89999E+01 1.15000E+00  6.36053E-05  1.15003E+00 
3.90999E+01 1.15500E+00  6.40904E-05  1.15503E+00 
3.91999E+01 1.16000E+00  6.45994E-05  1.16002E+00 
3.92999E+01 1.16500E+00  6.51165E-05  1.16502E+00 
3.93999E+01 1.17000E+00  6.56564E-05  1.17003E+00 
3.94999E+01 1.17500E+00  6.62089E-05  1.17503E+00 
3.95999E+01 1.18000E+00  6.67904E-05  1.18002E+00 
3.96999E+01 1.18500E+00  6.73938E-05  1.18503E+00 
3.97999E+01 1.19000E+00  6.80031E-05  1.19003E+00 
3.98999E+01 1.19500E+00  6.86334E-05  1.19503E+00 
3.99999E+01 1.19999E+00  6.92958E-05  1.20003E+00 
4.00999E+01 1.20499E+00  6.99760E-05  1.20504E+00 
4.01999E+01 1.20999E+00  7.06794E-05  1.21005E+00 
4.02999E+01 1.21499E+00  7.14008E-05  1.21504E+00 
4.03999E+01 1.21999E+00  7.21506E-05  1.22003E+00 
4.04999E+01 1.22499E+00  7.29106E-05  1.22504E+00 
4.05999E+01 1.22999E+00  7.36838E-05  1.23006E+00 
4.06999E+01 1.23499E+00  7.45038E-05  1.23504E+00 
4.07999E+01 1.23999E+00  7.53427E-05  1.24004E+00 
4.08999E+01 1.24499E+00  7.62000E-05  1.24507E+00 
4.09999E+01 1.24999E+00  7.70698E-05  1.25007E+00 
4.10999E+01 1.25499E+00  7.79456E-05  1.25506E+00 
4.11999E+01 1.25999E+00  7.88254E-05  1.26005E+00 
4.12999E+01 1.26499E+00  7.97255E-05  1.26507E+00 
4.13999E+01 1.26999E+00  8.06260E-05  1.27008E+00 
4.14999E+01 1.27499E+00  8.15201E-05  1.27508E+00 
4.15999E+01 1.27999E+00  8.24240E-05  1.28008E+00 
4.16999E+01 1.28499E+00  8.34541E-05  1.28507E+00 
4.17999E+01 1.28999E+00  8.43532E-05  1.29008E+00 
4.18999E+01 1.29499E+00  8.52460E-05  1.29508E+00 
4.19999E+01 1.29999E+00  8.61475E-05  1.30009E+00 
4.20999E+01 1.30499E+00  8.70491E-05  1.30511E+00 
4.21999E+01 1.30999E+00  8.79644E-05  1.31009E+00 
4.22999E+01 1.31499E+00  8.88607E-05  1.31511E+00 
4.23999E+01 1.31999E+00  8.97701E-05  1.32011E+00 
4.24999E+01 1.32499E+00  9.06764E-05  1.32509E+00 
4.25999E+01 1.32999E+00  9.15942E-05  1.33011E+00 
4.26999E+01 1.33499E+00  9.25003E-05  1.33511E+00 
4.27999E+01 1.33999E+00  9.34144E-05  1.34011E+00 
4.28999E+01 1.34499E+00  9.42798E-05  1.34511E+00 
4.29999E+01 1.34999E+00  9.51609E-05  1.35009E+00 
4.30999E+01 1.35499E+00  9.60387E-05  1.35512E+00 
4.31999E+01 1.35999E+00  9.69043E-05  1.36014E+00 
4.32999E+01 1.36499E+00  9.77794E-05  1.36511E+00 
4.33999E+01 1.36999E+00  9.86220E-05  1.37011E+00 
4.34999E+01 1.37499E+00  9.95148E-05  1.37512E+00 
4.35999E+01 1.37999E+00  1.00358E-04  1.38014E+00 
4.36999E+01 1.38499E+00  1.01221E-04  1.38513E+00 
4.37999E+01 1.38999E+00  1.02076E-04  1.39012E+00 
4.38999E+01 1.39499E+00  1.02937E-04  1.39513E+00 
4.39999E+01 1.39999E+00  1.03795E-04  1.40015E+00 
4.40999E+01 1.40499E+00  1.04632E-04  1.40515E+00 
4.41999E+01 1.40999E+00  1.05476E-04  1.41014E+00 
4.42999E+01 1.41499E+00  1.06285E-04  1.41513E+00 
4.43999E+01 1.41999E+00  1.07133E-04  1.42015E+00 
4.44999E+01 1.42499E+00  1.08007E-04  1.42515E+00 
4.45999E+01 1.42999E+00  1.08858E-04  1.43016E+00 
4.46999E+01 1.43499E+00  1.09672E-04  1.43518E+00 
4.47999E+01 1.43999E+00  1.10518E-04  1.44016E+00 
4.48999E+01 1.44499E+00  1.11385E-04  1.44516E+00 
4.49999E+01 1.44999E+00  1.12269E-04  1.45018E+00 
4.50999E+01 1.45499E+00  1.13134E-04  1.45519E+00 
4.51999E+01 1.45999E+00  1.14005E-04  1.46020E+00 
4.52999E+01 1.46499E+00  1.14902E-04  1.46520E+00 
4.53999E+01 1.46999E+00  1.15785E-04  1.47018E+00 
4.54999E+01 1.47499E+00  1.16684E-04  1.47522E+00 
4.55999E+01 1.47999E+00  1.17602E-04  1.48019E+00 
4.56999E+01 1.48499E+00  1.18571E-04  1.48519E+00 
4.57999E+01 1.48999E+00  1.19572E-04  1.49023E+00 
4.58999E+01 1.49499E+00  1.20601E-04  1.49523E+00 
4.59999E+01 1.49999E+00  1.21643E-04  1.50023E+00 
4.60999E+01 1.50499E+00  1.22703E-04  1.50520E+00 
4.61999E+01 1.50999E+00  1.23826E-04  1.51021E+00 
4.62999E+01 1.51499E+00  1.24904E-04  1.51523E+00 
4.63999E+01 1.51999E+00  1.26005E-04  1.52022E+00 
4.64999E+01 1.52499E+00  1.27130E-04  1.52520E+00 
4.65999E+01 1.52999E+00  1.28254E-04  1.53020E+00 
4.66999E+01 1.53499E+00  1.29419E-04  1.53522E+00 
4.67999E+01 1.53999E+00  1.30622E-04  1.54021E+00 
4.68999E+01 1.54499E+00  1.31834E-04  1.54521E+00 
4.69999E+01 1.54999E+00  1.33043E-04  1.55021E+00 
4.70999E+01 1.55499E+00  1.34284E-04  1.55523E+00 
4.71999E+01 1.55999E+00  1.35550E-04  1.56023E+00 
4.72999E+01 1.56499E+00  1.36842E-04  1.56521E+00 
4.73999E+01 1.56999E+00  1.38121E-04  1.57022E+00 
4.74999E+01 1.57499E+00  1.39413E-04  1.57524E+00 
4.75999E+01 1.57999E+00  1.40761E-04  1.58023E+00 
4.76999E+01 1.58499E+00  1.42099E-04  1.58526E+00 
4.77999E+01 1.58999E+00  1.43459E-04  1.59022E+00 
4.78999E+01 1.59499E+00  1.44839E-04  1.59525E+00 
4.79999E+01 1.59999E+00  1.46242E-04  1.60025E+00 
4.80999E+01 1.60499E+00  1.47641E-04  1.60527E+00 
4.81999E+01 1.60999E+00  1.49086E-04  1.61027E+00 
4.82999E+01 1.61499E+00  1.50510E-04  1.61527E+00 
4.83999E+01 1.61999E+00  1.51962E-04  1.62026E+00 
4.84999E+01 1.62499E+00  1.53384E-04  1.62527E+00 
4.85999E+01 1.62999E+00  1.54875E-04  1.63028E+00 
4.86999E+01 1.63499E+00  1.56362E-04  1.63527E+00 
4.87999E+01 1.63999E+00  1.57866E-04  1.64028E+00 
4.88999E+01 1.64499E+00  1.59324E-04  1.64527E+00 
4.89999E+01 1.64999E+00  1.60806E-04  1.65033E+00 
4.90999E+01 1.65499E+00  1.62337E-04  1.65530E+00 
4.91999E+01 1.65999E+00  1.63927E-04  1.66031E+00 
4.92999E+01 1.66499E+00  1.65412E-04  1.66530E+00 
4.93999E+01 1.66999E+00  1.66862E-04  1.67031E+00 
4.94999E+01 1.67499E+00  1.68397E-04  1.67531E+00 
4.95999E+01 1.67999E+00  1.70028E-04  1.68031E+00 
4.96999E+01 1.68499E+00  1.71735E-04  1.68532E+00 
4.97999E+01 1.68999E+00  1.73289E-04  1.69033E+00 
4.98999E+01 1.69499E+00  1.74875E-04  1.69531E+00 
4.99999E+01 1.69999E+00  1.76491E-04  1.70031E+00 
5.00999E+01 1.70499E+00  1.78244E-04  1.70530E+00 
5.01999E+01 1.70999E+00  1.79789E-04  1.71033E+00 
5.02999E+01 1.71499E+00  1.81455E-04  1.71530E+00 
5.03999E+01 1.71999E+00  1.83179E-04  1.72032E+00 
5.04999E+01 1.72499E+00  1.84905E-04  1.72532E+00 
5.05999E+01 1.72999E+00  1.86762E-04  1.73031E+00 
5.06999E+01 1.73499E+00  1.88551E-04  1.73533E+00 
5.07999E+01 1.73999E+00  1.90624E-04  1.74031E+00 
5.08999E+01 1.74499E+00  1.92317E-04  1.74535E+00 
5.09999E+01 1.74999E+00  1.94089E-04  1.75036E+00 
5.10999E+01 1.75499E+00  1.95919E-04  1.75535E+00 
5.11999E+01 1.75999E+00  1.97846E-04  1.76037E+00 
5.12999E+01 1.76499E+00  1.99760E-04  1.76538E+00 
5.13999E+01 1.76999E+00  2.01678E-04  1.77036E+00 
5.14999E+01 1.77499E+00  2.03616E-04  1.77536E+00 
5.15999E+01 1.77999E+00  2.05777E-04  1.78037E+00 
5.16999E+01 1.78499E+00  2.07875E-04  1.78538E+00 
5.17999E+01 1.78999E+00  2.09881E-04  1.79038E+00 
5.18999E+01 1.79499E+00  2.12410E-04  1.79537E+00 
5.19999E+01 1.79999E+00  2.14418E-04  1.80039E+00 
5.20999E+01 1.79499E+00  2.10069E-04  1.79538E+00 
5.21999E+01 1.78999E+00  2.06032E-04  1.79038E+00 
5.22999E+01 1.78499E+00  2.02142E-04  1.78537E+00 
5.23999E+01 1.77999E+00  1.98541E-04  1.78036E+00 
5.24999E+01 1.77499E+00  1.94688E-04  1.77534E+00 
5.25999E+01 1.76999E+00  1.90989E-04  1.77035E+00 
5.26999E+01 1.76499E+00  1.87300E-04  1.76535E+00 
5.27999E+01 1.75999E+00  1.83516E-04  1.76036E+00 
5.28999E+01 1.75499E+00  1.79982E-04  1.75536E+00 
5.29999E+01 1.74999E+00  1.76633E-04  1.75034E+00 
5.30999E+01 1.74499E+00  1.73215E-04  1.74533E+00 
5.31999E+01 1.73999E+00  1.69848E-04  1.74029E+00 
5.32999E+01 1.73499E+00  1.66453E-04  1.73530E+00 
5.33999E+01 1.72999E+00  1.63108E-04  1.73032E+00 
5.34999E+01 1.72499E+00  1.59758E-04  1.72528E+00 
5.35999E+01 1.71999E+00  1.56619E-04  1.72028E+00 
5.36999E+01 1.71499E+00  1.53502E-04  1.71529E+00 
5.37999E+01 1.70999E+00  1.50450E-04  1.71030E+00 
5.38999E+01 1.70499E+00  1.47402E-04  1.70530E+00 
5.39999E+01 1.69999E+00  1.44380E-04  1.70029E+00 
5.40999E+01 1.69499E+00  1.41357E-04  1.69530E+00 
5.41999E+01 1.68999E+00  1.38468E-04  1.69031E+00 
5.42999E+01 1.68499E+00  1.35769E-04  1.68528E+00 
5.43999E+01 1.67999E+00  1.33067E-04  1.68030E+00 
5.44999E+01 1.67499E+00  1.30372E-04  1.67530E+00 
5.45999E+01 1.66999E+00  1.27659E-04  1.67031E+00 
5.46999E+01 1.66499E+00  1.25031E-04  1.66533E+00 
5.47999E+01 1.65999E+00  1.22495E-04  1.66031E+00 
5.48999E+01 1.65499E+00  1.19924E-04  1.65532E+00 
5.49999E+01 1.64999E+00  1.17478E-04  1.65031E+00 
5.50999E+01 1.64499E+00  1.15002E-04  1.64532E+00 
5.51999E+01 1.63999E+00  1.12565E-04  1.64030E+00 
5.52999E+01 1.63499E+00  1.10190E-04  1.63529E+00 
5.53999E+01 1.62999E+00  1.07912E-04  1.63030E+00 
5.54999E+01 1.62499E+00  1.05643E-04  1.62531E+00 
5.55999E+01 1.61999E+00  1.03456E-04  1.62028E+00 
5.56999E+01 1.61499E+00  1.01285E-04  1.61529E+00 
5.57999E+01 1.60999E+00  9.91107E-05  1.61029E+00 
5.58999E+01 1.60499E+00  9.70094E-05  1.60529E+00 
5.59999E+01 1.59999E+00  9.49433E-05  1.60029E+00 
5.60999E+01 1.59499E+00  9.29549E-05  1.59528E+00 
5.61999E+01 1.58999E+00  9.09792E-05  1.59026E+00 
5.62999E+01 1.58499E+00  8.90538E-05  1.58527E+00 
5.63999E+01 1.57999E+00  8.71736E-05  1.58024E+00 
5.64999E+01 1.57499E+00  8.53509E-05  1.57528E+00 
5.65999E+01 1.56999E+00  8.35576E-05  1.57027E+00 
5.66999E+01 1.56499E+00  8.18076E-05  1.56523E+00 
5.67999E+01 1.55999E+00  8.00898E-05  1.56021E+00 
5.68999E+01 1.55499E+00  7.83772E-05  1.55524E+00 
5.69999E+01 1.54999E+00  7.67246E-05  1.55022E+00 
5.70999E+01 1.54499E+00  7.51108E-05  1.54522E+00 
5.71999E+01 1.53999E+00  7.35232E-05  1.54022E+00 
5.72999E+01 1.53499E+00  7.19900E-05  1.53521E+00 
5.73999E+01 1.52999E+00  7.04969E-05  1.53022E+00 
5.74999E+01 1.52499E+00  6.90254E-05  1.52521E+00 
5.75999E+01 1.51999E+00  6.75885E-05  1.52021E+00 
5.76999E+01 1.51499E+00  6.61850E-05  1.51521E+00 
5.77999E+01 1.50999E+00  6.48055E-05  1.51020E+00 
5.78999E+01 1.50499E+00  6.34660E-05  1.50520E+00 
5.79999E+01 1.49999E+00  6.21730E-05  1.50021E+00 
5.80999E+01 1.49499E+00  6.08997E-05  1.49522E+00 
5.81999E+01 1.48999E+00  5.96604E-05  1.49019E+00 
5.82999E+01 1.48499E+00  5.84545E-05  1.48518E+00 
5.83999E+01 1.47999E+00  5.72899E-05  1.48020E+00 
5.84999E+01 1.47499E+00  5.61358E-05  1.47520E+00 
5.85999E+01 1.46999E+00  5.50257E-05  1.47021E+00 
5.86999E+01 1.46499E+00  5.39388E-05  1.46519E+00 
5.87999E+01 1.45999E+00  5.28831E-05  1.46020E+00 
5.88999E+01 1.45499E+00  5.18554E-05  1.45519E+00 
5.89999E+01 1.44999E+00  5.08857E-05  1.45018E+00 
5.90999E+01 1.44499E+00  4.99232E-05  1.44516E+00 
5.91999E+01 1.43999E+00  4.89610E-05  1.44014E+00 
5.92999E+01 1.43499E+00  4.80316E-05  1.43516E+00 
5.93999E+01 1.42999E+00  4.71296E-05  1.43015E+00 
5.94999E+01 1.42499E+00  4.62555E-05  1.42516E+00 
5.95999E+01 1.41999E+00  4.54070E-05  1.42014E+00 
5.96999E+01 1.41499E+00  4.45905E-05  1.41513E+00 
5.97999E+01 1.40999E+00  4.38016E-05  1.41012E+00 
5.98999E+01 1.40499E+00  4.30261E-05  1.40513E+00 
5.99998E+01 1.39999E+00  4.22755E-05  1.40013E+00 
6.00998E+01 1.39499E+00  4.15487E-05  1.39512E+00 
6.01998E+01 1.38999E+00  4.08515E-05  1.39012E+00 
6.02998E+01 1.38499E+00  4.01584E-05  1.38512E+00 
6.03998E+01 1.37999E+00  3.95125E-05  1.38014E+00 
6.04998E+01 1.37499E+00  3.85894E-05  1.37514E+00 
6.05998E+01 1.36999E+00  3.79452E-05  1.37012E+00 
6.06998E+01 1.36499E+00  3.73446E-05  1.36515E+00 
6.07998E+01 1.35999E+00  3.67308E-05  1.36014E+00 
6.08998E+01 1.35499E+00  3.61338E-05  1.35513E+00 
6.09998E+01 1.34999E+00  3.55516E-05  1.35011E+00 
6.10998E+01 1.34499E+00  3.50150E-05  1.34511E+00 
6.11998E+01 1.33999E+00  3.44760E-05  1.34012E+00 
6.12998E+01 1.33499E+00  3.39499E-05  1.33512E+00 
6.13998E+01 1.32999E+00  3.34398E-05  1.33010E+00 
6.14998E+01 1.32499E+00  3.29493E-05  1.32511E+00 
6.15998E+01 1.31999E+00  3.24740E-05  1.32012E+00 
6.16998E+01 1.31499E+00  3.20173E-05  1.31512E+00 
6.17998E+01 1.30999E+00  3.15767E-05  1.31009E+00 
6.18998E+01 1.30499E+00  3.11444E-05  1.30509E+00 
6.19998E+01 1.29999E+00  3.07227E-05  1.30009E+00 
6.20998E+01 1.29499E+00  3.03127E-05  1.29511E+00 
6.21998E+01 1.28999E+00  2.99047E-05  1.29008E+00 
6.22998E+01 1.28499E+00  2.95123E-05  1.28508E+00 
6.23998E+01 1.27999E+00  2.91384E-05  1.28007E+00 
6.24998E+01 1.27499E+00  2.87685E-05  1.27509E+00 
6.25998E+01 1.26999E+00  2.84071E-05  1.27009E+00 
6.26998E+01 1.26499E+00  2.80568E-05  1.26506E+00 
6.27998E+01 1.25999E+00  2.77105E-05  1.26005E+00 
6.28998E+01 1.25499E+00  2.73796E-05  1.25507E+00 
6.29998E+01 1.24999E+00  2.70538E-05  1.25008E+00 
6.30998E+01 1.24499E+00  2.67339E-05  1.24505E+00 
6.31998E+01 1.23999E+00  2.64261E-05  1.24004E+00 
6.32998E+01 1.23499E+00  2.61203E-05  1.23505E+00 
6.33998E+01 1.22999E+00  2.58128E-05  1.23006E+00 
6.34998E+01 1.22499E+00  2.55070E-05  1.22505E+00 
6.35998E+01 1.21999E+00  2.52158E-05  1.22003E+00 
6.36998E+01 1.21499E+00  2.49297E-05  1.21503E+00 
6.37998E+01 1.20999E+00  2.49984E-05  1.21007E+00 
6.38998E+01 1.20499E+00  2.44298E-05  1.20502E+00 
6.39998E+01 1.19999E+00  2.41404E-05  1.20003E+00 
6.40998E+01 1.19500E+00  2.38669E-05  1.19505E+00 
6.41998E+01 1.19000E+00  2.36020E-05  1.19005E+00 
6.42998E+01 1.18500E+00  2.33396E-05  1.18505E+00 
6.43998E+01 1.18000E+00  2.30828E-05  1.18002E+00 
6.44998E+01 1.17500E+00  2.28314E-05  1.17503E+00 
6.45998E+01 1.17000E+00  2.25851E-05  1.17004E+00 
6.46998E+01 1.16500E+00  2.23402E-05  1.16504E+00 
6.47998E+01 1.16000E+00  2.21025E-05  1.16003E+00 
6.48998E+01 1.15500E+00  2.18794E-05  1.15503E+00 
6.49998E+01 1.15000E+00  2.16528E-05  1.15004E+00 
6.50998E+01 1.14500E+00  2.14427E-05  1.14504E+00 
6.51998E+01 1.14000E+00  2.12411E-05  1.14001E+00 
6.52998E+01 1.13500E+00  2.10101E-05  1.13502E+00 
6.53998E+01 1.13000E+00  2.07714E-05  1.13002E+00 
6.54998E+01 1.12500E+00  2.05432E-05  1.12501E+00 
6.55998E+01 1.12000E+00  2.03232E-05  1.12003E+00 
6.56998E+01 1.11500E+00  2.01007E-05  1.11500E+00 
6.57998E+01 1.11000E+00  1.98879E-05  1.10999E+00 
6.58998E+01 1.10500E+00  1.96751E-05  1.10500E+00 
6.59998E+01 1.10000E+00  1.94689E-05  1.09998E+00 
6.60998E+01 1.09500E+00  1.92618E-05  1.09499E+00 
6.61998E+01 1.09000E+00  1.90524E-05  1.08996E+00 
6.62998E+01 1.08500E+00  1.88524E-05  1.08495E+00 
6.63998E+01 1.08000E+00  1.86569E-05  1.07995E+00 
6.64998E+01 1.07500E+00  1.84576E-05  1.07498E+00 
6.65998E+01 1.07000E+00  1.82548E-05  1.06996E+00 
6.66998E+01 1.06500E+00  1.80613E-05  1.06494E+00 
6.67998E+01 1.06000E+00  1.78768E-05  1.05994E+00 
6.68998E+01 1.05500E+00  1.77022E-05  1.05495E+00 
6.69998E+01 1.05000E+00  1.75187E-05  1.04995E+00 
6.70998E+01 1.04500E+00  1.73281E-05  1.04493E+00 
6.71998E+01 1.04000E+00  1.71333E-05  1.03992E+00 
6.72998E+01 1.03500E+00  1.69444E-05  1.03495E+00 
6.73998E+01 1.03000E+00  1.67538E-05  1.02993E+00 
6.74998E+01 1.02500E+00  1.65852E-05  1.02492E+00 
6.75998E+01 1.02000E+00  1.64187E-05  1.01991E+00 
6.76998E+01 1.01500E+00  1.62444E-05  1.01494E+00 
6.77998E+01 1.01000E+00  1.60583E-05  1.00992E+00 
6.78998E+01 1.00500E+00  1.58697E-05  1.00492E+00 
6.79998E+01 9.99995E-01  1.56690E-05  9.99906E-01 
6.80998E+01 9.94996E-01  1.54704E-05  9.94921E-01 
6.81998E+01 9.89996E-01  1.52736E-05  9.89939E-01 
6.82998E+01 9.84996E-01  1.50752E-05  9.84907E-01 
6.83998E+01 9.79996E-01  1.48800E-05  9.79906E-01 
6.84998E+01 9.74996E-01  1.46905E-05  9.74912E-01 
6.85998E+01 9.69996E-01  1.45143E-05  9.69926E-01 
6.86998E+01 9.64996E-01  1.43190E-05  9.64913E-01 
6.87998E+01 9.59996E-01  1.41338E-05  9.59892E-01 
6.88998E+01 9.54996E-01  1.39422E-05  9.54898E-01 
6.89998E+01 9.49996E-01  1.37548E-05  9.49886E-01 
6.90998E+01 9.44996E-01  1.35544E-05  9.44917E-01 
6.91998E+01 9.39996E-01  1.33611E-05  9.39883E-01 
6.92998E+01 9.34996E-01  1.31710E-05  9.34878E-01 
6.93998E+01 9.29996E-01  1.29902E-05  9.29855E-01 
6.94998E+01 9.24996E-01  1.28115E-05  9.24872E-01 
6.95998E+01 9.19996E-01  1.26245E-05  9.19876E-01 
6.96998E+01 9.14996E-01  1.24367E-05  9.14879E-01 
6.97998E+01 9.09996E-01  1.22439E-05  9.09856E-01 
6.98998E+01 9.04996E-01  1.20528E-05  9.04850E-01 
6.99998E+01 8.99996E-01  1.18660E-05  8.99862E-01 
7.00998E+01 8.94996E-01  1.16764E-05  8.94854E-01 
7.01998E+01 8.89996E-01  1.14911E-05  8.89844E-01 
7.02998E+01 8.84996E-01  1.13008E-05  8.84861E-01 
7.03998E+01 8.79996E-01  1.11133E-05  8.79853E-01 
7.04998E+01 8.74996E-01  1.09240E-05  8.74861E-01 
7.05998E+01 8.69996E-01  1.07339E-05  8.69825E-01 
7.06998E+01 8.64996E-01  1.05418E-05  8.64836E-01 
7.07998E+01 8.59996E-01  1.03495E-05  8.59859E-01 
7.08998E+01 8.54996E-01  1.01605E-05  8.54844E-01 
7.09998E+01 8.49996E-01  9.97060E-06  8.49829E-01 
7.10998E+01 8.44996E-01  9.78119E-06  8.44823E-01 
7.11998E+01 8.39996E-01  9.59422E-06  8.39833E-01 
7.12998E+01 8.34996E-01  9.39664E-06  8.34844E-01 
7.13998E+01 8.29996E-01  9.20713E-06  8.29843E-01 
7.14998E+01 8.24996E-01  9.01776E-06  8.24845E-01 
7.15998E+01 8.19996E-01  8.82153E-06  8.19853E-01 
7.16998E+01 8.14996E-01  8.61830E-06  8.14858E-01 
7.17998E+01 8.09996E-01  8.42025E-06  8.09825E-01 
7.18998E+01 8.04996E-01  8.21767E-06  8.04823E-01 
7.19998E+01 7.99996E-01  8.00728E-06  7.99829E-01 
7.20998E+01 7.94996E-01  7.81105E-06  7.94832E-01 
7.21998E+01 7.89996E-01  7.61050E-06  7.89822E-01 
7.22998E+01 7.84996E-01  7.42129E-06  7.84803E-01 
7.23998E+01 7.79996E-01  7.22406E-06  7.79790E-01 
7.24998E+01 7.74996E-01  7.00474E-06  7.74781E-01 
7.25998E+01 7.69996E-01  6.80019E-06  7.69774E-01 
7.26998E+01 7.64996E-01  6.59027E-06  7.64781E-01 
7.27998E+01 7.59996E-01  6.37402E-06  7.59781E-01 
7.28998E+01 7.54996E-01  6.17129E-06  7.54785E-01 
7.29998E+01 7.49996E-01  5.96360E-06  7.49758E-01 
7.30998E+01 7.44996E-01  5.75710E-06  7.44761E-01 
7.31998E+01 7.39996E-01  5.54940E-06  7.39772E-01 
7.32998E+01 7.34996E-01  5.33333E-06  7.34766E-01 
7.33998E+01 7.29996E-01  5.12097E-06  7.29759E-01 
7.34998E+01 7.24996E-01  4.90893E-06  7.24769E-01 
7.35998E+01 7.19996E-01  4.68516E-06  7.19783E-01 
7.36998E+01 7.14996E-01  4.46943E-06  7.14752E-01 
7.37998E+01 7.09996E-01  4.25434E-06  7.09749E-01 
7.38998E+01 7.04996E-01  4.03906E-06  7.04745E-01 
7.39998E+01 6.99996E-01  3.82901E-06  6.99755E-01 
7.40998E+01 6.94996E-01  3.61102E-06  6.94729E-01 
7.41998E+01 6.89996E-01  3.40119E-06  6.89726E-01 
7.42998E+01 6.84996E-01  3.13901E-06  6.84736E-01 
7.43998E+01 6.79996E-01  2.91521E-06  6.79754E-01 
7.44998E+01 6.74996E-01  2.69655E-06  6.74724E-01 
7.45998E+01 6.69996E-01  2.47491E-06  6.69707E-01 
7.46998E+01 6.64996E-01  2.26886E-06  6.64725E-01 
7.47998E+01 6.59996E-01  2.04221E-06  6.59736E-01 
7.48998E+01 6.54996E-01  1.82343E-06  6.54716E-01 
7.49998E+01 6.49996E-01  1.59700E-06  6.49714E-01 
7.50998E+01 6.44996E-01  1.36529E-06  6.44718E-01 
7.51998E+01 6.39996E-01  1.14864E-06  6.39722E-01 
7.52998E+01 6.34996E-01  9.08922E-07  6.34720E-01 
7.53998E+01 6.29996E-01  7.03554E-07  6.29695E-01 
7.54998E+01 6.24996E-01  4.61522E-07  6.24698E-01 
7.55998E+01 6.19996E-01  2.10831E-07  6.19696E-01 
7.56998E+01 6.14996E-01  -1.31542E-08 6.14703E-01 
7.57998E+01 6.09996E-01  -2.60278E-07 6.09704E-01 
7.58998E+01 6.04996E-01  -5.02747E-07 6.04697E-01 
7.59998E+01 5.99996E-01  -7.52994E-07 5.99693E-01 
7.60998E+01 5.94997E-01  -1.03633E-06 5.94706E-01 
7.61998E+01 5.89997E-01  -1.26366E-06 5.89686E-01 
7.62998E+01 5.84997E-01  -1.45583E-06 5.84675E-01 
7.63998E+01 5.79997E-01  -1.73778E-06 5.79692E-01 
7.64998E+01 5.74997E-01  -1.98706E-06 5.74719E-01 
7.65998E+01 5.69997E-01  -2.23605E-06 5.69685E-01 
7.66998E+01 5.64997E-01  -2.46117E-06 5.64676E-01 
7.67998E+01 5.59997E-01  -2.77532E-06 5.59691E-01 
7.68998E+01 5.54997E-01  -3.06899E-06 5.54689E-01 
7.69998E+01 5.49997E-01  -3.35279E-06 5.49686E-01 
7.70998E+01 5.44997E-01  -3.61823E-06 5.44662E-01 
7.71998E+01 5.39997E-01  -3.89524E-06 5.39685E-01 
7.72998E+01 5.34997E-01  -4.26498E-06 5.34682E-01 
7.73998E+01 5.29997E-01  -4.53161E-06 5.29672E-01 
7.74998E+01 5.24997E-01  -4.83877E-06 5.24659E-01 
7.75998E+01 5.19997E-01  -5.14716E-06 5.19652E-01 
7.76998E+01 5.14997E-01  -5.46808E-06 5.14668E-01 
7.77998E+01 5.09997E-01  -5.77021E-06 5.09675E-01 
7.78998E+01 5.04997E-01  -6.06086E-06 5.04650E-01 
7.79998E+01 4.99997E-01  -6.49047E-06 4.99666E-01 
7.80998E+01 4.94997E-01  -6.80515E-06 4.94670E-01 
7.81998E+01 4.89997E-01  -7.10401E-06 4.89662E-01 
7.82998E+01 4.84997E-01  -7.48994E-06 4.84632E-01 
7.83998E+01 4.79997E-01  -7.84704E-06 4.79648E-01 
7.84998E+01 4.74997E-01  -8.21259E-06 4.74641E-01 
7.85998E+01 4.69997E-01  -8.58193E-06 4.69644E-01 
7.86998E+01 4.64997E-01  -8.95719E-06 4.64637E-01 
7.87998E+01 4.59997E-01  -9.33333E-06 4.59611E-01 
7.88998E+01 4.54997E-01  -9.69829E-06 4.54621E-01 
7.89998E+01 4.49997E-01  -1.00598E-05 4.49602E-01 
7.90998E+01 4.44997E-01  -1.04698E-05 4.44591E-01 
7.91998E+01 4.39997E-01  -1.08961E-05 4.39610E-01 
7.92998E+01 4.34997E-01  -1.13135E-05 4.34617E-01 
7.93998E+01 4.29997E-01  -1.16834E-05 4.29589E-01 
7.94998E+01 4.24997E-01  -1.20287E-05 4.24602E-01 
7.95998E+01 4.19997E-01  -1.24629E-05 4.19591E-01 
7.96998E+01 4.14997E-01  -1.29058E-05 4.14616E-01 
7.97998E+01 4.09997E-01  -1.33687E-05 4.09575E-01 
7.98998E+01 4.04997E-01  -1.37719E-05 4.04565E-01 
7.99998E+01 3.99997E-01  -1.42154E-05 3.99578E-01 
8.00998E+01 3.94997E-01  -1.46989E-05 3.94607E-01 
8.01998E+01 3.89997E-01  -1.50778E-05 3.89568E-01 
8.02998E+01 3.84997E-01  -1.55252E-05 3.84566E-01 
8.03998E+01 3.79997E-01  -1.59591E-05 3.79575E-01 
8.04998E+01 3.74997E-01  -1.64519E-05 3.74565E-01 
8.05998E+01 3.69997E-01  -1.69863E-05 3.69572E-01 
8.06998E+01 3.64997E-01  -1.74120E-05 3.64548E-01 
8.07998E+01 3.59997E-01  -1.78672E-05 3.59560E-01 
8.08998E+01 3.54997E-01  -1.83854E-05 3.54578E-01 
8.09998E+01 3.49997E-01  -1.87974E-05 3.49555E-01 
8.10998E+01 3.44997E-01  -1.93224E-05 3.44567E-01 
8.11998E+01 3.39997E-01  -1.98330E-05 3.39551E-01 
8.12998E+01 3.34997E-01  -2.03796E-05 3.34544E-01 
8.13998E+01 3.29997E-01  -2.08599E-05 3.29549E-01 
8.14998E+01 3.24997E-01  -2.13829E-05 3.24524E-01 
8.15998E+01 3.19997E-01  -2.18522E-05 3.19548E-01 
8.16998E+01 3.14997E-01  -2.23976E-05 3.14535E-01 
8.17998E+01 3.09997E-01  -2.29368E-05 3.09550E-01 
8.18998E+01 3.04997E-01  -2.35308E-05 3.04534E-01 
8.19998E+01 2.99997E-01  -2.40342E-05 2.99523E-01 
8.20998E+01 2.94997E-01  -2.45727E-05 2.94498E-01 
8.21998E+01 2.89997E-01  -2.51815E-05 2.89504E-01 
8.22998E+01 2.84997E-01  -2.57082E-05 2.84528E-01 
8.23998E+01 2.79997E-01  -2.62127E-05 2.79517E-01 
8.24998E+01 2.74997E-01  -2.67993E-05 2.74509E-01 
8.25998E+01 2.69997E-01  -2.74035E-05 2.69538E-01 
8.26998E+01 2.64997E-01  -2.78533E-05 2.64511E-01 
8.27998E+01 2.59997E-01  -2.83487E-05 2.59514E-01 
8.28998E+01 2.54997E-01  -2.90306E-05 2.54506E-01 
8.29998E+01 2.49997E-01  -2.96098E-05 2.49494E-01 
8.30998E+01 2.44997E-01  -3.01504E-05 2.44497E-01 
8.31998E+01 2.39997E-01  -3.06552E-05 2.39517E-01 
8.32998E+01 2.34997E-01  -3.12619E-05 2.34510E-01 
8.33998E+01 2.29997E-01  -3.18852E-05 2.29497E-01 
8.34998E+01 2.24997E-01  -3.23968E-05 2.24495E-01 
8.35998E+01 2.19997E-01  -3.29348E-05 2.19516E-01 
8.36998E+01 2.14997E-01  -3.34955E-05 2.14494E-01 
8.37998E+01 2.09997E-01  -3.40705E-05 2.09465E-01 
8.38998E+01 2.04997E-01  -3.46147E-05 2.04478E-01 
8.39998E+01 1.99997E-01  -3.52407E-05 1.99494E-01 
8.40998E+01 1.94998E-01  -3.58428E-05 1.94472E-01 
8.41998E+01 1.89998E-01  -3.63746E-05 1.89464E-01 
8.42998E+01 1.84998E-01  -3.69211E-05 1.84486E-01 
8.43998E+01 1.79998E-01  -3.75072E-05 1.79492E-01 
8.44998E+01 1.74998E-01  -3.80689E-05 1.74485E-01 
8.45998E+01 1.69998E-01  -3.86617E-05 1.69467E-01 
8.46998E+01 1.64998E-01  -3.92368E-05 1.64450E-01 
8.47998E+01 1.59998E-01  -3.99257E-05 1.59490E-01 
8.48998E+01 1.54998E-01  -4.06212E-05 1.54458E-01 
8.49998E+01 1.49998E-01  -4.12365E-05 1.49440E-01 
8.50998E+01 1.44998E-01  -4.17674E-05 1.44458E-01 
8.51998E+01 1.39998E-01  -4.23426E-05 1.39469E-01 
8.52998E+01 1.34998E-01  -4.29747E-05 1.34435E-01 
8.53998E+01 1.29998E-01  -4.36523E-05 1.29411E-01 
8.54998E+01 1.24998E-01  -4.43144E-05 1.24429E-01 
8.55998E+01 1.19998E-01  -4.50115E-05 1.19434E-01 
8.56998E+01 1.14998E-01  -4.57336E-05 1.14427E-01 
8.57998E+01 1.09998E-01  -4.65039E-05 1.09412E-01 
8.58998E+01 1.04998E-01  -4.71779E-05 1.04414E-01 
8.59998E+01 9.99977E-02  -4.79626E-05 9.94101E-02 
8.60998E+01 9.49978E-02  -4.88406E-05 9.44080E-02 
8.61998E+01 8.99978E-02  -4.97226E-05 8.93821E-02 
8.62998E+01 8.49978E-02  -5.05631E-05 8.43993E-02 
8.63998E+01 7.99978E-02  -5.14223E-05 7.94052E-02 
8.64998E+01 7.49978E-02  -5.23547E-05 7.43937E-02 
8.65998E+01 6.99978E-02  -5.33925E-05 6.93840E-02 
8.66998E+01 6.49978E-02  -5.42483E-05 6.44000E-02 
8.67998E+01 5.99978E-02  -5.52017E-05 5.93928E-02 
8.68998E+01 5.49979E-02  -5.62589E-05 5.44018E-02 
8.69998E+01 4.99979E-02  -5.74121E-05 4.93985E-02 
8.70998E+01 4.49979E-02  -5.84850E-05 4.43969E-02 
8.71998E+01 3.99979E-02  -5.96403E-05 3.94029E-02 
8.72998E+01 3.49979E-02  -6.09613E-05 3.43857E-02 
8.73998E+01 2.99979E-02  -6.20464E-05 2.93854E-02 
8.74998E+01 2.49979E-02  -6.33150E-05 2.43820E-02 
8.75998E+01 1.99979E-02  -6.45164E-05 1.93910E-02 
8.76998E+01 1.49980E-02  -6.59191E-05 1.43683E-02 
8.77998E+01 9.99797E-03  -6.73539E-05 9.37051E-03 
8.78998E+01 4.99799E-03  -6.86922E-05 4.33275E-03 
8.79998E+01 -2.00000E-06 -7.01613E-05 -6.34461E-04
8.80998E+01 -5.00199E-03 -7.17254E-05 -5.64536E-03
8.81998E+01 -1.00020E-02 -7.33484E-05 -1.06400E-02
8.82998E+01 -1.50020E-02 -7.51410E-05 -1.56428E-02
8.83998E+01 -2.00020E-02 -7.69173E-05 -2.06463E-02
8.84998E+01 -2.50019E-02 -7.86582E-05 -2.56228E-02
8.85998E+01 -3.00019E-02 -8.06595E-05 -3.06325E-02
8.86998E+01 -3.50019E-02 -8.26216E-05 -3.56502E-02
8.87998E+01 -4.00019E-02 -8.44769E-05 -4.06555E-02
8.88998E+01 -4.50019E-02 -8.66711E-05 -4.56121E-02
8.89998E+01 -5.00019E-02 -8.86847E-05 -5.06306E-02
8.90998E+01 -5.50019E-02 -9.05109E-05 -5.56440E-02
8.91998E+01 -6.00019E-02 -9.27584E-05 -6.06574E-02
8.92998E+01 -6.50018E-02 -9.48954E-05 -6.56371E-02
8.93998E+01 -7.00018E-02 -9.70102E-05 -7.06186E-02
8.94998E+01 -7.50018E-02 -9.94333E-05 -7.56370E-02
8.95998E+01 -8.00018E-02 -1.01820E-04 -8.06636E-02
8.96998E+01 -8.50018E-02 -1.04283E-04 -8.56520E-02
8.97998E+01 -9.00018E-02 -1.06549E-04 -9.06379E-02
8.98998E+01 -9.50018E-02 -1.08762E-04 -9.56513E-02
8.99998E+01 -1.00002E-01 -1.11069E-04 -1.00693E-01
9.00998E+01 -1.05002E-01 -1.13336E-04 -1.05666E-01
9.01998E+01 -1.10002E-01 -1.15670E-04 -1.10662E-01
9.02998E+01 -1.15002E-01 -1.17982E-04 -1.15662E-01
9.03998E+01 -1.20002E-01 -1.20203E-04 -1.20676E-01
9.04998E+01 -1.25002E-01 -1.22481E-04 -1.25662E-01
9.05998E+01 -1.30002E-01 -1.24749E-04 -1.30640E-01
9.06998E+01 -1.35002E-01 -1.26896E-04 -1.35661E-01
9.07998E+01 -1.40002E-01 -1.29256E-04 -1.40671E-01
9.08998E+01 -1.45002E-01 -1.31648E-04 -1.45687E-01
9.09998E+01 -1.50002E-01 -1.33940E-04 -1.50678E-01
9.10998E+01 -1.55002E-01 -1.36220E-04 -1.55682E-01
9.11998E+01 -1.60002E-01 -1.38508E-04 -1.60706E-01
9.12998E+01 -1.65002E-01 -1.40820E-04 -1.65705E-01
9.13998E+01 -1.70002E-01 -1.43227E-04 -1.70708E-01
9.14998E+01 -1.75002E-01 -1.45699E-04 -1.75725E-01
9.15998E+01 -1.80002E-01 -1.48078E-04 -1.80714E-01
9.16998E+01 -1.85002E-01 -1.50519E-04 -1.85717E-01
9.17998E+01 -1.90002E-01 -1.53185E-04 -1.90721E-01
9.18998E+01 -1.95002E-01 -1.55846E-04 -1.95728E-01
9.19998E+01 -2.00002E-01 -1.58389E-04 -2.00719E-01
9.20998E+01 -2.05001E-01 -1.61029E-04 -2.05741E-01
9.21998E+01 -2.10001E-01 -1.63935E-04 -2.10742E-01
9.22998E+01 -2.15001E-01 -1.66866E-04 -2.15740E-01
9.23998E+01 -2.20001E-01 -1.69836E-04 -2.20739E-01
9.24998E+01 -2.25001E-01 -1.73079E-04 -2.25738E-01
9.25998E+01 -2.30001E-01 -1.75914E-04 -2.30745E-01
9.26998E+01 -2.35001E-01 -1.79000E-04 -2.35746E-01
9.27998E+01 -2.40001E-01 -1.82112E-04 -2.40757E-01
9.28998E+01 -2.45001E-01 -1.85227E-04 -2.45748E-01
9.29998E+01 -2.50001E-01 -1.88549E-04 -2.50741E-01
9.30998E+01 -2.55001E-01 -1.91970E-04 -2.55751E-01
9.31998E+01 -2.60001E-01 -1.95050E-04 -2.60751E-01
9.32998E+01 -2.65001E-01 -1.98274E-04 -2.65744E-01
9.33998E+01 -2.70001E-01 -2.01110E-04 -2.70738E-01
9.34998E+01 -2.75001E-01 -2.04289E-04 -2.75742E-01
9.35998E+01 -2.80001E-01 -2.06911E-04 -2.80745E-01
9.36998E+01 -2.85001E-01 -2.09383E-04 -2.85752E-01
9.37998E+01 -2.90001E-01 -2.11870E-04 -2.90737E-01
9.38998E+01 -2.95001E-01 -2.13125E-04 -2.95749E-01
9.39998E+01 -3.00001E-01 -2.14233E-04 -3.00784E-01
9.40998E+01 -3.05001E-01 -2.14621E-04 -3.05785E-01
9.41998E+01 -3.10001E-01 -2.13814E-04 -3.10769E-01
9.42998E+01 -3.15001E-01 -2.10701E-04 -3.15767E-01
9.43998E+01 -3.20001E-01 -2.04037E-04 -3.20781E-01
9.44998E+01 -3.25001E-01 -1.92470E-04 -3.25797E-01
9.45998E+01 -3.30001E-01 -1.71982E-04 -3.30799E-01
9.46998E+01 -3.35001E-01 -1.39980E-04 -3.35797E-01
9.47998E+01 -3.40001E-01 -1.10373E-04 -3.40784E-01
9.48998E+01 -3.45001E-01 -9.20628E-05 -3.45787E-01
9.49998E+01 -3.50001E-01 -8.05977E-05 -3.50802E-01
9.50998E+01 -3.55001E-01 -7.32045E-05 -3.55830E-01
9.51998E+01 -3.60001E-01 -6.80454E-05 -3.60800E-01
9.52998E+01 -3.65001E-01 -6.44134E-05 -3.65788E-01
9.53998E+01 -3.70001E-01 -6.17094E-05 -3.70792E-01
9.54998E+01 -3.75001E-01 -5.90474E-05 -3.75816E-01
9.55998E+01 -3.80001E-01 -5.68263E-05 -3.80808E-01
9.56998E+01 -3.85001E-01 -5.48912E-05 -3.85789E-01
9.57998E+01 -3.90001E-01 -5.31941E-05 -3.90802E-01
9.58998E+01 -3.95001E-01 -5.16919E-05 -3.95829E-01
9.59998E+01 -4.00001E-01 -5.03739E-05 -4.00833E-01
9.60998E+01 -4.05001E-01 -4.92488E-05 -4.05812E-01
9.61998E+01 -4.10001E-01 -4.81594E-05 -4.10815E-01
9.62998E+01 -4.15001E-01 -4.71477E-05 -4.15835E-01
9.63998E+01 -4.20001E-01 -4.62342E-05 -4.20813E-01
9.64998E+01 -4.25001E-01 -4.54102E-05 -4.25829E-01
9.65998E+01 -4.30001E-01 -4.46413E-05 -4.30847E-01
9.66998E+01 -4.35001E-01 -4.39000E-05 -4.35855E-01
9.67998E+01 -4.40001E-01 -4.32434E-05 -4.40860E-01
9.68998E+01 -4.45001E-01 -4.26607E-05 -4.45856E-01
9.69998E+01 -4.50001E-01 -4.20880E-05 -4.50866E-01
9.70998E+01 -4.55001E-01 -4.15556E-05 -4.55873E-01
9.71998E+01 -4.60001E-01 -4.10838E-05 -4.60838E-01
9.72998E+01 -4.65001E-01 -4.06326E-05 -4.65834E-01
9.73998E+01 -4.70001E-01 -4.02078E-05 -4.70858E-01
9.74998E+01 -4.75001E-01 -4.03065E-05 -4.75869E-01
9.75998E+01 -4.80001E-01 -3.99668E-05 -4.80843E-01
9.76998E+01 -4.85001E-01 -3.96620E-05 -4.85863E-01
9.77998E+01 -4.90001E-01 -3.93778E-05 -4.90883E-01
9.78998E+01 -4.95001E-01 -3.90916E-05 -4.95876E-01
9.79998E+01 -5.00001E-01 -3.88612E-05 -5.00885E-01
9.80998E+01 -5.05001E-01 -3.86405E-05 -5.05902E-01
9.81998E+01 -5.10001E-01 -3.84584E-05 -5.10906E-01
9.82998E+01 -5.15001E-01 -3.83094E-05 -5.15906E-01
9.83998E+01 -5.20001E-01 -3.81874E-05 -5.20899E-01
9.84998E+01 -5.25001E-01 -3.80874E-05 -5.25903E-01
9.85998E+01 -5.30001E-01 -3.80008E-05 -5.30894E-01
9.86998E+01 -5.35001E-01 -3.79421E-05 -5.35900E-01
9.87998E+01 -5.40001E-01 -3.78942E-05 -5.40903E-01
9.88998E+01 -5.45001E-01 -3.78465E-05 -5.45898E-01
9.89998E+01 -5.50001E-01 -3.78187E-05 -5.50915E-01
9.90998E+01 -5.55001E-01 -3.77707E-05 -5.55921E-01
9.91998E+01 -5.60001E-01 -3.77990E-05 -5.60917E-01
9.92998E+01 -5.65001E-01 -3.77852E-05 -5.65925E-01
9.93998E+01 -5.70001E-01 -3.78096E-05 -5.70909E-01
9.94998E+01 -5.75001E-01 -3.78262E-05 -5.75925E-01
9.95998E+01 -5.80001E-01 -3.78398E-05 -5.80923E-01
9.96998E+01 -5.85001E-01 -3.78846E-05 -5.85905E-01
9.97998E+01 -5.90001E-01 -3.79249E-05 -5.90927E-01
9.98998E+01 -5.95001E-01 -3.79665E-05 -5.95949E-01
9.99997E+01 -6.00001E-01 -3.80259E-05 -6.00920E-01
1.00100E+02 -6.05000E-01 -3.80954E-05 -6.05917E-01
1.00200E+02 -6.10000E-01 -3.81319E-05 -6.10935E-01
1.00300E+02 -6.15000E-01 -3.81998E-05 -6.15927E-01
1.00400E+02 -6.20000E-01 -3.82622E-05 -6.20925E-01
1.00500E+02 -6.25000E-01 -3.83196E-05 -6.25938E-01
1.00600E+02 -6.30000E-01 -3.83687E-05 -6.30945E-01
1.00700E+02 -6.35000E-01 -3.84352E-05 -6.35957E-01
1.00800E+02 -6.40000E-01 -3.85009E-05 -6.40944E-01
1.00900E+02 -6.45000E-01 -3.85319E-05 -6.45927E-01
1.01000E+02 -6.50000E-01 -3.85905E-05 -6.50956E-01
1.01100E+02 -6.55000E-01 -3.86536E-05 -6.55978E-01
1.01200E+02 -6.60000E-01 -3.86908E-05 -6.60968E-01
1.01300E+02 -6.65000E-01 -3.87641E-05 -6.65969E-01
1.01400E+02 -6.70000E-01 -3.87607E-05 -6.70983E-01
1.01500E+02 -6.75000E-01 -3.88238E-05 -6.76000E-01
1.01600E+02 -6.80000E-01 -3.88514E-05 -6.80990E-01
1.01700E+02 -6.85000E-01 -3.89192E-05 -6.85992E-01
1.01800E+02 -6.90000E-01 -3.89319E-05 -6.90993E-01
1.01900E+02 -6.95000E-01 -3.89447E-05 -6.95993E-01
1.02000E+02 -7.00000E-01 -3.90144E-05 -7.01005E-01
1.02100E+02 -7.05000E-01 -3.90825E-05 -7.05998E-01
1.02200E+02 -7.10000E-01 -3.91245E-05 -7.10989E-01
1.02300E+02 -7.15000E-01 -3.91411E-05 -7.16013E-01
1.02400E+02 -7.20000E-01 -3.92070E-05 -7.21025E-01
1.02500E+02 -7.25000E-01 -3.92363E-05 -7.26023E-01
1.02600E+02 -7.30000E-01 -3.93100E-05 -7.30999E-01
1.02700E+02 -7.35000E-01 -3.93969E-05 -7.36001E-01
1.02800E+02 -7.40000E-01 -3.94481E-05 -7.40985E-01
1.02900E+02 -7.45000E-01 -3.95376E-05 -7.46014E-01
1.03000E+02 -7.50000E-01 -3.96066E-05 -7.51010E-01
1.03100E+02 -7.55000E-01 -3.97097E-05 -7.56006E-01
1.03200E+02 -7.60000E-01 -3.98291E-05 -7.61022E-01
1.03300E+02 -7.65000E-01 -3.99410E-05 -7.66024E-01
1.03400E+02 -7.70000E-01 -4.00282E-05 -7.70989E-01
1.03500E+02 -7.75000E-01 -4.01025E-05 -7.76027E-01
1.03600E+02 -7.80000E-01 -4.02477E-05 -7.81020E-01
1.03700E+02 -7.85000E-01 -4.04012E-05 -7.86038E-01
1.03800E+02 -7.90000E-01 -4.05466E-05 -7.91023E-01
1.03900E+02 -7.95000E-01 -4.06938E-05 -7.96037E-01
