time/s      E/V        I/A
0.00000E+00 -8.00000E-01 -3.50184E-05 -8.01153E-01
9.99997E-02 -7.95000E-01 -3.39927E-05 -7.96134E-01
1.99999E-01 -7.90000E-01 -3.31407E-05 -7.91121E-01
2.99999E-01 -7.85000E-01 -3.23584E-05 -7.86142E-01
3.99999E-01 -7.80000E-01 -3.16296E-05 -7.81130E-01
4.99999E-01 -7.75000E-01 -3.09088E-05 -7.76136E-01
5.99998E-01 -7.70000E-01 -3.03301E-05 -7.71121E-01
6.99998E-01 -7.65000E-01 -2.96990E-05 -7.66131E-01
7.99998E-01 -7.60000E-01 -2.92559E-05 -7.61132E-01
8.99998E-01 -7.55000E-01 -2.86101E-05 -7.56133E-01
9.99997E-01 -7.50000E-01 -2.80941E-05 -7.51115E-01
1.10000E+00 -7.45000E-01 -2.75401E-05 -7.46124E-01
1.20000E+00 -7.40000E-01 -2.71221E-05 -7.41134E-01
1.30000E+00 -7.35000E-01 -2.66246E-05 -7.36114E-01
1.40000E+00 -7.30000E-01 -2.62074E-05 -7.31122E-01
1.50000E+00 -7.25000E-01 -2.57066E-05 -7.26100E-01
1.60000E+00 -7.20000E-01 -2.52448E-05 -7.21113E-01
1.70000E+00 -7.15000E-01 -2.48718E-05 -7.16100E-01
1.80000E+00 -7.10000E-01 -2.44374E-05 -7.11122E-01
1.90000E+00 -7.05000E-01 -2.40856E-05 -7.06108E-01
1.99999E+00 -7.00000E-01 -2.37252E-05 -7.01105E-01
2.09999E+00 -6.95000E-01 -2.33641E-05 -6.96132E-01
2.19999E+00 -6.90000E-01 -2.29562E-05 -6.91120E-01
2.29999E+00 -6.85000E-01 -2.25958E-05 -6.86101E-01
2.39999E+00 -6.80000E-01 -2.22747E-05 -6.81100E-01
2.49999E+00 -6.75000E-01 -2.19596E-05 -6.76103E-01
2.59999E+00 -6.70000E-01 -2.16589E-05 -6.71107E-01
2.69999E+00 -6.65000E-01 -2.13184E-05 -6.66087E-01
2.79999E+00 -6.60000E-01 -2.09968E-05 -6.61107E-01
2.89999E+00 -6.55000E-01 -2.07269E-05 -6.56110E-01
2.99999E+00 -6.50000E-01 -2.04353E-05 -6.51085E-01
3.09999E+00 -6.45000E-01 -2.01284E-05 -6.46080E-01
3.19999E+00 -6.40000E-01 -1.98702E-05 -6.41070E-01
3.29999E+00 -6.35000E-01 -1.95105E-05 -6.36080E-01
3.39999E+00 -6.30000E-01 -1.92511E-05 -6.31061E-01
3.49999E+00 -6.25000E-01 -1.89936E-05 -6.26046E-01
3.59999E+00 -6.20000E-01 -1.87284E-05 -6.21045E-01
3.69999E+00 -6.15000E-01 -1.84423E-05 -6.16052E-01
3.79999E+00 -6.10000E-01 -1.82059E-05 -6.11054E-01
3.89999E+00 -6.05000E-01 -1.79472E-05 -6.06038E-01
3.99999E+00 -6.00001E-01 -1.77361E-05 -6.01041E-01
4.09999E+00 -5.95001E-01 -1.75199E-05 -5.96062E-01
4.19999E+00 -5.90001E-01 -1.72915E-05 -5.91060E-01
4.29999E+00 -5.85001E-01 -1.70603E-05 -5.86024E-01
4.39999E+00 -5.80001E-01 -1.68536E-05 -5.81018E-01
4.49999E+00 -5.75001E-01 -1.65935E-05 -5.76043E-01
4.59999E+00 -5.70001E-01 -1.63963E-05 -5.71042E-01
4.69999E+00 -5.65001E-01 -1.61863E-05 -5.66036E-01
4.79999E+00 -5.60001E-01 -1.60358E-05 -5.61014E-01
4.89999E+00 -5.55001E-01 -1.58262E-05 -5.56026E-01
4.99999E+00 -5.50001E-01 -1.56531E-05 -5.51016E-01
5.09999E+00 -5.45001E-01 -1.54604E-05 -5.46026E-01
5.19999E+00 -5.40001E-01 -1.52574E-05 -5.41012E-01
5.29999E+00 -5.35001E-01 -1.50495E-05 -5.36020E-01
5.39999E+00 -5.30001E-01 -1.48289E-05 -5.31025E-01
5.49999E+00 -5.25001E-01 -1.46465E-05 -5.26032E-01
5.59999E+00 -5.20001E-01 -1.44589E-05 -5.21007E-01
5.69999E+00 -5.15001E-01 -1.42695E-05 -5.16038E-01
5.79999E+00 -5.10001E-01 -1.41139E-05 -5.11018E-01
5.89999E+00 -5.05001E-01 -1.39317E-05 -5.05993E-01
5.99998E+00 -5.00001E-01 -1.37727E-05 -5.00991E-01
6.09998E+00 -4.95001E-01 -1.35895E-05 -4.96007E-01
6.19998E+00 -4.90001E-01 -1.34226E-05 -4.90999E-01
6.29998E+00 -4.85001E-01 -1.32330E-05 -4.86011E-01
6.39998E+00 -4.80001E-01 -1.30838E-05 -4.80984E-01
6.49998E+00 -4.75001E-01 -1.28801E-05 -4.75980E-01
6.59998E+00 -4.70001E-01 -1.27175E-05 -4.70968E-01
6.69998E+00 -4.65001E-01 -1.25605E-05 -4.65957E-01
6.79998E+00 -4.60001E-01 -1.23871E-05 -4.60975E-01
6.89998E+00 -4.55001E-01 -1.22326E-05 -4.55985E-01
6.99998E+00 -4.50001E-01 -1.20606E-05 -4.50974E-01
7.09998E+00 -4.45001E-01 -1.18841E-05 -4.45968E-01
7.19998E+00 -4.40001E-01 -1.17324E-05 -4.40958E-01
7.29998E+00 -4.35001E-01 -1.15551E-05 -4.35977E-01
7.39998E+00 -4.30001E-01 -1.13878E-05 -4.30966E-01
7.49998E+00 -4.25001E-01 -1.12060E-05 -4.25937E-01
7.59998E+00 -4.20001E-01 -1.10328E-05 -4.20946E-01
7.69998E+00 -4.15001E-01 -1.08685E-05 -4.15961E-01
7.79998E+00 -4.10001E-01 -1.07170E-05 -4.10971E-01
7.89998E+00 -4.05001E-01 -1.05580E-05 -4.05927E-01
7.99998E+00 -4.00001E-01 -1.04003E-05 -4.00933E-01
8.09998E+00 -3.95001E-01 -1.02461E-05 -3.95955E-01
8.19998E+00 -3.90001E-01 -1.00929E-05 -3.90922E-01
8.29998E+00 -3.85001E-01 -9.92948E-06 -3.85926E-01
8.39998E+00 -3.80001E-01 -9.77584E-06 -3.80934E-01
8.49998E+00 -3.75001E-01 -9.62762E-06 -3.75951E-01
8.59998E+00 -3.70001E-01 -9.47399E-06 -3.70927E-01
8.69998E+00 -3.65001E-01 -9.32402E-06 -3.65925E-01
8.79998E+00 -3.60001E-01 -9.18241E-06 -3.60924E-01
8.89998E+00 -3.55001E-01 -9.05851E-06 -3.55948E-01
8.99998E+00 -3.50001E-01 -8.90700E-06 -3.50917E-01
9.09998E+00 -3.45001E-01 -8.75921E-06 -3.45913E-01
9.19998E+00 -3.40001E-01 -8.64011E-06 -3.40896E-01
9.29998E+00 -3.35001E-01 -8.49012E-06 -3.35906E-01
9.39998E+00 -3.30001E-01 -8.36545E-06 -3.30899E-01
9.49998E+00 -3.25001E-01 -8.23121E-06 -3.25894E-01
9.59998E+00 -3.20001E-01 -8.09637E-06 -3.20873E-01
9.69998E+00 -3.15001E-01 -7.95720E-06 -3.15886E-01
9.79998E+00 -3.10001E-01 -7.84381E-06 -3.10870E-01
9.89998E+00 -3.05001E-01 -7.71191E-06 -3.05879E-01
9.99997E+00 -3.00001E-01 -7.57782E-06 -3.00883E-01
1.01000E+01 -2.95001E-01 -7.44070E-06 -2.95841E-01
1.02000E+01 -2.90001E-01 -7.31843E-06 -2.90876E-01
1.03000E+01 -2.85001E-01 -7.18349E-06 -2.85867E-01
1.04000E+01 -2.80001E-01 -7.05040E-06 -2.80861E-01
1.05000E+01 -2.75001E-01 -6.92015E-06 -2.75871E-01
1.06000E+01 -2.70001E-01 -6.79196E-06 -2.70852E-01
1.07000E+01 -2.65001E-01 -6.65909E-06 -2.65858E-01
1.08000E+01 -2.60001E-01 -6.52900E-06 -2.60862E-01
1.09000E+01 -2.55001E-01 -6.39896E-06 -2.55846E-01
1.10000E+01 -2.50001E-01 -6.27071E-06 -2.50842E-01
1.11000E+01 -2.45001E-01 -6.14409E-06 -2.45846E-01
1.12000E+01 -2.40001E-01 -6.02102E-06 -2.40848E-01
1.13000E+01 -2.35001E-01 -5.89538E-06 -2.35825E-01
1.14000E+01 -2.30001E-01 -5.77646E-06 -2.30832E-01
1.15000E+01 -2.25001E-01 -5.65134E-06 -2.25821E-01
1.16000E+01 -2.20001E-01 -5.54411E-06 -2.20850E-01
1.17000E+01 -2.15001E-01 -5.40122E-06 -2.15828E-01
1.18000E+01 -2.10001E-01 -5.28178E-06 -2.10826E-01
1.19000E+01 -2.05001E-01 -5.15906E-06 -2.05822E-01
1.20000E+01 -2.00002E-01 -5.02819E-06 -2.00847E-01
1.21000E+01 -1.95002E-01 -4.90247E-06 -1.95830E-01
1.22000E+01 -1.90002E-01 -4.78075E-06 -1.90807E-01
1.23000E+01 -1.85002E-01 -4.65783E-06 -1.85815E-01
1.24000E+01 -1.80002E-01 -4.55595E-06 -1.80811E-01
1.25000E+01 -1.75002E-01 -4.43118E-06 -1.75799E-01
1.26000E+01 -1.70002E-01 -4.29552E-06 -1.70783E-01
1.27000E+01 -1.65002E-01 -4.16882E-06 -1.65804E-01
1.28000E+01 -1.60002E-01 -4.05013E-06 -1.60798E-01
1.29000E+01 -1.55002E-01 -3.91478E-06 -1.55796E-01
1.30000E+01 -1.50002E-01 -3.80926E-06 -1.50789E-01
1.31000E+01 -1.45002E-01 -3.71924E-06 -1.45801E-01
1.32000E+01 -1.40002E-01 -3.59700E-06 -1.40786E-01
1.33000E+01 -1.35002E-01 -3.45263E-06 -1.35799E-01
1.34000E+01 -1.30002E-01 -3.32035E-06 -1.30773E-01
1.35000E+01 -1.25002E-01 -3.16128E-06 -1.25780E-01
1.36000E+01 -1.20002E-01 -3.03323E-06 -1.20778E-01
1.37000E+01 -1.15002E-01 -2.90769E-06 -1.15768E-01
1.38000E+01 -1.10002E-01 -2.77732E-06 -1.10758E-01
1.39000E+01 -1.05002E-01 -2.64597E-06 -1.05758E-01
1.40000E+01 -1.00002E-01 -2.51978E-06 -1.00782E-01
1.41000E+01 -9.50018E-02 -2.37801E-06 -9.57600E-02
1.42000E+01 -9.00018E-02 -2.24968E-06 -9.07628E-02
1.43000E+01 -8.50018E-02 -2.12013E-06 -8.57557E-02
1.44000E+01 -8.00018E-02 -1.98356E-06 -8.07860E-02
1.45000E+01 -7.50018E-02 -1.84301E-06 -7.57713E-02
1.46000E+01 -7.00018E-02 -1.72544E-06 -7.07598E-02
1.47000E+01 -6.50018E-02 -1.58377E-06 -6.57464E-02
1.48000E+01 -6.00019E-02 -1.45228E-06 -6.07561E-02
1.49000E+01 -5.50019E-02 -1.30381E-06 -5.57458E-02
1.50000E+01 -5.00019E-02 -1.17487E-06 -5.07405E-02
1.51000E+01 -4.50019E-02 -1.03491E-06 -4.57202E-02
1.52000E+01 -4.00019E-02 -9.06580E-07 -4.07455E-02
1.53000E+01 -3.50019E-02 -7.59284E-07 -3.57458E-02
1.54000E+01 -3.00019E-02 -6.26304E-07 -3.07399E-02
1.55000E+01 -2.50019E-02 -4.86901E-07 -2.57134E-02
1.56000E+01 -2.00020E-02 -3.51760E-07 -2.07231E-02
1.57000E+01 -1.50020E-02 -2.03682E-07 -1.57522E-02
1.58000E+01 -1.00020E-02 -6.98424E-08 -1.07368E-02
1.59000E+01 -5.00199E-03 7.32234E-08  -5.70598E-03
1.60000E+01 -2.00000E-06 2.08182E-07  -6.89421E-04
1.61000E+01 4.99799E-03  3.52160E-07  4.27091E-03 
1.62000E+01 9.99797E-03  4.94684E-07  9.28680E-03 
1.63000E+01 1.49980E-02  6.30807E-07  1.43077E-02 
1.64000E+01 1.99979E-02  7.69643E-07  1.92943E-02 
1.65000E+01 2.49979E-02  9.15759E-07  2.42871E-02 
1.66000E+01 2.99979E-02  1.06303E-06  2.92967E-02 
1.67000E+01 3.49979E-02  1.21600E-06  3.42952E-02 
1.68000E+01 3.99979E-02  1.35448E-06  3.93179E-02 
1.69000E+01 4.49979E-02  1.50730E-06  4.42983E-02 
1.70000E+01 4.99979E-02  1.64668E-06  4.92979E-02 
1.71000E+01 5.49979E-02  1.80012E-06  5.43163E-02 
1.72000E+01 5.99978E-02  1.94531E-06  5.93172E-02 
1.73000E+01 6.49978E-02  2.09534E-06  6.43157E-02 
1.74000E+01 6.99978E-02  2.24373E-06  6.92860E-02 
1.75000E+01 7.49978E-02  2.39708E-06  7.43250E-02 
1.76000E+01 7.99978E-02  2.54757E-06  7.93222E-02 
1.77000E+01 8.49978E-02  2.71374E-06  8.43368E-02 
1.78000E+01 8.99978E-02  2.86685E-06  8.93127E-02 
1.79000E+01 9.49978E-02  3.03203E-06  9.43374E-02 
1.80000E+01 9.99977E-02  3.19934E-06  9.93477E-02 
1.81000E+01 1.04998E-01  3.36745E-06  1.04362E-01 
1.82000E+01 1.09998E-01  3.53705E-06  1.09335E-01 
1.83000E+01 1.14998E-01  3.71382E-06  1.14349E-01 
1.84000E+01 1.19998E-01  3.88728E-06  1.19349E-01 
1.85000E+01 1.24998E-01  4.06889E-06  1.24355E-01 
1.86000E+01 1.29998E-01  4.24969E-06  1.29343E-01 
1.87000E+01 1.34998E-01  4.44276E-06  1.34343E-01 
1.88000E+01 1.39998E-01  4.63068E-06  1.39344E-01 
1.89000E+01 1.44998E-01  4.83409E-06  1.44352E-01 
1.90000E+01 1.49998E-01  5.03101E-06  1.49354E-01 
1.91000E+01 1.54998E-01  5.25209E-06  1.54371E-01 
1.92000E+01 1.59998E-01  5.46162E-06  1.59379E-01 
1.93000E+01 1.64998E-01  5.67898E-06  1.64362E-01 
1.94000E+01 1.69998E-01  5.90268E-06  1.69377E-01 
1.95000E+01 1.74998E-01  6.14408E-06  1.74376E-01 
1.96000E+01 1.79998E-01  6.38509E-06  1.79401E-01 
1.97000E+01 1.84998E-01  6.63415E-06  1.84388E-01 
1.98000E+01 1.89998E-01  6.87218E-06  1.89372E-01 
1.99000E+01 1.94998E-01  7.14445E-06  1.94386E-01 
1.99999E+01 1.99997E-01  7.39940E-06  1.99405E-01 
2.00999E+01 2.04997E-01  7.67341E-06  2.04386E-01 
2.01999E+01 2.09997E-01  7.94823E-06  2.09379E-01 
2.02999E+01 2.14997E-01  8.22104E-06  2.14391E-01 
2.03999E+01 2.19997E-01  8.52615E-06  2.19415E-01 
2.04999E+01 2.24997E-01  8.81304E-06  2.24419E-01 
2.05999E+01 2.29997E-01  9.10323E-06  2.29403E-01 
2.06999E+01 2.34997E-01  9.40271E-06  2.34400E-01 
2.07999E+01 2.39997E-01  9.72332E-06  2.39401E-01 
2.08999E+01 2.44997E-01  1.00408E-05  2.44410E-01 
2.09999E+01 2.49997E-01  1.03624E-05  2.49399E-01 
2.10999E+01 2.54997E-01  1.07069E-05  2.54396E-01 
2.11999E+01 2.59997E-01  1.10077E-05  2.59436E-01 
2.12999E+01 2.64997E-01  1.13200E-05  2.64429E-01 
2.13999E+01 2.69997E-01  1.16604E-05  2.69426E-01 
2.14999E+01 2.74997E-01  1.19990E-05  2.74427E-01 
2.15999E+01 2.79997E-01  1.23145E-05  2.79443E-01 
2.16999E+01 2.84997E-01  1.26491E-05  2.84432E-01 
2.17999E+01 2.89997E-01  1.29645E-05  2.89447E-01 
2.18999E+01 2.94997E-01  1.32785E-05  2.94419E-01 
2.19999E+01 2.99997E-01  1.36204E-05  2.99456E-01 
2.20999E+01 3.04997E-01  1.39135E-05  3.04467E-01 
2.21999E+01 3.09997E-01  1.42092E-05  3.09467E-01 
2.22999E+01 3.14997E-01  1.46348E-05  3.14463E-01 
2.23999E+01 3.19997E-01  1.49442E-05  3.19478E-01 
2.24999E+01 3.24997E-01  1.51596E-05  3.24465E-01 
2.25999E+01 3.29997E-01  1.54794E-05  3.29482E-01 
2.26999E+01 3.34997E-01  1.57536E-05  3.34488E-01 
2.27999E+01 3.39997E-01  1.60420E-05  3.39497E-01 
2.28999E+01 3.44997E-01  1.64227E-05  3.44479E-01 
2.29999E+01 3.49997E-01  1.67285E-05  3.49484E-01 
2.30999E+01 3.54997E-01  1.71861E-05  3.54485E-01 
2.31999E+01 3.59997E-01  1.75251E-05  3.59485E-01 
2.32999E+01 3.64997E-01  1.77771E-05  3.64494E-01 
2.33999E+01 3.69997E-01  1.82745E-05  3.69493E-01 
2.34999E+01 3.74997E-01  1.84872E-05  3.74496E-01 
2.35999E+01 3.79997E-01  1.88491E-05  3.79493E-01 
2.36999E+01 3.84997E-01  1.92097E-05  3.84479E-01 
2.37999E+01 3.89997E-01  1.98118E-05  3.89485E-01 
2.38999E+01 3.94997E-01  2.04714E-05  3.94494E-01 
2.39999E+01 3.99997E-01  2.07179E-05  3.99496E-01 
2.40999E+01 4.04997E-01  2.15690E-05  4.04497E-01 
2.41999E+01 4.09997E-01  2.17975E-05  4.09489E-01 
2.42999E+01 4.14997E-01  2.22182E-05  4.14494E-01 
2.43999E+01 4.19997E-01  2.26296E-05  4.19510E-01 
2.44999E+01 4.24997E-01  2.35810E-05  4.24502E-01 
2.45999E+01 4.29997E-01  2.38390E-05  4.29498E-01 
2.46999E+01 4.34997E-01  2.43474E-05  4.34520E-01 
2.47999E+01 4.39997E-01  2.47407E-05  4.39523E-01 
2.48999E+01 4.44997E-01  2.51609E-05  4.44504E-01 
2.49999E+01 4.49997E-01  2.55393E-05  4.49505E-01 
2.50999E+01 4.54997E-01  2.57848E-05  4.54524E-01 
2.51999E+01 4.59997E-01  2.62253E-05  4.59538E-01 
2.52999E+01 4.64997E-01  2.66853E-05  4.64539E-01 
2.53999E+01 4.69997E-01  2.70775E-05  4.69548E-01 
2.54999E+01 4.74997E-01  2.75019E-05  4.74553E-01 
2.55999E+01 4.79997E-01  2.78748E-05  4.79552E-01 
2.56999E+01 4.84997E-01  2.82638E-05  4.84565E-01 
2.57999E+01 4.89997E-01  2.86820E-05  4.89580E-01 
2.58999E+01 4.94997E-01  2.90811E-05  4.94571E-01 
2.59999E+01 4.99997E-01  2.94886E-05  4.99570E-01 
2.60999E+01 5.04997E-01  2.98788E-05  5.04568E-01 
2.61999E+01 5.09997E-01  3.02959E-05  5.09595E-01 
2.62999E+01 5.14997E-01  3.07066E-05  5.14557E-01 
2.63999E+01 5.19997E-01  3.11010E-05  5.19560E-01 
2.64999E+01 5.24997E-01  3.14854E-05  5.24575E-01 
2.65999E+01 5.29997E-01  3.18857E-05  5.29565E-01 
2.66999E+01 5.34997E-01  3.22296E-05  5.34589E-01 
2.67999E+01 5.39997E-01  3.25859E-05  5.39595E-01 
2.68999E+01 5.44997E-01  3.27678E-05  5.44582E-01 
2.69999E+01 5.49997E-01  3.26793E-05  5.49600E-01 
2.70999E+01 5.54997E-01  2.98566E-05  5.54632E-01 
2.71999E+01 5.59997E-01  3.02468E-05  5.59621E-01 
2.72999E+01 5.64997E-01  3.09008E-05  5.64604E-01 
2.73999E+01 5.69997E-01  3.12586E-05  5.69625E-01 
2.74999E+01 5.74997E-01  3.18021E-05  5.74647E-01 
2.75999E+01 5.79997E-01  3.22084E-05  5.79635E-01 
2.76999E+01 5.84997E-01  3.26639E-05  5.84635E-01 
2.77999E+01 5.89997E-01  3.30301E-05  5.89641E-01 
2.78999E+01 5.94997E-01  3.35021E-05  5.94657E-01 
2.79999E+01 5.99996E-01  3.39238E-05  5.99631E-01 
2.80999E+01 6.04996E-01  3.42990E-05  6.04634E-01 
2.81999E+01 6.09996E-01  3.46368E-05  6.09653E-01 
2.82999E+01 6.14996E-01  3.50368E-05  6.14667E-01 
2.83999E+01 6.19996E-01  3.56910E-05  6.19657E-01 
2.84999E+01 6.24996E-01  3.63378E-05  6.24657E-01 
2.85999E+01 6.29996E-01  3.68068E-05  6.29653E-01 
2.86999E+01 6.34996E-01  3.73363E-05  6.34662E-01 
2.87999E+01 6.39996E-01  3.77353E-05  6.39682E-01 
2.88999E+01 6.44996E-01  3.81226E-05  6.44659E-01 
2.89999E+01 6.49996E-01  3.84846E-05  6.49654E-01 
2.90999E+01 6.54996E-01  3.89041E-05  6.54683E-01 
2.91999E+01 6.59996E-01  3.93032E-05  6.59688E-01 
2.92999E+01 6.64996E-01  3.97071E-05  6.64668E-01 
2.93999E+01 6.69996E-01  4.01328E-05  6.69662E-01 
2.94999E+01 6.74996E-01  4.05345E-05  6.74675E-01 
2.95999E+01 6.79996E-01  4.09179E-05  6.79696E-01 
2.96999E+01 6.84996E-01  4.12765E-05  6.84684E-01 
2.97999E+01 6.89996E-01  4.17403E-05  6.89667E-01 
2.98999E+01 6.94996E-01  4.21855E-05  6.94685E-01 
2.99999E+01 6.99996E-01  4.25771E-05  6.99692E-01 
3.00999E+01 7.04996E-01  4.29447E-05  7.04671E-01 
3.01999E+01 7.09996E-01  4.33967E-05  7.09662E-01 
3.02999E+01 7.14996E-01  4.37139E-05  7.14690E-01 
3.03999E+01 7.19996E-01  4.41433E-05  7.19710E-01 
3.04999E+01 7.24996E-01  4.46671E-05  7.24703E-01 
3.05999E+01 7.29996E-01  4.49646E-05  7.29676E-01 
3.06999E+01 7.34996E-01  4.52006E-05  7.34690E-01 
3.07999E+01 7.39996E-01  4.55857E-05  7.39694E-01 
3.08999E+01 7.44996E-01  4.59027E-05  7.44692E-01 
3.09999E+01 7.49996E-01  4.62395E-05  7.49698E-01 
3.10999E+01 7.54996E-01  4.65861E-05  7.54712E-01 
3.11999E+01 7.59996E-01  4.69535E-05  7.59724E-01 
3.12999E+01 7.64996E-01  4.73249E-05  7.64720E-01 
3.13999E+01 7.69996E-01  4.76748E-05  7.69698E-01 
3.14999E+01 7.74996E-01  4.80015E-05  7.74709E-01 
3.15999E+01 7.79996E-01  4.83530E-05  7.79736E-01 
3.16999E+01 7.84996E-01  4.85438E-05  7.84740E-01 
3.17999E+01 7.89996E-01  4.88589E-05  7.89746E-01 
3.18999E+01 7.94996E-01  4.92951E-05  7.94749E-01 
3.19999E+01 7.99996E-01  4.95058E-05  7.99767E-01 
3.20999E+01 8.04996E-01  4.98008E-05  8.04765E-01 
3.21999E+01 8.09996E-01  5.01374E-05  8.09762E-01 
3.22999E+01 8.14996E-01  5.03845E-05  8.14779E-01 
3.23999E+01 8.19996E-01  5.06730E-05  8.19762E-01 
3.24999E+01 8.24996E-01  5.07947E-05  8.24763E-01 
3.25999E+01 8.29996E-01  5.10225E-05  8.29750E-01 
3.26999E+01 8.34996E-01  5.12903E-05  8.34791E-01 
3.27999E+01 8.39996E-01  5.15374E-05  8.39785E-01 
3.28999E+01 8.44996E-01  5.17462E-05  8.44784E-01 
3.29999E+01 8.49996E-01  5.20131E-05  8.49798E-01 
3.30999E+01 8.54996E-01  5.22280E-05  8.54799E-01 
3.31999E+01 8.59996E-01  5.22758E-05  8.59789E-01 
3.32999E+01 8.64996E-01  5.25726E-05  8.64794E-01 
3.33999E+01 8.69996E-01  5.28060E-05  8.69794E-01 
3.34999E+01 8.74996E-01  5.30199E-05  8.74780E-01 
3.35999E+01 8.79996E-01  5.32689E-05  8.79797E-01 
3.36999E+01 8.84996E-01  5.35273E-05  8.84815E-01 
3.37999E+01 8.89996E-01  5.37310E-05  8.89802E-01 
3.38999E+01 8.94996E-01  5.39514E-05  8.94814E-01 
3.39999E+01 8.99996E-01  5.41634E-05  8.99797E-01 
3.40999E+01 9.04996E-01  5.43804E-05  9.04818E-01 
3.41999E+01 9.09996E-01  5.45744E-05  9.09806E-01 
3.42999E+01 9.14996E-01  5.47562E-05  9.14804E-01 
3.43999E+01 9.19996E-01  5.49178E-05  9.19819E-01 
3.44999E+01 9.24996E-01  5.51002E-05  9.24837E-01 
3.45999E+01 9.29996E-01  5.52863E-05  9.29826E-01 
3.46999E+01 9.34996E-01  5.55256E-05  9.34835E-01 
3.47999E+01 9.39996E-01  5.57567E-05  9.39842E-01 
3.48999E+01 9.44996E-01  5.60609E-05  9.44857E-01 
3.49999E+01 9.49996E-01  5.62469E-05  9.49844E-01 
3.50999E+01 9.54996E-01  5.64483E-05  9.54835E-01 
3.51999E+01 9.59996E-01  5.66172E-05  9.59854E-01 
3.52999E+01 9.64996E-01  5.67304E-05  9.64845E-01 
3.53999E+01 9.69996E-01  5.68916E-05  9.69867E-01 
3.54999E+01 9.74996E-01  5.70565E-05  9.74858E-01 
3.55999E+01 9.79996E-01  5.72120E-05  9.79852E-01 
3.56999E+01 9.84996E-01  5.73968E-05  9.84845E-01 
3.57999E+01 9.89996E-01  5.75932E-05  9.89862E-01 
3.58999E+01 9.94996E-01  5.77918E-05  9.94853E-01 
3.59999E+01 9.99995E-01  5.79528E-05  9.99846E-01 
3.60999E+01 1.00500E+00  5.80296E-05  1.00485E+00 
3.61999E+01 1.01000E+00  5.82512E-05  1.00988E+00 
3.62999E+01 1.01500E+00  5.83802E-05  1.01486E+00 
3.63999E+01 1.02000E+00  5.84763E-05  1.01985E+00 
3.64999E+01 1.02500E+00  5.87140E-05  1.02486E+00 
3.65999E+01 1.03000E+00  5.89586E-05  1.02987E+00 
3.66999E+01 1.03500E+00  5.91580E-05  1.03487E+00 
3.67999E+01 1.04000E+00  5.93221E-05  1.03987E+00 
3.68999E+01 1.04500E+00  5.94890E-05  1.04488E+00 
3.69999E+01 1.05000E+00  5.96862E-05  1.04989E+00 
3.70999E+01 1.05500E+00  5.98441E-05  1.05490E+00 
3.71999E+01 1.06000E+00  6.00892E-05  1.05989E+00 
3.72999E+01 1.06500E+00  6.02619E-05  1.06489E+00 
3.73999E+01 1.07000E+00  6.04424E-05  1.06988E+00 
3.74999E+01 1.07500E+00  6.06788E-05  1.07490E+00 
3.75999E+01 1.08000E+00  6.08690E-05  1.07990E+00 
3.76999E+01 1.08500E+00  6.10378E-05  1.08491E+00 
3.77999E+01 1.09000E+00  6.12867E-05  1.08991E+00 
3.78999E+01 1.09500E+00  6.14453E-05  1.09493E+00 
3.79999E+01 1.10000E+00  6.17653E-05  1.09990E+00 
3.80999E+01 1.10500E+00  6.20072E-05  1.10493E+00 
3.81999E+01 1.11000E+00  6.21876E-05  1.10993E+00 
3.82999E+01 1.11500E+00  6.25012E-05  1.11495E+00 
3.83999E+01 1.12000E+00  6.26146E-05  1.11995E+00 
3.84999E+01 1.12500E+00  6.27743E-05  1.12498E+00 
3.85999E+01 1.13000E+00  6.30116E-05  1.12995E+00 
3.86999E+01 1.13500E+00  6.32468E-05  1.13497E+00 
3.87999E+01 1.14000E+00  6.35711E-05  1.13997E+00 
3.88999E+01 1.14500E+00  6.38045E-05  1.14499E+00 
3.89999E+01 1.15000E+00  6.40665E-05  1.14997E+00 
3.90999E+01 1.15500E+00  6.42912E-05  1.15498E+00 
3.91999E+01 1.16000E+00  6.44784E-05  1.16000E+00 
3.92999E+01 1.16500E+00  6.46331E-05  1.16499E+00 
3.93999E+01 1.17000E+00  6.48838E-05  1.17000E+00 
3.94999E+01 1.17500E+00  6.48704E-05  1.17499E+00 
3.95999E+01 1.18000E+00  6.51213E-05  1.17997E+00 
3.96999E+01 1.18500E+00  6.54537E-05  1.18501E+00 
3.97999E+01 1.19000E+00  6.59078E-05  1.19001E+00 
3.98999E+01 1.19500E+00  6.65006E-05  1.19500E+00 
3.99999E+01 1.19999E+00  6.68921E-05  1.19998E+00 
4.00999E+01 1.20499E+00  6.72106E-05  1.20500E+00 
4.01999E+01 1.20999E+00  6.75253E-05  1.20999E+00 
4.02999E+01 1.21499E+00  6.78162E-05  1.21501E+00 
4.03999E+01 1.21999E+00  6.81089E-05  1.21999E+00 
4.04999E+01 1.22499E+00  6.84102E-05  1.22500E+00 
4.05999E+01 1.22999E+00  6.87291E-05  1.23001E+00 
4.06999E+01 1.23499E+00  6.90790E-05  1.23501E+00 
4.07999E+01 1.23999E+00  6.94574E-05  1.23998E+00 
4.08999E+01 1.24499E+00  6.98746E-05  1.24500E+00 
4.09999E+01 1.24999E+00  7.02989E-05  1.25002E+00 
4.10999E+01 1.25499E+00  7.07275E-05  1.25502E+00 
4.11999E+01 1.25999E+00  7.11766E-05  1.26001E+00 
4.12999E+01 1.26499E+00  7.16441E-05  1.26502E+00 
4.13999E+01 1.26999E+00  7.21339E-05  1.27000E+00 
4.14999E+01 1.27499E+00  7.26025E-05  1.27503E+00 
4.15999E+01 1.27999E+00  7.31227E-05  1.28003E+00 
4.16999E+01 1.28499E+00  7.36223E-05  1.28502E+00 
4.17999E+01 1.28999E+00  7.41401E-05  1.29004E+00 
4.18999E+01 1.29499E+00  7.46761E-05  1.29504E+00 
4.19999E+01 1.29999E+00  7.52368E-05  1.30004E+00 
4.20999E+01 1.30499E+00  7.57994E-05  1.30505E+00 
4.21999E+01 1.30999E+00  7.63907E-05  1.31004E+00 
4.22999E+01 1.31499E+00  7.70163E-05  1.31506E+00 
4.23999E+01 1.31999E+00  7.76698E-05  1.32004E+00 
4.24999E+01 1.32499E+00  7.83620E-05  1.32503E+00 
4.25999E+01 1.32999E+00  7.90852E-05  1.33004E+00 
4.26999E+01 1.33499E+00  7.96453E-05  1.33506E+00 
4.27999E+01 1.33999E+00  8.03210E-05  1.34006E+00 
4.28999E+01 1.34499E+00  8.14170E-05  1.34505E+00 
4.29999E+01 1.34999E+00  8.18498E-05  1.35004E+00 
4.30999E+01 1.35499E+00  8.27876E-05  1.35507E+00 
4.31999E+01 1.35999E+00  8.40651E-05  1.36006E+00 
4.32999E+01 1.36499E+00  8.48710E-05  1.36506E+00 
4.33999E+01 1.36999E+00  8.59698E-05  1.37006E+00 
4.34999E+01 1.37499E+00  8.90843E-05  1.37506E+00 
4.35999E+01 1.37999E+00  9.36005E-05  1.38009E+00 
4.36999E+01 1.38499E+00  9.34653E-05  1.38506E+00 
4.37999E+01 1.38999E+00  9.49231E-05  1.39006E+00 
4.38999E+01 1.39499E+00  9.42978E-05  1.39510E+00 
4.39999E+01 1.39999E+00  9.68502E-05  1.40011E+00 
4.40999E+01 1.40499E+00  9.83792E-05  1.40509E+00 
4.41999E+01 1.40999E+00  9.97165E-05  1.41008E+00 
4.42999E+01 1.41499E+00  9.97405E-05  1.41510E+00 
4.43999E+01 1.41999E+00  1.00910E-04  1.42010E+00 
4.44999E+01 1.42499E+00  1.02916E-04  1.42514E+00 
4.45999E+01 1.42999E+00  1.03500E-04  1.43013E+00 
4.46999E+01 1.43499E+00  1.04499E-04  1.43515E+00 
4.47999E+01 1.43999E+00  1.05450E-04  1.44017E+00 
4.48999E+01 1.44499E+00  1.05984E-04  1.44514E+00 
4.49999E+01 1.44999E+00  1.07378E-04  1.45015E+00 
4.50999E+01 1.45499E+00  1.08279E-04  1.45517E+00 
4.51999E+01 1.45999E+00  1.08466E-04  1.46015E+00 
4.52999E+01 1.46499E+00  1.08149E-04  1.46515E+00 
4.53999E+01 1.46999E+00  1.08723E-04  1.47015E+00 
4.54999E+01 1.47499E+00  1.07462E-04  1.47517E+00 
4.55999E+01 1.47999E+00  1.09828E-04  1.48017E+00 
4.56999E+01 1.48499E+00  1.10008E-04  1.48516E+00 
4.57999E+01 1.48999E+00  1.04637E-04  1.49014E+00 
4.58999E+01 1.49499E+00  1.05187E-04  1.49516E+00 
4.59999E+01 1.49999E+00  1.05712E-04  1.50016E+00 
4.60999E+01 1.50499E+00  1.06401E-04  1.50516E+00 
4.61999E+01 1.50999E+00  1.07360E-04  1.51018E+00 
4.62999E+01 1.51499E+00  1.08336E-04  1.51519E+00 
4.63999E+01 1.51999E+00  1.09319E-04  1.52017E+00 
4.64999E+01 1.52499E+00  1.10299E-04  1.52519E+00 
4.65999E+01 1.52999E+00  1.11278E-04  1.53019E+00 
4.66999E+01 1.53499E+00  1.12287E-04  1.53520E+00 
4.67999E+01 1.53999E+00  1.13349E-04  1.54020E+00 
4.68999E+01 1.54499E+00  1.14299E-04  1.54519E+00 
4.69999E+01 1.54999E+00  1.15482E-04  1.55018E+00 
4.70999E+01 1.55499E+00  1.16416E-04  1.55520E+00 
4.71999E+01 1.55999E+00  1.17457E-04  1.56018E+00 
4.72999E+01 1.56499E+00  1.18465E-04  1.56518E+00 
4.73999E+01 1.56999E+00  1.19550E-04  1.57019E+00 
4.74999E+01 1.57499E+00  1.20591E-04  1.57521E+00 
4.75999E+01 1.57999E+00  1.21687E-04  1.58020E+00 
4.76999E+01 1.58499E+00  1.22714E-04  1.58523E+00 
4.77999E+01 1.58999E+00  1.23721E-04  1.59019E+00 
4.78999E+01 1.59499E+00  1.24784E-04  1.59521E+00 
4.79999E+01 1.59999E+00  1.25879E-04  1.60023E+00 
4.80999E+01 1.60499E+00  1.26916E-04  1.60523E+00 
4.81999E+01 1.60999E+00  1.27958E-04  1.61024E+00 
4.82999E+01 1.61499E+00  1.29024E-04  1.61523E+00 
4.83999E+01 1.61999E+00  1.30099E-04  1.62024E+00 
4.84999E+01 1.62499E+00  1.31128E-04  1.62524E+00 
4.85999E+01 1.62999E+00  1.32258E-04  1.63025E+00 
4.86999E+01 1.63499E+00  1.32979E-04  1.63525E+00 
4.87999E+01 1.63999E+00  1.34046E-04  1.64024E+00 
4.88999E+01 1.64499E+00  1.35177E-04  1.64524E+00 
4.89999E+01 1.64999E+00  1.36323E-04  1.65026E+00 
4.90999E+01 1.65499E+00  1.37448E-04  1.65526E+00 
4.91999E+01 1.65999E+00  1.38483E-04  1.66023E+00 
4.92999E+01 1.66499E+00  1.39616E-04  1.66524E+00 
4.93999E+01 1.66999E+00  1.40835E-04  1.67026E+00 
4.94999E+01 1.67499E+00  1.41929E-04  1.67526E+00 
4.95999E+01 1.67999E+00  1.43138E-04  1.68025E+00 
4.96999E+01 1.68499E+00  1.44349E-04  1.68527E+00 
4.97999E+01 1.68999E+00  1.45593E-04  1.69030E+00 
4.98999E+01 1.69499E+00  1.46746E-04  1.69528E+00 
4.99999E+01 1.69999E+00  1.48002E-04  1.70027E+00 
5.00999E+01 1.70499E+00  1.49278E-04  1.70529E+00 
5.01999E+01 1.70999E+00  1.50486E-04  1.71029E+00 
5.02999E+01 1.71499E+00  1.51751E-04  1.71527E+00 
5.03999E+01 1.71999E+00  1.53038E-04  1.72027E+00 
5.04999E+01 1.72499E+00  1.54348E-04  1.72529E+00 
5.05999E+01 1.72999E+00  1.55662E-04  1.73030E+00 
5.06999E+01 1.73499E+00  1.57043E-04  1.73528E+00 
5.07999E+01 1.73999E+00  1.58424E-04  1.74028E+00 
5.08999E+01 1.74499E+00  1.59694E-04  1.74530E+00 
5.09999E+01 1.74999E+00  1.61159E-04  1.75030E+00 
5.10999E+01 1.75499E+00  1.62465E-04  1.75530E+00 
5.11999E+01 1.75999E+00  1.63855E-04  1.76032E+00 
5.12999E+01 1.76499E+00  1.65351E-04  1.76534E+00 
5.13999E+01 1.76999E+00  1.66706E-04  1.77033E+00 
5.14999E+01 1.77499E+00  1.68175E-04  1.77534E+00 
5.15999E+01 1.77999E+00  1.69691E-04  1.78034E+00 
5.16999E+01 1.78499E+00  1.71061E-04  1.78536E+00 
5.17999E+01 1.78999E+00  1.72435E-04  1.79034E+00 
5.18999E+01 1.79499E+00  1.73928E-04  1.79534E+00 
5.19999E+01 1.79999E+00  1.75331E-04  1.80035E+00 
5.20999E+01 1.79499E+00  1.71682E-04  1.79531E+00 
5.21999E+01 1.78999E+00  1.68232E-04  1.79033E+00 
5.22999E+01 1.78499E+00  1.64902E-04  1.78533E+00 
5.23999E+01 1.77999E+00  1.61723E-04  1.78033E+00 
5.24999E+01 1.77499E+00  1.58665E-04  1.77531E+00 
5.25999E+01 1.76999E+00  1.55591E-04  1.77032E+00 
5.26999E+01 1.76499E+00  1.52589E-04  1.76531E+00 
5.27999E+01 1.75999E+00  1.49650E-04  1.76032E+00 
5.28999E+01 1.75499E+00  1.46880E-04  1.75532E+00 
5.29999E+01 1.74999E+00  1.44063E-04  1.75029E+00 
5.30999E+01 1.74499E+00  1.41270E-04  1.74529E+00 
5.31999E+01 1.73999E+00  1.38587E-04  1.74028E+00 
5.32999E+01 1.73499E+00  1.35954E-04  1.73528E+00 
5.33999E+01 1.72999E+00  1.33336E-04  1.73029E+00 
5.34999E+01 1.72499E+00  1.30757E-04  1.72527E+00 
5.35999E+01 1.71999E+00  1.28170E-04  1.72026E+00 
5.36999E+01 1.71499E+00  1.25723E-04  1.71528E+00 
5.37999E+01 1.70999E+00  1.23223E-04  1.71030E+00 
5.38999E+01 1.70499E+00  1.20820E-04  1.70529E+00 
5.39999E+01 1.69999E+00  1.18388E-04  1.70027E+00 
5.40999E+01 1.69499E+00  1.16064E-04  1.69528E+00 
5.41999E+01 1.68999E+00  1.13814E-04  1.69027E+00 
5.42999E+01 1.68499E+00  1.11567E-04  1.68527E+00 
5.43999E+01 1.67999E+00  1.09349E-04  1.68026E+00 
5.44999E+01 1.67499E+00  1.07130E-04  1.67527E+00 
5.45999E+01 1.66999E+00  1.05014E-04  1.67027E+00 
5.46999E+01 1.66499E+00  1.02862E-04  1.66526E+00 
5.47999E+01 1.65999E+00  1.00802E-04  1.66026E+00 
5.48999E+01 1.65499E+00  9.86777E-05  1.65526E+00 
5.49999E+01 1.64999E+00  9.66726E-05  1.65025E+00 
5.50999E+01 1.64499E+00  9.47338E-05  1.64527E+00 
5.51999E+01 1.63999E+00  9.27893E-05  1.64026E+00 
5.52999E+01 1.63499E+00  9.09040E-05  1.63525E+00 
5.53999E+01 1.62999E+00  8.90306E-05  1.63029E+00 
5.54999E+01 1.62499E+00  8.72374E-05  1.62526E+00 
5.55999E+01 1.61999E+00  8.54314E-05  1.62028E+00 
5.56999E+01 1.61499E+00  8.36374E-05  1.61527E+00 
5.57999E+01 1.60999E+00  8.19590E-05  1.61026E+00 
5.58999E+01 1.60499E+00  8.02493E-05  1.60527E+00 
5.59999E+01 1.59999E+00  7.86260E-05  1.60026E+00 
5.60999E+01 1.59499E+00  7.70089E-05  1.59523E+00 
5.61999E+01 1.58999E+00  7.54466E-05  1.59023E+00 
5.62999E+01 1.58499E+00  7.38704E-05  1.58524E+00 
5.63999E+01 1.57999E+00  7.23678E-05  1.58024E+00 
5.64999E+01 1.57499E+00  7.08880E-05  1.57524E+00 
5.65999E+01 1.56999E+00  6.94428E-05  1.57024E+00 
5.66999E+01 1.56499E+00  6.80161E-05  1.56520E+00 
5.67999E+01 1.55999E+00  6.66017E-05  1.56020E+00 
5.68999E+01 1.55499E+00  6.52169E-05  1.55520E+00 
5.69999E+01 1.54999E+00  6.38730E-05  1.55018E+00 
5.70999E+01 1.54499E+00  6.25748E-05  1.54520E+00 
5.71999E+01 1.53999E+00  6.13047E-05  1.54018E+00 
5.72999E+01 1.53499E+00  6.00591E-05  1.53521E+00 
5.73999E+01 1.52999E+00  5.88458E-05  1.53019E+00 
5.74999E+01 1.52499E+00  5.76537E-05  1.52517E+00 
5.75999E+01 1.51999E+00  5.65078E-05  1.52019E+00 
5.76999E+01 1.51499E+00  5.53705E-05  1.51519E+00 
5.77999E+01 1.50999E+00  5.42707E-05  1.51019E+00 
5.78999E+01 1.50499E+00  5.31999E-05  1.50516E+00 
5.79999E+01 1.49999E+00  5.21505E-05  1.50018E+00 
5.80999E+01 1.49499E+00  5.11183E-05  1.49517E+00 
5.81999E+01 1.48999E+00  5.01283E-05  1.49016E+00 
5.82999E+01 1.48499E+00  4.91589E-05  1.48516E+00 
5.83999E+01 1.47999E+00  4.82648E-05  1.48017E+00 
5.84999E+01 1.47499E+00  4.73183E-05  1.47517E+00 
5.85999E+01 1.46999E+00  4.63937E-05  1.47015E+00 
5.86999E+01 1.46499E+00  4.55076E-05  1.46516E+00 
5.87999E+01 1.45999E+00  4.46481E-05  1.46015E+00 
5.88999E+01 1.45499E+00  4.38011E-05  1.45515E+00 
5.89999E+01 1.44999E+00  4.29847E-05  1.45015E+00 
5.90999E+01 1.44499E+00  4.21945E-05  1.44515E+00 
5.91999E+01 1.43999E+00  4.14186E-05  1.44013E+00 
5.92999E+01 1.43499E+00  4.06522E-05  1.43511E+00 
5.93999E+01 1.42999E+00  3.99306E-05  1.43011E+00 
5.94999E+01 1.42499E+00  3.92207E-05  1.42513E+00 
5.95999E+01 1.41999E+00  3.85312E-05  1.42010E+00 
5.96999E+01 1.41499E+00  3.78587E-05  1.41509E+00 
5.97999E+01 1.40999E+00  3.72114E-05  1.41007E+00 
5.98999E+01 1.40499E+00  3.65748E-05  1.40507E+00 
5.99998E+01 1.39999E+00  3.59535E-05  1.40010E+00 
6.00998E+01 1.39499E+00  3.53478E-05  1.39507E+00 
6.01998E+01 1.38999E+00  3.47648E-05  1.39007E+00 
6.02998E+01 1.38499E+00  3.41848E-05  1.38508E+00 
6.03998E+01 1.37999E+00  3.36486E-05  1.38010E+00 
6.04998E+01 1.37499E+00  3.31037E-05  1.37508E+00 
6.05998E+01 1.36999E+00  3.25831E-05  1.37007E+00 
6.06998E+01 1.36499E+00  3.21024E-05  1.36509E+00 
6.07998E+01 1.35999E+00  3.17156E-05  1.36008E+00 
6.08998E+01 1.35499E+00  3.14786E-05  1.35509E+00 
6.09998E+01 1.34999E+00  3.11616E-05  1.35008E+00 
6.10998E+01 1.34499E+00  3.06849E-05  1.34507E+00 
6.11998E+01 1.33999E+00  3.01012E-05  1.34005E+00 
6.12998E+01 1.33499E+00  2.95748E-05  1.33508E+00 
6.13998E+01 1.32999E+00  2.90870E-05  1.33009E+00 
6.14998E+01 1.32499E+00  2.86326E-05  1.32508E+00 
6.15998E+01 1.31999E+00  2.81911E-05  1.32006E+00 
6.16998E+01 1.31499E+00  2.77563E-05  1.31509E+00 
6.17998E+01 1.30999E+00  2.73542E-05  1.31008E+00 
6.18998E+01 1.30499E+00  2.69609E-05  1.30506E+00 
6.19998E+01 1.29999E+00  2.65861E-05  1.30006E+00 
6.20998E+01 1.29499E+00  2.62274E-05  1.29508E+00 
6.21998E+01 1.28999E+00  2.58635E-05  1.29006E+00 
6.22998E+01 1.28499E+00  2.55537E-05  1.28504E+00 
6.23998E+01 1.27999E+00  2.52249E-05  1.28004E+00 
6.24998E+01 1.27499E+00  2.48799E-05  1.27505E+00 
6.25998E+01 1.26999E+00  2.45588E-05  1.27004E+00 
6.26998E+01 1.26499E+00  2.42288E-05  1.26502E+00 
6.27998E+01 1.25999E+00  2.39197E-05  1.26002E+00 
6.28998E+01 1.25499E+00  2.36098E-05  1.25503E+00 
6.29998E+01 1.24999E+00  2.33140E-05  1.25003E+00 
6.30998E+01 1.24499E+00  2.30268E-05  1.24502E+00 
6.31998E+01 1.23999E+00  2.27267E-05  1.24001E+00 
6.32998E+01 1.23499E+00  2.24547E-05  1.23500E+00 
6.33998E+01 1.22999E+00  2.21668E-05  1.23002E+00 
6.34998E+01 1.22499E+00  2.19043E-05  1.22500E+00 
6.35998E+01 1.21999E+00  2.16321E-05  1.21997E+00 
6.36998E+01 1.21499E+00  2.13826E-05  1.21499E+00 
6.37998E+01 1.20999E+00  2.11037E-05  1.20999E+00 
6.38998E+01 1.20499E+00  2.08597E-05  1.20498E+00 
6.39998E+01 1.19999E+00  2.06096E-05  1.19998E+00 
6.40998E+01 1.19500E+00  2.03646E-05  1.19499E+00 
6.41998E+01 1.19000E+00  2.01262E-05  1.19000E+00 
6.42998E+01 1.18500E+00  1.98849E-05  1.18498E+00 
6.43998E+01 1.18000E+00  1.96475E-05  1.17997E+00 
6.44998E+01 1.17500E+00  1.94066E-05  1.17497E+00 
6.45998E+01 1.17000E+00  1.91852E-05  1.16998E+00 
6.46998E+01 1.16500E+00  1.89521E-05  1.16498E+00 
6.47998E+01 1.16000E+00  1.87189E-05  1.15996E+00 
6.48998E+01 1.15500E+00  1.84963E-05  1.15499E+00 
6.49998E+01 1.15000E+00  1.82762E-05  1.14998E+00 
6.50998E+01 1.14500E+00  1.80616E-05  1.14499E+00 
6.51998E+01 1.14000E+00  1.78483E-05  1.13995E+00 
6.52998E+01 1.13500E+00  1.76505E-05  1.13497E+00 
6.53998E+01 1.13000E+00  1.74255E-05  1.12995E+00 
6.54998E+01 1.12500E+00  1.72222E-05  1.12495E+00 
6.55998E+01 1.12000E+00  1.70142E-05  1.11995E+00 
6.56998E+01 1.11500E+00  1.68172E-05  1.11493E+00 
6.57998E+01 1.11000E+00  1.66153E-05  1.10991E+00 
6.58998E+01 1.10500E+00  1.64215E-05  1.10492E+00 
6.59998E+01 1.10000E+00  1.62146E-05  1.09991E+00 
6.60998E+01 1.09500E+00  1.60174E-05  1.09492E+00 
6.61998E+01 1.09000E+00  1.58198E-05  1.08989E+00 
6.62998E+01 1.08500E+00  1.56281E-05  1.08491E+00 
6.63998E+01 1.08000E+00  1.54322E-05  1.07993E+00 
6.64998E+01 1.07500E+00  1.52450E-05  1.07494E+00 
6.65998E+01 1.07000E+00  1.50649E-05  1.06991E+00 
6.66998E+01 1.06500E+00  1.48652E-05  1.06491E+00 
6.67998E+01 1.06000E+00  1.46873E-05  1.05994E+00 
6.68998E+01 1.05500E+00  1.45034E-05  1.05491E+00 
6.69998E+01 1.05000E+00  1.43252E-05  1.04992E+00 
6.70998E+01 1.04500E+00  1.41361E-05  1.04490E+00 
6.71998E+01 1.04000E+00  1.39601E-05  1.03990E+00 
6.72998E+01 1.03500E+00  1.37857E-05  1.03489E+00 
6.73998E+01 1.03000E+00  1.36073E-05  1.02990E+00 
6.74998E+01 1.02500E+00  1.34336E-05  1.02490E+00 
6.75998E+01 1.02000E+00  1.32658E-05  1.01990E+00 
6.76998E+01 1.01500E+00  1.30877E-05  1.01492E+00 
6.77998E+01 1.01000E+00  1.29224E-05  1.00988E+00 
6.78998E+01 1.00500E+00  1.27447E-05  1.00488E+00 
6.79998E+01 9.99995E-01  1.25786E-05  9.99869E-01 
6.80998E+01 9.94996E-01  1.24129E-05  9.94893E-01 
6.81998E+01 9.89996E-01  1.22499E-05  9.89874E-01 
6.82998E+01 9.84996E-01  1.20840E-05  9.84876E-01 
6.83998E+01 9.79996E-01  1.19215E-05  9.79860E-01 
6.84998E+01 9.74996E-01  1.17516E-05  9.74866E-01 
6.85998E+01 9.69996E-01  1.15862E-05  9.69861E-01 
6.86998E+01 9.64996E-01  1.14220E-05  9.64861E-01 
6.87998E+01 9.59996E-01  1.12590E-05  9.59847E-01 
6.88998E+01 9.54996E-01  1.11093E-05  9.54860E-01 
6.89998E+01 9.49996E-01  1.09472E-05  9.49856E-01 
6.90998E+01 9.44996E-01  1.07825E-05  9.44850E-01 
6.91998E+01 9.39996E-01  1.06234E-05  9.39833E-01 
6.92998E+01 9.34996E-01  1.04602E-05  9.34815E-01 
6.93998E+01 9.29996E-01  1.02944E-05  9.29811E-01 
6.94998E+01 9.24996E-01  1.01369E-05  9.24815E-01 
6.95998E+01 9.19996E-01  9.97507E-06  9.19843E-01 
6.96998E+01 9.14996E-01  9.81774E-06  9.14820E-01 
6.97998E+01 9.09996E-01  9.65930E-06  9.09813E-01 
6.98998E+01 9.04996E-01  9.49349E-06  9.04810E-01 
6.99998E+01 8.99996E-01  9.33625E-06  8.99821E-01 
7.00998E+01 8.94996E-01  9.17829E-06  8.94805E-01 
7.01998E+01 8.89996E-01  9.01441E-06  8.89805E-01 
7.02998E+01 8.84996E-01  8.85782E-06  8.84801E-01 
7.03998E+01 8.79996E-01  8.69476E-06  8.79797E-01 
7.04998E+01 8.74996E-01  8.54180E-06  8.74792E-01 
7.05998E+01 8.69996E-01  8.38421E-06  8.69789E-01 
7.06998E+01 8.64996E-01  8.22460E-06  8.64774E-01 
7.07998E+01 8.59996E-01  8.06284E-06  8.59788E-01 
7.08998E+01 8.54996E-01  7.88835E-06  8.54797E-01 
7.09998E+01 8.49996E-01  7.71592E-06  8.49780E-01 
7.10998E+01 8.44996E-01  7.55298E-06  8.44774E-01 
7.11998E+01 8.39996E-01  7.38900E-06  8.39767E-01 
7.12998E+01 8.34996E-01  7.23352E-06  8.34774E-01 
7.13998E+01 8.29996E-01  7.07453E-06  8.29792E-01 
7.14998E+01 8.24996E-01  6.89889E-06  8.24771E-01 
7.15998E+01 8.19996E-01  6.73933E-06  8.19770E-01 
7.16998E+01 8.14996E-01  6.56662E-06  8.14763E-01 
7.17998E+01 8.09996E-01  6.41079E-06  8.09774E-01 
7.18998E+01 8.04996E-01  6.23575E-06  8.04773E-01 
7.19998E+01 7.99996E-01  6.06505E-06  7.99784E-01 
7.20998E+01 7.94996E-01  5.90411E-06  7.94772E-01 
7.21998E+01 7.89996E-01  5.72648E-06  7.89773E-01 
7.22998E+01 7.84996E-01  5.55479E-06  7.84751E-01 
7.23998E+01 7.79996E-01  5.38396E-06  7.79736E-01 
7.24998E+01 7.74996E-01  5.20700E-06  7.74719E-01 
7.25998E+01 7.69996E-01  5.03392E-06  7.69722E-01 
7.26998E+01 7.64996E-01  4.85834E-06  7.64746E-01 
7.27998E+01 7.59996E-01  4.68483E-06  7.59736E-01 
7.28998E+01 7.54996E-01  4.50630E-06  7.54724E-01 
7.29998E+01 7.49996E-01  4.32277E-06  7.49718E-01 
7.30998E+01 7.44996E-01  4.14356E-06  7.44708E-01 
7.31998E+01 7.39996E-01  3.96181E-06  7.39724E-01 
7.32998E+01 7.34996E-01  3.77945E-06  7.34712E-01 
7.33998E+01 7.29996E-01  3.59829E-06  7.29686E-01 
7.34998E+01 7.24996E-01  3.37014E-06  7.24685E-01 
7.35998E+01 7.19996E-01  3.18685E-06  7.19698E-01 
7.36998E+01 7.14996E-01  3.00092E-06  7.14681E-01 
7.37998E+01 7.09996E-01  2.80944E-06  7.09678E-01 
7.38998E+01 7.04996E-01  2.61907E-06  7.04700E-01 
7.39998E+01 6.99996E-01  2.43103E-06  6.99700E-01 
7.40998E+01 6.94996E-01  2.24215E-06  6.94684E-01 
7.41998E+01 6.89996E-01  2.05616E-06  6.89677E-01 
7.42998E+01 6.84996E-01  1.87066E-06  6.84692E-01 
7.43998E+01 6.79996E-01  1.66973E-06  6.79702E-01 
7.44998E+01 6.74996E-01  1.48053E-06  6.74676E-01 
7.45998E+01 6.69996E-01  1.29351E-06  6.69646E-01 
7.46998E+01 6.64996E-01  1.10353E-06  6.64675E-01 
7.47998E+01 6.59996E-01  9.07263E-07  6.59668E-01 
7.48998E+01 6.54996E-01  7.15386E-07  6.54655E-01 
7.49998E+01 6.49996E-01  5.16596E-07  6.49658E-01 
7.50998E+01 6.44996E-01  3.16505E-07  6.44657E-01 
7.51998E+01 6.39996E-01  1.16344E-07  6.39674E-01 
7.52998E+01 6.34996E-01  -9.67488E-08 6.34683E-01 
7.53998E+01 6.29996E-01  -3.12944E-07 6.29664E-01 
7.54998E+01 6.24996E-01  -5.26421E-07 6.24627E-01 
7.55998E+01 6.19996E-01  -7.47693E-07 6.19641E-01 
7.56998E+01 6.14996E-01  -9.67480E-07 6.14637E-01 
7.57998E+01 6.09996E-01  -1.19895E-06 6.09645E-01 
7.58998E+01 6.04996E-01  -1.42156E-06 6.04626E-01 
7.59998E+01 5.99996E-01  -1.65969E-06 5.99641E-01 
7.60998E+01 5.94997E-01  -1.88811E-06 5.94642E-01 
7.61998E+01 5.89997E-01  -2.11075E-06 5.89628E-01 
7.62998E+01 5.84997E-01  -2.34302E-06 5.84604E-01 
7.63998E+01 5.79997E-01  -2.58177E-06 5.79630E-01 
7.64998E+01 5.74997E-01  -2.82085E-06 5.74636E-01 
7.65998E+01 5.69997E-01  -3.06620E-06 5.69610E-01 
7.66998E+01 5.64997E-01  -3.31768E-06 5.64598E-01 
7.67998E+01 5.59997E-01  -3.56892E-06 5.59605E-01 
7.68998E+01 5.54997E-01  -3.82747E-06 5.54626E-01 
7.69998E+01 5.49997E-01  -4.09481E-06 5.49618E-01 
7.70998E+01 5.44997E-01  -4.37473E-06 5.44603E-01 
7.71998E+01 5.39997E-01  -4.65692E-06 5.39612E-01 
7.72998E+01 5.34997E-01  -4.94683E-06 5.34615E-01 
7.73998E+01 5.29997E-01  -5.24187E-06 5.29614E-01 
7.74998E+01 5.24997E-01  -5.54023E-06 5.24611E-01 
7.75998E+01 5.19997E-01  -5.83978E-06 5.19595E-01 
7.76998E+01 5.14997E-01  -6.15697E-06 5.14609E-01 
7.77998E+01 5.09997E-01  -6.46829E-06 5.09633E-01 
7.78998E+01 5.04997E-01  -6.78939E-06 5.04590E-01 
7.79998E+01 4.99997E-01  -7.11183E-06 4.99602E-01 
7.80998E+01 4.94997E-01  -7.43367E-06 4.94579E-01 
7.81998E+01 4.89997E-01  -7.76847E-06 4.89597E-01 
7.82998E+01 4.84997E-01  -8.10725E-06 4.84592E-01 
7.83998E+01 4.79997E-01  -8.44775E-06 4.79587E-01 
7.84998E+01 4.74997E-01  -8.78186E-06 4.74566E-01 
7.85998E+01 4.69997E-01  -9.13228E-06 4.69583E-01 
7.86998E+01 4.64997E-01  -9.48452E-06 4.64572E-01 
7.87998E+01 4.59997E-01  -9.83756E-06 4.59548E-01 
7.88998E+01 4.54997E-01  -1.02040E-05 4.54546E-01 
7.89998E+01 4.49997E-01  -1.05659E-05 4.49545E-01 
7.90998E+01 4.44997E-01  -1.09390E-05 4.44548E-01 
7.91998E+01 4.39997E-01  -1.13165E-05 4.39541E-01 
7.92998E+01 4.34997E-01  -1.16973E-05 4.34543E-01 
7.93998E+01 4.29997E-01  -1.20801E-05 4.29516E-01 
7.94998E+01 4.24997E-01  -1.24617E-05 4.24550E-01 
7.95998E+01 4.19997E-01  -1.28619E-05 4.19551E-01 
7.96998E+01 4.14997E-01  -1.32461E-05 4.14527E-01 
7.97998E+01 4.09997E-01  -1.36490E-05 4.09527E-01 
7.98998E+01 4.04997E-01  -1.40559E-05 4.04527E-01 
7.99998E+01 3.99997E-01  -1.44717E-05 3.99515E-01 
8.00998E+01 3.94997E-01  -1.49107E-05 3.94529E-01 
8.01998E+01 3.89997E-01  -1.53236E-05 3.89513E-01 
8.02998E+01 3.84997E-01  -1.57455E-05 3.84508E-01 
8.03998E+01 3.79997E-01  -1.61609E-05 3.79484E-01 
8.04998E+01 3.74997E-01  -1.66130E-05 3.74509E-01 
8.05998E+01 3.69997E-01  -1.70481E-05 3.69487E-01 
8.06998E+01 3.64997E-01  -1.74977E-05 3.64488E-01 
8.07998E+01 3.59997E-01  -1.79493E-05 3.59490E-01 
8.08998E+01 3.54997E-01  -1.84140E-05 3.54514E-01 
8.09998E+01 3.49997E-01  -1.88248E-05 3.49492E-01 
8.10998E+01 3.44997E-01  -1.93385E-05 3.44493E-01 
8.11998E+01 3.39997E-01  -1.97906E-05 3.39484E-01 
8.12998E+01 3.34997E-01  -2.02696E-05 3.34484E-01 
8.13998E+01 3.29997E-01  -2.07394E-05 3.29467E-01 
8.14998E+01 3.24997E-01  -2.11920E-05 3.24478E-01 
8.15998E+01 3.19997E-01  -2.16764E-05 3.19491E-01 
8.16998E+01 3.14997E-01  -2.21650E-05 3.14470E-01 
8.17998E+01 3.09997E-01  -2.26468E-05 3.09497E-01 
8.18998E+01 3.04997E-01  -2.31503E-05 3.04483E-01 
8.19998E+01 2.99997E-01  -2.36493E-05 2.99458E-01 
8.20998E+01 2.94997E-01  -2.41555E-05 2.94447E-01 
8.21998E+01 2.89997E-01  -2.46622E-05 2.89451E-01 
8.22998E+01 2.84997E-01  -2.51712E-05 2.84484E-01 
8.23998E+01 2.79997E-01  -2.56763E-05 2.79479E-01 
8.24998E+01 2.74997E-01  -2.61893E-05 2.74440E-01 
8.25998E+01 2.69997E-01  -2.66953E-05 2.69435E-01 
8.26998E+01 2.64997E-01  -2.72206E-05 2.64437E-01 
8.27998E+01 2.59997E-01  -2.76651E-05 2.59460E-01 
8.28998E+01 2.54997E-01  -2.82343E-05 2.54444E-01 
8.29998E+01 2.49997E-01  -2.87403E-05 2.49440E-01 
8.30998E+01 2.44997E-01  -2.92299E-05 2.44439E-01 
8.31998E+01 2.39997E-01  -2.97268E-05 2.39457E-01 
8.32998E+01 2.34997E-01  -3.01457E-05 2.34436E-01 
8.33998E+01 2.29997E-01  -3.05431E-05 2.29431E-01 
8.34998E+01 2.24997E-01  -3.11928E-05 2.24429E-01 
8.35998E+01 2.19997E-01  -3.17132E-05 2.19455E-01 
8.36998E+01 2.14997E-01  -3.21776E-05 2.14452E-01 
8.37998E+01 2.09997E-01  -3.26412E-05 2.09410E-01 
8.38998E+01 2.04997E-01  -3.29750E-05 2.04431E-01 
8.39998E+01 1.99997E-01  -3.35262E-05 1.99438E-01 
8.40998E+01 1.94998E-01  -3.40245E-05 1.94428E-01 
8.41998E+01 1.89998E-01  -3.43872E-05 1.89410E-01 
8.42998E+01 1.84998E-01  -3.49878E-05 1.84401E-01 
8.43998E+01 1.79998E-01  -3.55595E-05 1.79429E-01 
8.44998E+01 1.74998E-01  -3.60819E-05 1.74398E-01 
8.45998E+01 1.69998E-01  -3.66289E-05 1.69386E-01 
8.46998E+01 1.64998E-01  -3.71760E-05 1.64396E-01 
8.47998E+01 1.59998E-01  -3.77065E-05 1.59414E-01 
8.48998E+01 1.54998E-01  -3.82351E-05 1.54382E-01 
8.49998E+01 1.49998E-01  -3.87602E-05 1.49378E-01 
8.50998E+01 1.44998E-01  -3.93070E-05 1.44379E-01 
8.51998E+01 1.39998E-01  -3.98387E-05 1.39381E-01 
8.52998E+01 1.34998E-01  -4.03951E-05 1.34364E-01 
8.53998E+01 1.29998E-01  -4.09339E-05 1.29368E-01 
8.54998E+01 1.24998E-01  -4.14786E-05 1.24360E-01 
8.55998E+01 1.19998E-01  -4.20332E-05 1.19383E-01 
8.56998E+01 1.14998E-01  -4.25746E-05 1.14332E-01 
8.57998E+01 1.09998E-01  -4.31503E-05 1.09346E-01 
8.58998E+01 1.04998E-01  -4.37114E-05 1.04373E-01 
8.59998E+01 9.99977E-02  -4.42960E-05 9.93521E-02 
8.60998E+01 9.49978E-02  -4.48710E-05 9.43380E-02 
8.61998E+01 8.99978E-02  -4.54492E-05 8.93171E-02 
8.62998E+01 8.49978E-02  -4.60526E-05 8.43300E-02 
8.63998E+01 7.99978E-02  -4.66755E-05 7.93415E-02 
8.64998E+01 7.49978E-02  -4.73045E-05 7.43269E-02 
8.65998E+01 6.99978E-02  -4.79616E-05 6.93047E-02 
8.66998E+01 6.49978E-02  -4.86135E-05 6.43344E-02 
8.67998E+01 5.99978E-02  -4.93028E-05 5.93360E-02 
8.68998E+01 5.49979E-02  -4.99954E-05 5.43044E-02 
8.69998E+01 4.99979E-02  -5.07235E-05 4.92948E-02 
8.70998E+01 4.49979E-02  -5.14720E-05 4.43338E-02 
8.71998E+01 3.99979E-02  -5.22275E-05 3.93342E-02 
8.72998E+01 3.49979E-02  -5.30196E-05 3.43189E-02 
8.73998E+01 2.99979E-02  -5.38441E-05 2.92918E-02 
8.74998E+01 2.49979E-02  -5.46921E-05 2.43071E-02 
8.75998E+01 1.99979E-02  -5.55492E-05 1.93199E-02 
8.76998E+01 1.49980E-02  -5.64498E-05 1.43040E-02 
8.77998E+01 9.99797E-03  -5.73860E-05 9.29992E-03 
8.78998E+01 4.99799E-03  -5.83577E-05 4.31147E-03 
8.79998E+01 -2.00000E-06 -5.93402E-05 -6.91280E-04
8.80998E+01 -5.00199E-03 -6.04258E-05 -5.70284E-03
8.81998E+01 -1.00020E-02 -6.14938E-05 -1.07119E-02
8.82998E+01 -1.50020E-02 -6.26558E-05 -1.57266E-02
8.83998E+01 -2.00020E-02 -6.38105E-05 -2.07468E-02
8.84998E+01 -2.50019E-02 -6.50254E-05 -2.57103E-02
8.85998E+01 -3.00019E-02 -6.63003E-05 -3.07081E-02
8.86998E+01 -3.50019E-02 -6.76180E-05 -3.57296E-02
8.87998E+01 -4.00019E-02 -6.90231E-05 -4.07324E-02
8.88998E+01 -4.50019E-02 -7.04449E-05 -4.57071E-02
8.89998E+01 -5.00019E-02 -7.19158E-05 -5.07261E-02
8.90998E+01 -5.50019E-02 -7.34567E-05 -5.57326E-02
8.91998E+01 -6.00019E-02 -7.50458E-05 -6.07367E-02
8.92998E+01 -6.50018E-02 -7.66271E-05 -6.57470E-02
8.93998E+01 -7.00018E-02 -7.82842E-05 -7.07079E-02
8.94998E+01 -7.50018E-02 -7.99895E-05 -7.57364E-02
8.95998E+01 -8.00018E-02 -8.18259E-05 -8.07454E-02
8.96998E+01 -8.50018E-02 -8.36281E-05 -8.57469E-02
8.97998E+01 -9.00018E-02 -8.54611E-05 -9.07466E-02
8.98998E+01 -9.50018E-02 -8.73343E-05 -9.57463E-02
8.99998E+01 -1.00002E-01 -8.92342E-05 -1.00757E-01
9.00998E+01 -1.05002E-01 -9.11606E-05 -1.05747E-01
9.01998E+01 -1.10002E-01 -9.30991E-05 -1.10751E-01
9.02998E+01 -1.15002E-01 -9.50689E-05 -1.15737E-01
9.03998E+01 -1.20002E-01 -9.70424E-05 -1.20754E-01
9.04998E+01 -1.25002E-01 -9.89927E-05 -1.25777E-01
9.05998E+01 -1.30002E-01 -1.00985E-04 -1.30760E-01
9.06998E+01 -1.35002E-01 -1.02970E-04 -1.35751E-01
9.07998E+01 -1.40002E-01 -1.04968E-04 -1.40773E-01
9.08998E+01 -1.45002E-01 -1.06938E-04 -1.45772E-01
9.09998E+01 -1.50002E-01 -1.08950E-04 -1.50748E-01
9.10998E+01 -1.55002E-01 -1.10900E-04 -1.55772E-01
9.11998E+01 -1.60002E-01 -1.12894E-04 -1.60794E-01
9.12998E+01 -1.65002E-01 -1.14913E-04 -1.65789E-01
9.13998E+01 -1.70002E-01 -1.16893E-04 -1.70789E-01
9.14998E+01 -1.75002E-01 -1.18833E-04 -1.75813E-01
9.15998E+01 -1.80002E-01 -1.20812E-04 -1.80836E-01
9.16998E+01 -1.85002E-01 -1.22760E-04 -1.85817E-01
9.17998E+01 -1.90002E-01 -1.24726E-04 -1.90822E-01
9.18998E+01 -1.95002E-01 -1.26735E-04 -1.95829E-01
9.19998E+01 -2.00002E-01 -1.28727E-04 -2.00832E-01
9.20998E+01 -2.05001E-01 -1.30776E-04 -2.05846E-01
9.21998E+01 -2.10001E-01 -1.32853E-04 -2.10832E-01
9.22998E+01 -2.15001E-01 -1.34887E-04 -2.15861E-01
9.23998E+01 -2.20001E-01 -1.37054E-04 -2.20854E-01
9.24998E+01 -2.25001E-01 -1.39226E-04 -2.25850E-01
9.25998E+01 -2.30001E-01 -1.41415E-04 -2.30849E-01
9.26998E+01 -2.35001E-01 -1.43715E-04 -2.35831E-01
9.27998E+01 -2.40001E-01 -1.46008E-04 -2.40857E-01
9.28998E+01 -2.45001E-01 -1.48397E-04 -2.45843E-01
9.29998E+01 -2.50001E-01 -1.50807E-04 -2.50855E-01
9.30998E+01 -2.55001E-01 -1.53375E-04 -2.55854E-01
9.31998E+01 -2.60001E-01 -1.55879E-04 -2.60869E-01
9.32998E+01 -2.65001E-01 -1.58505E-04 -2.65856E-01
9.33998E+01 -2.70001E-01 -1.61153E-04 -2.70866E-01
9.34998E+01 -2.75001E-01 -1.63884E-04 -2.75859E-01
9.35998E+01 -2.80001E-01 -1.66428E-04 -2.80879E-01
9.36998E+01 -2.85001E-01 -1.69166E-04 -2.85875E-01
9.37998E+01 -2.90001E-01 -1.71666E-04 -2.90857E-01
9.38998E+01 -2.95001E-01 -1.74395E-04 -2.95873E-01
9.39998E+01 -3.00001E-01 -1.76517E-04 -3.00884E-01
9.40998E+01 -3.05001E-01 -1.79134E-04 -3.05880E-01
9.41998E+01 -3.10001E-01 -1.81564E-04 -3.10866E-01
9.42998E+01 -3.15001E-01 -1.84150E-04 -3.15862E-01
9.43998E+01 -3.20001E-01 -1.86577E-04 -3.20886E-01
9.44998E+01 -3.25001E-01 -1.88888E-04 -3.25877E-01
9.45998E+01 -3.30001E-01 -1.91066E-04 -3.30890E-01
9.46998E+01 -3.35001E-01 -1.93271E-04 -3.35885E-01
9.47998E+01 -3.40001E-01 -1.94993E-04 -3.40876E-01
9.48998E+01 -3.45001E-01 -1.96736E-04 -3.45877E-01
9.49998E+01 -3.50001E-01 -1.97754E-04 -3.50886E-01
9.50998E+01 -3.55001E-01 -2.00071E-04 -3.55913E-01
9.51998E+01 -3.60001E-01 -1.99437E-04 -3.60891E-01
9.52998E+01 -3.65001E-01 -1.97186E-04 -3.65867E-01
9.53998E+01 -3.70001E-01 -1.92281E-04 -3.70882E-01
9.54998E+01 -3.75001E-01 -1.82830E-04 -3.75905E-01
9.55998E+01 -3.80001E-01 -1.68711E-04 -3.80905E-01
9.56998E+01 -3.85001E-01 -1.51478E-04 -3.85879E-01
9.57998E+01 -3.90001E-01 -1.34993E-04 -3.90919E-01
9.58998E+01 -3.95001E-01 -1.22121E-04 -3.95934E-01
9.59998E+01 -4.00001E-01 -1.12497E-04 -4.00922E-01
9.60998E+01 -4.05001E-01 -1.04664E-04 -4.05895E-01
9.61998E+01 -4.10001E-01 -9.77662E-05 -4.10913E-01
9.62998E+01 -4.15001E-01 -9.17855E-05 -4.15920E-01
9.63998E+01 -4.20001E-01 -8.63222E-05 -4.20912E-01
9.64998E+01 -4.25001E-01 -8.17161E-05 -4.25927E-01
9.65998E+01 -4.30001E-01 -7.76814E-05 -4.30908E-01
9.66998E+01 -4.35001E-01 -7.41339E-05 -4.35914E-01
9.67998E+01 -4.40001E-01 -7.10722E-05 -4.40923E-01
9.68998E+01 -4.45001E-01 -6.83061E-05 -4.45934E-01
9.69998E+01 -4.50001E-01 -6.58833E-05 -4.50925E-01
9.70998E+01 -4.55001E-01 -6.38021E-05 -4.55939E-01
9.71998E+01 -4.60001E-01 -6.20859E-05 -4.60930E-01
9.72998E+01 -4.65001E-01 -6.01490E-05 -4.65937E-01
9.73998E+01 -4.70001E-01 -5.86049E-05 -4.70916E-01
9.74998E+01 -4.75001E-01 -5.71669E-05 -4.75932E-01
9.75998E+01 -4.80001E-01 -5.58880E-05 -4.80958E-01
9.76998E+01 -4.85001E-01 -5.47382E-05 -4.85990E-01
9.77998E+01 -4.90001E-01 -5.37915E-05 -4.90981E-01
9.78998E+01 -4.95001E-01 -5.29432E-05 -4.95998E-01
9.79998E+01 -5.00001E-01 -5.21581E-05 -5.00994E-01
9.80998E+01 -5.05001E-01 -5.13988E-05 -5.05982E-01
9.81998E+01 -5.10001E-01 -5.07164E-05 -5.11005E-01
9.82998E+01 -5.15001E-01 -5.01124E-05 -5.15998E-01
9.83998E+01 -5.20001E-01 -4.95364E-05 -5.20994E-01
9.84998E+01 -5.25001E-01 -4.89374E-05 -5.26008E-01
9.85998E+01 -5.30001E-01 -4.84300E-05 -5.31017E-01
9.86998E+01 -5.35001E-01 -4.79710E-05 -5.35988E-01
9.87998E+01 -5.40001E-01 -4.75655E-05 -5.41000E-01
9.88998E+01 -5.45001E-01 -4.72300E-05 -5.46010E-01
9.89998E+01 -5.50001E-01 -4.69232E-05 -5.51025E-01
9.90998E+01 -5.55001E-01 -4.66297E-05 -5.56019E-01
9.91998E+01 -5.60001E-01 -4.63827E-05 -5.60997E-01
9.92998E+01 -5.65001E-01 -4.61690E-05 -5.66004E-01
9.93998E+01 -5.70001E-01 -4.60086E-05 -5.71023E-01
9.94998E+01 -5.75001E-01 -4.58703E-05 -5.76030E-01
9.95998E+01 -5.80001E-01 -4.57274E-05 -5.81016E-01
9.96998E+01 -5.85001E-01 -4.55808E-05 -5.86016E-01
9.97998E+01 -5.90001E-01 -4.54980E-05 -5.91033E-01
9.98998E+01 -5.95001E-01 -4.54126E-05 -5.96037E-01
9.99997E+01 -6.00001E-01 -4.53445E-05 -6.01020E-01
1.00100E+02 -6.05000E-01 -4.52733E-05 -6.06026E-01
1.00200E+02 -6.10000E-01 -4.52568E-05 -6.11050E-01
1.00300E+02 -6.15000E-01 -4.52332E-05 -6.16042E-01
1.00400E+02 -6.20000E-01 -4.51952E-05 -6.21024E-01
1.00500E+02 -6.25000E-01 -4.51743E-05 -6.26024E-01
1.00600E+02 -6.30000E-01 -4.51699E-05 -6.31064E-01
1.00700E+02 -6.35000E-01 -4.51755E-05 -6.36075E-01
1.00800E+02 -6.40000E-01 -4.51677E-05 -6.41046E-01
1.00900E+02 -6.45000E-01 -4.51803E-05 -6.46052E-01
1.01000E+02 -6.50000E-01 -4.51580E-05 -6.51038E-01
1.01100E+02 -6.55000E-01 -4.51695E-05 -6.56071E-01
1.01200E+02 -6.60000E-01 -4.51765E-05 -6.61084E-01
1.01300E+02 -6.65000E-01 -4.51769E-05 -6.66067E-01
1.01400E+02 -6.70000E-01 -4.51741E-05 -6.71064E-01
1.01500E+02 -6.75000E-01 -4.51821E-05 -6.76091E-01
1.01600E+02 -6.80000E-01 -4.51693E-05 -6.81093E-01
1.01700E+02 -6.85000E-01 -4.51783E-05 -6.86083E-01
1.01800E+02 -6.90000E-01 -4.51682E-05 -6.91104E-01
1.01900E+02 -6.95000E-01 -4.51704E-05 -6.96089E-01
1.02000E+02 -7.00000E-01 -4.51478E-05 -7.01100E-01
1.02100E+02 -7.05000E-01 -4.51330E-05 -7.06089E-01
1.02200E+02 -7.10000E-01 -4.51216E-05 -7.11104E-01
1.02300E+02 -7.15000E-01 -4.51025E-05 -7.16088E-01
1.02400E+02 -7.20000E-01 -4.50915E-05 -7.21125E-01
1.02500E+02 -7.25000E-01 -4.50810E-05 -7.26105E-01
1.02600E+02 -7.30000E-01 -4.50290E-05 -7.31105E-01
1.02700E+02 -7.35000E-01 -4.50049E-05 -7.36121E-01
1.02800E+02 -7.40000E-01 -4.48911E-05 -7.41126E-01
1.02900E+02 -7.45000E-01 -4.47813E-05 -7.46124E-01
1.03000E+02 -7.50000E-01 -4.46655E-05 -7.51119E-01
1.03100E+02 -7.55000E-01 -4.38786E-05 -7.56127E-01
1.03200E+02 -7.60000E-01 -4.34730E-05 -7.61127E-01
1.03300E+02 -7.65000E-01 -4.07721E-05 -7.66127E-01
1.03400E+02 -7.70000E-01 -3.54247E-05 -7.71102E-01
1.03500E+02 -7.75000E-01 -3.47183E-05 -7.76122E-01
1.03600E+02 -7.80000E-01 -3.46046E-05 -7.81120E-01
1.03700E+02 -7.85000E-01 -3.44328E-05 -7.86128E-01
1.03800E+02 -7.90000E-01 -3.47744E-05 -7.91109E-01
1.03900E+02 -7.95000E-01 -3.44382E-05 -7.96145E-01
