time/s      E/V        I/A
0.00000E+00 -8.00000E-01 -1.43466E-04 -8.00973E-01
9.99997E-02 -7.95000E-01 -1.00019E-04 -7.95969E-01
1.99999E-01 -7.90000E-01 -8.22778E-05 -7.90960E-01
2.99999E-01 -7.85000E-01 -7.08926E-05 -7.85987E-01
3.99999E-01 -7.80000E-01 -6.78815E-05 -7.80985E-01
4.99999E-01 -7.75000E-01 -6.19525E-05 -7.75967E-01
5.99998E-01 -7.70000E-01 -5.72718E-05 -7.70969E-01
6.99998E-01 -7.65000E-01 -5.34660E-05 -7.65965E-01
7.99998E-01 -7.60000E-01 -5.02902E-05 -7.60970E-01
8.99998E-01 -7.55000E-01 -4.75725E-05 -7.55970E-01
9.99997E-01 -7.50000E-01 -4.51975E-05 -7.50946E-01
1.10000E+00 -7.45000E-01 -4.31187E-05 -7.45975E-01
1.20000E+00 -7.40000E-01 -4.12490E-05 -7.41000E-01
1.30000E+00 -7.35000E-01 -3.95766E-05 -7.35969E-01
1.40000E+00 -7.30000E-01 -3.80645E-05 -7.30945E-01
1.50000E+00 -7.25000E-01 -3.66430E-05 -7.25940E-01
1.60000E+00 -7.20000E-01 -3.58570E-05 -7.20954E-01
1.70000E+00 -7.15000E-01 -3.46898E-05 -7.15946E-01
1.80000E+00 -7.10000E-01 -3.35712E-05 -7.10949E-01
1.90000E+00 -7.05000E-01 -3.25358E-05 -7.05959E-01
1.99999E+00 -7.00000E-01 -3.15446E-05 -7.00959E-01
2.09999E+00 -6.95000E-01 -3.06444E-05 -6.95927E-01
2.19999E+00 -6.90000E-01 -2.97875E-05 -6.90943E-01
2.29999E+00 -6.85000E-01 -2.89887E-05 -6.85935E-01
2.39999E+00 -6.80000E-01 -2.82112E-05 -6.80932E-01
2.49999E+00 -6.75000E-01 -2.74729E-05 -6.75947E-01
2.59999E+00 -6.70000E-01 -2.67718E-05 -6.70924E-01
2.69999E+00 -6.65000E-01 -2.61161E-05 -6.65924E-01
2.79999E+00 -6.60000E-01 -2.54680E-05 -6.60931E-01
2.89999E+00 -6.55000E-01 -2.48688E-05 -6.55939E-01
2.99999E+00 -6.50000E-01 -2.42650E-05 -6.50933E-01
3.09999E+00 -6.45000E-01 -2.37046E-05 -6.45892E-01
3.19999E+00 -6.40000E-01 -2.31666E-05 -6.40903E-01
3.29999E+00 -6.35000E-01 -2.26854E-05 -6.35927E-01
3.39999E+00 -6.30000E-01 -2.22015E-05 -6.30894E-01
3.49999E+00 -6.25000E-01 -2.17236E-05 -6.25886E-01
3.59999E+00 -6.20000E-01 -2.12615E-05 -6.20902E-01
3.69999E+00 -6.15000E-01 -2.08298E-05 -6.15898E-01
3.79999E+00 -6.10000E-01 -2.04123E-05 -6.10890E-01
3.89999E+00 -6.05000E-01 -1.99987E-05 -6.05879E-01
3.99999E+00 -6.00001E-01 -1.95818E-05 -6.00888E-01
4.09999E+00 -5.95001E-01 -1.92003E-05 -5.95897E-01
4.19999E+00 -5.90001E-01 -1.88466E-05 -5.90884E-01
4.29999E+00 -5.85001E-01 -1.85063E-05 -5.85868E-01
4.39999E+00 -5.80001E-01 -1.81360E-05 -5.80864E-01
4.49999E+00 -5.75001E-01 -1.77662E-05 -5.75853E-01
4.59999E+00 -5.70001E-01 -1.74323E-05 -5.70870E-01
4.69999E+00 -5.65001E-01 -1.71172E-05 -5.65870E-01
4.79999E+00 -5.60001E-01 -1.68151E-05 -5.60874E-01
4.89999E+00 -5.55001E-01 -1.65014E-05 -5.55861E-01
4.99999E+00 -5.50001E-01 -1.61999E-05 -5.50872E-01
5.09999E+00 -5.45001E-01 -1.59042E-05 -5.45876E-01
5.19999E+00 -5.40001E-01 -1.56214E-05 -5.40827E-01
5.29999E+00 -5.35001E-01 -1.53551E-05 -5.35864E-01
5.39999E+00 -5.30001E-01 -1.50904E-05 -5.30859E-01
5.49999E+00 -5.25001E-01 -1.48305E-05 -5.25852E-01
5.59999E+00 -5.20001E-01 -1.45734E-05 -5.20853E-01
5.69999E+00 -5.15001E-01 -1.43185E-05 -5.15851E-01
5.79999E+00 -5.10001E-01 -1.40729E-05 -5.10853E-01
5.89999E+00 -5.05001E-01 -1.38274E-05 -5.05832E-01
5.99998E+00 -5.00001E-01 -1.35946E-05 -5.00827E-01
6.09998E+00 -4.95001E-01 -1.33685E-05 -4.95837E-01
6.19998E+00 -4.90001E-01 -1.31409E-05 -4.90828E-01
6.29998E+00 -4.85001E-01 -1.29233E-05 -4.85833E-01
6.39998E+00 -4.80001E-01 -1.27037E-05 -4.80823E-01
6.49998E+00 -4.75001E-01 -1.24884E-05 -4.75804E-01
6.59998E+00 -4.70001E-01 -1.22758E-05 -4.70806E-01
6.69998E+00 -4.65001E-01 -1.20655E-05 -4.65809E-01
6.79998E+00 -4.60001E-01 -1.18677E-05 -4.60811E-01
6.89998E+00 -4.55001E-01 -1.16809E-05 -4.55821E-01
6.99998E+00 -4.50001E-01 -1.14706E-05 -4.50800E-01
7.09998E+00 -4.45001E-01 -1.12775E-05 -4.45796E-01
7.19998E+00 -4.40001E-01 -1.10989E-05 -4.40790E-01
7.29998E+00 -4.35001E-01 -1.08988E-05 -4.35791E-01
7.39998E+00 -4.30001E-01 -1.07111E-05 -4.30812E-01
7.49998E+00 -4.25001E-01 -1.05264E-05 -4.25802E-01
7.59998E+00 -4.20001E-01 -1.03434E-05 -4.20769E-01
7.69998E+00 -4.15001E-01 -1.01625E-05 -4.15784E-01
7.79998E+00 -4.10001E-01 -9.98284E-06 -4.10783E-01
7.89998E+00 -4.05001E-01 -9.81578E-06 -4.05793E-01
7.99998E+00 -4.00001E-01 -9.65542E-06 -4.00782E-01
8.09998E+00 -3.95001E-01 -9.47594E-06 -3.95800E-01
8.19998E+00 -3.90001E-01 -9.30370E-06 -3.90789E-01
8.29998E+00 -3.85001E-01 -9.13604E-06 -3.85780E-01
8.39998E+00 -3.80001E-01 -8.97058E-06 -3.80767E-01
8.49998E+00 -3.75001E-01 -8.81277E-06 -3.75795E-01
8.59998E+00 -3.70001E-01 -8.65206E-06 -3.70758E-01
8.69998E+00 -3.65001E-01 -8.49332E-06 -3.65771E-01
8.79998E+00 -3.60001E-01 -8.33566E-06 -3.60760E-01
8.89998E+00 -3.55001E-01 -8.18005E-06 -3.55767E-01
8.99998E+00 -3.50001E-01 -8.02209E-06 -3.50767E-01
9.09998E+00 -3.45001E-01 -7.88180E-06 -3.45767E-01
9.19998E+00 -3.40001E-01 -7.70551E-06 -3.40763E-01
9.29998E+00 -3.35001E-01 -7.55840E-06 -3.35763E-01
9.39998E+00 -3.30001E-01 -7.41278E-06 -3.30753E-01
9.49998E+00 -3.25001E-01 -7.26515E-06 -3.25759E-01
9.59998E+00 -3.20001E-01 -7.11318E-06 -3.20717E-01
9.69998E+00 -3.15001E-01 -6.96667E-06 -3.15686E-01
9.79998E+00 -3.10001E-01 -6.81718E-06 -3.10712E-01
9.89998E+00 -3.05001E-01 -6.67107E-06 -3.05717E-01
9.99997E+00 -3.00001E-01 -6.52305E-06 -3.00716E-01
1.01000E+01 -2.95001E-01 -6.36889E-06 -2.95714E-01
1.02000E+01 -2.90001E-01 -6.22495E-06 -2.90688E-01
1.03000E+01 -2.85001E-01 -6.08066E-06 -2.85699E-01
1.04000E+01 -2.80001E-01 -5.93759E-06 -2.80692E-01
1.05000E+01 -2.75001E-01 -5.79393E-06 -2.75702E-01
1.06000E+01 -2.70001E-01 -5.64964E-06 -2.70673E-01
1.07000E+01 -2.65001E-01 -5.50267E-06 -2.65679E-01
1.08000E+01 -2.60001E-01 -5.35878E-06 -2.60707E-01
1.09000E+01 -2.55001E-01 -5.20814E-06 -2.55674E-01
1.10000E+01 -2.50001E-01 -5.06443E-06 -2.50692E-01
1.11000E+01 -2.45001E-01 -4.91729E-06 -2.45685E-01
1.12000E+01 -2.40001E-01 -4.77690E-06 -2.40708E-01
1.13000E+01 -2.35001E-01 -4.63376E-06 -2.35682E-01
1.14000E+01 -2.30001E-01 -4.48820E-06 -2.30672E-01
1.15000E+01 -2.25001E-01 -4.34533E-06 -2.25683E-01
1.16000E+01 -2.20001E-01 -4.20066E-06 -2.20704E-01
1.17000E+01 -2.15001E-01 -4.05667E-06 -2.15668E-01
1.18000E+01 -2.10001E-01 -3.91373E-06 -2.10656E-01
1.19000E+01 -2.05001E-01 -3.76655E-06 -2.05663E-01
1.20000E+01 -2.00002E-01 -3.62840E-06 -2.00669E-01
1.21000E+01 -1.95002E-01 -3.52716E-06 -1.95668E-01
1.22000E+01 -1.90002E-01 -3.38058E-06 -1.90683E-01
1.23000E+01 -1.85002E-01 -3.23154E-06 -1.85680E-01
1.24000E+01 -1.80002E-01 -3.08587E-06 -1.80690E-01
1.25000E+01 -1.75002E-01 -2.94576E-06 -1.75674E-01
1.26000E+01 -1.70002E-01 -2.80631E-06 -1.70676E-01
1.27000E+01 -1.65002E-01 -2.66386E-06 -1.65677E-01
1.28000E+01 -1.60002E-01 -2.52198E-06 -1.60650E-01
1.29000E+01 -1.55002E-01 -2.37377E-06 -1.55647E-01
1.30000E+01 -1.50002E-01 -2.23147E-06 -1.50630E-01
1.31000E+01 -1.45002E-01 -2.07495E-06 -1.45637E-01
1.32000E+01 -1.40002E-01 -1.94911E-06 -1.40663E-01
1.33000E+01 -1.35002E-01 -1.81394E-06 -1.35662E-01
1.34000E+01 -1.30002E-01 -1.67097E-06 -1.30630E-01
1.35000E+01 -1.25002E-01 -1.53050E-06 -1.25641E-01
1.36000E+01 -1.20002E-01 -1.38678E-06 -1.20646E-01
1.37000E+01 -1.15002E-01 -1.24364E-06 -1.15646E-01
1.38000E+01 -1.10002E-01 -1.10304E-06 -1.10640E-01
1.39000E+01 -1.05002E-01 -9.65152E-07 -1.05629E-01
1.40000E+01 -1.00002E-01 -8.29393E-07 -1.00629E-01
1.41000E+01 -9.50018E-02 -6.90402E-07 -9.56070E-02
1.42000E+01 -9.00018E-02 -5.58771E-07 -9.06011E-02
1.43000E+01 -8.50018E-02 -4.26992E-07 -8.56014E-02
1.44000E+01 -8.00018E-02 -2.91669E-07 -8.06267E-02
1.45000E+01 -7.50018E-02 -1.54011E-07 -7.56170E-02
1.46000E+01 -7.00018E-02 -1.93074E-08 -7.06267E-02
1.47000E+01 -6.50018E-02 1.08666E-07  -6.56102E-02
1.48000E+01 -6.00019E-02 2.36170E-07  -6.06080E-02
1.49000E+01 -5.50019E-02 3.65836E-07  -5.56046E-02
1.50000E+01 -5.00019E-02 4.96095E-07  -5.06012E-02
1.51000E+01 -4.50019E-02 6.31564E-07  -4.55959E-02
1.52000E+01 -4.00019E-02 7.61092E-07  -4.06031E-02
1.53000E+01 -3.50019E-02 8.98771E-07  -3.56009E-02
1.54000E+01 -3.00019E-02 1.02674E-06  -3.05838E-02
1.55000E+01 -2.50019E-02 1.15449E-06  -2.55804E-02
1.56000E+01 -2.00020E-02 1.27867E-06  -2.06150E-02
1.57000E+01 -1.50020E-02 1.40273E-06  -1.55985E-02
1.58000E+01 -1.00020E-02 1.53190E-06  -1.05814E-02
1.59000E+01 -5.00199E-03 1.66318E-06  -5.57603E-03
1.60000E+01 -2.00000E-06 1.79143E-06  -5.54555E-04
1.61000E+01 4.99799E-03  1.90372E-06  4.41018E-03 
1.62000E+01 9.99797E-03  2.05044E-06  9.40737E-03 
1.63000E+01 1.49980E-02  2.19369E-06  1.44233E-02 
1.64000E+01 1.99979E-02  2.32667E-06  1.94392E-02 
1.65000E+01 2.49979E-02  2.45966E-06  2.44164E-02 
1.66000E+01 2.99979E-02  2.57303E-06  2.94254E-02 
1.67000E+01 3.49979E-02  2.69635E-06  3.44325E-02 
1.68000E+01 3.99979E-02  2.83627E-06  3.94335E-02 
1.69000E+01 4.49979E-02  2.98018E-06  4.44375E-02 
1.70000E+01 4.99979E-02  3.12043E-06  4.94210E-02 
1.71000E+01 5.49979E-02  3.28074E-06  5.44256E-02 
1.72000E+01 5.99978E-02  3.44182E-06  5.94378E-02 
1.73000E+01 6.49978E-02  3.60906E-06  6.44393E-02 
1.74000E+01 6.99978E-02  3.75543E-06  6.94265E-02 
1.75000E+01 7.49978E-02  3.89538E-06  7.44405E-02 
1.76000E+01 7.99978E-02  4.03286E-06  7.94658E-02 
1.77000E+01 8.49978E-02  4.18370E-06  8.44624E-02 
1.78000E+01 8.99978E-02  4.32379E-06  8.94508E-02 
1.79000E+01 9.49978E-02  4.47580E-06  9.44442E-02 
1.80000E+01 9.99977E-02  4.62822E-06  9.94458E-02 
1.81000E+01 1.04998E-01  4.78081E-06  1.04469E-01 
1.82000E+01 1.09998E-01  4.93869E-06  1.09445E-01 
1.83000E+01 1.14998E-01  5.10214E-06  1.14485E-01 
1.84000E+01 1.19998E-01  5.26933E-06  1.19488E-01 
1.85000E+01 1.24998E-01  5.43288E-06  1.24477E-01 
1.86000E+01 1.29998E-01  5.58516E-06  1.29449E-01 
1.87000E+01 1.34998E-01  5.74811E-06  1.34488E-01 
1.88000E+01 1.39998E-01  5.90689E-06  1.39473E-01 
1.89000E+01 1.44998E-01  6.06845E-06  1.44488E-01 
1.90000E+01 1.49998E-01  6.22932E-06  1.49487E-01 
1.91000E+01 1.54998E-01  6.39776E-06  1.54492E-01 
1.92000E+01 1.59998E-01  6.57072E-06  1.59501E-01 
1.93000E+01 1.64998E-01  6.74797E-06  1.64491E-01 
1.94000E+01 1.69998E-01  6.91821E-06  1.69499E-01 
1.95000E+01 1.74998E-01  7.09615E-06  1.74507E-01 
1.96000E+01 1.79998E-01  7.28154E-06  1.79514E-01 
1.97000E+01 1.84998E-01  7.45891E-06  1.84529E-01 
1.98000E+01 1.89998E-01  7.63308E-06  1.89505E-01 
1.99000E+01 1.94998E-01  7.83502E-06  1.94516E-01 
1.99999E+01 1.99997E-01  8.01899E-06  1.99533E-01 
2.00999E+01 2.04997E-01  8.21091E-06  2.04516E-01 
2.01999E+01 2.09997E-01  8.39982E-06  2.09500E-01 
2.02999E+01 2.14997E-01  8.57391E-06  2.14527E-01 
2.03999E+01 2.19997E-01  8.78161E-06  2.19539E-01 
2.04999E+01 2.24997E-01  8.99138E-06  2.24524E-01 
2.05999E+01 2.29997E-01  9.19990E-06  2.29536E-01 
2.06999E+01 2.34997E-01  9.40998E-06  2.34520E-01 
2.07999E+01 2.39997E-01  9.62218E-06  2.39549E-01 
2.08999E+01 2.44997E-01  9.83579E-06  2.44544E-01 
2.09999E+01 2.49997E-01  1.00531E-05  2.49550E-01 
2.10999E+01 2.54997E-01  1.02700E-05  2.54555E-01 
2.11999E+01 2.59997E-01  1.04930E-05  2.59569E-01 
2.12999E+01 2.64997E-01  1.07217E-05  2.64562E-01 
2.13999E+01 2.69997E-01  1.09540E-05  2.69572E-01 
2.14999E+01 2.74997E-01  1.11788E-05  2.74535E-01 
2.15999E+01 2.79997E-01  1.14109E-05  2.79551E-01 
2.16999E+01 2.84997E-01  1.16491E-05  2.84555E-01 
2.17999E+01 2.89997E-01  1.18960E-05  2.89569E-01 
2.18999E+01 2.94997E-01  1.21426E-05  2.94540E-01 
2.19999E+01 2.99997E-01  1.23984E-05  2.99583E-01 
2.20999E+01 3.04997E-01  1.26585E-05  3.04585E-01 
2.21999E+01 3.09997E-01  1.29288E-05  3.09597E-01 
2.22999E+01 3.14997E-01  1.31936E-05  3.14574E-01 
2.23999E+01 3.19997E-01  1.34675E-05  3.19594E-01 
2.24999E+01 3.24997E-01  1.37484E-05  3.24581E-01 
2.25999E+01 3.29997E-01  1.40336E-05  3.29596E-01 
2.26999E+01 3.34997E-01  1.43248E-05  3.34613E-01 
2.27999E+01 3.39997E-01  1.46224E-05  3.39592E-01 
2.28999E+01 3.44997E-01  1.49245E-05  3.44574E-01 
2.29999E+01 3.49997E-01  1.52348E-05  3.49606E-01 
2.30999E+01 3.54997E-01  1.55492E-05  3.54609E-01 
2.31999E+01 3.59997E-01  1.58792E-05  3.59583E-01 
2.32999E+01 3.64997E-01  1.62115E-05  3.64585E-01 
2.33999E+01 3.69997E-01  1.65501E-05  3.69604E-01 
2.34999E+01 3.74997E-01  1.68920E-05  3.74598E-01 
2.35999E+01 3.79997E-01  1.72434E-05  3.79599E-01 
2.36999E+01 3.84997E-01  1.76027E-05  3.84594E-01 
2.37999E+01 3.89997E-01  1.79810E-05  3.89598E-01 
2.38999E+01 3.94997E-01  1.83358E-05  3.94621E-01 
2.39999E+01 3.99997E-01  1.86949E-05  3.99620E-01 
2.40999E+01 4.04997E-01  1.91008E-05  4.04600E-01 
2.41999E+01 4.09997E-01  1.95011E-05  4.09606E-01 
2.42999E+01 4.14997E-01  1.98870E-05  4.14618E-01 
2.43999E+01 4.19997E-01  2.02712E-05  4.19610E-01 
2.44999E+01 4.24997E-01  2.06628E-05  4.24626E-01 
2.45999E+01 4.29997E-01  2.11210E-05  4.29596E-01 
2.46999E+01 4.34997E-01  2.15338E-05  4.34616E-01 
2.47999E+01 4.39997E-01  2.19396E-05  4.39614E-01 
2.48999E+01 4.44997E-01  2.23424E-05  4.44608E-01 
2.49999E+01 4.49997E-01  2.27697E-05  4.49609E-01 
2.50999E+01 4.54997E-01  2.32486E-05  4.54607E-01 
2.51999E+01 4.59997E-01  2.37074E-05  4.59624E-01 
2.52999E+01 4.64997E-01  2.41452E-05  4.64657E-01 
2.53999E+01 4.69997E-01  2.45772E-05  4.69641E-01 
2.54999E+01 4.74997E-01  2.50209E-05  4.74661E-01 
2.55999E+01 4.79997E-01  2.54595E-05  4.79674E-01 
2.56999E+01 4.84997E-01  2.59017E-05  4.84675E-01 
2.57999E+01 4.89997E-01  2.63472E-05  4.89699E-01 
2.58999E+01 4.94997E-01  2.67892E-05  4.94698E-01 
2.59999E+01 4.99997E-01  2.72389E-05  4.99679E-01 
2.60999E+01 5.04997E-01  2.76834E-05  5.04685E-01 
2.61999E+01 5.09997E-01  2.81265E-05  5.09707E-01 
2.62999E+01 5.14997E-01  2.85630E-05  5.14716E-01 
2.63999E+01 5.19997E-01  2.89979E-05  5.19721E-01 
2.64999E+01 5.24997E-01  2.94368E-05  5.24703E-01 
2.65999E+01 5.29997E-01  2.98875E-05  5.29707E-01 
2.66999E+01 5.34997E-01  3.03202E-05  5.34725E-01 
2.67999E+01 5.39997E-01  3.07619E-05  5.39717E-01 
2.68999E+01 5.44997E-01  3.11876E-05  5.44716E-01 
2.69999E+01 5.49997E-01  3.16143E-05  5.49724E-01 
2.70999E+01 5.54997E-01  3.20310E-05  5.54724E-01 
2.71999E+01 5.59997E-01  3.24639E-05  5.59715E-01 
2.72999E+01 5.64997E-01  3.28783E-05  5.64706E-01 
2.73999E+01 5.69997E-01  3.32862E-05  5.69724E-01 
2.74999E+01 5.74997E-01  3.36867E-05  5.74721E-01 
2.75999E+01 5.79997E-01  3.40825E-05  5.79724E-01 
2.76999E+01 5.84997E-01  3.44769E-05  5.84735E-01 
2.77999E+01 5.89997E-01  3.48720E-05  5.89743E-01 
2.78999E+01 5.94997E-01  3.52610E-05  5.94747E-01 
2.79999E+01 5.99996E-01  3.56440E-05  5.99723E-01 
2.80999E+01 6.04996E-01  3.60175E-05  6.04725E-01 
2.81999E+01 6.09996E-01  3.63967E-05  6.09733E-01 
2.82999E+01 6.14996E-01  3.67617E-05  6.14743E-01 
2.83999E+01 6.19996E-01  3.71244E-05  6.19731E-01 
2.84999E+01 6.24996E-01  3.74725E-05  6.24737E-01 
2.85999E+01 6.29996E-01  3.78249E-05  6.29759E-01 
2.86999E+01 6.34996E-01  3.81709E-05  6.34772E-01 
2.87999E+01 6.39996E-01  3.85136E-05  6.39782E-01 
2.88999E+01 6.44996E-01  3.88493E-05  6.44775E-01 
2.89999E+01 6.49996E-01  3.91808E-05  6.49766E-01 
2.90999E+01 6.54996E-01  3.94936E-05  6.54791E-01 
2.91999E+01 6.59996E-01  3.98179E-05  6.59792E-01 
2.92999E+01 6.64996E-01  4.01257E-05  6.64769E-01 
2.93999E+01 6.69996E-01  4.04345E-05  6.69748E-01 
2.94999E+01 6.74996E-01  4.07376E-05  6.74782E-01 
2.95999E+01 6.79996E-01  4.10316E-05  6.79791E-01 
2.96999E+01 6.84996E-01  4.13250E-05  6.84783E-01 
2.97999E+01 6.89996E-01  4.16127E-05  6.89762E-01 
2.98999E+01 6.94996E-01  4.18941E-05  6.94781E-01 
2.99999E+01 6.99996E-01  4.21643E-05  6.99791E-01 
3.00999E+01 7.04996E-01  4.24259E-05  7.04800E-01 
3.01999E+01 7.09996E-01  4.26996E-05  7.09775E-01 
3.02999E+01 7.14996E-01  4.29526E-05  7.14799E-01 
3.03999E+01 7.19996E-01  4.32027E-05  7.19805E-01 
3.04999E+01 7.24996E-01  4.34464E-05  7.24789E-01 
3.05999E+01 7.29996E-01  4.36875E-05  7.29786E-01 
3.06999E+01 7.34996E-01  4.39250E-05  7.34809E-01 
3.07999E+01 7.39996E-01  4.41586E-05  7.39819E-01 
3.08999E+01 7.44996E-01  4.43828E-05  7.44805E-01 
3.09999E+01 7.49996E-01  4.46026E-05  7.49789E-01 
3.10999E+01 7.54996E-01  4.48091E-05  7.54805E-01 
3.11999E+01 7.59996E-01  4.50295E-05  7.59817E-01 
3.12999E+01 7.64996E-01  4.52341E-05  7.64830E-01 
3.13999E+01 7.69996E-01  4.54303E-05  7.69790E-01 
3.14999E+01 7.74996E-01  4.56170E-05  7.74809E-01 
3.15999E+01 7.79996E-01  4.58152E-05  7.79829E-01 
3.16999E+01 7.84996E-01  4.60005E-05  7.84840E-01 
3.17999E+01 7.89996E-01  4.61797E-05  7.89876E-01 
3.18999E+01 7.94996E-01  4.63554E-05  7.94882E-01 
3.19999E+01 7.99996E-01  4.65186E-05  7.99872E-01 
3.20999E+01 8.04996E-01  4.66752E-05  8.04866E-01 
3.21999E+01 8.09996E-01  4.68261E-05  8.09877E-01 
3.22999E+01 8.14996E-01  4.69822E-05  8.14905E-01 
3.23999E+01 8.19996E-01  4.71400E-05  8.19864E-01 
3.24999E+01 8.24996E-01  4.72928E-05  8.24852E-01 
3.25999E+01 8.29996E-01  4.74335E-05  8.29867E-01 
3.26999E+01 8.34996E-01  4.75734E-05  8.34876E-01 
3.27999E+01 8.39996E-01  4.77039E-05  8.39879E-01 
3.28999E+01 8.44996E-01  4.78379E-05  8.44873E-01 
3.29999E+01 8.49996E-01  4.79863E-05  8.49875E-01 
3.30999E+01 8.54996E-01  4.81381E-05  8.54903E-01 
3.31999E+01 8.59996E-01  4.82960E-05  8.59884E-01 
3.32999E+01 8.64996E-01  4.84608E-05  8.64892E-01 
3.33999E+01 8.69996E-01  4.86393E-05  8.69890E-01 
3.34999E+01 8.74996E-01  4.88154E-05  8.74900E-01 
3.35999E+01 8.79996E-01  4.90549E-05  8.79915E-01 
3.36999E+01 8.84996E-01  4.92504E-05  8.84904E-01 
3.37999E+01 8.89996E-01  4.94352E-05  8.89893E-01 
3.38999E+01 8.94996E-01  4.96445E-05  8.94916E-01 
3.39999E+01 8.99996E-01  4.98606E-05  8.99917E-01 
3.40999E+01 9.04996E-01  5.00887E-05  9.04907E-01 
3.41999E+01 9.09996E-01  5.03364E-05  9.09903E-01 
3.42999E+01 9.14996E-01  5.06042E-05  9.14921E-01 
3.43999E+01 9.19996E-01  5.08659E-05  9.19926E-01 
3.44999E+01 9.24996E-01  5.11371E-05  9.24921E-01 
3.45999E+01 9.29996E-01  5.14383E-05  9.29926E-01 
3.46999E+01 9.34996E-01  5.17436E-05  9.34923E-01 
3.47999E+01 9.39996E-01  5.20549E-05  9.39916E-01 
3.48999E+01 9.44996E-01  5.23566E-05  9.44914E-01 
3.49999E+01 9.49996E-01  5.26718E-05  9.49941E-01 
3.50999E+01 9.54996E-01  5.29678E-05  9.54929E-01 
3.51999E+01 9.59996E-01  5.32527E-05  9.59960E-01 
3.52999E+01 9.64996E-01  5.35022E-05  9.64941E-01 
3.53999E+01 9.69996E-01  5.37627E-05  9.69961E-01 
3.54999E+01 9.74996E-01  5.40119E-05  9.74971E-01 
3.55999E+01 9.79996E-01  5.42430E-05  9.79941E-01 
3.56999E+01 9.84996E-01  5.44631E-05  9.84963E-01 
3.57999E+01 9.89996E-01  5.46869E-05  9.89956E-01 
3.58999E+01 9.94996E-01  5.49202E-05  9.94956E-01 
3.59999E+01 9.99995E-01  5.50757E-05  9.99944E-01 
3.60999E+01 1.00500E+00  5.52667E-05  1.00496E+00 
3.61999E+01 1.01000E+00  5.54655E-05  1.00995E+00 
3.62999E+01 1.01500E+00  5.56634E-05  1.01497E+00 
3.63999E+01 1.02000E+00  5.58720E-05  1.01997E+00 
3.64999E+01 1.02500E+00  5.60608E-05  1.02495E+00 
3.65999E+01 1.03000E+00  5.62609E-05  1.02998E+00 
3.66999E+01 1.03500E+00  5.64790E-05  1.03498E+00 
3.67999E+01 1.04000E+00  5.66942E-05  1.03997E+00 
3.68999E+01 1.04500E+00  5.69149E-05  1.04497E+00 
3.69999E+01 1.05000E+00  5.71582E-05  1.04999E+00 
3.70999E+01 1.05500E+00  5.74113E-05  1.05498E+00 
3.71999E+01 1.06000E+00  5.76805E-05  1.05999E+00 
3.72999E+01 1.06500E+00  5.79485E-05  1.06500E+00 
3.73999E+01 1.07000E+00  5.82087E-05  1.07002E+00 
3.74999E+01 1.07500E+00  5.84718E-05  1.07502E+00 
3.75999E+01 1.08000E+00  5.87598E-05  1.07999E+00 
3.76999E+01 1.08500E+00  5.90619E-05  1.08500E+00 
3.77999E+01 1.09000E+00  5.94113E-05  1.09000E+00 
3.78999E+01 1.09500E+00  5.97447E-05  1.09502E+00 
3.79999E+01 1.10000E+00  6.00850E-05  1.10002E+00 
3.80999E+01 1.10500E+00  6.04271E-05  1.10503E+00 
3.81999E+01 1.11000E+00  6.08276E-05  1.11002E+00 
3.82999E+01 1.11500E+00  6.12481E-05  1.11504E+00 
3.83999E+01 1.12000E+00  6.16744E-05  1.12003E+00 
3.84999E+01 1.12500E+00  6.21215E-05  1.12505E+00 
3.85999E+01 1.13000E+00  6.25911E-05  1.13007E+00 
3.86999E+01 1.13500E+00  6.30736E-05  1.13507E+00 
3.87999E+01 1.14000E+00  6.35865E-05  1.14006E+00 
3.88999E+01 1.14500E+00  6.41268E-05  1.14506E+00 
3.89999E+01 1.15000E+00  6.47456E-05  1.15006E+00 
3.90999E+01 1.15500E+00  6.53481E-05  1.15509E+00 
3.91999E+01 1.16000E+00  6.59370E-05  1.16004E+00 
3.92999E+01 1.16500E+00  6.65665E-05  1.16506E+00 
3.93999E+01 1.17000E+00  6.72514E-05  1.17010E+00 
3.94999E+01 1.17500E+00  6.79691E-05  1.17508E+00 
3.95999E+01 1.18000E+00  6.87173E-05  1.18005E+00 
3.96999E+01 1.18500E+00  6.94647E-05  1.18507E+00 
3.97999E+01 1.19000E+00  7.02500E-05  1.19008E+00 
3.98999E+01 1.19500E+00  7.10603E-05  1.19509E+00 
3.99999E+01 1.19999E+00  7.18397E-05  1.20008E+00 
4.00999E+01 1.20499E+00  7.26516E-05  1.20507E+00 
4.01999E+01 1.20999E+00  7.34981E-05  1.21010E+00 
4.02999E+01 1.21499E+00  7.43372E-05  1.21509E+00 
4.03999E+01 1.21999E+00  7.51933E-05  1.22007E+00 
4.04999E+01 1.22499E+00  7.60237E-05  1.22509E+00 
4.05999E+01 1.22999E+00  7.68362E-05  1.23010E+00 
4.06999E+01 1.23499E+00  7.76690E-05  1.23510E+00 
4.07999E+01 1.23999E+00  7.86004E-05  1.24008E+00 
4.08999E+01 1.24499E+00  7.95501E-05  1.24509E+00 
4.09999E+01 1.24999E+00  8.04495E-05  1.25008E+00 
4.10999E+01 1.25499E+00  8.12569E-05  1.25508E+00 
4.11999E+01 1.25999E+00  8.20132E-05  1.26009E+00 
4.12999E+01 1.26499E+00  8.28246E-05  1.26510E+00 
4.13999E+01 1.26999E+00  8.36485E-05  1.27012E+00 
4.14999E+01 1.27499E+00  8.44904E-05  1.27512E+00 
4.15999E+01 1.27999E+00  8.54041E-05  1.28011E+00 
4.16999E+01 1.28499E+00  8.63012E-05  1.28511E+00 
4.17999E+01 1.28999E+00  8.70894E-05  1.29011E+00 
4.18999E+01 1.29499E+00  8.79200E-05  1.29514E+00 
4.19999E+01 1.29999E+00  8.87578E-05  1.30014E+00 
4.20999E+01 1.30499E+00  8.96222E-05  1.30512E+00 
4.21999E+01 1.30999E+00  9.04986E-05  1.31012E+00 
4.22999E+01 1.31499E+00  9.13449E-05  1.31515E+00 
4.23999E+01 1.31999E+00  9.22741E-05  1.32014E+00 
4.24999E+01 1.32499E+00  9.31979E-05  1.32512E+00 
4.25999E+01 1.32999E+00  9.40995E-05  1.33013E+00 
4.26999E+01 1.33499E+00  9.49994E-05  1.33515E+00 
4.27999E+01 1.33999E+00  9.59296E-05  1.34016E+00 
4.28999E+01 1.34499E+00  9.68491E-05  1.34515E+00 
4.29999E+01 1.34999E+00  9.77673E-05  1.35015E+00 
4.30999E+01 1.35499E+00  9.86709E-05  1.35516E+00 
4.31999E+01 1.35999E+00  9.95965E-05  1.36016E+00 
4.32999E+01 1.36499E+00  1.00494E-04  1.36517E+00 
4.33999E+01 1.36999E+00  1.01399E-04  1.37015E+00 
4.34999E+01 1.37499E+00  1.02329E-04  1.37517E+00 
4.35999E+01 1.37999E+00  1.03245E-04  1.38019E+00 
4.36999E+01 1.38499E+00  1.04141E-04  1.38516E+00 
4.37999E+01 1.38999E+00  1.05050E-04  1.39016E+00 
4.38999E+01 1.39499E+00  1.05998E-04  1.39515E+00 
4.39999E+01 1.39999E+00  1.06977E-04  1.40016E+00 
4.40999E+01 1.40499E+00  1.07913E-04  1.40519E+00 
4.41999E+01 1.40999E+00  1.08852E-04  1.41016E+00 
4.42999E+01 1.41499E+00  1.09865E-04  1.41517E+00 
4.43999E+01 1.41999E+00  1.10883E-04  1.42020E+00 
4.44999E+01 1.42499E+00  1.12052E-04  1.42521E+00 
4.45999E+01 1.42999E+00  1.13100E-04  1.43019E+00 
4.46999E+01 1.43499E+00  1.14252E-04  1.43522E+00 
4.47999E+01 1.43999E+00  1.15460E-04  1.44021E+00 
4.48999E+01 1.44499E+00  1.16718E-04  1.44521E+00 
4.49999E+01 1.44999E+00  1.17958E-04  1.45023E+00 
4.50999E+01 1.45499E+00  1.19296E-04  1.45524E+00 
4.51999E+01 1.45999E+00  1.20721E-04  1.46023E+00 
4.52999E+01 1.46499E+00  1.22132E-04  1.46522E+00 
4.53999E+01 1.46999E+00  1.23709E-04  1.47024E+00 
4.54999E+01 1.47499E+00  1.25170E-04  1.47523E+00 
4.55999E+01 1.47999E+00  1.26678E-04  1.48025E+00 
4.56999E+01 1.48499E+00  1.28220E-04  1.48524E+00 
4.57999E+01 1.48999E+00  1.29816E-04  1.49025E+00 
4.58999E+01 1.49499E+00  1.31416E-04  1.49523E+00 
4.59999E+01 1.49999E+00  1.33112E-04  1.50025E+00 
4.60999E+01 1.50499E+00  1.34832E-04  1.50524E+00 
4.61999E+01 1.50999E+00  1.36593E-04  1.51022E+00 
4.62999E+01 1.51499E+00  1.38361E-04  1.51522E+00 
4.63999E+01 1.51999E+00  1.40236E-04  1.52023E+00 
4.64999E+01 1.52499E+00  1.42265E-04  1.52523E+00 
4.65999E+01 1.52999E+00  1.44192E-04  1.53025E+00 
4.66999E+01 1.53499E+00  1.46101E-04  1.53525E+00 
4.67999E+01 1.53999E+00  1.48119E-04  1.54022E+00 
4.68999E+01 1.54499E+00  1.50166E-04  1.54522E+00 
4.69999E+01 1.54999E+00  1.52255E-04  1.55024E+00 
4.70999E+01 1.55499E+00  1.54389E-04  1.55524E+00 
4.71999E+01 1.55999E+00  1.56584E-04  1.56023E+00 
4.72999E+01 1.56499E+00  1.58823E-04  1.56524E+00 
4.73999E+01 1.56999E+00  1.61089E-04  1.57025E+00 
4.74999E+01 1.57499E+00  1.63458E-04  1.57527E+00 
4.75999E+01 1.57999E+00  1.65923E-04  1.58026E+00 
4.76999E+01 1.58499E+00  1.68620E-04  1.58528E+00 
4.77999E+01 1.58999E+00  1.71224E-04  1.59029E+00 
4.78999E+01 1.59499E+00  1.73862E-04  1.59529E+00 
4.79999E+01 1.59999E+00  1.76485E-04  1.60029E+00 
4.80999E+01 1.60499E+00  1.79158E-04  1.60532E+00 
4.81999E+01 1.60999E+00  1.81880E-04  1.61030E+00 
4.82999E+01 1.61499E+00  1.84694E-04  1.61531E+00 
4.83999E+01 1.61999E+00  1.87602E-04  1.62030E+00 
4.84999E+01 1.62499E+00  1.90580E-04  1.62532E+00 
4.85999E+01 1.62999E+00  1.93611E-04  1.63033E+00 
4.86999E+01 1.63499E+00  1.96745E-04  1.63532E+00 
4.87999E+01 1.63999E+00  1.99995E-04  1.64032E+00 
4.88999E+01 1.64499E+00  2.03354E-04  1.64535E+00 
4.89999E+01 1.64999E+00  2.06872E-04  1.65033E+00 
4.90999E+01 1.65499E+00  2.10231E-04  1.65534E+00 
4.91999E+01 1.65999E+00  2.14117E-04  1.66032E+00 
4.92999E+01 1.66499E+00  2.17604E-04  1.66533E+00 
4.93999E+01 1.66999E+00  2.21237E-04  1.67033E+00 
4.94999E+01 1.67499E+00  2.24906E-04  1.67533E+00 
4.95999E+01 1.67999E+00  2.28499E-04  1.68030E+00 
4.96999E+01 1.68499E+00  2.32185E-04  1.68532E+00 
4.97999E+01 1.68999E+00  2.35929E-04  1.69033E+00 
4.98999E+01 1.69499E+00  2.39708E-04  1.69533E+00 
4.99999E+01 1.69999E+00  2.43541E-04  1.70033E+00 
5.00999E+01 1.70499E+00  2.47278E-04  1.70535E+00 
5.01999E+01 1.70999E+00  2.51220E-04  1.71035E+00 
5.02999E+01 1.71499E+00  2.55059E-04  1.71533E+00 
5.03999E+01 1.71999E+00  2.58909E-04  1.72033E+00 
5.04999E+01 1.72499E+00  2.62792E-04  1.72534E+00 
5.05999E+01 1.72999E+00  2.66633E-04  1.73036E+00 
5.06999E+01 1.73499E+00  2.70644E-04  1.73537E+00 
5.07999E+01 1.73999E+00  2.74544E-04  1.74035E+00 
5.08999E+01 1.74499E+00  2.78608E-04  1.74538E+00 
5.09999E+01 1.74999E+00  2.82518E-04  1.75037E+00 
5.10999E+01 1.75499E+00  2.86406E-04  1.75538E+00 
5.11999E+01 1.75999E+00  2.90324E-04  1.76041E+00 
5.12999E+01 1.76499E+00  2.94154E-04  1.76542E+00 
5.13999E+01 1.76999E+00  2.98113E-04  1.77041E+00 
5.14999E+01 1.77499E+00  3.02020E-04  1.77540E+00 
5.15999E+01 1.77999E+00  3.05924E-04  1.78041E+00 
5.16999E+01 1.78499E+00  3.09859E-04  1.78543E+00 
5.17999E+01 1.78999E+00  3.13808E-04  1.79042E+00 
5.18999E+01 1.79499E+00  3.17494E-04  1.79540E+00 
5.19999E+01 1.79999E+00  3.21235E-04  1.80042E+00 
5.20999E+01 1.79499E+00  3.14450E-04  1.79540E+00 
5.21999E+01 1.78999E+00  3.07917E-04  1.79042E+00 
5.22999E+01 1.78499E+00  3.01530E-04  1.78543E+00 
5.23999E+01 1.77999E+00  2.95321E-04  1.78041E+00 
5.24999E+01 1.77499E+00  2.89231E-04  1.77539E+00 
5.25999E+01 1.76999E+00  2.83218E-04  1.77040E+00 
5.26999E+01 1.76499E+00  2.77289E-04  1.76543E+00 
5.27999E+01 1.75999E+00  2.71510E-04  1.76040E+00 
5.28999E+01 1.75499E+00  2.65874E-04  1.75540E+00 
5.29999E+01 1.74999E+00  2.60292E-04  1.75037E+00 
5.30999E+01 1.74499E+00  2.54791E-04  1.74538E+00 
5.31999E+01 1.73999E+00  2.49390E-04  1.74036E+00 
5.32999E+01 1.73499E+00  2.44031E-04  1.73537E+00 
5.33999E+01 1.72999E+00  2.38761E-04  1.73036E+00 
5.34999E+01 1.72499E+00  2.33627E-04  1.72537E+00 
5.35999E+01 1.71999E+00  2.28522E-04  1.72034E+00 
5.36999E+01 1.71499E+00  2.23563E-04  1.71536E+00 
5.37999E+01 1.70999E+00  2.18694E-04  1.71034E+00 
5.38999E+01 1.70499E+00  2.13876E-04  1.70537E+00 
5.39999E+01 1.69999E+00  2.09066E-04  1.70034E+00 
5.40999E+01 1.69499E+00  2.04357E-04  1.69534E+00 
5.41999E+01 1.68999E+00  1.99732E-04  1.69035E+00 
5.42999E+01 1.68499E+00  1.95234E-04  1.68535E+00 
5.43999E+01 1.67999E+00  1.90719E-04  1.68032E+00 
5.44999E+01 1.67499E+00  1.86282E-04  1.67535E+00 
5.45999E+01 1.66999E+00  1.81945E-04  1.67035E+00 
5.46999E+01 1.66499E+00  1.77706E-04  1.66534E+00 
5.47999E+01 1.65999E+00  1.73504E-04  1.66033E+00 
5.48999E+01 1.65499E+00  1.69467E-04  1.65533E+00 
5.49999E+01 1.64999E+00  1.65376E-04  1.65033E+00 
5.50999E+01 1.64499E+00  1.61374E-04  1.64532E+00 
5.51999E+01 1.63999E+00  1.57496E-04  1.64033E+00 
5.52999E+01 1.63499E+00  1.53616E-04  1.63532E+00 
5.53999E+01 1.62999E+00  1.49825E-04  1.63032E+00 
5.54999E+01 1.62499E+00  1.46131E-04  1.62532E+00 
5.55999E+01 1.61999E+00  1.42542E-04  1.62030E+00 
5.56999E+01 1.61499E+00  1.39059E-04  1.61530E+00 
5.57999E+01 1.60999E+00  1.35727E-04  1.61030E+00 
5.58999E+01 1.60499E+00  1.32405E-04  1.60531E+00 
5.59999E+01 1.59999E+00  1.28968E-04  1.60029E+00 
5.60999E+01 1.59499E+00  1.25563E-04  1.59528E+00 
5.61999E+01 1.58999E+00  1.22279E-04  1.59027E+00 
5.62999E+01 1.58499E+00  1.19048E-04  1.58530E+00 
5.63999E+01 1.57999E+00  1.15836E-04  1.58028E+00 
5.64999E+01 1.57499E+00  1.12717E-04  1.57525E+00 
5.65999E+01 1.56999E+00  1.09677E-04  1.57026E+00 
5.66999E+01 1.56499E+00  1.06654E-04  1.56525E+00 
5.67999E+01 1.55999E+00  1.03723E-04  1.56026E+00 
5.68999E+01 1.55499E+00  1.00922E-04  1.55526E+00 
5.69999E+01 1.54999E+00  9.81585E-05  1.55026E+00 
5.70999E+01 1.54499E+00  9.54143E-05  1.54524E+00 
5.71999E+01 1.53999E+00  9.27230E-05  1.54025E+00 
5.72999E+01 1.53499E+00  9.01837E-05  1.53525E+00 
5.73999E+01 1.52999E+00  8.78252E-05  1.53027E+00 
5.74999E+01 1.52499E+00  8.56754E-05  1.52524E+00 
5.75999E+01 1.51999E+00  8.35804E-05  1.52026E+00 
5.76999E+01 1.51499E+00  8.11584E-05  1.51527E+00 
5.77999E+01 1.50999E+00  7.85514E-05  1.51024E+00 
5.78999E+01 1.50499E+00  7.60280E-05  1.50523E+00 
5.79999E+01 1.49999E+00  7.37825E-05  1.50026E+00 
5.80999E+01 1.49499E+00  7.16282E-05  1.49527E+00 
5.81999E+01 1.48999E+00  6.96211E-05  1.49024E+00 
5.82999E+01 1.48499E+00  6.76437E-05  1.48523E+00 
5.83999E+01 1.47999E+00  6.57412E-05  1.48024E+00 
5.84999E+01 1.47499E+00  6.40754E-05  1.47524E+00 
5.85999E+01 1.46999E+00  6.23893E-05  1.47023E+00 
5.86999E+01 1.46499E+00  6.06775E-05  1.46522E+00 
5.87999E+01 1.45999E+00  5.89627E-05  1.46024E+00 
5.88999E+01 1.45499E+00  5.73364E-05  1.45523E+00 
5.89999E+01 1.44999E+00  5.57083E-05  1.45023E+00 
5.90999E+01 1.44499E+00  5.41524E-05  1.44523E+00 
5.91999E+01 1.43999E+00  5.26415E-05  1.44020E+00 
5.92999E+01 1.43499E+00  5.11858E-05  1.43523E+00 
5.93999E+01 1.42999E+00  4.98008E-05  1.43018E+00 
5.94999E+01 1.42499E+00  4.84638E-05  1.42522E+00 
5.95999E+01 1.41999E+00  4.71945E-05  1.42022E+00 
5.96999E+01 1.41499E+00  4.59759E-05  1.41518E+00 
5.97999E+01 1.40999E+00  4.47946E-05  1.41017E+00 
5.98999E+01 1.40499E+00  4.36682E-05  1.40519E+00 
5.99998E+01 1.39999E+00  4.25818E-05  1.40019E+00 
6.00998E+01 1.39499E+00  4.15266E-05  1.39518E+00 
6.01998E+01 1.38999E+00  4.05282E-05  1.39016E+00 
6.02998E+01 1.38499E+00  3.95650E-05  1.38517E+00 
6.03998E+01 1.37999E+00  3.86450E-05  1.38019E+00 
6.04998E+01 1.37499E+00  3.72552E-05  1.37518E+00 
6.05998E+01 1.36999E+00  3.64047E-05  1.37016E+00 
6.06998E+01 1.36499E+00  3.56074E-05  1.36518E+00 
6.07998E+01 1.35999E+00  3.48241E-05  1.36016E+00 
6.08998E+01 1.35499E+00  3.40794E-05  1.35518E+00 
6.09998E+01 1.34999E+00  3.33746E-05  1.35016E+00 
6.10998E+01 1.34499E+00  3.26972E-05  1.34517E+00 
6.11998E+01 1.33999E+00  3.20511E-05  1.34016E+00 
6.12998E+01 1.33499E+00  3.14382E-05  1.33517E+00 
6.13998E+01 1.32999E+00  3.08687E-05  1.33016E+00 
6.14998E+01 1.32499E+00  3.03433E-05  1.32515E+00 
6.15998E+01 1.31999E+00  2.97616E-05  1.32014E+00 
6.16998E+01 1.31499E+00  2.91847E-05  1.31516E+00 
6.17998E+01 1.30999E+00  2.86884E-05  1.31015E+00 
6.18998E+01 1.30499E+00  2.81807E-05  1.30514E+00 
6.19998E+01 1.29999E+00  2.77029E-05  1.30016E+00 
6.20998E+01 1.29499E+00  2.72441E-05  1.29515E+00 
6.21998E+01 1.28999E+00  2.68048E-05  1.29012E+00 
6.22998E+01 1.28499E+00  2.63796E-05  1.28512E+00 
6.23998E+01 1.27999E+00  2.59742E-05  1.28015E+00 
6.24998E+01 1.27499E+00  2.55796E-05  1.27513E+00 
6.25998E+01 1.26999E+00  2.51997E-05  1.27013E+00 
6.26998E+01 1.26499E+00  2.48386E-05  1.26513E+00 
6.27998E+01 1.25999E+00  2.44817E-05  1.26008E+00 
6.28998E+01 1.25499E+00  2.41251E-05  1.25510E+00 
6.29998E+01 1.24999E+00  2.37978E-05  1.25010E+00 
6.30998E+01 1.24499E+00  2.34755E-05  1.24511E+00 
6.31998E+01 1.23999E+00  2.31461E-05  1.24008E+00 
6.32998E+01 1.23499E+00  2.28256E-05  1.23508E+00 
6.33998E+01 1.22999E+00  2.25448E-05  1.23008E+00 
6.34998E+01 1.22499E+00  2.22714E-05  1.22508E+00 
6.35998E+01 1.21999E+00  2.20045E-05  1.22008E+00 
6.36998E+01 1.21499E+00  2.17462E-05  1.21509E+00 
6.37998E+01 1.20999E+00  2.14794E-05  1.21010E+00 
6.38998E+01 1.20499E+00  2.12263E-05  1.20507E+00 
6.39998E+01 1.19999E+00  2.09833E-05  1.20007E+00 
6.40998E+01 1.19500E+00  2.07417E-05  1.19508E+00 
6.41998E+01 1.19000E+00  2.05227E-05  1.19009E+00 
6.42998E+01 1.18500E+00  2.02679E-05  1.18508E+00 
6.43998E+01 1.18000E+00  2.00352E-05  1.18006E+00 
6.44998E+01 1.17500E+00  1.98146E-05  1.17506E+00 
6.45998E+01 1.17000E+00  1.96125E-05  1.17007E+00 
6.46998E+01 1.16500E+00  1.94029E-05  1.16508E+00 
6.47998E+01 1.16000E+00  1.91781E-05  1.16006E+00 
6.48998E+01 1.15500E+00  1.89477E-05  1.15507E+00 
6.49998E+01 1.15000E+00  1.87526E-05  1.15006E+00 
6.50998E+01 1.14500E+00  1.85529E-05  1.14507E+00 
6.51998E+01 1.14000E+00  1.83509E-05  1.14006E+00 
6.52998E+01 1.13500E+00  1.81546E-05  1.13509E+00 
6.53998E+01 1.13000E+00  1.79435E-05  1.13008E+00 
6.54998E+01 1.12500E+00  1.77610E-05  1.12507E+00 
6.55998E+01 1.12000E+00  1.75588E-05  1.12006E+00 
6.56998E+01 1.11500E+00  1.73902E-05  1.11505E+00 
6.57998E+01 1.11000E+00  1.71952E-05  1.11004E+00 
6.58998E+01 1.10500E+00  1.70085E-05  1.10504E+00 
6.59998E+01 1.10000E+00  1.68235E-05  1.10002E+00 
6.60998E+01 1.09500E+00  1.66438E-05  1.09504E+00 
6.61998E+01 1.09000E+00  1.64615E-05  1.09002E+00 
6.62998E+01 1.08500E+00  1.62858E-05  1.08503E+00 
6.63998E+01 1.08000E+00  1.61152E-05  1.08002E+00 
6.64998E+01 1.07500E+00  1.59439E-05  1.07502E+00 
6.65998E+01 1.07000E+00  1.57518E-05  1.07000E+00 
6.66998E+01 1.06500E+00  1.55847E-05  1.06499E+00 
6.67998E+01 1.06000E+00  1.54192E-05  1.06001E+00 
6.68998E+01 1.05500E+00  1.52525E-05  1.05500E+00 
6.69998E+01 1.05000E+00  1.50807E-05  1.05001E+00 
6.70998E+01 1.04500E+00  1.49069E-05  1.04498E+00 
6.71998E+01 1.04000E+00  1.47459E-05  1.04000E+00 
6.72998E+01 1.03500E+00  1.45646E-05  1.03500E+00 
6.73998E+01 1.03000E+00  1.43840E-05  1.03000E+00 
6.74998E+01 1.02500E+00  1.42296E-05  1.02497E+00 
6.75998E+01 1.02000E+00  1.40749E-05  1.01999E+00 
6.76998E+01 1.01500E+00  1.39227E-05  1.01499E+00 
6.77998E+01 1.01000E+00  1.37351E-05  1.00998E+00 
6.78998E+01 1.00500E+00  1.36042E-05  1.00499E+00 
6.79998E+01 9.99995E-01  1.34275E-05  9.99960E-01 
6.80998E+01 9.94996E-01  1.32785E-05  9.94966E-01 
6.81998E+01 9.89996E-01  1.31319E-05  9.89980E-01 
6.82998E+01 9.84996E-01  1.29587E-05  9.84960E-01 
6.83998E+01 9.79996E-01  1.27582E-05  9.79955E-01 
6.84998E+01 9.74996E-01  1.26170E-05  9.74980E-01 
6.85998E+01 9.69996E-01  1.24504E-05  9.69978E-01 
6.86998E+01 9.64996E-01  1.22288E-05  9.64949E-01 
6.87998E+01 9.59996E-01  1.21127E-05  9.59949E-01 
6.88998E+01 9.54996E-01  1.19770E-05  9.54975E-01 
6.89998E+01 9.49996E-01  1.17944E-05  9.49962E-01 
6.90998E+01 9.44996E-01  1.16581E-05  9.44972E-01 
6.91998E+01 9.39996E-01  1.15754E-05  9.39951E-01 
6.92998E+01 9.34996E-01  1.14130E-05  9.34943E-01 
6.93998E+01 9.29996E-01  1.13043E-05  9.29924E-01 
6.94998E+01 9.24996E-01  1.13943E-05  9.24959E-01 
6.95998E+01 9.19996E-01  1.12465E-05  9.19945E-01 
6.96998E+01 9.14996E-01  1.10505E-05  9.14953E-01 
6.97998E+01 9.09996E-01  1.07896E-05  9.09931E-01 
6.98998E+01 9.04996E-01  1.05884E-05  9.04957E-01 
6.99998E+01 8.99996E-01  1.03701E-05  8.99939E-01 
7.00998E+01 8.94996E-01  1.01727E-05  8.94943E-01 
7.01998E+01 8.89996E-01  9.98709E-06  8.89905E-01 
7.02998E+01 8.84996E-01  9.79914E-06  8.84908E-01 
7.03998E+01 8.79996E-01  9.62336E-06  8.79923E-01 
7.04998E+01 8.74996E-01  9.45457E-06  8.74912E-01 
7.05998E+01 8.69996E-01  9.27294E-06  8.69903E-01 
7.06998E+01 8.64996E-01  9.08769E-06  8.64920E-01 
7.07998E+01 8.59996E-01  8.88879E-06  8.59912E-01 
7.08998E+01 8.54996E-01  8.72005E-06  8.54902E-01 
7.09998E+01 8.49996E-01  8.50133E-06  8.49908E-01 
7.10998E+01 8.44996E-01  8.32905E-06  8.44876E-01 
7.11998E+01 8.39996E-01  8.18796E-06  8.39890E-01 
7.12998E+01 8.34996E-01  7.99473E-06  8.34912E-01 
7.13998E+01 8.29996E-01  7.80160E-06  8.29884E-01 
7.14998E+01 8.24996E-01  7.62827E-06  8.24881E-01 
7.15998E+01 8.19996E-01  7.44966E-06  8.19904E-01 
7.16998E+01 8.14996E-01  7.29527E-06  8.14902E-01 
7.17998E+01 8.09996E-01  7.12926E-06  8.09885E-01 
7.18998E+01 8.04996E-01  6.95388E-06  8.04880E-01 
7.19998E+01 7.99996E-01  6.78422E-06  7.99864E-01 
7.20998E+01 7.94996E-01  6.62326E-06  7.94868E-01 
7.21998E+01 7.89996E-01  6.43783E-06  7.89868E-01 
7.22998E+01 7.84996E-01  6.28037E-06  7.84855E-01 
7.23998E+01 7.79996E-01  6.11621E-06  7.79843E-01 
7.24998E+01 7.74996E-01  5.92733E-06  7.74824E-01 
7.25998E+01 7.69996E-01  5.77339E-06  7.69835E-01 
7.26998E+01 7.64996E-01  5.59629E-06  7.64853E-01 
7.27998E+01 7.59996E-01  5.41943E-06  7.59833E-01 
7.28998E+01 7.54996E-01  5.23897E-06  7.54821E-01 
7.29998E+01 7.49996E-01  5.02362E-06  7.49816E-01 
7.30998E+01 7.44996E-01  4.86476E-06  7.44825E-01 
7.31998E+01 7.39996E-01  4.72912E-06  7.39829E-01 
7.32998E+01 7.34996E-01  4.51155E-06  7.34826E-01 
7.33998E+01 7.29996E-01  4.34146E-06  7.29802E-01 
7.34998E+01 7.24996E-01  4.12622E-06  7.24807E-01 
7.35998E+01 7.19996E-01  3.97960E-06  7.19811E-01 
7.36998E+01 7.14996E-01  3.76470E-06  7.14799E-01 
7.37998E+01 7.09996E-01  3.60362E-06  7.09815E-01 
7.38998E+01 7.04996E-01  3.33866E-06  7.04795E-01 
7.39998E+01 6.99996E-01  3.15685E-06  6.99807E-01 
7.40998E+01 6.94996E-01  2.95693E-06  6.94796E-01 
7.41998E+01 6.89996E-01  2.75601E-06  6.89784E-01 
7.42998E+01 6.84996E-01  2.60921E-06  6.84779E-01 
7.43998E+01 6.79996E-01  2.37000E-06  6.79803E-01 
7.44998E+01 6.74996E-01  2.14766E-06  6.74799E-01 
7.45998E+01 6.69996E-01  1.96450E-06  6.69779E-01 
7.46998E+01 6.64996E-01  1.76544E-06  6.64772E-01 
7.47998E+01 6.59996E-01  1.61122E-06  6.59795E-01 
7.48998E+01 6.54996E-01  1.38371E-06  6.54771E-01 
7.49998E+01 6.49996E-01  1.16825E-06  6.49760E-01 
7.50998E+01 6.44996E-01  9.84230E-07  6.44778E-01 
7.51998E+01 6.39996E-01  7.80693E-07  6.39776E-01 
7.52998E+01 6.34996E-01  5.81631E-07  6.34772E-01 
7.53998E+01 6.29996E-01  3.75654E-07  6.29774E-01 
7.54998E+01 6.24996E-01  1.75015E-07  6.24754E-01 
7.55998E+01 6.19996E-01  -5.56548E-08 6.19771E-01 
7.56998E+01 6.14996E-01  -2.48658E-07 6.14771E-01 
7.57998E+01 6.09996E-01  -4.44797E-07 6.09755E-01 
7.58998E+01 6.04996E-01  -6.47400E-07 6.04752E-01 
7.59998E+01 5.99996E-01  -8.63892E-07 5.99758E-01 
7.60998E+01 5.94997E-01  -1.10022E-06 5.94764E-01 
7.61998E+01 5.89997E-01  -1.31081E-06 5.89767E-01 
7.62998E+01 5.84997E-01  -1.55398E-06 5.84756E-01 
7.63998E+01 5.79997E-01  -1.78566E-06 5.79744E-01 
7.64998E+01 5.74997E-01  -2.01522E-06 5.74750E-01 
7.65998E+01 5.69997E-01  -2.24977E-06 5.69749E-01 
7.66998E+01 5.64997E-01  -2.48435E-06 5.64723E-01 
7.67998E+01 5.59997E-01  -2.71189E-06 5.59733E-01 
7.68998E+01 5.54997E-01  -2.99004E-06 5.54742E-01 
7.69998E+01 5.49997E-01  -3.23473E-06 5.49737E-01 
7.70998E+01 5.44997E-01  -3.48037E-06 5.44727E-01 
7.71998E+01 5.39997E-01  -3.75404E-06 5.39707E-01 
7.72998E+01 5.34997E-01  -4.00021E-06 5.34714E-01 
7.73998E+01 5.29997E-01  -4.30330E-06 5.29720E-01 
7.74998E+01 5.24997E-01  -4.56599E-06 5.24709E-01 
7.75998E+01 5.19997E-01  -4.84945E-06 5.19696E-01 
7.76998E+01 5.14997E-01  -5.12566E-06 5.14711E-01 
7.77998E+01 5.09997E-01  -5.41134E-06 5.09721E-01 
7.78998E+01 5.04997E-01  -5.71164E-06 5.04714E-01 
7.79998E+01 4.99997E-01  -6.00714E-06 4.99697E-01 
7.80998E+01 4.94997E-01  -6.29822E-06 4.94697E-01 
7.81998E+01 4.89997E-01  -6.60800E-06 4.89715E-01 
7.82998E+01 4.84997E-01  -6.93045E-06 4.84698E-01 
7.83998E+01 4.79997E-01  -7.25123E-06 4.79694E-01 
7.84998E+01 4.74997E-01  -7.58172E-06 4.74683E-01 
7.85998E+01 4.69997E-01  -7.91718E-06 4.69687E-01 
7.86998E+01 4.64997E-01  -8.26157E-06 4.64694E-01 
7.87998E+01 4.59997E-01  -8.61922E-06 4.59692E-01 
7.88998E+01 4.54997E-01  -8.96475E-06 4.54680E-01 
7.89998E+01 4.49997E-01  -9.32949E-06 4.49666E-01 
7.90998E+01 4.44997E-01  -9.68448E-06 4.44675E-01 
7.91998E+01 4.39997E-01  -1.00427E-05 4.39673E-01 
7.92998E+01 4.34997E-01  -1.04421E-05 4.34666E-01 
7.93998E+01 4.29997E-01  -1.08234E-05 4.29661E-01 
7.94998E+01 4.24997E-01  -1.12078E-05 4.24648E-01 
7.95998E+01 4.19997E-01  -1.16062E-05 4.19651E-01 
7.96998E+01 4.14997E-01  -1.19962E-05 4.14629E-01 
7.97998E+01 4.09997E-01  -1.23764E-05 4.09644E-01 
7.98998E+01 4.04997E-01  -1.28153E-05 4.04632E-01 
7.99998E+01 3.99997E-01  -1.32351E-05 3.99641E-01 
8.00998E+01 3.94997E-01  -1.36614E-05 3.94649E-01 
8.01998E+01 3.89997E-01  -1.40879E-05 3.89641E-01 
8.02998E+01 3.84997E-01  -1.45357E-05 3.84606E-01 
8.03998E+01 3.79997E-01  -1.49904E-05 3.79621E-01 
8.04998E+01 3.74997E-01  -1.54333E-05 3.74639E-01 
8.05998E+01 3.69997E-01  -1.58648E-05 3.69623E-01 
8.06998E+01 3.64997E-01  -1.63329E-05 3.64596E-01 
8.07998E+01 3.59997E-01  -1.68006E-05 3.59609E-01 
8.08998E+01 3.54997E-01  -1.72569E-05 3.54626E-01 
8.09998E+01 3.49997E-01  -1.77341E-05 3.49615E-01 
8.10998E+01 3.44997E-01  -1.82160E-05 3.44603E-01 
8.11998E+01 3.39997E-01  -1.86512E-05 3.39619E-01 
8.12998E+01 3.34997E-01  -1.91335E-05 3.34626E-01 
8.13998E+01 3.29997E-01  -1.96048E-05 3.29614E-01 
8.14998E+01 3.24997E-01  -2.01204E-05 3.24612E-01 
8.15998E+01 3.19997E-01  -2.06354E-05 3.19598E-01 
8.16998E+01 3.14997E-01  -2.11371E-05 3.14615E-01 
8.17998E+01 3.09997E-01  -2.16402E-05 3.09635E-01 
8.18998E+01 3.04997E-01  -2.21555E-05 3.04602E-01 
8.19998E+01 2.99997E-01  -2.26805E-05 2.99614E-01 
8.20998E+01 2.94997E-01  -2.32197E-05 2.94587E-01 
8.21998E+01 2.89997E-01  -2.37361E-05 2.89591E-01 
8.22998E+01 2.84997E-01  -2.42615E-05 2.84587E-01 
8.23998E+01 2.79997E-01  -2.47991E-05 2.79576E-01 
8.24998E+01 2.74997E-01  -2.53329E-05 2.74572E-01 
8.25998E+01 2.69997E-01  -2.59075E-05 2.69583E-01 
8.26998E+01 2.64997E-01  -2.64598E-05 2.64573E-01 
8.27998E+01 2.59997E-01  -2.70090E-05 2.59550E-01 
8.28998E+01 2.54997E-01  -2.75576E-05 2.54567E-01 
8.29998E+01 2.49997E-01  -2.81123E-05 2.49574E-01 
8.30998E+01 2.44997E-01  -2.86863E-05 2.44564E-01 
8.31998E+01 2.39997E-01  -2.92730E-05 2.39561E-01 
8.32998E+01 2.34997E-01  -2.98589E-05 2.34561E-01 
8.33998E+01 2.29997E-01  -3.04293E-05 2.29535E-01 
8.34998E+01 2.24997E-01  -3.10093E-05 2.24540E-01 
8.35998E+01 2.19997E-01  -3.16212E-05 2.19544E-01 
8.36998E+01 2.14997E-01  -3.22082E-05 2.14541E-01 
8.37998E+01 2.09997E-01  -3.28119E-05 2.09525E-01 
8.38998E+01 2.04997E-01  -3.34091E-05 2.04521E-01 
8.39998E+01 1.99997E-01  -3.40266E-05 1.99520E-01 
8.40998E+01 1.94998E-01  -3.46465E-05 1.94523E-01 
8.41998E+01 1.89998E-01  -3.52975E-05 1.89499E-01 
8.42998E+01 1.84998E-01  -3.59290E-05 1.84545E-01 
8.43998E+01 1.79998E-01  -3.65765E-05 1.79529E-01 
8.44998E+01 1.74998E-01  -3.72066E-05 1.74513E-01 
8.45998E+01 1.69998E-01  -3.78849E-05 1.69509E-01 
8.46998E+01 1.64998E-01  -3.85619E-05 1.64514E-01 
8.47998E+01 1.59998E-01  -3.92505E-05 1.59529E-01 
8.48998E+01 1.54998E-01  -3.99487E-05 1.54488E-01 
8.49998E+01 1.49998E-01  -4.06449E-05 1.49512E-01 
8.50998E+01 1.44998E-01  -4.13307E-05 1.44516E-01 
8.51998E+01 1.39998E-01  -4.20292E-05 1.39502E-01 
8.52998E+01 1.34998E-01  -4.28263E-05 1.34462E-01 
8.53998E+01 1.29998E-01  -4.36208E-05 1.29469E-01 
8.54998E+01 1.24998E-01  -4.44537E-05 1.24493E-01 
8.55998E+01 1.19998E-01  -4.52804E-05 1.19498E-01 
8.56998E+01 1.14998E-01  -4.61549E-05 1.14475E-01 
8.57998E+01 1.09998E-01  -4.70396E-05 1.09466E-01 
8.58998E+01 1.04998E-01  -4.80149E-05 1.04472E-01 
8.59998E+01 9.99977E-02  -4.89717E-05 9.94963E-02 
8.60998E+01 9.49978E-02  -4.99225E-05 9.44711E-02 
8.61998E+01 8.99978E-02  -5.09010E-05 8.94564E-02 
8.62998E+01 8.49978E-02  -5.19208E-05 8.44717E-02 
8.63998E+01 7.99978E-02  -5.29712E-05 7.94795E-02 
8.64998E+01 7.49978E-02  -5.40184E-05 7.44555E-02 
8.65998E+01 6.99978E-02  -5.50905E-05 6.94296E-02 
8.66998E+01 6.49978E-02  -5.61688E-05 6.44505E-02 
8.67998E+01 5.99978E-02  -5.73656E-05 5.94447E-02 
8.68998E+01 5.49979E-02  -5.86073E-05 5.44537E-02 
8.69998E+01 4.99979E-02  -5.98302E-05 4.94515E-02 
8.70998E+01 4.49979E-02  -6.10416E-05 4.44625E-02 
8.71998E+01 3.99979E-02  -6.22401E-05 3.94485E-02 
8.72998E+01 3.49979E-02  -6.35313E-05 3.44463E-02 
8.73998E+01 2.99979E-02  -6.48420E-05 2.94316E-02 
8.74998E+01 2.49979E-02  -6.61888E-05 2.44345E-02 
8.75998E+01 1.99979E-02  -6.75649E-05 1.94579E-02 
8.76998E+01 1.49980E-02  -6.89743E-05 1.44489E-02 
8.77998E+01 9.99797E-03  -7.04631E-05 9.43920E-03 
8.78998E+01 4.99799E-03  -7.19608E-05 4.41642E-03 
8.79998E+01 -2.00000E-06 -7.35434E-05 -5.42075E-04
8.80998E+01 -5.00199E-03 -7.51293E-05 -5.57604E-03
8.81998E+01 -1.00020E-02 -7.68021E-05 -1.05863E-02
8.82998E+01 -1.50020E-02 -7.84915E-05 -1.56016E-02
8.83998E+01 -2.00020E-02 -8.02399E-05 -2.06132E-02
8.84998E+01 -2.50019E-02 -8.20538E-05 -2.55866E-02
8.85998E+01 -3.00019E-02 -8.39297E-05 -3.05832E-02
8.86998E+01 -3.50019E-02 -8.58124E-05 -3.55966E-02
8.87998E+01 -4.00019E-02 -8.77369E-05 -4.06225E-02
8.88998E+01 -4.50019E-02 -8.97404E-05 -4.55909E-02
8.89998E+01 -5.00019E-02 -9.17716E-05 -5.05918E-02
8.90998E+01 -5.50019E-02 -9.38421E-05 -5.55959E-02
8.91998E+01 -6.00019E-02 -9.59245E-05 -6.06030E-02
8.92998E+01 -6.50018E-02 -9.80524E-05 -6.55884E-02
8.93998E+01 -7.00018E-02 -1.00208E-04 -7.06024E-02
8.94998E+01 -7.50018E-02 -1.02420E-04 -7.56214E-02
8.95998E+01 -8.00018E-02 -1.04703E-04 -8.06342E-02
8.96998E+01 -8.50018E-02 -1.06987E-04 -8.56132E-02
8.97998E+01 -9.00018E-02 -1.09286E-04 -9.06167E-02
8.98998E+01 -9.50018E-02 -1.11691E-04 -9.56363E-02
8.99998E+01 -1.00002E-01 -1.14133E-04 -1.00645E-01
9.00998E+01 -1.05002E-01 -1.16688E-04 -1.05637E-01
9.01998E+01 -1.10002E-01 -1.19276E-04 -1.10627E-01
9.02998E+01 -1.15002E-01 -1.21966E-04 -1.15623E-01
9.03998E+01 -1.20002E-01 -1.24790E-04 -1.20645E-01
9.04998E+01 -1.25002E-01 -1.27707E-04 -1.25669E-01
9.05998E+01 -1.30002E-01 -1.30755E-04 -1.30633E-01
9.06998E+01 -1.35002E-01 -1.33968E-04 -1.35651E-01
9.07998E+01 -1.40002E-01 -1.37304E-04 -1.40651E-01
9.08998E+01 -1.45002E-01 -1.40872E-04 -1.45657E-01
9.09998E+01 -1.50002E-01 -1.44530E-04 -1.50645E-01
9.10998E+01 -1.55002E-01 -1.48429E-04 -1.55659E-01
9.11998E+01 -1.60002E-01 -1.52532E-04 -1.60656E-01
9.12998E+01 -1.65002E-01 -1.56739E-04 -1.65677E-01
9.13998E+01 -1.70002E-01 -1.61137E-04 -1.70683E-01
9.14998E+01 -1.75002E-01 -1.65588E-04 -1.75672E-01
9.15998E+01 -1.80002E-01 -1.70133E-04 -1.80703E-01
9.16998E+01 -1.85002E-01 -1.74721E-04 -1.85695E-01
9.17998E+01 -1.90002E-01 -1.79329E-04 -1.90696E-01
9.18998E+01 -1.95002E-01 -1.83944E-04 -1.95729E-01
9.19998E+01 -2.00002E-01 -1.88485E-04 -2.00710E-01
9.20998E+01 -2.05001E-01 -1.92936E-04 -2.05706E-01
9.21998E+01 -2.10001E-01 -1.97287E-04 -2.10691E-01
9.22998E+01 -2.15001E-01 -2.01439E-04 -2.15682E-01
9.23998E+01 -2.20001E-01 -2.05390E-04 -2.20707E-01
9.24998E+01 -2.25001E-01 -2.08990E-04 -2.25707E-01
9.25998E+01 -2.30001E-01 -2.12105E-04 -2.30696E-01
9.26998E+01 -2.35001E-01 -2.14090E-04 -2.35695E-01
9.27998E+01 -2.40001E-01 -2.15638E-04 -2.40715E-01
9.28998E+01 -2.45001E-01 -2.15573E-04 -2.45712E-01
9.29998E+01 -2.50001E-01 -2.12776E-04 -2.50726E-01
9.30998E+01 -2.55001E-01 -2.05441E-04 -2.55721E-01
9.31998E+01 -2.60001E-01 -1.91400E-04 -2.60732E-01
9.32998E+01 -2.65001E-01 -1.71882E-04 -2.65721E-01
9.33998E+01 -2.70001E-01 -1.50774E-04 -2.70737E-01
9.34998E+01 -2.75001E-01 -1.30314E-04 -2.75715E-01
9.35998E+01 -2.80001E-01 -1.13550E-04 -2.80719E-01
9.36998E+01 -2.85001E-01 -1.01746E-04 -2.85727E-01
9.37998E+01 -2.90001E-01 -9.33556E-05 -2.90708E-01
9.38998E+01 -2.95001E-01 -8.74419E-05 -2.95726E-01
9.39998E+01 -3.00001E-01 -8.26955E-05 -3.00716E-01
9.40998E+01 -3.05001E-01 -7.89731E-05 -3.05723E-01
9.41998E+01 -3.10001E-01 -7.58273E-05 -3.10708E-01
9.42998E+01 -3.15001E-01 -7.31680E-05 -3.15742E-01
9.43998E+01 -3.20001E-01 -7.08246E-05 -3.20735E-01
9.44998E+01 -3.25001E-01 -6.88294E-05 -3.25762E-01
9.45998E+01 -3.30001E-01 -6.70424E-05 -3.30749E-01
9.46998E+01 -3.35001E-01 -6.54363E-05 -3.35750E-01
9.47998E+01 -3.40001E-01 -6.39559E-05 -3.40742E-01
9.48998E+01 -3.45001E-01 -6.26241E-05 -3.45750E-01
9.49998E+01 -3.50001E-01 -6.13953E-05 -3.50753E-01
9.50998E+01 -3.55001E-01 -6.02787E-05 -3.55770E-01
9.51998E+01 -3.60001E-01 -5.92365E-05 -3.60754E-01
9.52998E+01 -3.65001E-01 -5.82448E-05 -3.65730E-01
9.53998E+01 -3.70001E-01 -5.73203E-05 -3.70766E-01
9.54998E+01 -3.75001E-01 -5.64560E-05 -3.75786E-01
9.55998E+01 -3.80001E-01 -5.56622E-05 -3.80764E-01
9.56998E+01 -3.85001E-01 -5.48867E-05 -3.85756E-01
9.57998E+01 -3.90001E-01 -5.42008E-05 -3.90772E-01
9.58998E+01 -3.95001E-01 -5.35169E-05 -3.95783E-01
9.59998E+01 -4.00001E-01 -5.28868E-05 -4.00766E-01
9.60998E+01 -4.05001E-01 -5.22939E-05 -4.05800E-01
9.61998E+01 -4.10001E-01 -5.17157E-05 -4.10793E-01
9.62998E+01 -4.15001E-01 -5.11905E-05 -4.15804E-01
9.63998E+01 -4.20001E-01 -5.06752E-05 -4.20819E-01
9.64998E+01 -4.25001E-01 -5.01683E-05 -4.25791E-01
9.65998E+01 -4.30001E-01 -4.97258E-05 -4.30818E-01
9.66998E+01 -4.35001E-01 -4.92710E-05 -4.35817E-01
9.67998E+01 -4.40001E-01 -4.88525E-05 -4.40820E-01
9.68998E+01 -4.45001E-01 -4.84475E-05 -4.45801E-01
9.69998E+01 -4.50001E-01 -4.80395E-05 -4.50797E-01
9.70998E+01 -4.55001E-01 -4.76722E-05 -4.55816E-01
9.71998E+01 -4.60001E-01 -4.73488E-05 -4.60806E-01
9.72998E+01 -4.65001E-01 -4.70363E-05 -4.65797E-01
9.73998E+01 -4.70001E-01 -4.67070E-05 -4.70814E-01
9.74998E+01 -4.75001E-01 -4.63984E-05 -4.75849E-01
9.75998E+01 -4.80001E-01 -4.61275E-05 -4.80812E-01
9.76998E+01 -4.85001E-01 -4.58442E-05 -4.85854E-01
9.77998E+01 -4.90001E-01 -4.56001E-05 -4.90855E-01
9.78998E+01 -4.95001E-01 -4.53517E-05 -4.95849E-01
9.79998E+01 -5.00001E-01 -4.51476E-05 -5.00850E-01
9.80998E+01 -5.05001E-01 -4.49332E-05 -5.05862E-01
9.81998E+01 -5.10001E-01 -4.47588E-05 -5.10864E-01
9.82998E+01 -5.15001E-01 -4.46144E-05 -5.15857E-01
9.83998E+01 -5.20001E-01 -4.44897E-05 -5.20852E-01
9.84998E+01 -5.25001E-01 -4.44542E-05 -5.25877E-01
9.85998E+01 -5.30001E-01 -4.44130E-05 -5.30871E-01
9.86998E+01 -5.35001E-01 -4.43253E-05 -5.35877E-01
9.87998E+01 -5.40001E-01 -4.42700E-05 -5.40862E-01
9.88998E+01 -5.45001E-01 -4.42461E-05 -5.45864E-01
9.89998E+01 -5.50001E-01 -4.42268E-05 -5.50887E-01
9.90998E+01 -5.55001E-01 -4.42301E-05 -5.55894E-01
9.91998E+01 -5.60001E-01 -4.42663E-05 -5.60899E-01
9.92998E+01 -5.65001E-01 -4.43303E-05 -5.65883E-01
9.93998E+01 -5.70001E-01 -4.43955E-05 -5.70896E-01
9.94998E+01 -5.75001E-01 -4.44857E-05 -5.75873E-01
9.95998E+01 -5.80001E-01 -4.45846E-05 -5.80885E-01
9.96998E+01 -5.85001E-01 -4.47081E-05 -5.85881E-01
9.97998E+01 -5.90001E-01 -4.48422E-05 -5.90898E-01
9.98998E+01 -5.95001E-01 -4.49714E-05 -5.95914E-01
9.99997E+01 -6.00001E-01 -4.51038E-05 -6.00901E-01
1.00100E+02 -6.05000E-01 -4.52485E-05 -6.05879E-01
1.00200E+02 -6.10000E-01 -4.54074E-05 -6.10895E-01
1.00300E+02 -6.15000E-01 -4.55773E-05 -6.15909E-01
1.00400E+02 -6.20000E-01 -4.57450E-05 -6.20888E-01
1.00500E+02 -6.25000E-01 -4.59094E-05 -6.25905E-01
1.00600E+02 -6.30000E-01 -4.60803E-05 -6.30907E-01
1.00700E+02 -6.35000E-01 -4.62562E-05 -6.35912E-01
1.00800E+02 -6.40000E-01 -4.64271E-05 -6.40919E-01
1.00900E+02 -6.45000E-01 -4.65925E-05 -6.45909E-01
1.01000E+02 -6.50000E-01 -4.67474E-05 -6.50891E-01
1.01100E+02 -6.55000E-01 -4.69233E-05 -6.55937E-01
1.01200E+02 -6.60000E-01 -4.70787E-05 -6.60928E-01
1.01300E+02 -6.65000E-01 -4.72319E-05 -6.65946E-01
1.01400E+02 -6.70000E-01 -4.73788E-05 -6.70950E-01
1.01500E+02 -6.75000E-01 -4.75252E-05 -6.75943E-01
1.01600E+02 -6.80000E-01 -4.76652E-05 -6.80956E-01
1.01700E+02 -6.85000E-01 -4.77916E-05 -6.85970E-01
1.01800E+02 -6.90000E-01 -4.79053E-05 -6.90967E-01
1.01900E+02 -6.95000E-01 -4.80312E-05 -6.95984E-01
1.02000E+02 -7.00000E-01 -4.81434E-05 -7.00989E-01
1.02100E+02 -7.05000E-01 -4.82618E-05 -7.05975E-01
1.02200E+02 -7.10000E-01 -4.83663E-05 -7.10960E-01
1.02300E+02 -7.15000E-01 -4.84717E-05 -7.15968E-01
1.02400E+02 -7.20000E-01 -4.85767E-05 -7.20976E-01
1.02500E+02 -7.25000E-01 -4.86744E-05 -7.25986E-01
1.02600E+02 -7.30000E-01 -4.87800E-05 -7.30961E-01
1.02700E+02 -7.35000E-01 -4.88800E-05 -7.35957E-01
1.02800E+02 -7.40000E-01 -4.89942E-05 -7.40977E-01
1.02900E+02 -7.45000E-01 -4.90874E-05 -7.45980E-01
1.03000E+02 -7.50000E-01 -4.92066E-05 -7.50978E-01
1.03100E+02 -7.55000E-01 -4.93163E-05 -7.55994E-01
1.03200E+02 -7.60000E-01 -4.94229E-05 -7.60991E-01
1.03300E+02 -7.65000E-01 -4.95541E-05 -7.65974E-01
1.03400E+02 -7.70000E-01 -4.96813E-05 -7.70965E-01
1.03500E+02 -7.75000E-01 -4.98142E-05 -7.75991E-01
1.03600E+02 -7.80000E-01 -4.99451E-05 -7.80990E-01
1.03700E+02 -7.85000E-01 -5.00941E-05 -7.86009E-01
1.03800E+02 -7.90000E-01 -5.02390E-05 -7.90995E-01
1.03900E+02 -7.95000E-01 -5.04196E-05 -7.95996E-01
