time/s      E/V        I/A
0.00000E+00 -8.00000E-01 -3.79650E-05 -8.00991E-01
9.99997E-02 -7.95000E-01 -3.66548E-05 -7.95971E-01
1.99999E-01 -7.90000E-01 -3.56047E-05 -7.90970E-01
2.99999E-01 -7.85000E-01 -3.46693E-05 -7.85983E-01
3.99999E-01 -7.80000E-01 -3.38154E-05 -7.80990E-01
4.99999E-01 -7.75000E-01 -3.30003E-05 -7.75962E-01
5.99998E-01 -7.70000E-01 -3.22123E-05 -7.70961E-01
6.99998E-01 -7.65000E-01 -3.14264E-05 -7.65980E-01
7.99998E-01 -7.60000E-01 -3.07023E-05 -7.60987E-01
8.99998E-01 -7.55000E-01 -3.00199E-05 -7.55967E-01
9.99997E-01 -7.50000E-01 -2.93523E-05 -7.50947E-01
1.10000E+00 -7.45000E-01 -2.89542E-05 -7.45957E-01
1.20000E+00 -7.40000E-01 -2.85761E-05 -7.40962E-01
1.30000E+00 -7.35000E-01 -2.81093E-05 -7.35974E-01
1.40000E+00 -7.30000E-01 -2.76492E-05 -7.30935E-01
1.50000E+00 -7.25000E-01 -2.71033E-05 -7.25939E-01
1.60000E+00 -7.20000E-01 -2.66606E-05 -7.20953E-01
1.70000E+00 -7.15000E-01 -2.62534E-05 -7.15943E-01
1.80000E+00 -7.10000E-01 -2.59002E-05 -7.10942E-01
1.90000E+00 -7.05000E-01 -2.54170E-05 -7.05955E-01
1.99999E+00 -7.00000E-01 -2.48949E-05 -7.00962E-01
2.09999E+00 -6.95000E-01 -2.44457E-05 -6.95922E-01
2.19999E+00 -6.90000E-01 -2.40772E-05 -6.90931E-01
2.29999E+00 -6.85000E-01 -2.37385E-05 -6.85933E-01
2.39999E+00 -6.80000E-01 -2.33286E-05 -6.80938E-01
2.49999E+00 -6.75000E-01 -2.30241E-05 -6.75943E-01
2.59999E+00 -6.70000E-01 -2.25762E-05 -6.70924E-01
2.69999E+00 -6.65000E-01 -2.21610E-05 -6.65905E-01
2.79999E+00 -6.60000E-01 -2.18987E-05 -6.60916E-01
2.89999E+00 -6.55000E-01 -2.16931E-05 -6.55939E-01
2.99999E+00 -6.50000E-01 -2.12810E-05 -6.50909E-01
3.09999E+00 -6.45000E-01 -2.08233E-05 -6.45904E-01
3.19999E+00 -6.40000E-01 -2.05969E-05 -6.40906E-01
3.29999E+00 -6.35000E-01 -2.03978E-05 -6.35915E-01
3.39999E+00 -6.30000E-01 -2.00970E-05 -6.30901E-01
3.49999E+00 -6.25000E-01 -1.98140E-05 -6.25901E-01
3.59999E+00 -6.20000E-01 -1.95318E-05 -6.20888E-01
3.69999E+00 -6.15000E-01 -1.92040E-05 -6.15890E-01
3.79999E+00 -6.10000E-01 -1.89695E-05 -6.10877E-01
3.89999E+00 -6.05000E-01 -1.87423E-05 -6.05872E-01
3.99999E+00 -6.00001E-01 -1.84903E-05 -6.00885E-01
4.09999E+00 -5.95001E-01 -1.81708E-05 -5.95903E-01
4.19999E+00 -5.90001E-01 -1.79167E-05 -5.90887E-01
4.29999E+00 -5.85001E-01 -1.75557E-05 -5.85864E-01
4.39999E+00 -5.80001E-01 -1.73715E-05 -5.80875E-01
4.49999E+00 -5.75001E-01 -1.71868E-05 -5.75866E-01
4.59999E+00 -5.70001E-01 -1.69732E-05 -5.70875E-01
4.69999E+00 -5.65001E-01 -1.66889E-05 -5.65861E-01
4.79999E+00 -5.60001E-01 -1.63200E-05 -5.60849E-01
4.89999E+00 -5.55001E-01 -1.61258E-05 -5.55852E-01
4.99999E+00 -5.50001E-01 -1.59995E-05 -5.50892E-01
5.09999E+00 -5.45001E-01 -1.57999E-05 -5.45855E-01
5.19999E+00 -5.40001E-01 -1.54299E-05 -5.40844E-01
5.29999E+00 -5.35001E-01 -1.52462E-05 -5.35866E-01
5.39999E+00 -5.30001E-01 -1.51293E-05 -5.30874E-01
5.49999E+00 -5.25001E-01 -1.49968E-05 -5.25855E-01
5.59999E+00 -5.20001E-01 -1.46950E-05 -5.20854E-01
5.69999E+00 -5.15001E-01 -1.45406E-05 -5.15847E-01
5.79999E+00 -5.10001E-01 -1.44270E-05 -5.10872E-01
5.89999E+00 -5.05001E-01 -1.41626E-05 -5.05847E-01
5.99998E+00 -5.00001E-01 -1.39358E-05 -5.00849E-01
6.09998E+00 -4.95001E-01 -1.37106E-05 -4.95857E-01
6.19998E+00 -4.90001E-01 -1.34952E-05 -4.90851E-01
6.29998E+00 -4.85001E-01 -1.32882E-05 -4.85835E-01
6.39998E+00 -4.80001E-01 -1.31003E-05 -4.80837E-01
6.49998E+00 -4.75001E-01 -1.28770E-05 -4.75826E-01
6.59998E+00 -4.70001E-01 -1.26854E-05 -4.70815E-01
6.69998E+00 -4.65001E-01 -1.25080E-05 -4.65787E-01
6.79998E+00 -4.60001E-01 -1.23055E-05 -4.60802E-01
6.89998E+00 -4.55001E-01 -1.21092E-05 -4.55794E-01
6.99998E+00 -4.50001E-01 -1.19356E-05 -4.50786E-01
7.09998E+00 -4.45001E-01 -1.17334E-05 -4.45774E-01
7.19998E+00 -4.40001E-01 -1.15537E-05 -4.40775E-01
7.29998E+00 -4.35001E-01 -1.13749E-05 -4.35802E-01
7.39998E+00 -4.30001E-01 -1.11842E-05 -4.30777E-01
7.49998E+00 -4.25001E-01 -1.10043E-05 -4.25766E-01
7.59998E+00 -4.20001E-01 -1.08232E-05 -4.20771E-01
7.69998E+00 -4.15001E-01 -1.06462E-05 -4.15796E-01
7.79998E+00 -4.10001E-01 -1.04743E-05 -4.10761E-01
7.89998E+00 -4.05001E-01 -1.02982E-05 -4.05780E-01
7.99998E+00 -4.00001E-01 -1.01212E-05 -4.00782E-01
8.09998E+00 -3.95001E-01 -9.95539E-06 -3.95780E-01
8.19998E+00 -3.90001E-01 -9.79263E-06 -3.90774E-01
8.29998E+00 -3.85001E-01 -9.62482E-06 -3.85758E-01
8.39998E+00 -3.80001E-01 -9.45671E-06 -3.80763E-01
8.49998E+00 -3.75001E-01 -9.29938E-06 -3.75775E-01
8.59998E+00 -3.70001E-01 -9.14002E-06 -3.70769E-01
8.69998E+00 -3.65001E-01 -8.98001E-06 -3.65758E-01
8.79998E+00 -3.60001E-01 -8.82402E-06 -3.60769E-01
8.89998E+00 -3.55001E-01 -8.66883E-06 -3.55778E-01
8.99998E+00 -3.50001E-01 -8.51587E-06 -3.50773E-01
9.09998E+00 -3.45001E-01 -8.37063E-06 -3.45758E-01
9.19998E+00 -3.40001E-01 -8.21707E-06 -3.40766E-01
9.29998E+00 -3.35001E-01 -8.07028E-06 -3.35759E-01
9.39998E+00 -3.30001E-01 -7.92129E-06 -3.30730E-01
9.49998E+00 -3.25001E-01 -7.78340E-06 -3.25742E-01
9.59998E+00 -3.20001E-01 -7.63618E-06 -3.20746E-01
9.69998E+00 -3.15001E-01 -7.48529E-06 -3.15722E-01
9.79998E+00 -3.10001E-01 -7.34415E-06 -3.10723E-01
9.89998E+00 -3.05001E-01 -7.20281E-06 -3.05723E-01
9.99997E+00 -3.00001E-01 -7.06722E-06 -3.00705E-01
1.01000E+01 -2.95001E-01 -6.92088E-06 -2.95716E-01
1.02000E+01 -2.90001E-01 -6.77749E-06 -2.90728E-01
1.03000E+01 -2.85001E-01 -6.63202E-06 -2.85710E-01
1.04000E+01 -2.80001E-01 -6.49193E-06 -2.80733E-01
1.05000E+01 -2.75001E-01 -6.35222E-06 -2.75707E-01
1.06000E+01 -2.70001E-01 -6.19881E-06 -2.70714E-01
1.07000E+01 -2.65001E-01 -6.06856E-06 -2.65719E-01
1.08000E+01 -2.60001E-01 -5.92537E-06 -2.60750E-01
1.09000E+01 -2.55001E-01 -5.78463E-06 -2.55729E-01
1.10000E+01 -2.50001E-01 -5.64329E-06 -2.50710E-01
1.11000E+01 -2.45001E-01 -5.49750E-06 -2.45703E-01
1.12000E+01 -2.40001E-01 -5.35531E-06 -2.40710E-01
1.13000E+01 -2.35001E-01 -5.21384E-06 -2.35697E-01
1.14000E+01 -2.30001E-01 -5.07543E-06 -2.30709E-01
1.15000E+01 -2.25001E-01 -4.93691E-06 -2.25680E-01
1.16000E+01 -2.20001E-01 -4.79025E-06 -2.20722E-01
1.17000E+01 -2.15001E-01 -4.64971E-06 -2.15711E-01
1.18000E+01 -2.10001E-01 -4.51019E-06 -2.10676E-01
1.19000E+01 -2.05001E-01 -4.36772E-06 -2.05681E-01
1.20000E+01 -2.00002E-01 -4.23433E-06 -2.00698E-01
1.21000E+01 -1.95002E-01 -4.09069E-06 -1.95707E-01
1.22000E+01 -1.90002E-01 -3.95232E-06 -1.90671E-01
1.23000E+01 -1.85002E-01 -3.81068E-06 -1.85682E-01
1.24000E+01 -1.80002E-01 -3.67564E-06 -1.80702E-01
1.25000E+01 -1.75002E-01 -3.58844E-06 -1.75680E-01
1.26000E+01 -1.70002E-01 -3.44811E-06 -1.70662E-01
1.27000E+01 -1.65002E-01 -3.30778E-06 -1.65661E-01
1.28000E+01 -1.60002E-01 -3.17292E-06 -1.60661E-01
1.29000E+01 -1.55002E-01 -3.03987E-06 -1.55647E-01
1.30000E+01 -1.50002E-01 -2.90245E-06 -1.50644E-01
1.31000E+01 -1.45002E-01 -2.76422E-06 -1.45652E-01
1.32000E+01 -1.40002E-01 -2.62650E-06 -1.40668E-01
1.33000E+01 -1.35002E-01 -2.49564E-06 -1.35634E-01
1.34000E+01 -1.30002E-01 -2.36080E-06 -1.30609E-01
1.35000E+01 -1.25002E-01 -2.22357E-06 -1.25621E-01
1.36000E+01 -1.20002E-01 -2.07188E-06 -1.20650E-01
1.37000E+01 -1.15002E-01 -1.94544E-06 -1.15636E-01
1.38000E+01 -1.10002E-01 -1.80814E-06 -1.10625E-01
1.39000E+01 -1.05002E-01 -1.65693E-06 -1.05624E-01
1.40000E+01 -1.00002E-01 -1.53605E-06 -1.00621E-01
1.41000E+01 -9.50018E-02 -1.39804E-06 -9.56257E-02
1.42000E+01 -9.00018E-02 -1.26683E-06 -9.06023E-02
1.43000E+01 -8.50018E-02 -1.13795E-06 -8.56089E-02
1.44000E+01 -8.00018E-02 -9.84436E-07 -8.06392E-02
1.45000E+01 -7.50018E-02 -8.03426E-07 -7.56127E-02
1.46000E+01 -7.00018E-02 -6.74693E-07 -7.06105E-02
1.47000E+01 -6.50018E-02 -5.65961E-07 -6.55959E-02
1.48000E+01 -6.00019E-02 -4.45619E-07 -6.06005E-02
1.49000E+01 -5.50019E-02 -3.02511E-07 -5.55996E-02
1.50000E+01 -5.00019E-02 -1.50079E-07 -5.05931E-02
1.51000E+01 -4.50019E-02 7.81609E-09  -4.55634E-02
1.52000E+01 -4.00019E-02 1.52114E-07  -4.06019E-02
1.53000E+01 -3.50019E-02 2.77000E-07  -3.55791E-02
1.54000E+01 -3.00019E-02 4.06920E-07  -3.05869E-02
1.55000E+01 -2.50019E-02 5.70486E-07  -2.55760E-02
1.56000E+01 -2.00020E-02 7.16345E-07  -2.05988E-02
1.57000E+01 -1.50020E-02 8.77324E-07  -1.55991E-02
1.58000E+01 -1.00020E-02 1.02081E-06  -1.05707E-02
1.59000E+01 -5.00199E-03 1.17161E-06  -5.56792E-03
1.60000E+01 -2.00000E-06 1.32927E-06  -5.68240E-04
1.61000E+01 4.99799E-03  1.48497E-06  4.41768E-03 
1.62000E+01 9.99797E-03  1.65126E-06  9.41609E-03 
1.63000E+01 1.49980E-02  1.80004E-06  1.44101E-02 
1.64000E+01 1.99979E-02  1.96291E-06  1.94323E-02 
1.65000E+01 2.49979E-02  2.12483E-06  2.44226E-02 
1.66000E+01 2.99979E-02  2.29538E-06  2.94435E-02 
1.67000E+01 3.49979E-02  2.45174E-06  3.44494E-02 
1.68000E+01 3.99979E-02  2.61990E-06  3.94528E-02 
1.69000E+01 4.49979E-02  2.79110E-06  4.44425E-02 
1.70000E+01 4.99979E-02  2.95834E-06  4.94284E-02 
1.71000E+01 5.49979E-02  3.12755E-06  5.44381E-02 
1.72000E+01 5.99978E-02  3.30418E-06  5.94571E-02 
1.73000E+01 6.49978E-02  3.47992E-06  6.44387E-02 
1.74000E+01 6.99978E-02  3.65660E-06  6.94340E-02 
1.75000E+01 7.49978E-02  3.84274E-06  7.44618E-02 
1.76000E+01 7.99978E-02  4.03173E-06  7.94508E-02 
1.77000E+01 8.49978E-02  4.21820E-06  8.44455E-02 
1.78000E+01 8.99978E-02  4.41646E-06  8.94476E-02 
1.79000E+01 9.49978E-02  4.60938E-06  9.44511E-02 
1.80000E+01 9.99977E-02  4.81472E-06  9.94682E-02 
1.81000E+01 1.04998E-01  5.01973E-06  1.04467E-01 
1.82000E+01 1.09998E-01  5.23308E-06  1.09461E-01 
1.83000E+01 1.14998E-01  5.45699E-06  1.14472E-01 
1.84000E+01 1.19998E-01  5.67645E-06  1.19484E-01 
1.85000E+01 1.24998E-01  5.91438E-06  1.24470E-01 
1.86000E+01 1.29998E-01  6.15027E-06  1.29456E-01 
1.87000E+01 1.34998E-01  6.39787E-06  1.34477E-01 
1.88000E+01 1.39998E-01  6.64650E-06  1.39490E-01 
1.89000E+01 1.44998E-01  6.91506E-06  1.44490E-01 
1.90000E+01 1.49998E-01  7.18515E-06  1.49502E-01 
1.91000E+01 1.54998E-01  7.46761E-06  1.54497E-01 
1.92000E+01 1.59998E-01  7.75956E-06  1.59525E-01 
1.93000E+01 1.64998E-01  8.05888E-06  1.64516E-01 
1.94000E+01 1.69998E-01  8.36756E-06  1.69512E-01 
1.95000E+01 1.74998E-01  8.69179E-06  1.74517E-01 
1.96000E+01 1.79998E-01  9.02163E-06  1.79517E-01 
1.97000E+01 1.84998E-01  9.36597E-06  1.84516E-01 
1.98000E+01 1.89998E-01  9.71953E-06  1.89511E-01 
1.99000E+01 1.94998E-01  1.00863E-05  1.94545E-01 
1.99999E+01 1.99997E-01  1.04617E-05  1.99532E-01 
2.00999E+01 2.04997E-01  1.08474E-05  2.04532E-01 
2.01999E+01 2.09997E-01  1.12479E-05  2.09537E-01 
2.02999E+01 2.14997E-01  1.16567E-05  2.14533E-01 
2.03999E+01 2.19997E-01  1.20793E-05  2.19543E-01 
2.04999E+01 2.24997E-01  1.25133E-05  2.24543E-01 
2.05999E+01 2.29997E-01  1.29587E-05  2.29518E-01 
2.06999E+01 2.34997E-01  1.34123E-05  2.34549E-01 
2.07999E+01 2.39997E-01  1.38762E-05  2.39538E-01 
2.08999E+01 2.44997E-01  1.43482E-05  2.44550E-01 
2.09999E+01 2.49997E-01  1.48282E-05  2.49516E-01 
2.10999E+01 2.54997E-01  1.53070E-05  2.54527E-01 
2.11999E+01 2.59997E-01  1.57945E-05  2.59551E-01 
2.12999E+01 2.64997E-01  1.62812E-05  2.64540E-01 
2.13999E+01 2.69997E-01  1.67737E-05  2.69529E-01 
2.14999E+01 2.74997E-01  1.72622E-05  2.74542E-01 
2.15999E+01 2.79997E-01  1.77595E-05  2.79553E-01 
2.16999E+01 2.84997E-01  1.82426E-05  2.84556E-01 
2.17999E+01 2.89997E-01  1.87296E-05  2.89564E-01 
2.18999E+01 2.94997E-01  1.92059E-05  2.94550E-01 
2.19999E+01 2.99997E-01  1.96747E-05  2.99564E-01 
2.20999E+01 3.04997E-01  2.01353E-05  3.04559E-01 
2.21999E+01 3.09997E-01  2.05925E-05  3.09564E-01 
2.22999E+01 3.14997E-01  2.10394E-05  3.14573E-01 
2.23999E+01 3.19997E-01  2.15382E-05  3.19594E-01 
2.24999E+01 3.24997E-01  2.19495E-05  3.24576E-01 
2.25999E+01 3.29997E-01  2.23501E-05  3.29609E-01 
2.26999E+01 3.34997E-01  2.27463E-05  3.34595E-01 
2.27999E+01 3.39997E-01  2.31210E-05  3.39586E-01 
2.28999E+01 3.44997E-01  2.34785E-05  3.44586E-01 
2.29999E+01 3.49997E-01  2.38226E-05  3.49593E-01 
2.30999E+01 3.54997E-01  2.41467E-05  3.54614E-01 
2.31999E+01 3.59997E-01  2.44547E-05  3.59604E-01 
2.32999E+01 3.64997E-01  2.47281E-05  3.64584E-01 
2.33999E+01 3.69997E-01  2.50103E-05  3.69577E-01 
2.34999E+01 3.74997E-01  2.52835E-05  3.74602E-01 
2.35999E+01 3.79997E-01  2.55292E-05  3.79589E-01 
2.36999E+01 3.84997E-01  2.57726E-05  3.84589E-01 
2.37999E+01 3.89997E-01  2.59910E-05  3.89602E-01 
2.38999E+01 3.94997E-01  2.62154E-05  3.94627E-01 
2.39999E+01 3.99997E-01  2.64160E-05  3.99624E-01 
2.40999E+01 4.04997E-01  2.66198E-05  4.04624E-01 
2.41999E+01 4.09997E-01  2.68111E-05  4.09617E-01 
2.42999E+01 4.14997E-01  2.70028E-05  4.14647E-01 
2.43999E+01 4.19997E-01  2.71825E-05  4.19648E-01 
2.44999E+01 4.24997E-01  2.73793E-05  4.24628E-01 
2.45999E+01 4.29997E-01  2.75814E-05  4.29621E-01 
2.46999E+01 4.34997E-01  2.77690E-05  4.34635E-01 
2.47999E+01 4.39997E-01  2.79612E-05  4.39641E-01 
2.48999E+01 4.44997E-01  2.81620E-05  4.44651E-01 
2.49999E+01 4.49997E-01  2.83622E-05  4.49644E-01 
2.50999E+01 4.54997E-01  2.85503E-05  4.54659E-01 
2.51999E+01 4.59997E-01  2.87654E-05  4.59657E-01 
2.52999E+01 4.64997E-01  2.89661E-05  4.64665E-01 
2.53999E+01 4.69997E-01  2.91708E-05  4.69663E-01 
2.54999E+01 4.74997E-01  2.93805E-05  4.74688E-01 
2.55999E+01 4.79997E-01  2.95838E-05  4.79687E-01 
2.56999E+01 4.84997E-01  2.97906E-05  4.84691E-01 
2.57999E+01 4.89997E-01  2.99968E-05  4.89707E-01 
2.58999E+01 4.94997E-01  3.01987E-05  4.94686E-01 
2.59999E+01 4.99997E-01  3.04100E-05  4.99685E-01 
2.60999E+01 5.04997E-01  3.06206E-05  5.04677E-01 
2.61999E+01 5.09997E-01  3.08337E-05  5.09686E-01 
2.62999E+01 5.14997E-01  3.10445E-05  5.14689E-01 
2.63999E+01 5.19997E-01  3.12571E-05  5.19669E-01 
2.64999E+01 5.24997E-01  3.14538E-05  5.24688E-01 
2.65999E+01 5.29997E-01  3.16830E-05  5.29694E-01 
2.66999E+01 5.34997E-01  3.19058E-05  5.34724E-01 
2.67999E+01 5.39997E-01  3.21166E-05  5.39703E-01 
2.68999E+01 5.44997E-01  3.23573E-05  5.44717E-01 
2.69999E+01 5.49997E-01  3.25780E-05  5.49751E-01 
2.70999E+01 5.54997E-01  3.28129E-05  5.54728E-01 
2.71999E+01 5.59997E-01  3.30439E-05  5.59720E-01 
2.72999E+01 5.64997E-01  3.32788E-05  5.64707E-01 
2.73999E+01 5.69997E-01  3.35241E-05  5.69725E-01 
2.74999E+01 5.74997E-01  3.37625E-05  5.74722E-01 
2.75999E+01 5.79997E-01  3.40072E-05  5.79715E-01 
2.76999E+01 5.84997E-01  3.42671E-05  5.84725E-01 
2.77999E+01 5.89997E-01  3.45133E-05  5.89719E-01 
2.78999E+01 5.94997E-01  3.47568E-05  5.94748E-01 
2.79999E+01 5.99996E-01  3.50233E-05  5.99738E-01 
2.80999E+01 6.04996E-01  3.52798E-05  6.04730E-01 
2.81999E+01 6.09996E-01  3.55225E-05  6.09734E-01 
2.82999E+01 6.14996E-01  3.57906E-05  6.14737E-01 
2.83999E+01 6.19996E-01  3.60534E-05  6.19757E-01 
2.84999E+01 6.24996E-01  3.63034E-05  6.24736E-01 
2.85999E+01 6.29996E-01  3.65725E-05  6.29761E-01 
2.86999E+01 6.34996E-01  3.68395E-05  6.34758E-01 
2.87999E+01 6.39996E-01  3.70966E-05  6.39756E-01 
2.88999E+01 6.44996E-01  3.73633E-05  6.44742E-01 
2.89999E+01 6.49996E-01  3.76270E-05  6.49777E-01 
2.90999E+01 6.54996E-01  3.78830E-05  6.54767E-01 
2.91999E+01 6.59996E-01  3.81344E-05  6.59789E-01 
2.92999E+01 6.64996E-01  3.84073E-05  6.64769E-01 
2.93999E+01 6.69996E-01  3.86650E-05  6.69757E-01 
2.94999E+01 6.74996E-01  3.89174E-05  6.74759E-01 
2.95999E+01 6.79996E-01  3.91823E-05  6.79794E-01 
2.96999E+01 6.84996E-01  3.94340E-05  6.84766E-01 
2.97999E+01 6.89996E-01  3.96779E-05  6.89775E-01 
2.98999E+01 6.94996E-01  3.99400E-05  6.94782E-01 
2.99999E+01 6.99996E-01  4.01879E-05  6.99796E-01 
3.00999E+01 7.04996E-01  4.04257E-05  7.04786E-01 
3.01999E+01 7.09996E-01  4.06816E-05  7.09782E-01 
3.02999E+01 7.14996E-01  4.09241E-05  7.14804E-01 
3.03999E+01 7.19996E-01  4.11628E-05  7.19811E-01 
3.04999E+01 7.24996E-01  4.14014E-05  7.24815E-01 
3.05999E+01 7.29996E-01  4.16374E-05  7.29806E-01 
3.06999E+01 7.34996E-01  4.18658E-05  7.34808E-01 
3.07999E+01 7.39996E-01  4.21007E-05  7.39835E-01 
3.08999E+01 7.44996E-01  4.23120E-05  7.44828E-01 
3.09999E+01 7.49996E-01  4.25359E-05  7.49811E-01 
3.10999E+01 7.54996E-01  4.27531E-05  7.54807E-01 
3.11999E+01 7.59996E-01  4.29567E-05  7.59819E-01 
3.12999E+01 7.64996E-01  4.31698E-05  7.64807E-01 
3.13999E+01 7.69996E-01  4.33751E-05  7.69792E-01 
3.14999E+01 7.74996E-01  4.35720E-05  7.74829E-01 
3.15999E+01 7.79996E-01  4.37742E-05  7.79822E-01 
3.16999E+01 7.84996E-01  4.39657E-05  7.84831E-01 
3.17999E+01 7.89996E-01  4.41633E-05  7.89840E-01 
3.18999E+01 7.94996E-01  4.43404E-05  7.94853E-01 
3.19999E+01 7.99996E-01  4.45226E-05  7.99866E-01 
3.20999E+01 8.04996E-01  4.47040E-05  8.04855E-01 
3.21999E+01 8.09996E-01  4.48793E-05  8.09869E-01 
3.22999E+01 8.14996E-01  4.50575E-05  8.14898E-01 
3.23999E+01 8.19996E-01  4.52238E-05  8.19885E-01 
3.24999E+01 8.24996E-01  4.54028E-05  8.24853E-01 
3.25999E+01 8.29996E-01  4.55685E-05  8.29882E-01 
3.26999E+01 8.34996E-01  4.57387E-05  8.34896E-01 
3.27999E+01 8.39996E-01  4.59027E-05  8.39894E-01 
3.28999E+01 8.44996E-01  4.60664E-05  8.44873E-01 
3.29999E+01 8.49996E-01  4.62338E-05  8.49879E-01 
3.30999E+01 8.54996E-01  4.63937E-05  8.54883E-01 
3.31999E+01 8.59996E-01  4.65631E-05  8.59863E-01 
3.32999E+01 8.64996E-01  4.67174E-05  8.64880E-01 
3.33999E+01 8.69996E-01  4.68861E-05  8.69868E-01 
3.34999E+01 8.74996E-01  4.70432E-05  8.74888E-01 
3.35999E+01 8.79996E-01  4.72109E-05  8.79890E-01 
3.36999E+01 8.84996E-01  4.73640E-05  8.84873E-01 
3.37999E+01 8.89996E-01  4.75262E-05  8.89865E-01 
3.38999E+01 8.94996E-01  4.76925E-05  8.94882E-01 
3.39999E+01 8.99996E-01  4.78491E-05  8.99897E-01 
3.40999E+01 9.04996E-01  4.80125E-05  9.04889E-01 
3.41999E+01 9.09996E-01  4.81660E-05  9.09873E-01 
3.42999E+01 9.14996E-01  4.83328E-05  9.14910E-01 
3.43999E+01 9.19996E-01  4.84896E-05  9.19913E-01 
3.44999E+01 9.24996E-01  4.86554E-05  9.24893E-01 
3.45999E+01 9.29996E-01  4.88136E-05  9.29884E-01 
3.46999E+01 9.34996E-01  4.89731E-05  9.34906E-01 
3.47999E+01 9.39996E-01  4.91360E-05  9.39932E-01 
3.48999E+01 9.44996E-01  4.92972E-05  9.44950E-01 
3.49999E+01 9.49996E-01  4.94524E-05  9.49929E-01 
3.50999E+01 9.54996E-01  4.96176E-05  9.54934E-01 
3.51999E+01 9.59996E-01  4.97728E-05  9.59934E-01 
3.52999E+01 9.64996E-01  4.99470E-05  9.64958E-01 
3.53999E+01 9.69996E-01  5.01012E-05  9.69955E-01 
3.54999E+01 9.74996E-01  5.02694E-05  9.74953E-01 
3.55999E+01 9.79996E-01  5.04327E-05  9.79939E-01 
3.56999E+01 9.84996E-01  5.05917E-05  9.84957E-01 
3.57999E+01 9.89996E-01  5.07674E-05  9.89985E-01 
3.58999E+01 9.94996E-01  5.09252E-05  9.94979E-01 
3.59999E+01 9.99995E-01  5.11043E-05  9.99943E-01 
3.60999E+01 1.00500E+00  5.12710E-05  1.00497E+00 
3.61999E+01 1.01000E+00  5.14551E-05  1.00997E+00 
3.62999E+01 1.01500E+00  5.16238E-05  1.01496E+00 
3.63999E+01 1.02000E+00  5.17962E-05  1.01996E+00 
3.64999E+01 1.02500E+00  5.19794E-05  1.02496E+00 
3.65999E+01 1.03000E+00  5.21474E-05  1.02996E+00 
3.66999E+01 1.03500E+00  5.23367E-05  1.03496E+00 
3.67999E+01 1.04000E+00  5.25112E-05  1.03997E+00 
3.68999E+01 1.04500E+00  5.27083E-05  1.04495E+00 
3.69999E+01 1.05000E+00  5.28886E-05  1.04998E+00 
3.70999E+01 1.05500E+00  5.30818E-05  1.05498E+00 
3.71999E+01 1.06000E+00  5.32789E-05  1.05996E+00 
3.72999E+01 1.06500E+00  5.34669E-05  1.06498E+00 
3.73999E+01 1.07000E+00  5.36699E-05  1.06998E+00 
3.74999E+01 1.07500E+00  5.38623E-05  1.07499E+00 
3.75999E+01 1.08000E+00  5.40693E-05  1.07999E+00 
3.76999E+01 1.08500E+00  5.42695E-05  1.08496E+00 
3.77999E+01 1.09000E+00  5.44700E-05  1.09000E+00 
3.78999E+01 1.09500E+00  5.46899E-05  1.09499E+00 
3.79999E+01 1.10000E+00  5.48999E-05  1.10000E+00 
3.80999E+01 1.10500E+00  5.51104E-05  1.10499E+00 
3.81999E+01 1.11000E+00  5.53307E-05  1.11001E+00 
3.82999E+01 1.11500E+00  5.55506E-05  1.11503E+00 
3.83999E+01 1.12000E+00  5.57819E-05  1.12002E+00 
3.84999E+01 1.12500E+00  5.60084E-05  1.12503E+00 
3.85999E+01 1.13000E+00  5.62477E-05  1.13004E+00 
3.86999E+01 1.13500E+00  5.64820E-05  1.13502E+00 
3.87999E+01 1.14000E+00  5.67176E-05  1.14004E+00 
3.88999E+01 1.14500E+00  5.69639E-05  1.14503E+00 
3.89999E+01 1.15000E+00  5.72163E-05  1.15004E+00 
3.90999E+01 1.15500E+00  5.74728E-05  1.15504E+00 
3.91999E+01 1.16000E+00  5.77312E-05  1.16003E+00 
3.92999E+01 1.16500E+00  5.79976E-05  1.16504E+00 
3.93999E+01 1.17000E+00  5.82727E-05  1.17005E+00 
3.94999E+01 1.17500E+00  5.85479E-05  1.17504E+00 
3.95999E+01 1.18000E+00  5.88402E-05  1.18005E+00 
3.96999E+01 1.18500E+00  5.91314E-05  1.18506E+00 
3.97999E+01 1.19000E+00  5.94341E-05  1.19005E+00 
3.98999E+01 1.19500E+00  5.97424E-05  1.19506E+00 
3.99999E+01 1.19999E+00  6.00549E-05  1.20004E+00 
4.00999E+01 1.20499E+00  6.03847E-05  1.20506E+00 
4.01999E+01 1.20999E+00  6.07188E-05  1.21006E+00 
4.02999E+01 1.21499E+00  6.10650E-05  1.21507E+00 
4.03999E+01 1.21999E+00  6.14326E-05  1.22006E+00 
4.04999E+01 1.22499E+00  6.18090E-05  1.22509E+00 
4.05999E+01 1.22999E+00  6.21877E-05  1.23009E+00 
4.06999E+01 1.23499E+00  6.25921E-05  1.23508E+00 
4.07999E+01 1.23999E+00  6.30006E-05  1.24007E+00 
4.08999E+01 1.24499E+00  6.34323E-05  1.24508E+00 
4.09999E+01 1.24999E+00  6.38670E-05  1.25009E+00 
4.10999E+01 1.25499E+00  6.43281E-05  1.25509E+00 
4.11999E+01 1.25999E+00  6.47929E-05  1.26010E+00 
4.12999E+01 1.26499E+00  6.52873E-05  1.26509E+00 
4.13999E+01 1.26999E+00  6.57770E-05  1.27010E+00 
4.14999E+01 1.27499E+00  6.62797E-05  1.27512E+00 
4.15999E+01 1.27999E+00  6.68114E-05  1.28011E+00 
4.16999E+01 1.28499E+00  6.73694E-05  1.28508E+00 
4.17999E+01 1.28999E+00  6.79280E-05  1.29008E+00 
4.18999E+01 1.29499E+00  6.85063E-05  1.29510E+00 
4.19999E+01 1.29999E+00  6.91052E-05  1.30009E+00 
4.20999E+01 1.30499E+00  6.97089E-05  1.30509E+00 
4.21999E+01 1.30999E+00  7.03381E-05  1.31011E+00 
4.22999E+01 1.31499E+00  7.09785E-05  1.31512E+00 
4.23999E+01 1.31999E+00  7.16268E-05  1.32012E+00 
4.24999E+01 1.32499E+00  7.22956E-05  1.32513E+00 
4.25999E+01 1.32999E+00  7.29763E-05  1.33012E+00 
4.26999E+01 1.33499E+00  7.36681E-05  1.33513E+00 
4.27999E+01 1.33999E+00  7.43625E-05  1.34014E+00 
4.28999E+01 1.34499E+00  7.50799E-05  1.34512E+00 
4.29999E+01 1.34999E+00  7.58219E-05  1.35012E+00 
4.30999E+01 1.35499E+00  7.65613E-05  1.35513E+00 
4.31999E+01 1.35999E+00  7.73121E-05  1.36014E+00 
4.32999E+01 1.36499E+00  7.80732E-05  1.36513E+00 
4.33999E+01 1.36999E+00  7.88545E-05  1.37014E+00 
4.34999E+01 1.37499E+00  7.96288E-05  1.37513E+00 
4.35999E+01 1.37999E+00  8.04160E-05  1.38014E+00 
4.36999E+01 1.38499E+00  8.12072E-05  1.38515E+00 
4.37999E+01 1.38999E+00  8.20167E-05  1.39012E+00 
4.38999E+01 1.39499E+00  8.28235E-05  1.39515E+00 
4.39999E+01 1.39999E+00  8.36349E-05  1.40016E+00 
4.40999E+01 1.40499E+00  8.44516E-05  1.40515E+00 
4.41999E+01 1.40999E+00  8.52610E-05  1.41015E+00 
4.42999E+01 1.41499E+00  8.60969E-05  1.41515E+00 
4.43999E+01 1.41999E+00  8.69368E-05  1.42015E+00 
4.44999E+01 1.42499E+00  8.77794E-05  1.42516E+00 
4.45999E+01 1.42999E+00  8.86149E-05  1.43018E+00 
4.46999E+01 1.43499E+00  8.94567E-05  1.43520E+00 
4.47999E+01 1.43999E+00  9.03173E-05  1.44017E+00 
4.48999E+01 1.44499E+00  9.11691E-05  1.44519E+00 
4.49999E+01 1.44999E+00  9.20373E-05  1.45020E+00 
4.50999E+01 1.45499E+00  9.29016E-05  1.45520E+00 
4.51999E+01 1.45999E+00  9.37544E-05  1.46021E+00 
4.52999E+01 1.46499E+00  9.46245E-05  1.46522E+00 
4.53999E+01 1.46999E+00  9.54878E-05  1.47021E+00 
4.54999E+01 1.47499E+00  9.63545E-05  1.47522E+00 
4.55999E+01 1.47999E+00  9.72297E-05  1.48023E+00 
4.56999E+01 1.48499E+00  9.80882E-05  1.48520E+00 
4.57999E+01 1.48999E+00  9.89770E-05  1.49021E+00 
4.58999E+01 1.49499E+00  9.98321E-05  1.49523E+00 
4.59999E+01 1.49999E+00  1.00733E-04  1.50020E+00 
4.60999E+01 1.50499E+00  1.01623E-04  1.50522E+00 
4.61999E+01 1.50999E+00  1.02516E-04  1.51021E+00 
4.62999E+01 1.51499E+00  1.03433E-04  1.51524E+00 
4.63999E+01 1.51999E+00  1.04316E-04  1.52022E+00 
4.64999E+01 1.52499E+00  1.05220E-04  1.52520E+00 
4.65999E+01 1.52999E+00  1.06151E-04  1.53022E+00 
4.66999E+01 1.53499E+00  1.07074E-04  1.53524E+00 
4.67999E+01 1.53999E+00  1.08026E-04  1.54026E+00 
4.68999E+01 1.54499E+00  1.08981E-04  1.54525E+00 
4.69999E+01 1.54999E+00  1.09957E-04  1.55026E+00 
4.70999E+01 1.55499E+00  1.10957E-04  1.55526E+00 
4.71999E+01 1.55999E+00  1.11947E-04  1.56027E+00 
4.72999E+01 1.56499E+00  1.12974E-04  1.56527E+00 
4.73999E+01 1.56999E+00  1.14030E-04  1.57025E+00 
4.74999E+01 1.57499E+00  1.15096E-04  1.57526E+00 
4.75999E+01 1.57999E+00  1.16171E-04  1.58028E+00 
4.76999E+01 1.58499E+00  1.17293E-04  1.58530E+00 
4.77999E+01 1.58999E+00  1.18408E-04  1.59027E+00 
4.78999E+01 1.59499E+00  1.19547E-04  1.59527E+00 
4.79999E+01 1.59999E+00  1.20710E-04  1.60028E+00 
4.80999E+01 1.60499E+00  1.21880E-04  1.60527E+00 
4.81999E+01 1.60999E+00  1.23072E-04  1.61028E+00 
4.82999E+01 1.61499E+00  1.24281E-04  1.61528E+00 
4.83999E+01 1.61999E+00  1.25495E-04  1.62027E+00 
4.84999E+01 1.62499E+00  1.26724E-04  1.62529E+00 
4.85999E+01 1.62999E+00  1.27967E-04  1.63029E+00 
4.86999E+01 1.63499E+00  1.29207E-04  1.63529E+00 
4.87999E+01 1.63999E+00  1.30470E-04  1.64028E+00 
4.88999E+01 1.64499E+00  1.31750E-04  1.64529E+00 
4.89999E+01 1.64999E+00  1.33033E-04  1.65031E+00 
4.90999E+01 1.65499E+00  1.34338E-04  1.65531E+00 
4.91999E+01 1.65999E+00  1.35628E-04  1.66029E+00 
4.92999E+01 1.66499E+00  1.36934E-04  1.66530E+00 
4.93999E+01 1.66999E+00  1.38267E-04  1.67032E+00 
4.94999E+01 1.67499E+00  1.39597E-04  1.67531E+00 
4.95999E+01 1.67999E+00  1.40935E-04  1.68030E+00 
4.96999E+01 1.68499E+00  1.42283E-04  1.68533E+00 
4.97999E+01 1.68999E+00  1.43636E-04  1.69033E+00 
4.98999E+01 1.69499E+00  1.44993E-04  1.69532E+00 
4.99999E+01 1.69999E+00  1.46374E-04  1.70032E+00 
5.00999E+01 1.70499E+00  1.47747E-04  1.70531E+00 
5.01999E+01 1.70999E+00  1.49228E-04  1.71032E+00 
5.02999E+01 1.71499E+00  1.50605E-04  1.71532E+00 
5.03999E+01 1.71999E+00  1.51979E-04  1.72029E+00 
5.04999E+01 1.72499E+00  1.53380E-04  1.72533E+00 
5.05999E+01 1.72999E+00  1.54773E-04  1.73034E+00 
5.06999E+01 1.73499E+00  1.56188E-04  1.73533E+00 
5.07999E+01 1.73999E+00  1.57587E-04  1.74033E+00 
5.08999E+01 1.74499E+00  1.59004E-04  1.74536E+00 
5.09999E+01 1.74999E+00  1.60427E-04  1.75034E+00 
5.10999E+01 1.75499E+00  1.61902E-04  1.75538E+00 
5.11999E+01 1.75999E+00  1.63429E-04  1.76038E+00 
5.12999E+01 1.76499E+00  1.65023E-04  1.76539E+00 
5.13999E+01 1.76999E+00  1.66556E-04  1.77040E+00 
5.14999E+01 1.77499E+00  1.68359E-04  1.77538E+00 
5.15999E+01 1.77999E+00  1.70129E-04  1.78039E+00 
5.16999E+01 1.78499E+00  1.71874E-04  1.78539E+00 
5.17999E+01 1.78999E+00  1.73302E-04  1.79037E+00 
5.18999E+01 1.79499E+00  1.74581E-04  1.79537E+00 
5.19999E+01 1.79999E+00  1.75932E-04  1.80040E+00 
5.20999E+01 1.79499E+00  1.74817E-04  1.79538E+00 
5.21999E+01 1.78999E+00  1.72808E-04  1.79040E+00 
5.22999E+01 1.78499E+00  1.69133E-04  1.78539E+00 
5.23999E+01 1.77999E+00  1.64963E-04  1.78040E+00 
5.24999E+01 1.77499E+00  1.61140E-04  1.77540E+00 
5.25999E+01 1.76999E+00  1.57589E-04  1.77040E+00 
5.26999E+01 1.76499E+00  1.54272E-04  1.76542E+00 
5.27999E+01 1.75999E+00  1.51293E-04  1.76039E+00 
5.28999E+01 1.75499E+00  1.48419E-04  1.75538E+00 
5.29999E+01 1.74999E+00  1.45461E-04  1.75037E+00 
5.30999E+01 1.74499E+00  1.42682E-04  1.74537E+00 
5.31999E+01 1.73999E+00  1.40111E-04  1.74033E+00 
5.32999E+01 1.73499E+00  1.37352E-04  1.73532E+00 
5.33999E+01 1.72999E+00  1.35080E-04  1.73034E+00 
5.34999E+01 1.72499E+00  1.32669E-04  1.72531E+00 
5.35999E+01 1.71999E+00  1.29955E-04  1.72031E+00 
5.36999E+01 1.71499E+00  1.27046E-04  1.71533E+00 
5.37999E+01 1.70999E+00  1.24642E-04  1.71035E+00 
5.38999E+01 1.70499E+00  1.22038E-04  1.70531E+00 
5.39999E+01 1.69999E+00  1.19916E-04  1.70032E+00 
5.40999E+01 1.69499E+00  1.17948E-04  1.69532E+00 
5.41999E+01 1.68999E+00  1.15571E-04  1.69035E+00 
5.42999E+01 1.68499E+00  1.12916E-04  1.68533E+00 
5.43999E+01 1.67999E+00  1.10775E-04  1.68032E+00 
5.44999E+01 1.67499E+00  1.08691E-04  1.67532E+00 
5.45999E+01 1.66999E+00  1.06886E-04  1.67034E+00 
5.46999E+01 1.66499E+00  1.04764E-04  1.66532E+00 
5.47999E+01 1.65999E+00  1.02436E-04  1.66031E+00 
5.48999E+01 1.65499E+00  1.00239E-04  1.65531E+00 
5.49999E+01 1.64999E+00  9.84318E-05  1.65030E+00 
5.50999E+01 1.64499E+00  9.65379E-05  1.64530E+00 
5.51999E+01 1.63999E+00  9.44838E-05  1.64030E+00 
5.52999E+01 1.63499E+00  9.25281E-05  1.63532E+00 
5.53999E+01 1.62999E+00  9.07718E-05  1.63029E+00 
5.54999E+01 1.62499E+00  8.90778E-05  1.62528E+00 
5.55999E+01 1.61999E+00  8.73961E-05  1.62028E+00 
5.56999E+01 1.61499E+00  8.57052E-05  1.61527E+00 
5.57999E+01 1.60999E+00  8.40290E-05  1.61029E+00 
5.58999E+01 1.60499E+00  8.23051E-05  1.60530E+00 
5.59999E+01 1.59999E+00  8.05886E-05  1.60027E+00 
5.60999E+01 1.59499E+00  7.89416E-05  1.59526E+00 
5.61999E+01 1.58999E+00  7.74960E-05  1.59024E+00 
5.62999E+01 1.58499E+00  7.59652E-05  1.58526E+00 
5.63999E+01 1.57999E+00  7.44455E-05  1.58026E+00 
5.64999E+01 1.57499E+00  7.29909E-05  1.57526E+00 
5.65999E+01 1.56999E+00  7.14919E-05  1.57024E+00 
5.66999E+01 1.56499E+00  7.00707E-05  1.56522E+00 
5.67999E+01 1.55999E+00  6.86028E-05  1.56022E+00 
5.68999E+01 1.55499E+00  6.73370E-05  1.55525E+00 
5.69999E+01 1.54999E+00  6.60414E-05  1.55023E+00 
5.70999E+01 1.54499E+00  6.46531E-05  1.54523E+00 
5.71999E+01 1.53999E+00  6.31971E-05  1.54025E+00 
5.72999E+01 1.53499E+00  6.19462E-05  1.53527E+00 
5.73999E+01 1.52999E+00  6.05984E-05  1.53023E+00 
5.74999E+01 1.52499E+00  5.93900E-05  1.52522E+00 
5.75999E+01 1.51999E+00  5.81481E-05  1.52025E+00 
5.76999E+01 1.51499E+00  5.67981E-05  1.51524E+00 
5.77999E+01 1.50999E+00  5.55344E-05  1.51021E+00 
5.78999E+01 1.50499E+00  5.44424E-05  1.50521E+00 
5.79999E+01 1.49999E+00  5.33409E-05  1.50025E+00 
5.80999E+01 1.49499E+00  5.23401E-05  1.49523E+00 
5.81999E+01 1.48999E+00  5.12549E-05  1.49021E+00 
5.82999E+01 1.48499E+00  5.01930E-05  1.48522E+00 
5.83999E+01 1.47999E+00  4.92083E-05  1.48023E+00 
5.84999E+01 1.47499E+00  4.82511E-05  1.47526E+00 
5.85999E+01 1.46999E+00  4.73341E-05  1.47023E+00 
5.86999E+01 1.46499E+00  4.64237E-05  1.46520E+00 
5.87999E+01 1.45999E+00  4.55271E-05  1.46021E+00 
5.88999E+01 1.45499E+00  4.46446E-05  1.45522E+00 
5.89999E+01 1.44999E+00  4.38067E-05  1.45020E+00 
5.90999E+01 1.44499E+00  4.29826E-05  1.44521E+00 
5.91999E+01 1.43999E+00  4.21920E-05  1.44020E+00 
5.92999E+01 1.43499E+00  4.14019E-05  1.43519E+00 
5.93999E+01 1.42999E+00  4.06517E-05  1.43018E+00 
5.94999E+01 1.42499E+00  3.99096E-05  1.42518E+00 
5.95999E+01 1.41999E+00  3.91932E-05  1.42017E+00 
5.96999E+01 1.41499E+00  3.84992E-05  1.41515E+00 
5.97999E+01 1.40999E+00  3.78246E-05  1.41013E+00 
5.98999E+01 1.40499E+00  3.71686E-05  1.40515E+00 
5.99998E+01 1.39999E+00  3.65294E-05  1.40017E+00 
6.00998E+01 1.39499E+00  3.59086E-05  1.39513E+00 
6.01998E+01 1.38999E+00  3.53866E-05  1.39014E+00 
6.02998E+01 1.38499E+00  3.49062E-05  1.38515E+00 
6.03998E+01 1.37999E+00  3.42409E-05  1.38016E+00 
6.04998E+01 1.37499E+00  3.36387E-05  1.37513E+00 
6.05998E+01 1.36999E+00  3.31111E-05  1.37012E+00 
6.06998E+01 1.36499E+00  3.25891E-05  1.36514E+00 
6.07998E+01 1.35999E+00  3.20828E-05  1.36014E+00 
6.08998E+01 1.35499E+00  3.15940E-05  1.35514E+00 
6.09998E+01 1.34999E+00  3.11705E-05  1.35014E+00 
6.10998E+01 1.34499E+00  3.06860E-05  1.34511E+00 
6.11998E+01 1.33999E+00  3.02390E-05  1.34013E+00 
6.12998E+01 1.33499E+00  2.98092E-05  1.33511E+00 
6.13998E+01 1.32999E+00  2.93843E-05  1.33011E+00 
6.14998E+01 1.32499E+00  2.89986E-05  1.32510E+00 
6.15998E+01 1.31999E+00  2.86207E-05  1.32011E+00 
6.16998E+01 1.31499E+00  2.82280E-05  1.31511E+00 
6.17998E+01 1.30999E+00  2.78482E-05  1.31011E+00 
6.18998E+01 1.30499E+00  2.74690E-05  1.30508E+00 
6.19998E+01 1.29999E+00  2.71216E-05  1.30008E+00 
6.20998E+01 1.29499E+00  2.68007E-05  1.29509E+00 
6.21998E+01 1.28999E+00  2.64658E-05  1.29008E+00 
6.22998E+01 1.28499E+00  2.61388E-05  1.28505E+00 
6.23998E+01 1.27999E+00  2.58164E-05  1.28008E+00 
6.24998E+01 1.27499E+00  2.55116E-05  1.27507E+00 
6.25998E+01 1.26999E+00  2.52048E-05  1.27008E+00 
6.26998E+01 1.26499E+00  2.49089E-05  1.26506E+00 
6.27998E+01 1.25999E+00  2.46254E-05  1.26005E+00 
6.28998E+01 1.25499E+00  2.42862E-05  1.25507E+00 
6.29998E+01 1.24999E+00  2.39991E-05  1.25008E+00 
6.30998E+01 1.24499E+00  2.37127E-05  1.24506E+00 
6.31998E+01 1.23999E+00  2.34199E-05  1.24004E+00 
6.32998E+01 1.23499E+00  2.32126E-05  1.23506E+00 
6.33998E+01 1.22999E+00  2.29886E-05  1.23005E+00 
6.34998E+01 1.22499E+00  2.27609E-05  1.22506E+00 
6.35998E+01 1.21999E+00  2.25371E-05  1.22005E+00 
6.36998E+01 1.21499E+00  2.23224E-05  1.21505E+00 
6.37998E+01 1.20999E+00  2.20910E-05  1.21005E+00 
6.38998E+01 1.20499E+00  2.18461E-05  1.20505E+00 
6.39998E+01 1.19999E+00  2.16353E-05  1.20005E+00 
6.40998E+01 1.19500E+00  2.14270E-05  1.19506E+00 
6.41998E+01 1.19000E+00  2.12199E-05  1.19006E+00 
6.42998E+01 1.18500E+00  2.10067E-05  1.18504E+00 
6.43998E+01 1.18000E+00  2.08060E-05  1.18003E+00 
6.44998E+01 1.17500E+00  2.06045E-05  1.17506E+00 
6.45998E+01 1.17000E+00  2.04027E-05  1.17007E+00 
6.46998E+01 1.16500E+00  2.02021E-05  1.16505E+00 
6.47998E+01 1.16000E+00  2.00106E-05  1.16005E+00 
6.48998E+01 1.15500E+00  1.98171E-05  1.15504E+00 
6.49998E+01 1.15000E+00  1.96258E-05  1.15005E+00 
6.50998E+01 1.14500E+00  1.94467E-05  1.14492E+00 
6.51998E+01 1.14000E+00  1.92570E-05  1.14002E+00 
6.52998E+01 1.13500E+00  1.90632E-05  1.13504E+00 
6.53998E+01 1.13000E+00  1.88833E-05  1.13004E+00 
6.54998E+01 1.12500E+00  1.86971E-05  1.12503E+00 
6.55998E+01 1.12000E+00  1.85135E-05  1.12002E+00 
6.56998E+01 1.11500E+00  1.83330E-05  1.11500E+00 
6.57998E+01 1.11000E+00  1.81584E-05  1.11000E+00 
6.58998E+01 1.10500E+00  1.79810E-05  1.10499E+00 
6.59998E+01 1.10000E+00  1.78134E-05  1.09999E+00 
6.60998E+01 1.09500E+00  1.76561E-05  1.09500E+00 
6.61998E+01 1.09000E+00  1.74674E-05  1.08999E+00 
6.62998E+01 1.08500E+00  1.72861E-05  1.08496E+00 
6.63998E+01 1.08000E+00  1.71147E-05  1.07998E+00 
6.64998E+01 1.07500E+00  1.69544E-05  1.07491E+00 
6.65998E+01 1.07000E+00  1.67733E-05  1.06998E+00 
6.66998E+01 1.06500E+00  1.66065E-05  1.06495E+00 
6.67998E+01 1.06000E+00  1.64345E-05  1.05994E+00 
6.68998E+01 1.05500E+00  1.62722E-05  1.05492E+00 
6.69998E+01 1.05000E+00  1.61031E-05  1.04992E+00 
6.70998E+01 1.04500E+00  1.59333E-05  1.04494E+00 
6.71998E+01 1.04000E+00  1.57664E-05  1.03995E+00 
6.72998E+01 1.03500E+00  1.56006E-05  1.03495E+00 
6.73998E+01 1.03000E+00  1.54321E-05  1.02995E+00 
6.74998E+01 1.02500E+00  1.52657E-05  1.02493E+00 
6.75998E+01 1.02000E+00  1.50987E-05  1.01993E+00 
6.76998E+01 1.01500E+00  1.49464E-05  1.01496E+00 
6.77998E+01 1.01000E+00  1.47746E-05  1.00995E+00 
6.78998E+01 1.00500E+00  1.46042E-05  1.00494E+00 
6.79998E+01 9.99995E-01  1.44428E-05  9.99922E-01 
6.80998E+01 9.94996E-01  1.42768E-05  9.94937E-01 
6.81998E+01 9.89996E-01  1.41141E-05  9.89947E-01 
6.82998E+01 9.84996E-01  1.39482E-05  9.84953E-01 
6.83998E+01 9.79996E-01  1.37845E-05  9.79922E-01 
6.84998E+01 9.74996E-01  1.36201E-05  9.74939E-01 
6.85998E+01 9.69996E-01  1.34548E-05  9.69952E-01 
6.86998E+01 9.64996E-01  1.32904E-05  9.64935E-01 
6.87998E+01 9.59996E-01  1.31257E-05  9.59930E-01 
6.88998E+01 9.54996E-01  1.29431E-05  9.54920E-01 
6.89998E+01 9.49996E-01  1.27547E-05  9.49922E-01 
6.90998E+01 9.44996E-01  1.26068E-05  9.44920E-01 
6.91998E+01 9.39996E-01  1.24626E-05  9.39938E-01 
6.92998E+01 9.34996E-01  1.22755E-05  9.34912E-01 
6.93998E+01 9.29996E-01  1.21205E-05  9.29891E-01 
6.94998E+01 9.24996E-01  1.19642E-05  9.24908E-01 
6.95998E+01 9.19996E-01  1.18032E-05  9.19904E-01 
6.96998E+01 9.14996E-01  1.16348E-05  9.14922E-01 
6.97998E+01 9.09996E-01  1.14536E-05  9.09875E-01 
6.98998E+01 9.04996E-01  1.12948E-05  9.04887E-01 
6.99998E+01 8.99996E-01  1.11191E-05  8.99883E-01 
7.00998E+01 8.94996E-01  1.09677E-05  8.94894E-01 
7.01998E+01 8.89996E-01  1.08477E-05  8.89873E-01 
7.02998E+01 8.84996E-01  1.06901E-05  8.84886E-01 
7.03998E+01 8.79996E-01  1.05328E-05  8.79875E-01 
7.04998E+01 8.74996E-01  1.02740E-05  8.74874E-01 
7.05998E+01 8.69996E-01  1.01666E-05  8.69857E-01 
7.06998E+01 8.64996E-01  9.97700E-06  8.64871E-01 
7.07998E+01 8.59996E-01  9.75378E-06  8.59865E-01 
7.08998E+01 8.54996E-01  9.54650E-06  8.54871E-01 
7.09998E+01 8.49996E-01  9.55178E-06  8.49848E-01 
7.10998E+01 8.44996E-01  9.40279E-06  8.44861E-01 
7.11998E+01 8.39996E-01  9.15110E-06  8.39846E-01 
7.12998E+01 8.34996E-01  8.69063E-06  8.34866E-01 
7.13998E+01 8.29996E-01  8.63890E-06  8.29856E-01 
7.14998E+01 8.24996E-01  8.49938E-06  8.24834E-01 
7.15998E+01 8.19996E-01  8.34004E-06  8.19851E-01 
7.16998E+01 8.14996E-01  8.16171E-06  8.14856E-01 
7.17998E+01 8.09996E-01  7.99398E-06  8.09837E-01 
7.18998E+01 8.04996E-01  7.86763E-06  8.04841E-01 
7.19998E+01 7.99996E-01  7.74336E-06  7.99842E-01 
7.20998E+01 7.94996E-01  7.52622E-06  7.94823E-01 
7.21998E+01 7.89996E-01  7.29010E-06  7.89830E-01 
7.22998E+01 7.84996E-01  7.13566E-06  7.84826E-01 
7.23998E+01 7.79996E-01  6.96813E-06  7.79792E-01 
7.24998E+01 7.74996E-01  6.76840E-06  7.74789E-01 
7.25998E+01 7.69996E-01  6.58734E-06  7.69797E-01 
7.26998E+01 7.64996E-01  6.40211E-06  7.64803E-01 
7.27998E+01 7.59996E-01  6.21703E-06  7.59795E-01 
7.28998E+01 7.54996E-01  6.02451E-06  7.54800E-01 
7.29998E+01 7.49996E-01  5.84532E-06  7.49801E-01 
7.30998E+01 7.44996E-01  5.65055E-06  7.44793E-01 
7.31998E+01 7.39996E-01  5.48426E-06  7.39778E-01 
7.32998E+01 7.34996E-01  5.30938E-06  7.34782E-01 
7.33998E+01 7.29996E-01  5.11933E-06  7.29765E-01 
7.34998E+01 7.24996E-01  4.91088E-06  7.24773E-01 
7.35998E+01 7.19996E-01  4.73027E-06  7.19794E-01 
7.36998E+01 7.14996E-01  4.55584E-06  7.14770E-01 
7.37998E+01 7.09996E-01  4.38083E-06  7.09741E-01 
7.38998E+01 7.04996E-01  4.20887E-06  7.04778E-01 
7.39998E+01 6.99996E-01  4.03071E-06  6.99798E-01 
7.40998E+01 6.94996E-01  3.81069E-06  6.94757E-01 
7.41998E+01 6.89996E-01  3.58902E-06  6.89759E-01 
7.42998E+01 6.84996E-01  3.39399E-06  6.84766E-01 
7.43998E+01 6.79996E-01  3.16418E-06  6.79773E-01 
7.44998E+01 6.74996E-01  3.00774E-06  6.74764E-01 
7.45998E+01 6.69996E-01  2.85327E-06  6.69749E-01 
7.46998E+01 6.64996E-01  2.65841E-06  6.64759E-01 
7.47998E+01 6.59996E-01  2.47075E-06  6.59795E-01 
7.48998E+01 6.54996E-01  2.27927E-06  6.54756E-01 
7.49998E+01 6.49996E-01  2.07991E-06  6.49734E-01 
7.50998E+01 6.44996E-01  1.92553E-06  6.44773E-01 
7.51998E+01 6.39996E-01  1.84388E-06  6.39771E-01 
7.52998E+01 6.34996E-01  1.62633E-06  6.34760E-01 
7.53998E+01 6.29996E-01  1.43911E-06  6.29756E-01 
7.54998E+01 6.24996E-01  1.16082E-06  6.24738E-01 
7.55998E+01 6.19996E-01  1.01591E-06  6.19717E-01 
7.56998E+01 6.14996E-01  8.67418E-07  6.14723E-01 
7.57998E+01 6.09996E-01  6.57748E-07  6.09708E-01 
7.58998E+01 6.04996E-01  4.05576E-07  6.04699E-01 
7.59998E+01 5.99996E-01  1.93448E-07  5.99698E-01 
7.60998E+01 5.94997E-01  -3.90937E-08 5.94723E-01 
7.61998E+01 5.89997E-01  -2.21937E-07 5.89699E-01 
7.62998E+01 5.84997E-01  -4.17054E-07 5.84702E-01 
7.63998E+01 5.79997E-01  -6.27516E-07 5.79728E-01 
7.64998E+01 5.74997E-01  -8.78469E-07 5.74711E-01 
7.65998E+01 5.69997E-01  -1.12863E-06 5.69692E-01 
7.66998E+01 5.64997E-01  -1.24953E-06 5.64696E-01 
7.67998E+01 5.59997E-01  -1.56467E-06 5.59698E-01 
7.68998E+01 5.54997E-01  -1.73487E-06 5.54717E-01 
7.69998E+01 5.49997E-01  -1.85831E-06 5.49686E-01 
7.70998E+01 5.44997E-01  -2.11476E-06 5.44682E-01 
7.71998E+01 5.39997E-01  -2.44166E-06 5.39679E-01 
7.72998E+01 5.34997E-01  -2.72166E-06 5.34699E-01 
7.73998E+01 5.29997E-01  -2.97306E-06 5.29675E-01 
7.74998E+01 5.24997E-01  -3.21031E-06 5.24675E-01 
7.75998E+01 5.19997E-01  -3.38688E-06 5.19670E-01 
7.76998E+01 5.14997E-01  -3.68243E-06 5.14663E-01 
7.77998E+01 5.09997E-01  -3.98002E-06 5.09672E-01 
7.78998E+01 5.04997E-01  -4.26132E-06 5.04659E-01 
7.79998E+01 4.99997E-01  -4.48315E-06 4.99645E-01 
7.80998E+01 4.94997E-01  -4.73792E-06 4.94655E-01 
7.81998E+01 4.89997E-01  -5.10975E-06 4.89662E-01 
7.82998E+01 4.84997E-01  -5.25711E-06 4.84632E-01 
7.83998E+01 4.79997E-01  -5.45138E-06 4.79655E-01 
7.84998E+01 4.74997E-01  -5.58243E-06 4.74646E-01 
7.85998E+01 4.69997E-01  -5.87667E-06 4.69613E-01 
7.86998E+01 4.64997E-01  -6.41312E-06 4.64620E-01 
7.87998E+01 4.59997E-01  -6.73552E-06 4.59627E-01 
7.88998E+01 4.54997E-01  -7.16023E-06 4.54617E-01 
7.89998E+01 4.49997E-01  -7.61606E-06 4.49606E-01 
7.90998E+01 4.44997E-01  -7.96877E-06 4.44602E-01 
7.91998E+01 4.39997E-01  -8.30028E-06 4.39608E-01 
7.92998E+01 4.34997E-01  -8.59261E-06 4.34609E-01 
7.93998E+01 4.29997E-01  -8.88033E-06 4.29594E-01 
7.94998E+01 4.24997E-01  -9.20392E-06 4.24608E-01 
7.95998E+01 4.19997E-01  -9.53238E-06 4.19618E-01 
7.96998E+01 4.14997E-01  -9.87461E-06 4.14611E-01 
7.97998E+01 4.09997E-01  -1.01979E-05 4.09586E-01 
7.98998E+01 4.04997E-01  -1.05282E-05 4.04568E-01 
7.99998E+01 3.99997E-01  -1.07108E-05 3.99578E-01 
8.00998E+01 3.94997E-01  -1.10194E-05 3.94606E-01 
8.01998E+01 3.89997E-01  -1.13730E-05 3.89593E-01 
8.02998E+01 3.84997E-01  -1.18458E-05 3.84582E-01 
8.03998E+01 3.79997E-01  -1.21887E-05 3.79597E-01 
8.04998E+01 3.74997E-01  -1.26048E-05 3.74602E-01 
8.05998E+01 3.69997E-01  -1.29926E-05 3.69578E-01 
8.06998E+01 3.64997E-01  -1.33737E-05 3.64577E-01 
8.07998E+01 3.59997E-01  -1.37732E-05 3.59589E-01 
8.08998E+01 3.54997E-01  -1.42062E-05 3.54596E-01 
8.09998E+01 3.49997E-01  -1.47170E-05 3.49578E-01 
8.10998E+01 3.44997E-01  -1.49501E-05 3.44572E-01 
8.11998E+01 3.39997E-01  -1.52920E-05 3.39571E-01 
8.12998E+01 3.34997E-01  -1.57947E-05 3.34569E-01 
8.13998E+01 3.29997E-01  -1.62725E-05 3.29544E-01 
8.14998E+01 3.24997E-01  -1.65818E-05 3.24543E-01 
8.15998E+01 3.19997E-01  -1.70530E-05 3.19556E-01 
8.16998E+01 3.14997E-01  -1.75249E-05 3.14545E-01 
8.17998E+01 3.09997E-01  -1.78355E-05 3.09564E-01 
8.18998E+01 3.04997E-01  -1.83730E-05 3.04545E-01 
8.19998E+01 2.99997E-01  -1.87181E-05 2.99512E-01 
8.20998E+01 2.94997E-01  -1.91447E-05 2.94527E-01 
8.21998E+01 2.89997E-01  -1.96996E-05 2.89531E-01 
8.22998E+01 2.84997E-01  -2.00521E-05 2.84538E-01 
8.23998E+01 2.79997E-01  -2.05265E-05 2.79537E-01 
8.24998E+01 2.74997E-01  -2.11211E-05 2.74537E-01 
8.25998E+01 2.69997E-01  -2.13581E-05 2.69529E-01 
8.26998E+01 2.64997E-01  -2.18272E-05 2.64538E-01 
8.27998E+01 2.59997E-01  -2.23844E-05 2.59520E-01 
8.28998E+01 2.54997E-01  -2.27109E-05 2.54512E-01 
8.29998E+01 2.49997E-01  -2.32474E-05 2.49509E-01 
8.30998E+01 2.44997E-01  -2.37303E-05 2.44527E-01 
8.31998E+01 2.39997E-01  -2.41740E-05 2.39518E-01 
8.32998E+01 2.34997E-01  -2.47829E-05 2.34496E-01 
8.33998E+01 2.29997E-01  -2.51579E-05 2.29473E-01 
8.34998E+01 2.24997E-01  -2.56534E-05 2.24484E-01 
8.35998E+01 2.19997E-01  -2.62438E-05 2.19505E-01 
8.36998E+01 2.14997E-01  -2.66354E-05 2.14490E-01 
8.37998E+01 2.09997E-01  -2.70456E-05 2.09458E-01 
8.38998E+01 2.04997E-01  -2.75696E-05 2.04487E-01 
8.39998E+01 1.99997E-01  -2.81594E-05 1.99494E-01 
8.40998E+01 1.94998E-01  -2.86104E-05 1.94493E-01 
8.41998E+01 1.89998E-01  -2.89874E-05 1.89475E-01 
8.42998E+01 1.84998E-01  -2.94630E-05 1.84479E-01 
8.43998E+01 1.79998E-01  -2.99722E-05 1.79483E-01 
8.44998E+01 1.74998E-01  -3.04769E-05 1.74467E-01 
8.45998E+01 1.69998E-01  -3.09927E-05 1.69475E-01 
8.46998E+01 1.64998E-01  -3.15740E-05 1.64491E-01 
8.47998E+01 1.59998E-01  -3.19466E-05 1.59484E-01 
8.48998E+01 1.54998E-01  -3.24800E-05 1.54473E-01 
8.49998E+01 1.49998E-01  -3.30878E-05 1.49461E-01 
8.50998E+01 1.44998E-01  -3.35276E-05 1.44457E-01 
8.51998E+01 1.39998E-01  -3.39785E-05 1.39453E-01 
8.52998E+01 1.34998E-01  -3.44964E-05 1.34480E-01 
8.53998E+01 1.29998E-01  -3.50212E-05 1.29452E-01 
8.54998E+01 1.24998E-01  -3.55495E-05 1.24457E-01 
8.55998E+01 1.19998E-01  -3.61179E-05 1.19461E-01 
8.56998E+01 1.14998E-01  -3.66605E-05 1.14446E-01 
8.57998E+01 1.09998E-01  -3.71453E-05 1.09422E-01 
8.58998E+01 1.04998E-01  -3.76690E-05 1.04447E-01 
8.59998E+01 9.99977E-02  -3.82744E-05 9.94545E-02 
8.60998E+01 9.49978E-02  -3.88636E-05 9.44486E-02 
8.61998E+01 8.99978E-02  -3.94693E-05 8.94108E-02 
8.62998E+01 8.49978E-02  -3.99566E-05 8.44330E-02 
8.63998E+01 7.99978E-02  -4.05569E-05 7.94552E-02 
8.64998E+01 7.49978E-02  -4.11840E-05 7.44324E-02 
8.65998E+01 6.99978E-02  -4.18232E-05 6.94352E-02 
8.66998E+01 6.49978E-02  -4.24119E-05 6.44399E-02 
8.67998E+01 5.99978E-02  -4.30297E-05 5.94302E-02 
8.68998E+01 5.49979E-02  -4.37536E-05 5.44356E-02 
8.69998E+01 4.99979E-02  -4.43936E-05 4.94247E-02 
8.70998E+01 4.49979E-02  -4.50926E-05 4.44132E-02 
8.71998E+01 3.99979E-02  -4.58730E-05 3.94672E-02 
8.72998E+01 3.49979E-02  -4.66422E-05 3.44313E-02 
8.73998E+01 2.99979E-02  -4.73556E-05 2.94079E-02 
8.74998E+01 2.49979E-02  -4.82143E-05 2.44026E-02 
8.75998E+01 1.99979E-02  -4.89854E-05 1.94323E-02 
8.76998E+01 1.49980E-02  -4.98403E-05 1.43983E-02 
8.77998E+01 9.99797E-03  -5.07960E-05 9.41297E-03 
8.78998E+01 4.99799E-03  -5.17436E-05 4.37958E-03 
8.79998E+01 -2.00000E-06 -5.26471E-05 -5.78867E-04
8.80998E+01 -5.00199E-03 -5.37043E-05 -5.58356E-03
8.81998E+01 -1.00020E-02 -5.47528E-05 -1.06038E-02
8.82998E+01 -1.50020E-02 -5.58180E-05 -1.56060E-02
8.83998E+01 -2.00020E-02 -5.70115E-05 -2.06163E-02
8.84998E+01 -2.50019E-02 -5.82549E-05 -2.55779E-02
8.85998E+01 -3.00019E-02 -5.94672E-05 -3.06062E-02
8.86998E+01 -3.50019E-02 -6.07142E-05 -3.56022E-02
8.87998E+01 -4.00019E-02 -6.21212E-05 -4.06474E-02
8.88998E+01 -4.50019E-02 -6.34366E-05 -4.56084E-02
8.89998E+01 -5.00019E-02 -6.49038E-05 -5.06205E-02
8.90998E+01 -5.50019E-02 -6.64414E-05 -5.56284E-02
8.91998E+01 -6.00019E-02 -6.79987E-05 -6.06586E-02
8.92998E+01 -6.50018E-02 -6.94848E-05 -6.56302E-02
8.93998E+01 -7.00018E-02 -7.11195E-05 -7.06317E-02
8.94998E+01 -7.50018E-02 -7.27605E-05 -7.56339E-02
8.95998E+01 -8.00018E-02 -7.43545E-05 -8.06617E-02
8.96998E+01 -8.50018E-02 -7.60848E-05 -8.56326E-02
8.97998E+01 -9.00018E-02 -7.78339E-05 -9.06385E-02
8.98998E+01 -9.50018E-02 -7.94714E-05 -9.56301E-02
8.99998E+01 -1.00002E-01 -8.12553E-05 -1.00655E-01
9.00998E+01 -1.05002E-01 -8.28867E-05 -1.05646E-01
9.01998E+01 -1.10002E-01 -8.46075E-05 -1.10642E-01
9.02998E+01 -1.15002E-01 -8.64147E-05 -1.15649E-01
9.03998E+01 -1.20002E-01 -8.81104E-05 -1.20642E-01
9.04998E+01 -1.25002E-01 -8.97328E-05 -1.25662E-01
9.05998E+01 -1.30002E-01 -9.14718E-05 -1.30628E-01
9.06998E+01 -1.35002E-01 -9.30252E-05 -1.35638E-01
9.07998E+01 -1.40002E-01 -9.47193E-05 -1.40655E-01
9.08998E+01 -1.45002E-01 -9.64348E-05 -1.45660E-01
9.09998E+01 -1.50002E-01 -9.79900E-05 -1.50641E-01
9.10998E+01 -1.55002E-01 -9.95555E-05 -1.55658E-01
9.11998E+01 -1.60002E-01 -1.01206E-04 -1.60665E-01
9.12998E+01 -1.65002E-01 -1.02666E-04 -1.65674E-01
9.13998E+01 -1.70002E-01 -1.04277E-04 -1.70682E-01
9.14998E+01 -1.75002E-01 -1.05914E-04 -1.75684E-01
9.15998E+01 -1.80002E-01 -1.07431E-04 -1.80686E-01
9.16998E+01 -1.85002E-01 -1.08922E-04 -1.85682E-01
9.17998E+01 -1.90002E-01 -1.10543E-04 -1.90678E-01
9.18998E+01 -1.95002E-01 -1.12203E-04 -1.95692E-01
9.19998E+01 -2.00002E-01 -1.13743E-04 -2.00669E-01
9.20998E+01 -2.05001E-01 -1.15507E-04 -2.05682E-01
9.21998E+01 -2.10001E-01 -1.17176E-04 -2.10679E-01
9.22998E+01 -2.15001E-01 -1.18972E-04 -2.15677E-01
9.23998E+01 -2.20001E-01 -1.20781E-04 -2.20799E-01
9.24998E+01 -2.25001E-01 -1.22589E-04 -2.25693E-01
9.25998E+01 -2.30001E-01 -1.24645E-04 -2.30669E-01
9.26998E+01 -2.35001E-01 -1.26693E-04 -2.35695E-01
9.27998E+01 -2.40001E-01 -1.28700E-04 -2.40717E-01
9.28998E+01 -2.45001E-01 -1.30704E-04 -2.45705E-01
9.29998E+01 -2.50001E-01 -1.33004E-04 -2.50685E-01
9.30998E+01 -2.55001E-01 -1.35135E-04 -2.55710E-01
9.31998E+01 -2.60001E-01 -1.37279E-04 -2.60719E-01
9.32998E+01 -2.65001E-01 -1.39597E-04 -2.65712E-01
9.33998E+01 -2.70001E-01 -1.42054E-04 -2.70716E-01
9.34998E+01 -2.75001E-01 -1.44587E-04 -2.75704E-01
9.35998E+01 -2.80001E-01 -1.46991E-04 -2.80737E-01
9.36998E+01 -2.85001E-01 -1.49457E-04 -2.85724E-01
9.37998E+01 -2.90001E-01 -1.51907E-04 -2.90723E-01
9.38998E+01 -2.95001E-01 -1.54243E-04 -2.95722E-01
9.39998E+01 -3.00001E-01 -1.56669E-04 -3.00745E-01
9.40998E+01 -3.05001E-01 -1.59095E-04 -3.05740E-01
9.41998E+01 -3.10001E-01 -1.61486E-04 -3.10732E-01
9.42998E+01 -3.15001E-01 -1.63816E-04 -3.15712E-01
9.43998E+01 -3.20001E-01 -1.66187E-04 -3.20742E-01
9.44998E+01 -3.25001E-01 -1.68497E-04 -3.25763E-01
9.45998E+01 -3.30001E-01 -1.70679E-04 -3.30773E-01
9.46998E+01 -3.35001E-01 -1.72658E-04 -3.35798E-01
9.47998E+01 -3.40001E-01 -1.74699E-04 -3.40776E-01
9.48998E+01 -3.45001E-01 -1.76633E-04 -3.45778E-01
9.49998E+01 -3.50001E-01 -1.78336E-04 -3.50788E-01
9.50998E+01 -3.55001E-01 -1.79811E-04 -3.55792E-01
9.51998E+01 -3.60001E-01 -1.81192E-04 -3.60790E-01
9.52998E+01 -3.65001E-01 -1.82109E-04 -3.65786E-01
9.53998E+01 -3.70001E-01 -1.82376E-04 -3.70794E-01
9.54998E+01 -3.75001E-01 -1.82228E-04 -3.75813E-01
9.55998E+01 -3.80001E-01 -1.80852E-04 -3.80787E-01
9.56998E+01 -3.85001E-01 -1.78017E-04 -3.85776E-01
9.57998E+01 -3.90001E-01 -1.73135E-04 -3.90792E-01
9.58998E+01 -3.95001E-01 -1.64828E-04 -3.95806E-01
9.59998E+01 -4.00001E-01 -1.51417E-04 -4.00789E-01
9.60998E+01 -4.05001E-01 -1.31071E-04 -4.05807E-01
9.61998E+01 -4.10001E-01 -1.09350E-04 -4.10784E-01
9.62998E+01 -4.15001E-01 -9.48064E-05 -4.15793E-01
9.63998E+01 -4.20001E-01 -8.56347E-05 -4.20779E-01
9.64998E+01 -4.25001E-01 -7.92225E-05 -4.25783E-01
9.65998E+01 -4.30001E-01 -7.48320E-05 -4.30794E-01
9.66998E+01 -4.35001E-01 -7.16373E-05 -4.35809E-01
9.67998E+01 -4.40001E-01 -6.87546E-05 -4.40812E-01
9.68998E+01 -4.45001E-01 -6.60455E-05 -4.45796E-01
9.69998E+01 -4.50001E-01 -6.37093E-05 -4.50810E-01
9.70998E+01 -4.55001E-01 -6.17050E-05 -4.55821E-01
9.71998E+01 -4.60001E-01 -5.95275E-05 -4.60824E-01
9.72998E+01 -4.65001E-01 -5.74914E-05 -4.65810E-01
9.73998E+01 -4.70001E-01 -5.57985E-05 -4.70823E-01
9.74998E+01 -4.75001E-01 -5.43541E-05 -4.75813E-01
9.75998E+01 -4.80001E-01 -5.30319E-05 -4.80838E-01
9.76998E+01 -4.85001E-01 -5.19066E-05 -4.85826E-01
9.77998E+01 -4.90001E-01 -5.07559E-05 -4.90824E-01
9.78998E+01 -4.95001E-01 -4.96625E-05 -4.95847E-01
9.79998E+01 -5.00001E-01 -4.87788E-05 -5.00848E-01
9.80998E+01 -5.05001E-01 -4.81033E-05 -5.05857E-01
9.81998E+01 -5.10001E-01 -4.72432E-05 -5.10875E-01
9.82998E+01 -5.15001E-01 -4.67437E-05 -5.15856E-01
9.83998E+01 -5.20001E-01 -4.59023E-05 -5.20854E-01
9.84998E+01 -5.25001E-01 -4.50713E-05 -5.25862E-01
9.85998E+01 -5.30001E-01 -4.45106E-05 -5.30869E-01
9.86998E+01 -5.35001E-01 -4.38939E-05 -5.35856E-01
9.87998E+01 -5.40001E-01 -4.32872E-05 -5.40851E-01
9.88998E+01 -5.45001E-01 -4.27630E-05 -5.45875E-01
9.89998E+01 -5.50001E-01 -4.22723E-05 -5.50880E-01
9.90998E+01 -5.55001E-01 -4.18526E-05 -5.55878E-01
9.91998E+01 -5.60001E-01 -4.14843E-05 -5.60868E-01
9.92998E+01 -5.65001E-01 -4.11236E-05 -5.65870E-01
9.93998E+01 -5.70001E-01 -4.08244E-05 -5.70864E-01
9.94998E+01 -5.75001E-01 -4.06811E-05 -5.75887E-01
9.95998E+01 -5.80001E-01 -4.04508E-05 -5.80877E-01
9.96998E+01 -5.85001E-01 -4.01305E-05 -5.85889E-01
9.97998E+01 -5.90001E-01 -4.01909E-05 -5.90897E-01
9.98998E+01 -5.95001E-01 -4.00270E-05 -5.95902E-01
9.99997E+01 -6.00001E-01 -3.95141E-05 -6.00894E-01
1.00100E+02 -6.05000E-01 -3.93096E-05 -6.05926E-01
1.00200E+02 -6.10000E-01 -3.91525E-05 -6.10903E-01
1.00300E+02 -6.15000E-01 -3.80230E-05 -6.15936E-01
1.00400E+02 -6.20000E-01 -3.46344E-05 -6.20924E-01
1.00500E+02 -6.25000E-01 -3.64922E-05 -6.25932E-01
1.00600E+02 -6.30000E-01 -3.65253E-05 -6.30944E-01
1.00700E+02 -6.35000E-01 -3.72520E-05 -6.35928E-01
1.00800E+02 -6.40000E-01 -4.02936E-05 -6.40916E-01
1.00900E+02 -6.45000E-01 -3.93914E-05 -6.45915E-01
1.01000E+02 -6.50000E-01 -3.89883E-05 -6.50938E-01
1.01100E+02 -6.55000E-01 -3.88924E-05 -6.55944E-01
1.01200E+02 -6.60000E-01 -2.88790E-05 -6.60946E-01
1.01300E+02 -6.65000E-01 -1.34318E-05 -6.65952E-01
1.01400E+02 -6.70000E-01 -1.52337E-05 -6.70941E-01
1.01500E+02 -6.75000E-01 -1.63265E-05 -6.75947E-01
1.01600E+02 -6.80000E-01 -1.73660E-05 -6.80956E-01
1.01700E+02 -6.85000E-01 -1.06012E-05 -6.85942E-01
1.01800E+02 -6.90000E-01 -1.03813E-05 -6.90961E-01
1.01900E+02 -6.95000E-01 -1.04220E-05 -6.95964E-01
1.02000E+02 -7.00000E-01 -1.06556E-05 -7.00964E-01
1.02100E+02 -7.05000E-01 -1.08140E-05 -7.05964E-01
1.02200E+02 -7.10000E-01 -1.25582E-05 -7.10962E-01
1.02300E+02 -7.15000E-01 -8.95333E-05 -7.15967E-01
1.02400E+02 -7.20000E-01 -3.58328E-05 -7.20969E-01
1.02500E+02 -7.25000E-01 -3.71489E-05 -7.25966E-01
1.02600E+02 -7.30000E-01 -2.14588E-05 -7.30943E-01
1.02700E+02 -7.35000E-01 -6.88958E-05 -7.35954E-01
1.02800E+02 -7.40000E-01 -5.97914E-05 -7.40986E-01
1.02900E+02 -7.45000E-01 -5.00826E-05 -7.45946E-01
1.03000E+02 -7.50000E-01 -4.40022E-05 -7.50936E-01
1.03100E+02 -7.55000E-01 -6.22717E-05 -7.55967E-01
1.03200E+02 -7.60000E-01 -4.06123E-05 -7.61006E-01
1.03300E+02 -7.65000E-01 -2.25351E-05 -7.65960E-01
1.03400E+02 -7.70000E-01 -2.98193E-05 -7.70963E-01
1.03500E+02 -7.75000E-01 -3.40694E-05 -7.75984E-01
1.03600E+02 -7.80000E-01 -4.94395E-05 -7.80995E-01
1.03700E+02 -7.85000E-01 -3.31945E-05 -7.85987E-01
1.03800E+02 -7.90000E-01 -3.15490E-05 -7.90946E-01
1.03900E+02 -7.95000E-01 -2.67058E-05 -7.95992E-01
