time/s      E/V        I/A
0.00000E+00 -8.00000E-01 -3.94341E-05 -8.01130E-01
9.99997E-02 -7.95000E-01 -3.82450E-05 -7.96141E-01
1.99999E-01 -7.90000E-01 -3.72431E-05 -7.91089E-01
2.99999E-01 -7.85000E-01 -3.63251E-05 -7.86099E-01
3.99999E-01 -7.80000E-01 -3.54983E-05 -7.81092E-01
4.99999E-01 -7.75000E-01 -3.47192E-05 -7.76124E-01
5.99998E-01 -7.70000E-01 -3.39788E-05 -7.71078E-01
6.99998E-01 -7.65000E-01 -3.33001E-05 -7.66099E-01
7.99998E-01 -7.60000E-01 -3.26401E-05 -7.61105E-01
8.99998E-01 -7.55000E-01 -3.20196E-05 -7.56094E-01
9.99997E-01 -7.50000E-01 -3.14178E-05 -7.51084E-01
1.10000E+00 -7.45000E-01 -3.08499E-05 -7.46099E-01
1.20000E+00 -7.40000E-01 -3.02933E-05 -7.41118E-01
1.30000E+00 -7.35000E-01 -2.97653E-05 -7.36084E-01
1.40000E+00 -7.30000E-01 -2.92461E-05 -7.31063E-01
1.50000E+00 -7.25000E-01 -2.87669E-05 -7.26079E-01
1.60000E+00 -7.20000E-01 -2.83032E-05 -7.21103E-01
1.70000E+00 -7.15000E-01 -2.78462E-05 -7.16084E-01
1.80000E+00 -7.10000E-01 -2.73932E-05 -7.11047E-01
1.90000E+00 -7.05000E-01 -2.69565E-05 -7.06089E-01
1.99999E+00 -7.00000E-01 -2.65363E-05 -7.01075E-01
2.09999E+00 -6.95000E-01 -2.61270E-05 -6.96101E-01
2.19999E+00 -6.90000E-01 -2.57277E-05 -6.91052E-01
2.29999E+00 -6.85000E-01 -2.53402E-05 -6.86053E-01
2.39999E+00 -6.80000E-01 -2.49696E-05 -6.81087E-01
2.49999E+00 -6.75000E-01 -2.45909E-05 -6.76062E-01
2.59999E+00 -6.70000E-01 -2.42234E-05 -6.71037E-01
2.69999E+00 -6.65000E-01 -2.38619E-05 -6.66055E-01
2.79999E+00 -6.60000E-01 -2.35221E-05 -6.61064E-01
2.89999E+00 -6.55000E-01 -2.31993E-05 -6.56060E-01
2.99999E+00 -6.50000E-01 -2.28559E-05 -6.51046E-01
3.09999E+00 -6.45000E-01 -2.25321E-05 -6.46043E-01
3.19999E+00 -6.40000E-01 -2.22219E-05 -6.41024E-01
3.29999E+00 -6.35000E-01 -2.19023E-05 -6.36067E-01
3.39999E+00 -6.30000E-01 -2.16031E-05 -6.31031E-01
3.49999E+00 -6.25000E-01 -2.12955E-05 -6.26016E-01
3.59999E+00 -6.20000E-01 -2.10058E-05 -6.21013E-01
3.69999E+00 -6.15000E-01 -2.07298E-05 -6.16010E-01
3.79999E+00 -6.10000E-01 -2.04489E-05 -6.11001E-01
3.89999E+00 -6.05000E-01 -2.01676E-05 -6.06022E-01
3.99999E+00 -6.00001E-01 -1.98971E-05 -6.00982E-01
4.09999E+00 -5.95001E-01 -1.96315E-05 -5.96038E-01
4.19999E+00 -5.90001E-01 -1.93693E-05 -5.91010E-01
4.29999E+00 -5.85001E-01 -1.90990E-05 -5.85990E-01
4.39999E+00 -5.80001E-01 -1.88461E-05 -5.80962E-01
4.49999E+00 -5.75001E-01 -1.86014E-05 -5.75996E-01
4.59999E+00 -5.70001E-01 -1.83566E-05 -5.70994E-01
4.69999E+00 -5.65001E-01 -1.81123E-05 -5.65981E-01
4.79999E+00 -5.60001E-01 -1.78701E-05 -5.60962E-01
4.89999E+00 -5.55001E-01 -1.76347E-05 -5.55977E-01
4.99999E+00 -5.50001E-01 -1.73997E-05 -5.50979E-01
5.09999E+00 -5.45001E-01 -1.71713E-05 -5.46001E-01
5.19999E+00 -5.40001E-01 -1.69436E-05 -5.40959E-01
5.29999E+00 -5.35001E-01 -1.67169E-05 -5.35980E-01
5.39999E+00 -5.30001E-01 -1.64874E-05 -5.31009E-01
5.49999E+00 -5.25001E-01 -1.62699E-05 -5.25975E-01
5.59999E+00 -5.20001E-01 -1.60586E-05 -5.20945E-01
5.69999E+00 -5.15001E-01 -1.58453E-05 -5.15986E-01
5.79999E+00 -5.10001E-01 -1.56318E-05 -5.10961E-01
5.89999E+00 -5.05001E-01 -1.54154E-05 -5.05987E-01
5.99998E+00 -5.00001E-01 -1.52008E-05 -5.00941E-01
6.09998E+00 -4.95001E-01 -1.49913E-05 -4.95986E-01
6.19998E+00 -4.90001E-01 -1.47903E-05 -4.90946E-01
6.29998E+00 -4.85001E-01 -1.45896E-05 -4.85947E-01
6.39998E+00 -4.80001E-01 -1.43807E-05 -4.80902E-01
6.49998E+00 -4.75001E-01 -1.41719E-05 -4.75939E-01
6.59998E+00 -4.70001E-01 -1.39846E-05 -4.70916E-01
6.69998E+00 -4.65001E-01 -1.37881E-05 -4.65919E-01
6.79998E+00 -4.60001E-01 -1.35927E-05 -4.60941E-01
6.89998E+00 -4.55001E-01 -1.33984E-05 -4.55949E-01
6.99998E+00 -4.50001E-01 -1.32066E-05 -4.50915E-01
7.09998E+00 -4.45001E-01 -1.30226E-05 -4.45922E-01
7.19998E+00 -4.40001E-01 -1.28448E-05 -4.40918E-01
7.29998E+00 -4.35001E-01 -1.26544E-05 -4.35929E-01
7.39998E+00 -4.30001E-01 -1.24608E-05 -4.30901E-01
7.49998E+00 -4.25001E-01 -1.22711E-05 -4.25898E-01
7.59998E+00 -4.20001E-01 -1.20937E-05 -4.20903E-01
7.69998E+00 -4.15001E-01 -1.19131E-05 -4.15907E-01
7.79998E+00 -4.10001E-01 -1.17445E-05 -4.10883E-01
7.89998E+00 -4.05001E-01 -1.15503E-05 -4.05863E-01
7.99998E+00 -4.00001E-01 -1.13405E-05 -4.00876E-01
8.09998E+00 -3.95001E-01 -1.11275E-05 -3.95915E-01
8.19998E+00 -3.90001E-01 -1.09029E-05 -3.90892E-01
8.29998E+00 -3.85001E-01 -1.07663E-05 -3.85876E-01
8.39998E+00 -3.80001E-01 -1.06348E-05 -3.80850E-01
8.49998E+00 -3.75001E-01 -1.04834E-05 -3.75882E-01
8.59998E+00 -3.70001E-01 -1.03301E-05 -3.70877E-01
8.69998E+00 -3.65001E-01 -1.01699E-05 -3.65878E-01
8.79998E+00 -3.60001E-01 -1.00039E-05 -3.60871E-01
8.89998E+00 -3.55001E-01 -9.88888E-06 -3.55931E-01
8.99998E+00 -3.50001E-01 -9.70893E-06 -3.50893E-01
9.09998E+00 -3.45001E-01 -9.53922E-06 -3.45883E-01
9.19998E+00 -3.40001E-01 -9.33837E-06 -3.40864E-01
9.29998E+00 -3.35001E-01 -9.14312E-06 -3.35873E-01
9.39998E+00 -3.30001E-01 -9.01640E-06 -3.30861E-01
9.49998E+00 -3.25001E-01 -8.85069E-06 -3.25835E-01
9.59998E+00 -3.20001E-01 -8.73954E-06 -3.20832E-01
9.69998E+00 -3.15001E-01 -8.54776E-06 -3.15850E-01
9.79998E+00 -3.10001E-01 -8.40535E-06 -3.10851E-01
9.89998E+00 -3.05001E-01 -8.34458E-06 -3.05832E-01
9.99997E+00 -3.00001E-01 -8.20749E-06 -3.00840E-01
1.01000E+01 -2.95001E-01 -7.95325E-06 -2.95842E-01
1.02000E+01 -2.90001E-01 -7.72204E-06 -2.90816E-01
1.03000E+01 -2.85001E-01 -7.60479E-06 -2.85812E-01
1.04000E+01 -2.80001E-01 -7.48954E-06 -2.80818E-01
1.05000E+01 -2.75001E-01 -7.35325E-06 -2.75824E-01
1.06000E+01 -2.70001E-01 -7.23200E-06 -2.70798E-01
1.07000E+01 -2.65001E-01 -7.18951E-06 -2.65807E-01
1.08000E+01 -2.60001E-01 -6.98646E-06 -2.60850E-01
1.09000E+01 -2.55001E-01 -6.82160E-06 -2.55828E-01
1.10000E+01 -2.50001E-01 -6.66924E-06 -2.50832E-01
1.11000E+01 -2.45001E-01 -6.57866E-06 -2.45827E-01
1.12000E+01 -2.40001E-01 -6.43930E-06 -2.40836E-01
1.13000E+01 -2.35001E-01 -6.30293E-06 -2.35796E-01
1.14000E+01 -2.30001E-01 -6.12352E-06 -2.30804E-01
1.15000E+01 -2.25001E-01 -5.98613E-06 -2.25768E-01
1.16000E+01 -2.20001E-01 -5.81370E-06 -2.20807E-01
1.17000E+01 -2.15001E-01 -5.67986E-06 -2.15778E-01
1.18000E+01 -2.10001E-01 -5.47361E-06 -2.10771E-01
1.19000E+01 -2.05001E-01 -5.29285E-06 -2.05771E-01
1.20000E+01 -2.00002E-01 -5.20560E-06 -2.00792E-01
1.21000E+01 -1.95002E-01 -5.06798E-06 -1.95814E-01
1.22000E+01 -1.90002E-01 -5.03434E-06 -1.90769E-01
1.23000E+01 -1.85002E-01 -4.85841E-06 -1.85796E-01
1.24000E+01 -1.80002E-01 -4.73573E-06 -1.80751E-01
1.25000E+01 -1.75002E-01 -4.61301E-06 -1.75723E-01
1.26000E+01 -1.70002E-01 -4.47445E-06 -1.70757E-01
1.27000E+01 -1.65002E-01 -4.31699E-06 -1.65771E-01
1.28000E+01 -1.60002E-01 -4.05940E-06 -1.60769E-01
1.29000E+01 -1.55002E-01 -3.94113E-06 -1.55736E-01
1.30000E+01 -1.50002E-01 -3.85702E-06 -1.50759E-01
1.31000E+01 -1.45002E-01 -3.79784E-06 -1.45749E-01
1.32000E+01 -1.40002E-01 -3.72794E-06 -1.40741E-01
1.33000E+01 -1.35002E-01 -3.59631E-06 -1.35730E-01
1.34000E+01 -1.30002E-01 -3.46617E-06 -1.30710E-01
1.35000E+01 -1.25002E-01 -3.34189E-06 -1.25732E-01
1.36000E+01 -1.20002E-01 -3.25996E-06 -1.20748E-01
1.37000E+01 -1.15002E-01 -3.12057E-06 -1.15724E-01
1.38000E+01 -1.10002E-01 -2.95567E-06 -1.10695E-01
1.39000E+01 -1.05002E-01 -2.76944E-06 -1.05690E-01
1.40000E+01 -1.00002E-01 -2.60869E-06 -1.00697E-01
1.41000E+01 -9.50018E-02 -2.41939E-06 -9.57100E-02
1.42000E+01 -9.00018E-02 -2.29375E-06 -9.07110E-02
1.43000E+01 -8.50018E-02 -2.16859E-06 -8.56844E-02
1.44000E+01 -8.00018E-02 -2.02228E-06 -8.07335E-02
1.45000E+01 -7.50018E-02 -1.87249E-06 -7.57051E-02
1.46000E+01 -7.00018E-02 -1.73035E-06 -7.07067E-02
1.47000E+01 -6.50018E-02 -1.60973E-06 -6.57033E-02
1.48000E+01 -6.00019E-02 -1.44363E-06 -6.07223E-02
1.49000E+01 -5.50019E-02 -1.31461E-06 -5.56970E-02
1.50000E+01 -5.00019E-02 -1.17064E-06 -5.06705E-02
1.51000E+01 -4.50019E-02 -9.67430E-07 -4.56871E-02
1.52000E+01 -4.00019E-02 -7.41112E-07 -4.07199E-02
1.53000E+01 -3.50019E-02 -5.48263E-07 -3.56821E-02
1.54000E+01 -3.00019E-02 -3.82073E-07 -3.06675E-02
1.55000E+01 -2.50019E-02 -2.73122E-07 -2.56827E-02
1.56000E+01 -2.00020E-02 -1.57095E-07 -2.06943E-02
1.57000E+01 -1.50020E-02 -5.47029E-08 -1.56672E-02
1.58000E+01 -1.00020E-02 1.06865E-07  -1.06719E-02
1.59000E+01 -5.00199E-03 1.86762E-07  -5.66223E-03
1.60000E+01 -2.00000E-06 3.46716E-07  -6.28233E-04
1.61000E+01 4.99799E-03  4.78957E-07  4.32710E-03 
1.62000E+01 9.99797E-03  6.08715E-07  9.35614E-03 
1.63000E+01 1.49980E-02  7.63520E-07  1.43546E-02 
1.64000E+01 1.99979E-02  9.66737E-07  1.93417E-02 
1.65000E+01 2.49979E-02  1.13892E-06  2.43308E-02 
1.66000E+01 2.99979E-02  1.35156E-06  2.93386E-02 
1.67000E+01 3.49979E-02  1.55191E-06  3.43239E-02 
1.68000E+01 3.99979E-02  1.67065E-06  3.93485E-02 
1.69000E+01 4.49979E-02  1.78824E-06  4.43581E-02 
1.70000E+01 4.99979E-02  1.86794E-06  4.93048E-02 
1.71000E+01 5.49979E-02  2.00332E-06  5.43232E-02 
1.72000E+01 5.99978E-02  2.11589E-06  5.93335E-02 
1.73000E+01 6.49978E-02  2.25350E-06  6.43269E-02 
1.74000E+01 6.99978E-02  2.45618E-06  6.93315E-02 
1.75000E+01 7.49978E-02  2.64482E-06  7.43431E-02 
1.76000E+01 7.99978E-02  2.76518E-06  7.93409E-02 
1.77000E+01 8.49978E-02  2.91965E-06  8.43512E-02 
1.78000E+01 8.99978E-02  3.11961E-06  8.93165E-02 
1.79000E+01 9.49978E-02  3.28760E-06  9.43380E-02 
1.80000E+01 9.99977E-02  3.46308E-06  9.93570E-02 
1.81000E+01 1.04998E-01  3.62591E-06  1.04346E-01 
1.82000E+01 1.09998E-01  3.80550E-06  1.09346E-01 
1.83000E+01 1.14998E-01  3.98723E-06  1.14348E-01 
1.84000E+01 1.19998E-01  4.17579E-06  1.19369E-01 
1.85000E+01 1.24998E-01  4.37174E-06  1.24364E-01 
1.86000E+01 1.29998E-01  4.57921E-06  1.29354E-01 
1.87000E+01 1.34998E-01  4.77782E-06  1.34383E-01 
1.88000E+01 1.39998E-01  4.97471E-06  1.39358E-01 
1.89000E+01 1.44998E-01  5.17475E-06  1.44390E-01 
1.90000E+01 1.49998E-01  5.38859E-06  1.49377E-01 
1.91000E+01 1.54998E-01  5.59104E-06  1.54382E-01 
1.92000E+01 1.59998E-01  5.81699E-06  1.59386E-01 
1.93000E+01 1.64998E-01  6.03412E-06  1.64388E-01 
1.94000E+01 1.69998E-01  6.25108E-06  1.69378E-01 
1.95000E+01 1.74998E-01  6.47512E-06  1.74392E-01 
1.96000E+01 1.79998E-01  6.70005E-06  1.79425E-01 
1.97000E+01 1.84998E-01  6.92346E-06  1.84414E-01 
1.98000E+01 1.89998E-01  7.15801E-06  1.89387E-01 
1.99000E+01 1.94998E-01  7.40420E-06  1.94411E-01 
1.99999E+01 1.99997E-01  7.65137E-06  1.99433E-01 
2.00999E+01 2.04997E-01  7.87706E-06  2.04424E-01 
2.01999E+01 2.09997E-01  8.13241E-06  2.09399E-01 
2.02999E+01 2.14997E-01  8.39030E-06  2.14418E-01 
2.03999E+01 2.19997E-01  8.64495E-06  2.19424E-01 
2.04999E+01 2.24997E-01  8.90605E-06  2.24415E-01 
2.05999E+01 2.29997E-01  9.16810E-06  2.29403E-01 
2.06999E+01 2.34997E-01  9.43441E-06  2.34423E-01 
2.07999E+01 2.39997E-01  9.70173E-06  2.39423E-01 
2.08999E+01 2.44997E-01  9.95737E-06  2.44424E-01 
2.09999E+01 2.49997E-01  1.02302E-05  2.49415E-01 
2.10999E+01 2.54997E-01  1.04961E-05  2.54429E-01 
2.11999E+01 2.59997E-01  1.07704E-05  2.59451E-01 
2.12999E+01 2.64997E-01  1.10493E-05  2.64446E-01 
2.13999E+01 2.69997E-01  1.13287E-05  2.69432E-01 
2.14999E+01 2.74997E-01  1.16099E-05  2.74418E-01 
2.15999E+01 2.79997E-01  1.18892E-05  2.79444E-01 
2.16999E+01 2.84997E-01  1.21704E-05  2.84455E-01 
2.17999E+01 2.89997E-01  1.24485E-05  2.89438E-01 
2.18999E+01 2.94997E-01  1.27226E-05  2.94447E-01 
2.19999E+01 2.99997E-01  1.30038E-05  2.99448E-01 
2.20999E+01 3.04997E-01  1.32722E-05  3.04461E-01 
2.21999E+01 3.09997E-01  1.35584E-05  3.09464E-01 
2.22999E+01 3.14997E-01  1.38397E-05  3.14458E-01 
2.23999E+01 3.19997E-01  1.41207E-05  3.19452E-01 
2.24999E+01 3.24997E-01  1.44054E-05  3.24460E-01 
2.25999E+01 3.29997E-01  1.46975E-05  3.29469E-01 
2.26999E+01 3.34997E-01  1.49858E-05  3.34473E-01 
2.27999E+01 3.39997E-01  1.52678E-05  3.39477E-01 
2.28999E+01 3.44997E-01  1.55403E-05  3.44456E-01 
2.29999E+01 3.49997E-01  1.58100E-05  3.49468E-01 
2.30999E+01 3.54997E-01  1.60818E-05  3.54476E-01 
2.31999E+01 3.59997E-01  1.63561E-05  3.59476E-01 
2.32999E+01 3.64997E-01  1.66335E-05  3.64463E-01 
2.33999E+01 3.69997E-01  1.69137E-05  3.69484E-01 
2.34999E+01 3.74997E-01  1.71851E-05  3.74481E-01 
2.35999E+01 3.79997E-01  1.74447E-05  3.79483E-01 
2.36999E+01 3.84997E-01  1.77057E-05  3.84490E-01 
2.37999E+01 3.89997E-01  1.79645E-05  3.89494E-01 
2.38999E+01 3.94997E-01  1.82063E-05  3.94506E-01 
2.39999E+01 3.99997E-01  1.84802E-05  3.99504E-01 
2.40999E+01 4.04997E-01  1.87632E-05  4.04506E-01 
2.41999E+01 4.09997E-01  1.90199E-05  4.09502E-01 
2.42999E+01 4.14997E-01  1.92955E-05  4.14501E-01 
2.43999E+01 4.19997E-01  1.95611E-05  4.19500E-01 
2.44999E+01 4.24997E-01  1.98581E-05  4.24492E-01 
2.45999E+01 4.29997E-01  2.01013E-05  4.29525E-01 
2.46999E+01 4.34997E-01  2.03701E-05  4.34532E-01 
2.47999E+01 4.39997E-01  2.06305E-05  4.39534E-01 
2.48999E+01 4.44997E-01  2.08990E-05  4.44558E-01 
2.49999E+01 4.49997E-01  2.11851E-05  4.49546E-01 
2.50999E+01 4.54997E-01  2.14360E-05  4.54575E-01 
2.51999E+01 4.59997E-01  2.16340E-05  4.59559E-01 
2.52999E+01 4.64997E-01  2.18813E-05  4.64564E-01 
2.53999E+01 4.69997E-01  2.21494E-05  4.69599E-01 
2.54999E+01 4.74997E-01  2.24531E-05  4.74583E-01 
2.55999E+01 4.79997E-01  2.27573E-05  4.79593E-01 
2.56999E+01 4.84997E-01  2.30258E-05  4.84582E-01 
2.57999E+01 4.89997E-01  2.32961E-05  4.89605E-01 
2.58999E+01 4.94997E-01  2.35723E-05  4.94603E-01 
2.59999E+01 4.99997E-01  2.38544E-05  4.99638E-01 
2.60999E+01 5.04997E-01  2.41670E-05  5.04609E-01 
2.61999E+01 5.09997E-01  2.45099E-05  5.09602E-01 
2.62999E+01 5.14997E-01  2.49098E-05  5.14585E-01 
2.63999E+01 5.19997E-01  2.53025E-05  5.19597E-01 
2.64999E+01 5.24997E-01  2.55566E-05  5.24600E-01 
2.65999E+01 5.29997E-01  2.57891E-05  5.29603E-01 
2.66999E+01 5.34997E-01  2.60250E-05  5.34613E-01 
2.67999E+01 5.39997E-01  2.62529E-05  5.39608E-01 
2.68999E+01 5.44997E-01  2.65770E-05  5.44608E-01 
2.69999E+01 5.49997E-01  2.67751E-05  5.49623E-01 
2.70999E+01 5.54997E-01  2.70197E-05  5.54656E-01 
2.71999E+01 5.59997E-01  2.73899E-05  5.59617E-01 
2.72999E+01 5.64997E-01  2.76300E-05  5.64626E-01 
2.73999E+01 5.69997E-01  2.78485E-05  5.69631E-01 
2.74999E+01 5.74997E-01  2.80884E-05  5.74660E-01 
2.75999E+01 5.79997E-01  2.83873E-05  5.79643E-01 
2.76999E+01 5.84997E-01  2.86800E-05  5.84635E-01 
2.77999E+01 5.89997E-01  2.89984E-05  5.89627E-01 
2.78999E+01 5.94997E-01  2.93600E-05  5.94653E-01 
2.79999E+01 5.99996E-01  2.96950E-05  5.99661E-01 
2.80999E+01 6.04996E-01  3.00523E-05  6.04645E-01 
2.81999E+01 6.09996E-01  3.04204E-05  6.09646E-01 
2.82999E+01 6.14996E-01  3.07489E-05  6.14633E-01 
2.83999E+01 6.19996E-01  3.10568E-05  6.19679E-01 
2.84999E+01 6.24996E-01  3.13810E-05  6.24640E-01 
2.85999E+01 6.29996E-01  3.17202E-05  6.29669E-01 
2.86999E+01 6.34996E-01  3.20363E-05  6.34697E-01 
2.87999E+01 6.39996E-01  3.23310E-05  6.39721E-01 
2.88999E+01 6.44996E-01  3.26766E-05  6.44700E-01 
2.89999E+01 6.49996E-01  3.30398E-05  6.49703E-01 
2.90999E+01 6.54996E-01  3.33968E-05  6.54714E-01 
2.91999E+01 6.59996E-01  3.37469E-05  6.59719E-01 
2.92999E+01 6.64996E-01  3.40795E-05  6.64710E-01 
2.93999E+01 6.69996E-01  3.44096E-05  6.69699E-01 
2.94999E+01 6.74996E-01  3.47394E-05  6.74726E-01 
2.95999E+01 6.79996E-01  3.50739E-05  6.79735E-01 
2.96999E+01 6.84996E-01  3.54321E-05  6.84692E-01 
2.97999E+01 6.89996E-01  3.57625E-05  6.89727E-01 
2.98999E+01 6.94996E-01  3.60950E-05  6.94710E-01 
2.99999E+01 6.99996E-01  3.64130E-05  6.99702E-01 
3.00999E+01 7.04996E-01  3.67607E-05  7.04714E-01 
3.01999E+01 7.09996E-01  3.70945E-05  7.09708E-01 
3.02999E+01 7.14996E-01  3.74196E-05  7.14718E-01 
3.03999E+01 7.19996E-01  3.77580E-05  7.19735E-01 
3.04999E+01 7.24996E-01  3.80893E-05  7.24741E-01 
3.05999E+01 7.29996E-01  3.84241E-05  7.29717E-01 
3.06999E+01 7.34996E-01  3.87489E-05  7.34746E-01 
3.07999E+01 7.39996E-01  3.90735E-05  7.39748E-01 
3.08999E+01 7.44996E-01  3.93978E-05  7.44744E-01 
3.09999E+01 7.49996E-01  3.97065E-05  7.49722E-01 
3.10999E+01 7.54996E-01  4.00296E-05  7.54733E-01 
3.11999E+01 7.59996E-01  4.03410E-05  7.59745E-01 
3.12999E+01 7.64996E-01  4.06529E-05  7.64755E-01 
3.13999E+01 7.69996E-01  4.09690E-05  7.69748E-01 
3.14999E+01 7.74996E-01  4.12818E-05  7.74743E-01 
3.15999E+01 7.79996E-01  4.15855E-05  7.79775E-01 
3.16999E+01 7.84996E-01  4.18791E-05  7.84775E-01 
3.17999E+01 7.89996E-01  4.21823E-05  7.89789E-01 
3.18999E+01 7.94996E-01  4.24835E-05  7.94810E-01 
3.19999E+01 7.99996E-01  4.27954E-05  7.99777E-01 
3.20999E+01 8.04996E-01  4.30837E-05  8.04754E-01 
3.21999E+01 8.09996E-01  4.33830E-05  8.09793E-01 
3.22999E+01 8.14996E-01  4.36711E-05  8.14811E-01 
3.23999E+01 8.19996E-01  4.39643E-05  8.19785E-01 
3.24999E+01 8.24996E-01  4.42568E-05  8.24798E-01 
3.25999E+01 8.29996E-01  4.45317E-05  8.29791E-01 
3.26999E+01 8.34996E-01  4.48098E-05  8.34804E-01 
3.27999E+01 8.39996E-01  4.51115E-05  8.39801E-01 
3.28999E+01 8.44996E-01  4.53860E-05  8.44783E-01 
3.29999E+01 8.49996E-01  4.56684E-05  8.49796E-01 
3.30999E+01 8.54996E-01  4.59244E-05  8.54824E-01 
3.31999E+01 8.59996E-01  4.62090E-05  8.59799E-01 
3.32999E+01 8.64996E-01  4.64935E-05  8.64813E-01 
3.33999E+01 8.69996E-01  4.67637E-05  8.69798E-01 
3.34999E+01 8.74996E-01  4.70294E-05  8.74801E-01 
3.35999E+01 8.79996E-01  4.72883E-05  8.79799E-01 
3.36999E+01 8.84996E-01  4.75505E-05  8.84804E-01 
3.37999E+01 8.89996E-01  4.78091E-05  8.89806E-01 
3.38999E+01 8.94996E-01  4.80704E-05  8.94829E-01 
3.39999E+01 8.99996E-01  4.83141E-05  8.99856E-01 
3.40999E+01 9.04996E-01  4.86044E-05  9.04849E-01 
3.41999E+01 9.09996E-01  4.88567E-05  9.09815E-01 
3.42999E+01 9.14996E-01  4.91133E-05  9.14843E-01 
3.43999E+01 9.19996E-01  4.93719E-05  9.19874E-01 
3.44999E+01 9.24996E-01  4.96223E-05  9.24852E-01 
3.45999E+01 9.29996E-01  4.98723E-05  9.29837E-01 
3.46999E+01 9.34996E-01  5.01293E-05  9.34857E-01 
3.47999E+01 9.39996E-01  5.03702E-05  9.39872E-01 
3.48999E+01 9.44996E-01  5.06233E-05  9.44860E-01 
3.49999E+01 9.49996E-01  5.08746E-05  9.49866E-01 
3.50999E+01 9.54996E-01  5.11045E-05  9.54887E-01 
3.51999E+01 9.59996E-01  5.13550E-05  9.59853E-01 
3.52999E+01 9.64996E-01  5.15986E-05  9.64873E-01 
3.53999E+01 9.69996E-01  5.18285E-05  9.69885E-01 
3.54999E+01 9.74996E-01  5.20728E-05  9.74862E-01 
3.55999E+01 9.79996E-01  5.23088E-05  9.79877E-01 
3.56999E+01 9.84996E-01  5.26227E-05  9.84907E-01 
3.57999E+01 9.89996E-01  5.28399E-05  9.89928E-01 
3.58999E+01 9.94996E-01  5.30702E-05  9.94893E-01 
3.59999E+01 9.99995E-01  5.32928E-05  9.99887E-01 
3.60999E+01 1.00500E+00  5.35341E-05  1.00491E+00 
3.61999E+01 1.01000E+00  5.37708E-05  1.00989E+00 
3.62999E+01 1.01500E+00  5.39468E-05  1.01490E+00 
3.63999E+01 1.02000E+00  5.41595E-05  1.01987E+00 
3.64999E+01 1.02500E+00  5.44451E-05  1.02489E+00 
3.65999E+01 1.03000E+00  5.46691E-05  1.02991E+00 
3.66999E+01 1.03500E+00  5.49071E-05  1.03489E+00 
3.67999E+01 1.04000E+00  5.50900E-05  1.03993E+00 
3.68999E+01 1.04500E+00  5.53532E-05  1.04491E+00 
3.69999E+01 1.05000E+00  5.55581E-05  1.04994E+00 
3.70999E+01 1.05500E+00  5.57670E-05  1.05495E+00 
3.71999E+01 1.06000E+00  5.59741E-05  1.05994E+00 
3.72999E+01 1.06500E+00  5.62116E-05  1.06491E+00 
3.73999E+01 1.07000E+00  5.64235E-05  1.06993E+00 
3.74999E+01 1.07500E+00  5.66410E-05  1.07492E+00 
3.75999E+01 1.08000E+00  5.68067E-05  1.07992E+00 
3.76999E+01 1.08500E+00  5.70956E-05  1.08493E+00 
3.77999E+01 1.09000E+00  5.73509E-05  1.08994E+00 
3.78999E+01 1.09500E+00  5.75685E-05  1.09497E+00 
3.79999E+01 1.10000E+00  5.77432E-05  1.09997E+00 
3.80999E+01 1.10500E+00  5.78925E-05  1.10497E+00 
3.81999E+01 1.11000E+00  5.80991E-05  1.10998E+00 
3.82999E+01 1.11500E+00  5.83294E-05  1.11497E+00 
3.83999E+01 1.12000E+00  5.85162E-05  1.11997E+00 
3.84999E+01 1.12500E+00  5.87341E-05  1.12499E+00 
3.85999E+01 1.13000E+00  5.89265E-05  1.12999E+00 
3.86999E+01 1.13500E+00  5.90903E-05  1.13497E+00 
3.87999E+01 1.14000E+00  5.92854E-05  1.14000E+00 
3.88999E+01 1.14500E+00  5.94850E-05  1.14499E+00 
3.89999E+01 1.15000E+00  5.96798E-05  1.15001E+00 
3.90999E+01 1.15500E+00  5.98792E-05  1.15500E+00 
3.91999E+01 1.16000E+00  6.01124E-05  1.15999E+00 
3.92999E+01 1.16500E+00  6.02863E-05  1.16501E+00 
3.93999E+01 1.17000E+00  6.05257E-05  1.17003E+00 
3.94999E+01 1.17500E+00  6.07416E-05  1.17499E+00 
3.95999E+01 1.18000E+00  6.09611E-05  1.17998E+00 
3.96999E+01 1.18500E+00  6.12209E-05  1.18500E+00 
3.97999E+01 1.19000E+00  6.14538E-05  1.19002E+00 
3.98999E+01 1.19500E+00  6.16708E-05  1.19503E+00 
3.99999E+01 1.19999E+00  6.18838E-05  1.20001E+00 
4.00999E+01 1.20499E+00  6.21157E-05  1.20502E+00 
4.01999E+01 1.20999E+00  6.23389E-05  1.21003E+00 
4.02999E+01 1.21499E+00  6.25408E-05  1.21503E+00 
4.03999E+01 1.21999E+00  6.27669E-05  1.22002E+00 
4.04999E+01 1.22499E+00  6.29880E-05  1.22501E+00 
4.05999E+01 1.22999E+00  6.32258E-05  1.23005E+00 
4.06999E+01 1.23499E+00  6.34599E-05  1.23504E+00 
4.07999E+01 1.23999E+00  6.37150E-05  1.24003E+00 
4.08999E+01 1.24499E+00  6.39750E-05  1.24503E+00 
4.09999E+01 1.24999E+00  6.42560E-05  1.25005E+00 
4.10999E+01 1.25499E+00  6.45093E-05  1.25504E+00 
4.11999E+01 1.25999E+00  6.47852E-05  1.26004E+00 
4.12999E+01 1.26499E+00  6.50554E-05  1.26503E+00 
4.13999E+01 1.26999E+00  6.53420E-05  1.27006E+00 
4.14999E+01 1.27499E+00  6.56346E-05  1.27507E+00 
4.15999E+01 1.27999E+00  6.59309E-05  1.28007E+00 
4.16999E+01 1.28499E+00  6.61846E-05  1.28508E+00 
4.17999E+01 1.28999E+00  6.65213E-05  1.29008E+00 
4.18999E+01 1.29499E+00  6.68538E-05  1.29511E+00 
4.19999E+01 1.29999E+00  6.71927E-05  1.30010E+00 
4.20999E+01 1.30499E+00  6.75428E-05  1.30511E+00 
4.21999E+01 1.30999E+00  6.79162E-05  1.31010E+00 
4.22999E+01 1.31499E+00  6.82962E-05  1.31511E+00 
4.23999E+01 1.31999E+00  6.86899E-05  1.32011E+00 
4.24999E+01 1.32499E+00  6.91085E-05  1.32509E+00 
4.25999E+01 1.32999E+00  6.95268E-05  1.33011E+00 
4.26999E+01 1.33499E+00  6.99703E-05  1.33511E+00 
4.27999E+01 1.33999E+00  7.04231E-05  1.34010E+00 
4.28999E+01 1.34499E+00  7.09022E-05  1.34508E+00 
4.29999E+01 1.34999E+00  7.14356E-05  1.35009E+00 
4.30999E+01 1.35499E+00  7.19379E-05  1.35511E+00 
4.31999E+01 1.35999E+00  7.24031E-05  1.36011E+00 
4.32999E+01 1.36499E+00  7.28980E-05  1.36509E+00 
4.33999E+01 1.36999E+00  7.34140E-05  1.37008E+00 
4.34999E+01 1.37499E+00  7.38950E-05  1.37510E+00 
4.35999E+01 1.37999E+00  7.44205E-05  1.38013E+00 
4.36999E+01 1.38499E+00  7.49403E-05  1.38514E+00 
4.37999E+01 1.38999E+00  7.54824E-05  1.39010E+00 
4.38999E+01 1.39499E+00  7.60250E-05  1.39511E+00 
4.39999E+01 1.39999E+00  7.65971E-05  1.40013E+00 
4.40999E+01 1.40499E+00  7.71481E-05  1.40512E+00 
4.41999E+01 1.40999E+00  7.77015E-05  1.41013E+00 
4.42999E+01 1.41499E+00  7.82870E-05  1.41514E+00 
4.43999E+01 1.41999E+00  7.87994E-05  1.42011E+00 
4.44999E+01 1.42499E+00  7.94473E-05  1.42514E+00 
4.45999E+01 1.42999E+00  8.00812E-05  1.43015E+00 
4.46999E+01 1.43499E+00  8.07208E-05  1.43514E+00 
4.47999E+01 1.43999E+00  8.13197E-05  1.44015E+00 
4.48999E+01 1.44499E+00  8.19347E-05  1.44516E+00 
4.49999E+01 1.44999E+00  8.25375E-05  1.45016E+00 
4.50999E+01 1.45499E+00  8.31590E-05  1.45516E+00 
4.51999E+01 1.45999E+00  8.37829E-05  1.46016E+00 
4.52999E+01 1.46499E+00  8.43533E-05  1.46517E+00 
4.53999E+01 1.46999E+00  8.49715E-05  1.47018E+00 
4.54999E+01 1.47499E+00  8.55622E-05  1.47519E+00 
4.55999E+01 1.47999E+00  8.62447E-05  1.48019E+00 
4.56999E+01 1.48499E+00  8.68735E-05  1.48517E+00 
4.57999E+01 1.48999E+00  8.75242E-05  1.49017E+00 
4.58999E+01 1.49499E+00  8.80729E-05  1.49522E+00 
4.59999E+01 1.49999E+00  8.87284E-05  1.50020E+00 
4.60999E+01 1.50499E+00  8.95274E-05  1.50520E+00 
4.61999E+01 1.50999E+00  9.01316E-05  1.51020E+00 
4.62999E+01 1.51499E+00  9.07338E-05  1.51521E+00 
4.63999E+01 1.51999E+00  9.13923E-05  1.52021E+00 
4.64999E+01 1.52499E+00  9.20105E-05  1.52520E+00 
4.65999E+01 1.52999E+00  9.26391E-05  1.53021E+00 
4.66999E+01 1.53499E+00  9.31802E-05  1.53524E+00 
4.67999E+01 1.53999E+00  9.37993E-05  1.54023E+00 
4.68999E+01 1.54499E+00  9.44311E-05  1.54519E+00 
4.69999E+01 1.54999E+00  9.50924E-05  1.55020E+00 
4.70999E+01 1.55499E+00  9.57355E-05  1.55524E+00 
4.71999E+01 1.55999E+00  9.63982E-05  1.56022E+00 
4.72999E+01 1.56499E+00  9.70758E-05  1.56522E+00 
4.73999E+01 1.56999E+00  9.77432E-05  1.57023E+00 
4.74999E+01 1.57499E+00  9.84387E-05  1.57523E+00 
4.75999E+01 1.57999E+00  9.91590E-05  1.58024E+00 
4.76999E+01 1.58499E+00  9.98448E-05  1.58524E+00 
4.77999E+01 1.58999E+00  1.00536E-04  1.59023E+00 
4.78999E+01 1.59499E+00  1.01218E-04  1.59526E+00 
4.79999E+01 1.59999E+00  1.01977E-04  1.60028E+00 
4.80999E+01 1.60499E+00  1.02760E-04  1.60529E+00 
4.81999E+01 1.60999E+00  1.03581E-04  1.61029E+00 
4.82999E+01 1.61499E+00  1.04443E-04  1.61526E+00 
4.83999E+01 1.61999E+00  1.05236E-04  1.62025E+00 
4.84999E+01 1.62499E+00  1.06062E-04  1.62526E+00 
4.85999E+01 1.62999E+00  1.06906E-04  1.63026E+00 
4.86999E+01 1.63499E+00  1.07759E-04  1.63527E+00 
4.87999E+01 1.63999E+00  1.08596E-04  1.64026E+00 
4.88999E+01 1.64499E+00  1.09460E-04  1.64526E+00 
4.89999E+01 1.64999E+00  1.10354E-04  1.65026E+00 
4.90999E+01 1.65499E+00  1.11292E-04  1.65527E+00 
4.91999E+01 1.65999E+00  1.12202E-04  1.66026E+00 
4.92999E+01 1.66499E+00  1.13134E-04  1.66527E+00 
4.93999E+01 1.66999E+00  1.14056E-04  1.67030E+00 
4.94999E+01 1.67499E+00  1.14983E-04  1.67530E+00 
4.95999E+01 1.67999E+00  1.15977E-04  1.68027E+00 
4.96999E+01 1.68499E+00  1.17045E-04  1.68529E+00 
4.97999E+01 1.68999E+00  1.18059E-04  1.69030E+00 
4.98999E+01 1.69499E+00  1.19091E-04  1.69531E+00 
4.99999E+01 1.69999E+00  1.20149E-04  1.70029E+00 
5.00999E+01 1.70499E+00  1.21250E-04  1.70529E+00 
5.01999E+01 1.70999E+00  1.22204E-04  1.71031E+00 
5.02999E+01 1.71499E+00  1.23283E-04  1.71531E+00 
5.03999E+01 1.71999E+00  1.24333E-04  1.72028E+00 
5.04999E+01 1.72499E+00  1.25447E-04  1.72529E+00 
5.05999E+01 1.72999E+00  1.26454E-04  1.73032E+00 
5.06999E+01 1.73499E+00  1.27461E-04  1.73529E+00 
5.07999E+01 1.73999E+00  1.28398E-04  1.74031E+00 
5.08999E+01 1.74499E+00  1.29578E-04  1.74532E+00 
5.09999E+01 1.74999E+00  1.30437E-04  1.75032E+00 
5.10999E+01 1.75499E+00  1.31400E-04  1.75533E+00 
5.11999E+01 1.75999E+00  1.32451E-04  1.76036E+00 
5.12999E+01 1.76499E+00  1.33734E-04  1.76537E+00 
5.13999E+01 1.76999E+00  1.34923E-04  1.77035E+00 
5.14999E+01 1.77499E+00  1.36556E-04  1.77536E+00 
5.15999E+01 1.77999E+00  1.37682E-04  1.78035E+00 
5.16999E+01 1.78499E+00  1.38583E-04  1.78537E+00 
5.17999E+01 1.78999E+00  1.39764E-04  1.79035E+00 
5.18999E+01 1.79499E+00  1.40873E-04  1.79536E+00 
5.19999E+01 1.79999E+00  1.42532E-04  1.80037E+00 
5.20999E+01 1.79499E+00  1.39757E-04  1.79536E+00 
5.21999E+01 1.78999E+00  1.37085E-04  1.79036E+00 
5.22999E+01 1.78499E+00  1.34545E-04  1.78536E+00 
5.23999E+01 1.77999E+00  1.32282E-04  1.78035E+00 
5.24999E+01 1.77499E+00  1.30168E-04  1.77535E+00 
5.25999E+01 1.76999E+00  1.28376E-04  1.77033E+00 
5.26999E+01 1.76499E+00  1.26102E-04  1.76536E+00 
5.27999E+01 1.75999E+00  1.23829E-04  1.76035E+00 
5.28999E+01 1.75499E+00  1.21220E-04  1.75533E+00 
5.29999E+01 1.74999E+00  1.19144E-04  1.75033E+00 
5.30999E+01 1.74499E+00  1.17077E-04  1.74533E+00 
5.31999E+01 1.73999E+00  1.14710E-04  1.74030E+00 
5.32999E+01 1.73499E+00  1.12814E-04  1.73533E+00 
5.33999E+01 1.72999E+00  1.10729E-04  1.73030E+00 
5.34999E+01 1.72499E+00  1.08309E-04  1.72530E+00 
5.35999E+01 1.71999E+00  1.06596E-04  1.72030E+00 
5.36999E+01 1.71499E+00  1.04722E-04  1.71528E+00 
5.37999E+01 1.70999E+00  1.02951E-04  1.71029E+00 
5.38999E+01 1.70499E+00  1.01118E-04  1.70528E+00 
5.39999E+01 1.69999E+00  9.93910E-05  1.70028E+00 
5.40999E+01 1.69499E+00  9.78569E-05  1.69529E+00 
5.41999E+01 1.68999E+00  9.63522E-05  1.69030E+00 
5.42999E+01 1.68499E+00  9.45254E-05  1.68529E+00 
5.43999E+01 1.67999E+00  9.27009E-05  1.68026E+00 
5.44999E+01 1.67499E+00  9.10815E-05  1.67528E+00 
5.45999E+01 1.66999E+00  8.94268E-05  1.67025E+00 
5.46999E+01 1.66499E+00  8.76137E-05  1.66526E+00 
5.47999E+01 1.65999E+00  8.57352E-05  1.66023E+00 
5.48999E+01 1.65499E+00  8.41276E-05  1.65526E+00 
5.49999E+01 1.64999E+00  8.25711E-05  1.65024E+00 
5.50999E+01 1.64499E+00  8.10453E-05  1.64526E+00 
5.51999E+01 1.63999E+00  7.96752E-05  1.64024E+00 
5.52999E+01 1.63499E+00  7.82331E-05  1.63522E+00 
5.53999E+01 1.62999E+00  7.67507E-05  1.63027E+00 
5.54999E+01 1.62499E+00  7.56385E-05  1.62525E+00 
5.55999E+01 1.61999E+00  7.43288E-05  1.62021E+00 
5.56999E+01 1.61499E+00  7.30790E-05  1.61524E+00 
5.57999E+01 1.60999E+00  7.17878E-05  1.61024E+00 
5.58999E+01 1.60499E+00  7.05796E-05  1.60525E+00 
5.59999E+01 1.59999E+00  6.92298E-05  1.60021E+00 
5.60999E+01 1.59499E+00  6.80146E-05  1.59521E+00 
5.61999E+01 1.58999E+00  6.67385E-05  1.59020E+00 
5.62999E+01 1.58499E+00  6.55233E-05  1.58523E+00 
5.63999E+01 1.57999E+00  6.43827E-05  1.58021E+00 
5.64999E+01 1.57499E+00  6.32645E-05  1.57520E+00 
5.65999E+01 1.56999E+00  6.21237E-05  1.57020E+00 
5.66999E+01 1.56499E+00  6.11179E-05  1.56517E+00 
5.67999E+01 1.55999E+00  6.01691E-05  1.56018E+00 
5.68999E+01 1.55499E+00  5.90034E-05  1.55517E+00 
5.69999E+01 1.54999E+00  5.78857E-05  1.55016E+00 
5.70999E+01 1.54499E+00  5.68201E-05  1.54515E+00 
5.71999E+01 1.53999E+00  5.56926E-05  1.54015E+00 
5.72999E+01 1.53499E+00  5.46706E-05  1.53518E+00 
5.73999E+01 1.52999E+00  5.37279E-05  1.53018E+00 
5.74999E+01 1.52499E+00  5.27895E-05  1.52515E+00 
5.75999E+01 1.51999E+00  5.17934E-05  1.52016E+00 
5.76999E+01 1.51499E+00  5.08529E-05  1.51518E+00 
5.77999E+01 1.50999E+00  4.99585E-05  1.51014E+00 
5.78999E+01 1.50499E+00  4.91205E-05  1.50514E+00 
5.79999E+01 1.49999E+00  4.82700E-05  1.50014E+00 
5.80999E+01 1.49499E+00  4.74331E-05  1.49518E+00 
5.81999E+01 1.48999E+00  4.66366E-05  1.49015E+00 
5.82999E+01 1.48499E+00  4.58934E-05  1.48511E+00 
5.83999E+01 1.47999E+00  4.51365E-05  1.48014E+00 
5.84999E+01 1.47499E+00  4.43641E-05  1.47516E+00 
5.85999E+01 1.46999E+00  4.36338E-05  1.47018E+00 
5.86999E+01 1.46499E+00  4.29533E-05  1.46514E+00 
5.87999E+01 1.45999E+00  4.22843E-05  1.46016E+00 
5.88999E+01 1.45499E+00  4.16097E-05  1.45518E+00 
5.89999E+01 1.44999E+00  4.09503E-05  1.45014E+00 
5.90999E+01 1.44499E+00  4.03228E-05  1.44512E+00 
5.91999E+01 1.43999E+00  3.96742E-05  1.44014E+00 
5.92999E+01 1.43499E+00  3.90010E-05  1.43514E+00 
5.93999E+01 1.42999E+00  3.83722E-05  1.43010E+00 
5.94999E+01 1.42499E+00  3.77745E-05  1.42514E+00 
5.95999E+01 1.41999E+00  3.71968E-05  1.42010E+00 
5.96999E+01 1.41499E+00  3.65815E-05  1.41511E+00 
5.97999E+01 1.40999E+00  3.59889E-05  1.41009E+00 
5.98999E+01 1.40499E+00  3.54402E-05  1.40511E+00 
5.99998E+01 1.39999E+00  3.49091E-05  1.40012E+00 
6.00998E+01 1.39499E+00  3.43815E-05  1.39509E+00 
6.01998E+01 1.38999E+00  3.38545E-05  1.39007E+00 
6.02998E+01 1.38499E+00  3.33275E-05  1.38509E+00 
6.03998E+01 1.37999E+00  3.28491E-05  1.38006E+00 
6.04998E+01 1.37499E+00  3.23525E-05  1.37505E+00 
6.05998E+01 1.36999E+00  3.18820E-05  1.37006E+00 
6.06998E+01 1.36499E+00  3.14229E-05  1.36506E+00 
6.07998E+01 1.35999E+00  3.09838E-05  1.36007E+00 
6.08998E+01 1.35499E+00  3.05189E-05  1.35507E+00 
6.09998E+01 1.34999E+00  3.00704E-05  1.35007E+00 
6.10998E+01 1.34499E+00  2.96190E-05  1.34505E+00 
6.11998E+01 1.33999E+00  2.91908E-05  1.34007E+00 
6.12998E+01 1.33499E+00  2.87875E-05  1.33506E+00 
6.13998E+01 1.32999E+00  2.83955E-05  1.33005E+00 
6.14998E+01 1.32499E+00  2.79741E-05  1.32505E+00 
6.15998E+01 1.31999E+00  2.75867E-05  1.32007E+00 
6.16998E+01 1.31499E+00  2.71560E-05  1.31506E+00 
6.17998E+01 1.30999E+00  2.67774E-05  1.31005E+00 
6.18998E+01 1.30499E+00  2.64150E-05  1.30502E+00 
6.19998E+01 1.29999E+00  2.60913E-05  1.30006E+00 
6.20998E+01 1.29499E+00  2.57274E-05  1.29506E+00 
6.21998E+01 1.28999E+00  2.53900E-05  1.29003E+00 
6.22998E+01 1.28499E+00  2.50714E-05  1.28505E+00 
6.23998E+01 1.27999E+00  2.47230E-05  1.28003E+00 
6.24998E+01 1.27499E+00  2.43926E-05  1.27503E+00 
6.25998E+01 1.26999E+00  2.40784E-05  1.27003E+00 
6.26998E+01 1.26499E+00  2.37743E-05  1.26500E+00 
6.27998E+01 1.25999E+00  2.34656E-05  1.26000E+00 
6.28998E+01 1.25499E+00  2.31652E-05  1.25501E+00 
6.29998E+01 1.24999E+00  2.28727E-05  1.24999E+00 
6.30998E+01 1.24499E+00  2.25900E-05  1.24500E+00 
6.31998E+01 1.23999E+00  2.22887E-05  1.23999E+00 
6.32998E+01 1.23499E+00  2.20054E-05  1.23497E+00 
6.33998E+01 1.22999E+00  2.17292E-05  1.22999E+00 
6.34998E+01 1.22499E+00  2.14493E-05  1.22499E+00 
6.35998E+01 1.21999E+00  2.11736E-05  1.21999E+00 
6.36998E+01 1.21499E+00  2.09044E-05  1.21500E+00 
6.37998E+01 1.20999E+00  2.06364E-05  1.21000E+00 
6.38998E+01 1.20499E+00  2.03731E-05  1.20498E+00 
6.39998E+01 1.19999E+00  2.01138E-05  1.19999E+00 
6.40998E+01 1.19500E+00  1.98598E-05  1.19498E+00 
6.41998E+01 1.19000E+00  1.96137E-05  1.19001E+00 
6.42998E+01 1.18500E+00  1.93756E-05  1.18501E+00 
6.43998E+01 1.18000E+00  1.91334E-05  1.17998E+00 
6.44998E+01 1.17500E+00  1.88820E-05  1.17502E+00 
6.45998E+01 1.17000E+00  1.86517E-05  1.16999E+00 
6.46998E+01 1.16500E+00  1.84263E-05  1.16498E+00 
6.47998E+01 1.16000E+00  1.82025E-05  1.15998E+00 
6.48998E+01 1.15500E+00  1.79653E-05  1.15497E+00 
6.49998E+01 1.15000E+00  1.77328E-05  1.15000E+00 
6.50998E+01 1.14500E+00  1.75088E-05  1.14499E+00 
6.51998E+01 1.14000E+00  1.72929E-05  1.14000E+00 
6.52998E+01 1.13500E+00  1.70775E-05  1.13497E+00 
6.53998E+01 1.13000E+00  1.68558E-05  1.13001E+00 
6.54998E+01 1.12500E+00  1.66516E-05  1.12499E+00 
6.55998E+01 1.12000E+00  1.64309E-05  1.11995E+00 
6.56998E+01 1.11500E+00  1.62220E-05  1.11493E+00 
6.57998E+01 1.11000E+00  1.60291E-05  1.10992E+00 
6.58998E+01 1.10500E+00  1.58206E-05  1.10493E+00 
6.59998E+01 1.10000E+00  1.56268E-05  1.09996E+00 
6.60998E+01 1.09500E+00  1.54492E-05  1.09495E+00 
6.61998E+01 1.09000E+00  1.52354E-05  1.08991E+00 
6.62998E+01 1.08500E+00  1.50391E-05  1.08491E+00 
6.63998E+01 1.08000E+00  1.48653E-05  1.07990E+00 
6.64998E+01 1.07500E+00  1.46720E-05  1.07494E+00 
6.65998E+01 1.07000E+00  1.45128E-05  1.06991E+00 
6.66998E+01 1.06500E+00  1.43315E-05  1.06492E+00 
6.67998E+01 1.06000E+00  1.40535E-05  1.05990E+00 
6.68998E+01 1.05500E+00  1.38887E-05  1.05492E+00 
6.69998E+01 1.05000E+00  1.36994E-05  1.04990E+00 
6.70998E+01 1.04500E+00  1.35893E-05  1.04490E+00 
6.71998E+01 1.04000E+00  1.33736E-05  1.03985E+00 
6.72998E+01 1.03500E+00  1.31759E-05  1.03488E+00 
6.73998E+01 1.03000E+00  1.29646E-05  1.02989E+00 
6.74998E+01 1.02500E+00  1.28177E-05  1.02488E+00 
6.75998E+01 1.02000E+00  1.26871E-05  1.01989E+00 
6.76998E+01 1.01500E+00  1.26482E-05  1.01489E+00 
6.77998E+01 1.01000E+00  1.25010E-05  1.00990E+00 
6.78998E+01 1.00500E+00  1.23037E-05  1.00488E+00 
6.79998E+01 9.99995E-01  1.19856E-05  9.99881E-01 
6.80998E+01 9.94996E-01  1.17463E-05  9.94894E-01 
6.81998E+01 9.89996E-01  1.14962E-05  9.89877E-01 
6.82998E+01 9.84996E-01  1.13341E-05  9.84846E-01 
6.83998E+01 9.79996E-01  1.13164E-05  9.79836E-01 
6.84998E+01 9.74996E-01  1.10391E-05  9.74849E-01 
6.85998E+01 9.69996E-01  1.07850E-05  9.69909E-01 
6.86998E+01 9.64996E-01  1.07006E-05  9.64890E-01 
6.87998E+01 9.59996E-01  1.04336E-05  9.59851E-01 
6.88998E+01 9.54996E-01  1.03605E-05  9.54880E-01 
6.89998E+01 9.49996E-01  1.01074E-05  9.49864E-01 
6.90998E+01 9.44996E-01  9.80956E-06  9.44859E-01 
6.91998E+01 9.39996E-01  9.63825E-06  9.39888E-01 
6.92998E+01 9.34996E-01  9.42596E-06  9.34835E-01 
6.93998E+01 9.29996E-01  9.24333E-06  9.29818E-01 
6.94998E+01 9.24996E-01  9.12603E-06  9.24862E-01 
6.95998E+01 9.19996E-01  8.99379E-06  9.19850E-01 
6.96998E+01 9.14996E-01  8.87626E-06  9.14816E-01 
6.97998E+01 9.09996E-01  8.74102E-06  9.09826E-01 
6.98998E+01 9.04996E-01  8.61318E-06  9.04853E-01 
6.99998E+01 8.99996E-01  8.50156E-06  8.99848E-01 
7.00998E+01 8.94996E-01  8.33537E-06  8.94845E-01 
7.01998E+01 8.89996E-01  8.16916E-06  8.89823E-01 
7.02998E+01 8.84996E-01  7.99158E-06  8.84801E-01 
7.03998E+01 8.79996E-01  7.83419E-06  8.79808E-01 
7.04998E+01 8.74996E-01  7.64964E-06  8.74854E-01 
7.05998E+01 8.69996E-01  7.48838E-06  8.69812E-01 
7.06998E+01 8.64996E-01  7.34086E-06  8.64820E-01 
7.07998E+01 8.59996E-01  7.19202E-06  8.59806E-01 
7.08998E+01 8.54996E-01  7.04326E-06  8.54819E-01 
7.09998E+01 8.49996E-01  6.87228E-06  8.49807E-01 
7.10998E+01 8.44996E-01  6.71142E-06  8.44824E-01 
7.11998E+01 8.39996E-01  6.55063E-06  8.39800E-01 
7.12998E+01 8.34996E-01  6.38834E-06  8.34818E-01 
7.13998E+01 8.29996E-01  6.23326E-06  8.29802E-01 
7.14998E+01 8.24996E-01  6.07439E-06  8.24814E-01 
7.15998E+01 8.19996E-01  5.90286E-06  8.19825E-01 
7.16998E+01 8.14996E-01  5.72950E-06  8.14813E-01 
7.17998E+01 8.09996E-01  5.56104E-06  8.09798E-01 
7.18998E+01 8.04996E-01  5.38724E-06  8.04777E-01 
7.19998E+01 7.99996E-01  5.21568E-06  7.99784E-01 
7.20998E+01 7.94996E-01  5.04009E-06  7.94794E-01 
7.21998E+01 7.89996E-01  4.86804E-06  7.89766E-01 
7.22998E+01 7.84996E-01  4.71177E-06  7.84780E-01 
7.23998E+01 7.79996E-01  4.55514E-06  7.79721E-01 
7.24998E+01 7.74996E-01  4.38186E-06  7.74737E-01 
7.25998E+01 7.69996E-01  4.22832E-06  7.69711E-01 
7.26998E+01 7.64996E-01  4.05488E-06  7.64736E-01 
7.27998E+01 7.59996E-01  3.88917E-06  7.59734E-01 
7.28998E+01 7.54996E-01  3.72784E-06  7.54728E-01 
7.29998E+01 7.49996E-01  3.55270E-06  7.49718E-01 
7.30998E+01 7.44996E-01  3.38926E-06  7.44756E-01 
7.31998E+01 7.39996E-01  3.22192E-06  7.39748E-01 
7.32998E+01 7.34996E-01  3.03998E-06  7.34722E-01 
7.33998E+01 7.29996E-01  2.84348E-06  7.29704E-01 
7.34998E+01 7.24996E-01  2.68212E-06  7.24691E-01 
7.35998E+01 7.19996E-01  2.51907E-06  7.19710E-01 
7.36998E+01 7.14996E-01  2.42155E-06  7.14706E-01 
7.37998E+01 7.09996E-01  2.20284E-06  7.09701E-01 
7.38998E+01 7.04996E-01  1.96067E-06  7.04744E-01 
7.39998E+01 6.99996E-01  1.76300E-06  6.99705E-01 
7.40998E+01 6.94996E-01  1.56963E-06  6.94691E-01 
7.41998E+01 6.89996E-01  1.39591E-06  6.89688E-01 
7.42998E+01 6.84996E-01  1.31069E-06  6.84716E-01 
7.43998E+01 6.79996E-01  1.14138E-06  6.79708E-01 
7.44998E+01 6.74996E-01  9.20783E-07  6.74685E-01 
7.45998E+01 6.69996E-01  7.59738E-07  6.69669E-01 
7.46998E+01 6.64996E-01  5.70316E-07  6.64688E-01 
7.47998E+01 6.59996E-01  4.57270E-07  6.59719E-01 
7.48998E+01 6.54996E-01  2.80710E-07  6.54698E-01 
7.49998E+01 6.49996E-01  1.80518E-08  6.49702E-01 
7.50998E+01 6.44996E-01  -1.82240E-07 6.44701E-01 
7.51998E+01 6.39996E-01  -3.07228E-07 6.39695E-01 
7.52998E+01 6.34996E-01  -5.58706E-07 6.34696E-01 
7.53998E+01 6.29996E-01  -7.06698E-07 6.29687E-01 
7.54998E+01 6.24996E-01  -9.01199E-07 6.24645E-01 
7.55998E+01 6.19996E-01  -1.05230E-06 6.19656E-01 
7.56998E+01 6.14996E-01  -1.16087E-06 6.14666E-01 
7.57998E+01 6.09996E-01  -1.33364E-06 6.09701E-01 
7.58998E+01 6.04996E-01  -1.60152E-06 6.04630E-01 
7.59998E+01 5.99996E-01  -1.92139E-06 5.99663E-01 
7.60998E+01 5.94997E-01  -2.12848E-06 5.94663E-01 
7.61998E+01 5.89997E-01  -2.40857E-06 5.89664E-01 
7.62998E+01 5.84997E-01  -2.47012E-06 5.84652E-01 
7.63998E+01 5.79997E-01  -2.72025E-06 5.79651E-01 
7.64998E+01 5.74997E-01  -3.00314E-06 5.74674E-01 
7.65998E+01 5.69997E-01  -3.37721E-06 5.69648E-01 
7.66998E+01 5.64997E-01  -3.59550E-06 5.64646E-01 
7.67998E+01 5.59997E-01  -3.86326E-06 5.59664E-01 
7.68998E+01 5.54997E-01  -4.08699E-06 5.54654E-01 
7.69998E+01 5.49997E-01  -4.28760E-06 5.49647E-01 
7.70998E+01 5.44997E-01  -4.55950E-06 5.44620E-01 
7.71998E+01 5.39997E-01  -4.90341E-06 5.39637E-01 
7.72998E+01 5.34997E-01  -5.21426E-06 5.34634E-01 
7.73998E+01 5.29997E-01  -5.49905E-06 5.29626E-01 
7.74998E+01 5.24997E-01  -5.81983E-06 5.24609E-01 
7.75998E+01 5.19997E-01  -6.12696E-06 5.19619E-01 
7.76998E+01 5.14997E-01  -6.15762E-06 5.14631E-01 
7.77998E+01 5.09997E-01  -6.47711E-06 5.09642E-01 
7.78998E+01 5.04997E-01  -6.84336E-06 5.04634E-01 
7.79998E+01 4.99997E-01  -7.26793E-06 4.99612E-01 
7.80998E+01 4.94997E-01  -7.69465E-06 4.94618E-01 
7.81998E+01 4.89997E-01  -8.05939E-06 4.89615E-01 
7.82998E+01 4.84997E-01  -8.54658E-06 4.84614E-01 
7.83998E+01 4.79997E-01  -8.83842E-06 4.79599E-01 
7.84998E+01 4.74997E-01  -9.12330E-06 4.74575E-01 
7.85998E+01 4.69997E-01  -9.60106E-06 4.69604E-01 
7.86998E+01 4.64997E-01  -1.00470E-05 4.64594E-01 
7.87998E+01 4.59997E-01  -1.03947E-05 4.59580E-01 
7.88998E+01 4.54997E-01  -1.07904E-05 4.54580E-01 
7.89998E+01 4.49997E-01  -1.11420E-05 4.49569E-01 
7.90998E+01 4.44997E-01  -1.14893E-05 4.44542E-01 
7.91998E+01 4.39997E-01  -1.17928E-05 4.39526E-01 
7.92998E+01 4.34997E-01  -1.21361E-05 4.34569E-01 
7.93998E+01 4.29997E-01  -1.25639E-05 4.29538E-01 
7.94998E+01 4.24997E-01  -1.29570E-05 4.24553E-01 
7.95998E+01 4.19997E-01  -1.33522E-05 4.19563E-01 
7.96998E+01 4.14997E-01  -1.37387E-05 4.14549E-01 
7.97998E+01 4.09997E-01  -1.41003E-05 4.09565E-01 
7.98998E+01 4.04997E-01  -1.45016E-05 4.04527E-01 
7.99998E+01 3.99997E-01  -1.49066E-05 3.99545E-01 
8.00998E+01 3.94997E-01  -1.53198E-05 3.94539E-01 
8.01998E+01 3.89997E-01  -1.57369E-05 3.89543E-01 
8.02998E+01 3.84997E-01  -1.61529E-05 3.84537E-01 
8.03998E+01 3.79997E-01  -1.65854E-05 3.79535E-01 
8.04998E+01 3.74997E-01  -1.69984E-05 3.74524E-01 
8.05998E+01 3.69997E-01  -1.74221E-05 3.69516E-01 
8.06998E+01 3.64997E-01  -1.78561E-05 3.64538E-01 
8.07998E+01 3.59997E-01  -1.82972E-05 3.59539E-01 
8.08998E+01 3.54997E-01  -1.87395E-05 3.54543E-01 
8.09998E+01 3.49997E-01  -1.92013E-05 3.49528E-01 
8.10998E+01 3.44997E-01  -1.96493E-05 3.44517E-01 
8.11998E+01 3.39997E-01  -2.01050E-05 3.39520E-01 
8.12998E+01 3.34997E-01  -2.05662E-05 3.34535E-01 
8.13998E+01 3.29997E-01  -2.10409E-05 3.29541E-01 
8.14998E+01 3.24997E-01  -2.14796E-05 3.24516E-01 
8.15998E+01 3.19997E-01  -2.19654E-05 3.19517E-01 
8.16998E+01 3.14997E-01  -2.24470E-05 3.14497E-01 
8.17998E+01 3.09997E-01  -2.29355E-05 3.09506E-01 
8.18998E+01 3.04997E-01  -2.34209E-05 3.04493E-01 
8.19998E+01 2.99997E-01  -2.39101E-05 2.99479E-01 
8.20998E+01 2.94997E-01  -2.44079E-05 2.94483E-01 
8.21998E+01 2.89997E-01  -2.49058E-05 2.89476E-01 
8.22998E+01 2.84997E-01  -2.53992E-05 2.84476E-01 
8.23998E+01 2.79997E-01  -2.59270E-05 2.79485E-01 
8.24998E+01 2.74997E-01  -2.64630E-05 2.74461E-01 
8.25998E+01 2.69997E-01  -2.69663E-05 2.69476E-01 
8.26998E+01 2.64997E-01  -2.74695E-05 2.64479E-01 
8.27998E+01 2.59997E-01  -2.79741E-05 2.59448E-01 
8.28998E+01 2.54997E-01  -2.84935E-05 2.54466E-01 
8.29998E+01 2.49997E-01  -2.89737E-05 2.49459E-01 
8.30998E+01 2.44997E-01  -2.94978E-05 2.44438E-01 
8.31998E+01 2.39997E-01  -3.00216E-05 2.39453E-01 
8.32998E+01 2.34997E-01  -3.05590E-05 2.34449E-01 
8.33998E+01 2.29997E-01  -3.10812E-05 2.29433E-01 
8.34998E+01 2.24997E-01  -3.15940E-05 2.24446E-01 
8.35998E+01 2.19997E-01  -3.21270E-05 2.19452E-01 
8.36998E+01 2.14997E-01  -3.26267E-05 2.14429E-01 
8.37998E+01 2.09997E-01  -3.31535E-05 2.09406E-01 
8.38998E+01 2.04997E-01  -3.36656E-05 2.04428E-01 
8.39998E+01 1.99997E-01  -3.41803E-05 1.99433E-01 
8.40998E+01 1.94998E-01  -3.46880E-05 1.94428E-01 
8.41998E+01 1.89998E-01  -3.51789E-05 1.89415E-01 
8.42998E+01 1.84998E-01  -3.56877E-05 1.84427E-01 
8.43998E+01 1.79998E-01  -3.61946E-05 1.79438E-01 
8.44998E+01 1.74998E-01  -3.66945E-05 1.74407E-01 
8.45998E+01 1.69998E-01  -3.71882E-05 1.69419E-01 
8.46998E+01 1.64998E-01  -3.76817E-05 1.64423E-01 
8.47998E+01 1.59998E-01  -3.81870E-05 1.59431E-01 
8.48998E+01 1.54998E-01  -3.86835E-05 1.54402E-01 
8.49998E+01 1.49998E-01  -3.91810E-05 1.49374E-01 
8.50998E+01 1.44998E-01  -3.96732E-05 1.44417E-01 
8.51998E+01 1.39998E-01  -4.01662E-05 1.39411E-01 
8.52998E+01 1.34998E-01  -4.06509E-05 1.34375E-01 
8.53998E+01 1.29998E-01  -4.11382E-05 1.29377E-01 
8.54998E+01 1.24998E-01  -4.16111E-05 1.24400E-01 
8.55998E+01 1.19998E-01  -4.20691E-05 1.19379E-01 
8.56998E+01 1.14998E-01  -4.25696E-05 1.14372E-01 
8.57998E+01 1.09998E-01  -4.30794E-05 1.09363E-01 
8.58998E+01 1.04998E-01  -4.35799E-05 1.04379E-01 
8.59998E+01 9.99977E-02  -4.40861E-05 9.93714E-02 
8.60998E+01 9.49978E-02  -4.45960E-05 9.43480E-02 
8.61998E+01 8.99978E-02  -4.51039E-05 8.93484E-02 
8.62998E+01 8.49978E-02  -4.56161E-05 8.43612E-02 
8.63998E+01 7.99978E-02  -4.61341E-05 7.93653E-02 
8.64998E+01 7.49978E-02  -4.66676E-05 7.43587E-02 
8.65998E+01 6.99978E-02  -4.72017E-05 6.93397E-02 
8.66998E+01 6.49978E-02  -4.77313E-05 6.43500E-02 
8.67998E+01 5.99978E-02  -4.82780E-05 5.93666E-02 
8.68998E+01 5.49979E-02  -4.88271E-05 5.43494E-02 
8.69998E+01 4.99979E-02  -4.93749E-05 4.93391E-02 
8.70998E+01 4.49979E-02  -4.99391E-05 4.43688E-02 
8.71998E+01 3.99979E-02  -5.05092E-05 3.93816E-02 
8.72998E+01 3.49979E-02  -5.11399E-05 3.43676E-02 
8.73998E+01 2.99979E-02  -5.17679E-05 2.93529E-02 
8.74998E+01 2.49979E-02  -5.23923E-05 2.43495E-02 
8.75998E+01 1.99979E-02  -5.30402E-05 1.93661E-02 
8.76998E+01 1.49980E-02  -5.37054E-05 1.43527E-02 
8.77998E+01 9.99797E-03  -5.43711E-05 9.32551E-03 
8.78998E+01 4.99799E-03  -5.50567E-05 4.31212E-03 
8.79998E+01 -2.00000E-06 -5.57633E-05 -6.60097E-04
8.80998E+01 -5.00199E-03 -5.64937E-05 -5.65414E-03
8.81998E+01 -1.00020E-02 -5.72228E-05 -1.06550E-02
8.82998E+01 -1.50020E-02 -5.79988E-05 -1.56966E-02
8.83998E+01 -2.00020E-02 -5.87891E-05 -2.06869E-02
8.84998E+01 -2.50019E-02 -5.95933E-05 -2.56678E-02
8.85998E+01 -3.00019E-02 -6.04338E-05 -3.06750E-02
8.86998E+01 -3.50019E-02 -6.12935E-05 -3.56784E-02
8.87998E+01 -4.00019E-02 -6.21960E-05 -4.07136E-02
8.88998E+01 -4.50019E-02 -6.31245E-05 -4.56908E-02
8.89998E+01 -5.00019E-02 -6.40908E-05 -5.07049E-02
8.90998E+01 -5.50019E-02 -6.50859E-05 -5.57332E-02
8.91998E+01 -6.00019E-02 -6.61168E-05 -6.07180E-02
8.92998E+01 -6.50018E-02 -6.71796E-05 -6.57332E-02
8.93998E+01 -7.00018E-02 -6.82841E-05 -7.07141E-02
8.94998E+01 -7.50018E-02 -6.94229E-05 -7.57226E-02
8.95998E+01 -8.00018E-02 -7.05927E-05 -8.07422E-02
8.96998E+01 -8.50018E-02 -7.17927E-05 -8.57188E-02
8.97998E+01 -9.00018E-02 -7.29996E-05 -9.07247E-02
8.98998E+01 -9.50018E-02 -7.42924E-05 -9.57113E-02
8.99998E+01 -1.00002E-01 -7.55946E-05 -1.00763E-01
9.00998E+01 -1.05002E-01 -7.69316E-05 -1.05754E-01
9.01998E+01 -1.10002E-01 -7.82964E-05 -1.10733E-01
9.02998E+01 -1.15002E-01 -7.96674E-05 -1.15739E-01
9.03998E+01 -1.20002E-01 -8.10923E-05 -1.20769E-01
9.04998E+01 -1.25002E-01 -8.25128E-05 -1.25757E-01
9.05998E+01 -1.30002E-01 -8.39618E-05 -1.30753E-01
9.06998E+01 -1.35002E-01 -8.54198E-05 -1.35764E-01
9.07998E+01 -1.40002E-01 -8.68935E-05 -1.40764E-01
9.08998E+01 -1.45002E-01 -8.83681E-05 -1.45769E-01
9.09998E+01 -1.50002E-01 -8.98713E-05 -1.50744E-01
9.10998E+01 -1.55002E-01 -9.13623E-05 -1.55744E-01
9.11998E+01 -1.60002E-01 -9.28609E-05 -1.60762E-01
9.12998E+01 -1.65002E-01 -9.43591E-05 -1.65782E-01
9.13998E+01 -1.70002E-01 -9.58420E-05 -1.70759E-01
9.14998E+01 -1.75002E-01 -9.73259E-05 -1.75771E-01
9.15998E+01 -1.80002E-01 -9.87799E-05 -1.80769E-01
9.16998E+01 -1.85002E-01 -1.00260E-04 -1.85783E-01
9.17998E+01 -1.90002E-01 -1.01721E-04 -1.90785E-01
9.18998E+01 -1.95002E-01 -1.03180E-04 -1.95776E-01
9.19998E+01 -2.00002E-01 -1.04604E-04 -2.00784E-01
9.20998E+01 -2.05001E-01 -1.06075E-04 -2.05778E-01
9.21998E+01 -2.10001E-01 -1.07476E-04 -2.10774E-01
9.22998E+01 -2.15001E-01 -1.08937E-04 -2.15791E-01
9.23998E+01 -2.20001E-01 -1.10347E-04 -2.20800E-01
9.24998E+01 -2.25001E-01 -1.11710E-04 -2.25801E-01
9.25998E+01 -2.30001E-01 -1.13035E-04 -2.30768E-01
9.26998E+01 -2.35001E-01 -1.14386E-04 -2.35780E-01
9.27998E+01 -2.40001E-01 -1.15733E-04 -2.40784E-01
9.28998E+01 -2.45001E-01 -1.17053E-04 -2.45797E-01
9.29998E+01 -2.50001E-01 -1.18428E-04 -2.50784E-01
9.30998E+01 -2.55001E-01 -1.19721E-04 -2.55806E-01
9.31998E+01 -2.60001E-01 -1.20989E-04 -2.60803E-01
9.32998E+01 -2.65001E-01 -1.22304E-04 -2.65799E-01
9.33998E+01 -2.70001E-01 -1.23615E-04 -2.70784E-01
9.34998E+01 -2.75001E-01 -1.25088E-04 -2.75810E-01
9.35998E+01 -2.80001E-01 -1.25901E-04 -2.80811E-01
9.36998E+01 -2.85001E-01 -1.27399E-04 -2.85825E-01
9.37998E+01 -2.90001E-01 -1.28026E-04 -2.90816E-01
9.38998E+01 -2.95001E-01 -1.28975E-04 -2.95792E-01
9.39998E+01 -3.00001E-01 -1.29725E-04 -3.00814E-01
9.40998E+01 -3.05001E-01 -1.30389E-04 -3.05804E-01
9.41998E+01 -3.10001E-01 -1.30987E-04 -3.10811E-01
9.42998E+01 -3.15001E-01 -1.31324E-04 -3.15808E-01
9.43998E+01 -3.20001E-01 -1.31233E-04 -3.20823E-01
9.44998E+01 -3.25001E-01 -1.30858E-04 -3.25854E-01
9.45998E+01 -3.30001E-01 -1.29738E-04 -3.30844E-01
9.46998E+01 -3.35001E-01 -1.28375E-04 -3.35875E-01
9.47998E+01 -3.40001E-01 -1.26497E-04 -3.40867E-01
9.48998E+01 -3.45001E-01 -1.23560E-04 -3.45849E-01
9.49998E+01 -3.50001E-01 -1.19756E-04 -3.50877E-01
9.50998E+01 -3.55001E-01 -1.14709E-04 -3.55887E-01
9.51998E+01 -3.60001E-01 -1.08404E-04 -3.60871E-01
9.52998E+01 -3.65001E-01 -1.01188E-04 -3.65874E-01
9.53998E+01 -3.70001E-01 -9.38239E-05 -3.70870E-01
9.54998E+01 -3.75001E-01 -8.66821E-05 -3.75888E-01
9.55998E+01 -3.80001E-01 -8.06189E-05 -3.80886E-01
9.56998E+01 -3.85001E-01 -7.51116E-05 -3.85886E-01
9.57998E+01 -3.90001E-01 -7.06525E-05 -3.90893E-01
9.58998E+01 -3.95001E-01 -6.69013E-05 -3.95900E-01
9.59998E+01 -4.00001E-01 -6.36250E-05 -4.00897E-01
9.60998E+01 -4.05001E-01 -6.06816E-05 -4.05884E-01
9.61998E+01 -4.10001E-01 -5.81590E-05 -4.10879E-01
9.62998E+01 -4.15001E-01 -5.58462E-05 -4.15923E-01
9.63998E+01 -4.20001E-01 -5.39655E-05 -4.20888E-01
9.64998E+01 -4.25001E-01 -5.23531E-05 -4.25903E-01
9.65998E+01 -4.30001E-01 -5.07600E-05 -4.30909E-01
9.66998E+01 -4.35001E-01 -4.94003E-05 -4.35907E-01
9.67998E+01 -4.40001E-01 -4.80963E-05 -4.40904E-01
9.68998E+01 -4.45001E-01 -4.69722E-05 -4.45907E-01
9.69998E+01 -4.50001E-01 -4.59551E-05 -4.50918E-01
9.70998E+01 -4.55001E-01 -4.50431E-05 -4.55924E-01
9.71998E+01 -4.60001E-01 -4.42176E-05 -4.60918E-01
9.72998E+01 -4.65001E-01 -4.34539E-05 -4.65907E-01
9.73998E+01 -4.70001E-01 -4.27701E-05 -4.70903E-01
9.74998E+01 -4.75001E-01 -4.21143E-05 -4.75915E-01
9.75998E+01 -4.80001E-01 -4.15211E-05 -4.80928E-01
9.76998E+01 -4.85001E-01 -4.09678E-05 -4.85936E-01
9.77998E+01 -4.90001E-01 -4.04794E-05 -4.90957E-01
9.78998E+01 -4.95001E-01 -4.00212E-05 -4.95953E-01
9.79998E+01 -5.00001E-01 -3.96075E-05 -5.00943E-01
9.80998E+01 -5.05001E-01 -3.92299E-05 -5.05981E-01
9.81998E+01 -5.10001E-01 -3.88809E-05 -5.10982E-01
9.82998E+01 -5.15001E-01 -3.85573E-05 -5.15998E-01
9.83998E+01 -5.20001E-01 -3.82720E-05 -5.20982E-01
9.84998E+01 -5.25001E-01 -3.80025E-05 -5.25997E-01
9.85998E+01 -5.30001E-01 -3.77564E-05 -5.30977E-01
9.86998E+01 -5.35001E-01 -3.75389E-05 -5.35955E-01
9.87998E+01 -5.40001E-01 -3.73585E-05 -5.40977E-01
9.88998E+01 -5.45001E-01 -3.71959E-05 -5.45968E-01
9.89998E+01 -5.50001E-01 -3.70415E-05 -5.50972E-01
9.90998E+01 -5.55001E-01 -3.69061E-05 -5.55978E-01
9.91998E+01 -5.60001E-01 -3.67991E-05 -5.60965E-01
9.92998E+01 -5.65001E-01 -3.67013E-05 -5.65981E-01
9.93998E+01 -5.70001E-01 -3.66292E-05 -5.70985E-01
9.94998E+01 -5.75001E-01 -3.65533E-05 -5.75996E-01
9.95998E+01 -5.80001E-01 -3.64906E-05 -5.80967E-01
9.96998E+01 -5.85001E-01 -3.64449E-05 -5.86001E-01
9.97998E+01 -5.90001E-01 -3.64052E-05 -5.90983E-01
9.98998E+01 -5.95001E-01 -3.63738E-05 -5.96011E-01
9.99997E+01 -6.00001E-01 -3.63634E-05 -6.01003E-01
1.00100E+02 -6.05000E-01 -3.63118E-05 -6.06002E-01
1.00200E+02 -6.10000E-01 -3.62933E-05 -6.10995E-01
1.00300E+02 -6.15000E-01 -3.63133E-05 -6.16027E-01
1.00400E+02 -6.20000E-01 -3.63425E-05 -6.21035E-01
1.00500E+02 -6.25000E-01 -3.63518E-05 -6.26032E-01
1.00600E+02 -6.30000E-01 -3.62899E-05 -6.31041E-01
1.00700E+02 -6.35000E-01 -3.62881E-05 -6.36052E-01
1.00800E+02 -6.40000E-01 -3.63388E-05 -6.41028E-01
1.00900E+02 -6.45000E-01 -3.63850E-05 -6.46032E-01
1.01000E+02 -6.50000E-01 -3.63396E-05 -6.51041E-01
1.01100E+02 -6.55000E-01 -3.64151E-05 -6.56047E-01
1.01200E+02 -6.60000E-01 -3.62996E-05 -6.61056E-01
1.01300E+02 -6.65000E-01 -3.63731E-05 -6.66062E-01
1.01400E+02 -6.70000E-01 -3.64552E-05 -6.71087E-01
1.01500E+02 -6.75000E-01 -3.64682E-05 -6.76075E-01
1.01600E+02 -6.80000E-01 -3.64583E-05 -6.81058E-01
1.01700E+02 -6.85000E-01 -3.64080E-05 -6.86077E-01
1.01800E+02 -6.90000E-01 -3.64121E-05 -6.91074E-01
1.01900E+02 -6.95000E-01 -3.64513E-05 -6.96081E-01
1.02000E+02 -7.00000E-01 -3.64688E-05 -7.01102E-01
1.02100E+02 -7.05000E-01 -3.64234E-05 -7.06080E-01
1.02200E+02 -7.10000E-01 -3.64503E-05 -7.11062E-01
1.02300E+02 -7.15000E-01 -3.64326E-05 -7.16100E-01
1.02400E+02 -7.20000E-01 -3.64340E-05 -7.21090E-01
1.02500E+02 -7.25000E-01 -3.64628E-05 -7.26072E-01
1.02600E+02 -7.30000E-01 -3.64756E-05 -7.31077E-01
1.02700E+02 -7.35000E-01 -3.64593E-05 -7.36096E-01
1.02800E+02 -7.40000E-01 -3.64266E-05 -7.41100E-01
1.02900E+02 -7.45000E-01 -3.64151E-05 -7.46079E-01
1.03000E+02 -7.50000E-01 -3.64350E-05 -7.51060E-01
1.03100E+02 -7.55000E-01 -3.64612E-05 -7.56076E-01
1.03200E+02 -7.60000E-01 -3.64602E-05 -7.61087E-01
1.03300E+02 -7.65000E-01 -3.64702E-05 -7.66097E-01
1.03400E+02 -7.70000E-01 -3.65250E-05 -7.71094E-01
1.03500E+02 -7.75000E-01 -3.65470E-05 -7.76124E-01
1.03600E+02 -7.80000E-01 -3.65881E-05 -7.81111E-01
1.03700E+02 -7.85000E-01 -3.66162E-05 -7.86109E-01
1.03800E+02 -7.90000E-01 -3.66519E-05 -7.91098E-01
1.03900E+02 -7.95000E-01 -3.67094E-05 -7.96116E-01
