time/s      E/V        I/A
0.00000E+00 -8.00000E-01 -1.36214E-04 -8.01086E-01
9.99997E-02 -7.95000E-01 -9.60014E-05 -7.96094E-01
1.99999E-01 -7.90000E-01 -8.03086E-05 -7.91071E-01
2.99999E-01 -7.85000E-01 -6.98220E-05 -7.86098E-01
3.99999E-01 -7.80000E-01 -6.71259E-05 -7.81100E-01
4.99999E-01 -7.75000E-01 -6.16687E-05 -7.76086E-01
5.99998E-01 -7.70000E-01 -5.73850E-05 -7.71085E-01
6.99998E-01 -7.65000E-01 -5.37550E-05 -7.66094E-01
7.99998E-01 -7.60000E-01 -5.06758E-05 -7.61096E-01
8.99998E-01 -7.55000E-01 -4.80425E-05 -7.56072E-01
9.99997E-01 -7.50000E-01 -4.57345E-05 -7.51073E-01
1.10000E+00 -7.45000E-01 -4.36614E-05 -7.46072E-01
1.20000E+00 -7.40000E-01 -4.17962E-05 -7.41098E-01
1.30000E+00 -7.35000E-01 -4.00939E-05 -7.36073E-01
1.40000E+00 -7.30000E-01 -3.85357E-05 -7.31052E-01
1.50000E+00 -7.25000E-01 -3.71355E-05 -7.26064E-01
1.60000E+00 -7.20000E-01 -3.62971E-05 -7.21077E-01
1.70000E+00 -7.15000E-01 -3.51105E-05 -7.16068E-01
1.80000E+00 -7.10000E-01 -3.40174E-05 -7.11037E-01
1.90000E+00 -7.05000E-01 -3.29708E-05 -7.06051E-01
1.99999E+00 -7.00000E-01 -3.19888E-05 -7.01074E-01
2.09999E+00 -6.95000E-01 -3.10698E-05 -6.96041E-01
2.19999E+00 -6.90000E-01 -3.01948E-05 -6.91032E-01
2.29999E+00 -6.85000E-01 -2.93646E-05 -6.86068E-01
2.39999E+00 -6.80000E-01 -2.85934E-05 -6.81054E-01
2.49999E+00 -6.75000E-01 -2.78655E-05 -6.76064E-01
2.59999E+00 -6.70000E-01 -2.71689E-05 -6.71040E-01
2.69999E+00 -6.65000E-01 -2.64878E-05 -6.66026E-01
2.79999E+00 -6.60000E-01 -2.58327E-05 -6.61057E-01
2.89999E+00 -6.55000E-01 -2.52133E-05 -6.56034E-01
2.99999E+00 -6.50000E-01 -2.46322E-05 -6.51021E-01
3.09999E+00 -6.45000E-01 -2.40700E-05 -6.46001E-01
3.19999E+00 -6.40000E-01 -2.35433E-05 -6.41001E-01
3.29999E+00 -6.35000E-01 -2.30599E-05 -6.36025E-01
3.39999E+00 -6.30000E-01 -2.25871E-05 -6.30995E-01
3.49999E+00 -6.25000E-01 -2.21193E-05 -6.26005E-01
3.59999E+00 -6.20000E-01 -2.16717E-05 -6.21013E-01
3.69999E+00 -6.15000E-01 -2.12466E-05 -6.16022E-01
3.79999E+00 -6.10000E-01 -2.08295E-05 -6.11006E-01
3.89999E+00 -6.05000E-01 -2.03952E-05 -6.06012E-01
3.99999E+00 -6.00001E-01 -1.99369E-05 -6.01022E-01
4.09999E+00 -5.95001E-01 -1.95262E-05 -5.96012E-01
4.19999E+00 -5.90001E-01 -1.90848E-05 -5.91006E-01
4.29999E+00 -5.85001E-01 -1.87172E-05 -5.85996E-01
4.39999E+00 -5.80001E-01 -1.83556E-05 -5.81002E-01
4.49999E+00 -5.75001E-01 -1.80114E-05 -5.75973E-01
4.59999E+00 -5.70001E-01 -1.77016E-05 -5.70990E-01
4.69999E+00 -5.65001E-01 -1.74089E-05 -5.65974E-01
4.79999E+00 -5.60001E-01 -1.71138E-05 -5.60968E-01
4.89999E+00 -5.55001E-01 -1.68274E-05 -5.55972E-01
4.99999E+00 -5.50001E-01 -1.65418E-05 -5.50982E-01
5.09999E+00 -5.45001E-01 -1.62640E-05 -5.45963E-01
5.19999E+00 -5.40001E-01 -1.59984E-05 -5.40964E-01
5.29999E+00 -5.35001E-01 -1.57323E-05 -5.35975E-01
5.39999E+00 -5.30001E-01 -1.54643E-05 -5.30997E-01
5.49999E+00 -5.25001E-01 -1.51888E-05 -5.25976E-01
5.59999E+00 -5.20001E-01 -1.49262E-05 -5.20942E-01
5.69999E+00 -5.15001E-01 -1.46759E-05 -5.15962E-01
5.79999E+00 -5.10001E-01 -1.44331E-05 -5.10978E-01
5.89999E+00 -5.05001E-01 -1.42056E-05 -5.05973E-01
5.99998E+00 -5.00001E-01 -1.39919E-05 -5.00939E-01
6.09998E+00 -4.95001E-01 -1.37759E-05 -4.95963E-01
6.19998E+00 -4.90001E-01 -1.35389E-05 -4.90956E-01
6.29998E+00 -4.85001E-01 -1.33296E-05 -4.85931E-01
6.39998E+00 -4.80001E-01 -1.31200E-05 -4.80946E-01
6.49998E+00 -4.75001E-01 -1.29171E-05 -4.75921E-01
6.59998E+00 -4.70001E-01 -1.26988E-05 -4.70922E-01
6.69998E+00 -4.65001E-01 -1.24961E-05 -4.65911E-01
6.79998E+00 -4.60001E-01 -1.22960E-05 -4.60882E-01
6.89998E+00 -4.55001E-01 -1.20978E-05 -4.55908E-01
6.99998E+00 -4.50001E-01 -1.18918E-05 -4.50884E-01
7.09998E+00 -4.45001E-01 -1.16996E-05 -4.45889E-01
7.19998E+00 -4.40001E-01 -1.15106E-05 -4.40905E-01
7.29998E+00 -4.35001E-01 -1.13310E-05 -4.35906E-01
7.39998E+00 -4.30001E-01 -1.11576E-05 -4.30886E-01
7.49998E+00 -4.25001E-01 -1.09836E-05 -4.25881E-01
7.59998E+00 -4.20001E-01 -1.08075E-05 -4.20883E-01
7.69998E+00 -4.15001E-01 -1.06321E-05 -4.15899E-01
7.79998E+00 -4.10001E-01 -1.04681E-05 -4.10882E-01
7.89998E+00 -4.05001E-01 -1.03098E-05 -4.05874E-01
7.99998E+00 -4.00001E-01 -1.01429E-05 -4.00884E-01
8.09998E+00 -3.95001E-01 -9.98784E-06 -3.95904E-01
8.19998E+00 -3.90001E-01 -9.83142E-06 -3.90883E-01
8.29998E+00 -3.85001E-01 -9.67219E-06 -3.85876E-01
8.39998E+00 -3.80001E-01 -9.50905E-06 -3.80880E-01
8.49998E+00 -3.75001E-01 -9.35077E-06 -3.75874E-01
8.59998E+00 -3.70001E-01 -9.19500E-06 -3.70879E-01
8.69998E+00 -3.65001E-01 -9.05489E-06 -3.65865E-01
8.79998E+00 -3.60001E-01 -8.90920E-06 -3.60876E-01
8.89998E+00 -3.55001E-01 -8.76563E-06 -3.55900E-01
8.99998E+00 -3.50001E-01 -8.59972E-06 -3.50889E-01
9.09998E+00 -3.45001E-01 -8.44536E-06 -3.45874E-01
9.19998E+00 -3.40001E-01 -8.29420E-06 -3.40872E-01
9.29998E+00 -3.35001E-01 -8.14906E-06 -3.35864E-01
9.39998E+00 -3.30001E-01 -8.00267E-06 -3.30865E-01
9.49998E+00 -3.25001E-01 -7.85533E-06 -3.25857E-01
9.59998E+00 -3.20001E-01 -7.71776E-06 -3.20846E-01
9.69998E+00 -3.15001E-01 -7.57495E-06 -3.15835E-01
9.79998E+00 -3.10001E-01 -7.43840E-06 -3.10833E-01
9.89998E+00 -3.05001E-01 -7.30196E-06 -3.05821E-01
9.99997E+00 -3.00001E-01 -7.16922E-06 -3.00826E-01
1.01000E+01 -2.95001E-01 -7.03063E-06 -2.95822E-01
1.02000E+01 -2.90001E-01 -6.89081E-06 -2.90828E-01
1.03000E+01 -2.85001E-01 -6.76584E-06 -2.85827E-01
1.04000E+01 -2.80001E-01 -6.63897E-06 -2.80835E-01
1.05000E+01 -2.75001E-01 -6.50915E-06 -2.75821E-01
1.06000E+01 -2.70001E-01 -6.37714E-06 -2.70795E-01
1.07000E+01 -2.65001E-01 -6.24889E-06 -2.65808E-01
1.08000E+01 -2.60001E-01 -6.11388E-06 -2.60808E-01
1.09000E+01 -2.55001E-01 -5.97558E-06 -2.55799E-01
1.10000E+01 -2.50001E-01 -5.83314E-06 -2.50781E-01
1.11000E+01 -2.45001E-01 -5.67693E-06 -2.45791E-01
1.12000E+01 -2.40001E-01 -5.55489E-06 -2.40819E-01
1.13000E+01 -2.35001E-01 -5.42317E-06 -2.35800E-01
1.14000E+01 -2.30001E-01 -5.28380E-06 -2.30780E-01
1.15000E+01 -2.25001E-01 -5.11227E-06 -2.25796E-01
1.16000E+01 -2.20001E-01 -5.01404E-06 -2.20813E-01
1.17000E+01 -2.15001E-01 -4.86108E-06 -2.15800E-01
1.18000E+01 -2.10001E-01 -4.73331E-06 -2.10792E-01
1.19000E+01 -2.05001E-01 -4.62299E-06 -2.05793E-01
1.20000E+01 -2.00002E-01 -4.49287E-06 -2.00803E-01
1.21000E+01 -1.95002E-01 -4.34183E-06 -1.95796E-01
1.22000E+01 -1.90002E-01 -4.22026E-06 -1.90778E-01
1.23000E+01 -1.85002E-01 -4.06987E-06 -1.85783E-01
1.24000E+01 -1.80002E-01 -3.93473E-06 -1.80783E-01
1.25000E+01 -1.75002E-01 -3.79439E-06 -1.75774E-01
1.26000E+01 -1.70002E-01 -3.63470E-06 -1.70773E-01
1.27000E+01 -1.65002E-01 -3.53485E-06 -1.65763E-01
1.28000E+01 -1.60002E-01 -3.40102E-06 -1.60750E-01
1.29000E+01 -1.55002E-01 -3.24697E-06 -1.55742E-01
1.30000E+01 -1.50002E-01 -3.17600E-06 -1.50740E-01
1.31000E+01 -1.45002E-01 -3.08031E-06 -1.45747E-01
1.32000E+01 -1.40002E-01 -2.99444E-06 -1.40745E-01
1.33000E+01 -1.35002E-01 -2.84539E-06 -1.35718E-01
1.34000E+01 -1.30002E-01 -2.70041E-06 -1.30726E-01
1.35000E+01 -1.25002E-01 -2.54592E-06 -1.25721E-01
1.36000E+01 -1.20002E-01 -2.39508E-06 -1.20721E-01
1.37000E+01 -1.15002E-01 -2.25029E-06 -1.15740E-01
1.38000E+01 -1.10002E-01 -2.09517E-06 -1.10718E-01
1.39000E+01 -1.05002E-01 -1.94027E-06 -1.05705E-01
1.40000E+01 -1.00002E-01 -1.80737E-06 -1.00722E-01
1.41000E+01 -9.50018E-02 -1.67293E-06 -9.57069E-02
1.42000E+01 -9.00018E-02 -1.52715E-06 -9.06985E-02
1.43000E+01 -8.50018E-02 -1.39320E-06 -8.57088E-02
1.44000E+01 -8.00018E-02 -1.24573E-06 -8.07148E-02
1.45000E+01 -7.50018E-02 -1.10889E-06 -7.57132E-02
1.46000E+01 -7.00018E-02 -9.83639E-07 -7.06992E-02
1.47000E+01 -6.50018E-02 -8.52372E-07 -6.56939E-02
1.48000E+01 -6.00019E-02 -7.23909E-07 -6.07005E-02
1.49000E+01 -5.50019E-02 -5.88660E-07 -5.57039E-02
1.50000E+01 -5.00019E-02 -4.42277E-07 -5.06936E-02
1.51000E+01 -4.50019E-02 -3.02576E-07 -4.57021E-02
1.52000E+01 -4.00019E-02 -1.63967E-07 -4.07187E-02
1.53000E+01 -3.50019E-02 -4.33983E-08 -3.57146E-02
1.54000E+01 -3.00019E-02 1.00687E-07  -3.06900E-02
1.55000E+01 -2.50019E-02 2.41507E-07  -2.56859E-02
1.56000E+01 -2.00020E-02 3.85037E-07  -2.06937E-02
1.57000E+01 -1.50020E-02 5.00830E-07  -1.57090E-02
1.58000E+01 -1.00020E-02 6.26960E-07  -1.06875E-02
1.59000E+01 -5.00199E-03 7.60390E-07  -5.66913E-03
1.60000E+01 -2.00000E-06 8.91868E-07  -6.56961E-04
1.61000E+01 4.99799E-03  1.02285E-06  4.33147E-03 
1.62000E+01 9.99797E-03  1.15520E-06  9.34173E-03 
1.63000E+01 1.49980E-02  1.28736E-06  1.43364E-02 
1.64000E+01 1.99979E-02  1.41655E-06  1.93548E-02 
1.65000E+01 2.49979E-02  1.54846E-06  2.43470E-02 
1.66000E+01 2.99979E-02  1.67950E-06  2.93255E-02 
1.67000E+01 3.49979E-02  1.80804E-06  3.43520E-02 
1.68000E+01 3.99979E-02  1.93589E-06  3.93704E-02 
1.69000E+01 4.49979E-02  2.06621E-06  4.43376E-02 
1.70000E+01 4.99979E-02  2.19842E-06  4.93410E-02 
1.71000E+01 5.49979E-02  2.33051E-06  5.43332E-02 
1.72000E+01 5.99978E-02  2.46899E-06  5.93504E-02 
1.73000E+01 6.49978E-02  2.60109E-06  6.43488E-02 
1.74000E+01 6.99978E-02  2.73456E-06  6.93553E-02 
1.75000E+01 7.49978E-02  2.86911E-06  7.43874E-02 
1.76000E+01 7.99978E-02  3.00797E-06  7.93896E-02 
1.77000E+01 8.49978E-02  3.14266E-06  8.43880E-02 
1.78000E+01 8.99978E-02  3.28958E-06  8.93940E-02 
1.79000E+01 9.49978E-02  3.43165E-06  9.43961E-02 
1.80000E+01 9.99977E-02  3.57389E-06  9.93996E-02 
1.81000E+01 1.04998E-01  3.72023E-06  1.04404E-01 
1.82000E+01 1.09998E-01  3.86772E-06  1.09391E-01 
1.83000E+01 1.14998E-01  4.01425E-06  1.14405E-01 
1.84000E+01 1.19998E-01  4.15734E-06  1.19429E-01 
1.85000E+01 1.24998E-01  4.30929E-06  1.24415E-01 
1.86000E+01 1.29998E-01  4.45910E-06  1.29391E-01 
1.87000E+01 1.34998E-01  4.60649E-06  1.34393E-01 
1.88000E+01 1.39998E-01  4.75338E-06  1.39409E-01 
1.89000E+01 1.44998E-01  4.91046E-06  1.44430E-01 
1.90000E+01 1.49998E-01  5.06909E-06  1.49438E-01 
1.91000E+01 1.54998E-01  5.23208E-06  1.54435E-01 
1.92000E+01 1.59998E-01  5.39913E-06  1.59446E-01 
1.93000E+01 1.64998E-01  5.55556E-06  1.64466E-01 
1.94000E+01 1.69998E-01  5.70090E-06  1.69452E-01 
1.95000E+01 1.74998E-01  5.86886E-06  1.74457E-01 
1.96000E+01 1.79998E-01  6.04099E-06  1.79454E-01 
1.97000E+01 1.84998E-01  6.20725E-06  1.84445E-01 
1.98000E+01 1.89998E-01  6.37629E-06  1.89460E-01 
1.99000E+01 1.94998E-01  6.54111E-06  1.94456E-01 
1.99999E+01 1.99997E-01  6.71247E-06  1.99452E-01 
2.00999E+01 2.04997E-01  6.88085E-06  2.04448E-01 
2.01999E+01 2.09997E-01  7.04258E-06  2.09433E-01 
2.02999E+01 2.14997E-01  7.22199E-06  2.14448E-01 
2.03999E+01 2.19997E-01  7.41391E-06  2.19471E-01 
2.04999E+01 2.24997E-01  7.60854E-06  2.24444E-01 
2.05999E+01 2.29997E-01  7.80282E-06  2.29441E-01 
2.06999E+01 2.34997E-01  7.98830E-06  2.34449E-01 
2.07999E+01 2.39997E-01  8.17252E-06  2.39463E-01 
2.08999E+01 2.44997E-01  8.37053E-06  2.44471E-01 
2.09999E+01 2.49997E-01  8.57326E-06  2.49458E-01 
2.10999E+01 2.54997E-01  8.77101E-06  2.54457E-01 
2.11999E+01 2.59997E-01  8.97585E-06  2.59476E-01 
2.12999E+01 2.64997E-01  9.18979E-06  2.64484E-01 
2.13999E+01 2.69997E-01  9.40833E-06  2.69483E-01 
2.14999E+01 2.74997E-01  9.62682E-06  2.74473E-01 
2.15999E+01 2.79997E-01  9.85149E-06  2.79473E-01 
2.16999E+01 2.84997E-01  1.00791E-05  2.84490E-01 
2.17999E+01 2.89997E-01  1.02999E-05  2.89478E-01 
2.18999E+01 2.94997E-01  1.05294E-05  2.94474E-01 
2.19999E+01 2.99997E-01  1.07609E-05  2.99478E-01 
2.20999E+01 3.04997E-01  1.09953E-05  3.04512E-01 
2.21999E+01 3.09997E-01  1.12369E-05  3.09522E-01 
2.22999E+01 3.14997E-01  1.14748E-05  3.14494E-01 
2.23999E+01 3.19997E-01  1.17114E-05  3.19515E-01 
2.24999E+01 3.24997E-01  1.19757E-05  3.24510E-01 
2.25999E+01 3.29997E-01  1.22351E-05  3.29518E-01 
2.26999E+01 3.34997E-01  1.25088E-05  3.34532E-01 
2.27999E+01 3.39997E-01  1.28007E-05  3.39524E-01 
2.28999E+01 3.44997E-01  1.30909E-05  3.44510E-01 
2.29999E+01 3.49997E-01  1.33845E-05  3.49514E-01 
2.30999E+01 3.54997E-01  1.36842E-05  3.54534E-01 
2.31999E+01 3.59997E-01  1.39938E-05  3.59536E-01 
2.32999E+01 3.64997E-01  1.43092E-05  3.64522E-01 
2.33999E+01 3.69997E-01  1.46255E-05  3.69534E-01 
2.34999E+01 3.74997E-01  1.49520E-05  3.74541E-01 
2.35999E+01 3.79997E-01  1.52829E-05  3.79532E-01 
2.36999E+01 3.84997E-01  1.56177E-05  3.84534E-01 
2.37999E+01 3.89997E-01  1.59554E-05  3.89552E-01 
2.38999E+01 3.94997E-01  1.62999E-05  3.94561E-01 
2.39999E+01 3.99997E-01  1.66483E-05  3.99548E-01 
2.40999E+01 4.04997E-01  1.70133E-05  4.04521E-01 
2.41999E+01 4.09997E-01  1.73998E-05  4.09538E-01 
2.42999E+01 4.14997E-01  1.77889E-05  4.14571E-01 
2.43999E+01 4.19997E-01  1.81847E-05  4.19571E-01 
2.44999E+01 4.24997E-01  1.85766E-05  4.24552E-01 
2.45999E+01 4.29997E-01  1.90201E-05  4.29546E-01 
2.46999E+01 4.34997E-01  1.94104E-05  4.34564E-01 
2.47999E+01 4.39997E-01  1.98104E-05  4.39582E-01 
2.48999E+01 4.44997E-01  2.02060E-05  4.44570E-01 
2.49999E+01 4.49997E-01  2.06164E-05  4.49555E-01 
2.50999E+01 4.54997E-01  2.10170E-05  4.54587E-01 
2.51999E+01 4.59997E-01  2.14298E-05  4.59593E-01 
2.52999E+01 4.64997E-01  2.18540E-05  4.64609E-01 
2.53999E+01 4.69997E-01  2.22695E-05  4.69597E-01 
2.54999E+01 4.74997E-01  2.26917E-05  4.74593E-01 
2.55999E+01 4.79997E-01  2.31217E-05  4.79611E-01 
2.56999E+01 4.84997E-01  2.35841E-05  4.84614E-01 
2.57999E+01 4.89997E-01  2.40297E-05  4.89625E-01 
2.58999E+01 4.94997E-01  2.44924E-05  4.94623E-01 
2.59999E+01 4.99997E-01  2.49566E-05  4.99602E-01 
2.60999E+01 5.04997E-01  2.54239E-05  5.04616E-01 
2.61999E+01 5.09997E-01  2.58955E-05  5.09629E-01 
2.62999E+01 5.14997E-01  2.63686E-05  5.14624E-01 
2.63999E+01 5.19997E-01  2.68535E-05  5.19613E-01 
2.64999E+01 5.24997E-01  2.73336E-05  5.24614E-01 
2.65999E+01 5.29997E-01  2.78046E-05  5.29617E-01 
2.66999E+01 5.34997E-01  2.82752E-05  5.34630E-01 
2.67999E+01 5.39997E-01  2.87480E-05  5.39634E-01 
2.68999E+01 5.44997E-01  2.92253E-05  5.44619E-01 
2.69999E+01 5.49997E-01  2.96950E-05  5.49650E-01 
2.70999E+01 5.54997E-01  3.01650E-05  5.54651E-01 
2.71999E+01 5.59997E-01  3.06223E-05  5.59652E-01 
2.72999E+01 5.64997E-01  3.10845E-05  5.64626E-01 
2.73999E+01 5.69997E-01  3.15346E-05  5.69638E-01 
2.74999E+01 5.74997E-01  3.19839E-05  5.74656E-01 
2.75999E+01 5.79997E-01  3.24261E-05  5.79638E-01 
2.76999E+01 5.84997E-01  3.28830E-05  5.84651E-01 
2.77999E+01 5.89997E-01  3.33251E-05  5.89669E-01 
2.78999E+01 5.94997E-01  3.37644E-05  5.94675E-01 
2.79999E+01 5.99996E-01  3.42103E-05  5.99677E-01 
2.80999E+01 6.04996E-01  3.46682E-05  6.04654E-01 
2.81999E+01 6.09996E-01  3.51226E-05  6.09666E-01 
2.82999E+01 6.14996E-01  3.55654E-05  6.14678E-01 
2.83999E+01 6.19996E-01  3.60140E-05  6.19668E-01 
2.84999E+01 6.24996E-01  3.64548E-05  6.24666E-01 
2.85999E+01 6.29996E-01  3.69200E-05  6.29687E-01 
2.86999E+01 6.34996E-01  3.74104E-05  6.34713E-01 
2.87999E+01 6.39996E-01  3.78498E-05  6.39709E-01 
2.88999E+01 6.44996E-01  3.82735E-05  6.44710E-01 
2.89999E+01 6.49996E-01  3.86831E-05  6.49701E-01 
2.90999E+01 6.54996E-01  3.90811E-05  6.54716E-01 
2.91999E+01 6.59996E-01  3.95009E-05  6.59727E-01 
2.92999E+01 6.64996E-01  3.99177E-05  6.64720E-01 
2.93999E+01 6.69996E-01  4.03322E-05  6.69709E-01 
2.94999E+01 6.74996E-01  4.07376E-05  6.74723E-01 
2.95999E+01 6.79996E-01  4.11340E-05  6.79736E-01 
2.96999E+01 6.84996E-01  4.15579E-05  6.84711E-01 
2.97999E+01 6.89996E-01  4.19624E-05  6.89682E-01 
2.98999E+01 6.94996E-01  4.23809E-05  6.94707E-01 
2.99999E+01 6.99996E-01  4.27769E-05  6.99713E-01 
3.00999E+01 7.04996E-01  4.31769E-05  7.04719E-01 
3.01999E+01 7.09996E-01  4.35795E-05  7.09699E-01 
3.02999E+01 7.14996E-01  4.39686E-05  7.14720E-01 
3.03999E+01 7.19996E-01  4.43534E-05  7.19731E-01 
3.04999E+01 7.24996E-01  4.47381E-05  7.24712E-01 
3.05999E+01 7.29996E-01  4.51172E-05  7.29693E-01 
3.06999E+01 7.34996E-01  4.54969E-05  7.34709E-01 
3.07999E+01 7.39996E-01  4.58455E-05  7.39744E-01 
3.08999E+01 7.44996E-01  4.62238E-05  7.44727E-01 
3.09999E+01 7.49996E-01  4.65883E-05  7.49715E-01 
3.10999E+01 7.54996E-01  4.69469E-05  7.54730E-01 
3.11999E+01 7.59996E-01  4.73014E-05  7.59749E-01 
3.12999E+01 7.64996E-01  4.76452E-05  7.64752E-01 
3.13999E+01 7.69996E-01  4.79845E-05  7.69745E-01 
3.14999E+01 7.74996E-01  4.83200E-05  7.74757E-01 
3.15999E+01 7.79996E-01  4.86877E-05  7.79753E-01 
3.16999E+01 7.84996E-01  4.90613E-05  7.84765E-01 
3.17999E+01 7.89996E-01  4.93927E-05  7.89774E-01 
3.18999E+01 7.94996E-01  4.97288E-05  7.94800E-01 
3.19999E+01 7.99996E-01  5.00422E-05  7.99790E-01 
3.20999E+01 8.04996E-01  5.03498E-05  8.04791E-01 
3.21999E+01 8.09996E-01  5.06491E-05  8.09799E-01 
3.22999E+01 8.14996E-01  5.09319E-05  8.14808E-01 
3.23999E+01 8.19996E-01  5.12096E-05  8.19801E-01 
3.24999E+01 8.24996E-01  5.14907E-05  8.24814E-01 
3.25999E+01 8.29996E-01  5.17681E-05  8.29822E-01 
3.26999E+01 8.34996E-01  5.20629E-05  8.34818E-01 
3.27999E+01 8.39996E-01  5.23316E-05  8.39795E-01 
3.28999E+01 8.44996E-01  5.26251E-05  8.44803E-01 
3.29999E+01 8.49996E-01  5.28973E-05  8.49816E-01 
3.30999E+01 8.54996E-01  5.31766E-05  8.54824E-01 
3.31999E+01 8.59996E-01  5.34330E-05  8.59847E-01 
3.32999E+01 8.64996E-01  5.36764E-05  8.64828E-01 
3.33999E+01 8.69996E-01  5.39335E-05  8.69837E-01 
3.34999E+01 8.74996E-01  5.41998E-05  8.74839E-01 
3.35999E+01 8.79996E-01  5.44880E-05  8.79841E-01 
3.36999E+01 8.84996E-01  5.48078E-05  8.84852E-01 
3.37999E+01 8.89996E-01  5.51098E-05  8.89839E-01 
3.38999E+01 8.94996E-01  5.54363E-05  8.94869E-01 
3.39999E+01 8.99996E-01  5.57725E-05  8.99858E-01 
3.40999E+01 9.04996E-01  5.61285E-05  9.04847E-01 
3.41999E+01 9.09996E-01  5.64953E-05  9.09825E-01 
3.42999E+01 9.14996E-01  5.68822E-05  9.14857E-01 
3.43999E+01 9.19996E-01  5.72970E-05  9.19854E-01 
3.44999E+01 9.24996E-01  5.77399E-05  9.24863E-01 
3.45999E+01 9.29996E-01  5.81935E-05  9.29845E-01 
3.46999E+01 9.34996E-01  5.86717E-05  9.34865E-01 
3.47999E+01 9.39996E-01  5.91544E-05  9.39884E-01 
3.48999E+01 9.44996E-01  5.96452E-05  9.44911E-01 
3.49999E+01 9.49996E-01  6.01628E-05  9.49879E-01 
3.50999E+01 9.54996E-01  6.07081E-05  9.54885E-01 
3.51999E+01 9.59996E-01  6.12801E-05  9.59877E-01 
3.52999E+01 9.64996E-01  6.18422E-05  9.64904E-01 
3.53999E+01 9.69996E-01  6.24359E-05  9.69895E-01 
3.54999E+01 9.74996E-01  6.30216E-05  9.74881E-01 
3.55999E+01 9.79996E-01  6.36069E-05  9.79882E-01 
3.56999E+01 9.84996E-01  6.41451E-05  9.84876E-01 
3.57999E+01 9.89996E-01  6.46877E-05  9.89922E-01 
3.58999E+01 9.94996E-01  6.52223E-05  9.94884E-01 
3.59999E+01 9.99995E-01  6.57702E-05  9.99884E-01 
3.60999E+01 1.00500E+00  6.62546E-05  1.00490E+00 
3.61999E+01 1.01000E+00  6.67353E-05  1.00991E+00 
3.62999E+01 1.01500E+00  6.72236E-05  1.01490E+00 
3.63999E+01 1.02000E+00  6.76967E-05  1.01990E+00 
3.64999E+01 1.02500E+00  6.81745E-05  1.02491E+00 
3.65999E+01 1.03000E+00  6.86348E-05  1.02992E+00 
3.66999E+01 1.03500E+00  6.90977E-05  1.03492E+00 
3.67999E+01 1.04000E+00  6.95530E-05  1.03989E+00 
3.68999E+01 1.04500E+00  7.00204E-05  1.04492E+00 
3.69999E+01 1.05000E+00  7.04692E-05  1.04990E+00 
3.70999E+01 1.05500E+00  7.09152E-05  1.05492E+00 
3.71999E+01 1.06000E+00  7.13667E-05  1.05993E+00 
3.72999E+01 1.06500E+00  7.18128E-05  1.06490E+00 
3.73999E+01 1.07000E+00  7.22656E-05  1.06992E+00 
3.74999E+01 1.07500E+00  7.27182E-05  1.07494E+00 
3.75999E+01 1.08000E+00  7.31405E-05  1.07991E+00 
3.76999E+01 1.08500E+00  7.35572E-05  1.08490E+00 
3.77999E+01 1.09000E+00  7.39921E-05  1.08994E+00 
3.78999E+01 1.09500E+00  7.44282E-05  1.09494E+00 
3.79999E+01 1.10000E+00  7.48868E-05  1.09993E+00 
3.80999E+01 1.10500E+00  7.53337E-05  1.10495E+00 
3.81999E+01 1.11000E+00  7.57618E-05  1.10993E+00 
3.82999E+01 1.11500E+00  7.62130E-05  1.11496E+00 
3.83999E+01 1.12000E+00  7.66768E-05  1.11996E+00 
3.84999E+01 1.12500E+00  7.71452E-05  1.12496E+00 
3.85999E+01 1.13000E+00  7.76328E-05  1.12999E+00 
3.86999E+01 1.13500E+00  7.81328E-05  1.13498E+00 
3.87999E+01 1.14000E+00  7.86524E-05  1.13997E+00 
3.88999E+01 1.14500E+00  7.91757E-05  1.14500E+00 
3.89999E+01 1.15000E+00  7.97407E-05  1.15002E+00 
3.90999E+01 1.15500E+00  8.03453E-05  1.15497E+00 
3.91999E+01 1.16000E+00  8.09511E-05  1.15999E+00 
3.92999E+01 1.16500E+00  8.16080E-05  1.16499E+00 
3.93999E+01 1.17000E+00  8.22853E-05  1.17001E+00 
3.94999E+01 1.17500E+00  8.29925E-05  1.17502E+00 
3.95999E+01 1.18000E+00  8.37322E-05  1.17999E+00 
3.96999E+01 1.18500E+00  8.44798E-05  1.18502E+00 
3.97999E+01 1.19000E+00  8.52273E-05  1.19003E+00 
3.98999E+01 1.19500E+00  8.59856E-05  1.19500E+00 
3.99999E+01 1.19999E+00  8.67738E-05  1.20003E+00 
4.00999E+01 1.20499E+00  8.76035E-05  1.20502E+00 
4.01999E+01 1.20999E+00  8.84240E-05  1.21003E+00 
4.02999E+01 1.21499E+00  8.93132E-05  1.21503E+00 
4.03999E+01 1.21999E+00  9.01749E-05  1.22003E+00 
4.04999E+01 1.22499E+00  9.10074E-05  1.22506E+00 
4.05999E+01 1.22999E+00  9.19120E-05  1.23007E+00 
4.06999E+01 1.23499E+00  9.27711E-05  1.23504E+00 
4.07999E+01 1.23999E+00  9.36874E-05  1.24004E+00 
4.08999E+01 1.24499E+00  9.46608E-05  1.24505E+00 
4.09999E+01 1.24999E+00  9.55966E-05  1.25007E+00 
4.10999E+01 1.25499E+00  9.65420E-05  1.25505E+00 
4.11999E+01 1.25999E+00  9.74540E-05  1.26006E+00 
4.12999E+01 1.26499E+00  9.83922E-05  1.26506E+00 
4.13999E+01 1.26999E+00  9.93496E-05  1.27007E+00 
4.14999E+01 1.27499E+00  1.00294E-04  1.27507E+00 
4.15999E+01 1.27999E+00  1.01130E-04  1.28005E+00 
4.16999E+01 1.28499E+00  1.01967E-04  1.28506E+00 
4.17999E+01 1.28999E+00  1.02777E-04  1.29006E+00 
4.18999E+01 1.29499E+00  1.03556E-04  1.29509E+00 
4.19999E+01 1.29999E+00  1.04329E-04  1.30008E+00 
4.20999E+01 1.30499E+00  1.05238E-04  1.30508E+00 
4.21999E+01 1.30999E+00  1.06214E-04  1.31008E+00 
4.22999E+01 1.31499E+00  1.07000E-04  1.31510E+00 
4.23999E+01 1.31999E+00  1.07834E-04  1.32009E+00 
4.24999E+01 1.32499E+00  1.08741E-04  1.32508E+00 
4.25999E+01 1.32999E+00  1.09673E-04  1.33008E+00 
4.26999E+01 1.33499E+00  1.10567E-04  1.33508E+00 
4.27999E+01 1.33999E+00  1.11465E-04  1.34010E+00 
4.28999E+01 1.34499E+00  1.12344E-04  1.34508E+00 
4.29999E+01 1.34999E+00  1.13238E-04  1.35008E+00 
4.30999E+01 1.35499E+00  1.14149E-04  1.35511E+00 
4.31999E+01 1.35999E+00  1.15091E-04  1.36011E+00 
4.32999E+01 1.36499E+00  1.15983E-04  1.36510E+00 
4.33999E+01 1.36999E+00  1.17091E-04  1.37009E+00 
4.34999E+01 1.37499E+00  1.18087E-04  1.37510E+00 
4.35999E+01 1.37999E+00  1.19085E-04  1.38012E+00 
4.36999E+01 1.38499E+00  1.19926E-04  1.38511E+00 
4.37999E+01 1.38999E+00  1.20871E-04  1.39009E+00 
4.38999E+01 1.39499E+00  1.21772E-04  1.39512E+00 
4.39999E+01 1.39999E+00  1.22859E-04  1.40012E+00 
4.40999E+01 1.40499E+00  1.23724E-04  1.40511E+00 
4.41999E+01 1.40999E+00  1.24462E-04  1.41011E+00 
4.42999E+01 1.41499E+00  1.25328E-04  1.41511E+00 
4.43999E+01 1.41999E+00  1.26230E-04  1.42013E+00 
4.44999E+01 1.42499E+00  1.27334E-04  1.42514E+00 
4.45999E+01 1.42999E+00  1.28664E-04  1.43015E+00 
4.46999E+01 1.43499E+00  1.29799E-04  1.43514E+00 
4.47999E+01 1.43999E+00  1.30873E-04  1.44016E+00 
4.48999E+01 1.44499E+00  1.31923E-04  1.44517E+00 
4.49999E+01 1.44999E+00  1.33092E-04  1.45016E+00 
4.50999E+01 1.45499E+00  1.34226E-04  1.45519E+00 
4.51999E+01 1.45999E+00  1.35567E-04  1.46018E+00 
4.52999E+01 1.46499E+00  1.36853E-04  1.46518E+00 
4.53999E+01 1.46999E+00  1.38194E-04  1.47017E+00 
4.54999E+01 1.47499E+00  1.39619E-04  1.47516E+00 
4.55999E+01 1.47999E+00  1.41083E-04  1.48021E+00 
4.56999E+01 1.48499E+00  1.42561E-04  1.48519E+00 
4.57999E+01 1.48999E+00  1.44252E-04  1.49020E+00 
4.58999E+01 1.49499E+00  1.46010E-04  1.49523E+00 
4.59999E+01 1.49999E+00  1.47669E-04  1.50021E+00 
4.60999E+01 1.50499E+00  1.49359E-04  1.50520E+00 
4.61999E+01 1.50999E+00  1.51096E-04  1.51020E+00 
4.62999E+01 1.51499E+00  1.52819E-04  1.51522E+00 
4.63999E+01 1.51999E+00  1.54677E-04  1.52019E+00 
4.64999E+01 1.52499E+00  1.56619E-04  1.52520E+00 
4.65999E+01 1.52999E+00  1.58553E-04  1.53020E+00 
4.66999E+01 1.53499E+00  1.60459E-04  1.53522E+00 
4.67999E+01 1.53999E+00  1.62426E-04  1.54021E+00 
4.68999E+01 1.54499E+00  1.64410E-04  1.54519E+00 
4.69999E+01 1.54999E+00  1.66457E-04  1.55020E+00 
4.70999E+01 1.55499E+00  1.68614E-04  1.55523E+00 
4.71999E+01 1.55999E+00  1.70798E-04  1.56022E+00 
4.72999E+01 1.56499E+00  1.73196E-04  1.56522E+00 
4.73999E+01 1.56999E+00  1.75322E-04  1.57021E+00 
4.74999E+01 1.57499E+00  1.77523E-04  1.57524E+00 
4.75999E+01 1.57999E+00  1.79860E-04  1.58025E+00 
4.76999E+01 1.58499E+00  1.82225E-04  1.58525E+00 
4.77999E+01 1.58999E+00  1.84694E-04  1.59024E+00 
4.78999E+01 1.59499E+00  1.87135E-04  1.59525E+00 
4.79999E+01 1.59999E+00  1.89698E-04  1.60027E+00 
4.80999E+01 1.60499E+00  1.92320E-04  1.60529E+00 
4.81999E+01 1.60999E+00  1.95031E-04  1.61029E+00 
4.82999E+01 1.61499E+00  1.97747E-04  1.61526E+00 
4.83999E+01 1.61999E+00  2.00540E-04  1.62026E+00 
4.84999E+01 1.62499E+00  2.03382E-04  1.62529E+00 
4.85999E+01 1.62999E+00  2.06241E-04  1.63028E+00 
4.86999E+01 1.63499E+00  2.09131E-04  1.63525E+00 
4.87999E+01 1.63999E+00  2.12127E-04  1.64027E+00 
4.88999E+01 1.64499E+00  2.15656E-04  1.64528E+00 
4.89999E+01 1.64999E+00  2.18706E-04  1.65028E+00 
4.90999E+01 1.65499E+00  2.21806E-04  1.65527E+00 
4.91999E+01 1.65999E+00  2.25009E-04  1.66028E+00 
4.92999E+01 1.66499E+00  2.28332E-04  1.66530E+00 
4.93999E+01 1.66999E+00  2.31606E-04  1.67030E+00 
4.94999E+01 1.67499E+00  2.34890E-04  1.67526E+00 
4.95999E+01 1.67999E+00  2.38162E-04  1.68027E+00 
4.96999E+01 1.68499E+00  2.41547E-04  1.68528E+00 
4.97999E+01 1.68999E+00  2.45008E-04  1.69030E+00 
4.98999E+01 1.69499E+00  2.48514E-04  1.69529E+00 
4.99999E+01 1.69999E+00  2.52036E-04  1.70029E+00 
5.00999E+01 1.70499E+00  2.55683E-04  1.70529E+00 
5.01999E+01 1.70999E+00  2.59174E-04  1.71030E+00 
5.02999E+01 1.71499E+00  2.62689E-04  1.71528E+00 
5.03999E+01 1.71999E+00  2.66265E-04  1.72029E+00 
5.04999E+01 1.72499E+00  2.69869E-04  1.72529E+00 
5.05999E+01 1.72999E+00  2.73525E-04  1.73029E+00 
5.06999E+01 1.73499E+00  2.77145E-04  1.73530E+00 
5.07999E+01 1.73999E+00  2.80790E-04  1.74031E+00 
5.08999E+01 1.74499E+00  2.84552E-04  1.74534E+00 
5.09999E+01 1.74999E+00  2.88100E-04  1.75032E+00 
5.10999E+01 1.75499E+00  2.91731E-04  1.75534E+00 
5.11999E+01 1.75999E+00  2.95389E-04  1.76036E+00 
5.12999E+01 1.76499E+00  2.99189E-04  1.76538E+00 
5.13999E+01 1.76999E+00  3.02961E-04  1.77037E+00 
5.14999E+01 1.77499E+00  3.06602E-04  1.77539E+00 
5.15999E+01 1.77999E+00  3.10290E-04  1.78039E+00 
5.16999E+01 1.78499E+00  3.13974E-04  1.78539E+00 
5.17999E+01 1.78999E+00  3.17613E-04  1.79038E+00 
5.18999E+01 1.79499E+00  3.21295E-04  1.79537E+00 
5.19999E+01 1.79999E+00  3.24887E-04  1.80040E+00 
5.20999E+01 1.79499E+00  3.17956E-04  1.79539E+00 
5.21999E+01 1.78999E+00  3.11129E-04  1.79040E+00 
5.22999E+01 1.78499E+00  3.04591E-04  1.78539E+00 
5.23999E+01 1.77999E+00  2.98220E-04  1.78038E+00 
5.24999E+01 1.77499E+00  2.92089E-04  1.77538E+00 
5.25999E+01 1.76999E+00  2.85839E-04  1.77037E+00 
5.26999E+01 1.76499E+00  2.79970E-04  1.76538E+00 
5.27999E+01 1.75999E+00  2.74201E-04  1.76037E+00 
5.28999E+01 1.75499E+00  2.68554E-04  1.75535E+00 
5.29999E+01 1.74999E+00  2.62861E-04  1.75032E+00 
5.30999E+01 1.74499E+00  2.57496E-04  1.74535E+00 
5.31999E+01 1.73999E+00  2.52148E-04  1.74030E+00 
5.32999E+01 1.73499E+00  2.46877E-04  1.73531E+00 
5.33999E+01 1.72999E+00  2.41645E-04  1.73031E+00 
5.34999E+01 1.72499E+00  2.36453E-04  1.72531E+00 
5.35999E+01 1.71999E+00  2.31186E-04  1.72031E+00 
5.36999E+01 1.71499E+00  2.26256E-04  1.71530E+00 
5.37999E+01 1.70999E+00  2.21644E-04  1.71032E+00 
5.38999E+01 1.70499E+00  2.16956E-04  1.70530E+00 
5.39999E+01 1.69999E+00  2.12410E-04  1.70028E+00 
5.40999E+01 1.69499E+00  2.07731E-04  1.69529E+00 
5.41999E+01 1.68999E+00  2.03129E-04  1.69030E+00 
5.42999E+01 1.68499E+00  1.98735E-04  1.68528E+00 
5.43999E+01 1.67999E+00  1.94442E-04  1.68028E+00 
5.44999E+01 1.67499E+00  1.90071E-04  1.67529E+00 
5.45999E+01 1.66999E+00  1.85902E-04  1.67031E+00 
5.46999E+01 1.66499E+00  1.81767E-04  1.66530E+00 
5.47999E+01 1.65999E+00  1.77497E-04  1.66028E+00 
5.48999E+01 1.65499E+00  1.73582E-04  1.65530E+00 
5.49999E+01 1.64999E+00  1.69748E-04  1.65028E+00 
5.50999E+01 1.64499E+00  1.65701E-04  1.64529E+00 
5.51999E+01 1.63999E+00  1.62042E-04  1.64028E+00 
5.52999E+01 1.63499E+00  1.58517E-04  1.63525E+00 
5.53999E+01 1.62999E+00  1.54835E-04  1.63028E+00 
5.54999E+01 1.62499E+00  1.51170E-04  1.62526E+00 
5.55999E+01 1.61999E+00  1.47454E-04  1.62026E+00 
5.56999E+01 1.61499E+00  1.44163E-04  1.61527E+00 
5.57999E+01 1.60999E+00  1.40739E-04  1.61026E+00 
5.58999E+01 1.60499E+00  1.37349E-04  1.60525E+00 
5.59999E+01 1.59999E+00  1.34247E-04  1.60026E+00 
5.60999E+01 1.59499E+00  1.31049E-04  1.59522E+00 
5.61999E+01 1.58999E+00  1.27775E-04  1.59022E+00 
5.62999E+01 1.58499E+00  1.24761E-04  1.58526E+00 
5.63999E+01 1.57999E+00  1.21714E-04  1.58022E+00 
5.64999E+01 1.57499E+00  1.18575E-04  1.57522E+00 
5.65999E+01 1.56999E+00  1.15882E-04  1.57023E+00 
5.66999E+01 1.56499E+00  1.12989E-04  1.56521E+00 
5.67999E+01 1.55999E+00  1.10095E-04  1.56024E+00 
5.68999E+01 1.55499E+00  1.07472E-04  1.55525E+00 
5.69999E+01 1.54999E+00  1.04732E-04  1.55023E+00 
5.70999E+01 1.54499E+00  1.02022E-04  1.54521E+00 
5.71999E+01 1.53999E+00  9.95792E-05  1.54021E+00 
5.72999E+01 1.53499E+00  9.70444E-05  1.53524E+00 
5.73999E+01 1.52999E+00  9.46485E-05  1.53022E+00 
5.74999E+01 1.52499E+00  9.23502E-05  1.52521E+00 
5.75999E+01 1.51999E+00  8.99823E-05  1.52022E+00 
5.76999E+01 1.51499E+00  8.78068E-05  1.51521E+00 
5.77999E+01 1.50999E+00  8.56634E-05  1.51020E+00 
5.78999E+01 1.50499E+00  8.34859E-05  1.50519E+00 
5.79999E+01 1.49999E+00  8.14873E-05  1.50021E+00 
5.80999E+01 1.49499E+00  7.94731E-05  1.49520E+00 
5.81999E+01 1.48999E+00  7.74495E-05  1.49019E+00 
5.82999E+01 1.48499E+00  7.56780E-05  1.48518E+00 
5.83999E+01 1.47999E+00  7.38880E-05  1.48017E+00 
5.84999E+01 1.47499E+00  7.20275E-05  1.47520E+00 
5.85999E+01 1.46999E+00  7.03242E-05  1.47018E+00 
5.86999E+01 1.46499E+00  6.85774E-05  1.46517E+00 
5.87999E+01 1.45999E+00  6.68589E-05  1.46017E+00 
5.88999E+01 1.45499E+00  6.52865E-05  1.45517E+00 
5.89999E+01 1.44999E+00  6.36921E-05  1.45016E+00 
5.90999E+01 1.44499E+00  6.23234E-05  1.44519E+00 
5.91999E+01 1.43999E+00  6.08452E-05  1.44016E+00 
5.92999E+01 1.43499E+00  5.94705E-05  1.43517E+00 
5.93999E+01 1.42999E+00  5.81787E-05  1.43017E+00 
5.94999E+01 1.42499E+00  5.68749E-05  1.42515E+00 
5.95999E+01 1.41999E+00  5.55811E-05  1.42013E+00 
5.96999E+01 1.41499E+00  5.44775E-05  1.41511E+00 
5.97999E+01 1.40999E+00  5.33104E-05  1.41011E+00 
5.98999E+01 1.40499E+00  5.21810E-05  1.40513E+00 
5.99998E+01 1.39999E+00  5.11288E-05  1.40013E+00 
6.00998E+01 1.39499E+00  5.02995E-05  1.39512E+00 
6.01998E+01 1.38999E+00  4.91050E-05  1.39011E+00 
6.02998E+01 1.38499E+00  4.80970E-05  1.38511E+00 
6.03998E+01 1.37999E+00  4.70336E-05  1.38012E+00 
6.04998E+01 1.37499E+00  4.60759E-05  1.37512E+00 
6.05998E+01 1.36999E+00  4.51786E-05  1.37007E+00 
6.06998E+01 1.36499E+00  4.42217E-05  1.36508E+00 
6.07998E+01 1.35999E+00  4.34706E-05  1.36010E+00 
6.08998E+01 1.35499E+00  4.26595E-05  1.35509E+00 
6.09998E+01 1.34999E+00  4.18158E-05  1.35008E+00 
6.10998E+01 1.34499E+00  4.11184E-05  1.34508E+00 
6.11998E+01 1.33999E+00  4.03626E-05  1.34010E+00 
6.12998E+01 1.33499E+00  3.96480E-05  1.33508E+00 
6.13998E+01 1.32999E+00  3.90408E-05  1.33009E+00 
6.14998E+01 1.32499E+00  3.78961E-05  1.32508E+00 
6.15998E+01 1.31999E+00  3.72586E-05  1.32007E+00 
6.16998E+01 1.31499E+00  3.66962E-05  1.31508E+00 
6.17998E+01 1.30999E+00  3.60604E-05  1.31008E+00 
6.18998E+01 1.30499E+00  3.54694E-05  1.30507E+00 
6.19998E+01 1.29999E+00  3.49553E-05  1.30008E+00 
6.20998E+01 1.29499E+00  3.43450E-05  1.29507E+00 
6.21998E+01 1.28999E+00  3.38518E-05  1.29008E+00 
6.22998E+01 1.28499E+00  3.33383E-05  1.28508E+00 
6.23998E+01 1.27999E+00  3.27890E-05  1.28009E+00 
6.24998E+01 1.27499E+00  3.22782E-05  1.27507E+00 
6.25998E+01 1.26999E+00  3.18404E-05  1.27008E+00 
6.26998E+01 1.26499E+00  3.13471E-05  1.26509E+00 
6.27998E+01 1.25999E+00  3.09069E-05  1.26007E+00 
6.28998E+01 1.25499E+00  3.04693E-05  1.25506E+00 
6.29998E+01 1.24999E+00  2.99824E-05  1.25007E+00 
6.30998E+01 1.24499E+00  2.96119E-05  1.24505E+00 
6.31998E+01 1.23999E+00  2.91980E-05  1.24004E+00 
6.32998E+01 1.23499E+00  2.87743E-05  1.23505E+00 
6.33998E+01 1.22999E+00  2.84113E-05  1.23006E+00 
6.34998E+01 1.22499E+00  2.80331E-05  1.22504E+00 
6.35998E+01 1.21999E+00  2.77009E-05  1.22003E+00 
6.36998E+01 1.21499E+00  2.73253E-05  1.21504E+00 
6.37998E+01 1.20999E+00  2.69114E-05  1.21003E+00 
6.38998E+01 1.20499E+00  2.66065E-05  1.20504E+00 
6.39998E+01 1.19999E+00  2.62385E-05  1.20002E+00 
6.40998E+01 1.19500E+00  2.58859E-05  1.19502E+00 
6.41998E+01 1.19000E+00  2.55654E-05  1.19002E+00 
6.42998E+01 1.18500E+00  2.51997E-05  1.18502E+00 
6.43998E+01 1.18000E+00  2.48805E-05  1.18000E+00 
6.44998E+01 1.17500E+00  2.45894E-05  1.17501E+00 
6.45998E+01 1.17000E+00  2.42624E-05  1.17003E+00 
6.46998E+01 1.16500E+00  2.39584E-05  1.16503E+00 
6.47998E+01 1.16000E+00  2.36869E-05  1.16001E+00 
6.48998E+01 1.15500E+00  2.33629E-05  1.15501E+00 
6.49998E+01 1.15000E+00  2.30615E-05  1.15001E+00 
6.50998E+01 1.14500E+00  2.27700E-05  1.14502E+00 
6.51998E+01 1.14000E+00  2.24866E-05  1.14000E+00 
6.52998E+01 1.13500E+00  2.22039E-05  1.13501E+00 
6.53998E+01 1.13000E+00  2.19146E-05  1.13002E+00 
6.54998E+01 1.12500E+00  2.16340E-05  1.12500E+00 
6.55998E+01 1.12000E+00  2.13628E-05  1.12000E+00 
6.56998E+01 1.11500E+00  2.10854E-05  1.11498E+00 
6.57998E+01 1.11000E+00  2.08207E-05  1.10996E+00 
6.58998E+01 1.10500E+00  2.05572E-05  1.10497E+00 
6.59998E+01 1.10000E+00  2.02934E-05  1.09997E+00 
6.60998E+01 1.09500E+00  2.00317E-05  1.09498E+00 
6.61998E+01 1.09000E+00  1.97787E-05  1.08995E+00 
6.62998E+01 1.08500E+00  1.95243E-05  1.08495E+00 
6.63998E+01 1.08000E+00  1.92752E-05  1.07994E+00 
6.64998E+01 1.07500E+00  1.90322E-05  1.07496E+00 
6.65998E+01 1.07000E+00  1.87947E-05  1.06994E+00 
6.66998E+01 1.06500E+00  1.85673E-05  1.06496E+00 
6.67998E+01 1.06000E+00  1.83319E-05  1.05994E+00 
6.68998E+01 1.05500E+00  1.81079E-05  1.05494E+00 
6.69998E+01 1.05000E+00  1.78809E-05  1.04992E+00 
6.70998E+01 1.04500E+00  1.76509E-05  1.04492E+00 
6.71998E+01 1.04000E+00  1.74205E-05  1.03991E+00 
6.72998E+01 1.03500E+00  1.71981E-05  1.03492E+00 
6.73998E+01 1.03000E+00  1.69755E-05  1.02992E+00 
6.74998E+01 1.02500E+00  1.67620E-05  1.02491E+00 
6.75998E+01 1.02000E+00  1.65631E-05  1.01991E+00 
6.76998E+01 1.01500E+00  1.63414E-05  1.01494E+00 
6.77998E+01 1.01000E+00  1.61162E-05  1.00992E+00 
6.78998E+01 1.00500E+00  1.58796E-05  1.00491E+00 
6.79998E+01 9.99995E-01  1.56729E-05  9.99915E-01 
6.80998E+01 9.94996E-01  1.54318E-05  9.94922E-01 
6.81998E+01 9.89996E-01  1.52453E-05  9.89935E-01 
6.82998E+01 9.84996E-01  1.50644E-05  9.84900E-01 
6.83998E+01 9.79996E-01  1.48411E-05  9.79894E-01 
6.84998E+01 9.74996E-01  1.46187E-05  9.74926E-01 
6.85998E+01 9.69996E-01  1.43873E-05  9.69915E-01 
6.86998E+01 9.64996E-01  1.41711E-05  9.64916E-01 
6.87998E+01 9.59996E-01  1.39352E-05  9.59886E-01 
6.88998E+01 9.54996E-01  1.37682E-05  9.54882E-01 
6.89998E+01 9.49996E-01  1.36494E-05  9.49894E-01 
6.90998E+01 9.44996E-01  1.35203E-05  9.44885E-01 
6.91998E+01 9.39996E-01  1.32936E-05  9.39893E-01 
6.92998E+01 9.34996E-01  1.29937E-05  9.34895E-01 
6.93998E+01 9.29996E-01  1.27493E-05  9.29863E-01 
6.94998E+01 9.24996E-01  1.25193E-05  9.24871E-01 
6.95998E+01 9.19996E-01  1.23030E-05  9.19873E-01 
6.96998E+01 9.14996E-01  1.20769E-05  9.14871E-01 
6.97998E+01 9.09996E-01  1.19391E-05  9.09851E-01 
6.98998E+01 9.04996E-01  1.18360E-05  9.04864E-01 
6.99998E+01 8.99996E-01  1.15675E-05  8.99878E-01 
7.00998E+01 8.94996E-01  1.12445E-05  8.94846E-01 
7.01998E+01 8.89996E-01  1.09630E-05  8.89841E-01 
7.02998E+01 8.84996E-01  1.07790E-05  8.84858E-01 
7.03998E+01 8.79996E-01  1.06184E-05  8.79871E-01 
7.04998E+01 8.74996E-01  1.03491E-05  8.74847E-01 
7.05998E+01 8.69996E-01  1.01587E-05  8.69836E-01 
7.06998E+01 8.64996E-01  9.95373E-06  8.64838E-01 
7.07998E+01 8.59996E-01  9.72516E-06  8.59844E-01 
7.08998E+01 8.54996E-01  9.49521E-06  8.54818E-01 
7.09998E+01 8.49996E-01  9.28092E-06  8.49818E-01 
7.10998E+01 8.44996E-01  9.06132E-06  8.44812E-01 
7.11998E+01 8.39996E-01  8.86564E-06  8.39812E-01 
7.12998E+01 8.34996E-01  8.65229E-06  8.34837E-01 
7.13998E+01 8.29996E-01  8.42867E-06  8.29820E-01 
7.14998E+01 8.24996E-01  8.21145E-06  8.24823E-01 
7.15998E+01 8.19996E-01  7.98983E-06  8.19824E-01 
7.16998E+01 8.14996E-01  7.78468E-06  8.14841E-01 
7.17998E+01 8.09996E-01  7.57933E-06  8.09830E-01 
7.18998E+01 8.04996E-01  7.34464E-06  8.04801E-01 
7.19998E+01 7.99996E-01  7.09770E-06  7.99806E-01 
7.20998E+01 7.94996E-01  6.86927E-06  7.94818E-01 
7.21998E+01 7.89996E-01  6.67992E-06  7.89805E-01 
7.22998E+01 7.84996E-01  6.42641E-06  7.84795E-01 
7.23998E+01 7.79996E-01  6.16090E-06  7.79783E-01 
7.24998E+01 7.74996E-01  5.92178E-06  7.74778E-01 
7.25998E+01 7.69996E-01  5.68714E-06  7.69788E-01 
7.26998E+01 7.64996E-01  5.47226E-06  7.64778E-01 
7.27998E+01 7.59996E-01  5.35114E-06  7.59770E-01 
7.28998E+01 7.54996E-01  5.15004E-06  7.54766E-01 
7.29998E+01 7.49996E-01  4.92807E-06  7.49778E-01 
7.30998E+01 7.44996E-01  4.67236E-06  7.44780E-01 
7.31998E+01 7.39996E-01  4.41287E-06  7.39784E-01 
7.32998E+01 7.34996E-01  4.17593E-06  7.34759E-01 
7.33998E+01 7.29996E-01  3.93239E-06  7.29738E-01 
7.34998E+01 7.24996E-01  3.69415E-06  7.24731E-01 
7.35998E+01 7.19996E-01  3.44516E-06  7.19764E-01 
7.36998E+01 7.14996E-01  3.22323E-06  7.14745E-01 
7.37998E+01 7.09996E-01  2.94713E-06  7.09737E-01 
7.38998E+01 7.04996E-01  2.70587E-06  7.04749E-01 
7.39998E+01 6.99996E-01  2.51161E-06  6.99739E-01 
7.40998E+01 6.94996E-01  2.28565E-06  6.94740E-01 
7.41998E+01 6.89996E-01  2.10515E-06  6.89712E-01 
7.42998E+01 6.84996E-01  1.90281E-06  6.84749E-01 
7.43998E+01 6.79996E-01  1.68545E-06  6.79744E-01 
7.44998E+01 6.74996E-01  1.31818E-06  6.74742E-01 
7.45998E+01 6.69996E-01  1.00602E-06  6.69715E-01 
7.46998E+01 6.64996E-01  7.61072E-07  6.64733E-01 
7.47998E+01 6.59996E-01  4.38730E-07  6.59762E-01 
7.48998E+01 6.54996E-01  1.90495E-07  6.54728E-01 
7.49998E+01 6.49996E-01  -3.06871E-08 6.49714E-01 
7.50998E+01 6.44996E-01  -2.71193E-07 6.44735E-01 
7.51998E+01 6.39996E-01  -5.30433E-07 6.39722E-01 
7.52998E+01 6.34996E-01  -8.45872E-07 6.34705E-01 
7.53998E+01 6.29996E-01  -1.11919E-06 6.29693E-01 
7.54998E+01 6.24996E-01  -1.38683E-06 6.24647E-01 
7.55998E+01 6.19996E-01  -1.66592E-06 6.19665E-01 
7.56998E+01 6.14996E-01  -1.97792E-06 6.14678E-01 
7.57998E+01 6.09996E-01  -2.30351E-06 6.09664E-01 
7.58998E+01 6.04996E-01  -2.57955E-06 6.04685E-01 
7.59998E+01 5.99996E-01  -2.78988E-06 5.99675E-01 
7.60998E+01 5.94997E-01  -2.99719E-06 5.94688E-01 
7.61998E+01 5.89997E-01  -3.29686E-06 5.89658E-01 
7.62998E+01 5.84997E-01  -3.68158E-06 5.84647E-01 
7.63998E+01 5.79997E-01  -4.05800E-06 5.79658E-01 
7.64998E+01 5.74997E-01  -4.40365E-06 5.74685E-01 
7.65998E+01 5.69997E-01  -4.73479E-06 5.69665E-01 
7.66998E+01 5.64997E-01  -5.08501E-06 5.64656E-01 
7.67998E+01 5.59997E-01  -5.27964E-06 5.59659E-01 
7.68998E+01 5.54997E-01  -5.60270E-06 5.54647E-01 
7.69998E+01 5.49997E-01  -6.05676E-06 5.49626E-01 
7.70998E+01 5.44997E-01  -6.49113E-06 5.44615E-01 
7.71998E+01 5.39997E-01  -6.87162E-06 5.39630E-01 
7.72998E+01 5.34997E-01  -7.30650E-06 5.34645E-01 
7.73998E+01 5.29997E-01  -7.65419E-06 5.29670E-01 
7.74998E+01 5.24997E-01  -8.12147E-06 5.24628E-01 
7.75998E+01 5.19997E-01  -8.57690E-06 5.19633E-01 
7.76998E+01 5.14997E-01  -8.96646E-06 5.14646E-01 
7.77998E+01 5.09997E-01  -9.36287E-06 5.09644E-01 
7.78998E+01 5.04997E-01  -9.72201E-06 5.04637E-01 
7.79998E+01 4.99997E-01  -1.01558E-05 4.99594E-01 
7.80998E+01 4.94997E-01  -1.06021E-05 4.94626E-01 
7.81998E+01 4.89997E-01  -1.10424E-05 4.89644E-01 
7.82998E+01 4.84997E-01  -1.14636E-05 4.84618E-01 
7.83998E+01 4.79997E-01  -1.18971E-05 4.79624E-01 
7.84998E+01 4.74997E-01  -1.23596E-05 4.74617E-01 
7.85998E+01 4.69997E-01  -1.28276E-05 4.69596E-01 
7.86998E+01 4.64997E-01  -1.32993E-05 4.64600E-01 
7.87998E+01 4.59997E-01  -1.37749E-05 4.59596E-01 
7.88998E+01 4.54997E-01  -1.42338E-05 4.54592E-01 
7.89998E+01 4.49997E-01  -1.46808E-05 4.49583E-01 
7.90998E+01 4.44997E-01  -1.51929E-05 4.44591E-01 
7.91998E+01 4.39997E-01  -1.56931E-05 4.39591E-01 
7.92998E+01 4.34997E-01  -1.61888E-05 4.34597E-01 
7.93998E+01 4.29997E-01  -1.66878E-05 4.29576E-01 
7.94998E+01 4.24997E-01  -1.72210E-05 4.24585E-01 
7.95998E+01 4.19997E-01  -1.77555E-05 4.19560E-01 
7.96998E+01 4.14997E-01  -1.83035E-05 4.14561E-01 
7.97998E+01 4.09997E-01  -1.88454E-05 4.09575E-01 
7.98998E+01 4.04997E-01  -1.93845E-05 4.04541E-01 
7.99998E+01 3.99997E-01  -1.99059E-05 3.99523E-01 
8.00998E+01 3.94997E-01  -2.04919E-05 3.94538E-01 
8.01998E+01 3.89997E-01  -2.11047E-05 3.89548E-01 
8.02998E+01 3.84997E-01  -2.16708E-05 3.84532E-01 
8.03998E+01 3.79997E-01  -2.22489E-05 3.79543E-01 
8.04998E+01 3.74997E-01  -2.28547E-05 3.74553E-01 
8.05998E+01 3.69997E-01  -2.34325E-05 3.69550E-01 
8.06998E+01 3.64997E-01  -2.39478E-05 3.64536E-01 
8.07998E+01 3.59997E-01  -2.45489E-05 3.59511E-01 
8.08998E+01 3.54997E-01  -2.51873E-05 3.54532E-01 
8.09998E+01 3.49997E-01  -2.57505E-05 3.49527E-01 
8.10998E+01 3.44997E-01  -2.63494E-05 3.44482E-01 
8.11998E+01 3.39997E-01  -2.68425E-05 3.39537E-01 
8.12998E+01 3.34997E-01  -2.73067E-05 3.34543E-01 
8.13998E+01 3.29997E-01  -2.80183E-05 3.29513E-01 
8.14998E+01 3.24997E-01  -2.88269E-05 3.24508E-01 
8.15998E+01 3.19997E-01  -2.94088E-05 3.19526E-01 
8.16998E+01 3.14997E-01  -3.01522E-05 3.14491E-01 
8.17998E+01 3.09997E-01  -3.06715E-05 3.09516E-01 
8.18998E+01 3.04997E-01  -3.13813E-05 3.04497E-01 
8.19998E+01 2.99997E-01  -3.21032E-05 2.99492E-01 
8.20998E+01 2.94997E-01  -3.28142E-05 2.94464E-01 
8.21998E+01 2.89997E-01  -3.35043E-05 2.89456E-01 
8.22998E+01 2.84997E-01  -3.40179E-05 2.84503E-01 
8.23998E+01 2.79997E-01  -3.48365E-05 2.79472E-01 
8.24998E+01 2.74997E-01  -3.51571E-05 2.74475E-01 
8.25998E+01 2.69997E-01  -3.55104E-05 2.69460E-01 
8.26998E+01 2.64997E-01  -3.63010E-05 2.64453E-01 
8.27998E+01 2.59997E-01  -3.73527E-05 2.59451E-01 
8.28998E+01 2.54997E-01  -3.84011E-05 2.54454E-01 
8.29998E+01 2.49997E-01  -3.96313E-05 2.49421E-01 
8.30998E+01 2.44997E-01  -4.05721E-05 2.44434E-01 
8.31998E+01 2.39997E-01  -4.17389E-05 2.39441E-01 
8.32998E+01 2.34997E-01  -4.28470E-05 2.34421E-01 
8.33998E+01 2.29997E-01  -4.37061E-05 2.29427E-01 
8.34998E+01 2.24997E-01  -4.43130E-05 2.24441E-01 
8.35998E+01 2.19997E-01  -4.49019E-05 2.19465E-01 
8.36998E+01 2.14997E-01  -4.56738E-05 2.14435E-01 
8.37998E+01 2.09997E-01  -4.64075E-05 2.09417E-01 
8.38998E+01 2.04997E-01  -4.70088E-05 2.04420E-01 
8.39998E+01 1.99997E-01  -4.76379E-05 1.99437E-01 
8.40998E+01 1.94998E-01  -4.82185E-05 1.94420E-01 
8.41998E+01 1.89998E-01  -4.88625E-05 1.89422E-01 
8.42998E+01 1.84998E-01  -4.95683E-05 1.84425E-01 
8.43998E+01 1.79998E-01  -5.02998E-05 1.79429E-01 
8.44998E+01 1.74998E-01  -5.10361E-05 1.74423E-01 
8.45998E+01 1.69998E-01  -5.17567E-05 1.69413E-01 
8.46998E+01 1.64998E-01  -5.25025E-05 1.64438E-01 
8.47998E+01 1.59998E-01  -5.32773E-05 1.59447E-01 
8.48998E+01 1.54998E-01  -5.40664E-05 1.54420E-01 
8.49998E+01 1.49998E-01  -5.48774E-05 1.49408E-01 
8.50998E+01 1.44998E-01  -5.56701E-05 1.44427E-01 
8.51998E+01 1.39998E-01  -5.65058E-05 1.39426E-01 
8.52998E+01 1.34998E-01  -5.73733E-05 1.34415E-01 
8.53998E+01 1.29998E-01  -5.82335E-05 1.29415E-01 
8.54998E+01 1.24998E-01  -5.90866E-05 1.24432E-01 
8.55998E+01 1.19998E-01  -6.00119E-05 1.19412E-01 
8.56998E+01 1.14998E-01  -6.09593E-05 1.14429E-01 
8.57998E+01 1.09998E-01  -6.19301E-05 1.09398E-01 
8.58998E+01 1.04998E-01  -6.29326E-05 1.04425E-01 
8.59998E+01 9.99977E-02  -6.39350E-05 9.94014E-02 
8.60998E+01 9.49978E-02  -6.49863E-05 9.44067E-02 
8.61998E+01 8.99978E-02  -6.61152E-05 8.93740E-02 
8.62998E+01 8.49978E-02  -6.72652E-05 8.44036E-02 
8.63998E+01 7.99978E-02  -6.83819E-05 7.93934E-02 
8.64998E+01 7.49978E-02  -6.94996E-05 7.43862E-02 
8.65998E+01 6.99978E-02  -7.06672E-05 6.93609E-02 
8.66998E+01 6.49978E-02  -7.18724E-05 6.43725E-02 
8.67998E+01 5.99978E-02  -7.30923E-05 5.93891E-02 
8.68998E+01 5.49979E-02  -7.43537E-05 5.43800E-02 
8.69998E+01 4.99979E-02  -7.56413E-05 4.93573E-02 
8.70998E+01 4.49979E-02  -7.69543E-05 4.43657E-02 
8.71998E+01 3.99979E-02  -7.82729E-05 3.93723E-02 
8.72998E+01 3.49979E-02  -7.96429E-05 3.43695E-02 
8.73998E+01 2.99979E-02  -8.10493E-05 2.93317E-02 
8.74998E+01 2.49979E-02  -8.25136E-05 2.43539E-02 
8.75998E+01 1.99979E-02  -8.40334E-05 1.93842E-02 
8.76998E+01 1.49980E-02  -8.55491E-05 1.43408E-02 
8.77998E+01 9.99797E-03  -8.71726E-05 9.33050E-03 
8.78998E+01 4.99799E-03  -8.89112E-05 4.32212E-03 
8.79998E+01 -2.00000E-06 -9.06361E-05 -6.35700E-04
8.80998E+01 -5.00199E-03 -9.22942E-05 -5.66659E-03
8.81998E+01 -1.00020E-02 -9.40892E-05 -1.06788E-02
8.82998E+01 -1.50020E-02 -9.59146E-05 -1.56803E-02
8.83998E+01 -2.00020E-02 -9.77810E-05 -2.06925E-02
8.84998E+01 -2.50019E-02 -9.97083E-05 -2.56609E-02
8.85998E+01 -3.00019E-02 -1.01745E-04 -3.06781E-02
8.86998E+01 -3.50019E-02 -1.03741E-04 -3.57027E-02
8.87998E+01 -4.00019E-02 -1.05777E-04 -4.07080E-02
8.88998E+01 -4.50019E-02 -1.07854E-04 -4.57121E-02
8.89998E+01 -5.00019E-02 -1.09866E-04 -5.07086E-02
8.90998E+01 -5.50019E-02 -1.11827E-04 -5.57176E-02
8.91998E+01 -6.00019E-02 -1.13997E-04 -6.07092E-02
8.92998E+01 -6.50018E-02 -1.16177E-04 -6.56752E-02
8.93998E+01 -7.00018E-02 -1.18278E-04 -7.06892E-02
8.94998E+01 -7.50018E-02 -1.20580E-04 -7.57144E-02
8.95998E+01 -8.00018E-02 -1.22429E-04 -8.07235E-02
8.96998E+01 -8.50018E-02 -1.23881E-04 -8.57126E-02
8.97998E+01 -9.00018E-02 -1.26637E-04 -9.07266E-02
8.98998E+01 -9.50018E-02 -1.29912E-04 -9.57075E-02
8.99998E+01 -1.00002E-01 -1.33450E-04 -1.00749E-01
9.00998E+01 -1.05002E-01 -1.36656E-04 -1.05703E-01
9.01998E+01 -1.10002E-01 -1.39883E-04 -1.10709E-01
9.02998E+01 -1.15002E-01 -1.43100E-04 -1.15727E-01
9.03998E+01 -1.20002E-01 -1.47367E-04 -1.20723E-01
9.04998E+01 -1.25002E-01 -1.50972E-04 -1.25722E-01
9.05998E+01 -1.30002E-01 -1.54524E-04 -1.30712E-01
9.06998E+01 -1.35002E-01 -1.57917E-04 -1.35745E-01
9.07998E+01 -1.40002E-01 -1.60929E-04 -1.40751E-01
9.08998E+01 -1.45002E-01 -1.63328E-04 -1.45730E-01
9.09998E+01 -1.50002E-01 -1.66701E-04 -1.50736E-01
9.10998E+01 -1.55002E-01 -1.70410E-04 -1.55734E-01
9.11998E+01 -1.60002E-01 -1.74144E-04 -1.60759E-01
9.12998E+01 -1.65002E-01 -1.78376E-04 -1.65771E-01
9.13998E+01 -1.70002E-01 -1.82805E-04 -1.70734E-01
9.14998E+01 -1.75002E-01 -1.87673E-04 -1.75737E-01
9.15998E+01 -1.80002E-01 -1.92829E-04 -1.80775E-01
9.16998E+01 -1.85002E-01 -1.97914E-04 -1.85770E-01
9.17998E+01 -1.90002E-01 -2.02509E-04 -1.90771E-01
9.18998E+01 -1.95002E-01 -2.06827E-04 -1.95769E-01
9.19998E+01 -2.00002E-01 -2.10847E-04 -2.00801E-01
9.20998E+01 -2.05001E-01 -2.14948E-04 -2.05789E-01
9.21998E+01 -2.10001E-01 -2.19623E-04 -2.10760E-01
9.22998E+01 -2.15001E-01 -2.24190E-04 -2.15774E-01
9.23998E+01 -2.20001E-01 -2.27974E-04 -2.20775E-01
9.24998E+01 -2.25001E-01 -2.31349E-04 -2.25769E-01
9.25998E+01 -2.30001E-01 -2.34473E-04 -2.30767E-01
9.26998E+01 -2.35001E-01 -2.36848E-04 -2.35782E-01
9.27998E+01 -2.40001E-01 -2.37870E-04 -2.40785E-01
9.28998E+01 -2.45001E-01 -2.36331E-04 -2.45806E-01
9.29998E+01 -2.50001E-01 -2.30821E-04 -2.50791E-01
9.30998E+01 -2.55001E-01 -2.19369E-04 -2.55799E-01
9.31998E+01 -2.60001E-01 -2.02853E-04 -2.60826E-01
9.32998E+01 -2.65001E-01 -1.84306E-04 -2.65827E-01
9.33998E+01 -2.70001E-01 -1.64950E-04 -2.70810E-01
9.34998E+01 -2.75001E-01 -1.45519E-04 -2.75847E-01
9.35998E+01 -2.80001E-01 -1.27993E-04 -2.80838E-01
9.36998E+01 -2.85001E-01 -1.13953E-04 -2.85822E-01
9.37998E+01 -2.90001E-01 -1.03325E-04 -2.90800E-01
9.38998E+01 -2.95001E-01 -9.51266E-05 -2.95821E-01
9.39998E+01 -3.00001E-01 -8.85688E-05 -3.00825E-01
9.40998E+01 -3.05001E-01 -8.32352E-05 -3.05837E-01
9.41998E+01 -3.10001E-01 -7.87862E-05 -3.10800E-01
9.42998E+01 -3.15001E-01 -7.50577E-05 -3.15827E-01
9.43998E+01 -3.20001E-01 -7.20684E-05 -3.20811E-01
9.44998E+01 -3.25001E-01 -6.93569E-05 -3.25812E-01
9.45998E+01 -3.30001E-01 -6.68893E-05 -3.30864E-01
9.46998E+01 -3.35001E-01 -6.47977E-05 -3.35865E-01
9.47998E+01 -3.40001E-01 -6.29110E-05 -3.40842E-01
9.48998E+01 -3.45001E-01 -6.12449E-05 -3.45837E-01
9.49998E+01 -3.50001E-01 -5.97637E-05 -3.50851E-01
9.50998E+01 -3.55001E-01 -5.84165E-05 -3.55879E-01
9.51998E+01 -3.60001E-01 -5.72424E-05 -3.60853E-01
9.52998E+01 -3.65001E-01 -5.61704E-05 -3.65826E-01
9.53998E+01 -3.70001E-01 -5.51947E-05 -3.70870E-01
9.54998E+01 -3.75001E-01 -5.43290E-05 -3.75855E-01
9.55998E+01 -3.80001E-01 -5.35354E-05 -3.80875E-01
9.56998E+01 -3.85001E-01 -5.27821E-05 -3.85845E-01
9.57998E+01 -3.90001E-01 -5.20887E-05 -3.90881E-01
9.58998E+01 -3.95001E-01 -5.14473E-05 -3.95894E-01
9.59998E+01 -4.00001E-01 -5.08337E-05 -4.00882E-01
9.60998E+01 -4.05001E-01 -5.01918E-05 -4.05855E-01
9.61998E+01 -4.10001E-01 -4.97030E-05 -4.10856E-01
9.62998E+01 -4.15001E-01 -4.92271E-05 -4.15889E-01
9.63998E+01 -4.20001E-01 -4.87738E-05 -4.20877E-01
9.64998E+01 -4.25001E-01 -4.83268E-05 -4.25856E-01
9.65998E+01 -4.30001E-01 -4.79353E-05 -4.30903E-01
9.66998E+01 -4.35001E-01 -4.75567E-05 -4.35896E-01
9.67998E+01 -4.40001E-01 -4.71045E-05 -4.40872E-01
9.68998E+01 -4.45001E-01 -4.68029E-05 -4.45869E-01
9.69998E+01 -4.50001E-01 -4.65315E-05 -4.50895E-01
9.70998E+01 -4.55001E-01 -4.62719E-05 -4.55915E-01
9.71998E+01 -4.60001E-01 -4.60980E-05 -4.60885E-01
9.72998E+01 -4.65001E-01 -4.57862E-05 -4.65911E-01
9.73998E+01 -4.70001E-01 -4.54996E-05 -4.70896E-01
9.74998E+01 -4.75001E-01 -4.53694E-05 -4.75922E-01
9.75998E+01 -4.80001E-01 -4.52363E-05 -4.80916E-01
9.76998E+01 -4.85001E-01 -4.50819E-05 -4.85931E-01
9.77998E+01 -4.90001E-01 -4.49931E-05 -4.90923E-01
9.78998E+01 -4.95001E-01 -4.48962E-05 -4.95932E-01
9.79998E+01 -5.00001E-01 -4.47800E-05 -5.00947E-01
9.80998E+01 -5.05001E-01 -4.46653E-05 -5.05948E-01
9.81998E+01 -5.10001E-01 -4.45839E-05 -5.10975E-01
9.82998E+01 -5.15001E-01 -4.46211E-05 -5.15961E-01
9.83998E+01 -5.20001E-01 -4.46666E-05 -5.20954E-01
9.84998E+01 -5.25001E-01 -4.46528E-05 -5.25961E-01
9.85998E+01 -5.30001E-01 -4.46436E-05 -5.30941E-01
9.86998E+01 -5.35001E-01 -4.47213E-05 -5.35953E-01
9.87998E+01 -5.40001E-01 -4.47865E-05 -5.40972E-01
9.88998E+01 -5.45001E-01 -4.47358E-05 -5.45966E-01
9.89998E+01 -5.50001E-01 -4.48600E-05 -5.50972E-01
9.90998E+01 -5.55001E-01 -4.50826E-05 -5.55973E-01
9.91998E+01 -5.60001E-01 -4.52333E-05 -5.60965E-01
9.92998E+01 -5.65001E-01 -4.53067E-05 -5.65949E-01
9.93998E+01 -5.70001E-01 -4.54124E-05 -5.70979E-01
9.94998E+01 -5.75001E-01 -4.55149E-05 -5.75982E-01
9.95998E+01 -5.80001E-01 -4.56208E-05 -5.81003E-01
9.96998E+01 -5.85001E-01 -4.57355E-05 -5.85977E-01
9.97998E+01 -5.90001E-01 -4.58572E-05 -5.90978E-01
9.98998E+01 -5.95001E-01 -4.59808E-05 -5.96015E-01
9.99997E+01 -6.00001E-01 -4.61175E-05 -6.00987E-01
1.00100E+02 -6.05000E-01 -4.61805E-05 -6.05986E-01
1.00200E+02 -6.10000E-01 -4.62884E-05 -6.10983E-01
1.00300E+02 -6.15000E-01 -4.64041E-05 -6.15976E-01
1.00400E+02 -6.20000E-01 -4.65490E-05 -6.20970E-01
1.00500E+02 -6.25000E-01 -4.66842E-05 -6.25991E-01
1.00600E+02 -6.30000E-01 -4.66237E-05 -6.30996E-01
1.00700E+02 -6.35000E-01 -4.66992E-05 -6.35993E-01
1.00800E+02 -6.40000E-01 -4.68004E-05 -6.41005E-01
1.00900E+02 -6.45000E-01 -4.68861E-05 -6.46034E-01
1.01000E+02 -6.50000E-01 -4.69821E-05 -6.50991E-01
1.01100E+02 -6.55000E-01 -4.70665E-05 -6.56028E-01
1.01200E+02 -6.60000E-01 -4.71212E-05 -6.61037E-01
1.01300E+02 -6.65000E-01 -4.71799E-05 -6.66006E-01
1.01400E+02 -6.70000E-01 -4.70480E-05 -6.71029E-01
1.01500E+02 -6.75000E-01 -4.72432E-05 -6.76036E-01
1.01600E+02 -6.80000E-01 -4.74283E-05 -6.81076E-01
1.01700E+02 -6.85000E-01 -4.74738E-05 -6.86017E-01
1.01800E+02 -6.90000E-01 -4.75685E-05 -6.91045E-01
1.01900E+02 -6.95000E-01 -4.74975E-05 -6.96049E-01
1.02000E+02 -7.00000E-01 -4.76214E-05 -7.01052E-01
1.02100E+02 -7.05000E-01 -4.77286E-05 -7.06047E-01
1.02200E+02 -7.10000E-01 -4.77666E-05 -7.11059E-01
1.02300E+02 -7.15000E-01 -4.78423E-05 -7.16063E-01
1.02400E+02 -7.20000E-01 -4.78778E-05 -7.21049E-01
1.02500E+02 -7.25000E-01 -4.79370E-05 -7.26051E-01
1.02600E+02 -7.30000E-01 -4.80127E-05 -7.31025E-01
1.02700E+02 -7.35000E-01 -4.81019E-05 -7.36068E-01
1.02800E+02 -7.40000E-01 -4.81599E-05 -7.41043E-01
1.02900E+02 -7.45000E-01 -4.82536E-05 -7.46059E-01
1.03000E+02 -7.50000E-01 -4.83663E-05 -7.51059E-01
1.03100E+02 -7.55000E-01 -4.84914E-05 -7.56065E-01
1.03200E+02 -7.60000E-01 -4.86856E-05 -7.61103E-01
1.03300E+02 -7.65000E-01 -4.88193E-05 -7.66082E-01
1.03400E+02 -7.70000E-01 -4.89435E-05 -7.71048E-01
1.03500E+02 -7.75000E-01 -4.91009E-05 -7.76066E-01
1.03600E+02 -7.80000E-01 -4.92595E-05 -7.81086E-01
1.03700E+02 -7.85000E-01 -4.94339E-05 -7.86092E-01
1.03800E+02 -7.90000E-01 -4.96313E-05 -7.91061E-01
1.03900E+02 -7.95000E-01 -4.98280E-05 -7.96070E-01
