time/s      E/V        I/A
0.00000E+00 -8.00000E-01 -3.72569E-05 -8.01173E-01
9.99997E-02 -7.95000E-01 -3.60503E-05 -7.96150E-01
1.99999E-01 -7.90000E-01 -3.50617E-05 -7.91143E-01
2.99999E-01 -7.85000E-01 -3.41655E-05 -7.86150E-01
3.99999E-01 -7.80000E-01 -3.33630E-05 -7.81161E-01
4.99999E-01 -7.75000E-01 -3.26029E-05 -7.76153E-01
5.99998E-01 -7.70000E-01 -3.18805E-05 -7.71138E-01
6.99998E-01 -7.65000E-01 -3.12001E-05 -7.66164E-01
7.99998E-01 -7.60000E-01 -3.05614E-05 -7.61159E-01
8.99998E-01 -7.55000E-01 -2.99467E-05 -7.56142E-01
9.99997E-01 -7.50000E-01 -2.93708E-05 -7.51138E-01
1.10000E+00 -7.45000E-01 -2.88146E-05 -7.46147E-01
1.20000E+00 -7.40000E-01 -2.82838E-05 -7.41149E-01
1.30000E+00 -7.35000E-01 -2.77712E-05 -7.36134E-01
1.40000E+00 -7.30000E-01 -2.72783E-05 -7.31130E-01
1.50000E+00 -7.25000E-01 -2.67969E-05 -7.26138E-01
1.60000E+00 -7.20000E-01 -2.63371E-05 -7.21148E-01
1.70000E+00 -7.15000E-01 -2.58929E-05 -7.16138E-01
1.80000E+00 -7.10000E-01 -2.54646E-05 -7.11111E-01
1.90000E+00 -7.05000E-01 -2.50444E-05 -7.06129E-01
1.99999E+00 -7.00000E-01 -2.46477E-05 -7.01160E-01
2.09999E+00 -6.95000E-01 -2.42554E-05 -6.96123E-01
2.19999E+00 -6.90000E-01 -2.38772E-05 -6.91117E-01
2.29999E+00 -6.85000E-01 -2.35079E-05 -6.86120E-01
2.39999E+00 -6.80000E-01 -2.31525E-05 -6.81106E-01
2.49999E+00 -6.75000E-01 -2.27984E-05 -6.76118E-01
2.59999E+00 -6.70000E-01 -2.24589E-05 -6.71089E-01
2.69999E+00 -6.65000E-01 -2.21296E-05 -6.66118E-01
2.79999E+00 -6.60000E-01 -2.18053E-05 -6.61109E-01
2.89999E+00 -6.55000E-01 -2.14864E-05 -6.56125E-01
2.99999E+00 -6.50000E-01 -2.11792E-05 -6.51090E-01
3.09999E+00 -6.45000E-01 -2.08757E-05 -6.46067E-01
3.19999E+00 -6.40000E-01 -2.05816E-05 -6.41071E-01
3.29999E+00 -6.35000E-01 -2.02944E-05 -6.36094E-01
3.39999E+00 -6.30000E-01 -2.00065E-05 -6.31066E-01
3.49999E+00 -6.25000E-01 -1.97243E-05 -6.26050E-01
3.59999E+00 -6.20000E-01 -1.94510E-05 -6.21075E-01
3.69999E+00 -6.15000E-01 -1.91769E-05 -6.16084E-01
3.79999E+00 -6.10000E-01 -1.89098E-05 -6.11083E-01
3.89999E+00 -6.05000E-01 -1.86481E-05 -6.06062E-01
3.99999E+00 -6.00001E-01 -1.83904E-05 -6.01079E-01
4.09999E+00 -5.95001E-01 -1.81359E-05 -5.96080E-01
4.19999E+00 -5.90001E-01 -1.78880E-05 -5.91091E-01
4.29999E+00 -5.85001E-01 -1.76411E-05 -5.86051E-01
4.39999E+00 -5.80001E-01 -1.73989E-05 -5.81061E-01
4.49999E+00 -5.75001E-01 -1.71582E-05 -5.76038E-01
4.59999E+00 -5.70001E-01 -1.69253E-05 -5.71057E-01
4.69999E+00 -5.65001E-01 -1.66903E-05 -5.66053E-01
4.79999E+00 -5.60001E-01 -1.64593E-05 -5.61050E-01
4.89999E+00 -5.55001E-01 -1.62334E-05 -5.56047E-01
4.99999E+00 -5.50001E-01 -1.60099E-05 -5.51043E-01
5.09999E+00 -5.45001E-01 -1.57845E-05 -5.46043E-01
5.19999E+00 -5.40001E-01 -1.55661E-05 -5.41042E-01
5.29999E+00 -5.35001E-01 -1.53498E-05 -5.36035E-01
5.39999E+00 -5.30001E-01 -1.51352E-05 -5.31066E-01
5.49999E+00 -5.25001E-01 -1.49185E-05 -5.26034E-01
5.59999E+00 -5.20001E-01 -1.47103E-05 -5.21020E-01
5.69999E+00 -5.15001E-01 -1.44984E-05 -5.16029E-01
5.79999E+00 -5.10001E-01 -1.42940E-05 -5.11038E-01
5.89999E+00 -5.05001E-01 -1.40876E-05 -5.06043E-01
5.99998E+00 -5.00001E-01 -1.38882E-05 -5.01028E-01
6.09998E+00 -4.95001E-01 -1.36835E-05 -4.96017E-01
6.19998E+00 -4.90001E-01 -1.34846E-05 -4.91007E-01
6.29998E+00 -4.85001E-01 -1.32843E-05 -4.86012E-01
6.39998E+00 -4.80001E-01 -1.30886E-05 -4.80994E-01
6.49998E+00 -4.75001E-01 -1.28919E-05 -4.75996E-01
6.59998E+00 -4.70001E-01 -1.26984E-05 -4.70980E-01
6.69998E+00 -4.65001E-01 -1.25053E-05 -4.65968E-01
6.79998E+00 -4.60001E-01 -1.23151E-05 -4.60960E-01
6.89998E+00 -4.55001E-01 -1.21251E-05 -4.56002E-01
6.99998E+00 -4.50001E-01 -1.19384E-05 -4.50981E-01
7.09998E+00 -4.45001E-01 -1.17520E-05 -4.45966E-01
7.19998E+00 -4.40001E-01 -1.15708E-05 -4.40984E-01
7.29998E+00 -4.35001E-01 -1.13850E-05 -4.35992E-01
7.39998E+00 -4.30001E-01 -1.12046E-05 -4.30973E-01
7.49998E+00 -4.25001E-01 -1.10250E-05 -4.25971E-01
7.59998E+00 -4.20001E-01 -1.08478E-05 -4.20969E-01
7.69998E+00 -4.15001E-01 -1.06699E-05 -4.15982E-01
7.79998E+00 -4.10001E-01 -1.04965E-05 -4.10966E-01
7.89998E+00 -4.05001E-01 -1.03232E-05 -4.05937E-01
7.99998E+00 -4.00001E-01 -1.01520E-05 -4.00965E-01
8.09998E+00 -3.95001E-01 -9.98391E-06 -3.95938E-01
8.19998E+00 -3.90001E-01 -9.81973E-06 -3.90927E-01
8.29998E+00 -3.85001E-01 -9.65302E-06 -3.85926E-01
8.39998E+00 -3.80001E-01 -9.49063E-06 -3.80944E-01
8.49998E+00 -3.75001E-01 -9.33014E-06 -3.75948E-01
8.59998E+00 -3.70001E-01 -9.17263E-06 -3.70933E-01
8.69998E+00 -3.65001E-01 -9.01410E-06 -3.65921E-01
8.79998E+00 -3.60001E-01 -8.86098E-06 -3.60912E-01
8.89998E+00 -3.55001E-01 -8.70670E-06 -3.55940E-01
8.99998E+00 -3.50001E-01 -8.55091E-06 -3.50921E-01
9.09998E+00 -3.45001E-01 -8.40477E-06 -3.45933E-01
9.19998E+00 -3.40001E-01 -8.25803E-06 -3.40921E-01
9.29998E+00 -3.35001E-01 -8.10859E-06 -3.35924E-01
9.39998E+00 -3.30001E-01 -7.96425E-06 -3.30914E-01
9.49998E+00 -3.25001E-01 -7.81916E-06 -3.25921E-01
9.59998E+00 -3.20001E-01 -7.67485E-06 -3.20910E-01
9.69998E+00 -3.15001E-01 -7.53268E-06 -3.15899E-01
9.79998E+00 -3.10001E-01 -7.39072E-06 -3.10900E-01
9.89998E+00 -3.05001E-01 -7.24888E-06 -3.05899E-01
9.99997E+00 -3.00001E-01 -7.10459E-06 -3.00891E-01
1.01000E+01 -2.95001E-01 -6.96762E-06 -2.95876E-01
1.02000E+01 -2.90001E-01 -6.82990E-06 -2.90878E-01
1.03000E+01 -2.85001E-01 -6.68921E-06 -2.85879E-01
1.04000E+01 -2.80001E-01 -6.55172E-06 -2.80890E-01
1.05000E+01 -2.75001E-01 -6.41465E-06 -2.75885E-01
1.06000E+01 -2.70001E-01 -6.27759E-06 -2.70869E-01
1.07000E+01 -2.65001E-01 -6.13907E-06 -2.65893E-01
1.08000E+01 -2.60001E-01 -6.00170E-06 -2.60883E-01
1.09000E+01 -2.55001E-01 -5.86481E-06 -2.55879E-01
1.10000E+01 -2.50001E-01 -5.72632E-06 -2.50845E-01
1.11000E+01 -2.45001E-01 -5.61869E-06 -2.45868E-01
1.12000E+01 -2.40001E-01 -5.48280E-06 -2.40881E-01
1.13000E+01 -2.35001E-01 -5.34734E-06 -2.35854E-01
1.14000E+01 -2.30001E-01 -5.20965E-06 -2.30830E-01
1.15000E+01 -2.25001E-01 -5.07448E-06 -2.25841E-01
1.16000E+01 -2.20001E-01 -4.93824E-06 -2.20853E-01
1.17000E+01 -2.15001E-01 -4.80354E-06 -2.15848E-01
1.18000E+01 -2.10001E-01 -4.67013E-06 -2.10822E-01
1.19000E+01 -2.05001E-01 -4.53731E-06 -2.05846E-01
1.20000E+01 -2.00002E-01 -4.39884E-06 -2.00849E-01
1.21000E+01 -1.95002E-01 -4.26930E-06 -1.95853E-01
1.22000E+01 -1.90002E-01 -4.13773E-06 -1.90835E-01
1.23000E+01 -1.85002E-01 -4.00566E-06 -1.85843E-01
1.24000E+01 -1.80002E-01 -3.87310E-06 -1.80842E-01
1.25000E+01 -1.75002E-01 -3.74043E-06 -1.75821E-01
1.26000E+01 -1.70002E-01 -3.64490E-06 -1.70833E-01
1.27000E+01 -1.65002E-01 -3.51315E-06 -1.65808E-01
1.28000E+01 -1.60002E-01 -3.37976E-06 -1.60818E-01
1.29000E+01 -1.55002E-01 -3.24716E-06 -1.55808E-01
1.30000E+01 -1.50002E-01 -3.11496E-06 -1.50773E-01
1.31000E+01 -1.45002E-01 -2.98430E-06 -1.45792E-01
1.32000E+01 -1.40002E-01 -2.84835E-06 -1.40789E-01
1.33000E+01 -1.35002E-01 -2.71470E-06 -1.35792E-01
1.34000E+01 -1.30002E-01 -2.58137E-06 -1.30788E-01
1.35000E+01 -1.25002E-01 -2.44890E-06 -1.25768E-01
1.36000E+01 -1.20002E-01 -2.31250E-06 -1.20795E-01
1.37000E+01 -1.15002E-01 -2.17848E-06 -1.15810E-01
1.38000E+01 -1.10002E-01 -2.04197E-06 -1.10771E-01
1.39000E+01 -1.05002E-01 -1.90727E-06 -1.05797E-01
1.40000E+01 -1.00002E-01 -1.76916E-06 -1.00813E-01
1.41000E+01 -9.50018E-02 -1.63292E-06 -9.57594E-02
1.42000E+01 -9.00018E-02 -1.49694E-06 -9.07684E-02
1.43000E+01 -8.50018E-02 -1.35576E-06 -8.57569E-02
1.44000E+01 -8.00018E-02 -1.21926E-06 -8.07859E-02
1.45000E+01 -7.50018E-02 -1.07754E-06 -7.57569E-02
1.46000E+01 -7.00018E-02 -9.39155E-07 -7.07548E-02
1.47000E+01 -6.50018E-02 -7.95682E-07 -6.57538E-02
1.48000E+01 -6.00019E-02 -6.53818E-07 -6.07729E-02
1.49000E+01 -5.50019E-02 -5.11384E-07 -5.57445E-02
1.50000E+01 -5.00019E-02 -3.66954E-07 -5.07373E-02
1.51000E+01 -4.50019E-02 -2.22347E-07 -4.57327E-02
1.52000E+01 -4.00019E-02 -7.60906E-08 -4.07617E-02
1.53000E+01 -3.50019E-02 6.82519E-08  -3.57527E-02
1.54000E+01 -3.00019E-02 2.17094E-07  -3.07518E-02
1.55000E+01 -2.50019E-02 3.63220E-07  -2.57483E-02
1.56000E+01 -2.00020E-02 5.13548E-07  -2.07712E-02
1.57000E+01 -1.50020E-02 6.61696E-07  -1.57422E-02
1.58000E+01 -1.00020E-02 8.13148E-07  -1.07319E-02
1.59000E+01 -5.00199E-03 9.64508E-07  -5.71657E-03
1.60000E+01 -2.00000E-06 1.11614E-06  -7.18779E-04
1.61000E+01 4.99799E-03  1.26929E-06  4.27215E-03 
1.62000E+01 9.99797E-03  1.42068E-06  9.27181E-03 
1.63000E+01 1.49980E-02  1.57747E-06  1.42715E-02 
1.64000E+01 1.99979E-02  1.73202E-06  1.92924E-02 
1.65000E+01 2.49979E-02  1.88927E-06  2.42740E-02 
1.66000E+01 2.99979E-02  2.04705E-06  2.92792E-02 
1.67000E+01 3.49979E-02  2.20429E-06  3.42908E-02 
1.68000E+01 3.99979E-02  2.36574E-06  3.93029E-02 
1.69000E+01 4.49979E-02  2.52667E-06  4.42807E-02 
1.70000E+01 4.99979E-02  2.68712E-06  4.92835E-02 
1.71000E+01 5.49979E-02  2.85213E-06  5.42963E-02 
1.72000E+01 5.99978E-02  3.01754E-06  5.92985E-02 
1.73000E+01 6.49978E-02  3.18600E-06  6.42857E-02 
1.74000E+01 6.99978E-02  3.35440E-06  6.92966E-02 
1.75000E+01 7.49978E-02  3.52542E-06  7.43063E-02 
1.76000E+01 7.99978E-02  3.70186E-06  7.93034E-02 
1.77000E+01 8.49978E-02  3.87876E-06  8.43212E-02 
1.78000E+01 8.99978E-02  4.05796E-06  8.92940E-02 
1.79000E+01 9.49978E-02  4.24325E-06  9.43187E-02 
1.80000E+01 9.99977E-02  4.42835E-06  9.93302E-02 
1.81000E+01 1.04998E-01  4.62075E-06  1.04340E-01 
1.82000E+01 1.09998E-01  4.81589E-06  1.09305E-01 
1.83000E+01 1.14998E-01  5.01413E-06  1.14339E-01 
1.84000E+01 1.19998E-01  5.21922E-06  1.19338E-01 
1.85000E+01 1.24998E-01  5.42513E-06  1.24339E-01 
1.86000E+01 1.29998E-01  5.64052E-06  1.29317E-01 
1.87000E+01 1.34998E-01  5.85686E-06  1.34335E-01 
1.88000E+01 1.39998E-01  6.08092E-06  1.39356E-01 
1.89000E+01 1.44998E-01  6.31090E-06  1.44342E-01 
1.90000E+01 1.49998E-01  6.54567E-06  1.49352E-01 
1.91000E+01 1.54998E-01  6.78786E-06  1.54377E-01 
1.92000E+01 1.59998E-01  7.03492E-06  1.59391E-01 
1.93000E+01 1.64998E-01  7.28860E-06  1.64368E-01 
1.94000E+01 1.69998E-01  7.54954E-06  1.69372E-01 
1.95000E+01 1.74998E-01  7.81606E-06  1.74380E-01 
1.96000E+01 1.79998E-01  8.08849E-06  1.79379E-01 
1.97000E+01 1.84998E-01  8.36916E-06  1.84370E-01 
1.98000E+01 1.89998E-01  8.65821E-06  1.89367E-01 
1.99000E+01 1.94998E-01  8.95216E-06  1.94378E-01 
1.99999E+01 1.99997E-01  9.25484E-06  1.99399E-01 
2.00999E+01 2.04997E-01  9.56383E-06  2.04388E-01 
2.01999E+01 2.09997E-01  9.87741E-06  2.09379E-01 
2.02999E+01 2.14997E-01  1.02027E-05  2.14397E-01 
2.03999E+01 2.19997E-01  1.05316E-05  2.19415E-01 
2.04999E+01 2.24997E-01  1.08684E-05  2.24419E-01 
2.05999E+01 2.29997E-01  1.12102E-05  2.29378E-01 
2.06999E+01 2.34997E-01  1.15595E-05  2.34396E-01 
2.07999E+01 2.39997E-01  1.19089E-05  2.39401E-01 
2.08999E+01 2.44997E-01  1.22674E-05  2.44387E-01 
2.09999E+01 2.49997E-01  1.26287E-05  2.49373E-01 
2.10999E+01 2.54997E-01  1.29953E-05  2.54381E-01 
2.11999E+01 2.59997E-01  1.33642E-05  2.59398E-01 
2.12999E+01 2.64997E-01  1.37324E-05  2.64405E-01 
2.13999E+01 2.69997E-01  1.41053E-05  2.69413E-01 
2.14999E+01 2.74997E-01  1.44736E-05  2.74399E-01 
2.15999E+01 2.79997E-01  1.48457E-05  2.79415E-01 
2.16999E+01 2.84997E-01  1.52104E-05  2.84419E-01 
2.17999E+01 2.89997E-01  1.55785E-05  2.89429E-01 
2.18999E+01 2.94997E-01  1.59399E-05  2.94426E-01 
2.19999E+01 2.99997E-01  1.62971E-05  2.99420E-01 
2.20999E+01 3.04997E-01  1.66507E-05  3.04418E-01 
2.21999E+01 3.09997E-01  1.69958E-05  3.09426E-01 
2.22999E+01 3.14997E-01  1.73394E-05  3.14438E-01 
2.23999E+01 3.19997E-01  1.76703E-05  3.19457E-01 
2.24999E+01 3.24997E-01  1.79995E-05  3.24453E-01 
2.25999E+01 3.29997E-01  1.83146E-05  3.29469E-01 
2.26999E+01 3.34997E-01  1.86284E-05  3.34475E-01 
2.27999E+01 3.39997E-01  1.89294E-05  3.39471E-01 
2.28999E+01 3.44997E-01  1.92254E-05  3.44457E-01 
2.29999E+01 3.49997E-01  1.95087E-05  3.49465E-01 
2.30999E+01 3.54997E-01  1.97875E-05  3.54483E-01 
2.31999E+01 3.59997E-01  2.00581E-05  3.59487E-01 
2.32999E+01 3.64997E-01  2.03232E-05  3.64440E-01 
2.33999E+01 3.69997E-01  2.05777E-05  3.69470E-01 
2.34999E+01 3.74997E-01  2.08304E-05  3.74492E-01 
2.35999E+01 3.79997E-01  2.10747E-05  3.79491E-01 
2.36999E+01 3.84997E-01  2.13613E-05  3.84467E-01 
2.37999E+01 3.89997E-01  2.15980E-05  3.89496E-01 
2.38999E+01 3.94997E-01  2.18376E-05  3.94507E-01 
2.39999E+01 3.99997E-01  2.20689E-05  3.99494E-01 
2.40999E+01 4.04997E-01  2.23054E-05  4.04486E-01 
2.41999E+01 4.09997E-01  2.25425E-05  4.09487E-01 
2.42999E+01 4.14997E-01  2.27743E-05  4.14492E-01 
2.43999E+01 4.19997E-01  2.30114E-05  4.19499E-01 
2.44999E+01 4.24997E-01  2.32498E-05  4.24507E-01 
2.45999E+01 4.29997E-01  2.34864E-05  4.29505E-01 
2.46999E+01 4.34997E-01  2.37302E-05  4.34507E-01 
2.47999E+01 4.39997E-01  2.39717E-05  4.39512E-01 
2.48999E+01 4.44997E-01  2.42181E-05  4.44519E-01 
2.49999E+01 4.49997E-01  2.44643E-05  4.49518E-01 
2.50999E+01 4.54997E-01  2.47155E-05  4.54546E-01 
2.51999E+01 4.59997E-01  2.49710E-05  4.59536E-01 
2.52999E+01 4.64997E-01  2.52214E-05  4.64543E-01 
2.53999E+01 4.69997E-01  2.54828E-05  4.69539E-01 
2.54999E+01 4.74997E-01  2.57410E-05  4.74543E-01 
2.55999E+01 4.79997E-01  2.60062E-05  4.79537E-01 
2.56999E+01 4.84997E-01  2.62727E-05  4.84547E-01 
2.57999E+01 4.89997E-01  2.65435E-05  4.89562E-01 
2.58999E+01 4.94997E-01  2.68146E-05  4.94581E-01 
2.59999E+01 4.99997E-01  2.70961E-05  4.99562E-01 
2.60999E+01 5.04997E-01  2.73719E-05  5.04583E-01 
2.61999E+01 5.09997E-01  2.76573E-05  5.09568E-01 
2.62999E+01 5.14997E-01  2.79422E-05  5.14578E-01 
2.63999E+01 5.19997E-01  2.82331E-05  5.19554E-01 
2.64999E+01 5.24997E-01  2.85258E-05  5.24554E-01 
2.65999E+01 5.29997E-01  2.88283E-05  5.29582E-01 
2.66999E+01 5.34997E-01  2.91276E-05  5.34578E-01 
2.67999E+01 5.39997E-01  2.94336E-05  5.39570E-01 
2.68999E+01 5.44997E-01  2.97451E-05  5.44575E-01 
2.69999E+01 5.49997E-01  3.00569E-05  5.49582E-01 
2.70999E+01 5.54997E-01  3.03691E-05  5.54606E-01 
2.71999E+01 5.59997E-01  3.06888E-05  5.59587E-01 
2.72999E+01 5.64997E-01  3.10073E-05  5.64579E-01 
2.73999E+01 5.69997E-01  3.13300E-05  5.69593E-01 
2.74999E+01 5.74997E-01  3.16555E-05  5.74602E-01 
2.75999E+01 5.79997E-01  3.19848E-05  5.79590E-01 
2.76999E+01 5.84997E-01  3.23180E-05  5.84583E-01 
2.77999E+01 5.89997E-01  3.26478E-05  5.89589E-01 
2.78999E+01 5.94997E-01  3.29810E-05  5.94605E-01 
2.79999E+01 5.99996E-01  3.33178E-05  5.99591E-01 
2.80999E+01 6.04996E-01  3.36516E-05  6.04590E-01 
2.81999E+01 6.09996E-01  3.39886E-05  6.09595E-01 
2.82999E+01 6.14996E-01  3.43267E-05  6.14617E-01 
2.83999E+01 6.19996E-01  3.46660E-05  6.19584E-01 
2.84999E+01 6.24996E-01  3.50056E-05  6.24601E-01 
2.85999E+01 6.29996E-01  3.53432E-05  6.29611E-01 
2.86999E+01 6.34996E-01  3.56808E-05  6.34613E-01 
2.87999E+01 6.39996E-01  3.60188E-05  6.39640E-01 
2.88999E+01 6.44996E-01  3.63566E-05  6.44625E-01 
2.89999E+01 6.49996E-01  3.66943E-05  6.49622E-01 
2.90999E+01 6.54996E-01  3.70342E-05  6.54637E-01 
2.91999E+01 6.59996E-01  3.73683E-05  6.59669E-01 
2.92999E+01 6.64996E-01  3.77055E-05  6.64635E-01 
2.93999E+01 6.69996E-01  3.80359E-05  6.69657E-01 
2.94999E+01 6.74996E-01  3.83711E-05  6.74673E-01 
2.95999E+01 6.79996E-01  3.86994E-05  6.79684E-01 
2.96999E+01 6.84996E-01  3.90298E-05  6.84669E-01 
2.97999E+01 6.89996E-01  3.93573E-05  6.89670E-01 
2.98999E+01 6.94996E-01  3.96831E-05  6.94666E-01 
2.99999E+01 6.99996E-01  4.00072E-05  6.99685E-01 
3.00999E+01 7.04996E-01  4.03332E-05  7.04671E-01 
3.01999E+01 7.09996E-01  4.06524E-05  7.09666E-01 
3.02999E+01 7.14996E-01  4.09717E-05  7.14662E-01 
3.03999E+01 7.19996E-01  4.12887E-05  7.19694E-01 
3.04999E+01 7.24996E-01  4.16040E-05  7.24679E-01 
3.05999E+01 7.29996E-01  4.19155E-05  7.29677E-01 
3.06999E+01 7.34996E-01  4.22262E-05  7.34685E-01 
3.07999E+01 7.39996E-01  4.25332E-05  7.39700E-01 
3.08999E+01 7.44996E-01  4.28409E-05  7.44710E-01 
3.09999E+01 7.49996E-01  4.31419E-05  7.49698E-01 
3.10999E+01 7.54996E-01  4.34448E-05  7.54715E-01 
3.11999E+01 7.59996E-01  4.37426E-05  7.59723E-01 
3.12999E+01 7.64996E-01  4.40380E-05  7.64736E-01 
3.13999E+01 7.69996E-01  4.43319E-05  7.69708E-01 
3.14999E+01 7.74996E-01  4.46233E-05  7.74700E-01 
3.15999E+01 7.79996E-01  4.49158E-05  7.79721E-01 
3.16999E+01 7.84996E-01  4.52009E-05  7.84725E-01 
3.17999E+01 7.89996E-01  4.54864E-05  7.89734E-01 
3.18999E+01 7.94996E-01  4.57674E-05  7.94725E-01 
3.19999E+01 7.99996E-01  4.60496E-05  7.99744E-01 
3.20999E+01 8.04996E-01  4.63250E-05  8.04730E-01 
3.21999E+01 8.09996E-01  4.65980E-05  8.09741E-01 
3.22999E+01 8.14996E-01  4.68700E-05  8.14763E-01 
3.23999E+01 8.19996E-01  4.71401E-05  8.19748E-01 
3.24999E+01 8.24996E-01  4.74062E-05  8.24758E-01 
3.25999E+01 8.29996E-01  4.76687E-05  8.29765E-01 
3.26999E+01 8.34996E-01  4.79320E-05  8.34774E-01 
3.27999E+01 8.39996E-01  4.81861E-05  8.39774E-01 
3.28999E+01 8.44996E-01  4.84439E-05  8.44755E-01 
3.29999E+01 8.49996E-01  4.86967E-05  8.49763E-01 
3.30999E+01 8.54996E-01  4.89417E-05  8.54764E-01 
3.31999E+01 8.59996E-01  4.91869E-05  8.59782E-01 
3.32999E+01 8.64996E-01  4.94323E-05  8.64776E-01 
3.33999E+01 8.69996E-01  4.96731E-05  8.69768E-01 
3.34999E+01 8.74996E-01  4.99141E-05  8.74781E-01 
3.35999E+01 8.79996E-01  5.01516E-05  8.79782E-01 
3.36999E+01 8.84996E-01  5.03880E-05  8.84774E-01 
3.37999E+01 8.89996E-01  5.06184E-05  8.89782E-01 
3.38999E+01 8.94996E-01  5.08530E-05  8.94806E-01 
3.39999E+01 8.99996E-01  5.10808E-05  8.99801E-01 
3.40999E+01 9.04996E-01  5.13094E-05  9.04791E-01 
3.41999E+01 9.09996E-01  5.15365E-05  9.09772E-01 
3.42999E+01 9.14996E-01  5.17773E-05  9.14799E-01 
3.43999E+01 9.19996E-01  5.19876E-05  9.19800E-01 
3.44999E+01 9.24996E-01  5.21970E-05  9.24789E-01 
3.45999E+01 9.29996E-01  5.24117E-05  9.29787E-01 
3.46999E+01 9.34996E-01  5.26280E-05  9.34815E-01 
3.47999E+01 9.39996E-01  5.28402E-05  9.39842E-01 
3.48999E+01 9.44996E-01  5.30530E-05  9.44833E-01 
3.49999E+01 9.49996E-01  5.33046E-05  9.49826E-01 
3.50999E+01 9.54996E-01  5.35064E-05  9.54847E-01 
3.51999E+01 9.59996E-01  5.36967E-05  9.59836E-01 
3.52999E+01 9.64996E-01  5.38936E-05  9.64858E-01 
3.53999E+01 9.69996E-01  5.40924E-05  9.69852E-01 
3.54999E+01 9.74996E-01  5.42991E-05  9.74856E-01 
3.55999E+01 9.79996E-01  5.45006E-05  9.79845E-01 
3.56999E+01 9.84996E-01  5.47017E-05  9.84855E-01 
3.57999E+01 9.89996E-01  5.49006E-05  9.89874E-01 
3.58999E+01 9.94996E-01  5.51004E-05  9.94849E-01 
3.59999E+01 9.99995E-01  5.52995E-05  9.99852E-01 
3.60999E+01 1.00500E+00  5.54964E-05  1.00485E+00 
3.61999E+01 1.01000E+00  5.56918E-05  1.00987E+00 
3.62999E+01 1.01500E+00  5.58829E-05  1.01485E+00 
3.63999E+01 1.02000E+00  5.60746E-05  1.01985E+00 
3.64999E+01 1.02500E+00  5.62739E-05  1.02485E+00 
3.65999E+01 1.03000E+00  5.64908E-05  1.02988E+00 
3.66999E+01 1.03500E+00  5.66639E-05  1.03488E+00 
3.67999E+01 1.04000E+00  5.68454E-05  1.03987E+00 
3.68999E+01 1.04500E+00  5.70269E-05  1.04485E+00 
3.69999E+01 1.05000E+00  5.72167E-05  1.04988E+00 
3.70999E+01 1.05500E+00  5.74010E-05  1.05487E+00 
3.71999E+01 1.06000E+00  5.75933E-05  1.05987E+00 
3.72999E+01 1.06500E+00  5.77835E-05  1.06486E+00 
3.73999E+01 1.07000E+00  5.79724E-05  1.06989E+00 
3.74999E+01 1.07500E+00  5.81672E-05  1.07489E+00 
3.75999E+01 1.08000E+00  5.83589E-05  1.07989E+00 
3.76999E+01 1.08500E+00  5.85555E-05  1.08488E+00 
3.77999E+01 1.09000E+00  5.87574E-05  1.08986E+00 
3.78999E+01 1.09500E+00  5.89640E-05  1.09488E+00 
3.79999E+01 1.10000E+00  5.91802E-05  1.09990E+00 
3.80999E+01 1.10500E+00  5.93709E-05  1.10490E+00 
3.81999E+01 1.11000E+00  5.95891E-05  1.10992E+00 
3.82999E+01 1.11500E+00  5.98113E-05  1.11493E+00 
3.83999E+01 1.12000E+00  6.00400E-05  1.11994E+00 
3.84999E+01 1.12500E+00  6.02756E-05  1.12494E+00 
3.85999E+01 1.13000E+00  6.05162E-05  1.12995E+00 
3.86999E+01 1.13500E+00  6.07645E-05  1.13495E+00 
3.87999E+01 1.14000E+00  6.10227E-05  1.13995E+00 
3.88999E+01 1.14500E+00  6.12805E-05  1.14495E+00 
3.89999E+01 1.15000E+00  6.15447E-05  1.14994E+00 
3.90999E+01 1.15500E+00  6.18071E-05  1.15496E+00 
3.91999E+01 1.16000E+00  6.20783E-05  1.15995E+00 
3.92999E+01 1.16500E+00  6.23569E-05  1.16498E+00 
3.93999E+01 1.17000E+00  6.26435E-05  1.16999E+00 
3.94999E+01 1.17500E+00  6.29365E-05  1.17498E+00 
3.95999E+01 1.18000E+00  6.32312E-05  1.17995E+00 
3.96999E+01 1.18500E+00  6.35360E-05  1.18497E+00 
3.97999E+01 1.19000E+00  6.38445E-05  1.18999E+00 
3.98999E+01 1.19500E+00  6.41531E-05  1.19497E+00 
3.99999E+01 1.19999E+00  6.44716E-05  1.19994E+00 
4.00999E+01 1.20499E+00  6.47920E-05  1.20498E+00 
4.01999E+01 1.20999E+00  6.51342E-05  1.20997E+00 
4.02999E+01 1.21499E+00  6.54913E-05  1.21497E+00 
4.03999E+01 1.21999E+00  6.58498E-05  1.21998E+00 
4.04999E+01 1.22499E+00  6.62237E-05  1.22498E+00 
4.05999E+01 1.22999E+00  6.66078E-05  1.22999E+00 
4.06999E+01 1.23499E+00  6.70015E-05  1.23498E+00 
4.07999E+01 1.23999E+00  6.74203E-05  1.23997E+00 
4.08999E+01 1.24499E+00  6.78331E-05  1.24497E+00 
4.09999E+01 1.24999E+00  6.82772E-05  1.25002E+00 
4.10999E+01 1.25499E+00  6.87322E-05  1.25499E+00 
4.11999E+01 1.25999E+00  6.92074E-05  1.26000E+00 
4.12999E+01 1.26499E+00  6.96994E-05  1.26500E+00 
4.13999E+01 1.26999E+00  7.02059E-05  1.27002E+00 
4.14999E+01 1.27499E+00  7.07261E-05  1.27503E+00 
4.15999E+01 1.27999E+00  7.12726E-05  1.28002E+00 
4.16999E+01 1.28499E+00  7.18243E-05  1.28500E+00 
4.17999E+01 1.28999E+00  7.24003E-05  1.29001E+00 
4.18999E+01 1.29499E+00  7.29898E-05  1.29502E+00 
4.19999E+01 1.29999E+00  7.35539E-05  1.30001E+00 
4.20999E+01 1.30499E+00  7.41708E-05  1.30501E+00 
4.21999E+01 1.30999E+00  7.47831E-05  1.31002E+00 
4.22999E+01 1.31499E+00  7.54474E-05  1.31504E+00 
4.23999E+01 1.31999E+00  7.61801E-05  1.32004E+00 
4.24999E+01 1.32499E+00  7.67557E-05  1.32503E+00 
4.25999E+01 1.32999E+00  7.75330E-05  1.33002E+00 
4.26999E+01 1.33499E+00  7.81401E-05  1.33505E+00 
4.27999E+01 1.33999E+00  7.88739E-05  1.34005E+00 
4.28999E+01 1.34499E+00  7.96972E-05  1.34505E+00 
4.29999E+01 1.34999E+00  8.04823E-05  1.35004E+00 
4.30999E+01 1.35499E+00  8.12387E-05  1.35506E+00 
4.31999E+01 1.35999E+00  8.21967E-05  1.36005E+00 
4.32999E+01 1.36499E+00  8.29759E-05  1.36504E+00 
4.33999E+01 1.36999E+00  8.37618E-05  1.37003E+00 
4.34999E+01 1.37499E+00  8.45800E-05  1.37507E+00 
4.35999E+01 1.37999E+00  8.54078E-05  1.38006E+00 
4.36999E+01 1.38499E+00  8.61813E-05  1.38505E+00 
4.37999E+01 1.38999E+00  8.70233E-05  1.39004E+00 
4.38999E+01 1.39499E+00  8.78314E-05  1.39504E+00 
4.39999E+01 1.39999E+00  8.86574E-05  1.40007E+00 
4.40999E+01 1.40499E+00  8.95333E-05  1.40507E+00 
4.41999E+01 1.40999E+00  9.03817E-05  1.41004E+00 
4.42999E+01 1.41499E+00  9.14411E-05  1.41505E+00 
4.43999E+01 1.41999E+00  9.21950E-05  1.42009E+00 
4.44999E+01 1.42499E+00  9.29253E-05  1.42510E+00 
4.45999E+01 1.42999E+00  9.36739E-05  1.43010E+00 
4.46999E+01 1.43499E+00  9.45114E-05  1.43511E+00 
4.47999E+01 1.43999E+00  9.52815E-05  1.44010E+00 
4.48999E+01 1.44499E+00  9.62117E-05  1.44512E+00 
4.49999E+01 1.44999E+00  9.70421E-05  1.45012E+00 
4.50999E+01 1.45499E+00  9.78786E-05  1.45513E+00 
4.51999E+01 1.45999E+00  9.87510E-05  1.46012E+00 
4.52999E+01 1.46499E+00  9.96239E-05  1.46510E+00 
4.53999E+01 1.46999E+00  1.00509E-04  1.47012E+00 
4.54999E+01 1.47499E+00  1.01389E-04  1.47514E+00 
4.55999E+01 1.47999E+00  1.02235E-04  1.48012E+00 
4.56999E+01 1.48499E+00  1.03155E-04  1.48511E+00 
4.57999E+01 1.48999E+00  1.04198E-04  1.49012E+00 
4.58999E+01 1.49499E+00  1.05148E-04  1.49517E+00 
4.59999E+01 1.49999E+00  1.06045E-04  1.50015E+00 
4.60999E+01 1.50499E+00  1.06951E-04  1.50515E+00 
4.61999E+01 1.50999E+00  1.07976E-04  1.51014E+00 
4.62999E+01 1.51499E+00  1.08937E-04  1.51517E+00 
4.63999E+01 1.51999E+00  1.09867E-04  1.52015E+00 
4.64999E+01 1.52499E+00  1.10903E-04  1.52514E+00 
4.65999E+01 1.52999E+00  1.11862E-04  1.53015E+00 
4.66999E+01 1.53499E+00  1.12785E-04  1.53517E+00 
4.67999E+01 1.53999E+00  1.13927E-04  1.54018E+00 
4.68999E+01 1.54499E+00  1.15051E-04  1.54516E+00 
4.69999E+01 1.54999E+00  1.16262E-04  1.55018E+00 
4.70999E+01 1.55499E+00  1.17710E-04  1.55519E+00 
4.71999E+01 1.55999E+00  1.18805E-04  1.56018E+00 
4.72999E+01 1.56499E+00  1.19589E-04  1.56516E+00 
4.73999E+01 1.56999E+00  1.20421E-04  1.57016E+00 
4.74999E+01 1.57499E+00  1.21458E-04  1.57520E+00 
4.75999E+01 1.57999E+00  1.22136E-04  1.58017E+00 
4.76999E+01 1.58499E+00  1.23283E-04  1.58520E+00 
4.77999E+01 1.58999E+00  1.24226E-04  1.59016E+00 
4.78999E+01 1.59499E+00  1.25003E-04  1.59519E+00 
4.79999E+01 1.59999E+00  1.26074E-04  1.60022E+00 
4.80999E+01 1.60499E+00  1.27071E-04  1.60520E+00 
4.81999E+01 1.60999E+00  1.28080E-04  1.61021E+00 
4.82999E+01 1.61499E+00  1.29132E-04  1.61521E+00 
4.83999E+01 1.61999E+00  1.30176E-04  1.62021E+00 
4.84999E+01 1.62499E+00  1.31242E-04  1.62521E+00 
4.85999E+01 1.62999E+00  1.32306E-04  1.63023E+00 
4.86999E+01 1.63499E+00  1.33507E-04  1.63522E+00 
4.87999E+01 1.63999E+00  1.34744E-04  1.64023E+00 
4.88999E+01 1.64499E+00  1.35951E-04  1.64522E+00 
4.89999E+01 1.64999E+00  1.37157E-04  1.65024E+00 
4.90999E+01 1.65499E+00  1.38412E-04  1.65524E+00 
4.91999E+01 1.65999E+00  1.39666E-04  1.66023E+00 
4.92999E+01 1.66499E+00  1.40948E-04  1.66523E+00 
4.93999E+01 1.66999E+00  1.42222E-04  1.67025E+00 
4.94999E+01 1.67499E+00  1.43502E-04  1.67525E+00 
4.95999E+01 1.67999E+00  1.44791E-04  1.68024E+00 
4.96999E+01 1.68499E+00  1.46089E-04  1.68524E+00 
4.97999E+01 1.68999E+00  1.47381E-04  1.69026E+00 
4.98999E+01 1.69499E+00  1.48668E-04  1.69525E+00 
4.99999E+01 1.69999E+00  1.49964E-04  1.70024E+00 
5.00999E+01 1.70499E+00  1.51270E-04  1.70525E+00 
5.01999E+01 1.70999E+00  1.52586E-04  1.71027E+00 
5.02999E+01 1.71499E+00  1.53912E-04  1.71528E+00 
5.03999E+01 1.71999E+00  1.55241E-04  1.72025E+00 
5.04999E+01 1.72499E+00  1.56567E-04  1.72526E+00 
5.05999E+01 1.72999E+00  1.57909E-04  1.73027E+00 
5.06999E+01 1.73499E+00  1.59247E-04  1.73528E+00 
5.07999E+01 1.73999E+00  1.60591E-04  1.74025E+00 
5.08999E+01 1.74499E+00  1.61916E-04  1.74528E+00 
5.09999E+01 1.74999E+00  1.63231E-04  1.75026E+00 
5.10999E+01 1.75499E+00  1.64535E-04  1.75530E+00 
5.11999E+01 1.75999E+00  1.65827E-04  1.76031E+00 
5.12999E+01 1.76499E+00  1.67095E-04  1.76533E+00 
5.13999E+01 1.76999E+00  1.68348E-04  1.77031E+00 
5.14999E+01 1.77499E+00  1.69542E-04  1.77532E+00 
5.15999E+01 1.77999E+00  1.70736E-04  1.78031E+00 
5.16999E+01 1.78499E+00  1.71922E-04  1.78533E+00 
5.17999E+01 1.78999E+00  1.73040E-04  1.79032E+00 
5.18999E+01 1.79499E+00  1.74144E-04  1.79531E+00 
5.19999E+01 1.79999E+00  1.75208E-04  1.80034E+00 
5.20999E+01 1.79499E+00  1.71155E-04  1.79532E+00 
5.21999E+01 1.78999E+00  1.67312E-04  1.79034E+00 
5.22999E+01 1.78499E+00  1.63665E-04  1.78533E+00 
5.23999E+01 1.77999E+00  1.60194E-04  1.78033E+00 
5.24999E+01 1.77499E+00  1.56830E-04  1.77531E+00 
5.25999E+01 1.76999E+00  1.53604E-04  1.77031E+00 
5.26999E+01 1.76499E+00  1.50493E-04  1.76533E+00 
5.27999E+01 1.75999E+00  1.47482E-04  1.76031E+00 
5.28999E+01 1.75499E+00  1.44556E-04  1.75531E+00 
5.29999E+01 1.74999E+00  1.41706E-04  1.75031E+00 
5.30999E+01 1.74499E+00  1.38944E-04  1.74530E+00 
5.31999E+01 1.73999E+00  1.36249E-04  1.74028E+00 
5.32999E+01 1.73499E+00  1.33616E-04  1.73527E+00 
5.33999E+01 1.72999E+00  1.31039E-04  1.73028E+00 
5.34999E+01 1.72499E+00  1.28529E-04  1.72526E+00 
5.35999E+01 1.71999E+00  1.26055E-04  1.72024E+00 
5.36999E+01 1.71499E+00  1.23633E-04  1.71526E+00 
5.37999E+01 1.70999E+00  1.21253E-04  1.71025E+00 
5.38999E+01 1.70499E+00  1.18910E-04  1.70527E+00 
5.39999E+01 1.69999E+00  1.16605E-04  1.70025E+00 
5.40999E+01 1.69499E+00  1.14329E-04  1.69526E+00 
5.41999E+01 1.68999E+00  1.12092E-04  1.69028E+00 
5.42999E+01 1.68499E+00  1.09887E-04  1.68525E+00 
5.43999E+01 1.67999E+00  1.07706E-04  1.68023E+00 
5.44999E+01 1.67499E+00  1.05570E-04  1.67524E+00 
5.45999E+01 1.66999E+00  1.03465E-04  1.67024E+00 
5.46999E+01 1.66499E+00  1.01390E-04  1.66524E+00 
5.47999E+01 1.65999E+00  9.93507E-05  1.66022E+00 
5.48999E+01 1.65499E+00  9.73479E-05  1.65524E+00 
5.49999E+01 1.64999E+00  9.53860E-05  1.65025E+00 
5.50999E+01 1.64499E+00  9.34352E-05  1.64523E+00 
5.51999E+01 1.63999E+00  9.15366E-05  1.64023E+00 
5.52999E+01 1.63499E+00  8.97239E-05  1.63523E+00 
5.53999E+01 1.62999E+00  8.78780E-05  1.63024E+00 
5.54999E+01 1.62499E+00  8.60787E-05  1.62524E+00 
5.55999E+01 1.61999E+00  8.43147E-05  1.62021E+00 
5.56999E+01 1.61499E+00  8.25671E-05  1.61522E+00 
5.57999E+01 1.60999E+00  8.08681E-05  1.61023E+00 
5.58999E+01 1.60499E+00  7.91936E-05  1.60523E+00 
5.59999E+01 1.59999E+00  7.75634E-05  1.60020E+00 
5.60999E+01 1.59499E+00  7.59482E-05  1.59521E+00 
5.61999E+01 1.58999E+00  7.43896E-05  1.59021E+00 
5.62999E+01 1.58499E+00  7.28525E-05  1.58521E+00 
5.63999E+01 1.57999E+00  7.13540E-05  1.58019E+00 
5.64999E+01 1.57499E+00  6.98830E-05  1.57520E+00 
5.65999E+01 1.56999E+00  6.84405E-05  1.57016E+00 
5.66999E+01 1.56499E+00  6.70239E-05  1.56517E+00 
5.67999E+01 1.55999E+00  6.56550E-05  1.56018E+00 
5.68999E+01 1.55499E+00  6.43016E-05  1.55519E+00 
5.69999E+01 1.54999E+00  6.29839E-05  1.55015E+00 
5.70999E+01 1.54499E+00  6.16885E-05  1.54515E+00 
5.71999E+01 1.53999E+00  6.04334E-05  1.54016E+00 
5.72999E+01 1.53499E+00  5.92057E-05  1.53518E+00 
5.73999E+01 1.52999E+00  5.80046E-05  1.53017E+00 
5.74999E+01 1.52499E+00  5.68240E-05  1.52515E+00 
5.75999E+01 1.51999E+00  5.56728E-05  1.52015E+00 
5.76999E+01 1.51499E+00  5.45487E-05  1.51518E+00 
5.77999E+01 1.50999E+00  5.34489E-05  1.51016E+00 
5.78999E+01 1.50499E+00  5.23744E-05  1.50515E+00 
5.79999E+01 1.49999E+00  5.13418E-05  1.50017E+00 
5.80999E+01 1.49499E+00  5.03203E-05  1.49518E+00 
5.81999E+01 1.48999E+00  4.93175E-05  1.49017E+00 
5.82999E+01 1.48499E+00  4.83356E-05  1.48514E+00 
5.83999E+01 1.47999E+00  4.73886E-05  1.48015E+00 
5.84999E+01 1.47499E+00  4.64605E-05  1.47516E+00 
5.85999E+01 1.46999E+00  4.55568E-05  1.47014E+00 
5.86999E+01 1.46499E+00  4.46726E-05  1.46514E+00 
5.87999E+01 1.45999E+00  4.38005E-05  1.46015E+00 
5.88999E+01 1.45499E+00  4.29666E-05  1.45513E+00 
5.89999E+01 1.44999E+00  4.21470E-05  1.45013E+00 
5.90999E+01 1.44499E+00  4.13541E-05  1.44511E+00 
5.91999E+01 1.43999E+00  4.05715E-05  1.44010E+00 
5.92999E+01 1.43499E+00  3.98179E-05  1.43511E+00 
5.93999E+01 1.42999E+00  3.90778E-05  1.43008E+00 
5.94999E+01 1.42499E+00  3.83646E-05  1.42510E+00 
5.95999E+01 1.41999E+00  3.76720E-05  1.42009E+00 
5.96999E+01 1.41499E+00  3.69968E-05  1.41508E+00 
5.97999E+01 1.40999E+00  3.63351E-05  1.41007E+00 
5.98999E+01 1.40499E+00  3.56910E-05  1.40507E+00 
5.99998E+01 1.39999E+00  3.50677E-05  1.40007E+00 
6.00998E+01 1.39499E+00  3.44639E-05  1.39506E+00 
6.01998E+01 1.38999E+00  3.38893E-05  1.39006E+00 
6.02998E+01 1.38499E+00  3.33032E-05  1.38506E+00 
6.03998E+01 1.37999E+00  3.27386E-05  1.38006E+00 
6.04998E+01 1.37499E+00  3.21831E-05  1.37507E+00 
6.05998E+01 1.36999E+00  3.16578E-05  1.37005E+00 
6.06998E+01 1.36499E+00  3.11373E-05  1.36504E+00 
6.07998E+01 1.35999E+00  3.06209E-05  1.36005E+00 
6.08998E+01 1.35499E+00  3.01224E-05  1.35504E+00 
6.09998E+01 1.34999E+00  2.96314E-05  1.35001E+00 
6.10998E+01 1.34499E+00  2.91581E-05  1.34501E+00 
6.11998E+01 1.33999E+00  2.87019E-05  1.34003E+00 
6.12998E+01 1.33499E+00  2.82531E-05  1.33503E+00 
6.13998E+01 1.32999E+00  2.78157E-05  1.33001E+00 
6.14998E+01 1.32499E+00  2.73914E-05  1.32501E+00 
6.15998E+01 1.31999E+00  2.69774E-05  1.31999E+00 
6.16998E+01 1.31499E+00  2.65760E-05  1.31502E+00 
6.17998E+01 1.30999E+00  2.61826E-05  1.31001E+00 
6.18998E+01 1.30499E+00  2.58013E-05  1.30500E+00 
6.19998E+01 1.29999E+00  2.54317E-05  1.29999E+00 
6.20998E+01 1.29499E+00  2.50693E-05  1.29503E+00 
6.21998E+01 1.28999E+00  2.47127E-05  1.29000E+00 
6.22998E+01 1.28499E+00  2.43607E-05  1.28498E+00 
6.23998E+01 1.27999E+00  2.40191E-05  1.27999E+00 
6.24998E+01 1.27499E+00  2.36838E-05  1.27502E+00 
6.25998E+01 1.26999E+00  2.33592E-05  1.27000E+00 
6.26998E+01 1.26499E+00  2.30391E-05  1.26503E+00 
6.27998E+01 1.25999E+00  2.27254E-05  1.26001E+00 
6.28998E+01 1.25499E+00  2.24153E-05  1.25499E+00 
6.29998E+01 1.24999E+00  2.21100E-05  1.25002E+00 
6.30998E+01 1.24499E+00  2.18096E-05  1.24502E+00 
6.31998E+01 1.23999E+00  2.15154E-05  1.24001E+00 
6.32998E+01 1.23499E+00  2.12268E-05  1.23503E+00 
6.33998E+01 1.22999E+00  2.09504E-05  1.23002E+00 
6.34998E+01 1.22499E+00  2.06688E-05  1.22501E+00 
6.35998E+01 1.21999E+00  2.04018E-05  1.22000E+00 
6.36998E+01 1.21499E+00  2.01339E-05  1.21500E+00 
6.37998E+01 1.20999E+00  1.98720E-05  1.21002E+00 
6.38998E+01 1.20499E+00  1.96161E-05  1.20500E+00 
6.39998E+01 1.19999E+00  1.93658E-05  1.19998E+00 
6.40998E+01 1.19500E+00  1.91281E-05  1.19500E+00 
6.41998E+01 1.19000E+00  1.88813E-05  1.19000E+00 
6.42998E+01 1.18500E+00  1.86392E-05  1.18497E+00 
6.43998E+01 1.18000E+00  1.83965E-05  1.17996E+00 
6.44998E+01 1.17500E+00  1.81603E-05  1.17497E+00 
6.45998E+01 1.17000E+00  1.79304E-05  1.17000E+00 
6.46998E+01 1.16500E+00  1.77029E-05  1.16498E+00 
6.47998E+01 1.16000E+00  1.74766E-05  1.15997E+00 
6.48998E+01 1.15500E+00  1.72576E-05  1.15497E+00 
6.49998E+01 1.15000E+00  1.70395E-05  1.14997E+00 
6.50998E+01 1.14500E+00  1.68259E-05  1.14498E+00 
6.51998E+01 1.14000E+00  1.66140E-05  1.13996E+00 
6.52998E+01 1.13500E+00  1.64053E-05  1.13498E+00 
6.53998E+01 1.13000E+00  1.61961E-05  1.12996E+00 
6.54998E+01 1.12500E+00  1.59940E-05  1.12497E+00 
6.55998E+01 1.12000E+00  1.57904E-05  1.11994E+00 
6.56998E+01 1.11500E+00  1.55910E-05  1.11493E+00 
6.57998E+01 1.11000E+00  1.53922E-05  1.10990E+00 
6.58998E+01 1.10500E+00  1.52034E-05  1.10493E+00 
6.59998E+01 1.10000E+00  1.50084E-05  1.09992E+00 
6.60998E+01 1.09500E+00  1.48154E-05  1.09491E+00 
6.61998E+01 1.09000E+00  1.46245E-05  1.08991E+00 
6.62998E+01 1.08500E+00  1.44394E-05  1.08489E+00 
6.63998E+01 1.08000E+00  1.42526E-05  1.07990E+00 
6.64998E+01 1.07500E+00  1.40680E-05  1.07490E+00 
6.65998E+01 1.07000E+00  1.38850E-05  1.06988E+00 
6.66998E+01 1.06500E+00  1.37049E-05  1.06488E+00 
6.67998E+01 1.06000E+00  1.35244E-05  1.05988E+00 
6.68998E+01 1.05500E+00  1.33475E-05  1.05489E+00 
6.69998E+01 1.05000E+00  1.31722E-05  1.04988E+00 
6.70998E+01 1.04500E+00  1.29945E-05  1.04487E+00 
6.71998E+01 1.04000E+00  1.28225E-05  1.03985E+00 
6.72998E+01 1.03500E+00  1.26482E-05  1.03488E+00 
6.73998E+01 1.03000E+00  1.24784E-05  1.02986E+00 
6.74998E+01 1.02500E+00  1.23067E-05  1.02487E+00 
6.75998E+01 1.02000E+00  1.21334E-05  1.01985E+00 
6.76998E+01 1.01500E+00  1.19667E-05  1.01487E+00 
6.77998E+01 1.01000E+00  1.17983E-05  1.00987E+00 
6.78998E+01 1.00500E+00  1.16314E-05  1.00484E+00 
6.79998E+01 9.99995E-01  1.14654E-05  9.99825E-01 
6.80998E+01 9.94996E-01  1.12996E-05  9.94858E-01 
6.81998E+01 9.89996E-01  1.11364E-05  9.89872E-01 
6.82998E+01 9.84996E-01  1.09685E-05  9.84860E-01 
6.83998E+01 9.79996E-01  1.08072E-05  9.79858E-01 
6.84998E+01 9.74996E-01  1.06408E-05  9.74854E-01 
6.85998E+01 9.69996E-01  1.04794E-05  9.69862E-01 
6.86998E+01 9.64996E-01  1.03153E-05  9.64858E-01 
6.87998E+01 9.59996E-01  1.01532E-05  9.59846E-01 
6.88998E+01 9.54996E-01  9.99132E-06  9.54855E-01 
6.89998E+01 9.49996E-01  9.82903E-06  9.49849E-01 
6.90998E+01 9.44996E-01  9.66960E-06  9.44869E-01 
6.91998E+01 9.39996E-01  9.50804E-06  9.39845E-01 
6.92998E+01 9.34996E-01  9.34303E-06  9.34858E-01 
6.93998E+01 9.29996E-01  9.18429E-06  9.29831E-01 
6.94998E+01 9.24996E-01  9.02115E-06  9.24819E-01 
6.95998E+01 9.19996E-01  8.86412E-06  9.19843E-01 
6.96998E+01 9.14996E-01  8.70108E-06  9.14829E-01 
6.97998E+01 9.09996E-01  8.53995E-06  9.09813E-01 
6.98998E+01 9.04996E-01  8.37959E-06  9.04805E-01 
6.99998E+01 8.99996E-01  8.21910E-06  8.99826E-01 
7.00998E+01 8.94996E-01  8.05926E-06  8.94806E-01 
7.01998E+01 8.89996E-01  7.89708E-06  8.89798E-01 
7.02998E+01 8.84996E-01  7.73767E-06  8.84808E-01 
7.03998E+01 8.79996E-01  7.57693E-06  8.79803E-01 
7.04998E+01 8.74996E-01  7.41642E-06  8.74794E-01 
7.05998E+01 8.69996E-01  7.25461E-06  8.69775E-01 
7.06998E+01 8.64996E-01  7.09232E-06  8.64786E-01 
7.07998E+01 8.59996E-01  6.93084E-06  8.59793E-01 
7.08998E+01 8.54996E-01  6.76765E-06  8.54764E-01 
7.09998E+01 8.49996E-01  6.60454E-06  8.49772E-01 
7.10998E+01 8.44996E-01  6.44203E-06  8.44773E-01 
7.11998E+01 8.39996E-01  6.27702E-06  8.39780E-01 
7.12998E+01 8.34996E-01  6.11616E-06  8.34768E-01 
7.13998E+01 8.29996E-01  5.95107E-06  8.29752E-01 
7.14998E+01 8.24996E-01  5.78814E-06  8.24755E-01 
7.15998E+01 8.19996E-01  5.62093E-06  8.19762E-01 
7.16998E+01 8.14996E-01  5.45799E-06  8.14753E-01 
7.17998E+01 8.09996E-01  5.29028E-06  8.09757E-01 
7.18998E+01 8.04996E-01  5.12742E-06  8.04741E-01 
7.19998E+01 7.99996E-01  4.95804E-06  7.99749E-01 
7.20998E+01 7.94996E-01  4.79288E-06  7.94758E-01 
7.21998E+01 7.89996E-01  4.62062E-06  7.89754E-01 
7.22998E+01 7.84996E-01  4.45741E-06  7.84747E-01 
7.23998E+01 7.79996E-01  4.28588E-06  7.79729E-01 
7.24998E+01 7.74996E-01  4.11982E-06  7.74707E-01 
7.25998E+01 7.69996E-01  3.94863E-06  7.69693E-01 
7.26998E+01 7.64996E-01  3.78095E-06  7.64731E-01 
7.27998E+01 7.59996E-01  3.60939E-06  7.59720E-01 
7.28998E+01 7.54996E-01  3.40129E-06  7.54680E-01 
7.29998E+01 7.49996E-01  3.22977E-06  7.49687E-01 
7.30998E+01 7.44996E-01  3.06110E-06  7.44685E-01 
7.31998E+01 7.39996E-01  2.88577E-06  7.39706E-01 
7.32998E+01 7.34996E-01  2.71722E-06  7.34681E-01 
7.33998E+01 7.29996E-01  2.54574E-06  7.29672E-01 
7.34998E+01 7.24996E-01  2.37257E-06  7.24691E-01 
7.35998E+01 7.19996E-01  2.20201E-06  7.19694E-01 
7.36998E+01 7.14996E-01  2.03052E-06  7.14686E-01 
7.37998E+01 7.09996E-01  1.85701E-06  7.09672E-01 
7.38998E+01 7.04996E-01  1.68691E-06  7.04693E-01 
7.39998E+01 6.99996E-01  1.51433E-06  6.99667E-01 
7.40998E+01 6.94996E-01  1.34472E-06  6.94681E-01 
7.41998E+01 6.89996E-01  1.17230E-06  6.89660E-01 
7.42998E+01 6.84996E-01  1.00165E-06  6.84654E-01 
7.43998E+01 6.79996E-01  8.30264E-07  6.79685E-01 
7.44998E+01 6.74996E-01  6.55827E-07  6.74670E-01 
7.45998E+01 6.69996E-01  4.83654E-07  6.69655E-01 
7.46998E+01 6.64996E-01  3.04840E-07  6.64671E-01 
7.47998E+01 6.59996E-01  1.29257E-07  6.59684E-01 
7.48998E+01 6.54996E-01  -5.10854E-08 6.54656E-01 
7.49998E+01 6.49996E-01  -2.36032E-07 6.49645E-01 
7.50998E+01 6.44996E-01  -4.21019E-07 6.44647E-01 
7.51998E+01 6.39996E-01  -6.11939E-07 6.39664E-01 
7.52998E+01 6.34996E-01  -8.04611E-07 6.34652E-01 
7.53998E+01 6.29996E-01  -9.96755E-07 6.29651E-01 
7.54998E+01 6.24996E-01  -1.19568E-06 6.24613E-01 
7.55998E+01 6.19996E-01  -1.39101E-06 6.19620E-01 
7.56998E+01 6.14996E-01  -1.59321E-06 6.14632E-01 
7.57998E+01 6.09996E-01  -1.79049E-06 6.09611E-01 
7.58998E+01 6.04996E-01  -1.99647E-06 6.04604E-01 
7.59998E+01 5.99996E-01  -2.19985E-06 5.99611E-01 
7.60998E+01 5.94997E-01  -2.40833E-06 5.94611E-01 
7.61998E+01 5.89997E-01  -2.61879E-06 5.89603E-01 
7.62998E+01 5.84997E-01  -2.83194E-06 5.84596E-01 
7.63998E+01 5.79997E-01  -3.05113E-06 5.79601E-01 
7.64998E+01 5.74997E-01  -3.27308E-06 5.74621E-01 
7.65998E+01 5.69997E-01  -3.50262E-06 5.69590E-01 
7.66998E+01 5.64997E-01  -3.73432E-06 5.64576E-01 
7.67998E+01 5.59997E-01  -3.97402E-06 5.59587E-01 
7.68998E+01 5.54997E-01  -4.21680E-06 5.54591E-01 
7.69998E+01 5.49997E-01  -4.46675E-06 5.49593E-01 
7.70998E+01 5.44997E-01  -4.71839E-06 5.44587E-01 
7.71998E+01 5.39997E-01  -4.97874E-06 5.39605E-01 
7.72998E+01 5.34997E-01  -5.24052E-06 5.34591E-01 
7.73998E+01 5.29997E-01  -5.51232E-06 5.29584E-01 
7.74998E+01 5.24997E-01  -5.78367E-06 5.24568E-01 
7.75998E+01 5.19997E-01  -6.06159E-06 5.19571E-01 
7.76998E+01 5.14997E-01  -6.34056E-06 5.14570E-01 
7.77998E+01 5.09997E-01  -6.62823E-06 5.09564E-01 
7.78998E+01 5.04997E-01  -6.91489E-06 5.04560E-01 
7.79998E+01 4.99997E-01  -7.21094E-06 4.99560E-01 
7.80998E+01 4.94997E-01  -7.50544E-06 4.94561E-01 
7.81998E+01 4.89997E-01  -7.80757E-06 4.89576E-01 
7.82998E+01 4.84997E-01  -8.11083E-06 4.84543E-01 
7.83998E+01 4.79997E-01  -8.42160E-06 4.79543E-01 
7.84998E+01 4.74997E-01  -8.73206E-06 4.74556E-01 
7.85998E+01 4.69997E-01  -9.05084E-06 4.69534E-01 
7.86998E+01 4.64997E-01  -9.37057E-06 4.64552E-01 
7.87998E+01 4.59997E-01  -9.69680E-06 4.59541E-01 
7.88998E+01 4.54997E-01  -1.00259E-05 4.54514E-01 
7.89998E+01 4.49997E-01  -1.03614E-05 4.49525E-01 
7.90998E+01 4.44997E-01  -1.06991E-05 4.44505E-01 
7.91998E+01 4.39997E-01  -1.10415E-05 4.39534E-01 
7.92998E+01 4.34997E-01  -1.13897E-05 4.34518E-01 
7.93998E+01 4.29997E-01  -1.17448E-05 4.29515E-01 
7.94998E+01 4.24997E-01  -1.21016E-05 4.24501E-01 
7.95998E+01 4.19997E-01  -1.24658E-05 4.19515E-01 
7.96998E+01 4.14997E-01  -1.28339E-05 4.14506E-01 
7.97998E+01 4.09997E-01  -1.32099E-05 4.09499E-01 
7.98998E+01 4.04997E-01  -1.35874E-05 4.04494E-01 
7.99998E+01 3.99997E-01  -1.39761E-05 3.99487E-01 
8.00998E+01 3.94997E-01  -1.43637E-05 3.94494E-01 
8.01998E+01 3.89997E-01  -1.47647E-05 3.89473E-01 
8.02998E+01 3.84997E-01  -1.51623E-05 3.84481E-01 
8.03998E+01 3.79997E-01  -1.55730E-05 3.79475E-01 
8.04998E+01 3.74997E-01  -1.59860E-05 3.74472E-01 
8.05998E+01 3.69997E-01  -1.64049E-05 3.69468E-01 
8.06998E+01 3.64997E-01  -1.68304E-05 3.64463E-01 
8.07998E+01 3.59997E-01  -1.72601E-05 3.59458E-01 
8.08998E+01 3.54997E-01  -1.76968E-05 3.54463E-01 
8.09998E+01 3.49997E-01  -1.81377E-05 3.49454E-01 
8.10998E+01 3.44997E-01  -1.85870E-05 3.44458E-01 
8.11998E+01 3.39997E-01  -1.90354E-05 3.39478E-01 
8.12998E+01 3.34997E-01  -1.94990E-05 3.34475E-01 
8.13998E+01 3.29997E-01  -1.99615E-05 3.29457E-01 
8.14998E+01 3.24997E-01  -2.04321E-05 3.24431E-01 
8.15998E+01 3.19997E-01  -2.09061E-05 3.19461E-01 
8.16998E+01 3.14997E-01  -2.13874E-05 3.14453E-01 
8.17998E+01 3.09997E-01  -2.18396E-05 3.09453E-01 
8.18998E+01 3.04997E-01  -2.23315E-05 3.04454E-01 
8.19998E+01 2.99997E-01  -2.28276E-05 2.99421E-01 
8.20998E+01 2.94997E-01  -2.33286E-05 2.94443E-01 
8.21998E+01 2.89997E-01  -2.38322E-05 2.89423E-01 
8.22998E+01 2.84997E-01  -2.43442E-05 2.84435E-01 
8.23998E+01 2.79997E-01  -2.48582E-05 2.79424E-01 
8.24998E+01 2.74997E-01  -2.53759E-05 2.74404E-01 
8.25998E+01 2.69997E-01  -2.59011E-05 2.69385E-01 
8.26998E+01 2.64997E-01  -2.64253E-05 2.64415E-01 
8.27998E+01 2.59997E-01  -2.69543E-05 2.59403E-01 
8.28998E+01 2.54997E-01  -2.74858E-05 2.54402E-01 
8.29998E+01 2.49997E-01  -2.80228E-05 2.49383E-01 
8.30998E+01 2.44997E-01  -2.85589E-05 2.44406E-01 
8.31998E+01 2.39997E-01  -2.90976E-05 2.39403E-01 
8.32998E+01 2.34997E-01  -2.96414E-05 2.34387E-01 
8.33998E+01 2.29997E-01  -3.01862E-05 2.29393E-01 
8.34998E+01 2.24997E-01  -3.07316E-05 2.24388E-01 
8.35998E+01 2.19997E-01  -3.12786E-05 2.19400E-01 
8.36998E+01 2.14997E-01  -3.18261E-05 2.14387E-01 
8.37998E+01 2.09997E-01  -3.23786E-05 2.09368E-01 
8.38998E+01 2.04997E-01  -3.29266E-05 2.04372E-01 
8.39998E+01 1.99997E-01  -3.34795E-05 1.99389E-01 
8.40998E+01 1.94998E-01  -3.40287E-05 1.94394E-01 
8.41998E+01 1.89998E-01  -3.45785E-05 1.89375E-01 
8.42998E+01 1.84998E-01  -3.51353E-05 1.84389E-01 
8.43998E+01 1.79998E-01  -3.56904E-05 1.79409E-01 
8.44998E+01 1.74998E-01  -3.62435E-05 1.74385E-01 
8.45998E+01 1.69998E-01  -3.68002E-05 1.69364E-01 
8.46998E+01 1.64998E-01  -3.73533E-05 1.64388E-01 
8.47998E+01 1.59998E-01  -3.79107E-05 1.59370E-01 
8.48998E+01 1.54998E-01  -3.84670E-05 1.54343E-01 
8.49998E+01 1.49998E-01  -3.90231E-05 1.49357E-01 
8.50998E+01 1.44998E-01  -3.95786E-05 1.44357E-01 
8.51998E+01 1.39998E-01  -4.01383E-05 1.39338E-01 
8.52998E+01 1.34998E-01  -4.06996E-05 1.34342E-01 
8.53998E+01 1.29998E-01  -4.12638E-05 1.29327E-01 
8.54998E+01 1.24998E-01  -4.18291E-05 1.24343E-01 
8.55998E+01 1.19998E-01  -4.23965E-05 1.19321E-01 
8.56998E+01 1.14998E-01  -4.29654E-05 1.14336E-01 
8.57998E+01 1.09998E-01  -4.35407E-05 1.09321E-01 
8.58998E+01 1.04998E-01  -4.41180E-05 1.04327E-01 
8.59998E+01 9.99977E-02  -4.47028E-05 9.93321E-02 
8.60998E+01 9.49978E-02  -4.52867E-05 9.43137E-02 
8.61998E+01 8.99978E-02  -4.58842E-05 8.93103E-02 
8.62998E+01 8.49978E-02  -4.64838E-05 8.42931E-02 
8.63998E+01 7.99978E-02  -4.70915E-05 7.93140E-02 
8.64998E+01 7.49978E-02  -4.77064E-05 7.43013E-02 
8.65998E+01 6.99978E-02  -4.83305E-05 6.92935E-02 
8.66998E+01 6.49978E-02  -4.89648E-05 6.42782E-02 
8.67998E+01 5.99978E-02  -4.96137E-05 5.93060E-02 
8.68998E+01 5.49979E-02  -5.02672E-05 5.43001E-02 
8.69998E+01 4.99979E-02  -5.09363E-05 4.92779E-02 
8.70998E+01 4.49979E-02  -5.16235E-05 4.42895E-02 
8.71998E+01 3.99979E-02  -5.23216E-05 3.93023E-02 
8.72998E+01 3.49979E-02  -5.30396E-05 3.42839E-02 
8.73998E+01 2.99979E-02  -5.37735E-05 2.92674E-02 
8.74998E+01 2.49979E-02  -5.45347E-05 2.42670E-02 
8.75998E+01 1.99979E-02  -5.53102E-05 1.92911E-02 
8.76998E+01 1.49980E-02  -5.61134E-05 1.42896E-02 
8.77998E+01 9.99797E-03  -5.69382E-05 9.27182E-03 
8.78998E+01 4.99799E-03  -5.77948E-05 4.25527E-03 
8.79998E+01 -2.00000E-06 -5.86781E-05 -7.27537E-04
8.80998E+01 -5.00199E-03 -5.95989E-05 -5.75902E-03
8.81998E+01 -1.00020E-02 -6.05523E-05 -1.07606E-02
8.82998E+01 -1.50020E-02 -6.15400E-05 -1.57603E-02
8.83998E+01 -2.00020E-02 -6.25673E-05 -2.07718E-02
8.84998E+01 -2.50019E-02 -6.36382E-05 -2.57340E-02
8.85998E+01 -3.00019E-02 -6.47505E-05 -3.07505E-02
8.86998E+01 -3.50019E-02 -6.59076E-05 -3.57758E-02
8.87998E+01 -4.00019E-02 -6.71130E-05 -4.07823E-02
8.88998E+01 -4.50019E-02 -6.83640E-05 -4.57396E-02
8.89998E+01 -5.00019E-02 -6.96640E-05 -5.07748E-02
8.90998E+01 -5.50019E-02 -7.10045E-05 -5.57582E-02
8.91998E+01 -6.00019E-02 -7.24018E-05 -6.07723E-02
8.92998E+01 -6.50018E-02 -7.38369E-05 -6.57614E-02
8.93998E+01 -7.00018E-02 -7.53134E-05 -7.07685E-02
8.94998E+01 -7.50018E-02 -7.68352E-05 -7.57794E-02
8.95998E+01 -8.00018E-02 -7.83895E-05 -8.08028E-02
8.96998E+01 -8.50018E-02 -7.99781E-05 -8.57713E-02
8.97998E+01 -9.00018E-02 -8.16057E-05 -9.07778E-02
8.98998E+01 -9.50018E-02 -8.32488E-05 -9.57868E-02
8.99998E+01 -1.00002E-01 -8.49205E-05 -1.00819E-01
9.00998E+01 -1.05002E-01 -8.66028E-05 -1.05795E-01
9.01998E+01 -1.10002E-01 -8.83053E-05 -1.10785E-01
9.02998E+01 -1.15002E-01 -9.00062E-05 -1.15806E-01
9.03998E+01 -1.20002E-01 -9.17160E-05 -1.20773E-01
9.04998E+01 -1.25002E-01 -9.34238E-05 -1.25797E-01
9.05998E+01 -1.30002E-01 -9.51322E-05 -1.30783E-01
9.06998E+01 -1.35002E-01 -9.68289E-05 -1.35810E-01
9.07998E+01 -1.40002E-01 -9.85277E-05 -1.40798E-01
9.08998E+01 -1.45002E-01 -1.00213E-04 -1.45823E-01
9.09998E+01 -1.50002E-01 -1.01898E-04 -1.50783E-01
9.10998E+01 -1.55002E-01 -1.03569E-04 -1.55803E-01
9.11998E+01 -1.60002E-01 -1.05246E-04 -1.60814E-01
9.12998E+01 -1.65002E-01 -1.06913E-04 -1.65820E-01
9.13998E+01 -1.70002E-01 -1.08591E-04 -1.70830E-01
9.14998E+01 -1.75002E-01 -1.10268E-04 -1.75848E-01
9.15998E+01 -1.80002E-01 -1.11959E-04 -1.80854E-01
9.16998E+01 -1.85002E-01 -1.13667E-04 -1.85857E-01
9.17998E+01 -1.90002E-01 -1.15399E-04 -1.90836E-01
9.18998E+01 -1.95002E-01 -1.17150E-04 -1.95857E-01
9.19998E+01 -2.00002E-01 -1.18948E-04 -2.00864E-01
9.20998E+01 -2.05001E-01 -1.20792E-04 -2.05851E-01
9.21998E+01 -2.10001E-01 -1.22692E-04 -2.10834E-01
9.22998E+01 -2.15001E-01 -1.24660E-04 -2.15853E-01
9.23998E+01 -2.20001E-01 -1.26707E-04 -2.20868E-01
9.24998E+01 -2.25001E-01 -1.28831E-04 -2.25866E-01
9.25998E+01 -2.30001E-01 -1.31054E-04 -2.30847E-01
9.26998E+01 -2.35001E-01 -1.33371E-04 -2.35851E-01
9.27998E+01 -2.40001E-01 -1.35789E-04 -2.40861E-01
9.28998E+01 -2.45001E-01 -1.38299E-04 -2.45861E-01
9.29998E+01 -2.50001E-01 -1.40907E-04 -2.50875E-01
9.30998E+01 -2.55001E-01 -1.43598E-04 -2.55869E-01
9.31998E+01 -2.60001E-01 -1.46364E-04 -2.60891E-01
9.32998E+01 -2.65001E-01 -1.49187E-04 -2.65884E-01
9.33998E+01 -2.70001E-01 -1.52067E-04 -2.70888E-01
9.34998E+01 -2.75001E-01 -1.54981E-04 -2.75902E-01
9.35998E+01 -2.80001E-01 -1.57914E-04 -2.80888E-01
9.36998E+01 -2.85001E-01 -1.60869E-04 -2.85914E-01
9.37998E+01 -2.90001E-01 -1.63806E-04 -2.90898E-01
9.38998E+01 -2.95001E-01 -1.66728E-04 -2.95895E-01
9.39998E+01 -3.00001E-01 -1.69604E-04 -3.00931E-01
9.40998E+01 -3.05001E-01 -1.72434E-04 -3.05917E-01
9.41998E+01 -3.10001E-01 -1.75185E-04 -3.10933E-01
9.42998E+01 -3.15001E-01 -1.77867E-04 -3.15922E-01
9.43998E+01 -3.20001E-01 -1.80460E-04 -3.20943E-01
9.44998E+01 -3.25001E-01 -1.82963E-04 -3.25932E-01
9.45998E+01 -3.30001E-01 -1.85361E-04 -3.30946E-01
9.46998E+01 -3.35001E-01 -1.87649E-04 -3.35942E-01
9.47998E+01 -3.40001E-01 -1.89811E-04 -3.40946E-01
9.48998E+01 -3.45001E-01 -1.91817E-04 -3.45944E-01
9.49998E+01 -3.50001E-01 -1.93632E-04 -3.50956E-01
9.50998E+01 -3.55001E-01 -1.95235E-04 -3.55966E-01
9.51998E+01 -3.60001E-01 -1.96515E-04 -3.60980E-01
9.52998E+01 -3.65001E-01 -1.97366E-04 -3.65948E-01
9.53998E+01 -3.70001E-01 -1.97583E-04 -3.70957E-01
9.54998E+01 -3.75001E-01 -1.96767E-04 -3.75966E-01
9.55998E+01 -3.80001E-01 -1.94239E-04 -3.80973E-01
9.56998E+01 -3.85001E-01 -1.89179E-04 -3.85954E-01
9.57998E+01 -3.90001E-01 -1.81044E-04 -3.90975E-01
9.58998E+01 -3.95001E-01 -1.69471E-04 -3.95973E-01
9.59998E+01 -4.00001E-01 -1.53239E-04 -4.00977E-01
9.60998E+01 -4.05001E-01 -1.32432E-04 -4.05964E-01
9.61998E+01 -4.10001E-01 -1.13698E-04 -4.10978E-01
9.62998E+01 -4.15001E-01 -1.00260E-04 -4.15971E-01
9.63998E+01 -4.20001E-01 -9.03790E-05 -4.20973E-01
9.64998E+01 -4.25001E-01 -8.31470E-05 -4.25959E-01
9.65998E+01 -4.30001E-01 -7.70109E-05 -4.30948E-01
9.66998E+01 -4.35001E-01 -7.20621E-05 -4.35975E-01
9.67998E+01 -4.40001E-01 -6.83392E-05 -4.40961E-01
9.68998E+01 -4.45001E-01 -6.54940E-05 -4.45959E-01
9.69998E+01 -4.50001E-01 -6.30723E-05 -4.50973E-01
9.70998E+01 -4.55001E-01 -6.08798E-05 -4.55976E-01
9.71998E+01 -4.60001E-01 -5.89839E-05 -4.60973E-01
9.72998E+01 -4.65001E-01 -5.73487E-05 -4.65955E-01
9.73998E+01 -4.70001E-01 -5.58101E-05 -4.70962E-01
9.74998E+01 -4.75001E-01 -5.46619E-05 -4.75973E-01
9.75998E+01 -4.80001E-01 -5.34400E-05 -4.80998E-01
9.76998E+01 -4.85001E-01 -5.23237E-05 -4.86014E-01
9.77998E+01 -4.90001E-01 -5.14563E-05 -4.91001E-01
9.78998E+01 -4.95001E-01 -5.06192E-05 -4.96005E-01
9.79998E+01 -5.00001E-01 -4.96390E-05 -5.01034E-01
9.80998E+01 -5.05001E-01 -4.88209E-05 -5.06022E-01
9.81998E+01 -5.10001E-01 -4.78916E-05 -5.11031E-01
9.82998E+01 -5.15001E-01 -4.71665E-05 -5.16031E-01
9.83998E+01 -5.20001E-01 -4.67629E-05 -5.21023E-01
9.84998E+01 -5.25001E-01 -4.58864E-05 -5.26030E-01
9.85998E+01 -5.30001E-01 -4.53097E-05 -5.31049E-01
9.86998E+01 -5.35001E-01 -4.47454E-05 -5.36040E-01
9.87998E+01 -5.40001E-01 -4.42190E-05 -5.41010E-01
9.88998E+01 -5.45001E-01 -4.37377E-05 -5.46054E-01
9.89998E+01 -5.50001E-01 -4.32871E-05 -5.51065E-01
9.90998E+01 -5.55001E-01 -4.28832E-05 -5.56062E-01
9.91998E+01 -5.60001E-01 -4.24795E-05 -5.61042E-01
9.92998E+01 -5.65001E-01 -4.21319E-05 -5.66049E-01
9.93998E+01 -5.70001E-01 -4.37563E-05 -5.71068E-01
9.94998E+01 -5.75001E-01 -4.18740E-05 -5.76071E-01
9.95998E+01 -5.80001E-01 -4.14121E-05 -5.81082E-01
9.96998E+01 -5.85001E-01 -4.11380E-05 -5.86068E-01
9.97998E+01 -5.90001E-01 -4.08923E-05 -5.91085E-01
9.98998E+01 -5.95001E-01 -4.06955E-05 -5.96098E-01
9.99997E+01 -6.00001E-01 -4.05060E-05 -6.01083E-01
1.00100E+02 -6.05000E-01 -4.03393E-05 -6.06079E-01
1.00200E+02 -6.10000E-01 -4.01806E-05 -6.11075E-01
1.00300E+02 -6.15000E-01 -4.00670E-05 -6.16098E-01
1.00400E+02 -6.20000E-01 -3.99499E-05 -6.21088E-01
1.00500E+02 -6.25000E-01 -3.98755E-05 -6.26107E-01
1.00600E+02 -6.30000E-01 -3.97693E-05 -6.31093E-01
1.00700E+02 -6.35000E-01 -3.97723E-05 -6.36105E-01
1.00800E+02 -6.40000E-01 -3.97438E-05 -6.41092E-01
1.00900E+02 -6.45000E-01 -3.96490E-05 -6.46072E-01
1.01000E+02 -6.50000E-01 -3.96164E-05 -6.51107E-01
1.01100E+02 -6.55000E-01 -3.94966E-05 -6.56132E-01
1.01200E+02 -6.60000E-01 -3.96630E-05 -6.61113E-01
1.01300E+02 -6.65000E-01 -3.94705E-05 -6.66135E-01
1.01400E+02 -6.70000E-01 -3.95571E-05 -6.71125E-01
1.01500E+02 -6.75000E-01 -3.95122E-05 -6.76134E-01
1.01600E+02 -6.80000E-01 -3.94157E-05 -6.81131E-01
1.01700E+02 -6.85000E-01 -3.94749E-05 -6.86127E-01
1.01800E+02 -6.90000E-01 -3.94203E-05 -6.91129E-01
1.01900E+02 -6.95000E-01 -3.91732E-05 -6.96119E-01
1.02000E+02 -7.00000E-01 -3.88428E-05 -7.01144E-01
1.02100E+02 -7.05000E-01 -3.86943E-05 -7.06130E-01
1.02200E+02 -7.10000E-01 -3.85955E-05 -7.11132E-01
1.02300E+02 -7.15000E-01 -3.85140E-05 -7.16151E-01
1.02400E+02 -7.20000E-01 -3.84454E-05 -7.21147E-01
1.02500E+02 -7.25000E-01 -3.83752E-05 -7.26133E-01
1.02600E+02 -7.30000E-01 -3.83051E-05 -7.31124E-01
1.02700E+02 -7.35000E-01 -3.82452E-05 -7.36149E-01
1.02800E+02 -7.40000E-01 -3.81816E-05 -7.41152E-01
1.02900E+02 -7.45000E-01 -3.81153E-05 -7.46158E-01
1.03000E+02 -7.50000E-01 -3.80548E-05 -7.51160E-01
1.03100E+02 -7.55000E-01 -3.80040E-05 -7.56160E-01
1.03200E+02 -7.60000E-01 -3.79482E-05 -7.61174E-01
1.03300E+02 -7.65000E-01 -3.79002E-05 -7.66150E-01
1.03400E+02 -7.70000E-01 -3.78444E-05 -7.71149E-01
1.03500E+02 -7.75000E-01 -3.78009E-05 -7.76159E-01
1.03600E+02 -7.80000E-01 -3.77608E-05 -7.81183E-01
1.03700E+02 -7.85000E-01 -3.77217E-05 -7.86175E-01
1.03800E+02 -7.90000E-01 -3.76867E-05 -7.91153E-01
1.03900E+02 -7.95000E-01 -3.76636E-05 -7.96157E-01
