time/s      E/V        I/A
0.00000E+00 -8.00000E-01 -4.31916E-05 -8.01413E-01
9.99997E-02 -7.95000E-01 -4.18029E-05 -7.96399E-01
1.99999E-01 -7.90000E-01 -4.06560E-05 -7.91399E-01
2.99999E-01 -7.85000E-01 -3.96321E-05 -7.86407E-01
3.99999E-01 -7.80000E-01 -3.86691E-05 -7.81399E-01
4.99999E-01 -7.75000E-01 -3.80399E-05 -7.76380E-01
5.99998E-01 -7.70000E-01 -3.72020E-05 -7.71365E-01
6.99998E-01 -7.65000E-01 -3.64000E-05 -7.66398E-01
7.99998E-01 -7.60000E-01 -3.56485E-05 -7.61401E-01
8.99998E-01 -7.55000E-01 -3.49269E-05 -7.56388E-01
9.99997E-01 -7.50000E-01 -3.42244E-05 -7.51374E-01
1.10000E+00 -7.45000E-01 -3.35557E-05 -7.46369E-01
1.20000E+00 -7.40000E-01 -3.29065E-05 -7.41371E-01
1.30000E+00 -7.35000E-01 -3.22804E-05 -7.36370E-01
1.40000E+00 -7.30000E-01 -3.16745E-05 -7.31374E-01
1.50000E+00 -7.25000E-01 -3.11024E-05 -7.26380E-01
1.60000E+00 -7.20000E-01 -3.05365E-05 -7.21374E-01
1.70000E+00 -7.15000E-01 -2.99926E-05 -7.16366E-01
1.80000E+00 -7.10000E-01 -2.94630E-05 -7.11375E-01
1.90000E+00 -7.05000E-01 -2.89554E-05 -7.06352E-01
1.99999E+00 -7.00000E-01 -2.84524E-05 -7.01365E-01
2.09999E+00 -6.95000E-01 -2.79702E-05 -6.96341E-01
2.19999E+00 -6.90000E-01 -2.74989E-05 -6.91355E-01
2.29999E+00 -6.85000E-01 -2.70366E-05 -6.86343E-01
2.39999E+00 -6.80000E-01 -2.65929E-05 -6.81354E-01
2.49999E+00 -6.75000E-01 -2.61544E-05 -6.76349E-01
2.59999E+00 -6.70000E-01 -2.57277E-05 -6.71322E-01
2.69999E+00 -6.65000E-01 -2.53141E-05 -6.66321E-01
2.79999E+00 -6.60000E-01 -2.49105E-05 -6.61330E-01
2.89999E+00 -6.55000E-01 -2.45179E-05 -6.56369E-01
2.99999E+00 -6.50000E-01 -2.41336E-05 -6.51337E-01
3.09999E+00 -6.45000E-01 -2.37548E-05 -6.46331E-01
3.19999E+00 -6.40000E-01 -2.33843E-05 -6.41330E-01
3.29999E+00 -6.35000E-01 -2.30281E-05 -6.36340E-01
3.39999E+00 -6.30000E-01 -2.26704E-05 -6.31331E-01
3.49999E+00 -6.25000E-01 -2.23265E-05 -6.26332E-01
3.59999E+00 -6.20000E-01 -2.19778E-05 -6.21323E-01
3.69999E+00 -6.15000E-01 -2.16441E-05 -6.16340E-01
3.79999E+00 -6.10000E-01 -2.13130E-05 -6.11308E-01
3.89999E+00 -6.05000E-01 -2.09922E-05 -6.06320E-01
3.99999E+00 -6.00001E-01 -2.06739E-05 -6.01296E-01
4.09999E+00 -5.95001E-01 -2.03601E-05 -5.96323E-01
4.19999E+00 -5.90001E-01 -2.00483E-05 -5.91296E-01
4.29999E+00 -5.85001E-01 -1.97447E-05 -5.86310E-01
4.39999E+00 -5.80001E-01 -1.94431E-05 -5.81306E-01
4.49999E+00 -5.75001E-01 -1.91511E-05 -5.76301E-01
4.59999E+00 -5.70001E-01 -1.88566E-05 -5.71282E-01
4.69999E+00 -5.65001E-01 -1.85667E-05 -5.66269E-01
4.79999E+00 -5.60001E-01 -1.82799E-05 -5.61270E-01
4.89999E+00 -5.55001E-01 -1.79956E-05 -5.56300E-01
4.99999E+00 -5.50001E-01 -1.77150E-05 -5.51285E-01
5.09999E+00 -5.45001E-01 -1.74374E-05 -5.46266E-01
5.19999E+00 -5.40001E-01 -1.71613E-05 -5.41243E-01
5.29999E+00 -5.35001E-01 -1.68899E-05 -5.36262E-01
5.39999E+00 -5.30001E-01 -1.66203E-05 -5.31228E-01
5.49999E+00 -5.25001E-01 -1.63504E-05 -5.26252E-01
5.59999E+00 -5.20001E-01 -1.60871E-05 -5.21237E-01
5.69999E+00 -5.15001E-01 -1.58219E-05 -5.16246E-01
5.79999E+00 -5.10001E-01 -1.55596E-05 -5.11257E-01
5.89999E+00 -5.05001E-01 -1.52995E-05 -5.06231E-01
5.99998E+00 -5.00001E-01 -1.50412E-05 -5.01240E-01
6.09998E+00 -4.95001E-01 -1.47832E-05 -4.96235E-01
6.19998E+00 -4.90001E-01 -1.45275E-05 -4.91212E-01
6.29998E+00 -4.85001E-01 -1.42757E-05 -4.86206E-01
6.39998E+00 -4.80001E-01 -1.40218E-05 -4.81164E-01
6.49998E+00 -4.75001E-01 -1.37757E-05 -4.76201E-01
6.59998E+00 -4.70001E-01 -1.35264E-05 -4.71176E-01
6.69998E+00 -4.65001E-01 -1.32799E-05 -4.66170E-01
6.79998E+00 -4.60001E-01 -1.30391E-05 -4.61178E-01
6.89998E+00 -4.55001E-01 -1.27979E-05 -4.56195E-01
6.99998E+00 -4.50001E-01 -1.25605E-05 -4.51180E-01
7.09998E+00 -4.45001E-01 -1.23233E-05 -4.46173E-01
7.19998E+00 -4.40001E-01 -1.20876E-05 -4.41154E-01
7.29998E+00 -4.35001E-01 -1.18573E-05 -4.36165E-01
7.39998E+00 -4.30001E-01 -1.16263E-05 -4.31162E-01
7.49998E+00 -4.25001E-01 -1.14028E-05 -4.26133E-01
7.59998E+00 -4.20001E-01 -1.11778E-05 -4.21143E-01
7.69998E+00 -4.15001E-01 -1.09586E-05 -4.16157E-01
7.79998E+00 -4.10001E-01 -1.07401E-05 -4.11149E-01
7.89998E+00 -4.05001E-01 -1.05239E-05 -4.06144E-01
7.99998E+00 -4.00001E-01 -1.03099E-05 -4.01135E-01
8.09998E+00 -3.95001E-01 -1.01052E-05 -3.96142E-01
8.19998E+00 -3.90001E-01 -9.89788E-06 -3.91150E-01
8.29998E+00 -3.85001E-01 -9.69438E-06 -3.86136E-01
8.39998E+00 -3.80001E-01 -9.49503E-06 -3.81142E-01
8.49998E+00 -3.75001E-01 -9.29760E-06 -3.76156E-01
8.59998E+00 -3.70001E-01 -9.09913E-06 -3.71148E-01
8.69998E+00 -3.65001E-01 -8.90787E-06 -3.66116E-01
8.79998E+00 -3.60001E-01 -8.71055E-06 -3.61139E-01
8.89998E+00 -3.55001E-01 -8.52312E-06 -3.56166E-01
8.99998E+00 -3.50001E-01 -8.33426E-06 -3.51135E-01
9.09998E+00 -3.45001E-01 -8.15126E-06 -3.46118E-01
9.19998E+00 -3.40001E-01 -7.96290E-06 -3.41124E-01
9.29998E+00 -3.35001E-01 -7.78140E-06 -3.36151E-01
9.39998E+00 -3.30001E-01 -7.60126E-06 -3.31164E-01
9.49998E+00 -3.25001E-01 -7.42318E-06 -3.26121E-01
9.59998E+00 -3.20001E-01 -7.24380E-06 -3.21117E-01
9.69998E+00 -3.15001E-01 -7.07299E-06 -3.16124E-01
9.79998E+00 -3.10001E-01 -6.89394E-06 -3.11092E-01
9.89998E+00 -3.05001E-01 -6.71660E-06 -3.06118E-01
9.99997E+00 -3.00001E-01 -6.53930E-06 -3.01107E-01
1.01000E+01 -2.95001E-01 -6.37051E-06 -2.96104E-01
1.02000E+01 -2.90001E-01 -6.19436E-06 -2.91081E-01
1.03000E+01 -2.85001E-01 -6.02112E-06 -2.86090E-01
1.04000E+01 -2.80001E-01 -5.85211E-06 -2.81086E-01
1.05000E+01 -2.75001E-01 -5.68313E-06 -2.76083E-01
1.06000E+01 -2.70001E-01 -5.51399E-06 -2.71064E-01
1.07000E+01 -2.65001E-01 -5.34241E-06 -2.66053E-01
1.08000E+01 -2.60001E-01 -5.17355E-06 -2.61076E-01
1.09000E+01 -2.55001E-01 -5.00150E-06 -2.56070E-01
1.10000E+01 -2.50001E-01 -4.83379E-06 -2.51044E-01
1.11000E+01 -2.45001E-01 -4.66075E-06 -2.46075E-01
1.12000E+01 -2.40001E-01 -4.49809E-06 -2.41071E-01
1.13000E+01 -2.35001E-01 -4.33146E-06 -2.36048E-01
1.14000E+01 -2.30001E-01 -4.17314E-06 -2.31040E-01
1.15000E+01 -2.25001E-01 -4.00461E-06 -2.26049E-01
1.16000E+01 -2.20001E-01 -3.83255E-06 -2.21055E-01
1.17000E+01 -2.15001E-01 -3.66307E-06 -2.16044E-01
1.18000E+01 -2.10001E-01 -3.51548E-06 -2.11051E-01
1.19000E+01 -2.05001E-01 -3.34575E-06 -2.06028E-01
1.20000E+01 -2.00002E-01 -3.18495E-06 -2.01067E-01
1.21000E+01 -1.95002E-01 -3.04170E-06 -1.96054E-01
1.22000E+01 -1.90002E-01 -2.87171E-06 -1.91015E-01
1.23000E+01 -1.85002E-01 -2.70909E-06 -1.86046E-01
1.24000E+01 -1.80002E-01 -2.54632E-06 -1.81024E-01
1.25000E+01 -1.75002E-01 -2.38423E-06 -1.76013E-01
1.26000E+01 -1.70002E-01 -2.22001E-06 -1.70998E-01
1.27000E+01 -1.65002E-01 -2.06161E-06 -1.66010E-01
1.28000E+01 -1.60002E-01 -1.89784E-06 -1.61004E-01
1.29000E+01 -1.55002E-01 -1.74285E-06 -1.55985E-01
1.30000E+01 -1.50002E-01 -1.58346E-06 -1.50982E-01
1.31000E+01 -1.45002E-01 -1.43469E-06 -1.45992E-01
1.32000E+01 -1.40002E-01 -1.27125E-06 -1.40998E-01
1.33000E+01 -1.35002E-01 -1.10851E-06 -1.35990E-01
1.34000E+01 -1.30002E-01 -9.53265E-07 -1.30977E-01
1.35000E+01 -1.25002E-01 -8.02422E-07 -1.25977E-01
1.36000E+01 -1.20002E-01 -6.36934E-07 -1.20982E-01
1.37000E+01 -1.15002E-01 -4.74854E-07 -1.15984E-01
1.38000E+01 -1.10002E-01 -3.14460E-07 -1.10973E-01
1.39000E+01 -1.05002E-01 -1.62686E-07 -1.05952E-01
1.40000E+01 -1.00002E-01 -1.33491E-08 -1.00981E-01
1.41000E+01 -9.50018E-02 1.41226E-07  -9.59755E-02
1.42000E+01 -9.00018E-02 3.04328E-07  -9.09802E-02
1.43000E+01 -8.50018E-02 4.66611E-07  -8.59668E-02
1.44000E+01 -8.00018E-02 6.27289E-07  -8.09777E-02
1.45000E+01 -7.50018E-02 7.89867E-07  -7.59699E-02
1.46000E+01 -7.00018E-02 9.68440E-07  -7.09590E-02
1.47000E+01 -6.50018E-02 1.15740E-06  -6.59599E-02
1.48000E+01 -6.00019E-02 1.30891E-06  -6.09840E-02
1.49000E+01 -5.50019E-02 1.47579E-06  -5.59699E-02
1.50000E+01 -5.00019E-02 1.64375E-06  -5.09728E-02
1.51000E+01 -4.50019E-02 1.82172E-06  -4.59407E-02
1.52000E+01 -4.00019E-02 2.00432E-06  -4.09597E-02
1.53000E+01 -3.50019E-02 2.20915E-06  -3.59594E-02
1.54000E+01 -3.00019E-02 2.39272E-06  -3.09391E-02
1.55000E+01 -2.50019E-02 2.57614E-06  -2.59282E-02
1.56000E+01 -2.00020E-02 2.74569E-06  -2.09485E-02
1.57000E+01 -1.50020E-02 2.91496E-06  -1.59464E-02
1.58000E+01 -1.00020E-02 3.08795E-06  -1.09117E-02
1.59000E+01 -5.00199E-03 3.29197E-06  -5.91707E-03
1.60000E+01 -2.00000E-06 3.46948E-06  -8.83684E-04
1.61000E+01 4.99799E-03  3.66368E-06  4.05293E-03 
1.62000E+01 9.99797E-03  3.87787E-06  9.08071E-03 
1.63000E+01 1.49980E-02  4.09148E-06  1.40910E-02 
1.64000E+01 1.99979E-02  4.30259E-06  1.91144E-02 
1.65000E+01 2.49979E-02  4.49791E-06  2.41047E-02 
1.66000E+01 2.99979E-02  4.70007E-06  2.91087E-02 
1.67000E+01 3.49979E-02  4.91461E-06  3.41071E-02 
1.68000E+01 3.99979E-02  5.13983E-06  3.91362E-02 
1.69000E+01 4.49979E-02  5.36553E-06  4.41346E-02 
1.70000E+01 4.99979E-02  5.59823E-06  4.91311E-02 
1.71000E+01 5.49979E-02  5.83342E-06  5.41221E-02 
1.72000E+01 5.99978E-02  6.07780E-06  5.91417E-02 
1.73000E+01 6.49978E-02  6.34369E-06  6.41352E-02 
1.74000E+01 6.99978E-02  6.60232E-06  6.91230E-02 
1.75000E+01 7.49978E-02  6.85925E-06  7.41326E-02 
1.76000E+01 7.99978E-02  7.12103E-06  7.91541E-02 
1.77000E+01 8.49978E-02  7.40554E-06  8.41338E-02 
1.78000E+01 8.99978E-02  7.68250E-06  8.91348E-02 
1.79000E+01 9.49978E-02  7.97041E-06  9.41475E-02 
1.80000E+01 9.99977E-02  8.28120E-06  9.91609E-02 
1.81000E+01 1.04998E-01  8.60969E-06  1.04168E-01 
1.82000E+01 1.09998E-01  8.94968E-06  1.09133E-01 
1.83000E+01 1.14998E-01  9.29463E-06  1.14159E-01 
1.84000E+01 1.19998E-01  9.60399E-06  1.19170E-01 
1.85000E+01 1.24998E-01  9.90992E-06  1.24174E-01 
1.86000E+01 1.29998E-01  1.02363E-05  1.29152E-01 
1.87000E+01 1.34998E-01  1.06087E-05  1.34136E-01 
1.88000E+01 1.39998E-01  1.09608E-05  1.39163E-01 
1.89000E+01 1.44998E-01  1.13541E-05  1.44189E-01 
1.90000E+01 1.49998E-01  1.17864E-05  1.49164E-01 
1.91000E+01 1.54998E-01  1.22216E-05  1.54170E-01 
1.92000E+01 1.59998E-01  1.25965E-05  1.59196E-01 
1.93000E+01 1.64998E-01  1.29912E-05  1.64189E-01 
1.94000E+01 1.69998E-01  1.34105E-05  1.69176E-01 
1.95000E+01 1.74998E-01  1.38706E-05  1.74190E-01 
1.96000E+01 1.79998E-01  1.43070E-05  1.79204E-01 
1.97000E+01 1.84998E-01  1.47745E-05  1.84183E-01 
1.98000E+01 1.89998E-01  1.52786E-05  1.89183E-01 
1.99000E+01 1.94998E-01  1.58161E-05  1.94178E-01 
1.99999E+01 1.99997E-01  1.64037E-05  1.99211E-01 
2.00999E+01 2.04997E-01  1.69088E-05  2.04197E-01 
2.01999E+01 2.09997E-01  1.73400E-05  2.09189E-01 
2.02999E+01 2.14997E-01  1.78304E-05  2.14205E-01 
2.03999E+01 2.19997E-01  1.83676E-05  2.19206E-01 
2.04999E+01 2.24997E-01  1.88834E-05  2.24213E-01 
2.05999E+01 2.29997E-01  1.94860E-05  2.29220E-01 
2.06999E+01 2.34997E-01  2.01317E-05  2.34211E-01 
2.07999E+01 2.39997E-01  2.06382E-05  2.39238E-01 
2.08999E+01 2.44997E-01  2.11481E-05  2.44215E-01 
2.09999E+01 2.49997E-01  2.17224E-05  2.49222E-01 
2.10999E+01 2.54997E-01  2.23076E-05  2.54228E-01 
2.11999E+01 2.59997E-01  2.28797E-05  2.59225E-01 
2.12999E+01 2.64997E-01  2.34329E-05  2.64227E-01 
2.13999E+01 2.69997E-01  2.40019E-05  2.69229E-01 
2.14999E+01 2.74997E-01  2.45918E-05  2.74232E-01 
2.15999E+01 2.79997E-01  2.51810E-05  2.79255E-01 
2.16999E+01 2.84997E-01  2.57861E-05  2.84266E-01 
2.17999E+01 2.89997E-01  2.63642E-05  2.89259E-01 
2.18999E+01 2.94997E-01  2.68952E-05  2.94277E-01 
2.19999E+01 2.99997E-01  2.74355E-05  2.99279E-01 
2.20999E+01 3.04997E-01  2.80055E-05  3.04287E-01 
2.21999E+01 3.09997E-01  2.85368E-05  3.09299E-01 
2.22999E+01 3.14997E-01  2.90939E-05  3.14274E-01 
2.23999E+01 3.19997E-01  2.96641E-05  3.19283E-01 
2.24999E+01 3.24997E-01  3.02233E-05  3.24303E-01 
2.25999E+01 3.29997E-01  3.07201E-05  3.29307E-01 
2.26999E+01 3.34997E-01  3.12117E-05  3.34330E-01 
2.27999E+01 3.39997E-01  3.17027E-05  3.39304E-01 
2.28999E+01 3.44997E-01  3.22047E-05  3.44288E-01 
2.29999E+01 3.49997E-01  3.26851E-05  3.49318E-01 
2.30999E+01 3.54997E-01  3.31638E-05  3.54327E-01 
2.31999E+01 3.59997E-01  3.36414E-05  3.59306E-01 
2.32999E+01 3.64997E-01  3.41122E-05  3.64313E-01 
2.33999E+01 3.69997E-01  3.45544E-05  3.69319E-01 
2.34999E+01 3.74997E-01  3.49663E-05  3.74332E-01 
2.35999E+01 3.79997E-01  3.53720E-05  3.79340E-01 
2.36999E+01 3.84997E-01  3.57791E-05  3.84326E-01 
2.37999E+01 3.89997E-01  3.61642E-05  3.89355E-01 
2.38999E+01 3.94997E-01  3.65373E-05  3.94345E-01 
2.39999E+01 3.99997E-01  3.69158E-05  3.99342E-01 
2.40999E+01 4.04997E-01  3.72681E-05  4.04336E-01 
2.41999E+01 4.09997E-01  3.75981E-05  4.09339E-01 
2.42999E+01 4.14997E-01  3.79159E-05  4.14343E-01 
2.43999E+01 4.19997E-01  3.82277E-05  4.19353E-01 
2.44999E+01 4.24997E-01  3.85301E-05  4.24350E-01 
2.45999E+01 4.29997E-01  3.88161E-05  4.29354E-01 
2.46999E+01 4.34997E-01  3.91004E-05  4.34360E-01 
2.47999E+01 4.39997E-01  3.93769E-05  4.39366E-01 
2.48999E+01 4.44997E-01  3.96383E-05  4.44354E-01 
2.49999E+01 4.49997E-01  3.98991E-05  4.49348E-01 
2.50999E+01 4.54997E-01  4.01454E-05  4.54359E-01 
2.51999E+01 4.59997E-01  4.03896E-05  4.59392E-01 
2.52999E+01 4.64997E-01  4.06435E-05  4.64399E-01 
2.53999E+01 4.69997E-01  4.08857E-05  4.69399E-01 
2.54999E+01 4.74997E-01  4.11346E-05  4.74382E-01 
2.55999E+01 4.79997E-01  4.13824E-05  4.79381E-01 
2.56999E+01 4.84997E-01  4.16337E-05  4.84404E-01 
2.57999E+01 4.89997E-01  4.18916E-05  4.89426E-01 
2.58999E+01 4.94997E-01  4.21409E-05  4.94420E-01 
2.59999E+01 4.99997E-01  4.24001E-05  4.99410E-01 
2.60999E+01 5.04997E-01  4.26638E-05  5.04435E-01 
2.61999E+01 5.09997E-01  4.29291E-05  5.09441E-01 
2.62999E+01 5.14997E-01  4.31977E-05  5.14438E-01 
2.63999E+01 5.19997E-01  4.34668E-05  5.19429E-01 
2.64999E+01 5.24997E-01  4.37374E-05  5.24441E-01 
2.65999E+01 5.29997E-01  4.40141E-05  5.29453E-01 
2.66999E+01 5.34997E-01  4.42921E-05  5.34460E-01 
2.67999E+01 5.39997E-01  4.45677E-05  5.39440E-01 
2.68999E+01 5.44997E-01  4.48467E-05  5.44428E-01 
2.69999E+01 5.49997E-01  4.51252E-05  5.49452E-01 
2.70999E+01 5.54997E-01  4.54089E-05  5.54456E-01 
2.71999E+01 5.59997E-01  4.56881E-05  5.59433E-01 
2.72999E+01 5.64997E-01  4.59698E-05  5.64446E-01 
2.73999E+01 5.69997E-01  4.62529E-05  5.69472E-01 
2.74999E+01 5.74997E-01  4.65359E-05  5.74491E-01 
2.75999E+01 5.79997E-01  4.68204E-05  5.79467E-01 
2.76999E+01 5.84997E-01  4.71046E-05  5.84476E-01 
2.77999E+01 5.89997E-01  4.73954E-05  5.89467E-01 
2.78999E+01 5.94997E-01  4.76932E-05  5.94487E-01 
2.79999E+01 5.99996E-01  4.79943E-05  5.99471E-01 
2.80999E+01 6.04996E-01  4.82922E-05  6.04466E-01 
2.81999E+01 6.09996E-01  4.86021E-05  6.09492E-01 
2.82999E+01 6.14996E-01  4.89098E-05  6.14494E-01 
2.83999E+01 6.19996E-01  4.92282E-05  6.19475E-01 
2.84999E+01 6.24996E-01  4.95484E-05  6.24479E-01 
2.85999E+01 6.29996E-01  4.98812E-05  6.29489E-01 
2.86999E+01 6.34996E-01  5.02175E-05  6.34508E-01 
2.87999E+01 6.39996E-01  5.05659E-05  6.39538E-01 
2.88999E+01 6.44996E-01  5.09092E-05  6.44516E-01 
2.89999E+01 6.49996E-01  5.12722E-05  6.49522E-01 
2.90999E+01 6.54996E-01  5.16321E-05  6.54536E-01 
2.91999E+01 6.59996E-01  5.20039E-05  6.59540E-01 
2.92999E+01 6.64996E-01  5.23770E-05  6.64536E-01 
2.93999E+01 6.69996E-01  5.27609E-05  6.69542E-01 
2.94999E+01 6.74996E-01  5.31431E-05  6.74546E-01 
2.95999E+01 6.79996E-01  5.35374E-05  6.79559E-01 
2.96999E+01 6.84996E-01  5.39359E-05  6.84536E-01 
2.97999E+01 6.89996E-01  5.43320E-05  6.89538E-01 
2.98999E+01 6.94996E-01  5.47379E-05  6.94551E-01 
2.99999E+01 6.99996E-01  5.51443E-05  6.99574E-01 
3.00999E+01 7.04996E-01  5.55619E-05  7.04555E-01 
3.01999E+01 7.09996E-01  5.59721E-05  7.09539E-01 
3.02999E+01 7.14996E-01  5.63989E-05  7.14557E-01 
3.03999E+01 7.19996E-01  5.68141E-05  7.19562E-01 
3.04999E+01 7.24996E-01  5.72384E-05  7.24556E-01 
3.05999E+01 7.29996E-01  5.76648E-05  7.29550E-01 
3.06999E+01 7.34996E-01  5.80987E-05  7.34555E-01 
3.07999E+01 7.39996E-01  5.85350E-05  7.39578E-01 
3.08999E+01 7.44996E-01  5.89723E-05  7.44555E-01 
3.09999E+01 7.49996E-01  5.94039E-05  7.49561E-01 
3.10999E+01 7.54996E-01  5.98498E-05  7.54561E-01 
3.11999E+01 7.59996E-01  6.02861E-05  7.59568E-01 
3.12999E+01 7.64996E-01  6.07260E-05  7.64599E-01 
3.13999E+01 7.69996E-01  6.11732E-05  7.69572E-01 
3.14999E+01 7.74996E-01  6.16124E-05  7.74572E-01 
3.15999E+01 7.79996E-01  6.20613E-05  7.79579E-01 
3.16999E+01 7.84996E-01  6.24964E-05  7.84615E-01 
3.17999E+01 7.89996E-01  6.29371E-05  7.89611E-01 
3.18999E+01 7.94996E-01  6.33872E-05  7.94631E-01 
3.19999E+01 7.99996E-01  6.38234E-05  7.99623E-01 
3.20999E+01 8.04996E-01  6.42631E-05  8.04628E-01 
3.21999E+01 8.09996E-01  6.47122E-05  8.09646E-01 
3.22999E+01 8.14996E-01  6.51592E-05  8.14652E-01 
3.23999E+01 8.19996E-01  6.55957E-05  8.19629E-01 
3.24999E+01 8.24996E-01  6.60339E-05  8.24618E-01 
3.25999E+01 8.29996E-01  6.64780E-05  8.29647E-01 
3.26999E+01 8.34996E-01  6.69213E-05  8.34665E-01 
3.27999E+01 8.39996E-01  6.73546E-05  8.39654E-01 
3.28999E+01 8.44996E-01  6.77860E-05  8.44634E-01 
3.29999E+01 8.49996E-01  6.82250E-05  8.49660E-01 
3.30999E+01 8.54996E-01  6.86575E-05  8.54664E-01 
3.31999E+01 8.59996E-01  6.90817E-05  8.59662E-01 
3.32999E+01 8.64996E-01  6.95166E-05  8.64668E-01 
3.33999E+01 8.69996E-01  6.99492E-05  8.69655E-01 
3.34999E+01 8.74996E-01  7.03787E-05  8.74679E-01 
3.35999E+01 8.79996E-01  7.08059E-05  8.79671E-01 
3.36999E+01 8.84996E-01  7.12273E-05  8.84695E-01 
3.37999E+01 8.89996E-01  7.16512E-05  8.89688E-01 
3.38999E+01 8.94996E-01  7.20719E-05  8.94692E-01 
3.39999E+01 8.99996E-01  7.24846E-05  8.99700E-01 
3.40999E+01 9.04996E-01  7.29063E-05  9.04699E-01 
3.41999E+01 9.09996E-01  7.33662E-05  9.09687E-01 
3.42999E+01 9.14996E-01  7.37654E-05  9.14707E-01 
3.43999E+01 9.19996E-01  7.41821E-05  9.19727E-01 
3.44999E+01 9.24996E-01  7.46016E-05  9.24719E-01 
3.45999E+01 9.29996E-01  7.50219E-05  9.29696E-01 
3.46999E+01 9.34996E-01  7.54515E-05  9.34707E-01 
3.47999E+01 9.39996E-01  7.58646E-05  9.39731E-01 
3.48999E+01 9.44996E-01  7.62864E-05  9.44742E-01 
3.49999E+01 9.49996E-01  7.67059E-05  9.49731E-01 
3.50999E+01 9.54996E-01  7.71251E-05  9.54733E-01 
3.51999E+01 9.59996E-01  7.75393E-05  9.59739E-01 
3.52999E+01 9.64996E-01  7.79440E-05  9.64737E-01 
3.53999E+01 9.69996E-01  7.83606E-05  9.69777E-01 
3.54999E+01 9.74996E-01  7.87810E-05  9.74753E-01 
3.55999E+01 9.79996E-01  7.92005E-05  9.79741E-01 
3.56999E+01 9.84996E-01  7.96224E-05  9.84743E-01 
3.57999E+01 9.89996E-01  8.00442E-05  9.89753E-01 
3.58999E+01 9.94996E-01  8.04713E-05  9.94740E-01 
3.59999E+01 9.99995E-01  8.09048E-05  9.99739E-01 
3.60999E+01 1.00500E+00  8.13284E-05  1.00474E+00 
3.61999E+01 1.01000E+00  8.20008E-05  1.00975E+00 
3.62999E+01 1.01500E+00  8.21525E-05  1.01476E+00 
3.63999E+01 1.02000E+00  8.25615E-05  1.01974E+00 
3.64999E+01 1.02500E+00  8.29750E-05  1.02475E+00 
3.65999E+01 1.03000E+00  8.33833E-05  1.02977E+00 
3.66999E+01 1.03500E+00  8.37903E-05  1.03475E+00 
3.67999E+01 1.04000E+00  8.41976E-05  1.03977E+00 
3.68999E+01 1.04500E+00  8.46008E-05  1.04475E+00 
3.69999E+01 1.05000E+00  8.50098E-05  1.04976E+00 
3.70999E+01 1.05500E+00  8.54156E-05  1.05476E+00 
3.71999E+01 1.06000E+00  8.58121E-05  1.05977E+00 
3.72999E+01 1.06500E+00  8.62000E-05  1.06477E+00 
3.73999E+01 1.07000E+00  8.65874E-05  1.06977E+00 
3.74999E+01 1.07500E+00  8.69733E-05  1.07480E+00 
3.75999E+01 1.08000E+00  8.73494E-05  1.07977E+00 
3.76999E+01 1.08500E+00  8.77270E-05  1.08477E+00 
3.77999E+01 1.09000E+00  8.80954E-05  1.08978E+00 
3.78999E+01 1.09500E+00  8.84500E-05  1.09480E+00 
3.79999E+01 1.10000E+00  8.88055E-05  1.09980E+00 
3.80999E+01 1.10500E+00  8.91564E-05  1.10480E+00 
3.81999E+01 1.11000E+00  8.95062E-05  1.10980E+00 
3.82999E+01 1.11500E+00  8.98568E-05  1.11480E+00 
3.83999E+01 1.12000E+00  9.02192E-05  1.11984E+00 
3.84999E+01 1.12500E+00  9.05644E-05  1.12484E+00 
3.85999E+01 1.13000E+00  9.08959E-05  1.12983E+00 
3.86999E+01 1.13500E+00  9.12537E-05  1.13484E+00 
3.87999E+01 1.14000E+00  9.16016E-05  1.13984E+00 
3.88999E+01 1.14500E+00  9.19643E-05  1.14485E+00 
3.89999E+01 1.15000E+00  9.23176E-05  1.14987E+00 
3.90999E+01 1.15500E+00  9.26350E-05  1.15485E+00 
3.91999E+01 1.16000E+00  9.29437E-05  1.15988E+00 
3.92999E+01 1.16500E+00  9.33016E-05  1.16487E+00 
3.93999E+01 1.17000E+00  9.36214E-05  1.16988E+00 
3.94999E+01 1.17500E+00  9.39365E-05  1.17488E+00 
3.95999E+01 1.18000E+00  9.42234E-05  1.17988E+00 
3.96999E+01 1.18500E+00  9.45277E-05  1.18489E+00 
3.97999E+01 1.19000E+00  9.47920E-05  1.18990E+00 
3.98999E+01 1.19500E+00  9.51170E-05  1.19491E+00 
3.99999E+01 1.19999E+00  9.54034E-05  1.19991E+00 
4.00999E+01 1.20499E+00  9.56950E-05  1.20490E+00 
4.01999E+01 1.20999E+00  9.59953E-05  1.20991E+00 
4.02999E+01 1.21499E+00  9.63246E-05  1.21491E+00 
4.03999E+01 1.21999E+00  9.66028E-05  1.21990E+00 
4.04999E+01 1.22499E+00  9.69111E-05  1.22491E+00 
4.05999E+01 1.22999E+00  9.72360E-05  1.22993E+00 
4.06999E+01 1.23499E+00  9.75963E-05  1.23494E+00 
4.07999E+01 1.23999E+00  9.79265E-05  1.23993E+00 
4.08999E+01 1.24499E+00  9.82875E-05  1.24493E+00 
4.09999E+01 1.24999E+00  9.86118E-05  1.24994E+00 
4.10999E+01 1.25499E+00  9.89577E-05  1.25492E+00 
4.11999E+01 1.25999E+00  9.93276E-05  1.25993E+00 
4.12999E+01 1.26499E+00  9.97008E-05  1.26494E+00 
4.13999E+01 1.26999E+00  1.00107E-04  1.26995E+00 
4.14999E+01 1.27499E+00  1.00596E-04  1.27497E+00 
4.15999E+01 1.27999E+00  1.01258E-04  1.27991E+00 
4.16999E+01 1.28499E+00  1.01426E-04  1.28492E+00 
4.17999E+01 1.28999E+00  1.01828E-04  1.28993E+00 
4.18999E+01 1.29499E+00  1.02262E-04  1.29495E+00 
4.19999E+01 1.29999E+00  1.02709E-04  1.29995E+00 
4.20999E+01 1.30499E+00  1.03194E-04  1.30493E+00 
4.21999E+01 1.30999E+00  1.03687E-04  1.30994E+00 
4.22999E+01 1.31499E+00  1.04285E-04  1.31497E+00 
4.23999E+01 1.31999E+00  1.04784E-04  1.31994E+00 
4.24999E+01 1.32499E+00  1.05287E-04  1.32496E+00 
4.25999E+01 1.32999E+00  1.05782E-04  1.32996E+00 
4.26999E+01 1.33499E+00  1.06314E-04  1.33498E+00 
4.27999E+01 1.33999E+00  1.06843E-04  1.33996E+00 
4.28999E+01 1.34499E+00  1.07400E-04  1.34495E+00 
4.29999E+01 1.34999E+00  1.07976E-04  1.34996E+00 
4.30999E+01 1.35499E+00  1.08567E-04  1.35497E+00 
4.31999E+01 1.35999E+00  1.09419E-04  1.35997E+00 
4.32999E+01 1.36499E+00  1.09978E-04  1.36497E+00 
4.33999E+01 1.36999E+00  1.10525E-04  1.36996E+00 
4.34999E+01 1.37499E+00  1.11066E-04  1.37499E+00 
4.35999E+01 1.37999E+00  1.11634E-04  1.37997E+00 
4.36999E+01 1.38499E+00  1.12230E-04  1.38499E+00 
4.37999E+01 1.38999E+00  1.12850E-04  1.38998E+00 
4.38999E+01 1.39499E+00  1.13482E-04  1.39499E+00 
4.39999E+01 1.39999E+00  1.14148E-04  1.40001E+00 
4.40999E+01 1.40499E+00  1.14882E-04  1.40499E+00 
4.41999E+01 1.40999E+00  1.15666E-04  1.40999E+00 
4.42999E+01 1.41499E+00  1.16400E-04  1.41502E+00 
4.43999E+01 1.41999E+00  1.17199E-04  1.42003E+00 
4.44999E+01 1.42499E+00  1.18009E-04  1.42501E+00 
4.45999E+01 1.42999E+00  1.18907E-04  1.43001E+00 
4.46999E+01 1.43499E+00  1.19931E-04  1.43504E+00 
4.47999E+01 1.43999E+00  1.21117E-04  1.44006E+00 
4.48999E+01 1.44499E+00  1.22215E-04  1.44505E+00 
4.49999E+01 1.44999E+00  1.23284E-04  1.45007E+00 
4.50999E+01 1.45499E+00  1.24300E-04  1.45508E+00 
4.51999E+01 1.45999E+00  1.25335E-04  1.46008E+00 
4.52999E+01 1.46499E+00  1.26402E-04  1.46506E+00 
4.53999E+01 1.46999E+00  1.27574E-04  1.47007E+00 
4.54999E+01 1.47499E+00  1.28752E-04  1.47509E+00 
4.55999E+01 1.47999E+00  1.29968E-04  1.48009E+00 
4.56999E+01 1.48499E+00  1.31161E-04  1.48509E+00 
4.57999E+01 1.48999E+00  1.32483E-04  1.49010E+00 
4.58999E+01 1.49499E+00  1.33864E-04  1.49511E+00 
4.59999E+01 1.49999E+00  1.35276E-04  1.50008E+00 
4.60999E+01 1.50499E+00  1.36648E-04  1.50509E+00 
4.61999E+01 1.50999E+00  1.38144E-04  1.51009E+00 
4.62999E+01 1.51499E+00  1.39501E-04  1.51512E+00 
4.63999E+01 1.51999E+00  1.40963E-04  1.52011E+00 
4.64999E+01 1.52499E+00  1.42526E-04  1.52508E+00 
4.65999E+01 1.52999E+00  1.44095E-04  1.53010E+00 
4.66999E+01 1.53499E+00  1.45802E-04  1.53513E+00 
4.67999E+01 1.53999E+00  1.47459E-04  1.54011E+00 
4.68999E+01 1.54499E+00  1.49204E-04  1.54510E+00 
4.69999E+01 1.54999E+00  1.51075E-04  1.55011E+00 
4.70999E+01 1.55499E+00  1.53098E-04  1.55511E+00 
4.71999E+01 1.55999E+00  1.54874E-04  1.56012E+00 
4.72999E+01 1.56499E+00  1.56597E-04  1.56511E+00 
4.73999E+01 1.56999E+00  1.58530E-04  1.57011E+00 
4.74999E+01 1.57499E+00  1.60481E-04  1.57511E+00 
4.75999E+01 1.57999E+00  1.62557E-04  1.58013E+00 
4.76999E+01 1.58499E+00  1.64666E-04  1.58514E+00 
4.77999E+01 1.58999E+00  1.66810E-04  1.59011E+00 
4.78999E+01 1.59499E+00  1.69052E-04  1.59515E+00 
4.79999E+01 1.59999E+00  1.71255E-04  1.60013E+00 
4.80999E+01 1.60499E+00  1.73487E-04  1.60515E+00 
4.81999E+01 1.60999E+00  1.75794E-04  1.61018E+00 
4.82999E+01 1.61499E+00  1.78140E-04  1.61515E+00 
4.83999E+01 1.61999E+00  1.80553E-04  1.62016E+00 
4.84999E+01 1.62499E+00  1.83152E-04  1.62517E+00 
4.85999E+01 1.62999E+00  1.86259E-04  1.63020E+00 
4.86999E+01 1.63499E+00  1.88229E-04  1.63516E+00 
4.87999E+01 1.63999E+00  1.91010E-04  1.64017E+00 
4.88999E+01 1.64499E+00  1.93190E-04  1.64517E+00 
4.89999E+01 1.64999E+00  1.95770E-04  1.65020E+00 
4.90999E+01 1.65499E+00  1.98427E-04  1.65520E+00 
4.91999E+01 1.65999E+00  2.01106E-04  1.66018E+00 
4.92999E+01 1.66499E+00  2.03866E-04  1.66520E+00 
4.93999E+01 1.66999E+00  2.06632E-04  1.67023E+00 
4.94999E+01 1.67499E+00  2.09406E-04  1.67521E+00 
4.95999E+01 1.67999E+00  2.12241E-04  1.68019E+00 
4.96999E+01 1.68499E+00  2.15245E-04  1.68521E+00 
4.97999E+01 1.68999E+00  2.18030E-04  1.69020E+00 
4.98999E+01 1.69499E+00  2.20830E-04  1.69521E+00 
4.99999E+01 1.69999E+00  2.23696E-04  1.70019E+00 
5.00999E+01 1.70499E+00  2.26512E-04  1.70522E+00 
5.01999E+01 1.70999E+00  2.29542E-04  1.71023E+00 
5.02999E+01 1.71499E+00  2.32438E-04  1.71522E+00 
5.03999E+01 1.71999E+00  2.35228E-04  1.72019E+00 
5.04999E+01 1.72499E+00  2.38154E-04  1.72521E+00 
5.05999E+01 1.72999E+00  2.41080E-04  1.73022E+00 
5.06999E+01 1.73499E+00  2.43916E-04  1.73522E+00 
5.07999E+01 1.73999E+00  2.46760E-04  1.74023E+00 
5.08999E+01 1.74499E+00  2.49646E-04  1.74524E+00 
5.09999E+01 1.74999E+00  2.52892E-04  1.75024E+00 
5.10999E+01 1.75499E+00  2.55425E-04  1.75527E+00 
5.11999E+01 1.75999E+00  2.58226E-04  1.76027E+00 
5.12999E+01 1.76499E+00  2.61106E-04  1.76528E+00 
5.13999E+01 1.76999E+00  2.63921E-04  1.77026E+00 
5.14999E+01 1.77499E+00  2.66838E-04  1.77527E+00 
5.15999E+01 1.77999E+00  2.69651E-04  1.78028E+00 
5.16999E+01 1.78499E+00  2.72510E-04  1.78528E+00 
5.17999E+01 1.78999E+00  2.75177E-04  1.79029E+00 
5.18999E+01 1.79499E+00  2.77915E-04  1.79528E+00 
5.19999E+01 1.79999E+00  2.80658E-04  1.80031E+00 
5.20999E+01 1.79499E+00  2.75239E-04  1.79527E+00 
5.21999E+01 1.78999E+00  2.69806E-04  1.79029E+00 
5.22999E+01 1.78499E+00  2.64540E-04  1.78530E+00 
5.23999E+01 1.77999E+00  2.59445E-04  1.78028E+00 
5.24999E+01 1.77499E+00  2.54440E-04  1.77526E+00 
5.25999E+01 1.76999E+00  2.49635E-04  1.77030E+00 
5.26999E+01 1.76499E+00  2.44926E-04  1.76530E+00 
5.27999E+01 1.75999E+00  2.40332E-04  1.76025E+00 
5.28999E+01 1.75499E+00  2.35646E-04  1.75523E+00 
5.29999E+01 1.74999E+00  2.31102E-04  1.75024E+00 
5.30999E+01 1.74499E+00  2.26729E-04  1.74524E+00 
5.31999E+01 1.73999E+00  2.22819E-04  1.74022E+00 
5.32999E+01 1.73499E+00  2.18362E-04  1.73522E+00 
5.33999E+01 1.72999E+00  2.14152E-04  1.73022E+00 
5.34999E+01 1.72499E+00  2.10058E-04  1.72519E+00 
5.35999E+01 1.71999E+00  2.05879E-04  1.72019E+00 
5.36999E+01 1.71499E+00  2.01856E-04  1.71520E+00 
5.37999E+01 1.70999E+00  1.97946E-04  1.71022E+00 
5.38999E+01 1.70499E+00  1.94082E-04  1.70521E+00 
5.39999E+01 1.69999E+00  1.90552E-04  1.70017E+00 
5.40999E+01 1.69499E+00  1.86940E-04  1.69520E+00 
5.41999E+01 1.68999E+00  1.83216E-04  1.69021E+00 
5.42999E+01 1.68499E+00  1.79606E-04  1.68520E+00 
5.43999E+01 1.67999E+00  1.76168E-04  1.68019E+00 
5.44999E+01 1.67499E+00  1.72727E-04  1.67519E+00 
5.45999E+01 1.66999E+00  1.69382E-04  1.67021E+00 
5.46999E+01 1.66499E+00  1.66058E-04  1.66518E+00 
5.47999E+01 1.65999E+00  1.62817E-04  1.66017E+00 
5.48999E+01 1.65499E+00  1.59672E-04  1.65519E+00 
5.49999E+01 1.64999E+00  1.56739E-04  1.65019E+00 
5.50999E+01 1.64499E+00  1.53530E-04  1.64517E+00 
5.51999E+01 1.63999E+00  1.50465E-04  1.64016E+00 
5.52999E+01 1.63499E+00  1.47458E-04  1.63517E+00 
5.53999E+01 1.62999E+00  1.44602E-04  1.63015E+00 
5.54999E+01 1.62499E+00  1.41777E-04  1.62518E+00 
5.55999E+01 1.61999E+00  1.39020E-04  1.62017E+00 
5.56999E+01 1.61499E+00  1.36317E-04  1.61517E+00 
5.57999E+01 1.60999E+00  1.33665E-04  1.61016E+00 
5.58999E+01 1.60499E+00  1.31093E-04  1.60517E+00 
5.59999E+01 1.59999E+00  1.28490E-04  1.60016E+00 
5.60999E+01 1.59499E+00  1.25936E-04  1.59514E+00 
5.61999E+01 1.58999E+00  1.23466E-04  1.59012E+00 
5.62999E+01 1.58499E+00  1.21074E-04  1.58514E+00 
5.63999E+01 1.57999E+00  1.18692E-04  1.58014E+00 
5.64999E+01 1.57499E+00  1.16387E-04  1.57512E+00 
5.65999E+01 1.56999E+00  1.14138E-04  1.57012E+00 
5.66999E+01 1.56499E+00  1.11882E-04  1.56511E+00 
5.67999E+01 1.55999E+00  1.10067E-04  1.56011E+00 
5.68999E+01 1.55499E+00  1.08030E-04  1.55513E+00 
5.69999E+01 1.54999E+00  1.05916E-04  1.55012E+00 
5.70999E+01 1.54499E+00  1.03890E-04  1.54511E+00 
5.71999E+01 1.53999E+00  1.01871E-04  1.54012E+00 
5.72999E+01 1.53499E+00  9.98826E-05  1.53512E+00 
5.73999E+01 1.52999E+00  9.79876E-05  1.53011E+00 
5.74999E+01 1.52499E+00  9.61364E-05  1.52510E+00 
5.75999E+01 1.51999E+00  9.44298E-05  1.52010E+00 
5.76999E+01 1.51499E+00  9.27678E-05  1.51512E+00 
5.77999E+01 1.50999E+00  9.10802E-05  1.51009E+00 
5.78999E+01 1.50499E+00  8.94486E-05  1.50509E+00 
5.79999E+01 1.49999E+00  8.79247E-05  1.50010E+00 
5.80999E+01 1.49499E+00  8.63561E-05  1.49511E+00 
5.81999E+01 1.48999E+00  8.49353E-05  1.49009E+00 
5.82999E+01 1.48499E+00  8.35051E-05  1.48507E+00 
5.83999E+01 1.47999E+00  8.22116E-05  1.48007E+00 
5.84999E+01 1.47499E+00  8.11459E-05  1.47508E+00 
5.85999E+01 1.46999E+00  7.96146E-05  1.47007E+00 
5.86999E+01 1.46499E+00  7.82023E-05  1.46505E+00 
5.87999E+01 1.45999E+00  7.68673E-05  1.46006E+00 
5.88999E+01 1.45499E+00  7.57315E-05  1.45506E+00 
5.89999E+01 1.44999E+00  7.47168E-05  1.45006E+00 
5.90999E+01 1.44499E+00  7.33970E-05  1.44503E+00 
5.91999E+01 1.43999E+00  7.21559E-05  1.44003E+00 
5.92999E+01 1.43499E+00  7.09781E-05  1.43504E+00 
5.93999E+01 1.42999E+00  6.98529E-05  1.43000E+00 
5.94999E+01 1.42499E+00  6.86913E-05  1.42505E+00 
5.95999E+01 1.41999E+00  6.76357E-05  1.42003E+00 
5.96999E+01 1.41499E+00  6.67065E-05  1.41502E+00 
5.97999E+01 1.40999E+00  6.58772E-05  1.41000E+00 
5.98999E+01 1.40499E+00  6.49324E-05  1.40501E+00 
5.99998E+01 1.39999E+00  6.40339E-05  1.40001E+00 
6.00998E+01 1.39499E+00  6.31824E-05  1.39501E+00 
6.01998E+01 1.38999E+00  6.22796E-05  1.38997E+00 
6.02998E+01 1.38499E+00  6.14219E-05  1.38501E+00 
6.03998E+01 1.37999E+00  6.06128E-05  1.38000E+00 
6.04998E+01 1.37499E+00  5.98203E-05  1.37498E+00 
6.05998E+01 1.36999E+00  5.90414E-05  1.36999E+00 
6.06998E+01 1.36499E+00  5.83686E-05  1.36497E+00 
6.07998E+01 1.35999E+00  5.76407E-05  1.35999E+00 
6.08998E+01 1.35499E+00  5.68457E-05  1.35499E+00 
6.09998E+01 1.34999E+00  5.61261E-05  1.34996E+00 
6.10998E+01 1.34499E+00  5.54464E-05  1.34498E+00 
6.11998E+01 1.33999E+00  5.48515E-05  1.33997E+00 
6.12998E+01 1.33499E+00  5.42241E-05  1.33498E+00 
6.13998E+01 1.32999E+00  5.36070E-05  1.32997E+00 
6.14998E+01 1.32499E+00  5.28561E-05  1.32495E+00 
6.15998E+01 1.31999E+00  5.21453E-05  1.31997E+00 
6.16998E+01 1.31499E+00  5.14649E-05  1.31497E+00 
6.17998E+01 1.30999E+00  5.08190E-05  1.30995E+00 
6.18998E+01 1.30499E+00  5.02018E-05  1.30496E+00 
6.19998E+01 1.29999E+00  4.96139E-05  1.29996E+00 
6.20998E+01 1.29499E+00  4.90362E-05  1.29496E+00 
6.21998E+01 1.28999E+00  4.84848E-05  1.28996E+00 
6.22998E+01 1.28499E+00  4.80126E-05  1.28494E+00 
6.23998E+01 1.27999E+00  4.74784E-05  1.27994E+00 
6.24998E+01 1.27499E+00  4.69704E-05  1.27496E+00 
6.25998E+01 1.26999E+00  4.64239E-05  1.26993E+00 
6.26998E+01 1.26499E+00  4.58687E-05  1.26491E+00 
6.27998E+01 1.25999E+00  4.53330E-05  1.25992E+00 
6.28998E+01 1.25499E+00  4.48046E-05  1.25493E+00 
6.29998E+01 1.24999E+00  4.43039E-05  1.24992E+00 
6.30998E+01 1.24499E+00  4.38224E-05  1.24493E+00 
6.31998E+01 1.23999E+00  4.32922E-05  1.23990E+00 
6.32998E+01 1.23499E+00  4.27597E-05  1.23490E+00 
6.33998E+01 1.22999E+00  4.22635E-05  1.22992E+00 
6.34998E+01 1.22499E+00  4.18150E-05  1.22491E+00 
6.35998E+01 1.21999E+00  4.13747E-05  1.21988E+00 
6.36998E+01 1.21499E+00  4.09492E-05  1.21489E+00 
6.37998E+01 1.20999E+00  4.05267E-05  1.20992E+00 
6.38998E+01 1.20499E+00  4.00864E-05  1.20489E+00 
6.39998E+01 1.19999E+00  3.93992E-05  1.19985E+00 
6.40998E+01 1.19500E+00  3.89495E-05  1.19486E+00 
6.41998E+01 1.19000E+00  3.85350E-05  1.18987E+00 
6.42998E+01 1.18500E+00  3.80914E-05  1.18485E+00 
6.43998E+01 1.18000E+00  3.76576E-05  1.17987E+00 
6.44998E+01 1.17500E+00  3.72313E-05  1.17487E+00 
6.45998E+01 1.17000E+00  3.68239E-05  1.16985E+00 
6.46998E+01 1.16500E+00  3.64039E-05  1.16487E+00 
6.47998E+01 1.16000E+00  3.59907E-05  1.15985E+00 
6.48998E+01 1.15500E+00  3.55871E-05  1.15485E+00 
6.49998E+01 1.15000E+00  3.51819E-05  1.14984E+00 
6.50998E+01 1.14500E+00  3.47867E-05  1.14485E+00 
6.51998E+01 1.14000E+00  3.43953E-05  1.13983E+00 
6.52998E+01 1.13500E+00  3.40210E-05  1.13484E+00 
6.53998E+01 1.13000E+00  3.36495E-05  1.12986E+00 
6.54998E+01 1.12500E+00  3.32716E-05  1.12484E+00 
6.55998E+01 1.12000E+00  3.28961E-05  1.11983E+00 
6.56998E+01 1.11500E+00  3.25217E-05  1.11481E+00 
6.57998E+01 1.11000E+00  3.21517E-05  1.10978E+00 
6.58998E+01 1.10500E+00  3.17867E-05  1.10478E+00 
6.59998E+01 1.10000E+00  3.14211E-05  1.09981E+00 
6.60998E+01 1.09500E+00  3.10637E-05  1.09480E+00 
6.61998E+01 1.09000E+00  3.07405E-05  1.08980E+00 
6.62998E+01 1.08500E+00  3.03631E-05  1.08479E+00 
6.63998E+01 1.08000E+00  2.99995E-05  1.07978E+00 
6.64998E+01 1.07500E+00  2.96658E-05  1.07477E+00 
6.65998E+01 1.07000E+00  2.93550E-05  1.06978E+00 
6.66998E+01 1.06500E+00  2.90311E-05  1.06476E+00 
6.67998E+01 1.06000E+00  2.86964E-05  1.05978E+00 
6.68998E+01 1.05500E+00  2.83498E-05  1.05478E+00 
6.69998E+01 1.05000E+00  2.80127E-05  1.04978E+00 
6.70998E+01 1.04500E+00  2.76765E-05  1.04477E+00 
6.71998E+01 1.04000E+00  2.73582E-05  1.03975E+00 
6.72998E+01 1.03500E+00  2.70743E-05  1.03477E+00 
6.73998E+01 1.03000E+00  2.67405E-05  1.02975E+00 
6.74998E+01 1.02500E+00  2.63876E-05  1.02474E+00 
6.75998E+01 1.02000E+00  2.60627E-05  1.01976E+00 
6.76998E+01 1.01500E+00  2.57468E-05  1.01475E+00 
6.77998E+01 1.01000E+00  2.55034E-05  1.00977E+00 
6.78998E+01 1.00500E+00  2.51643E-05  1.00474E+00 
6.79998E+01 9.99995E-01  2.48649E-05  9.99720E-01 
6.80998E+01 9.94996E-01  2.45647E-05  9.94733E-01 
6.81998E+01 9.89996E-01  2.42532E-05  9.89767E-01 
6.82998E+01 9.84996E-01  2.39331E-05  9.84755E-01 
6.83998E+01 9.79996E-01  2.36136E-05  9.79737E-01 
6.84998E+01 9.74996E-01  2.33048E-05  9.74727E-01 
6.85998E+01 9.69996E-01  2.29995E-05  9.69730E-01 
6.86998E+01 9.64996E-01  2.26973E-05  9.64724E-01 
6.87998E+01 9.59996E-01  2.24195E-05  9.59723E-01 
6.88998E+01 9.54996E-01  2.21000E-05  9.54716E-01 
6.89998E+01 9.49996E-01  2.18054E-05  9.49726E-01 
6.90998E+01 9.44996E-01  2.14971E-05  9.44743E-01 
6.91998E+01 9.39996E-01  2.12072E-05  9.39711E-01 
6.92998E+01 9.34996E-01  2.09187E-05  9.34704E-01 
6.93998E+01 9.29996E-01  2.06290E-05  9.29676E-01 
6.94998E+01 9.24996E-01  2.03255E-05  9.24700E-01 
6.95998E+01 9.19996E-01  2.00132E-05  9.19678E-01 
6.96998E+01 9.14996E-01  1.97077E-05  9.14696E-01 
6.97998E+01 9.09996E-01  1.94173E-05  9.09700E-01 
6.98998E+01 9.04996E-01  1.91237E-05  9.04694E-01 
6.99998E+01 8.99996E-01  1.88229E-05  8.99691E-01 
7.00998E+01 8.94996E-01  1.85215E-05  8.94663E-01 
7.01998E+01 8.89996E-01  1.81880E-05  8.89656E-01 
7.02998E+01 8.84996E-01  1.78826E-05  8.84649E-01 
7.03998E+01 8.79996E-01  1.75755E-05  8.79666E-01 
7.04998E+01 8.74996E-01  1.72702E-05  8.74656E-01 
7.05998E+01 8.69996E-01  1.69622E-05  8.69635E-01 
7.06998E+01 8.64996E-01  1.66628E-05  8.64646E-01 
7.07998E+01 8.59996E-01  1.63582E-05  8.59659E-01 
7.08998E+01 8.54996E-01  1.60453E-05  8.54628E-01 
7.09998E+01 8.49996E-01  1.57224E-05  8.49629E-01 
7.10998E+01 8.44996E-01  1.54075E-05  8.44602E-01 
7.11998E+01 8.39996E-01  1.50943E-05  8.39610E-01 
7.12998E+01 8.34996E-01  1.47768E-05  8.34634E-01 
7.13998E+01 8.29996E-01  1.44551E-05  8.29604E-01 
7.14998E+01 8.24996E-01  1.41379E-05  8.24604E-01 
7.15998E+01 8.19996E-01  1.38167E-05  8.19629E-01 
7.16998E+01 8.14996E-01  1.34928E-05  8.14622E-01 
7.17998E+01 8.09996E-01  1.31620E-05  8.09609E-01 
7.18998E+01 8.04996E-01  1.28280E-05  8.04608E-01 
7.19998E+01 7.99996E-01  1.24924E-05  7.99618E-01 
7.20998E+01 7.94996E-01  1.21527E-05  7.94602E-01 
7.21998E+01 7.89996E-01  1.18093E-05  7.89616E-01 
7.22998E+01 7.84996E-01  1.14677E-05  7.84590E-01 
7.23998E+01 7.79996E-01  1.11216E-05  7.79581E-01 
7.24998E+01 7.74996E-01  1.07741E-05  7.74580E-01 
7.25998E+01 7.69996E-01  1.04246E-05  7.69590E-01 
7.26998E+01 7.64996E-01  1.00764E-05  7.64592E-01 
7.27998E+01 7.59996E-01  9.72198E-06  7.59606E-01 
7.28998E+01 7.54996E-01  9.35822E-06  7.54579E-01 
7.29998E+01 7.49996E-01  8.99566E-06  7.49577E-01 
7.30998E+01 7.44996E-01  8.63017E-06  7.44558E-01 
7.31998E+01 7.39996E-01  8.26136E-06  7.39579E-01 
7.32998E+01 7.34996E-01  7.88583E-06  7.34562E-01 
7.33998E+01 7.29996E-01  7.51597E-06  7.29586E-01 
7.34998E+01 7.24996E-01  7.13899E-06  7.24572E-01 
7.35998E+01 7.19996E-01  6.76403E-06  7.19573E-01 
7.36998E+01 7.14996E-01  6.38992E-06  7.14559E-01 
7.37998E+01 7.09996E-01  6.00076E-06  7.09551E-01 
7.38998E+01 7.04996E-01  5.60573E-06  7.04559E-01 
7.39998E+01 6.99996E-01  5.23357E-06  6.99555E-01 
7.40998E+01 6.94996E-01  4.87131E-06  6.94569E-01 
7.41998E+01 6.89996E-01  4.51882E-06  6.89559E-01 
7.42998E+01 6.84996E-01  4.18440E-06  6.84546E-01 
7.43998E+01 6.79996E-01  3.78827E-06  6.79561E-01 
7.44998E+01 6.74996E-01  3.36627E-06  6.74548E-01 
7.45998E+01 6.69996E-01  3.01506E-06  6.69536E-01 
7.46998E+01 6.64996E-01  2.62080E-06  6.64552E-01 
7.47998E+01 6.59996E-01  2.17859E-06  6.59569E-01 
7.48998E+01 6.54996E-01  1.75899E-06  6.54535E-01 
7.49998E+01 6.49996E-01  1.35863E-06  6.49518E-01 
7.50998E+01 6.44996E-01  9.60359E-07  6.44525E-01 
7.51998E+01 6.39996E-01  5.58664E-07  6.39527E-01 
7.52998E+01 6.34996E-01  1.55314E-07  6.34510E-01 
7.53998E+01 6.29996E-01  -2.48561E-07 6.29502E-01 
7.54998E+01 6.24996E-01  -6.60306E-07 6.24475E-01 
7.55998E+01 6.19996E-01  -1.07820E-06 6.19466E-01 
7.56998E+01 6.14996E-01  -1.49541E-06 6.14472E-01 
7.57998E+01 6.09996E-01  -1.92297E-06 6.09446E-01 
7.58998E+01 6.04996E-01  -2.35776E-06 6.04467E-01 
7.59998E+01 5.99996E-01  -2.77110E-06 5.99465E-01 
7.60998E+01 5.94997E-01  -3.19572E-06 5.94475E-01 
7.61998E+01 5.89997E-01  -3.63330E-06 5.89460E-01 
7.62998E+01 5.84997E-01  -4.07098E-06 5.84453E-01 
7.63998E+01 5.79997E-01  -4.51617E-06 5.79445E-01 
7.64998E+01 5.74997E-01  -4.97269E-06 5.74463E-01 
7.65998E+01 5.69997E-01  -5.42800E-06 5.69460E-01 
7.66998E+01 5.64997E-01  -5.89770E-06 5.64460E-01 
7.67998E+01 5.59997E-01  -6.38110E-06 5.59443E-01 
7.68998E+01 5.54997E-01  -6.87641E-06 5.54457E-01 
7.69998E+01 5.49997E-01  -7.37979E-06 5.49449E-01 
7.70998E+01 5.44997E-01  -7.89262E-06 5.44445E-01 
7.71998E+01 5.39997E-01  -8.41273E-06 5.39440E-01 
7.72998E+01 5.34997E-01  -8.94427E-06 5.34471E-01 
7.73998E+01 5.29997E-01  -9.48417E-06 5.29445E-01 
7.74998E+01 5.24997E-01  -1.00290E-05 5.24419E-01 
7.75998E+01 5.19997E-01  -1.05805E-05 5.19410E-01 
7.76998E+01 5.14997E-01  -1.11408E-05 5.14418E-01 
7.77998E+01 5.09997E-01  -1.17066E-05 5.09443E-01 
7.78998E+01 5.04997E-01  -1.22780E-05 5.04421E-01 
7.79998E+01 4.99997E-01  -1.28593E-05 4.99423E-01 
7.80998E+01 4.94997E-01  -1.34463E-05 4.94438E-01 
7.81998E+01 4.89997E-01  -1.40407E-05 4.89421E-01 
7.82998E+01 4.84997E-01  -1.46391E-05 4.84412E-01 
7.83998E+01 4.79997E-01  -1.52473E-05 4.79417E-01 
7.84998E+01 4.74997E-01  -1.58600E-05 4.74399E-01 
7.85998E+01 4.69997E-01  -1.64789E-05 4.69399E-01 
7.86998E+01 4.64997E-01  -1.71052E-05 4.64389E-01 
7.87998E+01 4.59997E-01  -1.77389E-05 4.59391E-01 
7.88998E+01 4.54997E-01  -1.83808E-05 4.54387E-01 
7.89998E+01 4.49997E-01  -1.90298E-05 4.49385E-01 
7.90998E+01 4.44997E-01  -1.96869E-05 4.44379E-01 
7.91998E+01 4.39997E-01  -2.03481E-05 4.39381E-01 
7.92998E+01 4.34997E-01  -2.10151E-05 4.34375E-01 
7.93998E+01 4.29997E-01  -2.16758E-05 4.29367E-01 
7.94998E+01 4.24997E-01  -2.23615E-05 4.24370E-01 
7.95998E+01 4.19997E-01  -2.30519E-05 4.19369E-01 
7.96998E+01 4.14997E-01  -2.37612E-05 4.14364E-01 
7.97998E+01 4.09997E-01  -2.44878E-05 4.09353E-01 
7.98998E+01 4.04997E-01  -2.51744E-05 4.04344E-01 
7.99998E+01 3.99997E-01  -2.59722E-05 3.99344E-01 
8.00998E+01 3.94997E-01  -2.67443E-05 3.94358E-01 
8.01998E+01 3.89997E-01  -2.74346E-05 3.89350E-01 
8.02998E+01 3.84997E-01  -2.81669E-05 3.84353E-01 
8.03998E+01 3.79997E-01  -2.88958E-05 3.79329E-01 
8.04998E+01 3.74997E-01  -2.96394E-05 3.74340E-01 
8.05998E+01 3.69997E-01  -3.03890E-05 3.69338E-01 
8.06998E+01 3.64997E-01  -3.11406E-05 3.64333E-01 
8.07998E+01 3.59997E-01  -3.18975E-05 3.59316E-01 
8.08998E+01 3.54997E-01  -3.26619E-05 3.54340E-01 
8.09998E+01 3.49997E-01  -3.34201E-05 3.49311E-01 
8.10998E+01 3.44997E-01  -3.41875E-05 3.44293E-01 
8.11998E+01 3.39997E-01  -3.49757E-05 3.39322E-01 
8.12998E+01 3.34997E-01  -3.57496E-05 3.34307E-01 
8.13998E+01 3.29997E-01  -3.65532E-05 3.29301E-01 
8.14998E+01 3.24997E-01  -3.73564E-05 3.24293E-01 
8.15998E+01 3.19997E-01  -3.81544E-05 3.19282E-01 
8.16998E+01 3.14997E-01  -3.89718E-05 3.14304E-01 
8.17998E+01 3.09997E-01  -3.97794E-05 3.09304E-01 
8.18998E+01 3.04997E-01  -4.05893E-05 3.04290E-01 
8.19998E+01 2.99997E-01  -4.14006E-05 2.99277E-01 
8.20998E+01 2.94997E-01  -4.22216E-05 2.94254E-01 
8.21998E+01 2.89997E-01  -4.30505E-05 2.89255E-01 
8.22998E+01 2.84997E-01  -4.38852E-05 2.84271E-01 
8.23998E+01 2.79997E-01  -4.47291E-05 2.79279E-01 
8.24998E+01 2.74997E-01  -4.55574E-05 2.74262E-01 
8.25998E+01 2.69997E-01  -4.63889E-05 2.69271E-01 
8.26998E+01 2.64997E-01  -4.72225E-05 2.64269E-01 
8.27998E+01 2.59997E-01  -4.80520E-05 2.59277E-01 
8.28998E+01 2.54997E-01  -4.88908E-05 2.54239E-01 
8.29998E+01 2.49997E-01  -4.97284E-05 2.49247E-01 
8.30998E+01 2.44997E-01  -5.05631E-05 2.44256E-01 
8.31998E+01 2.39997E-01  -5.13937E-05 2.39264E-01 
8.32998E+01 2.34997E-01  -5.22311E-05 2.34237E-01 
8.33998E+01 2.29997E-01  -5.30623E-05 2.29227E-01 
8.34998E+01 2.24997E-01  -5.38908E-05 2.24263E-01 
8.35998E+01 2.19997E-01  -5.47164E-05 2.19247E-01 
8.36998E+01 2.14997E-01  -5.55405E-05 2.14251E-01 
8.37998E+01 2.09997E-01  -5.63603E-05 2.09227E-01 
8.38998E+01 2.04997E-01  -5.71768E-05 2.04225E-01 
8.39998E+01 1.99997E-01  -5.79885E-05 1.99249E-01 
8.40998E+01 1.94998E-01  -5.87941E-05 1.94222E-01 
8.41998E+01 1.89998E-01  -5.95994E-05 1.89217E-01 
8.42998E+01 1.84998E-01  -6.04041E-05 1.84218E-01 
8.43998E+01 1.79998E-01  -6.12029E-05 1.79231E-01 
8.44998E+01 1.74998E-01  -6.20017E-05 1.74206E-01 
8.45998E+01 1.69998E-01  -6.27915E-05 1.69203E-01 
8.46998E+01 1.64998E-01  -6.35862E-05 1.64204E-01 
8.47998E+01 1.59998E-01  -6.43758E-05 1.59211E-01 
8.48998E+01 1.54998E-01  -6.51667E-05 1.54197E-01 
8.49998E+01 1.49998E-01  -6.59501E-05 1.49205E-01 
8.50998E+01 1.44998E-01  -6.67423E-05 1.44183E-01 
8.51998E+01 1.39998E-01  -6.75309E-05 1.39187E-01 
8.52998E+01 1.34998E-01  -6.83169E-05 1.34176E-01 
8.53998E+01 1.29998E-01  -6.91120E-05 1.29166E-01 
8.54998E+01 1.24998E-01  -6.99075E-05 1.24169E-01 
8.55998E+01 1.19998E-01  -7.06979E-05 1.19191E-01 
8.56998E+01 1.14998E-01  -7.14971E-05 1.14172E-01 
8.57998E+01 1.09998E-01  -7.23005E-05 1.09140E-01 
8.58998E+01 1.04998E-01  -7.31040E-05 1.04169E-01 
8.59998E+01 9.99977E-02  -7.39136E-05 9.91859E-02 
8.60998E+01 9.49978E-02  -7.47308E-05 9.41600E-02 
8.61998E+01 8.99978E-02  -7.55554E-05 8.91460E-02 
8.62998E+01 8.49978E-02  -7.63874E-05 8.41382E-02 
8.63998E+01 7.99978E-02  -7.72198E-05 7.91491E-02 
8.64998E+01 7.49978E-02  -7.80633E-05 7.41264E-02 
8.65998E+01 6.99978E-02  -7.89073E-05 6.91236E-02 
8.66998E+01 6.49978E-02  -7.97584E-05 6.41514E-02 
8.67998E+01 5.99978E-02  -8.06100E-05 5.91380E-02 
8.68998E+01 5.49979E-02  -8.14820E-05 5.41495E-02 
8.69998E+01 4.99979E-02  -8.23600E-05 4.91037E-02 
8.70998E+01 4.49979E-02  -8.32320E-05 4.41171E-02 
8.71998E+01 3.99979E-02  -8.41197E-05 3.91156E-02 
8.72998E+01 3.49979E-02  -8.50227E-05 3.40965E-02 
8.73998E+01 2.99979E-02  -8.59336E-05 2.90944E-02 
8.74998E+01 2.49979E-02  -8.68465E-05 2.41010E-02 
8.75998E+01 1.99979E-02  -8.77776E-05 1.91019E-02 
8.76998E+01 1.49980E-02  -8.87476E-05 1.41072E-02 
8.77998E+01 9.99797E-03  -8.96949E-05 9.11250E-03 
8.78998E+01 4.99799E-03  -9.06575E-05 4.07852E-03 
8.79998E+01 -2.00000E-06 -9.16546E-05 -8.90550E-04
8.80998E+01 -5.00199E-03 -9.26449E-05 -5.91142E-03
8.81998E+01 -1.00020E-02 -9.36581E-05 -1.09211E-02
8.82998E+01 -1.50020E-02 -9.46736E-05 -1.59470E-02
8.83998E+01 -2.00020E-02 -9.57135E-05 -2.09317E-02
8.84998E+01 -2.50019E-02 -9.67666E-05 -2.59164E-02
8.85998E+01 -3.00019E-02 -9.78420E-05 -3.09298E-02
8.86998E+01 -3.50019E-02 -9.89383E-05 -3.59245E-02
8.87998E+01 -4.00019E-02 -1.00045E-04 -4.09466E-02
8.88998E+01 -4.50019E-02 -1.01178E-04 -4.59244E-02
8.89998E+01 -5.00019E-02 -1.02332E-04 -5.09259E-02
8.90998E+01 -5.50019E-02 -1.03520E-04 -5.59425E-02
8.91998E+01 -6.00019E-02 -1.04735E-04 -6.09503E-02
8.92998E+01 -6.50018E-02 -1.05972E-04 -6.59325E-02
8.93998E+01 -7.00018E-02 -1.07237E-04 -7.09290E-02
8.94998E+01 -7.50018E-02 -1.08522E-04 -7.59605E-02
8.95998E+01 -8.00018E-02 -1.09831E-04 -8.09758E-02
8.96998E+01 -8.50018E-02 -1.11169E-04 -8.59630E-02
8.97998E+01 -9.00018E-02 -1.12526E-04 -9.09514E-02
8.98998E+01 -9.50018E-02 -1.13917E-04 -9.59648E-02
8.99998E+01 -1.00002E-01 -1.15335E-04 -1.00966E-01
9.00998E+01 -1.05002E-01 -1.16779E-04 -1.05970E-01
9.01998E+01 -1.10002E-01 -1.18261E-04 -1.10950E-01
9.02998E+01 -1.15002E-01 -1.19774E-04 -1.15950E-01
9.03998E+01 -1.20002E-01 -1.21305E-04 -1.20960E-01
9.04998E+01 -1.25002E-01 -1.22877E-04 -1.25958E-01
9.05998E+01 -1.30002E-01 -1.24478E-04 -1.30929E-01
9.06998E+01 -1.35002E-01 -1.26124E-04 -1.35957E-01
9.07998E+01 -1.40002E-01 -1.27815E-04 -1.40979E-01
9.08998E+01 -1.45002E-01 -1.29562E-04 -1.45970E-01
9.09998E+01 -1.50002E-01 -1.31378E-04 -1.50950E-01
9.10998E+01 -1.55002E-01 -1.33277E-04 -1.55971E-01
9.11998E+01 -1.60002E-01 -1.35284E-04 -1.60969E-01
9.12998E+01 -1.65002E-01 -1.37429E-04 -1.65986E-01
9.13998E+01 -1.70002E-01 -1.39705E-04 -1.70966E-01
9.14998E+01 -1.75002E-01 -1.42142E-04 -1.75998E-01
9.15998E+01 -1.80002E-01 -1.44756E-04 -1.81022E-01
9.16998E+01 -1.85002E-01 -1.47555E-04 -1.85986E-01
9.17998E+01 -1.90002E-01 -1.50532E-04 -1.90995E-01
9.18998E+01 -1.95002E-01 -1.53679E-04 -1.96009E-01
9.19998E+01 -2.00002E-01 -1.56999E-04 -2.01033E-01
9.20998E+01 -2.05001E-01 -1.60459E-04 -2.06002E-01
9.21998E+01 -2.10001E-01 -1.64067E-04 -2.11003E-01
9.22998E+01 -2.15001E-01 -1.67789E-04 -2.16025E-01
9.23998E+01 -2.20001E-01 -1.71622E-04 -2.21051E-01
9.24998E+01 -2.25001E-01 -1.75536E-04 -2.26036E-01
9.25998E+01 -2.30001E-01 -1.79527E-04 -2.31024E-01
9.26998E+01 -2.35001E-01 -1.83567E-04 -2.36031E-01
9.27998E+01 -2.40001E-01 -1.87647E-04 -2.41058E-01
9.28998E+01 -2.45001E-01 -1.91739E-04 -2.46025E-01
9.29998E+01 -2.50001E-01 -1.95860E-04 -2.51028E-01
9.30998E+01 -2.55001E-01 -1.99974E-04 -2.56055E-01
9.31998E+01 -2.60001E-01 -2.04083E-04 -2.61058E-01
9.32998E+01 -2.65001E-01 -2.08155E-04 -2.66037E-01
9.33998E+01 -2.70001E-01 -2.12204E-04 -2.71058E-01
9.34998E+01 -2.75001E-01 -2.15949E-04 -2.76070E-01
9.35998E+01 -2.80001E-01 -2.19874E-04 -2.81078E-01
9.36998E+01 -2.85001E-01 -2.23703E-04 -2.86077E-01
9.37998E+01 -2.90001E-01 -2.27464E-04 -2.91059E-01
9.38998E+01 -2.95001E-01 -2.31116E-04 -2.96053E-01
9.39998E+01 -3.00001E-01 -2.34650E-04 -3.01094E-01
9.40998E+01 -3.05001E-01 -2.38066E-04 -3.06082E-01
9.41998E+01 -3.10001E-01 -2.41340E-04 -3.11077E-01
9.42998E+01 -3.15001E-01 -2.44465E-04 -3.16086E-01
9.43998E+01 -3.20001E-01 -2.47433E-04 -3.21093E-01
9.44998E+01 -3.25001E-01 -2.50208E-04 -3.26115E-01
9.45998E+01 -3.30001E-01 -2.52771E-04 -3.31118E-01
9.46998E+01 -3.35001E-01 -2.55044E-04 -3.36090E-01
9.47998E+01 -3.40001E-01 -2.57008E-04 -3.41082E-01
9.48998E+01 -3.45001E-01 -2.58535E-04 -3.46088E-01
9.49998E+01 -3.50001E-01 -2.59444E-04 -3.51105E-01
9.50998E+01 -3.55001E-01 -2.59427E-04 -3.56113E-01
9.51998E+01 -3.60001E-01 -2.57794E-04 -3.61109E-01
9.52998E+01 -3.65001E-01 -2.53440E-04 -3.66102E-01
9.53998E+01 -3.70001E-01 -2.44924E-04 -3.71127E-01
9.54998E+01 -3.75001E-01 -2.30616E-04 -3.76127E-01
9.55998E+01 -3.80001E-01 -2.08799E-04 -3.81137E-01
9.56998E+01 -3.85001E-01 -1.80501E-04 -3.86121E-01
9.57998E+01 -3.90001E-01 -1.52956E-04 -3.91141E-01
9.58998E+01 -3.95001E-01 -1.32343E-04 -3.96141E-01
9.59998E+01 -4.00001E-01 -1.17817E-04 -4.01115E-01
9.60998E+01 -4.05001E-01 -1.07826E-04 -4.06123E-01
9.61998E+01 -4.10001E-01 -9.90479E-05 -4.11137E-01
9.62998E+01 -4.15001E-01 -9.24558E-05 -4.16149E-01
9.63998E+01 -4.20001E-01 -8.71153E-05 -4.21158E-01
9.64998E+01 -4.25001E-01 -8.26765E-05 -4.26134E-01
9.65998E+01 -4.30001E-01 -7.89126E-05 -4.31166E-01
9.66998E+01 -4.35001E-01 -7.57483E-05 -4.36171E-01
9.67998E+01 -4.40001E-01 -7.29562E-05 -4.41153E-01
9.68998E+01 -4.45001E-01 -7.05087E-05 -4.46136E-01
9.69998E+01 -4.50001E-01 -6.82905E-05 -4.51147E-01
9.70998E+01 -4.55001E-01 -6.63116E-05 -4.56169E-01
9.71998E+01 -4.60001E-01 -6.45371E-05 -4.61143E-01
9.72998E+01 -4.65001E-01 -6.29045E-05 -4.66165E-01
9.73998E+01 -4.70001E-01 -6.13663E-05 -4.71168E-01
9.74998E+01 -4.75001E-01 -5.99613E-05 -4.76188E-01
9.75998E+01 -4.80001E-01 -5.86995E-05 -4.81175E-01
9.76998E+01 -4.85001E-01 -5.75572E-05 -4.86200E-01
9.77998E+01 -4.90001E-01 -5.64545E-05 -4.91196E-01
9.78998E+01 -4.95001E-01 -5.54616E-05 -4.96238E-01
9.79998E+01 -5.00001E-01 -5.45299E-05 -5.01205E-01
9.80998E+01 -5.05001E-01 -5.36776E-05 -5.06224E-01
9.81998E+01 -5.10001E-01 -5.29060E-05 -5.11220E-01
9.82998E+01 -5.15001E-01 -5.21429E-05 -5.16229E-01
9.83998E+01 -5.20001E-01 -5.14266E-05 -5.21234E-01
9.84998E+01 -5.25001E-01 -5.07784E-05 -5.26227E-01
9.85998E+01 -5.30001E-01 -5.01833E-05 -5.31255E-01
9.86998E+01 -5.35001E-01 -4.96383E-05 -5.36245E-01
9.87998E+01 -5.40001E-01 -4.91536E-05 -5.41215E-01
9.88998E+01 -5.45001E-01 -4.87266E-05 -5.46233E-01
9.89998E+01 -5.50001E-01 -4.83021E-05 -5.51253E-01
9.90998E+01 -5.55001E-01 -4.79298E-05 -5.56248E-01
9.91998E+01 -5.60001E-01 -4.75912E-05 -5.61231E-01
9.92998E+01 -5.65001E-01 -4.72949E-05 -5.66240E-01
9.93998E+01 -5.70001E-01 -4.70400E-05 -5.71266E-01
9.94998E+01 -5.75001E-01 -4.68079E-05 -5.76290E-01
9.95998E+01 -5.80001E-01 -4.66075E-05 -5.81235E-01
9.96998E+01 -5.85001E-01 -4.64368E-05 -5.86259E-01
9.97998E+01 -5.90001E-01 -4.62912E-05 -5.91271E-01
9.98998E+01 -5.95001E-01 -4.61470E-05 -5.96260E-01
9.99997E+01 -6.00001E-01 -4.60383E-05 -6.01265E-01
1.00100E+02 -6.05000E-01 -4.59464E-05 -6.06251E-01
1.00200E+02 -6.10000E-01 -4.58714E-05 -6.11249E-01
1.00300E+02 -6.15000E-01 -4.57987E-05 -6.16278E-01
1.00400E+02 -6.20000E-01 -4.57387E-05 -6.21275E-01
1.00500E+02 -6.25000E-01 -4.56923E-05 -6.26272E-01
1.00600E+02 -6.30000E-01 -4.56473E-05 -6.31286E-01
1.00700E+02 -6.35000E-01 -4.56101E-05 -6.36290E-01
1.00800E+02 -6.40000E-01 -4.55763E-05 -6.41252E-01
1.00900E+02 -6.45000E-01 -4.55401E-05 -6.46271E-01
1.01000E+02 -6.50000E-01 -4.55121E-05 -6.51275E-01
1.01100E+02 -6.55000E-01 -4.54819E-05 -6.56321E-01
1.01200E+02 -6.60000E-01 -4.54541E-05 -6.61305E-01
1.01300E+02 -6.65000E-01 -4.54174E-05 -6.66326E-01
1.01400E+02 -6.70000E-01 -4.53655E-05 -6.71304E-01
1.01500E+02 -6.75000E-01 -4.53327E-05 -6.76328E-01
1.01600E+02 -6.80000E-01 -4.52842E-05 -6.81333E-01
1.01700E+02 -6.85000E-01 -4.52517E-05 -6.86326E-01
1.01800E+02 -6.90000E-01 -4.51870E-05 -6.91305E-01
1.01900E+02 -6.95000E-01 -4.51326E-05 -6.96336E-01
1.02000E+02 -7.00000E-01 -4.50654E-05 -7.01350E-01
1.02100E+02 -7.05000E-01 -4.50061E-05 -7.06336E-01
1.02200E+02 -7.10000E-01 -4.49467E-05 -7.11328E-01
1.02300E+02 -7.15000E-01 -4.48785E-05 -7.16324E-01
1.02400E+02 -7.20000E-01 -4.48117E-05 -7.21340E-01
1.02500E+02 -7.25000E-01 -4.47460E-05 -7.26339E-01
1.02600E+02 -7.30000E-01 -4.46868E-05 -7.31341E-01
1.02700E+02 -7.35000E-01 -4.46214E-05 -7.36342E-01
1.02800E+02 -7.40000E-01 -4.45669E-05 -7.41369E-01
1.02900E+02 -7.45000E-01 -4.45027E-05 -7.46366E-01
1.03000E+02 -7.50000E-01 -4.44679E-05 -7.51341E-01
1.03100E+02 -7.55000E-01 -4.44120E-05 -7.56369E-01
1.03200E+02 -7.60000E-01 -4.43757E-05 -7.61393E-01
1.03300E+02 -7.65000E-01 -4.43443E-05 -7.66363E-01
1.03400E+02 -7.70000E-01 -4.43300E-05 -7.71353E-01
1.03500E+02 -7.75000E-01 -4.43278E-05 -7.76395E-01
1.03600E+02 -7.80000E-01 -4.43315E-05 -7.81392E-01
1.03700E+02 -7.85000E-01 -4.43440E-05 -7.86378E-01
1.03800E+02 -7.90000E-01 -4.43715E-05 -7.91383E-01
1.03900E+02 -7.95000E-01 -4.44052E-05 -7.96402E-01
