time/s      E/V        I/A
0.00000E+00 -8.00000E-01 -4.22319E-05 -8.01098E-01
9.99997E-02 -7.95000E-01 -4.08172E-05 -7.96073E-01
1.99999E-01 -7.90000E-01 -3.96511E-05 -7.91082E-01
2.99999E-01 -7.85000E-01 -3.85859E-05 -7.86089E-01
3.99999E-01 -7.80000E-01 -3.76027E-05 -7.81090E-01
4.99999E-01 -7.75000E-01 -3.71057E-05 -7.76096E-01
5.99998E-01 -7.70000E-01 -3.62719E-05 -7.71076E-01
6.99998E-01 -7.65000E-01 -3.54783E-05 -7.66085E-01
7.99998E-01 -7.60000E-01 -3.47182E-05 -7.61072E-01
8.99998E-01 -7.55000E-01 -3.39912E-05 -7.56076E-01
9.99997E-01 -7.50000E-01 -3.33000E-05 -7.51065E-01
1.10000E+00 -7.45000E-01 -3.26449E-05 -7.46073E-01
1.20000E+00 -7.40000E-01 -3.20086E-05 -7.41098E-01
1.30000E+00 -7.35000E-01 -3.14017E-05 -7.36086E-01
1.40000E+00 -7.30000E-01 -3.08094E-05 -7.31063E-01
1.50000E+00 -7.25000E-01 -3.02620E-05 -7.26068E-01
1.60000E+00 -7.20000E-01 -2.97265E-05 -7.21054E-01
1.70000E+00 -7.15000E-01 -2.92095E-05 -7.16083E-01
1.80000E+00 -7.10000E-01 -2.87015E-05 -7.11033E-01
1.90000E+00 -7.05000E-01 -2.81992E-05 -7.06063E-01
1.99999E+00 -7.00000E-01 -2.77291E-05 -7.01064E-01
2.09999E+00 -6.95000E-01 -2.72577E-05 -6.96081E-01
2.19999E+00 -6.90000E-01 -2.68085E-05 -6.91073E-01
2.29999E+00 -6.85000E-01 -2.63602E-05 -6.86080E-01
2.39999E+00 -6.80000E-01 -2.59342E-05 -6.81079E-01
2.49999E+00 -6.75000E-01 -2.55272E-05 -6.76078E-01
2.59999E+00 -6.70000E-01 -2.51218E-05 -6.71046E-01
2.69999E+00 -6.65000E-01 -2.48960E-05 -6.66052E-01
2.79999E+00 -6.60000E-01 -2.43966E-05 -6.61054E-01
2.89999E+00 -6.55000E-01 -2.39978E-05 -6.56058E-01
2.99999E+00 -6.50000E-01 -2.36101E-05 -6.51021E-01
3.09999E+00 -6.45000E-01 -2.32530E-05 -6.46036E-01
3.19999E+00 -6.40000E-01 -2.28881E-05 -6.41034E-01
3.29999E+00 -6.35000E-01 -2.25228E-05 -6.36032E-01
3.39999E+00 -6.30000E-01 -2.21717E-05 -6.31015E-01
3.49999E+00 -6.25000E-01 -2.18332E-05 -6.26016E-01
3.59999E+00 -6.20000E-01 -2.15179E-05 -6.21039E-01
3.69999E+00 -6.15000E-01 -2.11995E-05 -6.16029E-01
3.79999E+00 -6.10000E-01 -2.08596E-05 -6.11017E-01
3.89999E+00 -6.05000E-01 -2.05420E-05 -6.05994E-01
3.99999E+00 -6.00001E-01 -2.02440E-05 -6.01016E-01
4.09999E+00 -5.95001E-01 -1.99301E-05 -5.96024E-01
4.19999E+00 -5.90001E-01 -1.96288E-05 -5.91012E-01
4.29999E+00 -5.85001E-01 -1.93184E-05 -5.85992E-01
4.39999E+00 -5.80001E-01 -1.90297E-05 -5.81016E-01
4.49999E+00 -5.75001E-01 -1.87448E-05 -5.75998E-01
4.59999E+00 -5.70001E-01 -1.84813E-05 -5.71002E-01
4.69999E+00 -5.65001E-01 -1.81940E-05 -5.65985E-01
4.79999E+00 -5.60001E-01 -1.79127E-05 -5.60996E-01
4.89999E+00 -5.55001E-01 -1.76506E-05 -5.55988E-01
4.99999E+00 -5.50001E-01 -1.73956E-05 -5.50998E-01
5.09999E+00 -5.45001E-01 -1.71324E-05 -5.45977E-01
5.19999E+00 -5.40001E-01 -1.68641E-05 -5.40980E-01
5.29999E+00 -5.35001E-01 -1.66022E-05 -5.35968E-01
5.39999E+00 -5.30001E-01 -1.63423E-05 -5.30969E-01
5.49999E+00 -5.25001E-01 -1.60955E-05 -5.25968E-01
5.59999E+00 -5.20001E-01 -1.58638E-05 -5.20967E-01
5.69999E+00 -5.15001E-01 -1.56306E-05 -5.15970E-01
5.79999E+00 -5.10001E-01 -1.53877E-05 -5.10985E-01
5.89999E+00 -5.05001E-01 -1.51441E-05 -5.05957E-01
5.99998E+00 -5.00001E-01 -1.49118E-05 -5.00946E-01
6.09998E+00 -4.95001E-01 -1.46848E-05 -4.95958E-01
6.19998E+00 -4.90001E-01 -1.44535E-05 -4.90940E-01
6.29998E+00 -4.85001E-01 -1.42242E-05 -4.85967E-01
6.39998E+00 -4.80001E-01 -1.39844E-05 -4.80951E-01
6.49998E+00 -4.75001E-01 -1.37601E-05 -4.75963E-01
6.59998E+00 -4.70001E-01 -1.35485E-05 -4.70934E-01
6.69998E+00 -4.65001E-01 -1.33456E-05 -4.65915E-01
6.79998E+00 -4.60001E-01 -1.31148E-05 -4.60938E-01
6.89998E+00 -4.55001E-01 -1.29015E-05 -4.55950E-01
6.99998E+00 -4.50001E-01 -1.26879E-05 -4.50927E-01
7.09998E+00 -4.45001E-01 -1.24799E-05 -4.45909E-01
7.19998E+00 -4.40001E-01 -1.22755E-05 -4.40940E-01
7.29998E+00 -4.35001E-01 -1.20724E-05 -4.35925E-01
7.39998E+00 -4.30001E-01 -1.18591E-05 -4.30927E-01
7.49998E+00 -4.25001E-01 -1.16513E-05 -4.25925E-01
7.59998E+00 -4.20001E-01 -1.14345E-05 -4.20918E-01
7.69998E+00 -4.15001E-01 -1.12445E-05 -4.15936E-01
7.79998E+00 -4.10001E-01 -1.10552E-05 -4.10908E-01
7.89998E+00 -4.05001E-01 -1.08613E-05 -4.05901E-01
7.99998E+00 -4.00001E-01 -1.06662E-05 -4.00927E-01
8.09998E+00 -3.95001E-01 -1.04711E-05 -3.95940E-01
8.19998E+00 -3.90001E-01 -1.02783E-05 -3.90917E-01
8.29998E+00 -3.85001E-01 -1.00981E-05 -3.85903E-01
8.39998E+00 -3.80001E-01 -9.90996E-06 -3.80904E-01
8.49998E+00 -3.75001E-01 -9.72625E-06 -3.75902E-01
8.59998E+00 -3.70001E-01 -9.53395E-06 -3.70896E-01
8.69998E+00 -3.65001E-01 -9.34917E-06 -3.65880E-01
8.79998E+00 -3.60001E-01 -9.17473E-06 -3.60903E-01
8.89998E+00 -3.55001E-01 -9.00505E-06 -3.55898E-01
8.99998E+00 -3.50001E-01 -8.82587E-06 -3.50885E-01
9.09998E+00 -3.45001E-01 -8.65339E-06 -3.45897E-01
9.19998E+00 -3.40001E-01 -8.47605E-06 -3.40880E-01
9.29998E+00 -3.35001E-01 -8.30432E-06 -3.35885E-01
9.39998E+00 -3.30001E-01 -8.13923E-06 -3.30886E-01
9.49998E+00 -3.25001E-01 -7.96953E-06 -3.25892E-01
9.59998E+00 -3.20001E-01 -7.80804E-06 -3.20863E-01
9.69998E+00 -3.15001E-01 -7.62471E-06 -3.15862E-01
9.79998E+00 -3.10001E-01 -7.47045E-06 -3.10852E-01
9.89998E+00 -3.05001E-01 -7.30984E-06 -3.05859E-01
9.99997E+00 -3.00001E-01 -7.14453E-06 -3.00858E-01
1.01000E+01 -2.95001E-01 -6.98324E-06 -2.95847E-01
1.02000E+01 -2.90001E-01 -6.82478E-06 -2.90825E-01
1.03000E+01 -2.85001E-01 -6.66209E-06 -2.85846E-01
1.04000E+01 -2.80001E-01 -6.50490E-06 -2.80852E-01
1.05000E+01 -2.75001E-01 -6.34569E-06 -2.75837E-01
1.06000E+01 -2.70001E-01 -6.18653E-06 -2.70829E-01
1.07000E+01 -2.65001E-01 -6.02662E-06 -2.65831E-01
1.08000E+01 -2.60001E-01 -5.86998E-06 -2.60829E-01
1.09000E+01 -2.55001E-01 -5.71942E-06 -2.55832E-01
1.10000E+01 -2.50001E-01 -5.56626E-06 -2.50823E-01
1.11000E+01 -2.45001E-01 -5.40895E-06 -2.45816E-01
1.12000E+01 -2.40001E-01 -5.25593E-06 -2.40833E-01
1.13000E+01 -2.35001E-01 -5.10052E-06 -2.35819E-01
1.14000E+01 -2.30001E-01 -4.94631E-06 -2.30810E-01
1.15000E+01 -2.25001E-01 -4.79282E-06 -2.25810E-01
1.16000E+01 -2.20001E-01 -4.63946E-06 -2.20809E-01
1.17000E+01 -2.15001E-01 -4.48695E-06 -2.15805E-01
1.18000E+01 -2.10001E-01 -4.33153E-06 -2.10779E-01
1.19000E+01 -2.05001E-01 -4.18034E-06 -2.05796E-01
1.20000E+01 -2.00002E-01 -4.02566E-06 -2.00804E-01
1.21000E+01 -1.95002E-01 -3.87267E-06 -1.95791E-01
1.22000E+01 -1.90002E-01 -3.71708E-06 -1.90789E-01
1.23000E+01 -1.85002E-01 -3.60319E-06 -1.85799E-01
1.24000E+01 -1.80002E-01 -3.44807E-06 -1.80799E-01
1.25000E+01 -1.75002E-01 -3.29392E-06 -1.75802E-01
1.26000E+01 -1.70002E-01 -3.13769E-06 -1.70774E-01
1.27000E+01 -1.65002E-01 -2.98193E-06 -1.65792E-01
1.28000E+01 -1.60002E-01 -2.82692E-06 -1.60788E-01
1.29000E+01 -1.55002E-01 -2.66898E-06 -1.55764E-01
1.30000E+01 -1.50002E-01 -2.51642E-06 -1.50773E-01
1.31000E+01 -1.45002E-01 -2.35778E-06 -1.45775E-01
1.32000E+01 -1.40002E-01 -2.19912E-06 -1.40789E-01
1.33000E+01 -1.35002E-01 -2.04056E-06 -1.35772E-01
1.34000E+01 -1.30002E-01 -1.88416E-06 -1.30758E-01
1.35000E+01 -1.25002E-01 -1.72413E-06 -1.25770E-01
1.36000E+01 -1.20002E-01 -1.56541E-06 -1.20783E-01
1.37000E+01 -1.15002E-01 -1.40817E-06 -1.15787E-01
1.38000E+01 -1.10002E-01 -1.24357E-06 -1.10772E-01
1.39000E+01 -1.05002E-01 -1.08140E-06 -1.05757E-01
1.40000E+01 -1.00002E-01 -9.26546E-07 -1.00777E-01
1.41000E+01 -9.50018E-02 -7.63534E-07 -9.57550E-02
1.42000E+01 -9.00018E-02 -6.03340E-07 -9.07191E-02
1.43000E+01 -8.50018E-02 -4.38235E-07 -8.57275E-02
1.44000E+01 -8.00018E-02 -2.74166E-07 -8.07478E-02
1.45000E+01 -7.50018E-02 -1.12136E-07 -7.57288E-02
1.46000E+01 -7.00018E-02 5.35122E-08  -7.07179E-02
1.47000E+01 -6.50018E-02 2.20956E-07  -6.57339E-02
1.48000E+01 -6.00019E-02 3.85567E-07  -6.07361E-02
1.49000E+01 -5.50019E-02 5.56016E-07  -5.57202E-02
1.50000E+01 -5.00019E-02 7.17972E-07  -5.07167E-02
1.51000E+01 -4.50019E-02 8.85283E-07  -4.57127E-02
1.52000E+01 -4.00019E-02 1.05383E-06  -4.07399E-02
1.53000E+01 -3.50019E-02 1.22451E-06  -3.57227E-02
1.54000E+01 -3.00019E-02 1.39431E-06  -3.07143E-02
1.55000E+01 -2.50019E-02 1.56335E-06  -2.57159E-02
1.56000E+01 -2.00020E-02 1.73082E-06  -2.07144E-02
1.57000E+01 -1.50020E-02 1.90583E-06  -1.57072E-02
1.58000E+01 -1.00020E-02 2.07865E-06  -1.06888E-02
1.59000E+01 -5.00199E-03 2.25229E-06  -5.69284E-03
1.60000E+01 -2.00000E-06 2.42804E-06  -6.80677E-04
1.61000E+01 4.99799E-03  2.60492E-06  4.30214E-03 
1.62000E+01 9.99797E-03  2.77842E-06  9.31429E-03 
1.63000E+01 1.49980E-02  2.95829E-06  1.43190E-02 
1.64000E+01 1.99979E-02  3.14020E-06  1.93355E-02 
1.65000E+01 2.49979E-02  3.32184E-06  2.43183E-02 
1.66000E+01 2.99979E-02  3.50479E-06  2.93379E-02 
1.67000E+01 3.49979E-02  3.69196E-06  3.43320E-02 
1.68000E+01 3.99979E-02  3.88447E-06  3.93535E-02 
1.69000E+01 4.49979E-02  4.07612E-06  4.43513E-02 
1.70000E+01 4.99979E-02  4.27006E-06  4.93404E-02 
1.71000E+01 5.49979E-02  4.46875E-06  5.43582E-02 
1.72000E+01 5.99978E-02  4.67214E-06  5.93628E-02 
1.73000E+01 6.49978E-02  4.87916E-06  6.43544E-02 
1.74000E+01 6.99978E-02  5.09451E-06  6.93434E-02 
1.75000E+01 7.49978E-02  5.31084E-06  7.43725E-02 
1.76000E+01 7.99978E-02  5.54497E-06  7.93802E-02 
1.77000E+01 8.49978E-02  5.76648E-06  8.43543E-02 
1.78000E+01 8.99978E-02  6.00626E-06  8.93546E-02 
1.79000E+01 9.49978E-02  6.25530E-06  9.43636E-02 
1.80000E+01 9.99977E-02  6.50564E-06  9.93721E-02 
1.81000E+01 1.04998E-01  6.76336E-06  1.04390E-01 
1.82000E+01 1.09998E-01  7.03214E-06  1.09361E-01 
1.83000E+01 1.14998E-01  7.31570E-06  1.14374E-01 
1.84000E+01 1.19998E-01  7.60144E-06  1.19379E-01 
1.85000E+01 1.24998E-01  7.90035E-06  1.24390E-01 
1.86000E+01 1.29998E-01  8.20966E-06  1.29385E-01 
1.87000E+01 1.34998E-01  8.53039E-06  1.34382E-01 
1.88000E+01 1.39998E-01  8.85672E-06  1.39394E-01 
1.89000E+01 1.44998E-01  9.21228E-06  1.44390E-01 
1.90000E+01 1.49998E-01  9.55798E-06  1.49379E-01 
1.91000E+01 1.54998E-01  9.91598E-06  1.54374E-01 
1.92000E+01 1.59998E-01  1.02996E-05  1.59405E-01 
1.93000E+01 1.64998E-01  1.06872E-05  1.64382E-01 
1.94000E+01 1.69998E-01  1.10963E-05  1.69396E-01 
1.95000E+01 1.74998E-01  1.15132E-05  1.74415E-01 
1.96000E+01 1.79998E-01  1.19530E-05  1.79429E-01 
1.97000E+01 1.84998E-01  1.23873E-05  1.84410E-01 
1.98000E+01 1.89998E-01  1.28566E-05  1.89402E-01 
1.99000E+01 1.94998E-01  1.33176E-05  1.94417E-01 
1.99999E+01 1.99997E-01  1.37932E-05  1.99428E-01 
2.00999E+01 2.04997E-01  1.42817E-05  2.04421E-01 
2.01999E+01 2.09997E-01  1.47843E-05  2.09420E-01 
2.02999E+01 2.14997E-01  1.52860E-05  2.14434E-01 
2.03999E+01 2.19997E-01  1.58100E-05  2.19430E-01 
2.04999E+01 2.24997E-01  1.63350E-05  2.24452E-01 
2.05999E+01 2.29997E-01  1.68742E-05  2.29429E-01 
2.06999E+01 2.34997E-01  1.74163E-05  2.34433E-01 
2.07999E+01 2.39997E-01  1.79671E-05  2.39451E-01 
2.08999E+01 2.44997E-01  1.85168E-05  2.44449E-01 
2.09999E+01 2.49997E-01  1.91294E-05  2.49462E-01 
2.10999E+01 2.54997E-01  1.96983E-05  2.54439E-01 
2.11999E+01 2.59997E-01  2.02620E-05  2.59454E-01 
2.12999E+01 2.64997E-01  2.08164E-05  2.64457E-01 
2.13999E+01 2.69997E-01  2.13679E-05  2.69468E-01 
2.14999E+01 2.74997E-01  2.19300E-05  2.74459E-01 
2.15999E+01 2.79997E-01  2.25014E-05  2.79471E-01 
2.16999E+01 2.84997E-01  2.30313E-05  2.84462E-01 
2.17999E+01 2.89997E-01  2.35927E-05  2.89451E-01 
2.18999E+01 2.94997E-01  2.41551E-05  2.94452E-01 
2.19999E+01 2.99997E-01  2.46890E-05  2.99480E-01 
2.20999E+01 3.04997E-01  2.52089E-05  3.04493E-01 
2.21999E+01 3.09997E-01  2.57179E-05  3.09489E-01 
2.22999E+01 3.14997E-01  2.62319E-05  3.14493E-01 
2.23999E+01 3.19997E-01  2.67305E-05  3.19525E-01 
2.24999E+01 3.24997E-01  2.72031E-05  3.24471E-01 
2.25999E+01 3.29997E-01  2.76961E-05  3.29516E-01 
2.26999E+01 3.34997E-01  2.82319E-05  3.34526E-01 
2.27999E+01 3.39997E-01  2.86758E-05  3.39520E-01 
2.28999E+01 3.44997E-01  2.90793E-05  3.44506E-01 
2.29999E+01 3.49997E-01  2.94515E-05  3.49531E-01 
2.30999E+01 3.54997E-01  2.98196E-05  3.54521E-01 
2.31999E+01 3.59997E-01  3.02084E-05  3.59534E-01 
2.32999E+01 3.64997E-01  3.05459E-05  3.64521E-01 
2.33999E+01 3.69997E-01  3.08790E-05  3.69517E-01 
2.34999E+01 3.74997E-01  3.12086E-05  3.74535E-01 
2.35999E+01 3.79997E-01  3.15761E-05  3.79541E-01 
2.36999E+01 3.84997E-01  3.18691E-05  3.84502E-01 
2.37999E+01 3.89997E-01  3.21321E-05  3.89520E-01 
2.38999E+01 3.94997E-01  3.23843E-05  3.94542E-01 
2.39999E+01 3.99997E-01  3.26396E-05  3.99547E-01 
2.40999E+01 4.04997E-01  3.28986E-05  4.04536E-01 
2.41999E+01 4.09997E-01  3.31387E-05  4.09541E-01 
2.42999E+01 4.14997E-01  3.33550E-05  4.14549E-01 
2.43999E+01 4.19997E-01  3.36091E-05  4.19549E-01 
2.44999E+01 4.24997E-01  3.38467E-05  4.24543E-01 
2.45999E+01 4.29997E-01  3.40424E-05  4.29530E-01 
2.46999E+01 4.34997E-01  3.42343E-05  4.34550E-01 
2.47999E+01 4.39997E-01  3.44259E-05  4.39567E-01 
2.48999E+01 4.44997E-01  3.46250E-05  4.44537E-01 
2.49999E+01 4.49997E-01  3.48302E-05  4.49531E-01 
2.50999E+01 4.54997E-01  3.50276E-05  4.54543E-01 
2.51999E+01 4.59997E-01  3.52450E-05  4.59573E-01 
2.52999E+01 4.64997E-01  3.54653E-05  4.64588E-01 
2.53999E+01 4.69997E-01  3.56678E-05  4.69577E-01 
2.54999E+01 4.74997E-01  3.58694E-05  4.74601E-01 
2.55999E+01 4.79997E-01  3.60697E-05  4.79574E-01 
2.56999E+01 4.84997E-01  3.62897E-05  4.84577E-01 
2.57999E+01 4.89997E-01  3.65009E-05  4.89609E-01 
2.58999E+01 4.94997E-01  3.67150E-05  4.94600E-01 
2.59999E+01 4.99997E-01  3.69225E-05  4.99571E-01 
2.60999E+01 5.04997E-01  3.71558E-05  5.04580E-01 
2.61999E+01 5.09997E-01  3.73580E-05  5.09605E-01 
2.62999E+01 5.14997E-01  3.75648E-05  5.14611E-01 
2.63999E+01 5.19997E-01  3.77639E-05  5.19600E-01 
2.64999E+01 5.24997E-01  3.79688E-05  5.24603E-01 
2.65999E+01 5.29997E-01  3.81743E-05  5.29615E-01 
2.66999E+01 5.34997E-01  3.83777E-05  5.34603E-01 
2.67999E+01 5.39997E-01  3.85841E-05  5.39582E-01 
2.68999E+01 5.44997E-01  3.87944E-05  5.44613E-01 
2.69999E+01 5.49997E-01  3.90089E-05  5.49617E-01 
2.70999E+01 5.54997E-01  3.92163E-05  5.54619E-01 
2.71999E+01 5.59997E-01  3.94241E-05  5.59609E-01 
2.72999E+01 5.64997E-01  3.96362E-05  5.64629E-01 
2.73999E+01 5.69997E-01  3.98511E-05  5.69633E-01 
2.74999E+01 5.74997E-01  4.00718E-05  5.74650E-01 
2.75999E+01 5.79997E-01  4.02878E-05  5.79658E-01 
2.76999E+01 5.84997E-01  4.05140E-05  5.84636E-01 
2.77999E+01 5.89997E-01  4.07455E-05  5.89653E-01 
2.78999E+01 5.94997E-01  4.09762E-05  5.94660E-01 
2.79999E+01 5.99996E-01  4.12160E-05  5.99638E-01 
2.80999E+01 6.04996E-01  4.14435E-05  6.04632E-01 
2.81999E+01 6.09996E-01  4.16839E-05  6.09641E-01 
2.82999E+01 6.14996E-01  4.19225E-05  6.14670E-01 
2.83999E+01 6.19996E-01  4.21750E-05  6.19663E-01 
2.84999E+01 6.24996E-01  4.24244E-05  6.24647E-01 
2.85999E+01 6.29996E-01  4.26729E-05  6.29658E-01 
2.86999E+01 6.34996E-01  4.29218E-05  6.34688E-01 
2.87999E+01 6.39996E-01  4.31789E-05  6.39693E-01 
2.88999E+01 6.44996E-01  4.34457E-05  6.44700E-01 
2.89999E+01 6.49996E-01  4.37019E-05  6.49700E-01 
2.90999E+01 6.54996E-01  4.39629E-05  6.54707E-01 
2.91999E+01 6.59996E-01  4.42225E-05  6.59719E-01 
2.92999E+01 6.64996E-01  4.44927E-05  6.64678E-01 
2.93999E+01 6.69996E-01  4.47547E-05  6.69670E-01 
2.94999E+01 6.74996E-01  4.50277E-05  6.74699E-01 
2.95999E+01 6.79996E-01  4.52833E-05  6.79696E-01 
2.96999E+01 6.84996E-01  4.55644E-05  6.84703E-01 
2.97999E+01 6.89996E-01  4.58315E-05  6.89694E-01 
2.98999E+01 6.94996E-01  4.60958E-05  6.94687E-01 
2.99999E+01 6.99996E-01  4.63790E-05  6.99698E-01 
3.00999E+01 7.04996E-01  4.66454E-05  7.04691E-01 
3.01999E+01 7.09996E-01  4.69123E-05  7.09667E-01 
3.02999E+01 7.14996E-01  4.71839E-05  7.14702E-01 
3.03999E+01 7.19996E-01  4.74500E-05  7.19703E-01 
3.04999E+01 7.24996E-01  4.77248E-05  7.24687E-01 
3.05999E+01 7.29996E-01  4.79919E-05  7.29677E-01 
3.06999E+01 7.34996E-01  4.82632E-05  7.34696E-01 
3.07999E+01 7.39996E-01  4.85238E-05  7.39713E-01 
3.08999E+01 7.44996E-01  4.87906E-05  7.44697E-01 
3.09999E+01 7.49996E-01  4.90560E-05  7.49695E-01 
3.10999E+01 7.54996E-01  4.93185E-05  7.54696E-01 
3.11999E+01 7.59996E-01  4.95793E-05  7.59721E-01 
3.12999E+01 7.64996E-01  4.98341E-05  7.64729E-01 
3.13999E+01 7.69996E-01  5.01116E-05  7.69721E-01 
3.14999E+01 7.74996E-01  5.03608E-05  7.74704E-01 
3.15999E+01 7.79996E-01  5.06041E-05  7.79738E-01 
3.16999E+01 7.84996E-01  5.08492E-05  7.84748E-01 
3.17999E+01 7.89996E-01  5.10959E-05  7.89758E-01 
3.18999E+01 7.94996E-01  5.13335E-05  7.94765E-01 
3.19999E+01 7.99996E-01  5.15758E-05  7.99751E-01 
3.20999E+01 8.04996E-01  5.18086E-05  8.04754E-01 
3.21999E+01 8.09996E-01  5.20740E-05  8.09743E-01 
3.22999E+01 8.14996E-01  5.23046E-05  8.14766E-01 
3.23999E+01 8.19996E-01  5.25174E-05  8.19763E-01 
3.24999E+01 8.24996E-01  5.27396E-05  8.24763E-01 
3.25999E+01 8.29996E-01  5.29592E-05  8.29788E-01 
3.26999E+01 8.34996E-01  5.31859E-05  8.34779E-01 
3.27999E+01 8.39996E-01  5.34124E-05  8.39779E-01 
3.28999E+01 8.44996E-01  5.36134E-05  8.44782E-01 
3.29999E+01 8.49996E-01  5.38280E-05  8.49785E-01 
3.30999E+01 8.54996E-01  5.40650E-05  8.54804E-01 
3.31999E+01 8.59996E-01  5.42882E-05  8.59782E-01 
3.32999E+01 8.64996E-01  5.44930E-05  8.64794E-01 
3.33999E+01 8.69996E-01  5.46908E-05  8.69798E-01 
3.34999E+01 8.74996E-01  5.48991E-05  8.74816E-01 
3.35999E+01 8.79996E-01  5.51101E-05  8.79835E-01 
3.36999E+01 8.84996E-01  5.53206E-05  8.84829E-01 
3.37999E+01 8.89996E-01  5.55194E-05  8.89815E-01 
3.38999E+01 8.94996E-01  5.57233E-05  8.94814E-01 
3.39999E+01 8.99996E-01  5.59419E-05  8.99840E-01 
3.40999E+01 9.04996E-01  5.61722E-05  9.04842E-01 
3.41999E+01 9.09996E-01  5.63923E-05  9.09834E-01 
3.42999E+01 9.14996E-01  5.65945E-05  9.14823E-01 
3.43999E+01 9.19996E-01  5.67835E-05  9.19833E-01 
3.44999E+01 9.24996E-01  5.69828E-05  9.24838E-01 
3.45999E+01 9.29996E-01  5.72034E-05  9.29824E-01 
3.46999E+01 9.34996E-01  5.74147E-05  9.34824E-01 
3.47999E+01 9.39996E-01  5.76228E-05  9.39844E-01 
3.48999E+01 9.44996E-01  5.78251E-05  9.44860E-01 
3.49999E+01 9.49996E-01  5.80141E-05  9.49836E-01 
3.50999E+01 9.54996E-01  5.82055E-05  9.54851E-01 
3.51999E+01 9.59996E-01  5.84251E-05  9.59844E-01 
3.52999E+01 9.64996E-01  5.86394E-05  9.64858E-01 
3.53999E+01 9.69996E-01  5.88595E-05  9.69878E-01 
3.54999E+01 9.74996E-01  5.90727E-05  9.74868E-01 
3.55999E+01 9.79996E-01  5.93042E-05  9.79852E-01 
3.56999E+01 9.84996E-01  5.95289E-05  9.84880E-01 
3.57999E+01 9.89996E-01  5.97283E-05  9.89881E-01 
3.58999E+01 9.94996E-01  5.99235E-05  9.94864E-01 
3.59999E+01 9.99995E-01  6.01167E-05  9.99847E-01 
3.60999E+01 1.00500E+00  6.03155E-05  1.00484E+00 
3.61999E+01 1.01000E+00  6.05101E-05  1.00985E+00 
3.62999E+01 1.01500E+00  6.06908E-05  1.01487E+00 
3.63999E+01 1.02000E+00  6.08750E-05  1.01985E+00 
3.64999E+01 1.02500E+00  6.10629E-05  1.02486E+00 
3.65999E+01 1.03000E+00  6.12419E-05  1.02986E+00 
3.66999E+01 1.03500E+00  6.14189E-05  1.03489E+00 
3.67999E+01 1.04000E+00  6.16022E-05  1.03988E+00 
3.68999E+01 1.04500E+00  6.17835E-05  1.04488E+00 
3.69999E+01 1.05000E+00  6.19616E-05  1.04990E+00 
3.70999E+01 1.05500E+00  6.21474E-05  1.05492E+00 
3.71999E+01 1.06000E+00  6.23375E-05  1.05987E+00 
3.72999E+01 1.06500E+00  6.25207E-05  1.06490E+00 
3.73999E+01 1.07000E+00  6.27174E-05  1.06991E+00 
3.74999E+01 1.07500E+00  6.29079E-05  1.07492E+00 
3.75999E+01 1.08000E+00  6.31060E-05  1.07990E+00 
3.76999E+01 1.08500E+00  6.33092E-05  1.08490E+00 
3.77999E+01 1.09000E+00  6.35088E-05  1.08993E+00 
3.78999E+01 1.09500E+00  6.37026E-05  1.09492E+00 
3.79999E+01 1.10000E+00  6.38803E-05  1.09991E+00 
3.80999E+01 1.10500E+00  6.40985E-05  1.10494E+00 
3.81999E+01 1.11000E+00  6.43790E-05  1.10992E+00 
3.82999E+01 1.11500E+00  6.45925E-05  1.11495E+00 
3.83999E+01 1.12000E+00  6.48149E-05  1.11996E+00 
3.84999E+01 1.12500E+00  6.50447E-05  1.12498E+00 
3.85999E+01 1.13000E+00  6.52814E-05  1.12999E+00 
3.86999E+01 1.13500E+00  6.55222E-05  1.13499E+00 
3.87999E+01 1.14000E+00  6.57812E-05  1.13998E+00 
3.88999E+01 1.14500E+00  6.60477E-05  1.14499E+00 
3.89999E+01 1.15000E+00  6.63043E-05  1.15001E+00 
3.90999E+01 1.15500E+00  6.65630E-05  1.15499E+00 
3.91999E+01 1.16000E+00  6.68425E-05  1.15998E+00 
3.92999E+01 1.16500E+00  6.71342E-05  1.16500E+00 
3.93999E+01 1.17000E+00  6.74440E-05  1.17001E+00 
3.94999E+01 1.17500E+00  6.77788E-05  1.17500E+00 
3.95999E+01 1.18000E+00  6.81141E-05  1.17998E+00 
3.96999E+01 1.18500E+00  6.84097E-05  1.18499E+00 
3.97999E+01 1.19000E+00  6.87088E-05  1.18999E+00 
3.98999E+01 1.19500E+00  6.90164E-05  1.19499E+00 
3.99999E+01 1.19999E+00  6.93415E-05  1.19999E+00 
4.00999E+01 1.20499E+00  6.97088E-05  1.20500E+00 
4.01999E+01 1.20999E+00  7.00391E-05  1.21000E+00 
4.02999E+01 1.21499E+00  7.03554E-05  1.21500E+00 
4.03999E+01 1.21999E+00  7.06879E-05  1.21998E+00 
4.04999E+01 1.22499E+00  7.10758E-05  1.22500E+00 
4.05999E+01 1.22999E+00  7.14595E-05  1.23001E+00 
4.06999E+01 1.23499E+00  7.18272E-05  1.23501E+00 
4.07999E+01 1.23999E+00  7.22093E-05  1.24001E+00 
4.08999E+01 1.24499E+00  7.26021E-05  1.24501E+00 
4.09999E+01 1.24999E+00  7.30136E-05  1.25003E+00 
4.10999E+01 1.25499E+00  7.34532E-05  1.25500E+00 
4.11999E+01 1.25999E+00  7.38964E-05  1.25999E+00 
4.12999E+01 1.26499E+00  7.43422E-05  1.26500E+00 
4.13999E+01 1.26999E+00  7.48321E-05  1.27001E+00 
4.14999E+01 1.27499E+00  7.53123E-05  1.27502E+00 
4.15999E+01 1.27999E+00  7.58188E-05  1.28000E+00 
4.16999E+01 1.28499E+00  7.63309E-05  1.28501E+00 
4.17999E+01 1.28999E+00  7.68563E-05  1.29003E+00 
4.18999E+01 1.29499E+00  7.74025E-05  1.29505E+00 
4.19999E+01 1.29999E+00  7.79685E-05  1.30003E+00 
4.20999E+01 1.30499E+00  7.85437E-05  1.30502E+00 
4.21999E+01 1.30999E+00  7.91302E-05  1.31006E+00 
4.22999E+01 1.31499E+00  7.97270E-05  1.31505E+00 
4.23999E+01 1.31999E+00  8.03588E-05  1.32006E+00 
4.24999E+01 1.32499E+00  8.09808E-05  1.32506E+00 
4.25999E+01 1.32999E+00  8.16179E-05  1.33006E+00 
4.26999E+01 1.33499E+00  8.22689E-05  1.33505E+00 
4.27999E+01 1.33999E+00  8.29316E-05  1.34007E+00 
4.28999E+01 1.34499E+00  8.36096E-05  1.34506E+00 
4.29999E+01 1.34999E+00  8.43041E-05  1.35005E+00 
4.30999E+01 1.35499E+00  8.49959E-05  1.35506E+00 
4.31999E+01 1.35999E+00  8.57102E-05  1.36007E+00 
4.32999E+01 1.36499E+00  8.64324E-05  1.36506E+00 
4.33999E+01 1.36999E+00  8.71599E-05  1.37007E+00 
4.34999E+01 1.37499E+00  8.78819E-05  1.37505E+00 
4.35999E+01 1.37999E+00  8.86368E-05  1.38005E+00 
4.36999E+01 1.38499E+00  8.93940E-05  1.38506E+00 
4.37999E+01 1.38999E+00  9.01537E-05  1.39005E+00 
4.38999E+01 1.39499E+00  9.09340E-05  1.39506E+00 
4.39999E+01 1.39999E+00  9.17058E-05  1.40009E+00 
4.40999E+01 1.40499E+00  9.24958E-05  1.40509E+00 
4.41999E+01 1.40999E+00  9.32906E-05  1.41008E+00 
4.42999E+01 1.41499E+00  9.40923E-05  1.41509E+00 
4.43999E+01 1.41999E+00  9.49009E-05  1.42013E+00 
4.44999E+01 1.42499E+00  9.57094E-05  1.42513E+00 
4.45999E+01 1.42999E+00  9.65320E-05  1.43012E+00 
4.46999E+01 1.43499E+00  9.73566E-05  1.43512E+00 
4.47999E+01 1.43999E+00  9.81878E-05  1.44014E+00 
4.48999E+01 1.44499E+00  9.90290E-05  1.44513E+00 
4.49999E+01 1.44999E+00  9.98683E-05  1.45014E+00 
4.50999E+01 1.45499E+00  1.00734E-04  1.45516E+00 
4.51999E+01 1.45999E+00  1.01583E-04  1.46017E+00 
4.52999E+01 1.46499E+00  1.02462E-04  1.46514E+00 
4.53999E+01 1.46999E+00  1.03338E-04  1.47016E+00 
4.54999E+01 1.47499E+00  1.04235E-04  1.47516E+00 
4.55999E+01 1.47999E+00  1.05110E-04  1.48015E+00 
4.56999E+01 1.48499E+00  1.06005E-04  1.48513E+00 
4.57999E+01 1.48999E+00  1.06913E-04  1.49017E+00 
4.58999E+01 1.49499E+00  1.07820E-04  1.49516E+00 
4.59999E+01 1.49999E+00  1.08745E-04  1.50016E+00 
4.60999E+01 1.50499E+00  1.09686E-04  1.50513E+00 
4.61999E+01 1.50999E+00  1.10628E-04  1.51016E+00 
4.62999E+01 1.51499E+00  1.11578E-04  1.51517E+00 
4.63999E+01 1.51999E+00  1.12523E-04  1.52015E+00 
4.64999E+01 1.52499E+00  1.13505E-04  1.52516E+00 
4.65999E+01 1.52999E+00  1.14495E-04  1.53016E+00 
4.66999E+01 1.53499E+00  1.15496E-04  1.53517E+00 
4.67999E+01 1.53999E+00  1.16504E-04  1.54017E+00 
4.68999E+01 1.54499E+00  1.17515E-04  1.54518E+00 
4.69999E+01 1.54999E+00  1.18552E-04  1.55017E+00 
4.70999E+01 1.55499E+00  1.19601E-04  1.55520E+00 
4.71999E+01 1.55999E+00  1.20692E-04  1.56019E+00 
4.72999E+01 1.56499E+00  1.21916E-04  1.56517E+00 
4.73999E+01 1.56999E+00  1.22833E-04  1.57016E+00 
4.74999E+01 1.57499E+00  1.23933E-04  1.57520E+00 
4.75999E+01 1.57999E+00  1.25027E-04  1.58019E+00 
4.76999E+01 1.58499E+00  1.26130E-04  1.58522E+00 
4.77999E+01 1.58999E+00  1.27260E-04  1.59020E+00 
4.78999E+01 1.59499E+00  1.28401E-04  1.59520E+00 
4.79999E+01 1.59999E+00  1.29563E-04  1.60020E+00 
4.80999E+01 1.60499E+00  1.30734E-04  1.60522E+00 
4.81999E+01 1.60999E+00  1.31941E-04  1.61023E+00 
4.82999E+01 1.61499E+00  1.33165E-04  1.61522E+00 
4.83999E+01 1.61999E+00  1.34385E-04  1.62022E+00 
4.84999E+01 1.62499E+00  1.35647E-04  1.62524E+00 
4.85999E+01 1.62999E+00  1.36905E-04  1.63025E+00 
4.86999E+01 1.63499E+00  1.38181E-04  1.63524E+00 
4.87999E+01 1.63999E+00  1.39483E-04  1.64024E+00 
4.88999E+01 1.64499E+00  1.40753E-04  1.64526E+00 
4.89999E+01 1.64999E+00  1.42069E-04  1.65027E+00 
4.90999E+01 1.65499E+00  1.43404E-04  1.65525E+00 
4.91999E+01 1.65999E+00  1.44751E-04  1.66026E+00 
4.92999E+01 1.66499E+00  1.46078E-04  1.66527E+00 
4.93999E+01 1.66999E+00  1.47452E-04  1.67027E+00 
4.94999E+01 1.67499E+00  1.48815E-04  1.67527E+00 
4.95999E+01 1.67999E+00  1.50157E-04  1.68026E+00 
4.96999E+01 1.68499E+00  1.51535E-04  1.68528E+00 
4.97999E+01 1.68999E+00  1.52896E-04  1.69029E+00 
4.98999E+01 1.69499E+00  1.54275E-04  1.69529E+00 
4.99999E+01 1.69999E+00  1.55644E-04  1.70029E+00 
5.00999E+01 1.70499E+00  1.57038E-04  1.70529E+00 
5.01999E+01 1.70999E+00  1.58428E-04  1.71030E+00 
5.02999E+01 1.71499E+00  1.59831E-04  1.71530E+00 
5.03999E+01 1.71999E+00  1.61209E-04  1.72028E+00 
5.04999E+01 1.72499E+00  1.62598E-04  1.72528E+00 
5.05999E+01 1.72999E+00  1.64035E-04  1.73031E+00 
5.06999E+01 1.73499E+00  1.65389E-04  1.73530E+00 
5.07999E+01 1.73999E+00  1.66750E-04  1.74027E+00 
5.08999E+01 1.74499E+00  1.68135E-04  1.74532E+00 
5.09999E+01 1.74999E+00  1.69502E-04  1.75032E+00 
5.10999E+01 1.75499E+00  1.70861E-04  1.75533E+00 
5.11999E+01 1.75999E+00  1.72230E-04  1.76033E+00 
5.12999E+01 1.76499E+00  1.73572E-04  1.76534E+00 
5.13999E+01 1.76999E+00  1.74907E-04  1.77033E+00 
5.14999E+01 1.77499E+00  1.76310E-04  1.77535E+00 
5.15999E+01 1.77999E+00  1.77658E-04  1.78033E+00 
5.16999E+01 1.78499E+00  1.78998E-04  1.78534E+00 
5.17999E+01 1.78999E+00  1.80297E-04  1.79033E+00 
5.18999E+01 1.79499E+00  1.81570E-04  1.79534E+00 
5.19999E+01 1.79999E+00  1.82881E-04  1.80035E+00 
5.20999E+01 1.79499E+00  1.79116E-04  1.79533E+00 
5.21999E+01 1.78999E+00  1.75512E-04  1.79036E+00 
5.22999E+01 1.78499E+00  1.72056E-04  1.78534E+00 
5.23999E+01 1.77999E+00  1.68747E-04  1.78034E+00 
5.24999E+01 1.77499E+00  1.65613E-04  1.77531E+00 
5.25999E+01 1.76999E+00  1.62644E-04  1.77034E+00 
5.26999E+01 1.76499E+00  1.59668E-04  1.76531E+00 
5.27999E+01 1.75999E+00  1.56713E-04  1.76031E+00 
5.28999E+01 1.75499E+00  1.53810E-04  1.75531E+00 
5.29999E+01 1.74999E+00  1.50983E-04  1.75030E+00 
5.30999E+01 1.74499E+00  1.48239E-04  1.74529E+00 
5.31999E+01 1.73999E+00  1.45513E-04  1.74029E+00 
5.32999E+01 1.73499E+00  1.42877E-04  1.73528E+00 
5.33999E+01 1.72999E+00  1.40335E-04  1.73028E+00 
5.34999E+01 1.72499E+00  1.37859E-04  1.72527E+00 
5.35999E+01 1.71999E+00  1.35486E-04  1.72026E+00 
5.36999E+01 1.71499E+00  1.32997E-04  1.71527E+00 
5.37999E+01 1.70999E+00  1.30519E-04  1.71028E+00 
5.38999E+01 1.70499E+00  1.28093E-04  1.70527E+00 
5.39999E+01 1.69999E+00  1.25749E-04  1.70025E+00 
5.40999E+01 1.69499E+00  1.23374E-04  1.69526E+00 
5.41999E+01 1.68999E+00  1.21093E-04  1.69027E+00 
5.42999E+01 1.68499E+00  1.18893E-04  1.68526E+00 
5.43999E+01 1.67999E+00  1.16787E-04  1.68024E+00 
5.44999E+01 1.67499E+00  1.14623E-04  1.67526E+00 
5.45999E+01 1.66999E+00  1.12441E-04  1.67025E+00 
5.46999E+01 1.66499E+00  1.10259E-04  1.66524E+00 
5.47999E+01 1.65999E+00  1.08161E-04  1.66024E+00 
5.48999E+01 1.65499E+00  1.06025E-04  1.65524E+00 
5.49999E+01 1.64999E+00  1.04012E-04  1.65026E+00 
5.50999E+01 1.64499E+00  1.01897E-04  1.64524E+00 
5.51999E+01 1.63999E+00  9.99656E-05  1.64022E+00 
5.52999E+01 1.63499E+00  9.80927E-05  1.63525E+00 
5.53999E+01 1.62999E+00  9.62546E-05  1.63024E+00 
5.54999E+01 1.62499E+00  9.43555E-05  1.62524E+00 
5.55999E+01 1.61999E+00  9.24890E-05  1.62023E+00 
5.56999E+01 1.61499E+00  9.06675E-05  1.61525E+00 
5.57999E+01 1.60999E+00  8.88958E-05  1.61024E+00 
5.58999E+01 1.60499E+00  8.71439E-05  1.60524E+00 
5.59999E+01 1.59999E+00  8.53609E-05  1.60021E+00 
5.60999E+01 1.59499E+00  8.38116E-05  1.59523E+00 
5.61999E+01 1.58999E+00  8.22469E-05  1.59021E+00 
5.62999E+01 1.58499E+00  8.08292E-05  1.58520E+00 
5.63999E+01 1.57999E+00  7.92953E-05  1.58020E+00 
5.64999E+01 1.57499E+00  7.76995E-05  1.57520E+00 
5.65999E+01 1.56999E+00  7.59669E-05  1.57017E+00 
5.66999E+01 1.56499E+00  7.44200E-05  1.56518E+00 
5.67999E+01 1.55999E+00  7.28853E-05  1.56017E+00 
5.68999E+01 1.55499E+00  7.13903E-05  1.55519E+00 
5.69999E+01 1.54999E+00  6.99721E-05  1.55016E+00 
5.70999E+01 1.54499E+00  6.85974E-05  1.54518E+00 
5.71999E+01 1.53999E+00  6.72522E-05  1.54018E+00 
5.72999E+01 1.53499E+00  6.59206E-05  1.53516E+00 
5.73999E+01 1.52999E+00  6.46332E-05  1.53017E+00 
5.74999E+01 1.52499E+00  6.33754E-05  1.52517E+00 
5.75999E+01 1.51999E+00  6.21526E-05  1.52016E+00 
5.76999E+01 1.51499E+00  6.09629E-05  1.51518E+00 
5.77999E+01 1.50999E+00  5.98007E-05  1.51018E+00 
5.78999E+01 1.50499E+00  5.86530E-05  1.50515E+00 
5.79999E+01 1.49999E+00  5.75389E-05  1.50017E+00 
5.80999E+01 1.49499E+00  5.64503E-05  1.49517E+00 
5.81999E+01 1.48999E+00  5.53874E-05  1.49015E+00 
5.82999E+01 1.48499E+00  5.43687E-05  1.48514E+00 
5.83999E+01 1.47999E+00  5.33500E-05  1.48015E+00 
5.84999E+01 1.47499E+00  5.23595E-05  1.47514E+00 
5.85999E+01 1.46999E+00  5.13803E-05  1.47015E+00 
5.86999E+01 1.46499E+00  5.04510E-05  1.46514E+00 
5.87999E+01 1.45999E+00  4.95328E-05  1.46016E+00 
5.88999E+01 1.45499E+00  4.86542E-05  1.45514E+00 
5.89999E+01 1.44999E+00  4.77890E-05  1.45013E+00 
5.90999E+01 1.44499E+00  4.69464E-05  1.44511E+00 
5.91999E+01 1.43999E+00  4.61076E-05  1.44013E+00 
5.92999E+01 1.43499E+00  4.52889E-05  1.43513E+00 
5.93999E+01 1.42999E+00  4.45025E-05  1.43010E+00 
5.94999E+01 1.42499E+00  4.37642E-05  1.42511E+00 
5.95999E+01 1.41999E+00  4.30349E-05  1.42010E+00 
5.96999E+01 1.41499E+00  4.23079E-05  1.41510E+00 
5.97999E+01 1.40999E+00  4.15966E-05  1.41007E+00 
5.98999E+01 1.40499E+00  4.08960E-05  1.40509E+00 
5.99998E+01 1.39999E+00  4.02226E-05  1.40008E+00 
6.00998E+01 1.39499E+00  3.95712E-05  1.39507E+00 
6.01998E+01 1.38999E+00  3.89336E-05  1.39006E+00 
6.02998E+01 1.38499E+00  3.83159E-05  1.38507E+00 
6.03998E+01 1.37999E+00  3.77291E-05  1.38007E+00 
6.04998E+01 1.37499E+00  3.71453E-05  1.37507E+00 
6.05998E+01 1.36999E+00  3.65769E-05  1.37005E+00 
6.06998E+01 1.36499E+00  3.60274E-05  1.36505E+00 
6.07998E+01 1.35999E+00  3.54901E-05  1.36006E+00 
6.08998E+01 1.35499E+00  3.49877E-05  1.35507E+00 
6.09998E+01 1.34999E+00  3.44793E-05  1.35005E+00 
6.10998E+01 1.34499E+00  3.39889E-05  1.34508E+00 
6.11998E+01 1.33999E+00  3.35246E-05  1.34007E+00 
6.12998E+01 1.33499E+00  3.31421E-05  1.33508E+00 
6.13998E+01 1.32999E+00  3.26674E-05  1.33006E+00 
6.14998E+01 1.32499E+00  3.21871E-05  1.32505E+00 
6.15998E+01 1.31999E+00  3.17278E-05  1.32005E+00 
6.16998E+01 1.31499E+00  3.12846E-05  1.31505E+00 
6.17998E+01 1.30999E+00  3.07870E-05  1.31005E+00 
6.18998E+01 1.30499E+00  3.03495E-05  1.30503E+00 
6.19998E+01 1.29999E+00  2.99633E-05  1.30003E+00 
6.20998E+01 1.29499E+00  2.95935E-05  1.29504E+00 
6.21998E+01 1.28999E+00  2.92417E-05  1.29003E+00 
6.22998E+01 1.28499E+00  2.89090E-05  1.28501E+00 
6.23998E+01 1.27999E+00  2.85187E-05  1.28002E+00 
6.24998E+01 1.27499E+00  2.81649E-05  1.27503E+00 
6.25998E+01 1.26999E+00  2.78190E-05  1.27000E+00 
6.26998E+01 1.26499E+00  2.74842E-05  1.26500E+00 
6.27998E+01 1.25999E+00  2.71436E-05  1.26001E+00 
6.28998E+01 1.25499E+00  2.68220E-05  1.25500E+00 
6.29998E+01 1.24999E+00  2.65076E-05  1.25000E+00 
6.30998E+01 1.24499E+00  2.61946E-05  1.24498E+00 
6.31998E+01 1.23999E+00  2.58704E-05  1.23998E+00 
6.32998E+01 1.23499E+00  2.55542E-05  1.23500E+00 
6.33998E+01 1.22999E+00  2.52975E-05  1.22999E+00 
6.34998E+01 1.22499E+00  2.49985E-05  1.22501E+00 
6.35998E+01 1.21999E+00  2.46907E-05  1.21999E+00 
6.36998E+01 1.21499E+00  2.43885E-05  1.21500E+00 
6.37998E+01 1.20999E+00  2.41076E-05  1.21001E+00 
6.38998E+01 1.20499E+00  2.38518E-05  1.20500E+00 
6.39998E+01 1.19999E+00  2.35878E-05  1.19996E+00 
6.40998E+01 1.19500E+00  2.33279E-05  1.19499E+00 
6.41998E+01 1.19000E+00  2.30673E-05  1.19000E+00 
6.42998E+01 1.18500E+00  2.28063E-05  1.18498E+00 
6.43998E+01 1.18000E+00  2.25393E-05  1.17997E+00 
6.44998E+01 1.17500E+00  2.22802E-05  1.17497E+00 
6.45998E+01 1.17000E+00  2.20545E-05  1.16998E+00 
6.46998E+01 1.16500E+00  2.18093E-05  1.16496E+00 
6.47998E+01 1.16000E+00  2.15621E-05  1.15996E+00 
6.48998E+01 1.15500E+00  2.13162E-05  1.15496E+00 
6.49998E+01 1.15000E+00  2.10844E-05  1.14998E+00 
6.50998E+01 1.14500E+00  2.08520E-05  1.14496E+00 
6.51998E+01 1.14000E+00  2.06252E-05  1.13994E+00 
6.52998E+01 1.13500E+00  2.03955E-05  1.13493E+00 
6.53998E+01 1.13000E+00  2.01687E-05  1.12997E+00 
6.54998E+01 1.12500E+00  1.99428E-05  1.12494E+00 
6.55998E+01 1.12000E+00  1.97216E-05  1.11992E+00 
6.56998E+01 1.11500E+00  1.95049E-05  1.11491E+00 
6.57998E+01 1.11000E+00  1.92833E-05  1.10992E+00 
6.58998E+01 1.10500E+00  1.90625E-05  1.10490E+00 
6.59998E+01 1.10000E+00  1.88517E-05  1.09989E+00 
6.60998E+01 1.09500E+00  1.86431E-05  1.09490E+00 
6.61998E+01 1.09000E+00  1.84306E-05  1.08989E+00 
6.62998E+01 1.08500E+00  1.82224E-05  1.08487E+00 
6.63998E+01 1.08000E+00  1.80182E-05  1.07988E+00 
6.64998E+01 1.07500E+00  1.78039E-05  1.07491E+00 
6.65998E+01 1.07000E+00  1.76035E-05  1.06991E+00 
6.66998E+01 1.06500E+00  1.73998E-05  1.06489E+00 
6.67998E+01 1.06000E+00  1.72000E-05  1.05989E+00 
6.68998E+01 1.05500E+00  1.70025E-05  1.05490E+00 
6.69998E+01 1.05000E+00  1.68010E-05  1.04989E+00 
6.70998E+01 1.04500E+00  1.66093E-05  1.04490E+00 
6.71998E+01 1.04000E+00  1.64064E-05  1.03989E+00 
6.72998E+01 1.03500E+00  1.62069E-05  1.03491E+00 
6.73998E+01 1.03000E+00  1.60256E-05  1.02990E+00 
6.74998E+01 1.02500E+00  1.58375E-05  1.02488E+00 
6.75998E+01 1.02000E+00  1.56344E-05  1.01987E+00 
6.76998E+01 1.01500E+00  1.54448E-05  1.01490E+00 
6.77998E+01 1.01000E+00  1.52506E-05  1.00989E+00 
6.78998E+01 1.00500E+00  1.50643E-05  1.00486E+00 
6.79998E+01 9.99995E-01  1.48760E-05  9.99860E-01 
6.80998E+01 9.94996E-01  1.46875E-05  9.94872E-01 
6.81998E+01 9.89996E-01  1.45027E-05  9.89869E-01 
6.82998E+01 9.84996E-01  1.43182E-05  9.84868E-01 
6.83998E+01 9.79996E-01  1.41353E-05  9.79859E-01 
6.84998E+01 9.74996E-01  1.39519E-05  9.74862E-01 
6.85998E+01 9.69996E-01  1.37665E-05  9.69864E-01 
6.86998E+01 9.64996E-01  1.35836E-05  9.64887E-01 
6.87998E+01 9.59996E-01  1.33985E-05  9.59852E-01 
6.88998E+01 9.54996E-01  1.32129E-05  9.54844E-01 
6.89998E+01 9.49996E-01  1.30326E-05  9.49849E-01 
6.90998E+01 9.44996E-01  1.28503E-05  9.44842E-01 
6.91998E+01 9.39996E-01  1.26625E-05  9.39858E-01 
6.92998E+01 9.34996E-01  1.24783E-05  9.34833E-01 
6.93998E+01 9.29996E-01  1.23069E-05  9.29805E-01 
6.94998E+01 9.24996E-01  1.21220E-05  9.24820E-01 
6.95998E+01 9.19996E-01  1.19399E-05  9.19817E-01 
6.96998E+01 9.14996E-01  1.17602E-05  9.14829E-01 
6.97998E+01 9.09996E-01  1.15802E-05  9.09797E-01 
6.98998E+01 9.04996E-01  1.13963E-05  9.04822E-01 
6.99998E+01 8.99996E-01  1.12153E-05  8.99817E-01 
7.00998E+01 8.94996E-01  1.10345E-05  8.94809E-01 
7.01998E+01 8.89996E-01  1.08524E-05  8.89798E-01 
7.02998E+01 8.84996E-01  1.06711E-05  8.84789E-01 
7.03998E+01 8.79996E-01  1.04867E-05  8.79789E-01 
7.04998E+01 8.74996E-01  1.03176E-05  8.74796E-01 
7.05998E+01 8.69996E-01  1.01305E-05  8.69779E-01 
7.06998E+01 8.64996E-01  9.95210E-06  8.64802E-01 
7.07998E+01 8.59996E-01  9.76987E-06  8.59783E-01 
7.08998E+01 8.54996E-01  9.57912E-06  8.54779E-01 
7.09998E+01 8.49996E-01  9.40101E-06  8.49787E-01 
7.10998E+01 8.44996E-01  9.22678E-06  8.44778E-01 
7.11998E+01 8.39996E-01  9.04225E-06  8.39800E-01 
7.12998E+01 8.34996E-01  8.85834E-06  8.34777E-01 
7.13998E+01 8.29996E-01  8.68589E-06  8.29782E-01 
7.14998E+01 8.24996E-01  8.49948E-06  8.24774E-01 
7.15998E+01 8.19996E-01  8.31075E-06  8.19773E-01 
7.16998E+01 8.14996E-01  8.12407E-06  8.14772E-01 
7.17998E+01 8.09996E-01  7.94562E-06  8.09784E-01 
7.18998E+01 8.04996E-01  7.76088E-06  8.04761E-01 
7.19998E+01 7.99996E-01  7.58063E-06  7.99756E-01 
7.20998E+01 7.94996E-01  7.39257E-06  7.94782E-01 
7.21998E+01 7.89996E-01  7.20255E-06  7.89768E-01 
7.22998E+01 7.84996E-01  7.01384E-06  7.84745E-01 
7.23998E+01 7.79996E-01  6.82929E-06  7.79731E-01 
7.24998E+01 7.74996E-01  6.63868E-06  7.74715E-01 
7.25998E+01 7.69996E-01  6.45213E-06  7.69719E-01 
7.26998E+01 7.64996E-01  6.25795E-06  7.64712E-01 
7.27998E+01 7.59996E-01  6.06589E-06  7.59733E-01 
7.28998E+01 7.54996E-01  5.87984E-06  7.54735E-01 
7.29998E+01 7.49996E-01  5.68644E-06  7.49705E-01 
7.30998E+01 7.44996E-01  5.49324E-06  7.44735E-01 
7.31998E+01 7.39996E-01  5.29981E-06  7.39714E-01 
7.32998E+01 7.34996E-01  5.10245E-06  7.34711E-01 
7.33998E+01 7.29996E-01  4.91505E-06  7.29679E-01 
7.34998E+01 7.24996E-01  4.70875E-06  7.24694E-01 
7.35998E+01 7.19996E-01  4.51150E-06  7.19707E-01 
7.36998E+01 7.14996E-01  4.31322E-06  7.14691E-01 
7.37998E+01 7.09996E-01  4.11437E-06  7.09678E-01 
7.38998E+01 7.04996E-01  3.91612E-06  7.04691E-01 
7.39998E+01 6.99996E-01  3.71499E-06  6.99693E-01 
7.40998E+01 6.94996E-01  3.51147E-06  6.94665E-01 
7.41998E+01 6.89996E-01  3.26790E-06  6.89667E-01 
7.42998E+01 6.84996E-01  3.06567E-06  6.84678E-01 
7.43998E+01 6.79996E-01  2.86228E-06  6.79707E-01 
7.44998E+01 6.74996E-01  2.65374E-06  6.74684E-01 
7.45998E+01 6.69996E-01  2.45116E-06  6.69670E-01 
7.46998E+01 6.64996E-01  2.25368E-06  6.64662E-01 
7.47998E+01 6.59996E-01  2.05304E-06  6.59679E-01 
7.48998E+01 6.54996E-01  1.84422E-06  6.54666E-01 
7.49998E+01 6.49996E-01  1.63375E-06  6.49636E-01 
7.50998E+01 6.44996E-01  1.42645E-06  6.44653E-01 
7.51998E+01 6.39996E-01  1.22279E-06  6.39650E-01 
7.52998E+01 6.34996E-01  1.01575E-06  6.34647E-01 
7.53998E+01 6.29996E-01  8.17085E-07  6.29648E-01 
7.54998E+01 6.24996E-01  5.98057E-07  6.24632E-01 
7.55998E+01 6.19996E-01  3.84448E-07  6.19614E-01 
7.56998E+01 6.14996E-01  1.75093E-07  6.14632E-01 
7.57998E+01 6.09996E-01  -3.77372E-08 6.09621E-01 
7.58998E+01 6.04996E-01  -2.43420E-07 6.04607E-01 
7.59998E+01 5.99996E-01  -4.55602E-07 5.99605E-01 
7.60998E+01 5.94997E-01  -6.89258E-07 5.94626E-01 
7.61998E+01 5.89997E-01  -9.19434E-07 5.89633E-01 
7.62998E+01 5.84997E-01  -1.14895E-06 5.84605E-01 
7.63998E+01 5.79997E-01  -1.37346E-06 5.79600E-01 
7.64998E+01 5.74997E-01  -1.59701E-06 5.74614E-01 
7.65998E+01 5.69997E-01  -1.83078E-06 5.69602E-01 
7.66998E+01 5.64997E-01  -2.07311E-06 5.64612E-01 
7.67998E+01 5.59997E-01  -2.29936E-06 5.59600E-01 
7.68998E+01 5.54997E-01  -2.51281E-06 5.54599E-01 
7.69998E+01 5.49997E-01  -2.75789E-06 5.49596E-01 
7.70998E+01 5.44997E-01  -3.01267E-06 5.44586E-01 
7.71998E+01 5.39997E-01  -3.26863E-06 5.39590E-01 
7.72998E+01 5.34997E-01  -3.52616E-06 5.34601E-01 
7.73998E+01 5.29997E-01  -3.76942E-06 5.29592E-01 
7.74998E+01 5.24997E-01  -4.03855E-06 5.24565E-01 
7.75998E+01 5.19997E-01  -4.30283E-06 5.19590E-01 
7.76998E+01 5.14997E-01  -4.56893E-06 5.14605E-01 
7.77998E+01 5.09997E-01  -4.82617E-06 5.09586E-01 
7.78998E+01 5.04997E-01  -5.10423E-06 5.04571E-01 
7.79998E+01 4.99997E-01  -5.39839E-06 4.99569E-01 
7.80998E+01 4.94997E-01  -5.70269E-06 4.94570E-01 
7.81998E+01 4.89997E-01  -6.00441E-06 4.89569E-01 
7.82998E+01 4.84997E-01  -6.29705E-06 4.84575E-01 
7.83998E+01 4.79997E-01  -6.60821E-06 4.79574E-01 
7.84998E+01 4.74997E-01  -6.92517E-06 4.74571E-01 
7.85998E+01 4.69997E-01  -7.23571E-06 4.69568E-01 
7.86998E+01 4.64997E-01  -7.53016E-06 4.64558E-01 
7.87998E+01 4.59997E-01  -7.84845E-06 4.59548E-01 
7.88998E+01 4.54997E-01  -8.20034E-06 4.54547E-01 
7.89998E+01 4.49997E-01  -8.56233E-06 4.49538E-01 
7.90998E+01 4.44997E-01  -8.92050E-06 4.44530E-01 
7.91998E+01 4.39997E-01  -9.24213E-06 4.39524E-01 
7.92998E+01 4.34997E-01  -9.59074E-06 4.34535E-01 
7.93998E+01 4.29997E-01  -9.95464E-06 4.29528E-01 
7.94998E+01 4.24997E-01  -1.03378E-05 4.24526E-01 
7.95998E+01 4.19997E-01  -1.07044E-05 4.19526E-01 
7.96998E+01 4.14997E-01  -1.10625E-05 4.14525E-01 
7.97998E+01 4.09997E-01  -1.14059E-05 4.09511E-01 
7.98998E+01 4.04997E-01  -1.17801E-05 4.04531E-01 
7.99998E+01 3.99997E-01  -1.21818E-05 3.99525E-01 
8.00998E+01 3.94997E-01  -1.25901E-05 3.94510E-01 
8.01998E+01 3.89997E-01  -1.29876E-05 3.89495E-01 
8.02998E+01 3.84997E-01  -1.33831E-05 3.84498E-01 
8.03998E+01 3.79997E-01  -1.37895E-05 3.79504E-01 
8.04998E+01 3.74997E-01  -1.42075E-05 3.74499E-01 
8.05998E+01 3.69997E-01  -1.46370E-05 3.69486E-01 
8.06998E+01 3.64997E-01  -1.50584E-05 3.64458E-01 
8.07998E+01 3.59997E-01  -1.54683E-05 3.59460E-01 
8.08998E+01 3.54997E-01  -1.58892E-05 3.54490E-01 
8.09998E+01 3.49997E-01  -1.63415E-05 3.49480E-01 
8.10998E+01 3.44997E-01  -1.68150E-05 3.44479E-01 
8.11998E+01 3.39997E-01  -1.72817E-05 3.39486E-01 
8.12998E+01 3.34997E-01  -1.77439E-05 3.34484E-01 
8.13998E+01 3.29997E-01  -1.82091E-05 3.29487E-01 
8.14998E+01 3.24997E-01  -1.87002E-05 3.24459E-01 
8.15998E+01 3.19997E-01  -1.91945E-05 3.19485E-01 
8.16998E+01 3.14997E-01  -1.96816E-05 3.14455E-01 
8.17998E+01 3.09997E-01  -2.01708E-05 3.09487E-01 
8.18998E+01 3.04997E-01  -2.06483E-05 3.04437E-01 
8.19998E+01 2.99997E-01  -2.11510E-05 2.99438E-01 
8.20998E+01 2.94997E-01  -2.16410E-05 2.94430E-01 
8.21998E+01 2.89997E-01  -2.21636E-05 2.89445E-01 
8.22998E+01 2.84997E-01  -2.26913E-05 2.84454E-01 
8.23998E+01 2.79997E-01  -2.32165E-05 2.79427E-01 
8.24998E+01 2.74997E-01  -2.37533E-05 2.74429E-01 
8.25998E+01 2.69997E-01  -2.42960E-05 2.69428E-01 
8.26998E+01 2.64997E-01  -2.48357E-05 2.64451E-01 
8.27998E+01 2.59997E-01  -2.53690E-05 2.59422E-01 
8.28998E+01 2.54997E-01  -2.59128E-05 2.54422E-01 
8.29998E+01 2.49997E-01  -2.64752E-05 2.49414E-01 
8.30998E+01 2.44997E-01  -2.70368E-05 2.44439E-01 
8.31998E+01 2.39997E-01  -2.75988E-05 2.39438E-01 
8.32998E+01 2.34997E-01  -2.81635E-05 2.34429E-01 
8.33998E+01 2.29997E-01  -2.87315E-05 2.29435E-01 
8.34998E+01 2.24997E-01  -2.93024E-05 2.24429E-01 
8.35998E+01 2.19997E-01  -2.98777E-05 2.19447E-01 
8.36998E+01 2.14997E-01  -3.04436E-05 2.14418E-01 
8.37998E+01 2.09997E-01  -3.10198E-05 2.09398E-01 
8.38998E+01 2.04997E-01  -3.15985E-05 2.04423E-01 
8.39998E+01 1.99997E-01  -3.21836E-05 1.99430E-01 
8.40998E+01 1.94998E-01  -3.27692E-05 1.94418E-01 
8.41998E+01 1.89998E-01  -3.33507E-05 1.89382E-01 
8.42998E+01 1.84998E-01  -3.39359E-05 1.84390E-01 
8.43998E+01 1.79998E-01  -3.45287E-05 1.79402E-01 
8.44998E+01 1.74998E-01  -3.51175E-05 1.74406E-01 
8.45998E+01 1.69998E-01  -3.57078E-05 1.69374E-01 
8.46998E+01 1.64998E-01  -3.63015E-05 1.64396E-01 
8.47998E+01 1.59998E-01  -3.68930E-05 1.59387E-01 
8.48998E+01 1.54998E-01  -3.74857E-05 1.54388E-01 
8.49998E+01 1.49998E-01  -3.80773E-05 1.49371E-01 
8.50998E+01 1.44998E-01  -3.86791E-05 1.44352E-01 
8.51998E+01 1.39998E-01  -3.92712E-05 1.39363E-01 
8.52998E+01 1.34998E-01  -3.98732E-05 1.34346E-01 
8.53998E+01 1.29998E-01  -4.04751E-05 1.29334E-01 
8.54998E+01 1.24998E-01  -4.10820E-05 1.24349E-01 
8.55998E+01 1.19998E-01  -4.16898E-05 1.19338E-01 
8.56998E+01 1.14998E-01  -4.22957E-05 1.14334E-01 
8.57998E+01 1.09998E-01  -4.29081E-05 1.09338E-01 
8.58998E+01 1.04998E-01  -4.35214E-05 1.04325E-01 
8.59998E+01 9.99977E-02  -4.41359E-05 9.93209E-02 
8.60998E+01 9.49978E-02  -4.47624E-05 9.43155E-02 
8.61998E+01 8.99978E-02  -4.53927E-05 8.92796E-02 
8.62998E+01 8.49978E-02  -4.60357E-05 8.43187E-02 
8.63998E+01 7.99978E-02  -4.66819E-05 7.92966E-02 
8.64998E+01 7.49978E-02  -4.73340E-05 7.43162E-02 
8.65998E+01 6.99978E-02  -4.79968E-05 6.92972E-02 
8.66998E+01 6.49978E-02  -4.86655E-05 6.43107E-02 
8.67998E+01 5.99978E-02  -4.93537E-05 5.93291E-02 
8.68998E+01 5.49979E-02  -5.00405E-05 5.43088E-02 
8.69998E+01 4.99979E-02  -5.07307E-05 4.93042E-02 
8.70998E+01 4.49979E-02  -5.14429E-05 4.42901E-02 
8.71998E+01 3.99979E-02  -5.21828E-05 3.93011E-02 
8.72998E+01 3.49979E-02  -5.29471E-05 3.42783E-02 
8.73998E+01 2.99979E-02  -5.37337E-05 2.92849E-02 
8.74998E+01 2.49979E-02  -5.45261E-05 2.42821E-02 
8.75998E+01 1.99979E-02  -5.53539E-05 1.93055E-02 
8.76998E+01 1.49980E-02  -5.62058E-05 1.42996E-02 
8.77998E+01 9.99797E-03  -5.70592E-05 9.29678E-03 
8.78998E+01 4.99799E-03  -5.79201E-05 4.27592E-03 
8.79998E+01 -2.00000E-06 -5.88331E-05 -6.85676E-04
8.80998E+01 -5.00199E-03 -5.97903E-05 -5.72096E-03
8.81998E+01 -1.00020E-02 -6.07916E-05 -1.07206E-02
8.82998E+01 -1.50020E-02 -6.17964E-05 -1.57259E-02
8.83998E+01 -2.00020E-02 -6.28306E-05 -2.07568E-02
8.84998E+01 -2.50019E-02 -6.39261E-05 -2.57146E-02
8.85998E+01 -3.00019E-02 -6.50480E-05 -3.07399E-02
8.86998E+01 -3.50019E-02 -6.61414E-05 -3.57296E-02
8.87998E+01 -4.00019E-02 -6.72586E-05 -4.07405E-02
8.88998E+01 -4.50019E-02 -6.84689E-05 -4.57083E-02
8.89998E+01 -5.00019E-02 -6.97688E-05 -5.07217E-02
8.90998E+01 -5.50019E-02 -7.11145E-05 -5.57389E-02
8.91998E+01 -6.00019E-02 -7.25012E-05 -6.07348E-02
8.92998E+01 -6.50018E-02 -7.38573E-05 -6.57401E-02
8.93998E+01 -7.00018E-02 -7.53107E-05 -7.07347E-02
8.94998E+01 -7.50018E-02 -7.68226E-05 -7.57513E-02
8.95998E+01 -8.00018E-02 -7.83593E-05 -8.07697E-02
8.96998E+01 -8.50018E-02 -7.98197E-05 -8.57450E-02
8.97998E+01 -9.00018E-02 -8.13341E-05 -9.07553E-02
8.98998E+01 -9.50018E-02 -8.29282E-05 -9.57825E-02
8.99998E+01 -1.00002E-01 -8.45869E-05 -1.00776E-01
9.00998E+01 -1.05002E-01 -8.62496E-05 -1.05752E-01
9.01998E+01 -1.10002E-01 -8.78879E-05 -1.10748E-01
9.02998E+01 -1.15002E-01 -8.95224E-05 -1.15764E-01
9.03998E+01 -1.20002E-01 -9.12000E-05 -1.20766E-01
9.04998E+01 -1.25002E-01 -9.28856E-05 -1.25780E-01
9.05998E+01 -1.30002E-01 -9.44854E-05 -1.30762E-01
9.06998E+01 -1.35002E-01 -9.61115E-05 -1.35774E-01
9.07998E+01 -1.40002E-01 -9.77753E-05 -1.40791E-01
9.08998E+01 -1.45002E-01 -9.94715E-05 -1.45778E-01
9.09998E+01 -1.50002E-01 -1.01165E-04 -1.50769E-01
9.10998E+01 -1.55002E-01 -1.02802E-04 -1.55798E-01
9.11998E+01 -1.60002E-01 -1.04448E-04 -1.60798E-01
9.12998E+01 -1.65002E-01 -1.06139E-04 -1.65813E-01
9.13998E+01 -1.70002E-01 -1.07845E-04 -1.70789E-01
9.14998E+01 -1.75002E-01 -1.09440E-04 -1.75820E-01
9.15998E+01 -1.80002E-01 -1.11073E-04 -1.80821E-01
9.16998E+01 -1.85002E-01 -1.12712E-04 -1.85828E-01
9.17998E+01 -1.90002E-01 -1.14408E-04 -1.90824E-01
9.18998E+01 -1.95002E-01 -1.16106E-04 -1.95836E-01
9.19998E+01 -2.00002E-01 -1.17816E-04 -2.00839E-01
9.20998E+01 -2.05001E-01 -1.19561E-04 -2.05835E-01
9.21998E+01 -2.10001E-01 -1.21379E-04 -2.10836E-01
9.22998E+01 -2.15001E-01 -1.23227E-04 -2.15835E-01
9.23998E+01 -2.20001E-01 -1.25106E-04 -2.20849E-01
9.24998E+01 -2.25001E-01 -1.27048E-04 -2.25829E-01
9.25998E+01 -2.30001E-01 -1.29075E-04 -2.30810E-01
9.26998E+01 -2.35001E-01 -1.31230E-04 -2.35839E-01
9.27998E+01 -2.40001E-01 -1.33434E-04 -2.40833E-01
9.28998E+01 -2.45001E-01 -1.35753E-04 -2.45862E-01
9.29998E+01 -2.50001E-01 -1.38091E-04 -2.50848E-01
9.30998E+01 -2.55001E-01 -1.40557E-04 -2.55846E-01
9.31998E+01 -2.60001E-01 -1.43070E-04 -2.60857E-01
9.32998E+01 -2.65001E-01 -1.45628E-04 -2.65847E-01
9.33998E+01 -2.70001E-01 -1.48240E-04 -2.70826E-01
9.34998E+01 -2.75001E-01 -1.50898E-04 -2.75843E-01
9.35998E+01 -2.80001E-01 -1.53619E-04 -2.80840E-01
9.36998E+01 -2.85001E-01 -1.56396E-04 -2.85875E-01
9.37998E+01 -2.90001E-01 -1.59210E-04 -2.90845E-01
9.38998E+01 -2.95001E-01 -1.62020E-04 -2.95852E-01
9.39998E+01 -3.00001E-01 -1.64851E-04 -3.00865E-01
9.40998E+01 -3.05001E-01 -1.67707E-04 -3.05872E-01
9.41998E+01 -3.10001E-01 -1.70566E-04 -3.10840E-01
9.42998E+01 -3.15001E-01 -1.73408E-04 -3.15860E-01
9.43998E+01 -3.20001E-01 -1.76253E-04 -3.20867E-01
9.44998E+01 -3.25001E-01 -1.79046E-04 -3.25879E-01
9.45998E+01 -3.30001E-01 -1.81747E-04 -3.30876E-01
9.46998E+01 -3.35001E-01 -1.84483E-04 -3.35880E-01
9.47998E+01 -3.40001E-01 -1.87171E-04 -3.40886E-01
9.48998E+01 -3.45001E-01 -1.89770E-04 -3.45888E-01
9.49998E+01 -3.50001E-01 -1.92300E-04 -3.50899E-01
9.50998E+01 -3.55001E-01 -1.94709E-04 -3.55915E-01
9.51998E+01 -3.60001E-01 -1.97080E-04 -3.60904E-01
9.52998E+01 -3.65001E-01 -1.99325E-04 -3.65887E-01
9.53998E+01 -3.70001E-01 -2.01542E-04 -3.70894E-01
9.54998E+01 -3.75001E-01 -2.03498E-04 -3.75908E-01
9.55998E+01 -3.80001E-01 -2.05384E-04 -3.80906E-01
9.56998E+01 -3.85001E-01 -2.07023E-04 -3.85897E-01
9.57998E+01 -3.90001E-01 -2.08452E-04 -3.90916E-01
9.58998E+01 -3.95001E-01 -2.09527E-04 -3.95925E-01
9.59998E+01 -4.00001E-01 -2.10198E-04 -4.00915E-01
9.60998E+01 -4.05001E-01 -2.09728E-04 -4.05908E-01
9.61998E+01 -4.10001E-01 -2.08572E-04 -4.10915E-01
9.62998E+01 -4.15001E-01 -2.05854E-04 -4.15939E-01
9.63998E+01 -4.20001E-01 -2.01128E-04 -4.20906E-01
9.64998E+01 -4.25001E-01 -1.93917E-04 -4.25911E-01
9.65998E+01 -4.30001E-01 -1.83053E-04 -4.30927E-01
9.66998E+01 -4.35001E-01 -1.66034E-04 -4.35950E-01
9.67998E+01 -4.40001E-01 -1.41905E-04 -4.40922E-01
9.68998E+01 -4.45001E-01 -1.21077E-04 -4.45937E-01
9.69998E+01 -4.50001E-01 -1.07787E-04 -4.50938E-01
9.70998E+01 -4.55001E-01 -9.82646E-05 -4.55942E-01
9.71998E+01 -4.60001E-01 -9.11398E-05 -4.60941E-01
9.72998E+01 -4.65001E-01 -8.55092E-05 -4.65950E-01
9.73998E+01 -4.70001E-01 -8.11276E-05 -4.70980E-01
9.74998E+01 -4.75001E-01 -7.75216E-05 -4.75982E-01
9.75998E+01 -4.80001E-01 -7.43968E-05 -4.80973E-01
9.76998E+01 -4.85001E-01 -7.17231E-05 -4.86001E-01
9.77998E+01 -4.90001E-01 -6.93082E-05 -4.90990E-01
9.78998E+01 -4.95001E-01 -6.71614E-05 -4.95995E-01
9.79998E+01 -5.00001E-01 -6.52379E-05 -5.00970E-01
9.80998E+01 -5.05001E-01 -6.34897E-05 -5.06001E-01
9.81998E+01 -5.10001E-01 -6.18915E-05 -5.11011E-01
9.82998E+01 -5.15001E-01 -6.04166E-05 -5.16012E-01
9.83998E+01 -5.20001E-01 -5.90514E-05 -5.20983E-01
9.84998E+01 -5.25001E-01 -5.78273E-05 -5.26000E-01
9.85998E+01 -5.30001E-01 -5.66667E-05 -5.31014E-01
9.86998E+01 -5.35001E-01 -5.55848E-05 -5.36000E-01
9.87998E+01 -5.40001E-01 -5.45683E-05 -5.41025E-01
9.88998E+01 -5.45001E-01 -5.36224E-05 -5.46025E-01
9.89998E+01 -5.50001E-01 -5.27648E-05 -5.51027E-01
9.90998E+01 -5.55001E-01 -5.19705E-05 -5.56016E-01
9.91998E+01 -5.60001E-01 -5.12010E-05 -5.61013E-01
9.92998E+01 -5.65001E-01 -5.04868E-05 -5.66006E-01
9.93998E+01 -5.70001E-01 -4.98325E-05 -5.71028E-01
9.94998E+01 -5.75001E-01 -4.92405E-05 -5.76042E-01
9.95998E+01 -5.80001E-01 -4.87578E-05 -5.81038E-01
9.96998E+01 -5.85001E-01 -4.82773E-05 -5.86028E-01
9.97998E+01 -5.90001E-01 -4.78481E-05 -5.91060E-01
9.98998E+01 -5.95001E-01 -4.74213E-05 -5.96055E-01
9.99997E+01 -6.00001E-01 -4.70235E-05 -6.01056E-01
1.00100E+02 -6.05000E-01 -4.66437E-05 -6.06038E-01
1.00200E+02 -6.10000E-01 -4.63234E-05 -6.11041E-01
1.00300E+02 -6.15000E-01 -4.60596E-05 -6.16045E-01
1.00400E+02 -6.20000E-01 -4.57940E-05 -6.21039E-01
1.00500E+02 -6.25000E-01 -4.55591E-05 -6.26037E-01
1.00600E+02 -6.30000E-01 -4.53237E-05 -6.31026E-01
1.00700E+02 -6.35000E-01 -4.51003E-05 -6.36030E-01
1.00800E+02 -6.40000E-01 -4.49062E-05 -6.41029E-01
1.00900E+02 -6.45000E-01 -4.47440E-05 -6.46022E-01
1.01000E+02 -6.50000E-01 -4.45766E-05 -6.51041E-01
1.01100E+02 -6.55000E-01 -4.44404E-05 -6.56069E-01
1.01200E+02 -6.60000E-01 -4.42918E-05 -6.61061E-01
1.01300E+02 -6.65000E-01 -4.41636E-05 -6.66068E-01
1.01400E+02 -6.70000E-01 -4.40487E-05 -6.71054E-01
1.01500E+02 -6.75000E-01 -4.39270E-05 -6.76067E-01
1.01600E+02 -6.80000E-01 -4.37868E-05 -6.81095E-01
1.01700E+02 -6.85000E-01 -4.36859E-05 -6.86069E-01
1.01800E+02 -6.90000E-01 -4.35902E-05 -6.91053E-01
1.01900E+02 -6.95000E-01 -4.35182E-05 -6.96079E-01
1.02000E+02 -7.00000E-01 -4.34135E-05 -7.01068E-01
1.02100E+02 -7.05000E-01 -4.33121E-05 -7.06071E-01
1.02200E+02 -7.10000E-01 -4.32271E-05 -7.11062E-01
1.02300E+02 -7.15000E-01 -4.31574E-05 -7.16089E-01
1.02400E+02 -7.20000E-01 -4.30767E-05 -7.21092E-01
1.02500E+02 -7.25000E-01 -4.30013E-05 -7.26091E-01
1.02600E+02 -7.30000E-01 -4.29390E-05 -7.31102E-01
1.02700E+02 -7.35000E-01 -4.28793E-05 -7.36131E-01
1.02800E+02 -7.40000E-01 -4.27506E-05 -7.41130E-01
1.02900E+02 -7.45000E-01 -4.26727E-05 -7.46126E-01
1.03000E+02 -7.50000E-01 -4.26125E-05 -7.51121E-01
1.03100E+02 -7.55000E-01 -4.25765E-05 -7.56126E-01
1.03200E+02 -7.60000E-01 -4.25120E-05 -7.61144E-01
1.03300E+02 -7.65000E-01 -4.24193E-05 -7.66128E-01
1.03400E+02 -7.70000E-01 -4.23603E-05 -7.71123E-01
1.03500E+02 -7.75000E-01 -4.23041E-05 -7.76140E-01
1.03600E+02 -7.80000E-01 -4.22776E-05 -7.81150E-01
1.03700E+02 -7.85000E-01 -4.22659E-05 -7.86159E-01
1.03800E+02 -7.90000E-01 -4.22427E-05 -7.91129E-01
1.03900E+02 -7.95000E-01 -4.22067E-05 -7.96142E-01
