time/s      E/V        I/A
0.00000E+00 -8.00000E-01 -3.61304E-05 -8.01187E-01
9.99997E-02 -7.95000E-01 -3.52481E-05 -7.96174E-01
1.99999E-01 -7.90000E-01 -3.45083E-05 -7.91173E-01
2.99999E-01 -7.85000E-01 -3.38501E-05 -7.86178E-01
3.99999E-01 -7.80000E-01 -3.32401E-05 -7.81198E-01
4.99999E-01 -7.75000E-01 -3.26670E-05 -7.76210E-01
5.99998E-01 -7.70000E-01 -3.21294E-05 -7.71185E-01
6.99998E-01 -7.65000E-01 -3.15969E-05 -7.66198E-01
7.99998E-01 -7.60000E-01 -3.10949E-05 -7.61194E-01
8.99998E-01 -7.55000E-01 -3.06138E-05 -7.56197E-01
9.99997E-01 -7.50000E-01 -3.01489E-05 -7.51188E-01
1.10000E+00 -7.45000E-01 -2.97044E-05 -7.46177E-01
1.20000E+00 -7.40000E-01 -2.92691E-05 -7.41191E-01
1.30000E+00 -7.35000E-01 -2.88538E-05 -7.36191E-01
1.40000E+00 -7.30000E-01 -2.84451E-05 -7.31189E-01
1.50000E+00 -7.25000E-01 -2.80492E-05 -7.26181E-01
1.60000E+00 -7.20000E-01 -2.76630E-05 -7.21194E-01
1.70000E+00 -7.15000E-01 -2.72904E-05 -7.16190E-01
1.80000E+00 -7.10000E-01 -2.69277E-05 -7.11165E-01
1.90000E+00 -7.05000E-01 -2.65723E-05 -7.06173E-01
1.99999E+00 -7.00000E-01 -2.62265E-05 -7.01160E-01
2.09999E+00 -6.95000E-01 -2.58865E-05 -6.96154E-01
2.19999E+00 -6.90000E-01 -2.55524E-05 -6.91154E-01
2.29999E+00 -6.85000E-01 -2.52276E-05 -6.86181E-01
2.39999E+00 -6.80000E-01 -2.49099E-05 -6.81172E-01
2.49999E+00 -6.75000E-01 -2.45975E-05 -6.76170E-01
2.59999E+00 -6.70000E-01 -2.42912E-05 -6.71159E-01
2.69999E+00 -6.65000E-01 -2.39925E-05 -6.66180E-01
2.79999E+00 -6.60000E-01 -2.36942E-05 -6.61142E-01
2.89999E+00 -6.55000E-01 -2.34049E-05 -6.56173E-01
2.99999E+00 -6.50000E-01 -2.31207E-05 -6.51149E-01
3.09999E+00 -6.45000E-01 -2.28387E-05 -6.46127E-01
3.19999E+00 -6.40000E-01 -2.25650E-05 -6.41089E-01
3.29999E+00 -6.35000E-01 -2.22976E-05 -6.36118E-01
3.39999E+00 -6.30000E-01 -2.20298E-05 -6.31095E-01
3.49999E+00 -6.25000E-01 -2.17716E-05 -6.26100E-01
3.59999E+00 -6.20000E-01 -2.15133E-05 -6.21094E-01
3.69999E+00 -6.15000E-01 -2.12620E-05 -6.16099E-01
3.79999E+00 -6.10000E-01 -2.10142E-05 -6.11090E-01
3.89999E+00 -6.05000E-01 -2.07694E-05 -6.06101E-01
3.99999E+00 -6.00001E-01 -2.05269E-05 -6.01063E-01
4.09999E+00 -5.95001E-01 -2.02870E-05 -5.96096E-01
4.19999E+00 -5.90001E-01 -2.00488E-05 -5.91076E-01
4.29999E+00 -5.85001E-01 -1.98150E-05 -5.86076E-01
4.39999E+00 -5.80001E-01 -1.95878E-05 -5.81075E-01
4.49999E+00 -5.75001E-01 -1.93615E-05 -5.76070E-01
4.59999E+00 -5.70001E-01 -1.91339E-05 -5.71067E-01
4.69999E+00 -5.65001E-01 -1.89147E-05 -5.66049E-01
4.79999E+00 -5.60001E-01 -1.86943E-05 -5.61090E-01
4.89999E+00 -5.55001E-01 -1.84759E-05 -5.56058E-01
4.99999E+00 -5.50001E-01 -1.82611E-05 -5.51061E-01
5.09999E+00 -5.45001E-01 -1.80493E-05 -5.46042E-01
5.19999E+00 -5.40001E-01 -1.78383E-05 -5.41042E-01
5.29999E+00 -5.35001E-01 -1.76307E-05 -5.36056E-01
5.39999E+00 -5.30001E-01 -1.74227E-05 -5.31080E-01
5.49999E+00 -5.25001E-01 -1.72191E-05 -5.26041E-01
5.59999E+00 -5.20001E-01 -1.70169E-05 -5.21043E-01
5.69999E+00 -5.15001E-01 -1.68152E-05 -5.16042E-01
5.79999E+00 -5.10001E-01 -1.66132E-05 -5.11076E-01
5.89999E+00 -5.05001E-01 -1.64143E-05 -5.06061E-01
5.99998E+00 -5.00001E-01 -1.62187E-05 -5.01031E-01
6.09998E+00 -4.95001E-01 -1.60239E-05 -4.96086E-01
6.19998E+00 -4.90001E-01 -1.58317E-05 -4.91048E-01
6.29998E+00 -4.85001E-01 -1.56398E-05 -4.86044E-01
6.39998E+00 -4.80001E-01 -1.54491E-05 -4.81028E-01
6.49998E+00 -4.75001E-01 -1.52593E-05 -4.76015E-01
6.59998E+00 -4.70001E-01 -1.50713E-05 -4.70996E-01
6.69998E+00 -4.65001E-01 -1.48848E-05 -4.65990E-01
6.79998E+00 -4.60001E-01 -1.46980E-05 -4.61009E-01
6.89998E+00 -4.55001E-01 -1.45143E-05 -4.56016E-01
6.99998E+00 -4.50001E-01 -1.43327E-05 -4.51005E-01
7.09998E+00 -4.45001E-01 -1.41495E-05 -4.46001E-01
7.19998E+00 -4.40001E-01 -1.39660E-05 -4.40996E-01
7.29998E+00 -4.35001E-01 -1.37871E-05 -4.35996E-01
7.39998E+00 -4.30001E-01 -1.36076E-05 -4.31003E-01
7.49998E+00 -4.25001E-01 -1.34301E-05 -4.25979E-01
7.59998E+00 -4.20001E-01 -1.32526E-05 -4.20985E-01
7.69998E+00 -4.15001E-01 -1.30789E-05 -4.16018E-01
7.79998E+00 -4.10001E-01 -1.29033E-05 -4.10992E-01
7.89998E+00 -4.05001E-01 -1.27282E-05 -4.05964E-01
7.99998E+00 -4.00001E-01 -1.25579E-05 -4.00989E-01
8.09998E+00 -3.95001E-01 -1.23864E-05 -3.95978E-01
8.19998E+00 -3.90001E-01 -1.22151E-05 -3.90972E-01
8.29998E+00 -3.85001E-01 -1.20470E-05 -3.85958E-01
8.39998E+00 -3.80001E-01 -1.18807E-05 -3.80959E-01
8.49998E+00 -3.75001E-01 -1.17153E-05 -3.75976E-01
8.59998E+00 -3.70001E-01 -1.15514E-05 -3.70973E-01
8.69998E+00 -3.65001E-01 -1.13869E-05 -3.65971E-01
8.79998E+00 -3.60001E-01 -1.12260E-05 -3.60959E-01
8.89998E+00 -3.55001E-01 -1.10635E-05 -3.55946E-01
8.99998E+00 -3.50001E-01 -1.09044E-05 -3.50928E-01
9.09998E+00 -3.45001E-01 -1.07465E-05 -3.45933E-01
9.19998E+00 -3.40001E-01 -1.05894E-05 -3.40939E-01
9.29998E+00 -3.35001E-01 -1.04332E-05 -3.35928E-01
9.39998E+00 -3.30001E-01 -1.02785E-05 -3.30950E-01
9.49998E+00 -3.25001E-01 -1.01245E-05 -3.25943E-01
9.59998E+00 -3.20001E-01 -9.97311E-06 -3.20934E-01
9.69998E+00 -3.15001E-01 -9.82255E-06 -3.15907E-01
9.79998E+00 -3.10001E-01 -9.67406E-06 -3.10891E-01
9.89998E+00 -3.05001E-01 -9.52577E-06 -3.05924E-01
9.99997E+00 -3.00001E-01 -9.37856E-06 -3.00931E-01
1.01000E+01 -2.95001E-01 -9.23252E-06 -2.95917E-01
1.02000E+01 -2.90001E-01 -9.08560E-06 -2.90901E-01
1.03000E+01 -2.85001E-01 -8.94299E-06 -2.85912E-01
1.04000E+01 -2.80001E-01 -8.80180E-06 -2.80924E-01
1.05000E+01 -2.75001E-01 -8.66018E-06 -2.75920E-01
1.06000E+01 -2.70001E-01 -8.52317E-06 -2.70880E-01
1.07000E+01 -2.65001E-01 -8.38315E-06 -2.65917E-01
1.08000E+01 -2.60001E-01 -8.24561E-06 -2.60922E-01
1.09000E+01 -2.55001E-01 -8.10669E-06 -2.55912E-01
1.10000E+01 -2.50001E-01 -7.97008E-06 -2.50878E-01
1.11000E+01 -2.45001E-01 -7.83308E-06 -2.45871E-01
1.12000E+01 -2.40001E-01 -7.69382E-06 -2.40880E-01
1.13000E+01 -2.35001E-01 -7.55600E-06 -2.35879E-01
1.14000E+01 -2.30001E-01 -7.42008E-06 -2.30869E-01
1.15000E+01 -2.25001E-01 -7.28402E-06 -2.25889E-01
1.16000E+01 -2.20001E-01 -7.14810E-06 -2.20907E-01
1.17000E+01 -2.15001E-01 -7.01171E-06 -2.15898E-01
1.18000E+01 -2.10001E-01 -6.87777E-06 -2.10885E-01
1.19000E+01 -2.05001E-01 -6.74385E-06 -2.05880E-01
1.20000E+01 -2.00002E-01 -6.61108E-06 -2.00895E-01
1.21000E+01 -1.95002E-01 -6.47776E-06 -1.95875E-01
1.22000E+01 -1.90002E-01 -6.34402E-06 -1.90840E-01
1.23000E+01 -1.85002E-01 -6.21303E-06 -1.85866E-01
1.24000E+01 -1.80002E-01 -6.08396E-06 -1.80847E-01
1.25000E+01 -1.75002E-01 -5.95224E-06 -1.75868E-01
1.26000E+01 -1.70002E-01 -5.82160E-06 -1.70869E-01
1.27000E+01 -1.65002E-01 -5.69125E-06 -1.65859E-01
1.28000E+01 -1.60002E-01 -5.56293E-06 -1.60841E-01
1.29000E+01 -1.55002E-01 -5.43262E-06 -1.55848E-01
1.30000E+01 -1.50002E-01 -5.30450E-06 -1.50824E-01
1.31000E+01 -1.45002E-01 -5.17613E-06 -1.45825E-01
1.32000E+01 -1.40002E-01 -5.04776E-06 -1.40833E-01
1.33000E+01 -1.35002E-01 -4.91999E-06 -1.35837E-01
1.34000E+01 -1.30002E-01 -4.79385E-06 -1.30798E-01
1.35000E+01 -1.25002E-01 -4.66548E-06 -1.25815E-01
1.36000E+01 -1.20002E-01 -4.53993E-06 -1.20820E-01
1.37000E+01 -1.15002E-01 -4.41249E-06 -1.15802E-01
1.38000E+01 -1.10002E-01 -4.28732E-06 -1.10803E-01
1.39000E+01 -1.05002E-01 -4.16125E-06 -1.05802E-01
1.40000E+01 -1.00002E-01 -4.03680E-06 -1.00813E-01
1.41000E+01 -9.50018E-02 -3.91046E-06 -9.57756E-02
1.42000E+01 -9.00018E-02 -3.78646E-06 -9.07941E-02
1.43000E+01 -8.50018E-02 -3.69905E-06 -8.57894E-02
1.44000E+01 -8.00018E-02 -3.57373E-06 -8.08128E-02
1.45000E+01 -7.50018E-02 -3.44826E-06 -7.57850E-02
1.46000E+01 -7.00018E-02 -3.32398E-06 -7.07741E-02
1.47000E+01 -6.50018E-02 -3.19820E-06 -6.57613E-02
1.48000E+01 -6.00019E-02 -3.07423E-06 -6.07917E-02
1.49000E+01 -5.50019E-02 -2.94762E-06 -5.57970E-02
1.50000E+01 -5.00019E-02 -2.82340E-06 -5.07792E-02
1.51000E+01 -4.50019E-02 -2.69592E-06 -4.57901E-02
1.52000E+01 -4.00019E-02 -2.57061E-06 -4.07980E-02
1.53000E+01 -3.50019E-02 -2.44340E-06 -3.57714E-02
1.54000E+01 -3.00019E-02 -2.31536E-06 -3.07643E-02
1.55000E+01 -2.50019E-02 -2.18788E-06 -2.57677E-02
1.56000E+01 -2.00020E-02 -2.05864E-06 -2.07781E-02
1.57000E+01 -1.50020E-02 -1.92885E-06 -1.57796E-02
1.58000E+01 -1.00020E-02 -1.79892E-06 -1.07756E-02
1.59000E+01 -5.00199E-03 -1.66638E-06 -5.74841E-03
1.60000E+01 -2.00000E-06 -1.53504E-06 -7.37510E-04
1.61000E+01 4.99799E-03  -1.40202E-06 4.23219E-03 
1.62000E+01 9.99797E-03  -1.26847E-06 9.24560E-03 
1.63000E+01 1.49980E-02  -1.13306E-06 1.42459E-02 
1.64000E+01 1.99979E-02  -9.98689E-07 1.92699E-02 
1.65000E+01 2.49979E-02  -8.60677E-07 2.42321E-02 
1.66000E+01 2.99979E-02  -7.22720E-07 2.92511E-02 
1.67000E+01 3.49979E-02  -5.81793E-07 3.42677E-02 
1.68000E+01 3.99979E-02  -4.43304E-07 3.92829E-02 
1.69000E+01 4.49979E-02  -3.01464E-07 4.42526E-02 
1.70000E+01 4.99979E-02  -1.58603E-07 4.92430E-02 
1.71000E+01 5.49979E-02  -1.36538E-08 5.42826E-02 
1.72000E+01 5.99978E-02  1.29917E-07  5.92879E-02 
1.73000E+01 6.49978E-02  2.77392E-07  6.42688E-02 
1.74000E+01 6.99978E-02  4.23411E-07  6.92616E-02 
1.75000E+01 7.49978E-02  5.72720E-07  7.42794E-02 
1.76000E+01 7.99978E-02  7.21362E-07  7.92847E-02 
1.77000E+01 8.49978E-02  8.72502E-07  8.42837E-02 
1.78000E+01 8.99978E-02  1.02419E-06  8.92878E-02 
1.79000E+01 9.49978E-02  1.17734E-06  9.43030E-02 
1.80000E+01 9.99977E-02  1.33157E-06  9.92977E-02 
1.81000E+01 1.04998E-01  1.48747E-06  1.04296E-01 
1.82000E+01 1.09998E-01  1.64403E-06  1.09292E-01 
1.83000E+01 1.14998E-01  1.80136E-06  1.14282E-01 
1.84000E+01 1.19998E-01  1.96073E-06  1.19308E-01 
1.85000E+01 1.24998E-01  2.12035E-06  1.24314E-01 
1.86000E+01 1.29998E-01  2.28298E-06  1.29305E-01 
1.87000E+01 1.34998E-01  2.44533E-06  1.34302E-01 
1.88000E+01 1.39998E-01  2.61018E-06  1.39325E-01 
1.89000E+01 1.44998E-01  2.77624E-06  1.44308E-01 
1.90000E+01 1.49998E-01  2.94542E-06  1.49317E-01 
1.91000E+01 1.54998E-01  3.11420E-06  1.54324E-01 
1.92000E+01 1.59998E-01  3.28595E-06  1.59359E-01 
1.93000E+01 1.64998E-01  3.45949E-06  1.64340E-01 
1.94000E+01 1.69998E-01  3.63484E-06  1.69318E-01 
1.95000E+01 1.74998E-01  3.81270E-06  1.74320E-01 
1.96000E+01 1.79998E-01  3.99318E-06  1.79373E-01 
1.97000E+01 1.84998E-01  4.17424E-06  1.84339E-01 
1.98000E+01 1.89998E-01  4.35927E-06  1.89342E-01 
1.99000E+01 1.94998E-01  4.54517E-06  1.94343E-01 
1.99999E+01 1.99997E-01  4.73511E-06  1.99353E-01 
2.00999E+01 2.04997E-01  4.92756E-06  2.04351E-01 
2.01999E+01 2.09997E-01  5.12262E-06  2.09364E-01 
2.02999E+01 2.14997E-01  5.31971E-06  2.14370E-01 
2.03999E+01 2.19997E-01  5.51888E-06  2.19388E-01 
2.04999E+01 2.24997E-01  5.72343E-06  2.24368E-01 
2.05999E+01 2.29997E-01  5.92937E-06  2.29366E-01 
2.06999E+01 2.34997E-01  6.14004E-06  2.34375E-01 
2.07999E+01 2.39997E-01  6.35108E-06  2.39398E-01 
2.08999E+01 2.44997E-01  6.56690E-06  2.44389E-01 
2.09999E+01 2.49997E-01  6.78498E-06  2.49383E-01 
2.10999E+01 2.54997E-01  7.00668E-06  2.54377E-01 
2.11999E+01 2.59997E-01  7.23140E-06  2.59398E-01 
2.12999E+01 2.64997E-01  7.45806E-06  2.64404E-01 
2.13999E+01 2.69997E-01  7.68687E-06  2.69400E-01 
2.14999E+01 2.74997E-01  7.92053E-06  2.74392E-01 
2.15999E+01 2.79997E-01  8.15442E-06  2.79406E-01 
2.16999E+01 2.84997E-01  8.39308E-06  2.84414E-01 
2.17999E+01 2.89997E-01  8.63360E-06  2.89406E-01 
2.18999E+01 2.94997E-01  8.87561E-06  2.94374E-01 
2.19999E+01 2.99997E-01  9.12089E-06  2.99401E-01 
2.20999E+01 3.04997E-01  9.36713E-06  3.04421E-01 
2.21999E+01 3.09997E-01  9.61823E-06  3.09440E-01 
2.22999E+01 3.14997E-01  9.86898E-06  3.14417E-01 
2.23999E+01 3.19997E-01  1.01233E-05  3.19453E-01 
2.24999E+01 3.24997E-01  1.03793E-05  3.24434E-01 
2.25999E+01 3.29997E-01  1.06391E-05  3.29431E-01 
2.26999E+01 3.34997E-01  1.09004E-05  3.34441E-01 
2.27999E+01 3.39997E-01  1.11638E-05  3.39449E-01 
2.28999E+01 3.44997E-01  1.14300E-05  3.44431E-01 
2.29999E+01 3.49997E-01  1.16999E-05  3.49445E-01 
2.30999E+01 3.54997E-01  1.19705E-05  3.54433E-01 
2.31999E+01 3.59997E-01  1.22461E-05  3.59433E-01 
2.32999E+01 3.64997E-01  1.25240E-05  3.64444E-01 
2.33999E+01 3.69997E-01  1.28047E-05  3.69441E-01 
2.34999E+01 3.74997E-01  1.30880E-05  3.74463E-01 
2.35999E+01 3.79997E-01  1.33747E-05  3.79454E-01 
2.36999E+01 3.84997E-01  1.36655E-05  3.84461E-01 
2.37999E+01 3.89997E-01  1.39591E-05  3.89442E-01 
2.38999E+01 3.94997E-01  1.42559E-05  3.94486E-01 
2.39999E+01 3.99997E-01  1.45555E-05  3.99469E-01 
2.40999E+01 4.04997E-01  1.48589E-05  4.04446E-01 
2.41999E+01 4.09997E-01  1.51647E-05  4.09450E-01 
2.42999E+01 4.14997E-01  1.54737E-05  4.14462E-01 
2.43999E+01 4.19997E-01  1.57877E-05  4.19467E-01 
2.44999E+01 4.24997E-01  1.61028E-05  4.24490E-01 
2.45999E+01 4.29997E-01  1.64209E-05  4.29471E-01 
2.46999E+01 4.34997E-01  1.67433E-05  4.34513E-01 
2.47999E+01 4.39997E-01  1.70667E-05  4.39485E-01 
2.48999E+01 4.44997E-01  1.73931E-05  4.44474E-01 
2.49999E+01 4.49997E-01  1.77220E-05  4.49488E-01 
2.50999E+01 4.54997E-01  1.80533E-05  4.54459E-01 
2.51999E+01 4.59997E-01  1.83869E-05  4.59504E-01 
2.52999E+01 4.64997E-01  1.87234E-05  4.64496E-01 
2.53999E+01 4.69997E-01  1.90629E-05  4.69525E-01 
2.54999E+01 4.74997E-01  1.94026E-05  4.74517E-01 
2.55999E+01 4.79997E-01  1.97442E-05  4.79525E-01 
2.56999E+01 4.84997E-01  2.00884E-05  4.84542E-01 
2.57999E+01 4.89997E-01  2.04343E-05  4.89549E-01 
2.58999E+01 4.94997E-01  2.07780E-05  4.94531E-01 
2.59999E+01 4.99997E-01  2.11248E-05  4.99512E-01 
2.60999E+01 5.04997E-01  2.15176E-05  5.04528E-01 
2.61999E+01 5.09997E-01  2.18646E-05  5.09544E-01 
2.62999E+01 5.14997E-01  2.22126E-05  5.14554E-01 
2.63999E+01 5.19997E-01  2.25596E-05  5.19549E-01 
2.64999E+01 5.24997E-01  2.29050E-05  5.24551E-01 
2.65999E+01 5.29997E-01  2.32498E-05  5.29574E-01 
2.66999E+01 5.34997E-01  2.35929E-05  5.34561E-01 
2.67999E+01 5.39997E-01  2.39338E-05  5.39550E-01 
2.68999E+01 5.44997E-01  2.42723E-05  5.44547E-01 
2.69999E+01 5.49997E-01  2.46081E-05  5.49585E-01 
2.70999E+01 5.54997E-01  2.49415E-05  5.54576E-01 
2.71999E+01 5.59997E-01  2.52707E-05  5.59569E-01 
2.72999E+01 5.64997E-01  2.55943E-05  5.64586E-01 
2.73999E+01 5.69997E-01  2.59143E-05  5.69582E-01 
2.74999E+01 5.74997E-01  2.62325E-05  5.74587E-01 
2.75999E+01 5.79997E-01  2.65422E-05  5.79594E-01 
2.76999E+01 5.84997E-01  2.68424E-05  5.84579E-01 
2.77999E+01 5.89997E-01  2.71424E-05  5.89587E-01 
2.78999E+01 5.94997E-01  2.74325E-05  5.94604E-01 
2.79999E+01 5.99996E-01  2.77167E-05  5.99588E-01 
2.80999E+01 6.04996E-01  2.79951E-05  6.04580E-01 
2.81999E+01 6.09996E-01  2.82673E-05  6.09590E-01 
2.82999E+01 6.14996E-01  2.85305E-05  6.14598E-01 
2.83999E+01 6.19996E-01  2.87890E-05  6.19570E-01 
2.84999E+01 6.24996E-01  2.90392E-05  6.24597E-01 
2.85999E+01 6.29996E-01  2.92845E-05  6.29588E-01 
2.86999E+01 6.34996E-01  2.95203E-05  6.34620E-01 
2.87999E+01 6.39996E-01  2.97492E-05  6.39627E-01 
2.88999E+01 6.44996E-01  2.99782E-05  6.44613E-01 
2.89999E+01 6.49996E-01  3.01967E-05  6.49616E-01 
2.90999E+01 6.54996E-01  3.04130E-05  6.54628E-01 
2.91999E+01 6.59996E-01  3.06250E-05  6.59646E-01 
2.92999E+01 6.64996E-01  3.08341E-05  6.64653E-01 
2.93999E+01 6.69996E-01  3.10437E-05  6.69635E-01 
2.94999E+01 6.74996E-01  3.12533E-05  6.74646E-01 
2.95999E+01 6.79996E-01  3.14659E-05  6.79650E-01 
2.96999E+01 6.84996E-01  3.16850E-05  6.84654E-01 
2.97999E+01 6.89996E-01  3.19102E-05  6.89654E-01 
2.98999E+01 6.94996E-01  3.21433E-05  6.94658E-01 
2.99999E+01 6.99996E-01  3.23819E-05  6.99640E-01 
3.00999E+01 7.04996E-01  3.26310E-05  7.04663E-01 
3.01999E+01 7.09996E-01  3.28875E-05  7.09659E-01 
3.02999E+01 7.14996E-01  3.31516E-05  7.14669E-01 
3.03999E+01 7.19996E-01  3.34201E-05  7.19688E-01 
3.04999E+01 7.24996E-01  3.36948E-05  7.24653E-01 
3.05999E+01 7.29996E-01  3.39742E-05  7.29656E-01 
3.06999E+01 7.34996E-01  3.42565E-05  7.34662E-01 
3.07999E+01 7.39996E-01  3.45406E-05  7.39675E-01 
3.08999E+01 7.44996E-01  3.48278E-05  7.44692E-01 
3.09999E+01 7.49996E-01  3.51168E-05  7.49666E-01 
3.10999E+01 7.54996E-01  3.54069E-05  7.54691E-01 
3.11999E+01 7.59996E-01  3.56988E-05  7.59715E-01 
3.12999E+01 7.64996E-01  3.59897E-05  7.64702E-01 
3.13999E+01 7.69996E-01  3.62815E-05  7.69694E-01 
3.14999E+01 7.74996E-01  3.65740E-05  7.74689E-01 
3.15999E+01 7.79996E-01  3.68675E-05  7.79716E-01 
3.16999E+01 7.84996E-01  3.71569E-05  7.84748E-01 
3.17999E+01 7.89996E-01  3.74462E-05  7.89734E-01 
3.18999E+01 7.94996E-01  3.77350E-05  7.94749E-01 
3.19999E+01 7.99996E-01  3.80235E-05  7.99753E-01 
3.20999E+01 8.04996E-01  3.83078E-05  8.04745E-01 
3.21999E+01 8.09996E-01  3.85944E-05  8.09746E-01 
3.22999E+01 8.14996E-01  3.88761E-05  8.14751E-01 
3.23999E+01 8.19996E-01  3.91580E-05  8.19750E-01 
3.24999E+01 8.24996E-01  3.94373E-05  8.24742E-01 
3.25999E+01 8.29996E-01  3.97146E-05  8.29739E-01 
3.26999E+01 8.34996E-01  3.99893E-05  8.34760E-01 
3.27999E+01 8.39996E-01  4.02606E-05  8.39765E-01 
3.28999E+01 8.44996E-01  4.05347E-05  8.44751E-01 
3.29999E+01 8.49996E-01  4.08010E-05  8.49744E-01 
3.30999E+01 8.54996E-01  4.10693E-05  8.54768E-01 
3.31999E+01 8.59996E-01  4.13342E-05  8.59759E-01 
3.32999E+01 8.64996E-01  4.15968E-05  8.64766E-01 
3.33999E+01 8.69996E-01  4.18584E-05  8.69771E-01 
3.34999E+01 8.74996E-01  4.21159E-05  8.74773E-01 
3.35999E+01 8.79996E-01  4.23711E-05  8.79789E-01 
3.36999E+01 8.84996E-01  4.26232E-05  8.84772E-01 
3.37999E+01 8.89996E-01  4.28748E-05  8.89765E-01 
3.38999E+01 8.94996E-01  4.31214E-05  8.94769E-01 
3.39999E+01 8.99996E-01  4.33699E-05  8.99800E-01 
3.40999E+01 9.04996E-01  4.36101E-05  9.04777E-01 
3.41999E+01 9.09996E-01  4.38518E-05  9.09778E-01 
3.42999E+01 9.14996E-01  4.40909E-05  9.14788E-01 
3.43999E+01 9.19996E-01  4.43285E-05  9.19788E-01 
3.44999E+01 9.24996E-01  4.45616E-05  9.24762E-01 
3.45999E+01 9.29996E-01  4.47960E-05  9.29774E-01 
3.46999E+01 9.34996E-01  4.50248E-05  9.34774E-01 
3.47999E+01 9.39996E-01  4.52529E-05  9.39798E-01 
3.48999E+01 9.44996E-01  4.54800E-05  9.44817E-01 
3.49999E+01 9.49996E-01  4.57051E-05  9.49814E-01 
3.50999E+01 9.54996E-01  4.59271E-05  9.54814E-01 
3.51999E+01 9.59996E-01  4.61499E-05  9.59806E-01 
3.52999E+01 9.64996E-01  4.63683E-05  9.64819E-01 
3.53999E+01 9.69996E-01  4.65875E-05  9.69826E-01 
3.54999E+01 9.74996E-01  4.68040E-05  9.74829E-01 
3.55999E+01 9.79996E-01  4.70190E-05  9.79812E-01 
3.56999E+01 9.84996E-01  4.72308E-05  9.84839E-01 
3.57999E+01 9.89996E-01  4.74417E-05  9.89854E-01 
3.58999E+01 9.94996E-01  4.76483E-05  9.94828E-01 
3.59999E+01 9.99995E-01  4.78562E-05  9.99811E-01 
3.60999E+01 1.00500E+00  4.80599E-05  1.00485E+00 
3.61999E+01 1.01000E+00  4.82588E-05  1.00983E+00 
3.62999E+01 1.01500E+00  4.84551E-05  1.01484E+00 
3.63999E+01 1.02000E+00  4.86506E-05  1.01982E+00 
3.64999E+01 1.02500E+00  4.88429E-05  1.02484E+00 
3.65999E+01 1.03000E+00  4.90333E-05  1.02985E+00 
3.66999E+01 1.03500E+00  4.92203E-05  1.03486E+00 
3.67999E+01 1.04000E+00  4.94062E-05  1.03984E+00 
3.68999E+01 1.04500E+00  4.95900E-05  1.04486E+00 
3.69999E+01 1.05000E+00  4.97730E-05  1.04989E+00 
3.70999E+01 1.05500E+00  4.99532E-05  1.05488E+00 
3.71999E+01 1.06000E+00  5.01366E-05  1.05989E+00 
3.72999E+01 1.06500E+00  5.03172E-05  1.06488E+00 
3.73999E+01 1.07000E+00  5.05016E-05  1.06993E+00 
3.74999E+01 1.07500E+00  5.06850E-05  1.07491E+00 
3.75999E+01 1.08000E+00  5.08688E-05  1.07989E+00 
3.76999E+01 1.08500E+00  5.10535E-05  1.08489E+00 
3.77999E+01 1.09000E+00  5.12417E-05  1.08991E+00 
3.78999E+01 1.09500E+00  5.14281E-05  1.09492E+00 
3.79999E+01 1.10000E+00  5.16161E-05  1.09991E+00 
3.80999E+01 1.10500E+00  5.18015E-05  1.10493E+00 
3.81999E+01 1.11000E+00  5.19876E-05  1.10990E+00 
3.82999E+01 1.11500E+00  5.21715E-05  1.11492E+00 
3.83999E+01 1.12000E+00  5.23642E-05  1.11994E+00 
3.84999E+01 1.12500E+00  5.25545E-05  1.12495E+00 
3.85999E+01 1.13000E+00  5.27440E-05  1.12998E+00 
3.86999E+01 1.13500E+00  5.29384E-05  1.13494E+00 
3.87999E+01 1.14000E+00  5.31323E-05  1.13994E+00 
3.88999E+01 1.14500E+00  5.33310E-05  1.14496E+00 
3.89999E+01 1.15000E+00  5.35284E-05  1.14997E+00 
3.90999E+01 1.15500E+00  5.37294E-05  1.15497E+00 
3.91999E+01 1.16000E+00  5.39293E-05  1.15994E+00 
3.92999E+01 1.16500E+00  5.41314E-05  1.16497E+00 
3.93999E+01 1.17000E+00  5.43339E-05  1.16996E+00 
3.94999E+01 1.17500E+00  5.45364E-05  1.17495E+00 
3.95999E+01 1.18000E+00  5.47388E-05  1.17996E+00 
3.96999E+01 1.18500E+00  5.49437E-05  1.18496E+00 
3.97999E+01 1.19000E+00  5.51524E-05  1.18998E+00 
3.98999E+01 1.19500E+00  5.53592E-05  1.19496E+00 
3.99999E+01 1.19999E+00  5.55684E-05  1.19996E+00 
4.00999E+01 1.20499E+00  5.57829E-05  1.20498E+00 
4.01999E+01 1.20999E+00  5.59937E-05  1.20998E+00 
4.02999E+01 1.21499E+00  5.62068E-05  1.21498E+00 
4.03999E+01 1.21999E+00  5.64246E-05  1.21997E+00 
4.04999E+01 1.22499E+00  5.66396E-05  1.22500E+00 
4.05999E+01 1.22999E+00  5.68575E-05  1.23000E+00 
4.06999E+01 1.23499E+00  5.70753E-05  1.23500E+00 
4.07999E+01 1.23999E+00  5.72986E-05  1.23998E+00 
4.08999E+01 1.24499E+00  5.75187E-05  1.24499E+00 
4.09999E+01 1.24999E+00  5.77440E-05  1.25001E+00 
4.10999E+01 1.25499E+00  5.79663E-05  1.25501E+00 
4.11999E+01 1.25999E+00  5.81942E-05  1.26000E+00 
4.12999E+01 1.26499E+00  5.84181E-05  1.26500E+00 
4.13999E+01 1.26999E+00  5.86464E-05  1.27002E+00 
4.14999E+01 1.27499E+00  5.88751E-05  1.27500E+00 
4.15999E+01 1.27999E+00  5.91082E-05  1.28001E+00 
4.16999E+01 1.28499E+00  5.93379E-05  1.28500E+00 
4.17999E+01 1.28999E+00  5.95737E-05  1.29001E+00 
4.18999E+01 1.29499E+00  5.98084E-05  1.29502E+00 
4.19999E+01 1.29999E+00  6.00439E-05  1.30001E+00 
4.20999E+01 1.30499E+00  6.02827E-05  1.30502E+00 
4.21999E+01 1.30999E+00  6.05265E-05  1.31001E+00 
4.22999E+01 1.31499E+00  6.07676E-05  1.31505E+00 
4.23999E+01 1.31999E+00  6.10149E-05  1.32003E+00 
4.24999E+01 1.32499E+00  6.12627E-05  1.32503E+00 
4.25999E+01 1.32999E+00  6.15136E-05  1.33006E+00 
4.26999E+01 1.33499E+00  6.17675E-05  1.33506E+00 
4.27999E+01 1.33999E+00  6.20222E-05  1.34003E+00 
4.28999E+01 1.34499E+00  6.22825E-05  1.34506E+00 
4.29999E+01 1.34999E+00  6.25454E-05  1.35005E+00 
4.30999E+01 1.35499E+00  6.28082E-05  1.35508E+00 
4.31999E+01 1.35999E+00  6.30758E-05  1.36005E+00 
4.32999E+01 1.36499E+00  6.33425E-05  1.36506E+00 
4.33999E+01 1.36999E+00  6.36180E-05  1.37004E+00 
4.34999E+01 1.37499E+00  6.38936E-05  1.37505E+00 
4.35999E+01 1.37999E+00  6.41758E-05  1.38006E+00 
4.36999E+01 1.38499E+00  6.44608E-05  1.38507E+00 
4.37999E+01 1.38999E+00  6.47555E-05  1.39004E+00 
4.38999E+01 1.39499E+00  6.50537E-05  1.39505E+00 
4.39999E+01 1.39999E+00  6.53497E-05  1.40008E+00 
4.40999E+01 1.40499E+00  6.56518E-05  1.40510E+00 
4.41999E+01 1.40999E+00  6.59542E-05  1.41005E+00 
4.42999E+01 1.41499E+00  6.62665E-05  1.41507E+00 
4.43999E+01 1.41999E+00  6.65854E-05  1.42009E+00 
4.44999E+01 1.42499E+00  6.69123E-05  1.42508E+00 
4.45999E+01 1.42999E+00  6.72429E-05  1.43006E+00 
4.46999E+01 1.43499E+00  6.75834E-05  1.43512E+00 
4.47999E+01 1.43999E+00  6.79269E-05  1.44010E+00 
4.48999E+01 1.44499E+00  6.82764E-05  1.44511E+00 
4.49999E+01 1.44999E+00  6.86360E-05  1.45009E+00 
4.50999E+01 1.45499E+00  6.90004E-05  1.45515E+00 
4.51999E+01 1.45999E+00  6.93747E-05  1.46014E+00 
4.52999E+01 1.46499E+00  6.97522E-05  1.46512E+00 
4.53999E+01 1.46999E+00  7.01398E-05  1.47012E+00 
4.54999E+01 1.47499E+00  7.05318E-05  1.47513E+00 
4.55999E+01 1.47999E+00  7.09367E-05  1.48012E+00 
4.56999E+01 1.48499E+00  7.13444E-05  1.48513E+00 
4.57999E+01 1.48999E+00  7.17657E-05  1.49013E+00 
4.58999E+01 1.49499E+00  7.21900E-05  1.49515E+00 
4.59999E+01 1.49999E+00  7.26239E-05  1.50014E+00 
4.60999E+01 1.50499E+00  7.30618E-05  1.50515E+00 
4.61999E+01 1.50999E+00  7.35125E-05  1.51015E+00 
4.62999E+01 1.51499E+00  7.39681E-05  1.51515E+00 
4.63999E+01 1.51999E+00  7.44304E-05  1.52014E+00 
4.64999E+01 1.52499E+00  7.48959E-05  1.52515E+00 
4.65999E+01 1.52999E+00  7.53748E-05  1.53015E+00 
4.66999E+01 1.53499E+00  7.58569E-05  1.53517E+00 
4.67999E+01 1.53999E+00  7.63468E-05  1.54015E+00 
4.68999E+01 1.54499E+00  7.68432E-05  1.54516E+00 
4.69999E+01 1.54999E+00  7.73477E-05  1.55020E+00 
4.70999E+01 1.55499E+00  7.78472E-05  1.55520E+00 
4.71999E+01 1.55999E+00  7.83623E-05  1.56017E+00 
4.72999E+01 1.56499E+00  7.88778E-05  1.56517E+00 
4.73999E+01 1.56999E+00  7.94035E-05  1.57017E+00 
4.74999E+01 1.57499E+00  7.99281E-05  1.57518E+00 
4.75999E+01 1.57999E+00  8.04574E-05  1.58017E+00 
4.76999E+01 1.58499E+00  8.09929E-05  1.58521E+00 
4.77999E+01 1.58999E+00  8.15354E-05  1.59016E+00 
4.78999E+01 1.59499E+00  8.20868E-05  1.59518E+00 
4.79999E+01 1.59999E+00  8.26432E-05  1.60020E+00 
4.80999E+01 1.60499E+00  8.32017E-05  1.60520E+00 
4.81999E+01 1.60999E+00  8.37732E-05  1.61023E+00 
4.82999E+01 1.61499E+00  8.43562E-05  1.61522E+00 
4.83999E+01 1.61999E+00  8.49497E-05  1.62022E+00 
4.84999E+01 1.62499E+00  8.55569E-05  1.62522E+00 
4.85999E+01 1.62999E+00  8.61856E-05  1.63025E+00 
4.86999E+01 1.63499E+00  8.68259E-05  1.63523E+00 
4.87999E+01 1.63999E+00  8.74799E-05  1.64021E+00 
4.88999E+01 1.64499E+00  8.81541E-05  1.64523E+00 
4.89999E+01 1.64999E+00  8.88362E-05  1.65025E+00 
4.90999E+01 1.65499E+00  8.95302E-05  1.65526E+00 
4.91999E+01 1.65999E+00  9.02401E-05  1.66023E+00 
4.92999E+01 1.66499E+00  9.09632E-05  1.66524E+00 
4.93999E+01 1.66999E+00  9.16943E-05  1.67027E+00 
4.94999E+01 1.67499E+00  9.24335E-05  1.67523E+00 
4.95999E+01 1.67999E+00  9.31840E-05  1.68024E+00 
4.96999E+01 1.68499E+00  9.39446E-05  1.68522E+00 
4.97999E+01 1.68999E+00  9.47114E-05  1.69024E+00 
4.98999E+01 1.69499E+00  9.54902E-05  1.69525E+00 
4.99999E+01 1.69999E+00  9.62828E-05  1.70023E+00 
5.00999E+01 1.70499E+00  9.70908E-05  1.70525E+00 
5.01999E+01 1.70999E+00  9.79212E-05  1.71025E+00 
5.02999E+01 1.71499E+00  9.87822E-05  1.71525E+00 
5.03999E+01 1.71999E+00  9.96474E-05  1.72025E+00 
5.04999E+01 1.72499E+00  1.00524E-04  1.72527E+00 
5.05999E+01 1.72999E+00  1.01420E-04  1.73028E+00 
5.06999E+01 1.73499E+00  1.02326E-04  1.73526E+00 
5.07999E+01 1.73999E+00  1.03250E-04  1.74025E+00 
5.08999E+01 1.74499E+00  1.04189E-04  1.74529E+00 
5.09999E+01 1.74999E+00  1.05132E-04  1.75027E+00 
5.10999E+01 1.75499E+00  1.06086E-04  1.75528E+00 
5.11999E+01 1.75999E+00  1.07050E-04  1.76030E+00 
5.12999E+01 1.76499E+00  1.08022E-04  1.76531E+00 
5.13999E+01 1.76999E+00  1.09000E-04  1.77030E+00 
5.14999E+01 1.77499E+00  1.09982E-04  1.77531E+00 
5.15999E+01 1.77999E+00  1.10970E-04  1.78035E+00 
5.16999E+01 1.78499E+00  1.11961E-04  1.78535E+00 
5.17999E+01 1.78999E+00  1.12959E-04  1.79031E+00 
5.18999E+01 1.79499E+00  1.13968E-04  1.79530E+00 
5.19999E+01 1.79999E+00  1.14978E-04  1.80033E+00 
5.20999E+01 1.79499E+00  1.13354E-04  1.79533E+00 
5.21999E+01 1.78999E+00  1.11806E-04  1.79033E+00 
5.22999E+01 1.78499E+00  1.10214E-04  1.78533E+00 
5.23999E+01 1.77999E+00  1.08657E-04  1.78030E+00 
5.24999E+01 1.77499E+00  1.07136E-04  1.77533E+00 
5.25999E+01 1.76999E+00  1.05637E-04  1.77028E+00 
5.26999E+01 1.76499E+00  1.04158E-04  1.76535E+00 
5.27999E+01 1.75999E+00  1.02703E-04  1.76033E+00 
5.28999E+01 1.75499E+00  1.01262E-04  1.75530E+00 
5.29999E+01 1.74999E+00  9.98454E-05  1.75028E+00 
5.30999E+01 1.74499E+00  9.84415E-05  1.74529E+00 
5.31999E+01 1.73999E+00  9.70611E-05  1.74027E+00 
5.32999E+01 1.73499E+00  9.56860E-05  1.73527E+00 
5.33999E+01 1.72999E+00  9.43357E-05  1.73025E+00 
5.34999E+01 1.72499E+00  9.29960E-05  1.72528E+00 
5.35999E+01 1.71999E+00  9.16871E-05  1.72024E+00 
5.36999E+01 1.71499E+00  9.03885E-05  1.71526E+00 
5.37999E+01 1.70999E+00  8.90982E-05  1.71026E+00 
5.38999E+01 1.70499E+00  8.78113E-05  1.70527E+00 
5.39999E+01 1.69999E+00  8.65526E-05  1.70026E+00 
5.40999E+01 1.69499E+00  8.53269E-05  1.69527E+00 
5.41999E+01 1.68999E+00  8.40492E-05  1.69025E+00 
5.42999E+01 1.68499E+00  8.28168E-05  1.68526E+00 
5.43999E+01 1.67999E+00  8.16021E-05  1.68026E+00 
5.44999E+01 1.67499E+00  8.04146E-05  1.67528E+00 
5.45999E+01 1.66999E+00  7.92683E-05  1.67028E+00 
5.46999E+01 1.66499E+00  7.81197E-05  1.66526E+00 
5.47999E+01 1.65999E+00  7.69909E-05  1.66027E+00 
5.48999E+01 1.65499E+00  7.58174E-05  1.65527E+00 
5.49999E+01 1.64999E+00  7.46461E-05  1.65025E+00 
5.50999E+01 1.64499E+00  7.35139E-05  1.64524E+00 
5.51999E+01 1.63999E+00  7.24085E-05  1.64023E+00 
5.52999E+01 1.63499E+00  7.13296E-05  1.63522E+00 
5.53999E+01 1.62999E+00  7.02176E-05  1.63027E+00 
5.54999E+01 1.62499E+00  6.91184E-05  1.62527E+00 
5.55999E+01 1.61999E+00  6.80463E-05  1.62024E+00 
5.56999E+01 1.61499E+00  6.69839E-05  1.61525E+00 
5.57999E+01 1.60999E+00  6.59494E-05  1.61023E+00 
5.58999E+01 1.60499E+00  6.49396E-05  1.60522E+00 
5.59999E+01 1.59999E+00  6.39196E-05  1.60023E+00 
5.60999E+01 1.59499E+00  6.29157E-05  1.59520E+00 
5.61999E+01 1.58999E+00  6.19267E-05  1.59019E+00 
5.62999E+01 1.58499E+00  6.09481E-05  1.58520E+00 
5.63999E+01 1.57999E+00  5.99846E-05  1.58020E+00 
5.64999E+01 1.57499E+00  5.90326E-05  1.57519E+00 
5.65999E+01 1.56999E+00  5.80920E-05  1.57018E+00 
5.66999E+01 1.56499E+00  5.71648E-05  1.56517E+00 
5.67999E+01 1.55999E+00  5.63246E-05  1.56017E+00 
5.68999E+01 1.55499E+00  5.53742E-05  1.55517E+00 
5.69999E+01 1.54999E+00  5.44724E-05  1.55016E+00 
5.70999E+01 1.54499E+00  5.35874E-05  1.54516E+00 
5.71999E+01 1.53999E+00  5.27197E-05  1.54016E+00 
5.72999E+01 1.53499E+00  5.18649E-05  1.53518E+00 
5.73999E+01 1.52999E+00  5.10195E-05  1.53015E+00 
5.74999E+01 1.52499E+00  5.01927E-05  1.52514E+00 
5.75999E+01 1.51999E+00  4.93812E-05  1.52015E+00 
5.76999E+01 1.51499E+00  4.85784E-05  1.51518E+00 
5.77999E+01 1.50999E+00  4.77891E-05  1.51013E+00 
5.78999E+01 1.50499E+00  4.70114E-05  1.50515E+00 
5.79999E+01 1.49999E+00  4.62568E-05  1.50014E+00 
5.80999E+01 1.49499E+00  4.55033E-05  1.49517E+00 
5.81999E+01 1.48999E+00  4.47690E-05  1.49015E+00 
5.82999E+01 1.48499E+00  4.40356E-05  1.48514E+00 
5.83999E+01 1.47999E+00  4.33169E-05  1.48015E+00 
5.84999E+01 1.47499E+00  4.26169E-05  1.47515E+00 
5.85999E+01 1.46999E+00  4.19248E-05  1.47015E+00 
5.86999E+01 1.46499E+00  4.12454E-05  1.46514E+00 
5.87999E+01 1.45999E+00  4.05786E-05  1.46015E+00 
5.88999E+01 1.45499E+00  3.99215E-05  1.45515E+00 
5.89999E+01 1.44999E+00  3.92787E-05  1.45013E+00 
5.90999E+01 1.44499E+00  3.86458E-05  1.44513E+00 
5.91999E+01 1.43999E+00  3.80269E-05  1.44012E+00 
5.92999E+01 1.43499E+00  3.74183E-05  1.43512E+00 
5.93999E+01 1.42999E+00  3.68226E-05  1.43013E+00 
5.94999E+01 1.42499E+00  3.62379E-05  1.42512E+00 
5.95999E+01 1.41999E+00  3.56643E-05  1.42013E+00 
5.96999E+01 1.41499E+00  3.51018E-05  1.41511E+00 
5.97999E+01 1.40999E+00  3.45541E-05  1.41006E+00 
5.98999E+01 1.40499E+00  3.40191E-05  1.40507E+00 
5.99998E+01 1.39999E+00  3.34859E-05  1.40010E+00 
6.00998E+01 1.39499E+00  3.29661E-05  1.39508E+00 
6.01998E+01 1.38999E+00  3.24540E-05  1.39007E+00 
6.02998E+01 1.38499E+00  3.19546E-05  1.38507E+00 
6.03998E+01 1.37999E+00  3.14653E-05  1.38008E+00 
6.04998E+01 1.37499E+00  3.09863E-05  1.37508E+00 
6.05998E+01 1.36999E+00  3.05170E-05  1.37007E+00 
6.06998E+01 1.36499E+00  3.00589E-05  1.36508E+00 
6.07998E+01 1.35999E+00  2.96087E-05  1.36006E+00 
6.08998E+01 1.35499E+00  2.91679E-05  1.35506E+00 
6.09998E+01 1.34999E+00  2.87358E-05  1.35005E+00 
6.10998E+01 1.34499E+00  2.83121E-05  1.34505E+00 
6.11998E+01 1.33999E+00  2.78955E-05  1.34004E+00 
6.12998E+01 1.33499E+00  2.74901E-05  1.33506E+00 
6.13998E+01 1.32999E+00  2.70905E-05  1.33003E+00 
6.14998E+01 1.32499E+00  2.66989E-05  1.32505E+00 
6.15998E+01 1.31999E+00  2.63146E-05  1.32004E+00 
6.16998E+01 1.31499E+00  2.59387E-05  1.31504E+00 
6.17998E+01 1.30999E+00  2.55703E-05  1.31004E+00 
6.18998E+01 1.30499E+00  2.52093E-05  1.30502E+00 
6.19998E+01 1.29999E+00  2.48578E-05  1.30004E+00 
6.20998E+01 1.29499E+00  2.45090E-05  1.29503E+00 
6.21998E+01 1.28999E+00  2.41681E-05  1.29001E+00 
6.22998E+01 1.28499E+00  2.38322E-05  1.28502E+00 
6.23998E+01 1.27999E+00  2.35029E-05  1.28000E+00 
6.24998E+01 1.27499E+00  2.31799E-05  1.27502E+00 
6.25998E+01 1.26999E+00  2.28631E-05  1.27001E+00 
6.26998E+01 1.26499E+00  2.25501E-05  1.26500E+00 
6.27998E+01 1.25999E+00  2.22432E-05  1.26000E+00 
6.28998E+01 1.25499E+00  2.19379E-05  1.25501E+00 
6.29998E+01 1.24999E+00  2.16421E-05  1.25002E+00 
6.30998E+01 1.24499E+00  2.13473E-05  1.24500E+00 
6.31998E+01 1.23999E+00  2.10611E-05  1.23999E+00 
6.32998E+01 1.23499E+00  2.07761E-05  1.23498E+00 
6.33998E+01 1.22999E+00  2.04976E-05  1.23000E+00 
6.34998E+01 1.22499E+00  2.02202E-05  1.22497E+00 
6.35998E+01 1.21999E+00  1.99524E-05  1.21998E+00 
6.36998E+01 1.21499E+00  1.96840E-05  1.21499E+00 
6.37998E+01 1.20999E+00  1.94235E-05  1.20997E+00 
6.38998E+01 1.20499E+00  1.91655E-05  1.20497E+00 
6.39998E+01 1.19999E+00  1.89109E-05  1.19998E+00 
6.40998E+01 1.19500E+00  1.86581E-05  1.19497E+00 
6.41998E+01 1.19000E+00  1.84105E-05  1.19000E+00 
6.42998E+01 1.18500E+00  1.81651E-05  1.18499E+00 
6.43998E+01 1.18000E+00  1.79237E-05  1.17993E+00 
6.44998E+01 1.17500E+00  1.76857E-05  1.17499E+00 
6.45998E+01 1.17000E+00  1.74493E-05  1.16997E+00 
6.46998E+01 1.16500E+00  1.72175E-05  1.16497E+00 
6.47998E+01 1.16000E+00  1.69872E-05  1.15996E+00 
6.48998E+01 1.15500E+00  1.67600E-05  1.15497E+00 
6.49998E+01 1.15000E+00  1.65375E-05  1.14998E+00 
6.50998E+01 1.14500E+00  1.63154E-05  1.14498E+00 
6.51998E+01 1.14000E+00  1.61008E-05  1.13995E+00 
6.52998E+01 1.13500E+00  1.58843E-05  1.13498E+00 
6.53998E+01 1.13000E+00  1.56714E-05  1.12998E+00 
6.54998E+01 1.12500E+00  1.54594E-05  1.12497E+00 
6.55998E+01 1.12000E+00  1.52499E-05  1.11996E+00 
6.56998E+01 1.11500E+00  1.50399E-05  1.11495E+00 
6.57998E+01 1.11000E+00  1.48355E-05  1.10993E+00 
6.58998E+01 1.10500E+00  1.46309E-05  1.10493E+00 
6.59998E+01 1.10000E+00  1.44308E-05  1.09992E+00 
6.60998E+01 1.09500E+00  1.42298E-05  1.09492E+00 
6.61998E+01 1.09000E+00  1.40335E-05  1.08990E+00 
6.62998E+01 1.08500E+00  1.38376E-05  1.08490E+00 
6.63998E+01 1.08000E+00  1.36447E-05  1.07990E+00 
6.64998E+01 1.07500E+00  1.34518E-05  1.07491E+00 
6.65998E+01 1.07000E+00  1.32599E-05  1.06990E+00 
6.66998E+01 1.06500E+00  1.30718E-05  1.06487E+00 
6.67998E+01 1.06000E+00  1.28853E-05  1.05987E+00 
6.68998E+01 1.05500E+00  1.26989E-05  1.05489E+00 
6.69998E+01 1.05000E+00  1.25141E-05  1.04988E+00 
6.70998E+01 1.04500E+00  1.23302E-05  1.04488E+00 
6.71998E+01 1.04000E+00  1.21467E-05  1.03985E+00 
6.72998E+01 1.03500E+00  1.19647E-05  1.03487E+00 
6.73998E+01 1.03000E+00  1.17852E-05  1.02987E+00 
6.74998E+01 1.02500E+00  1.16055E-05  1.02487E+00 
6.75998E+01 1.02000E+00  1.14286E-05  1.01986E+00 
6.76998E+01 1.01500E+00  1.12514E-05  1.01486E+00 
6.77998E+01 1.01000E+00  1.10768E-05  1.00986E+00 
6.78998E+01 1.00500E+00  1.09005E-05  1.00485E+00 
6.79998E+01 9.99995E-01  1.07281E-05  9.99849E-01 
6.80998E+01 9.94996E-01  1.05554E-05  9.94873E-01 
6.81998E+01 9.89996E-01  1.03832E-05  9.89879E-01 
6.82998E+01 9.84996E-01  1.02117E-05  9.84858E-01 
6.83998E+01 9.79996E-01  1.00434E-05  9.79833E-01 
6.84998E+01 9.74996E-01  9.87327E-06  9.74842E-01 
6.85998E+01 9.69996E-01  9.70474E-06  9.69847E-01 
6.86998E+01 9.64996E-01  9.53615E-06  9.64840E-01 
6.87998E+01 9.59996E-01  9.36822E-06  9.59819E-01 
6.88998E+01 9.54996E-01  9.20261E-06  9.54833E-01 
6.89998E+01 9.49996E-01  9.03610E-06  9.49807E-01 
6.90998E+01 9.44996E-01  8.87179E-06  9.44819E-01 
6.91998E+01 9.39996E-01  8.70581E-06  9.39818E-01 
6.92998E+01 9.34996E-01  8.54217E-06  9.34816E-01 
6.93998E+01 9.29996E-01  8.37896E-06  9.29778E-01 
6.94998E+01 9.24996E-01  8.21417E-06  9.24813E-01 
6.95998E+01 9.19996E-01  8.05069E-06  9.19804E-01 
6.96998E+01 9.14996E-01  7.88783E-06  9.14790E-01 
6.97998E+01 9.09996E-01  7.72572E-06  9.09774E-01 
6.98998E+01 9.04996E-01  7.56353E-06  9.04771E-01 
6.99998E+01 8.99996E-01  7.40077E-06  8.99795E-01 
7.00998E+01 8.94996E-01  7.24114E-06  8.94814E-01 
7.01998E+01 8.89996E-01  7.07833E-06  8.89766E-01 
7.02998E+01 8.84996E-01  6.91739E-06  8.84791E-01 
7.03998E+01 8.79996E-01  6.75663E-06  8.79809E-01 
7.04998E+01 8.74996E-01  6.59289E-06  8.74790E-01 
7.05998E+01 8.69996E-01  6.43353E-06  8.69777E-01 
7.06998E+01 8.64996E-01  6.27415E-06  8.64796E-01 
7.07998E+01 8.59996E-01  6.11291E-06  8.59787E-01 
7.08998E+01 8.54996E-01  5.95537E-06  8.54790E-01 
7.09998E+01 8.49996E-01  5.79434E-06  8.49787E-01 
7.10998E+01 8.44996E-01  5.63728E-06  8.44800E-01 
7.11998E+01 8.39996E-01  5.47904E-06  8.39771E-01 
7.12998E+01 8.34996E-01  5.32165E-06  8.34786E-01 
7.13998E+01 8.29996E-01  5.16586E-06  8.29782E-01 
7.14998E+01 8.24996E-01  5.00710E-06  8.24762E-01 
7.15998E+01 8.19996E-01  4.84992E-06  8.19771E-01 
7.16998E+01 8.14996E-01  4.69405E-06  8.14786E-01 
7.17998E+01 8.09996E-01  4.53752E-06  8.09767E-01 
7.18998E+01 8.04996E-01  4.38183E-06  8.04760E-01 
7.19998E+01 7.99996E-01  4.22677E-06  7.99758E-01 
7.20998E+01 7.94996E-01  4.07368E-06  7.94774E-01 
7.21998E+01 7.89996E-01  3.91944E-06  7.89762E-01 
7.22998E+01 7.84996E-01  3.76411E-06  7.84718E-01 
7.23998E+01 7.79996E-01  3.61356E-06  7.79735E-01 
7.24998E+01 7.74996E-01  3.41981E-06  7.74705E-01 
7.25998E+01 7.69996E-01  3.26750E-06  7.69725E-01 
7.26998E+01 7.64996E-01  3.11707E-06  7.64732E-01 
7.27998E+01 7.59996E-01  2.96585E-06  7.59735E-01 
7.28998E+01 7.54996E-01  2.81673E-06  7.54717E-01 
7.29998E+01 7.49996E-01  2.66814E-06  7.49691E-01 
7.30998E+01 7.44996E-01  2.51938E-06  7.44686E-01 
7.31998E+01 7.39996E-01  2.37128E-06  7.39700E-01 
7.32998E+01 7.34996E-01  2.22332E-06  7.34687E-01 
7.33998E+01 7.29996E-01  2.07649E-06  7.29667E-01 
7.34998E+01 7.24996E-01  1.92718E-06  7.24692E-01 
7.35998E+01 7.19996E-01  1.77865E-06  7.19691E-01 
7.36998E+01 7.14996E-01  1.63034E-06  7.14673E-01 
7.37998E+01 7.09996E-01  1.48152E-06  7.09670E-01 
7.38998E+01 7.04996E-01  1.33173E-06  7.04665E-01 
7.39998E+01 6.99996E-01  1.17848E-06  6.99664E-01 
7.40998E+01 6.94996E-01  1.02644E-06  6.94645E-01 
7.41998E+01 6.89996E-01  8.72997E-07  6.89650E-01 
7.42998E+01 6.84996E-01  7.18404E-07  6.84657E-01 
7.43998E+01 6.79996E-01  5.62022E-07  6.79654E-01 
7.44998E+01 6.74996E-01  4.03479E-07  6.74659E-01 
7.45998E+01 6.69996E-01  2.44392E-07  6.69657E-01 
7.46998E+01 6.64996E-01  8.31666E-08  6.64638E-01 
7.47998E+01 6.59996E-01  -7.97230E-08 6.59671E-01 
7.48998E+01 6.54996E-01  -2.45004E-07 6.54657E-01 
7.49998E+01 6.49996E-01  -4.11256E-07 6.49647E-01 
7.50998E+01 6.44996E-01  -5.80588E-07 6.44645E-01 
7.51998E+01 6.39996E-01  -7.53451E-07 6.39666E-01 
7.52998E+01 6.34996E-01  -9.29746E-07 6.34637E-01 
7.53998E+01 6.29996E-01  -1.10651E-06 6.29621E-01 
7.54998E+01 6.24996E-01  -1.28944E-06 6.24604E-01 
7.55998E+01 6.19996E-01  -1.47381E-06 6.19598E-01 
7.56998E+01 6.14996E-01  -1.66282E-06 6.14627E-01 
7.57998E+01 6.09996E-01  -1.85430E-06 6.09618E-01 
7.58998E+01 6.04996E-01  -2.05060E-06 6.04626E-01 
7.59998E+01 5.99996E-01  -2.24954E-06 5.99624E-01 
7.60998E+01 5.94997E-01  -2.45219E-06 5.94637E-01 
7.61998E+01 5.89997E-01  -2.65948E-06 5.89608E-01 
7.62998E+01 5.84997E-01  -2.86865E-06 5.84611E-01 
7.63998E+01 5.79997E-01  -3.08209E-06 5.79618E-01 
7.64998E+01 5.74997E-01  -3.29950E-06 5.74640E-01 
7.65998E+01 5.69997E-01  -3.52106E-06 5.69618E-01 
7.66998E+01 5.64997E-01  -3.74607E-06 5.64606E-01 
7.67998E+01 5.59997E-01  -3.97502E-06 5.59612E-01 
7.68998E+01 5.54997E-01  -4.20709E-06 5.54611E-01 
7.69998E+01 5.49997E-01  -4.44300E-06 5.49594E-01 
7.70998E+01 5.44997E-01  -4.68230E-06 5.44576E-01 
7.71998E+01 5.39997E-01  -4.92519E-06 5.39580E-01 
7.72998E+01 5.34997E-01  -5.17138E-06 5.34605E-01 
7.73998E+01 5.29997E-01  -5.42192E-06 5.29597E-01 
7.74998E+01 5.24997E-01  -5.67612E-06 5.24588E-01 
7.75998E+01 5.19997E-01  -5.93445E-06 5.19585E-01 
7.76998E+01 5.14997E-01  -6.19633E-06 5.14571E-01 
7.77998E+01 5.09997E-01  -6.46172E-06 5.09567E-01 
7.78998E+01 5.04997E-01  -6.73240E-06 5.04581E-01 
7.79998E+01 4.99997E-01  -7.00629E-06 4.99552E-01 
7.80998E+01 4.94997E-01  -7.28216E-06 4.94539E-01 
7.81998E+01 4.89997E-01  -7.56409E-06 4.89577E-01 
7.82998E+01 4.84997E-01  -7.84829E-06 4.84548E-01 
7.83998E+01 4.79997E-01  -8.13865E-06 4.79549E-01 
7.84998E+01 4.74997E-01  -8.43067E-06 4.74563E-01 
7.85998E+01 4.69997E-01  -8.72807E-06 4.69546E-01 
7.86998E+01 4.64997E-01  -9.02864E-06 4.64541E-01 
7.87998E+01 4.59997E-01  -9.33556E-06 4.59498E-01 
7.88998E+01 4.54997E-01  -9.64407E-06 4.54514E-01 
7.89998E+01 4.49997E-01  -9.95749E-06 4.49519E-01 
7.90998E+01 4.44997E-01  -1.02746E-05 4.44516E-01 
7.91998E+01 4.39997E-01  -1.05964E-05 4.39520E-01 
7.92998E+01 4.34997E-01  -1.09215E-05 4.34519E-01 
7.93998E+01 4.29997E-01  -1.12532E-05 4.29511E-01 
7.94998E+01 4.24997E-01  -1.15869E-05 4.24474E-01 
7.95998E+01 4.19997E-01  -1.19244E-05 4.19506E-01 
7.96998E+01 4.14997E-01  -1.22672E-05 4.14491E-01 
7.97998E+01 4.09997E-01  -1.26131E-05 4.09482E-01 
7.98998E+01 4.04997E-01  -1.29622E-05 4.04461E-01 
7.99998E+01 3.99997E-01  -1.33171E-05 3.99470E-01 
8.00998E+01 3.94997E-01  -1.36758E-05 3.94488E-01 
8.01998E+01 3.89997E-01  -1.40387E-05 3.89476E-01 
8.02998E+01 3.84997E-01  -1.44061E-05 3.84509E-01 
8.03998E+01 3.79997E-01  -1.47775E-05 3.79481E-01 
8.04998E+01 3.74997E-01  -1.51528E-05 3.74494E-01 
8.05998E+01 3.69997E-01  -1.55319E-05 3.69470E-01 
8.06998E+01 3.64997E-01  -1.59168E-05 3.64470E-01 
8.07998E+01 3.59997E-01  -1.63039E-05 3.59462E-01 
8.08998E+01 3.54997E-01  -1.66975E-05 3.54476E-01 
8.09998E+01 3.49997E-01  -1.70936E-05 3.49475E-01 
8.10998E+01 3.44997E-01  -1.74952E-05 3.44475E-01 
8.11998E+01 3.39997E-01  -1.78995E-05 3.39461E-01 
8.12998E+01 3.34997E-01  -1.83100E-05 3.34463E-01 
8.13998E+01 3.29997E-01  -1.87250E-05 3.29454E-01 
8.14998E+01 3.24997E-01  -1.91416E-05 3.24443E-01 
8.15998E+01 3.19997E-01  -1.95660E-05 3.19443E-01 
8.16998E+01 3.14997E-01  -1.99935E-05 3.14438E-01 
8.17998E+01 3.09997E-01  -2.04240E-05 3.09429E-01 
8.18998E+01 3.04997E-01  -2.08606E-05 3.04428E-01 
8.19998E+01 2.99997E-01  -2.12991E-05 2.99430E-01 
8.20998E+01 2.94997E-01  -2.17115E-05 2.94424E-01 
8.21998E+01 2.89997E-01  -2.21572E-05 2.89416E-01 
8.22998E+01 2.84997E-01  -2.26096E-05 2.84426E-01 
8.23998E+01 2.79997E-01  -2.30654E-05 2.79405E-01 
8.24998E+01 2.74997E-01  -2.35244E-05 2.74414E-01 
8.25998E+01 2.69997E-01  -2.39850E-05 2.69403E-01 
8.26998E+01 2.64997E-01  -2.44523E-05 2.64415E-01 
8.27998E+01 2.59997E-01  -2.49215E-05 2.59407E-01 
8.28998E+01 2.54997E-01  -2.53954E-05 2.54402E-01 
8.29998E+01 2.49997E-01  -2.58707E-05 2.49387E-01 
8.30998E+01 2.44997E-01  -2.63516E-05 2.44392E-01 
8.31998E+01 2.39997E-01  -2.68321E-05 2.39395E-01 
8.32998E+01 2.34997E-01  -2.73162E-05 2.34391E-01 
8.33998E+01 2.29997E-01  -2.77986E-05 2.29375E-01 
8.34998E+01 2.24997E-01  -2.82878E-05 2.24391E-01 
8.35998E+01 2.19997E-01  -2.87749E-05 2.19392E-01 
8.36998E+01 2.14997E-01  -2.92686E-05 2.14373E-01 
8.37998E+01 2.09997E-01  -2.97593E-05 2.09357E-01 
8.38998E+01 2.04997E-01  -3.02539E-05 2.04389E-01 
8.39998E+01 1.99997E-01  -3.07474E-05 1.99385E-01 
8.40998E+01 1.94998E-01  -3.12438E-05 1.94392E-01 
8.41998E+01 1.89998E-01  -3.17411E-05 1.89372E-01 
8.42998E+01 1.84998E-01  -3.22359E-05 1.84368E-01 
8.43998E+01 1.79998E-01  -3.27335E-05 1.79381E-01 
8.44998E+01 1.74998E-01  -3.32341E-05 1.74360E-01 
8.45998E+01 1.69998E-01  -3.37304E-05 1.69361E-01 
8.46998E+01 1.64998E-01  -3.42267E-05 1.64358E-01 
8.47998E+01 1.59998E-01  -3.47250E-05 1.59379E-01 
8.48998E+01 1.54998E-01  -3.52206E-05 1.54345E-01 
8.49998E+01 1.49998E-01  -3.57177E-05 1.49338E-01 
8.50998E+01 1.44998E-01  -3.62125E-05 1.44343E-01 
8.51998E+01 1.39998E-01  -3.67105E-05 1.39333E-01 
8.52998E+01 1.34998E-01  -3.72027E-05 1.34331E-01 
8.53998E+01 1.29998E-01  -3.76940E-05 1.29329E-01 
8.54998E+01 1.24998E-01  -3.81881E-05 1.24309E-01 
8.55998E+01 1.19998E-01  -3.86780E-05 1.19345E-01 
8.56998E+01 1.14998E-01  -3.91670E-05 1.14340E-01 
8.57998E+01 1.09998E-01  -3.96583E-05 1.09313E-01 
8.58998E+01 1.04998E-01  -4.01444E-05 1.04307E-01 
8.59998E+01 9.99977E-02  -4.06288E-05 9.93202E-02 
8.60998E+01 9.49978E-02  -4.11131E-05 9.42999E-02 
8.61998E+01 8.99978E-02  -4.15970E-05 8.92853E-02 
8.62998E+01 8.49978E-02  -4.20769E-05 8.43162E-02 
8.63998E+01 7.99978E-02  -4.25577E-05 7.92959E-02 
8.64998E+01 7.49978E-02  -4.30368E-05 7.42912E-02 
8.65998E+01 6.99978E-02  -4.35150E-05 6.92698E-02 
8.66998E+01 6.49978E-02  -4.39909E-05 6.43194E-02 
8.67998E+01 5.99978E-02  -4.44663E-05 5.92948E-02 
8.68998E+01 5.49979E-02  -4.49396E-05 5.42782E-02 
8.69998E+01 4.99979E-02  -4.54126E-05 4.92604E-02 
8.70998E+01 4.49979E-02  -4.58834E-05 4.42907E-02 
8.71998E+01 3.99979E-02  -4.63527E-05 3.92998E-02 
8.72998E+01 3.49979E-02  -4.68205E-05 3.42983E-02 
8.73998E+01 2.99979E-02  -4.72875E-05 2.92698E-02 
8.74998E+01 2.49979E-02  -4.77515E-05 2.42765E-02 
8.75998E+01 1.99979E-02  -4.82124E-05 1.92799E-02 
8.76998E+01 1.49980E-02  -4.86697E-05 1.42790E-02 
8.77998E+01 9.99797E-03  -4.91276E-05 9.25368E-03 
8.78998E+01 4.99799E-03  -4.95773E-05 4.24716E-03 
8.79998E+01 -2.00000E-06 -5.00196E-05 -7.33794E-04
8.80998E+01 -5.00199E-03 -5.04616E-05 -5.73658E-03
8.81998E+01 -1.00020E-02 -5.08946E-05 -1.07450E-02
8.82998E+01 -1.50020E-02 -5.13204E-05 -1.57578E-02
8.83998E+01 -2.00020E-02 -5.17382E-05 -2.07375E-02
8.84998E+01 -2.50019E-02 -5.21452E-05 -2.57140E-02
8.85998E+01 -3.00019E-02 -5.25337E-05 -3.07424E-02
8.86998E+01 -3.50019E-02 -5.29126E-05 -3.57521E-02
8.87998E+01 -4.00019E-02 -5.32734E-05 -4.07605E-02
8.88998E+01 -4.50019E-02 -5.36174E-05 -4.57652E-02
8.89998E+01 -5.00019E-02 -5.39346E-05 -5.07636E-02
8.90998E+01 -5.50019E-02 -5.42297E-05 -5.57782E-02
8.91998E+01 -6.00019E-02 -5.44977E-05 -6.07879E-02
8.92998E+01 -6.50018E-02 -5.47264E-05 -6.57707E-02
8.93998E+01 -7.00018E-02 -5.49205E-05 -7.07573E-02
8.94998E+01 -7.50018E-02 -5.50745E-05 -7.57769E-02
8.95998E+01 -8.00018E-02 -5.51751E-05 -8.07829E-02
8.96998E+01 -8.50018E-02 -5.52188E-05 -8.57844E-02
8.97998E+01 -9.00018E-02 -5.52076E-05 -9.07659E-02
8.98998E+01 -9.50018E-02 -5.51244E-05 -9.57787E-02
8.99998E+01 -1.00002E-01 -5.49645E-05 -1.00794E-01
9.00998E+01 -1.05002E-01 -5.47205E-05 -1.05809E-01
9.01998E+01 -1.10002E-01 -5.43940E-05 -1.10813E-01
9.02998E+01 -1.15002E-01 -5.39741E-05 -1.15805E-01
9.03998E+01 -1.20002E-01 -5.34688E-05 -1.20797E-01
9.04998E+01 -1.25002E-01 -5.28828E-05 -1.25809E-01
9.05998E+01 -1.30002E-01 -5.22343E-05 -1.30780E-01
9.06998E+01 -1.35002E-01 -5.15197E-05 -1.35797E-01
9.07998E+01 -1.40002E-01 -5.07357E-05 -1.40814E-01
9.08998E+01 -1.45002E-01 -4.98813E-05 -1.45809E-01
9.09998E+01 -1.50002E-01 -4.89652E-05 -1.50790E-01
9.10998E+01 -1.55002E-01 -4.80037E-05 -1.55815E-01
9.11998E+01 -1.60002E-01 -4.70176E-05 -1.60837E-01
9.12998E+01 -1.65002E-01 -4.60459E-05 -1.65835E-01
9.13998E+01 -1.70002E-01 -4.51193E-05 -1.70815E-01
9.14998E+01 -1.75002E-01 -4.42619E-05 -1.75838E-01
9.15998E+01 -1.80002E-01 -4.34867E-05 -1.80828E-01
9.16998E+01 -1.85002E-01 -4.27940E-05 -1.85846E-01
9.17998E+01 -1.90002E-01 -4.21833E-05 -1.90828E-01
9.18998E+01 -1.95002E-01 -4.16328E-05 -1.95824E-01
9.19998E+01 -2.00002E-01 -4.11420E-05 -2.00862E-01
9.20998E+01 -2.05001E-01 -4.06925E-05 -2.05861E-01
9.21998E+01 -2.10001E-01 -4.02787E-05 -2.10820E-01
9.22998E+01 -2.15001E-01 -3.99034E-05 -2.15854E-01
9.23998E+01 -2.20001E-01 -3.95524E-05 -2.20860E-01
9.24998E+01 -2.25001E-01 -3.92297E-05 -2.25850E-01
9.25998E+01 -2.30001E-01 -3.89310E-05 -2.30840E-01
9.26998E+01 -2.35001E-01 -3.86580E-05 -2.35866E-01
9.27998E+01 -2.40001E-01 -3.84024E-05 -2.40853E-01
9.28998E+01 -2.45001E-01 -3.81624E-05 -2.45867E-01
9.29998E+01 -2.50001E-01 -3.79379E-05 -2.50850E-01
9.30998E+01 -2.55001E-01 -3.77246E-05 -2.55871E-01
9.31998E+01 -2.60001E-01 -3.75180E-05 -2.60877E-01
9.32998E+01 -2.65001E-01 -3.73264E-05 -2.65876E-01
9.33998E+01 -2.70001E-01 -3.71410E-05 -2.70873E-01
9.34998E+01 -2.75001E-01 -3.69595E-05 -2.75878E-01
9.35998E+01 -2.80001E-01 -3.67906E-05 -2.80875E-01
9.36998E+01 -2.85001E-01 -3.66325E-05 -2.85853E-01
9.37998E+01 -2.90001E-01 -3.64748E-05 -2.90851E-01
9.38998E+01 -2.95001E-01 -3.63246E-05 -2.95865E-01
9.39998E+01 -3.00001E-01 -3.61779E-05 -3.00888E-01
9.40998E+01 -3.05001E-01 -3.60386E-05 -3.05884E-01
9.41998E+01 -3.10001E-01 -3.59046E-05 -3.10878E-01
9.42998E+01 -3.15001E-01 -3.57745E-05 -3.15880E-01
9.43998E+01 -3.20001E-01 -3.56478E-05 -3.20871E-01
9.44998E+01 -3.25001E-01 -3.55294E-05 -3.25902E-01
9.45998E+01 -3.30001E-01 -3.54088E-05 -3.30918E-01
9.46998E+01 -3.35001E-01 -3.52904E-05 -3.35890E-01
9.47998E+01 -3.40001E-01 -3.51789E-05 -3.40904E-01
9.48998E+01 -3.45001E-01 -3.50671E-05 -3.45915E-01
9.49998E+01 -3.50001E-01 -3.49567E-05 -3.50904E-01
9.50998E+01 -3.55001E-01 -3.48512E-05 -3.55934E-01
9.51998E+01 -3.60001E-01 -3.47466E-05 -3.60916E-01
9.52998E+01 -3.65001E-01 -3.46454E-05 -3.65913E-01
9.53998E+01 -3.70001E-01 -3.45480E-05 -3.70916E-01
9.54998E+01 -3.75001E-01 -3.44540E-05 -3.75936E-01
9.55998E+01 -3.80001E-01 -3.43569E-05 -3.80966E-01
9.56998E+01 -3.85001E-01 -3.42663E-05 -3.85959E-01
9.57998E+01 -3.90001E-01 -3.41730E-05 -3.90953E-01
9.58998E+01 -3.95001E-01 -3.40842E-05 -3.95958E-01
9.59998E+01 -4.00001E-01 -3.39986E-05 -4.00949E-01
9.60998E+01 -4.05001E-01 -3.39166E-05 -4.05945E-01
9.61998E+01 -4.10001E-01 -3.38363E-05 -4.10973E-01
9.62998E+01 -4.15001E-01 -3.37594E-05 -4.15967E-01
9.63998E+01 -4.20001E-01 -3.36942E-05 -4.20960E-01
9.64998E+01 -4.25001E-01 -3.36309E-05 -4.25961E-01
9.65998E+01 -4.30001E-01 -3.35698E-05 -4.30959E-01
9.66998E+01 -4.35001E-01 -3.35100E-05 -4.35968E-01
9.67998E+01 -4.40001E-01 -3.34582E-05 -4.40981E-01
9.68998E+01 -4.45001E-01 -3.34101E-05 -4.45962E-01
9.69998E+01 -4.50001E-01 -3.33675E-05 -4.50965E-01
9.70998E+01 -4.55001E-01 -3.33302E-05 -4.55995E-01
9.71998E+01 -4.60001E-01 -3.32973E-05 -4.60988E-01
9.72998E+01 -4.65001E-01 -3.32654E-05 -4.65983E-01
9.73998E+01 -4.70001E-01 -3.32386E-05 -4.70973E-01
9.74998E+01 -4.75001E-01 -3.32168E-05 -4.76014E-01
9.75998E+01 -4.80001E-01 -3.32027E-05 -4.81016E-01
9.76998E+01 -4.85001E-01 -3.32007E-05 -4.86023E-01
9.77998E+01 -4.90001E-01 -3.31956E-05 -4.91027E-01
9.78998E+01 -4.95001E-01 -3.32016E-05 -4.96046E-01
9.79998E+01 -5.00001E-01 -3.32125E-05 -5.01017E-01
9.80998E+01 -5.05001E-01 -3.32361E-05 -5.06039E-01
9.81998E+01 -5.10001E-01 -3.32537E-05 -5.11019E-01
9.82998E+01 -5.15001E-01 -3.32818E-05 -5.16041E-01
9.83998E+01 -5.20001E-01 -3.33146E-05 -5.21036E-01
9.84998E+01 -5.25001E-01 -3.33514E-05 -5.26029E-01
9.85998E+01 -5.30001E-01 -3.33929E-05 -5.31049E-01
9.86998E+01 -5.35001E-01 -3.34430E-05 -5.36052E-01
9.87998E+01 -5.40001E-01 -3.34992E-05 -5.41034E-01
9.88998E+01 -5.45001E-01 -3.35566E-05 -5.46051E-01
9.89998E+01 -5.50001E-01 -3.36491E-05 -5.51052E-01
9.90998E+01 -5.55001E-01 -3.36869E-05 -5.56041E-01
9.91998E+01 -5.60001E-01 -3.37528E-05 -5.61043E-01
9.92998E+01 -5.65001E-01 -3.38261E-05 -5.66035E-01
9.93998E+01 -5.70001E-01 -3.38979E-05 -5.71054E-01
9.94998E+01 -5.75001E-01 -3.39725E-05 -5.76058E-01
9.95998E+01 -5.80001E-01 -3.40546E-05 -5.81050E-01
9.96998E+01 -5.85001E-01 -3.41345E-05 -5.86051E-01
9.97998E+01 -5.90001E-01 -3.42174E-05 -5.91064E-01
9.98998E+01 -5.95001E-01 -3.42991E-05 -5.96091E-01
9.99997E+01 -6.00001E-01 -3.43860E-05 -6.01068E-01
1.00100E+02 -6.05000E-01 -3.44693E-05 -6.06067E-01
1.00200E+02 -6.10000E-01 -3.45571E-05 -6.11090E-01
1.00300E+02 -6.15000E-01 -3.46457E-05 -6.16087E-01
1.00400E+02 -6.20000E-01 -3.47284E-05 -6.21070E-01
1.00500E+02 -6.25000E-01 -3.48088E-05 -6.26080E-01
1.00600E+02 -6.30000E-01 -3.48947E-05 -6.31089E-01
1.00700E+02 -6.35000E-01 -3.49782E-05 -6.36104E-01
1.00800E+02 -6.40000E-01 -3.50611E-05 -6.41106E-01
1.00900E+02 -6.45000E-01 -3.51432E-05 -6.46086E-01
1.01000E+02 -6.50000E-01 -3.52245E-05 -6.51085E-01
1.01100E+02 -6.55000E-01 -3.53045E-05 -6.56131E-01
1.01200E+02 -6.60000E-01 -3.53833E-05 -6.61149E-01
1.01300E+02 -6.65000E-01 -3.54586E-05 -6.66121E-01
1.01400E+02 -6.70000E-01 -3.55314E-05 -6.71128E-01
1.01500E+02 -6.75000E-01 -3.56055E-05 -6.76143E-01
1.01600E+02 -6.80000E-01 -3.56790E-05 -6.81146E-01
1.01700E+02 -6.85000E-01 -3.57477E-05 -6.86140E-01
1.01800E+02 -6.90000E-01 -3.58133E-05 -6.91124E-01
1.01900E+02 -6.95000E-01 -3.58783E-05 -6.96155E-01
1.02000E+02 -7.00000E-01 -3.59426E-05 -7.01139E-01
1.02100E+02 -7.05000E-01 -3.60023E-05 -7.06150E-01
1.02200E+02 -7.10000E-01 -3.60645E-05 -7.11137E-01
1.02300E+02 -7.15000E-01 -3.61220E-05 -7.16172E-01
1.02400E+02 -7.20000E-01 -3.61787E-05 -7.21170E-01
1.02500E+02 -7.25000E-01 -3.62326E-05 -7.26173E-01
1.02600E+02 -7.30000E-01 -3.62876E-05 -7.31153E-01
1.02700E+02 -7.35000E-01 -3.63402E-05 -7.36169E-01
1.02800E+02 -7.40000E-01 -3.63919E-05 -7.41155E-01
1.02900E+02 -7.45000E-01 -3.64461E-05 -7.46152E-01
1.03000E+02 -7.50000E-01 -3.64969E-05 -7.51173E-01
1.03100E+02 -7.55000E-01 -3.65446E-05 -7.56171E-01
1.03200E+02 -7.60000E-01 -3.65919E-05 -7.61170E-01
1.03300E+02 -7.65000E-01 -3.66422E-05 -7.66154E-01
1.03400E+02 -7.70000E-01 -3.66908E-05 -7.71176E-01
1.03500E+02 -7.75000E-01 -3.67460E-05 -7.76177E-01
1.03600E+02 -7.80000E-01 -3.67966E-05 -7.81180E-01
1.03700E+02 -7.85000E-01 -3.68463E-05 -7.86153E-01
1.03800E+02 -7.90000E-01 -3.68995E-05 -7.91138E-01
1.03900E+02 -7.95000E-01 -3.69513E-05 -7.96169E-01
