time/s      E/V        I/A
0.00000E+00 -8.00000E-01 -6.32360E-05 -8.01095E-01
9.99997E-02 -7.95000E-01 -4.73361E-05 -7.96097E-01
1.99999E-01 -7.90000E-01 -4.01310E-05 -7.91081E-01
2.99999E-01 -7.85000E-01 -3.57486E-05 -7.86092E-01
3.99999E-01 -7.80000E-01 -3.74243E-05 -7.81085E-01
4.99999E-01 -7.75000E-01 -3.44238E-05 -7.76082E-01
5.99998E-01 -7.70000E-01 -3.34393E-05 -7.71063E-01
6.99998E-01 -7.65000E-01 -3.16016E-05 -7.66074E-01
7.99998E-01 -7.60000E-01 -3.01943E-05 -7.61115E-01
8.99998E-01 -7.55000E-01 -2.87083E-05 -7.56081E-01
9.99997E-01 -7.50000E-01 -2.74854E-05 -7.51095E-01
1.10000E+00 -7.45000E-01 -2.64933E-05 -7.46085E-01
1.20000E+00 -7.40000E-01 -2.55527E-05 -7.41098E-01
1.30000E+00 -7.35000E-01 -2.47687E-05 -7.36084E-01
1.40000E+00 -7.30000E-01 -2.40327E-05 -7.31085E-01
1.50000E+00 -7.25000E-01 -2.33589E-05 -7.26083E-01
1.60000E+00 -7.20000E-01 -2.27542E-05 -7.21124E-01
1.70000E+00 -7.15000E-01 -2.22052E-05 -7.16104E-01
1.80000E+00 -7.10000E-01 -2.16657E-05 -7.11075E-01
1.90000E+00 -7.05000E-01 -2.11396E-05 -7.06075E-01
1.99999E+00 -7.00000E-01 -2.06640E-05 -7.01093E-01
2.09999E+00 -6.95000E-01 -2.02135E-05 -6.96079E-01
2.19999E+00 -6.90000E-01 -1.97792E-05 -6.91078E-01
2.29999E+00 -6.85000E-01 -1.93647E-05 -6.86074E-01
2.39999E+00 -6.80000E-01 -1.89749E-05 -6.81074E-01
2.49999E+00 -6.75000E-01 -1.86112E-05 -6.76065E-01
2.59999E+00 -6.70000E-01 -1.82198E-05 -6.71062E-01
2.69999E+00 -6.65000E-01 -1.78530E-05 -6.66050E-01
2.79999E+00 -6.60000E-01 -1.74990E-05 -6.61059E-01
2.89999E+00 -6.55000E-01 -1.71931E-05 -6.56070E-01
2.99999E+00 -6.50000E-01 -1.68712E-05 -6.51038E-01
3.09999E+00 -6.45000E-01 -1.65541E-05 -6.46038E-01
3.19999E+00 -6.40000E-01 -1.62448E-05 -6.41043E-01
3.29999E+00 -6.35000E-01 -1.59791E-05 -6.36035E-01
3.39999E+00 -6.30000E-01 -1.56912E-05 -6.31021E-01
3.49999E+00 -6.25000E-01 -1.54424E-05 -6.26012E-01
3.59999E+00 -6.20000E-01 -1.51883E-05 -6.21023E-01
3.69999E+00 -6.15000E-01 -1.49374E-05 -6.16033E-01
3.79999E+00 -6.10000E-01 -1.46900E-05 -6.11013E-01
3.89999E+00 -6.05000E-01 -1.44521E-05 -6.06007E-01
3.99999E+00 -6.00001E-01 -1.42252E-05 -6.01015E-01
4.09999E+00 -5.95001E-01 -1.40283E-05 -5.96024E-01
4.19999E+00 -5.90001E-01 -1.37820E-05 -5.91005E-01
4.29999E+00 -5.85001E-01 -1.35259E-05 -5.85990E-01
4.39999E+00 -5.80001E-01 -1.33066E-05 -5.80992E-01
4.49999E+00 -5.75001E-01 -1.31053E-05 -5.75993E-01
4.59999E+00 -5.70001E-01 -1.28935E-05 -5.70998E-01
4.69999E+00 -5.65001E-01 -1.26831E-05 -5.65983E-01
4.79999E+00 -5.60001E-01 -1.25046E-05 -5.60990E-01
4.89999E+00 -5.55001E-01 -1.23300E-05 -5.55981E-01
4.99999E+00 -5.50001E-01 -1.21405E-05 -5.50994E-01
5.09999E+00 -5.45001E-01 -1.19500E-05 -5.45989E-01
5.19999E+00 -5.40001E-01 -1.17596E-05 -5.40964E-01
5.29999E+00 -5.35001E-01 -1.15928E-05 -5.35984E-01
5.39999E+00 -5.30001E-01 -1.14304E-05 -5.30992E-01
5.49999E+00 -5.25001E-01 -1.12692E-05 -5.25975E-01
5.59999E+00 -5.20001E-01 -1.10928E-05 -5.20976E-01
5.69999E+00 -5.15001E-01 -1.09291E-05 -5.15981E-01
5.79999E+00 -5.10001E-01 -1.07712E-05 -5.10961E-01
5.89999E+00 -5.05001E-01 -1.06401E-05 -5.05980E-01
5.99998E+00 -5.00001E-01 -1.04970E-05 -5.00958E-01
6.09998E+00 -4.95001E-01 -1.03685E-05 -4.95973E-01
6.19998E+00 -4.90001E-01 -1.02173E-05 -4.90931E-01
6.29998E+00 -4.85001E-01 -1.00871E-05 -4.85947E-01
6.39998E+00 -4.80001E-01 -9.93950E-06 -4.80952E-01
6.49998E+00 -4.75001E-01 -9.79826E-06 -4.75917E-01
6.59998E+00 -4.70001E-01 -9.65632E-06 -4.70905E-01
6.69998E+00 -4.65001E-01 -9.51710E-06 -4.65900E-01
6.79998E+00 -4.60001E-01 -9.35069E-06 -4.60929E-01
6.89998E+00 -4.55001E-01 -9.19315E-06 -4.55927E-01
6.99998E+00 -4.50001E-01 -9.05199E-06 -4.50919E-01
7.09998E+00 -4.45001E-01 -8.92322E-06 -4.45930E-01
7.19998E+00 -4.40001E-01 -8.80202E-06 -4.40939E-01
7.29998E+00 -4.35001E-01 -8.66888E-06 -4.35937E-01
7.39998E+00 -4.30001E-01 -8.54176E-06 -4.30911E-01
7.49998E+00 -4.25001E-01 -8.43379E-06 -4.25907E-01
7.59998E+00 -4.20001E-01 -8.30252E-06 -4.20913E-01
7.69998E+00 -4.15001E-01 -8.16608E-06 -4.15915E-01
7.79998E+00 -4.10001E-01 -8.02886E-06 -4.10902E-01
7.89998E+00 -4.05001E-01 -7.90867E-06 -4.05909E-01
7.99998E+00 -4.00001E-01 -7.79392E-06 -4.00892E-01
8.09998E+00 -3.95001E-01 -7.67705E-06 -3.95902E-01
8.19998E+00 -3.90001E-01 -7.55665E-06 -3.90909E-01
8.29998E+00 -3.85001E-01 -7.43813E-06 -3.85872E-01
8.39998E+00 -3.80001E-01 -7.31806E-06 -3.80890E-01
8.49998E+00 -3.75001E-01 -7.19916E-06 -3.75900E-01
8.59998E+00 -3.70001E-01 -7.07962E-06 -3.70912E-01
8.69998E+00 -3.65001E-01 -6.96107E-06 -3.65876E-01
8.79998E+00 -3.60001E-01 -6.85005E-06 -3.60888E-01
8.89998E+00 -3.55001E-01 -6.73885E-06 -3.55898E-01
8.99998E+00 -3.50001E-01 -6.63020E-06 -3.50877E-01
9.09998E+00 -3.45001E-01 -6.49548E-06 -3.45864E-01
9.19998E+00 -3.40001E-01 -6.39291E-06 -3.40864E-01
9.29998E+00 -3.35001E-01 -6.30643E-06 -3.35868E-01
9.39998E+00 -3.30001E-01 -6.18956E-06 -3.30858E-01
9.49998E+00 -3.25001E-01 -6.04349E-06 -3.25852E-01
9.59998E+00 -3.20001E-01 -5.94172E-06 -3.20840E-01
9.69998E+00 -3.15001E-01 -5.87373E-06 -3.15846E-01
9.79998E+00 -3.10001E-01 -5.71535E-06 -3.10836E-01
9.89998E+00 -3.05001E-01 -5.60557E-06 -3.05856E-01
9.99997E+00 -3.00001E-01 -5.47985E-06 -3.00833E-01
1.01000E+01 -2.95001E-01 -5.36026E-06 -2.95825E-01
1.02000E+01 -2.90001E-01 -5.28160E-06 -2.90831E-01
1.03000E+01 -2.85001E-01 -5.16358E-06 -2.85833E-01
1.04000E+01 -2.80001E-01 -5.06755E-06 -2.80851E-01
1.05000E+01 -2.75001E-01 -4.95931E-06 -2.75807E-01
1.06000E+01 -2.70001E-01 -4.84501E-06 -2.70813E-01
1.07000E+01 -2.65001E-01 -4.74796E-06 -2.65808E-01
1.08000E+01 -2.60001E-01 -4.62341E-06 -2.60839E-01
1.09000E+01 -2.55001E-01 -4.51151E-06 -2.55821E-01
1.10000E+01 -2.50001E-01 -4.38715E-06 -2.50805E-01
1.11000E+01 -2.45001E-01 -4.28857E-06 -2.45826E-01
1.12000E+01 -2.40001E-01 -4.16795E-06 -2.40834E-01
1.13000E+01 -2.35001E-01 -4.07097E-06 -2.35828E-01
1.14000E+01 -2.30001E-01 -3.94603E-06 -2.30799E-01
1.15000E+01 -2.25001E-01 -3.84248E-06 -2.25805E-01
1.16000E+01 -2.20001E-01 -3.75113E-06 -2.20801E-01
1.17000E+01 -2.15001E-01 -3.64606E-06 -2.15806E-01
1.18000E+01 -2.10001E-01 -3.53222E-06 -2.10809E-01
1.19000E+01 -2.05001E-01 -3.42148E-06 -2.05806E-01
1.20000E+01 -2.00002E-01 -3.29964E-06 -2.00804E-01
1.21000E+01 -1.95002E-01 -3.18286E-06 -1.95800E-01
1.22000E+01 -1.90002E-01 -3.06839E-06 -1.90788E-01
1.23000E+01 -1.85002E-01 -2.95110E-06 -1.85799E-01
1.24000E+01 -1.80002E-01 -2.83611E-06 -1.80794E-01
1.25000E+01 -1.75002E-01 -2.71384E-06 -1.75767E-01
1.26000E+01 -1.70002E-01 -2.59775E-06 -1.70777E-01
1.27000E+01 -1.65002E-01 -2.47714E-06 -1.65773E-01
1.28000E+01 -1.60002E-01 -2.36032E-06 -1.60774E-01
1.29000E+01 -1.55002E-01 -2.24124E-06 -1.55758E-01
1.30000E+01 -1.50002E-01 -2.12518E-06 -1.50749E-01
1.31000E+01 -1.45002E-01 -2.00654E-06 -1.45772E-01
1.32000E+01 -1.40002E-01 -1.88275E-06 -1.40776E-01
1.33000E+01 -1.35002E-01 -1.75920E-06 -1.35760E-01
1.34000E+01 -1.30002E-01 -1.64113E-06 -1.30744E-01
1.35000E+01 -1.25002E-01 -1.51900E-06 -1.25755E-01
1.36000E+01 -1.20002E-01 -1.39880E-06 -1.20755E-01
1.37000E+01 -1.15002E-01 -1.28129E-06 -1.15761E-01
1.38000E+01 -1.10002E-01 -1.15629E-06 -1.10746E-01
1.39000E+01 -1.05002E-01 -1.03335E-06 -1.05750E-01
1.40000E+01 -1.00002E-01 -9.05561E-07 -1.00772E-01
1.41000E+01 -9.50018E-02 -7.88524E-07 -9.57581E-02
1.42000E+01 -9.00018E-02 -6.66674E-07 -9.07434E-02
1.43000E+01 -8.50018E-02 -5.29891E-07 -8.57325E-02
1.44000E+01 -8.00018E-02 -4.05407E-07 -8.07528E-02
1.45000E+01 -7.50018E-02 -2.87829E-07 -7.57326E-02
1.46000E+01 -7.00018E-02 -1.70325E-07 -7.07310E-02
1.47000E+01 -6.50018E-02 -4.82499E-08 -6.57214E-02
1.48000E+01 -6.00019E-02 8.01736E-08  -6.07479E-02
1.49000E+01 -5.50019E-02 2.12085E-07  -5.57220E-02
1.50000E+01 -5.00019E-02 3.22009E-07  -5.07093E-02
1.51000E+01 -4.50019E-02 4.22124E-07  -4.57196E-02
1.52000E+01 -4.00019E-02 5.43562E-07  -4.07218E-02
1.53000E+01 -3.50019E-02 6.46718E-07  -3.57071E-02
1.54000E+01 -3.00019E-02 7.33421E-07  -3.07037E-02
1.55000E+01 -2.50019E-02 8.91554E-07  -2.56784E-02
1.56000E+01 -2.00020E-02 1.04561E-06  -2.07031E-02
1.57000E+01 -1.50020E-02 1.16959E-06  -1.56922E-02
1.58000E+01 -1.00020E-02 1.30186E-06  -1.06763E-02
1.59000E+01 -5.00199E-03 1.42191E-06  -5.69036E-03
1.60000E+01 -2.00000E-06 1.54806E-06  -6.81902E-04
1.61000E+01 4.99799E-03  1.68468E-06  4.30089E-03 
1.62000E+01 9.99797E-03  1.80110E-06  9.33676E-03 
1.63000E+01 1.49980E-02  1.92262E-06  1.43408E-02 
1.64000E+01 1.99979E-02  2.04345E-06  1.93605E-02 
1.65000E+01 2.49979E-02  2.17429E-06  2.43308E-02 
1.66000E+01 2.99979E-02  2.30737E-06  2.93554E-02 
1.67000E+01 3.49979E-02  2.43341E-06  3.43614E-02 
1.68000E+01 3.99979E-02  2.56458E-06  3.93579E-02 
1.69000E+01 4.49979E-02  2.69577E-06  4.43582E-02 
1.70000E+01 4.99979E-02  2.82688E-06  4.93335E-02 
1.71000E+01 5.49979E-02  2.95942E-06  5.43426E-02 
1.72000E+01 5.99978E-02  3.10030E-06  5.93679E-02 
1.73000E+01 6.49978E-02  3.23116E-06  6.43750E-02 
1.74000E+01 6.99978E-02  3.36345E-06  6.93403E-02 
1.75000E+01 7.49978E-02  3.50073E-06  7.43668E-02 
1.76000E+01 7.99978E-02  3.63906E-06  7.93908E-02 
1.77000E+01 8.49978E-02  3.78120E-06  8.43481E-02 
1.78000E+01 8.99978E-02  3.92777E-06  8.93721E-02 
1.79000E+01 9.49978E-02  4.07371E-06  9.43599E-02 
1.80000E+01 9.99977E-02  4.22320E-06  9.93608E-02 
1.81000E+01 1.04998E-01  4.36499E-06  1.04382E-01 
1.82000E+01 1.09998E-01  4.50043E-06  1.09343E-01 
1.83000E+01 1.14998E-01  4.66327E-06  1.14354E-01 
1.84000E+01 1.19998E-01  4.79993E-06  1.19384E-01 
1.85000E+01 1.24998E-01  4.94562E-06  1.24377E-01 
1.86000E+01 1.29998E-01  5.08940E-06  1.29359E-01 
1.87000E+01 1.34998E-01  5.23804E-06  1.34367E-01 
1.88000E+01 1.39998E-01  5.39172E-06  1.39398E-01 
1.89000E+01 1.44998E-01  5.54458E-06  1.44386E-01 
1.90000E+01 1.49998E-01  5.70648E-06  1.49403E-01 
1.91000E+01 1.54998E-01  5.86423E-06  1.54404E-01 
1.92000E+01 1.59998E-01  6.02140E-06  1.59421E-01 
1.93000E+01 1.64998E-01  6.17305E-06  1.64427E-01 
1.94000E+01 1.69998E-01  6.33482E-06  1.69394E-01 
1.95000E+01 1.74998E-01  6.49688E-06  1.74424E-01 
1.96000E+01 1.79998E-01  6.64715E-06  1.79439E-01 
1.97000E+01 1.84998E-01  6.82539E-06  1.84427E-01 
1.98000E+01 1.89998E-01  7.00759E-06  1.89416E-01 
1.99000E+01 1.94998E-01  7.18372E-06  1.94416E-01 
1.99999E+01 1.99997E-01  7.36564E-06  1.99455E-01 
2.00999E+01 2.04997E-01  7.55589E-06  2.04429E-01 
2.01999E+01 2.09997E-01  7.73951E-06  2.09424E-01 
2.02999E+01 2.14997E-01  7.89631E-06  2.14430E-01 
2.03999E+01 2.19997E-01  8.07474E-06  2.19441E-01 
2.04999E+01 2.24997E-01  8.29320E-06  2.24429E-01 
2.05999E+01 2.29997E-01  8.49829E-06  2.29442E-01 
2.06999E+01 2.34997E-01  8.70390E-06  2.34443E-01 
2.07999E+01 2.39997E-01  8.90310E-06  2.39475E-01 
2.08999E+01 2.44997E-01  9.12108E-06  2.44461E-01 
2.09999E+01 2.49997E-01  9.33692E-06  2.49469E-01 
2.10999E+01 2.54997E-01  9.55863E-06  2.54471E-01 
2.11999E+01 2.59997E-01  9.77872E-06  2.59496E-01 
2.12999E+01 2.64997E-01  1.00054E-05  2.64489E-01 
2.13999E+01 2.69997E-01  1.02311E-05  2.69485E-01 
2.14999E+01 2.74997E-01  1.04676E-05  2.74476E-01 
2.15999E+01 2.79997E-01  1.07013E-05  2.79497E-01 
2.16999E+01 2.84997E-01  1.09390E-05  2.84498E-01 
2.17999E+01 2.89997E-01  1.11803E-05  2.89493E-01 
2.18999E+01 2.94997E-01  1.14254E-05  2.94475E-01 
2.19999E+01 2.99997E-01  1.16763E-05  2.99507E-01 
2.20999E+01 3.04997E-01  1.19293E-05  3.04502E-01 
2.21999E+01 3.09997E-01  1.21896E-05  3.09504E-01 
2.22999E+01 3.14997E-01  1.24477E-05  3.14498E-01 
2.23999E+01 3.19997E-01  1.27157E-05  3.19516E-01 
2.24999E+01 3.24997E-01  1.29880E-05  3.24508E-01 
2.25999E+01 3.29997E-01  1.32604E-05  3.29515E-01 
2.26999E+01 3.34997E-01  1.35429E-05  3.34508E-01 
2.27999E+01 3.39997E-01  1.38328E-05  3.39519E-01 
2.28999E+01 3.44997E-01  1.41242E-05  3.44506E-01 
2.29999E+01 3.49997E-01  1.44186E-05  3.49529E-01 
2.30999E+01 3.54997E-01  1.47166E-05  3.54553E-01 
2.31999E+01 3.59997E-01  1.50206E-05  3.59527E-01 
2.32999E+01 3.64997E-01  1.53377E-05  3.64509E-01 
2.33999E+01 3.69997E-01  1.56502E-05  3.69524E-01 
2.34999E+01 3.74997E-01  1.59706E-05  3.74541E-01 
2.35999E+01 3.79997E-01  1.63003E-05  3.79528E-01 
2.36999E+01 3.84997E-01  1.66260E-05  3.84520E-01 
2.37999E+01 3.89997E-01  1.69703E-05  3.89518E-01 
2.38999E+01 3.94997E-01  1.73090E-05  3.94529E-01 
2.39999E+01 3.99997E-01  1.76594E-05  3.99523E-01 
2.40999E+01 4.04997E-01  1.80066E-05  4.04534E-01 
2.41999E+01 4.09997E-01  1.83691E-05  4.09516E-01 
2.42999E+01 4.14997E-01  1.87343E-05  4.14539E-01 
2.43999E+01 4.19997E-01  1.91045E-05  4.19553E-01 
2.44999E+01 4.24997E-01  1.94782E-05  4.24549E-01 
2.45999E+01 4.29997E-01  1.98524E-05  4.29551E-01 
2.46999E+01 4.34997E-01  2.02434E-05  4.34579E-01 
2.47999E+01 4.39997E-01  2.06402E-05  4.39571E-01 
2.48999E+01 4.44997E-01  2.10401E-05  4.44563E-01 
2.49999E+01 4.49997E-01  2.14907E-05  4.49559E-01 
2.50999E+01 4.54997E-01  2.18963E-05  4.54567E-01 
2.51999E+01 4.59997E-01  2.23152E-05  4.59591E-01 
2.52999E+01 4.64997E-01  2.27346E-05  4.64591E-01 
2.53999E+01 4.69997E-01  2.31578E-05  4.69596E-01 
2.54999E+01 4.74997E-01  2.35809E-05  4.74602E-01 
2.55999E+01 4.79997E-01  2.40120E-05  4.79604E-01 
2.56999E+01 4.84997E-01  2.44459E-05  4.84617E-01 
2.57999E+01 4.89997E-01  2.48911E-05  4.89606E-01 
2.58999E+01 4.94997E-01  2.53357E-05  4.94618E-01 
2.59999E+01 4.99997E-01  2.57796E-05  4.99620E-01 
2.60999E+01 5.04997E-01  2.62355E-05  5.04605E-01 
2.61999E+01 5.09997E-01  2.66951E-05  5.09623E-01 
2.62999E+01 5.14997E-01  2.71561E-05  5.14617E-01 
2.63999E+01 5.19997E-01  2.76032E-05  5.19609E-01 
2.64999E+01 5.24997E-01  2.80638E-05  5.24619E-01 
2.65999E+01 5.29997E-01  2.85277E-05  5.29632E-01 
2.66999E+01 5.34997E-01  2.89890E-05  5.34651E-01 
2.67999E+01 5.39997E-01  2.94421E-05  5.39651E-01 
2.68999E+01 5.44997E-01  2.99110E-05  5.44625E-01 
2.69999E+01 5.49997E-01  3.03599E-05  5.49630E-01 
2.70999E+01 5.54997E-01  3.08208E-05  5.54657E-01 
2.71999E+01 5.59997E-01  3.12786E-05  5.59665E-01 
2.72999E+01 5.64997E-01  3.17400E-05  5.64632E-01 
2.73999E+01 5.69997E-01  3.21996E-05  5.69663E-01 
2.74999E+01 5.74997E-01  3.26157E-05  5.74674E-01 
2.75999E+01 5.79997E-01  3.30207E-05  5.79666E-01 
2.76999E+01 5.84997E-01  3.34799E-05  5.84643E-01 
2.77999E+01 5.89997E-01  3.39618E-05  5.89663E-01 
2.78999E+01 5.94997E-01  3.44256E-05  5.94673E-01 
2.79999E+01 5.99996E-01  3.48671E-05  5.99664E-01 
2.80999E+01 6.04996E-01  3.52748E-05  6.04664E-01 
2.81999E+01 6.09996E-01  3.56097E-05  6.09646E-01 
2.82999E+01 6.14996E-01  3.61244E-05  6.14667E-01 
2.83999E+01 6.19996E-01  3.67411E-05  6.19658E-01 
2.84999E+01 6.24996E-01  3.72504E-05  6.24661E-01 
2.85999E+01 6.29996E-01  3.76875E-05  6.29672E-01 
2.86999E+01 6.34996E-01  3.81095E-05  6.34677E-01 
2.87999E+01 6.39996E-01  3.85532E-05  6.39685E-01 
2.88999E+01 6.44996E-01  3.90463E-05  6.44683E-01 
2.89999E+01 6.49996E-01  3.92577E-05  6.49678E-01 
2.90999E+01 6.54996E-01  3.96074E-05  6.54682E-01 
2.91999E+01 6.59996E-01  4.00267E-05  6.59689E-01 
2.92999E+01 6.64996E-01  4.05603E-05  6.64691E-01 
2.93999E+01 6.69996E-01  4.10446E-05  6.69683E-01 
2.94999E+01 6.74996E-01  4.16199E-05  6.74691E-01 
2.95999E+01 6.79996E-01  4.20329E-05  6.79694E-01 
2.96999E+01 6.84996E-01  4.24632E-05  6.84704E-01 
2.97999E+01 6.89996E-01  4.28537E-05  6.89681E-01 
2.98999E+01 6.94996E-01  4.32622E-05  6.94710E-01 
2.99999E+01 6.99996E-01  4.34670E-05  6.99716E-01 
3.00999E+01 7.04996E-01  4.39429E-05  7.04716E-01 
3.01999E+01 7.09996E-01  4.44629E-05  7.09699E-01 
3.02999E+01 7.14996E-01  4.49261E-05  7.14714E-01 
3.03999E+01 7.19996E-01  4.52583E-05  7.19733E-01 
3.04999E+01 7.24996E-01  4.57076E-05  7.24722E-01 
3.05999E+01 7.29996E-01  4.60576E-05  7.29718E-01 
3.06999E+01 7.34996E-01  4.64609E-05  7.34724E-01 
3.07999E+01 7.39996E-01  4.66717E-05  7.39742E-01 
3.08999E+01 7.44996E-01  4.71496E-05  7.44718E-01 
3.09999E+01 7.49996E-01  4.76613E-05  7.49718E-01 
3.10999E+01 7.54996E-01  4.82411E-05  7.54735E-01 
3.11999E+01 7.59996E-01  4.86518E-05  7.59741E-01 
3.12999E+01 7.64996E-01  4.91470E-05  7.64738E-01 
3.13999E+01 7.69996E-01  4.96499E-05  7.69730E-01 
3.14999E+01 7.74996E-01  5.01211E-05  7.74746E-01 
3.15999E+01 7.79996E-01  5.05269E-05  7.79747E-01 
3.16999E+01 7.84996E-01  5.09766E-05  7.84764E-01 
3.17999E+01 7.89996E-01  5.14554E-05  7.89770E-01 
3.18999E+01 7.94996E-01  5.17791E-05  7.94788E-01 
3.19999E+01 7.99996E-01  5.21183E-05  7.99783E-01 
3.20999E+01 8.04996E-01  5.24617E-05  8.04781E-01 
3.21999E+01 8.09996E-01  5.28209E-05  8.09797E-01 
3.22999E+01 8.14996E-01  5.31816E-05  8.14830E-01 
3.23999E+01 8.19996E-01  5.35311E-05  8.19808E-01 
3.24999E+01 8.24996E-01  5.38938E-05  8.24785E-01 
3.25999E+01 8.29996E-01  5.42525E-05  8.29805E-01 
3.26999E+01 8.34996E-01  5.45793E-05  8.34826E-01 
3.27999E+01 8.39996E-01  5.49150E-05  8.39793E-01 
3.28999E+01 8.44996E-01  5.52419E-05  8.44808E-01 
3.29999E+01 8.49996E-01  5.55639E-05  8.49820E-01 
3.30999E+01 8.54996E-01  5.58758E-05  8.54817E-01 
3.31999E+01 8.59996E-01  5.61907E-05  8.59817E-01 
3.32999E+01 8.64996E-01  5.64876E-05  8.64819E-01 
3.33999E+01 8.69996E-01  5.67855E-05  8.69812E-01 
3.34999E+01 8.74996E-01  5.70709E-05  8.74848E-01 
3.35999E+01 8.79996E-01  5.73512E-05  8.79813E-01 
3.36999E+01 8.84996E-01  5.76208E-05  8.84829E-01 
3.37999E+01 8.89996E-01  5.79023E-05  8.89812E-01 
3.38999E+01 8.94996E-01  5.82017E-05  8.94821E-01 
3.39999E+01 8.99996E-01  5.84700E-05  8.99830E-01 
3.40999E+01 9.04996E-01  5.87749E-05  9.04840E-01 
3.41999E+01 9.09996E-01  5.90721E-05  9.09819E-01 
3.42999E+01 9.14996E-01  5.93713E-05  9.14842E-01 
3.43999E+01 9.19996E-01  5.96942E-05  9.19843E-01 
3.44999E+01 9.24996E-01  6.00231E-05  9.24845E-01 
3.45999E+01 9.29996E-01  6.03646E-05  9.29841E-01 
3.46999E+01 9.34996E-01  6.07253E-05  9.34843E-01 
3.47999E+01 9.39996E-01  6.10917E-05  9.39851E-01 
3.48999E+01 9.44996E-01  6.14885E-05  9.44863E-01 
3.49999E+01 9.49996E-01  6.18800E-05  9.49834E-01 
3.50999E+01 9.54996E-01  6.23012E-05  9.54870E-01 
3.51999E+01 9.59996E-01  6.27150E-05  9.59853E-01 
3.52999E+01 9.64996E-01  6.31367E-05  9.64865E-01 
3.53999E+01 9.69996E-01  6.35650E-05  9.69892E-01 
3.54999E+01 9.74996E-01  6.39826E-05  9.74861E-01 
3.55999E+01 9.79996E-01  6.43791E-05  9.79873E-01 
3.56999E+01 9.84996E-01  6.47734E-05  9.84872E-01 
3.57999E+01 9.89996E-01  6.51553E-05  9.89878E-01 
3.58999E+01 9.94996E-01  6.55250E-05  9.94886E-01 
3.59999E+01 9.99995E-01  6.58832E-05  9.99869E-01 
3.60999E+01 1.00500E+00  6.62152E-05  1.00489E+00 
3.61999E+01 1.01000E+00  6.65401E-05  1.00988E+00 
3.62999E+01 1.01500E+00  6.68569E-05  1.01489E+00 
3.63999E+01 1.02000E+00  6.71598E-05  1.01989E+00 
3.64999E+01 1.02500E+00  6.74671E-05  1.02489E+00 
3.65999E+01 1.03000E+00  6.77702E-05  1.02991E+00 
3.66999E+01 1.03500E+00  6.80439E-05  1.03491E+00 
3.67999E+01 1.04000E+00  6.83217E-05  1.03989E+00 
3.68999E+01 1.04500E+00  6.86043E-05  1.04491E+00 
3.69999E+01 1.05000E+00  6.88657E-05  1.04991E+00 
3.70999E+01 1.05500E+00  6.91420E-05  1.05491E+00 
3.71999E+01 1.06000E+00  6.94031E-05  1.05990E+00 
3.72999E+01 1.06500E+00  6.96823E-05  1.06491E+00 
3.73999E+01 1.07000E+00  6.99706E-05  1.06991E+00 
3.74999E+01 1.07500E+00  7.02570E-05  1.07494E+00 
3.75999E+01 1.08000E+00  7.05592E-05  1.07992E+00 
3.76999E+01 1.08500E+00  7.08588E-05  1.08491E+00 
3.77999E+01 1.09000E+00  7.11753E-05  1.08994E+00 
3.78999E+01 1.09500E+00  7.14761E-05  1.09496E+00 
3.79999E+01 1.10000E+00  7.17901E-05  1.09996E+00 
3.80999E+01 1.10500E+00  7.21293E-05  1.10496E+00 
3.81999E+01 1.11000E+00  7.24519E-05  1.10993E+00 
3.82999E+01 1.11500E+00  7.27985E-05  1.11499E+00 
3.83999E+01 1.12000E+00  7.31726E-05  1.12001E+00 
3.84999E+01 1.12500E+00  7.35407E-05  1.12500E+00 
3.85999E+01 1.13000E+00  7.39713E-05  1.13000E+00 
3.86999E+01 1.13500E+00  7.43322E-05  1.13499E+00 
3.87999E+01 1.14000E+00  7.47391E-05  1.13999E+00 
3.88999E+01 1.14500E+00  7.52048E-05  1.14502E+00 
3.89999E+01 1.15000E+00  7.56445E-05  1.15000E+00 
3.90999E+01 1.15500E+00  7.61261E-05  1.15499E+00 
3.91999E+01 1.16000E+00  7.66198E-05  1.16000E+00 
3.92999E+01 1.16500E+00  7.71575E-05  1.16501E+00 
3.93999E+01 1.17000E+00  7.77098E-05  1.17001E+00 
3.94999E+01 1.17500E+00  7.82813E-05  1.17500E+00 
3.95999E+01 1.18000E+00  7.89283E-05  1.18001E+00 
3.96999E+01 1.18500E+00  7.95352E-05  1.18501E+00 
3.97999E+01 1.19000E+00  8.01970E-05  1.19001E+00 
3.98999E+01 1.19500E+00  8.08563E-05  1.19501E+00 
3.99999E+01 1.19999E+00  8.15266E-05  1.20000E+00 
4.00999E+01 1.20499E+00  8.22273E-05  1.20501E+00 
4.01999E+01 1.20999E+00  8.29296E-05  1.21003E+00 
4.02999E+01 1.21499E+00  8.36204E-05  1.21503E+00 
4.03999E+01 1.21999E+00  8.43090E-05  1.22002E+00 
4.04999E+01 1.22499E+00  8.50050E-05  1.22501E+00 
4.05999E+01 1.22999E+00  8.56932E-05  1.23002E+00 
4.06999E+01 1.23499E+00  8.63756E-05  1.23501E+00 
4.07999E+01 1.23999E+00  8.70938E-05  1.24000E+00 
4.08999E+01 1.24499E+00  8.77994E-05  1.24502E+00 
4.09999E+01 1.24999E+00  8.85272E-05  1.25002E+00 
4.10999E+01 1.25499E+00  8.92706E-05  1.25504E+00 
4.11999E+01 1.25999E+00  8.99803E-05  1.26003E+00 
4.12999E+01 1.26499E+00  9.06713E-05  1.26504E+00 
4.13999E+01 1.26999E+00  9.14014E-05  1.27005E+00 
4.14999E+01 1.27499E+00  9.21054E-05  1.27506E+00 
4.15999E+01 1.27999E+00  9.28560E-05  1.28007E+00 
4.16999E+01 1.28499E+00  9.35996E-05  1.28505E+00 
4.17999E+01 1.28999E+00  9.44146E-05  1.29007E+00 
4.18999E+01 1.29499E+00  9.52190E-05  1.29506E+00 
4.19999E+01 1.29999E+00  9.62918E-05  1.30006E+00 
4.20999E+01 1.30499E+00  9.69376E-05  1.30505E+00 
4.21999E+01 1.30999E+00  9.77247E-05  1.31007E+00 
4.22999E+01 1.31499E+00  9.85524E-05  1.31507E+00 
4.23999E+01 1.31999E+00  9.94009E-05  1.32006E+00 
4.24999E+01 1.32499E+00  1.00245E-04  1.32507E+00 
4.25999E+01 1.32999E+00  1.01153E-04  1.33006E+00 
4.26999E+01 1.33499E+00  1.02089E-04  1.33508E+00 
4.27999E+01 1.33999E+00  1.03043E-04  1.34008E+00 
4.28999E+01 1.34499E+00  1.03961E-04  1.34506E+00 
4.29999E+01 1.34999E+00  1.04931E-04  1.35008E+00 
4.30999E+01 1.35499E+00  1.05919E-04  1.35510E+00 
4.31999E+01 1.35999E+00  1.06916E-04  1.36010E+00 
4.32999E+01 1.36499E+00  1.07912E-04  1.36509E+00 
4.33999E+01 1.36999E+00  1.08931E-04  1.37010E+00 
4.34999E+01 1.37499E+00  1.09955E-04  1.37511E+00 
4.35999E+01 1.37999E+00  1.10988E-04  1.38013E+00 
4.36999E+01 1.38499E+00  1.12035E-04  1.38513E+00 
4.37999E+01 1.38999E+00  1.13071E-04  1.39012E+00 
4.38999E+01 1.39499E+00  1.14130E-04  1.39514E+00 
4.39999E+01 1.39999E+00  1.15238E-04  1.40014E+00 
4.40999E+01 1.40499E+00  1.16371E-04  1.40514E+00 
4.41999E+01 1.40999E+00  1.17463E-04  1.41013E+00 
4.42999E+01 1.41499E+00  1.18546E-04  1.41512E+00 
4.43999E+01 1.41999E+00  1.19738E-04  1.42013E+00 
4.44999E+01 1.42499E+00  1.20806E-04  1.42517E+00 
4.45999E+01 1.42999E+00  1.21943E-04  1.43014E+00 
4.46999E+01 1.43499E+00  1.23141E-04  1.43516E+00 
4.47999E+01 1.43999E+00  1.24283E-04  1.44016E+00 
4.48999E+01 1.44499E+00  1.25426E-04  1.44515E+00 
4.49999E+01 1.44999E+00  1.26637E-04  1.45015E+00 
4.50999E+01 1.45499E+00  1.27839E-04  1.45516E+00 
4.51999E+01 1.45999E+00  1.29110E-04  1.46016E+00 
4.52999E+01 1.46499E+00  1.30433E-04  1.46515E+00 
4.53999E+01 1.46999E+00  1.31722E-04  1.47018E+00 
4.54999E+01 1.47499E+00  1.33074E-04  1.47519E+00 
4.55999E+01 1.47999E+00  1.34537E-04  1.48017E+00 
4.56999E+01 1.48499E+00  1.36035E-04  1.48515E+00 
4.57999E+01 1.48999E+00  1.37588E-04  1.49019E+00 
4.58999E+01 1.49499E+00  1.39175E-04  1.49521E+00 
4.59999E+01 1.49999E+00  1.40763E-04  1.50019E+00 
4.60999E+01 1.50499E+00  1.42444E-04  1.50517E+00 
4.61999E+01 1.50999E+00  1.44108E-04  1.51018E+00 
4.62999E+01 1.51499E+00  1.45847E-04  1.51519E+00 
4.63999E+01 1.51999E+00  1.47630E-04  1.52017E+00 
4.64999E+01 1.52499E+00  1.49471E-04  1.52517E+00 
4.65999E+01 1.52999E+00  1.51327E-04  1.53020E+00 
4.66999E+01 1.53499E+00  1.53298E-04  1.53519E+00 
4.67999E+01 1.53999E+00  1.55147E-04  1.54019E+00 
4.68999E+01 1.54499E+00  1.57071E-04  1.54519E+00 
4.69999E+01 1.54999E+00  1.59035E-04  1.55020E+00 
4.70999E+01 1.55499E+00  1.61041E-04  1.55521E+00 
4.71999E+01 1.55999E+00  1.63096E-04  1.56021E+00 
4.72999E+01 1.56499E+00  1.65114E-04  1.56517E+00 
4.73999E+01 1.56999E+00  1.67231E-04  1.57018E+00 
4.74999E+01 1.57499E+00  1.69359E-04  1.57519E+00 
4.75999E+01 1.57999E+00  1.71572E-04  1.58019E+00 
4.76999E+01 1.58499E+00  1.73855E-04  1.58520E+00 
4.77999E+01 1.58999E+00  1.76159E-04  1.59020E+00 
4.78999E+01 1.59499E+00  1.78395E-04  1.59521E+00 
4.79999E+01 1.59999E+00  1.80735E-04  1.60022E+00 
4.80999E+01 1.60499E+00  1.83193E-04  1.60524E+00 
4.81999E+01 1.60999E+00  1.85679E-04  1.61025E+00 
4.82999E+01 1.61499E+00  1.88219E-04  1.61525E+00 
4.83999E+01 1.61999E+00  1.90844E-04  1.62024E+00 
4.84999E+01 1.62499E+00  1.93493E-04  1.62527E+00 
4.85999E+01 1.62999E+00  1.96299E-04  1.63028E+00 
4.86999E+01 1.63499E+00  1.99303E-04  1.63526E+00 
4.87999E+01 1.63999E+00  2.02132E-04  1.64025E+00 
4.88999E+01 1.64499E+00  2.04996E-04  1.64528E+00 
4.89999E+01 1.64999E+00  2.08161E-04  1.65030E+00 
4.90999E+01 1.65499E+00  2.11203E-04  1.65530E+00 
4.91999E+01 1.65999E+00  2.14667E-04  1.66026E+00 
4.92999E+01 1.66499E+00  2.17786E-04  1.66530E+00 
4.93999E+01 1.66999E+00  2.21007E-04  1.67030E+00 
4.94999E+01 1.67499E+00  2.24292E-04  1.67529E+00 
4.95999E+01 1.67999E+00  2.27574E-04  1.68029E+00 
4.96999E+01 1.68499E+00  2.30927E-04  1.68530E+00 
4.97999E+01 1.68999E+00  2.34263E-04  1.69029E+00 
4.98999E+01 1.69499E+00  2.37811E-04  1.69528E+00 
4.99999E+01 1.69999E+00  2.41301E-04  1.70028E+00 
5.00999E+01 1.70499E+00  2.44818E-04  1.70530E+00 
5.01999E+01 1.70999E+00  2.48372E-04  1.71032E+00 
5.02999E+01 1.71499E+00  2.51847E-04  1.71531E+00 
5.03999E+01 1.71999E+00  2.55367E-04  1.72028E+00 
5.04999E+01 1.72499E+00  2.58914E-04  1.72529E+00 
5.05999E+01 1.72999E+00  2.62500E-04  1.73031E+00 
5.06999E+01 1.73499E+00  2.66140E-04  1.73529E+00 
5.07999E+01 1.73999E+00  2.69809E-04  1.74030E+00 
5.08999E+01 1.74499E+00  2.73374E-04  1.74531E+00 
5.09999E+01 1.74999E+00  2.76949E-04  1.75032E+00 
5.10999E+01 1.75499E+00  2.80546E-04  1.75534E+00 
5.11999E+01 1.75999E+00  2.84060E-04  1.76033E+00 
5.12999E+01 1.76499E+00  2.87600E-04  1.76535E+00 
5.13999E+01 1.76999E+00  2.91131E-04  1.77032E+00 
5.14999E+01 1.77499E+00  2.94633E-04  1.77534E+00 
5.15999E+01 1.77999E+00  2.98438E-04  1.78036E+00 
5.16999E+01 1.78499E+00  3.02025E-04  1.78538E+00 
5.17999E+01 1.78999E+00  3.05356E-04  1.79037E+00 
5.18999E+01 1.79499E+00  3.08562E-04  1.79534E+00 
5.19999E+01 1.79999E+00  3.11956E-04  1.80035E+00 
5.20999E+01 1.79499E+00  3.04996E-04  1.79536E+00 
5.21999E+01 1.78999E+00  2.98268E-04  1.79036E+00 
5.22999E+01 1.78499E+00  2.91764E-04  1.78535E+00 
5.23999E+01 1.77999E+00  2.85072E-04  1.78035E+00 
5.24999E+01 1.77499E+00  2.78830E-04  1.77533E+00 
5.25999E+01 1.76999E+00  2.72712E-04  1.77033E+00 
5.26999E+01 1.76499E+00  2.66729E-04  1.76535E+00 
5.27999E+01 1.75999E+00  2.60854E-04  1.76035E+00 
5.28999E+01 1.75499E+00  2.54994E-04  1.75532E+00 
5.29999E+01 1.74999E+00  2.49206E-04  1.75031E+00 
5.30999E+01 1.74499E+00  2.43532E-04  1.74531E+00 
5.31999E+01 1.73999E+00  2.37952E-04  1.74028E+00 
5.32999E+01 1.73499E+00  2.32491E-04  1.73531E+00 
5.33999E+01 1.72999E+00  2.27354E-04  1.73029E+00 
5.34999E+01 1.72499E+00  2.22478E-04  1.72529E+00 
5.35999E+01 1.71999E+00  2.17752E-04  1.72027E+00 
5.36999E+01 1.71499E+00  2.13150E-04  1.71527E+00 
5.37999E+01 1.70999E+00  2.08612E-04  1.71031E+00 
5.38999E+01 1.70499E+00  2.04201E-04  1.70530E+00 
5.39999E+01 1.69999E+00  1.99787E-04  1.70028E+00 
5.40999E+01 1.69499E+00  1.95483E-04  1.69530E+00 
5.41999E+01 1.68999E+00  1.91084E-04  1.69030E+00 
5.42999E+01 1.68499E+00  1.86797E-04  1.68528E+00 
5.43999E+01 1.67999E+00  1.83162E-04  1.68026E+00 
5.44999E+01 1.67499E+00  1.79093E-04  1.67529E+00 
5.45999E+01 1.66999E+00  1.75080E-04  1.67030E+00 
5.46999E+01 1.66499E+00  1.70910E-04  1.66530E+00 
5.47999E+01 1.65999E+00  1.66896E-04  1.66029E+00 
5.48999E+01 1.65499E+00  1.62931E-04  1.65529E+00 
5.49999E+01 1.64999E+00  1.58954E-04  1.65029E+00 
5.50999E+01 1.64499E+00  1.55006E-04  1.64529E+00 
5.51999E+01 1.63999E+00  1.51141E-04  1.64026E+00 
5.52999E+01 1.63499E+00  1.47255E-04  1.63529E+00 
5.53999E+01 1.62999E+00  1.43645E-04  1.63029E+00 
5.54999E+01 1.62499E+00  1.40212E-04  1.62528E+00 
5.55999E+01 1.61999E+00  1.36952E-04  1.62027E+00 
5.56999E+01 1.61499E+00  1.33628E-04  1.61526E+00 
5.57999E+01 1.60999E+00  1.30408E-04  1.61028E+00 
5.58999E+01 1.60499E+00  1.27256E-04  1.60527E+00 
5.59999E+01 1.59999E+00  1.24145E-04  1.60026E+00 
5.60999E+01 1.59499E+00  1.21156E-04  1.59524E+00 
5.61999E+01 1.58999E+00  1.18218E-04  1.59023E+00 
5.62999E+01 1.58499E+00  1.15336E-04  1.58525E+00 
5.63999E+01 1.57999E+00  1.12556E-04  1.58023E+00 
5.64999E+01 1.57499E+00  1.09868E-04  1.57524E+00 
5.65999E+01 1.56999E+00  1.07140E-04  1.57021E+00 
5.66999E+01 1.56499E+00  1.04507E-04  1.56519E+00 
5.67999E+01 1.55999E+00  1.01870E-04  1.56022E+00 
5.68999E+01 1.55499E+00  9.92409E-05  1.55522E+00 
5.69999E+01 1.54999E+00  9.66491E-05  1.55022E+00 
5.70999E+01 1.54499E+00  9.41672E-05  1.54520E+00 
5.71999E+01 1.53999E+00  9.17836E-05  1.54021E+00 
5.72999E+01 1.53499E+00  8.95158E-05  1.53521E+00 
5.73999E+01 1.52999E+00  8.73835E-05  1.53019E+00 
5.74999E+01 1.52499E+00  8.51410E-05  1.52518E+00 
5.75999E+01 1.51999E+00  8.29372E-05  1.52019E+00 
5.76999E+01 1.51499E+00  8.08071E-05  1.51519E+00 
5.77999E+01 1.50999E+00  7.87540E-05  1.51020E+00 
5.78999E+01 1.50499E+00  7.67834E-05  1.50520E+00 
5.79999E+01 1.49999E+00  7.48794E-05  1.50020E+00 
5.80999E+01 1.49499E+00  7.30199E-05  1.49520E+00 
5.81999E+01 1.48999E+00  7.12110E-05  1.49018E+00 
5.82999E+01 1.48499E+00  6.94754E-05  1.48518E+00 
5.83999E+01 1.47999E+00  6.77574E-05  1.48018E+00 
5.84999E+01 1.47499E+00  6.61348E-05  1.47519E+00 
5.85999E+01 1.46999E+00  6.45594E-05  1.47017E+00 
5.86999E+01 1.46499E+00  6.30188E-05  1.46516E+00 
5.87999E+01 1.45999E+00  6.14996E-05  1.46016E+00 
5.88999E+01 1.45499E+00  6.01014E-05  1.45519E+00 
5.89999E+01 1.44999E+00  5.87044E-05  1.45017E+00 
5.90999E+01 1.44499E+00  5.73751E-05  1.44515E+00 
5.91999E+01 1.43999E+00  5.60818E-05  1.44013E+00 
5.92999E+01 1.43499E+00  5.48390E-05  1.43516E+00 
5.93999E+01 1.42999E+00  5.36387E-05  1.43014E+00 
5.94999E+01 1.42499E+00  5.25028E-05  1.42514E+00 
5.95999E+01 1.41999E+00  5.13752E-05  1.42013E+00 
5.96999E+01 1.41499E+00  5.02893E-05  1.41511E+00 
5.97999E+01 1.40999E+00  4.92454E-05  1.41011E+00 
5.98999E+01 1.40499E+00  4.82559E-05  1.40512E+00 
5.99998E+01 1.39999E+00  4.72937E-05  1.40012E+00 
6.00998E+01 1.39499E+00  4.63792E-05  1.39510E+00 
6.01998E+01 1.38999E+00  4.54767E-05  1.39009E+00 
6.02998E+01 1.38499E+00  4.46254E-05  1.38510E+00 
6.03998E+01 1.37999E+00  4.37949E-05  1.38009E+00 
6.04998E+01 1.37499E+00  4.29971E-05  1.37510E+00 
6.05998E+01 1.36999E+00  4.22243E-05  1.37009E+00 
6.06998E+01 1.36499E+00  4.14834E-05  1.36511E+00 
6.07998E+01 1.35999E+00  4.07134E-05  1.36011E+00 
6.08998E+01 1.35499E+00  3.99483E-05  1.35511E+00 
6.09998E+01 1.34999E+00  3.93254E-05  1.35008E+00 
6.10998E+01 1.34499E+00  3.82589E-05  1.34507E+00 
6.11998E+01 1.33999E+00  3.76910E-05  1.34008E+00 
6.12998E+01 1.33499E+00  3.71182E-05  1.33510E+00 
6.13998E+01 1.32999E+00  3.65449E-05  1.33008E+00 
6.14998E+01 1.32499E+00  3.59813E-05  1.32508E+00 
6.15998E+01 1.31999E+00  3.54400E-05  1.32008E+00 
6.16998E+01 1.31499E+00  3.49115E-05  1.31508E+00 
6.17998E+01 1.30999E+00  3.44125E-05  1.31007E+00 
6.18998E+01 1.30499E+00  3.39150E-05  1.30506E+00 
6.19998E+01 1.29999E+00  3.34382E-05  1.30006E+00 
6.20998E+01 1.29499E+00  3.29673E-05  1.29507E+00 
6.21998E+01 1.28999E+00  3.25198E-05  1.29007E+00 
6.22998E+01 1.28499E+00  3.20817E-05  1.28505E+00 
6.23998E+01 1.27999E+00  3.16854E-05  1.28006E+00 
6.24998E+01 1.27499E+00  3.12912E-05  1.27505E+00 
6.25998E+01 1.26999E+00  3.08962E-05  1.27005E+00 
6.26998E+01 1.26499E+00  3.05251E-05  1.26503E+00 
6.27998E+01 1.25999E+00  3.01761E-05  1.26004E+00 
6.28998E+01 1.25499E+00  2.98336E-05  1.25505E+00 
6.29998E+01 1.24999E+00  2.94413E-05  1.25005E+00 
6.30998E+01 1.24499E+00  2.90907E-05  1.24504E+00 
6.31998E+01 1.23999E+00  2.89452E-05  1.24003E+00 
6.32998E+01 1.23499E+00  2.83848E-05  1.23503E+00 
6.33998E+01 1.22999E+00  2.79386E-05  1.23003E+00 
6.34998E+01 1.22499E+00  2.75369E-05  1.22503E+00 
6.35998E+01 1.21999E+00  2.71956E-05  1.22000E+00 
6.36998E+01 1.21499E+00  2.69245E-05  1.21501E+00 
6.37998E+01 1.20999E+00  2.66254E-05  1.21002E+00 
6.38998E+01 1.20499E+00  2.63522E-05  1.20500E+00 
6.39998E+01 1.19999E+00  2.60475E-05  1.19999E+00 
6.40998E+01 1.19500E+00  2.57596E-05  1.19501E+00 
6.41998E+01 1.19000E+00  2.54363E-05  1.19001E+00 
6.42998E+01 1.18500E+00  2.51662E-05  1.18499E+00 
6.43998E+01 1.18000E+00  2.48642E-05  1.18000E+00 
6.44998E+01 1.17500E+00  2.45880E-05  1.17500E+00 
6.45998E+01 1.17000E+00  2.42889E-05  1.17000E+00 
6.46998E+01 1.16500E+00  2.40149E-05  1.16500E+00 
6.47998E+01 1.16000E+00  2.37195E-05  1.16000E+00 
6.48998E+01 1.15500E+00  2.34497E-05  1.15500E+00 
6.49998E+01 1.15000E+00  2.31802E-05  1.15000E+00 
6.50998E+01 1.14500E+00  2.29300E-05  1.14500E+00 
6.51998E+01 1.14000E+00  2.26357E-05  1.13998E+00 
6.52998E+01 1.13500E+00  2.23951E-05  1.13497E+00 
6.53998E+01 1.13000E+00  2.21232E-05  1.13000E+00 
6.54998E+01 1.12500E+00  2.18884E-05  1.12500E+00 
6.55998E+01 1.12000E+00  2.16325E-05  1.11998E+00 
6.56998E+01 1.11500E+00  2.14130E-05  1.11499E+00 
6.57998E+01 1.11000E+00  2.11662E-05  1.10996E+00 
6.58998E+01 1.10500E+00  2.09368E-05  1.10499E+00 
6.59998E+01 1.10000E+00  2.06909E-05  1.09995E+00 
6.60998E+01 1.09500E+00  2.04759E-05  1.09496E+00 
6.61998E+01 1.09000E+00  2.02391E-05  1.08994E+00 
6.62998E+01 1.08500E+00  2.00473E-05  1.08495E+00 
6.63998E+01 1.08000E+00  1.98383E-05  1.07995E+00 
6.64998E+01 1.07500E+00  1.95970E-05  1.07498E+00 
6.65998E+01 1.07000E+00  1.93358E-05  1.06993E+00 
6.66998E+01 1.06500E+00  1.90991E-05  1.06492E+00 
6.67998E+01 1.06000E+00  1.88462E-05  1.05994E+00 
6.68998E+01 1.05500E+00  1.86154E-05  1.05495E+00 
6.69998E+01 1.05000E+00  1.83855E-05  1.04992E+00 
6.70998E+01 1.04500E+00  1.81519E-05  1.04490E+00 
6.71998E+01 1.04000E+00  1.79285E-05  1.03991E+00 
6.72998E+01 1.03500E+00  1.76880E-05  1.03491E+00 
6.73998E+01 1.03000E+00  1.74748E-05  1.02990E+00 
6.74998E+01 1.02500E+00  1.72702E-05  1.02489E+00 
6.75998E+01 1.02000E+00  1.70725E-05  1.01990E+00 
6.76998E+01 1.01500E+00  1.68799E-05  1.01490E+00 
6.77998E+01 1.01000E+00  1.66652E-05  1.00991E+00 
6.78998E+01 1.00500E+00  1.64782E-05  1.00489E+00 
6.79998E+01 9.99995E-01  1.62774E-05  9.99872E-01 
6.80998E+01 9.94996E-01  1.61063E-05  9.94880E-01 
6.81998E+01 9.89996E-01  1.59302E-05  9.89883E-01 
6.82998E+01 9.84996E-01  1.57654E-05  9.84876E-01 
6.83998E+01 9.79996E-01  1.55455E-05  9.79884E-01 
6.84998E+01 9.74996E-01  1.53095E-05  9.74876E-01 
6.85998E+01 9.69996E-01  1.50698E-05  9.69903E-01 
6.86998E+01 9.64996E-01  1.48492E-05  9.64885E-01 
6.87998E+01 9.59996E-01  1.46146E-05  9.59875E-01 
6.88998E+01 9.54996E-01  1.44162E-05  9.54870E-01 
6.89998E+01 9.49996E-01  1.42200E-05  9.49874E-01 
6.90998E+01 9.44996E-01  1.40296E-05  9.44870E-01 
6.91998E+01 9.39996E-01  1.38244E-05  9.39864E-01 
6.92998E+01 9.34996E-01  1.36163E-05  9.34873E-01 
6.93998E+01 9.29996E-01  1.33941E-05  9.29856E-01 
6.94998E+01 9.24996E-01  1.32071E-05  9.24848E-01 
6.95998E+01 9.19996E-01  1.30052E-05  9.19863E-01 
6.96998E+01 9.14996E-01  1.28057E-05  9.14867E-01 
6.97998E+01 9.09996E-01  1.26018E-05  9.09840E-01 
6.98998E+01 9.04996E-01  1.24110E-05  9.04844E-01 
6.99998E+01 8.99996E-01  1.22056E-05  8.99837E-01 
7.00998E+01 8.94996E-01  1.20167E-05  8.94865E-01 
7.01998E+01 8.89996E-01  1.18067E-05  8.89831E-01 
7.02998E+01 8.84996E-01  1.16026E-05  8.84854E-01 
7.03998E+01 8.79996E-01  1.13501E-05  8.79811E-01 
7.04998E+01 8.74996E-01  1.10984E-05  8.74823E-01 
7.05998E+01 8.69996E-01  1.11294E-05  8.69817E-01 
7.06998E+01 8.64996E-01  1.08864E-05  8.64811E-01 
7.07998E+01 8.59996E-01  1.05265E-05  8.59813E-01 
7.08998E+01 8.54996E-01  1.03926E-05  8.54828E-01 
7.09998E+01 8.49996E-01  1.02519E-05  8.49818E-01 
7.10998E+01 8.44996E-01  1.00388E-05  8.44805E-01 
7.11998E+01 8.39996E-01  9.81386E-06  8.39802E-01 
7.12998E+01 8.34996E-01  9.59561E-06  8.34811E-01 
7.13998E+01 8.29996E-01  9.38707E-06  8.29799E-01 
7.14998E+01 8.24996E-01  9.17169E-06  8.24824E-01 
7.15998E+01 8.19996E-01  8.92330E-06  8.19815E-01 
7.16998E+01 8.14996E-01  8.68441E-06  8.14805E-01 
7.17998E+01 8.09996E-01  8.38971E-06  8.09797E-01 
7.18998E+01 8.04996E-01  8.25959E-06  8.04780E-01 
7.19998E+01 7.99996E-01  8.06916E-06  7.99811E-01 
7.20998E+01 7.94996E-01  7.95119E-06  7.94792E-01 
7.21998E+01 7.89996E-01  7.57283E-06  7.89799E-01 
7.22998E+01 7.84996E-01  7.45064E-06  7.84780E-01 
7.23998E+01 7.79996E-01  7.32899E-06  7.79753E-01 
7.24998E+01 7.74996E-01  7.16141E-06  7.74745E-01 
7.25998E+01 7.69996E-01  7.02209E-06  7.69749E-01 
7.26998E+01 7.64996E-01  6.80007E-06  7.64780E-01 
7.27998E+01 7.59996E-01  6.52366E-06  7.59778E-01 
7.28998E+01 7.54996E-01  6.28809E-06  7.54730E-01 
7.29998E+01 7.49996E-01  5.98329E-06  7.49758E-01 
7.30998E+01 7.44996E-01  5.53200E-06  7.44740E-01 
7.31998E+01 7.39996E-01  5.34035E-06  7.39765E-01 
7.32998E+01 7.34996E-01  5.25499E-06  7.34732E-01 
7.33998E+01 7.29996E-01  5.17834E-06  7.29730E-01 
7.34998E+01 7.24996E-01  4.99525E-06  7.24726E-01 
7.35998E+01 7.19996E-01  4.76909E-06  7.19738E-01 
7.36998E+01 7.14996E-01  4.71407E-06  7.14750E-01 
7.37998E+01 7.09996E-01  4.45774E-06  7.09718E-01 
7.38998E+01 7.04996E-01  4.15788E-06  7.04722E-01 
7.39998E+01 6.99996E-01  3.94926E-06  6.99712E-01 
7.40998E+01 6.94996E-01  3.69957E-06  6.94709E-01 
7.41998E+01 6.89996E-01  3.51576E-06  6.89696E-01 
7.42998E+01 6.84996E-01  3.22516E-06  6.84709E-01 
7.43998E+01 6.79996E-01  2.99350E-06  6.79717E-01 
7.44998E+01 6.74996E-01  2.75667E-06  6.74696E-01 
7.45998E+01 6.69996E-01  2.40921E-06  6.69689E-01 
7.46998E+01 6.64996E-01  2.05779E-06  6.64708E-01 
7.47998E+01 6.59996E-01  1.84789E-06  6.59720E-01 
7.48998E+01 6.54996E-01  1.56997E-06  6.54712E-01 
7.49998E+01 6.49996E-01  1.43332E-06  6.49711E-01 
7.50998E+01 6.44996E-01  1.24791E-06  6.44700E-01 
7.51998E+01 6.39996E-01  1.06879E-06  6.39701E-01 
7.52998E+01 6.34996E-01  8.34298E-07  6.34692E-01 
7.53998E+01 6.29996E-01  6.32326E-07  6.29689E-01 
7.54998E+01 6.24996E-01  3.84543E-07  6.24656E-01 
7.55998E+01 6.19996E-01  1.60463E-07  6.19665E-01 
7.56998E+01 6.14996E-01  -2.51881E-07 6.14670E-01 
7.57998E+01 6.09996E-01  -5.21112E-07 6.09659E-01 
7.58998E+01 6.04996E-01  -6.36707E-07 6.04650E-01 
7.59998E+01 5.99996E-01  -9.70775E-07 5.99668E-01 
7.60998E+01 5.94997E-01  -1.41628E-06 5.94664E-01 
7.61998E+01 5.89997E-01  -1.62072E-06 5.89661E-01 
7.62998E+01 5.84997E-01  -1.81036E-06 5.84645E-01 
7.63998E+01 5.79997E-01  -1.97636E-06 5.79655E-01 
7.64998E+01 5.74997E-01  -2.32802E-06 5.74651E-01 
7.65998E+01 5.69997E-01  -2.64006E-06 5.69641E-01 
7.66998E+01 5.64997E-01  -2.81365E-06 5.64622E-01 
7.67998E+01 5.59997E-01  -3.27784E-06 5.59638E-01 
7.68998E+01 5.54997E-01  -3.67196E-06 5.54660E-01 
7.69998E+01 5.49997E-01  -4.03854E-06 5.49667E-01 
7.70998E+01 5.44997E-01  -4.41963E-06 5.44651E-01 
7.71998E+01 5.39997E-01  -4.74698E-06 5.39650E-01 
7.72998E+01 5.34997E-01  -5.03856E-06 5.34657E-01 
7.73998E+01 5.29997E-01  -5.43336E-06 5.29624E-01 
7.74998E+01 5.24997E-01  -5.73631E-06 5.24624E-01 
7.75998E+01 5.19997E-01  -6.03635E-06 5.19624E-01 
7.76998E+01 5.14997E-01  -6.37025E-06 5.14633E-01 
7.77998E+01 5.09997E-01  -6.70537E-06 5.09652E-01 
7.78998E+01 5.04997E-01  -7.06459E-06 5.04635E-01 
7.79998E+01 4.99997E-01  -7.42896E-06 4.99632E-01 
7.80998E+01 4.94997E-01  -7.80894E-06 4.94618E-01 
7.81998E+01 4.89997E-01  -8.20050E-06 4.89617E-01 
7.82998E+01 4.84997E-01  -8.59317E-06 4.84603E-01 
7.83998E+01 4.79997E-01  -9.00062E-06 4.79632E-01 
7.84998E+01 4.74997E-01  -9.38918E-06 4.74602E-01 
7.85998E+01 4.69997E-01  -9.82244E-06 4.69597E-01 
7.86998E+01 4.64997E-01  -1.02253E-05 4.64602E-01 
7.87998E+01 4.59997E-01  -1.06539E-05 4.59566E-01 
7.88998E+01 4.54997E-01  -1.10732E-05 4.54579E-01 
7.89998E+01 4.49997E-01  -1.15078E-05 4.49562E-01 
7.90998E+01 4.44997E-01  -1.19446E-05 4.44570E-01 
7.91998E+01 4.39997E-01  -1.23895E-05 4.39571E-01 
7.92998E+01 4.34997E-01  -1.28444E-05 4.34577E-01 
7.93998E+01 4.29997E-01  -1.32925E-05 4.29557E-01 
7.94998E+01 4.24997E-01  -1.37558E-05 4.24556E-01 
7.95998E+01 4.19997E-01  -1.42163E-05 4.19560E-01 
7.96998E+01 4.14997E-01  -1.46883E-05 4.14550E-01 
7.97998E+01 4.09997E-01  -1.51660E-05 4.09555E-01 
7.98998E+01 4.04997E-01  -1.56511E-05 4.04517E-01 
7.99998E+01 3.99997E-01  -1.61257E-05 3.99543E-01 
8.00998E+01 3.94997E-01  -1.66259E-05 3.94557E-01 
8.01998E+01 3.89997E-01  -1.71280E-05 3.89530E-01 
8.02998E+01 3.84997E-01  -1.76246E-05 3.84509E-01 
8.03998E+01 3.79997E-01  -1.81315E-05 3.79522E-01 
8.04998E+01 3.74997E-01  -1.86376E-05 3.74524E-01 
8.05998E+01 3.69997E-01  -1.91634E-05 3.69512E-01 
8.06998E+01 3.64997E-01  -1.96894E-05 3.64506E-01 
8.07998E+01 3.59997E-01  -2.02109E-05 3.59512E-01 
8.08998E+01 3.54997E-01  -2.07453E-05 3.54537E-01 
8.09998E+01 3.49997E-01  -2.12885E-05 3.49494E-01 
8.10998E+01 3.44997E-01  -2.17916E-05 3.44492E-01 
8.11998E+01 3.39997E-01  -2.23344E-05 3.39500E-01 
8.12998E+01 3.34997E-01  -2.28764E-05 3.34482E-01 
8.13998E+01 3.29997E-01  -2.34386E-05 3.29499E-01 
8.14998E+01 3.24997E-01  -2.39871E-05 3.24508E-01 
8.15998E+01 3.19997E-01  -2.45472E-05 3.19516E-01 
8.16998E+01 3.14997E-01  -2.51146E-05 3.14487E-01 
8.17998E+01 3.09997E-01  -2.56643E-05 3.09489E-01 
8.18998E+01 3.04997E-01  -2.62583E-05 3.04505E-01 
8.19998E+01 2.99997E-01  -2.68067E-05 2.99498E-01 
8.20998E+01 2.94997E-01  -2.73858E-05 2.94466E-01 
8.21998E+01 2.89997E-01  -2.79629E-05 2.89484E-01 
8.22998E+01 2.84997E-01  -2.85349E-05 2.84475E-01 
8.23998E+01 2.79997E-01  -2.91062E-05 2.79480E-01 
8.24998E+01 2.74997E-01  -2.97007E-05 2.74474E-01 
8.25998E+01 2.69997E-01  -3.02789E-05 2.69474E-01 
8.26998E+01 2.64997E-01  -3.08547E-05 2.64477E-01 
8.27998E+01 2.59997E-01  -3.14434E-05 2.59476E-01 
8.28998E+01 2.54997E-01  -3.20466E-05 2.54466E-01 
8.29998E+01 2.49997E-01  -3.26443E-05 2.49470E-01 
8.30998E+01 2.44997E-01  -3.32394E-05 2.44498E-01 
8.31998E+01 2.39997E-01  -3.38213E-05 2.39493E-01 
8.32998E+01 2.34997E-01  -3.44143E-05 2.34481E-01 
8.33998E+01 2.29997E-01  -3.50351E-05 2.29465E-01 
8.34998E+01 2.24997E-01  -3.56347E-05 2.24477E-01 
8.35998E+01 2.19997E-01  -3.62375E-05 2.19476E-01 
8.36998E+01 2.14997E-01  -3.68361E-05 2.14459E-01 
8.37998E+01 2.09997E-01  -3.74361E-05 2.09445E-01 
8.38998E+01 2.04997E-01  -3.80314E-05 2.04454E-01 
8.39998E+01 1.99997E-01  -3.86510E-05 1.99467E-01 
8.40998E+01 1.94998E-01  -3.92583E-05 1.94458E-01 
8.41998E+01 1.89998E-01  -3.98655E-05 1.89444E-01 
8.42998E+01 1.84998E-01  -4.04927E-05 1.84455E-01 
8.43998E+01 1.79998E-01  -4.11051E-05 1.79461E-01 
8.44998E+01 1.74998E-01  -4.17314E-05 1.74453E-01 
8.45998E+01 1.69998E-01  -4.23349E-05 1.69432E-01 
8.46998E+01 1.64998E-01  -4.29727E-05 1.64450E-01 
8.47998E+01 1.59998E-01  -4.36305E-05 1.59446E-01 
8.48998E+01 1.54998E-01  -4.42721E-05 1.54430E-01 
8.49998E+01 1.49998E-01  -4.49366E-05 1.49426E-01 
8.50998E+01 1.44998E-01  -4.55982E-05 1.44431E-01 
8.51998E+01 1.39998E-01  -4.62746E-05 1.39410E-01 
8.52998E+01 1.34998E-01  -4.69757E-05 1.34399E-01 
8.53998E+01 1.29998E-01  -4.76816E-05 1.29394E-01 
8.54998E+01 1.24998E-01  -4.84020E-05 1.24406E-01 
8.55998E+01 1.19998E-01  -4.91498E-05 1.19386E-01 
8.56998E+01 1.14998E-01  -4.99085E-05 1.14392E-01 
8.57998E+01 1.09998E-01  -5.06709E-05 1.09360E-01 
8.58998E+01 1.04998E-01  -5.14913E-05 1.04394E-01 
8.59998E+01 9.99977E-02  -5.23104E-05 9.93858E-02 
8.60998E+01 9.49978E-02  -5.31759E-05 9.43624E-02 
8.61998E+01 8.99978E-02  -5.40442E-05 8.93565E-02 
8.62998E+01 8.49978E-02  -5.49773E-05 8.43918E-02 
8.63998E+01 7.99978E-02  -5.58980E-05 7.94008E-02 
8.64998E+01 7.49978E-02  -5.68711E-05 7.43625E-02 
8.65998E+01 6.99978E-02  -5.78515E-05 6.93540E-02 
8.66998E+01 6.49978E-02  -5.88834E-05 6.43762E-02 
8.67998E+01 5.99978E-02  -5.99021E-05 5.93759E-02 
8.68998E+01 5.49979E-02  -6.09858E-05 5.43513E-02 
8.69998E+01 4.99979E-02  -6.20515E-05 4.93347E-02 
8.70998E+01 4.49979E-02  -6.31595E-05 4.43457E-02 
8.71998E+01 3.99979E-02  -6.42555E-05 3.93585E-02 
8.72998E+01 3.49979E-02  -6.54042E-05 3.43595E-02 
8.73998E+01 2.99979E-02  -6.65607E-05 2.93454E-02 
8.74998E+01 2.49979E-02  -6.77599E-05 2.43264E-02 
8.75998E+01 1.99979E-02  -6.89747E-05 1.93567E-02 
8.76998E+01 1.49980E-02  -7.02224E-05 1.43346E-02 
8.77998E+01 9.99797E-03  -7.15138E-05 9.34612E-03 
8.78998E+01 4.99799E-03  -7.28705E-05 4.32273E-03 
8.79998E+01 -2.00000E-06 -7.42601E-05 -6.61302E-04
8.80998E+01 -5.00199E-03 -7.57151E-05 -5.69032E-03
8.81998E+01 -1.00020E-02 -7.72111E-05 -1.06838E-02
8.82998E+01 -1.50020E-02 -7.87628E-05 -1.56928E-02
8.83998E+01 -2.00020E-02 -8.03866E-05 -2.07037E-02
8.84998E+01 -2.50019E-02 -8.20284E-05 -2.56815E-02
8.85998E+01 -3.00019E-02 -8.37293E-05 -3.06800E-02
8.86998E+01 -3.50019E-02 -8.54877E-05 -3.57040E-02
8.87998E+01 -4.00019E-02 -8.72748E-05 -4.06956E-02
8.88998E+01 -4.50019E-02 -8.93621E-05 -4.56758E-02
8.89998E+01 -5.00019E-02 -9.15068E-05 -5.06849E-02
8.90998E+01 -5.50019E-02 -9.34589E-05 -5.56964E-02
8.91998E+01 -6.00019E-02 -9.54954E-05 -6.07129E-02
8.92998E+01 -6.50018E-02 -9.75253E-05 -6.57014E-02
8.93998E+01 -7.00018E-02 -9.93099E-05 -7.07229E-02
8.94998E+01 -7.50018E-02 -1.01437E-04 -7.57088E-02
8.95998E+01 -8.00018E-02 -1.03601E-04 -8.07416E-02
8.96998E+01 -8.50018E-02 -1.05985E-04 -8.57332E-02
8.97998E+01 -9.00018E-02 -1.08386E-04 -9.07166E-02
8.98998E+01 -9.50018E-02 -1.10722E-04 -9.57207E-02
8.99998E+01 -1.00002E-01 -1.13082E-04 -1.00730E-01
9.00998E+01 -1.05002E-01 -1.15350E-04 -1.05729E-01
9.01998E+01 -1.10002E-01 -1.17542E-04 -1.10724E-01
9.02998E+01 -1.15002E-01 -1.19821E-04 -1.15730E-01
9.03998E+01 -1.20002E-01 -1.22147E-04 -1.20737E-01
9.04998E+01 -1.25002E-01 -1.24518E-04 -1.25718E-01
9.05998E+01 -1.30002E-01 -1.26976E-04 -1.30711E-01
9.06998E+01 -1.35002E-01 -1.29406E-04 -1.35730E-01
9.07998E+01 -1.40002E-01 -1.31981E-04 -1.40750E-01
9.08998E+01 -1.45002E-01 -1.34607E-04 -1.45749E-01
9.09998E+01 -1.50002E-01 -1.37402E-04 -1.50720E-01
9.10998E+01 -1.55002E-01 -1.40208E-04 -1.55754E-01
9.11998E+01 -1.60002E-01 -1.43102E-04 -1.60753E-01
9.12998E+01 -1.65002E-01 -1.46220E-04 -1.65769E-01
9.13998E+01 -1.70002E-01 -1.49446E-04 -1.70769E-01
9.14998E+01 -1.75002E-01 -1.52906E-04 -1.75768E-01
9.15998E+01 -1.80002E-01 -1.56580E-04 -1.80792E-01
9.16998E+01 -1.85002E-01 -1.60404E-04 -1.85782E-01
9.17998E+01 -1.90002E-01 -1.64393E-04 -1.90756E-01
9.18998E+01 -1.95002E-01 -1.68558E-04 -1.95788E-01
9.19998E+01 -2.00002E-01 -1.72831E-04 -2.00794E-01
9.20998E+01 -2.05001E-01 -1.77235E-04 -2.05785E-01
9.21998E+01 -2.10001E-01 -1.81651E-04 -2.10790E-01
9.22998E+01 -2.15001E-01 -1.86050E-04 -2.15795E-01
9.23998E+01 -2.20001E-01 -1.90471E-04 -2.20809E-01
9.24998E+01 -2.25001E-01 -1.94933E-04 -2.25781E-01
9.25998E+01 -2.30001E-01 -1.99463E-04 -2.30784E-01
9.26998E+01 -2.35001E-01 -2.03709E-04 -2.35791E-01
9.27998E+01 -2.40001E-01 -2.07653E-04 -2.40792E-01
9.28998E+01 -2.45001E-01 -2.11360E-04 -2.45798E-01
9.29998E+01 -2.50001E-01 -2.14206E-04 -2.50783E-01
9.30998E+01 -2.55001E-01 -2.17282E-04 -2.55811E-01
9.31998E+01 -2.60001E-01 -2.19758E-04 -2.60820E-01
9.32998E+01 -2.65001E-01 -2.21504E-04 -2.65811E-01
9.33998E+01 -2.70001E-01 -2.21877E-04 -2.70792E-01
9.34998E+01 -2.75001E-01 -2.20265E-04 -2.75803E-01
9.35998E+01 -2.80001E-01 -2.14923E-04 -2.80825E-01
9.36998E+01 -2.85001E-01 -2.02517E-04 -2.85841E-01
9.37998E+01 -2.90001E-01 -1.80205E-04 -2.90800E-01
9.38998E+01 -2.95001E-01 -1.51913E-04 -2.95825E-01
9.39998E+01 -3.00001E-01 -1.26293E-04 -3.00847E-01
9.40998E+01 -3.05001E-01 -1.07494E-04 -3.05836E-01
9.41998E+01 -3.10001E-01 -9.50869E-05 -3.10825E-01
9.42998E+01 -3.15001E-01 -8.64901E-05 -3.15835E-01
9.43998E+01 -3.20001E-01 -8.03523E-05 -3.20848E-01
9.44998E+01 -3.25001E-01 -7.56619E-05 -3.25847E-01
9.45998E+01 -3.30001E-01 -7.18270E-05 -3.30858E-01
9.46998E+01 -3.35001E-01 -6.87257E-05 -3.35857E-01
9.47998E+01 -3.40001E-01 -6.61572E-05 -3.40861E-01
9.48998E+01 -3.45001E-01 -6.39734E-05 -3.45858E-01
9.49998E+01 -3.50001E-01 -6.19967E-05 -3.50881E-01
9.50998E+01 -3.55001E-01 -6.03044E-05 -3.55893E-01
9.51998E+01 -3.60001E-01 -5.87493E-05 -3.60871E-01
9.52998E+01 -3.65001E-01 -5.73733E-05 -3.65857E-01
9.53998E+01 -3.70001E-01 -5.61507E-05 -3.70880E-01
9.54998E+01 -3.75001E-01 -5.50603E-05 -3.75894E-01
9.55998E+01 -3.80001E-01 -5.39334E-05 -3.80887E-01
9.56998E+01 -3.85001E-01 -5.30872E-05 -3.85879E-01
9.57998E+01 -3.90001E-01 -5.23925E-05 -3.90881E-01
9.58998E+01 -3.95001E-01 -5.16555E-05 -3.95895E-01
9.59998E+01 -4.00001E-01 -5.09533E-05 -4.00878E-01
9.60998E+01 -4.05001E-01 -5.01793E-05 -4.05891E-01
9.61998E+01 -4.10001E-01 -4.95674E-05 -4.10893E-01
9.62998E+01 -4.15001E-01 -4.90082E-05 -4.15896E-01
9.63998E+01 -4.20001E-01 -4.84760E-05 -4.20897E-01
9.64998E+01 -4.25001E-01 -4.79910E-05 -4.25897E-01
9.65998E+01 -4.30001E-01 -4.74893E-05 -4.30923E-01
9.66998E+01 -4.35001E-01 -4.70395E-05 -4.35939E-01
9.67998E+01 -4.40001E-01 -4.66298E-05 -4.40918E-01
9.68998E+01 -4.45001E-01 -4.62115E-05 -4.45919E-01
9.69998E+01 -4.50001E-01 -4.58334E-05 -4.50908E-01
9.70998E+01 -4.55001E-01 -4.55356E-05 -4.55940E-01
9.71998E+01 -4.60001E-01 -4.52093E-05 -4.60921E-01
9.72998E+01 -4.65001E-01 -4.49134E-05 -4.65894E-01
9.73998E+01 -4.70001E-01 -4.45916E-05 -4.70913E-01
9.74998E+01 -4.75001E-01 -4.43063E-05 -4.75945E-01
9.75998E+01 -4.80001E-01 -4.40162E-05 -4.80941E-01
9.76998E+01 -4.85001E-01 -4.37576E-05 -4.85935E-01
9.77998E+01 -4.90001E-01 -4.35332E-05 -4.90953E-01
9.78998E+01 -4.95001E-01 -4.33093E-05 -4.95934E-01
9.79998E+01 -5.00001E-01 -4.31114E-05 -5.00940E-01
9.80998E+01 -5.05001E-01 -4.29260E-05 -5.05953E-01
9.81998E+01 -5.10001E-01 -4.27644E-05 -5.10964E-01
9.82998E+01 -5.15001E-01 -4.26140E-05 -5.15959E-01
9.83998E+01 -5.20001E-01 -4.24663E-05 -5.20950E-01
9.84998E+01 -5.25001E-01 -4.23516E-05 -5.25958E-01
9.85998E+01 -5.30001E-01 -4.22419E-05 -5.30986E-01
9.86998E+01 -5.35001E-01 -4.21537E-05 -5.35962E-01
9.87998E+01 -5.40001E-01 -4.21025E-05 -5.40959E-01
9.88998E+01 -5.45001E-01 -4.20330E-05 -5.45948E-01
9.89998E+01 -5.50001E-01 -4.19971E-05 -5.50960E-01
9.90998E+01 -5.55001E-01 -4.19776E-05 -5.55978E-01
9.91998E+01 -5.60001E-01 -4.19593E-05 -5.60961E-01
9.92998E+01 -5.65001E-01 -4.19453E-05 -5.65974E-01
9.93998E+01 -5.70001E-01 -4.19636E-05 -5.70983E-01
9.94998E+01 -5.75001E-01 -4.19813E-05 -5.75983E-01
9.95998E+01 -5.80001E-01 -4.20253E-05 -5.80969E-01
9.96998E+01 -5.85001E-01 -4.20485E-05 -5.85987E-01
9.97998E+01 -5.90001E-01 -4.21045E-05 -5.90977E-01
9.98998E+01 -5.95001E-01 -4.21360E-05 -5.95984E-01
9.99997E+01 -6.00001E-01 -4.22012E-05 -6.00987E-01
1.00100E+02 -6.05000E-01 -4.22474E-05 -6.05982E-01
1.00200E+02 -6.10000E-01 -4.22767E-05 -6.10986E-01
1.00300E+02 -6.15000E-01 -4.23474E-05 -6.16010E-01
1.00400E+02 -6.20000E-01 -4.24490E-05 -6.20992E-01
1.00500E+02 -6.25000E-01 -4.24731E-05 -6.25994E-01
1.00600E+02 -6.30000E-01 -4.25308E-05 -6.30991E-01
1.00700E+02 -6.35000E-01 -4.25917E-05 -6.36022E-01
1.00800E+02 -6.40000E-01 -4.26727E-05 -6.40999E-01
1.00900E+02 -6.45000E-01 -4.27002E-05 -6.45982E-01
1.01000E+02 -6.50000E-01 -4.27711E-05 -6.51010E-01
1.01100E+02 -6.55000E-01 -4.27794E-05 -6.56043E-01
1.01200E+02 -6.60000E-01 -4.28099E-05 -6.61035E-01
1.01300E+02 -6.65000E-01 -4.27064E-05 -6.66027E-01
1.01400E+02 -6.70000E-01 -4.28149E-05 -6.71042E-01
1.01500E+02 -6.75000E-01 -4.29493E-05 -6.76053E-01
1.01600E+02 -6.80000E-01 -4.29743E-05 -6.81045E-01
1.01700E+02 -6.85000E-01 -4.31537E-05 -6.86045E-01
1.01800E+02 -6.90000E-01 -4.31552E-05 -6.91020E-01
1.01900E+02 -6.95000E-01 -4.32004E-05 -6.96050E-01
1.02000E+02 -7.00000E-01 -4.32513E-05 -7.01064E-01
1.02100E+02 -7.05000E-01 -4.32499E-05 -7.06076E-01
1.02200E+02 -7.10000E-01 -4.32733E-05 -7.11092E-01
1.02300E+02 -7.15000E-01 -4.32186E-05 -7.16081E-01
1.02400E+02 -7.20000E-01 -4.32798E-05 -7.21075E-01
1.02500E+02 -7.25000E-01 -4.33566E-05 -7.26061E-01
1.02600E+02 -7.30000E-01 -4.33883E-05 -7.31073E-01
1.02700E+02 -7.35000E-01 -4.33641E-05 -7.36094E-01
1.02800E+02 -7.40000E-01 -4.34243E-05 -7.41087E-01
1.02900E+02 -7.45000E-01 -4.34303E-05 -7.46083E-01
1.03000E+02 -7.50000E-01 -4.34745E-05 -7.51076E-01
1.03100E+02 -7.55000E-01 -4.35394E-05 -7.56072E-01
1.03200E+02 -7.60000E-01 -4.35402E-05 -7.61081E-01
1.03300E+02 -7.65000E-01 -4.36489E-05 -7.66062E-01
1.03400E+02 -7.70000E-01 -4.36139E-05 -7.71058E-01
1.03500E+02 -7.75000E-01 -4.37638E-05 -7.76072E-01
1.03600E+02 -7.80000E-01 -4.38530E-05 -7.81075E-01
1.03700E+02 -7.85000E-01 -4.38695E-05 -7.86090E-01
1.03800E+02 -7.90000E-01 -4.39500E-05 -7.91076E-01
1.03900E+02 -7.95000E-01 -4.40572E-05 -7.96080E-01
