time/s      E/V        I/A
0.00000E+00 -8.00000E-01 -1.28874E-04 -8.01101E-01
9.99997E-02 -7.95000E-01 -1.00681E-04 -7.96078E-01
1.99999E-01 -7.90000E-01 -8.78631E-05 -7.91099E-01
2.99999E-01 -7.85000E-01 -7.90183E-05 -7.86128E-01
3.99999E-01 -7.80000E-01 -7.64025E-05 -7.81110E-01
4.99999E-01 -7.75000E-01 -7.10227E-05 -7.76076E-01
5.99998E-01 -7.70000E-01 -6.63938E-05 -7.71086E-01
6.99998E-01 -7.65000E-01 -6.26124E-05 -7.66091E-01
7.99998E-01 -7.60000E-01 -5.93494E-05 -7.61096E-01
8.99998E-01 -7.55000E-01 -5.64598E-05 -7.56104E-01
9.99997E-01 -7.50000E-01 -5.39232E-05 -7.51100E-01
1.10000E+00 -7.45000E-01 -5.16927E-05 -7.46096E-01
1.20000E+00 -7.40000E-01 -4.96448E-05 -7.41120E-01
1.30000E+00 -7.35000E-01 -4.78051E-05 -7.36078E-01
1.40000E+00 -7.30000E-01 -4.61248E-05 -7.31104E-01
1.50000E+00 -7.25000E-01 -4.46366E-05 -7.26124E-01
1.60000E+00 -7.20000E-01 -4.31469E-05 -7.21114E-01
1.70000E+00 -7.15000E-01 -4.18754E-05 -7.16082E-01
1.80000E+00 -7.10000E-01 -4.05369E-05 -7.11090E-01
1.90000E+00 -7.05000E-01 -3.93553E-05 -7.06097E-01
1.99999E+00 -7.00000E-01 -3.82536E-05 -7.01111E-01
2.09999E+00 -6.95000E-01 -3.75998E-05 -6.96083E-01
2.19999E+00 -6.90000E-01 -3.65980E-05 -6.91070E-01
2.29999E+00 -6.85000E-01 -3.56498E-05 -6.86083E-01
2.39999E+00 -6.80000E-01 -3.47522E-05 -6.81093E-01
2.49999E+00 -6.75000E-01 -3.38859E-05 -6.76086E-01
2.59999E+00 -6.70000E-01 -3.30625E-05 -6.71099E-01
2.69999E+00 -6.65000E-01 -3.25248E-05 -6.66066E-01
2.79999E+00 -6.60000E-01 -3.15280E-05 -6.61072E-01
2.89999E+00 -6.55000E-01 -3.07874E-05 -6.56092E-01
2.99999E+00 -6.50000E-01 -3.00946E-05 -6.51044E-01
3.09999E+00 -6.45000E-01 -2.94306E-05 -6.46016E-01
3.19999E+00 -6.40000E-01 -2.87919E-05 -6.41050E-01
3.29999E+00 -6.35000E-01 -2.81768E-05 -6.36061E-01
3.39999E+00 -6.30000E-01 -2.75791E-05 -6.31066E-01
3.49999E+00 -6.25000E-01 -2.70101E-05 -6.26028E-01
3.59999E+00 -6.20000E-01 -2.64630E-05 -6.21025E-01
3.69999E+00 -6.15000E-01 -2.59213E-05 -6.16029E-01
3.79999E+00 -6.10000E-01 -2.54086E-05 -6.11036E-01
3.89999E+00 -6.05000E-01 -2.49095E-05 -6.06031E-01
3.99999E+00 -6.00001E-01 -2.44212E-05 -6.01021E-01
4.09999E+00 -5.95001E-01 -2.39566E-05 -5.96023E-01
4.19999E+00 -5.90001E-01 -2.35065E-05 -5.91037E-01
4.29999E+00 -5.85001E-01 -2.30748E-05 -5.86006E-01
4.39999E+00 -5.80001E-01 -2.26466E-05 -5.81009E-01
4.49999E+00 -5.75001E-01 -2.22410E-05 -5.76009E-01
4.59999E+00 -5.70001E-01 -2.18399E-05 -5.71020E-01
4.69999E+00 -5.65001E-01 -2.14563E-05 -5.66001E-01
4.79999E+00 -5.60001E-01 -2.10769E-05 -5.61018E-01
4.89999E+00 -5.55001E-01 -2.07039E-05 -5.56001E-01
4.99999E+00 -5.50001E-01 -2.03469E-05 -5.51025E-01
5.09999E+00 -5.45001E-01 -1.99996E-05 -5.45994E-01
5.19999E+00 -5.40001E-01 -1.96612E-05 -5.40972E-01
5.29999E+00 -5.35001E-01 -1.93218E-05 -5.35995E-01
5.39999E+00 -5.30001E-01 -1.89974E-05 -5.31011E-01
5.49999E+00 -5.25001E-01 -1.86809E-05 -5.26005E-01
5.59999E+00 -5.20001E-01 -1.83708E-05 -5.20999E-01
5.69999E+00 -5.15001E-01 -1.80706E-05 -5.15997E-01
5.79999E+00 -5.10001E-01 -1.77768E-05 -5.10991E-01
5.89999E+00 -5.05001E-01 -1.74873E-05 -5.05976E-01
5.99998E+00 -5.00001E-01 -1.72050E-05 -5.00983E-01
6.09998E+00 -4.95001E-01 -1.69311E-05 -4.95971E-01
6.19998E+00 -4.90001E-01 -1.66718E-05 -4.90953E-01
6.29998E+00 -4.85001E-01 -1.64387E-05 -4.85978E-01
6.39998E+00 -4.80001E-01 -1.61592E-05 -4.80958E-01
6.49998E+00 -4.75001E-01 -1.59066E-05 -4.75936E-01
6.59998E+00 -4.70001E-01 -1.56559E-05 -4.70951E-01
6.69998E+00 -4.65001E-01 -1.54107E-05 -4.65935E-01
6.79998E+00 -4.60001E-01 -1.51711E-05 -4.60929E-01
6.89998E+00 -4.55001E-01 -1.49374E-05 -4.55956E-01
6.99998E+00 -4.50001E-01 -1.47070E-05 -4.50938E-01
7.09998E+00 -4.45001E-01 -1.44829E-05 -4.45960E-01
7.19998E+00 -4.40001E-01 -1.42612E-05 -4.40955E-01
7.29998E+00 -4.35001E-01 -1.40447E-05 -4.35934E-01
7.39998E+00 -4.30001E-01 -1.38265E-05 -4.30935E-01
7.49998E+00 -4.25001E-01 -1.36214E-05 -4.25954E-01
7.59998E+00 -4.20001E-01 -1.34145E-05 -4.20956E-01
7.69998E+00 -4.15001E-01 -1.32103E-05 -4.15943E-01
7.79998E+00 -4.10001E-01 -1.30111E-05 -4.10936E-01
7.89998E+00 -4.05001E-01 -1.28152E-05 -4.05906E-01
7.99998E+00 -4.00001E-01 -1.26223E-05 -4.00932E-01
8.09998E+00 -3.95001E-01 -1.24306E-05 -3.95957E-01
8.19998E+00 -3.90001E-01 -1.22384E-05 -3.90936E-01
8.29998E+00 -3.85001E-01 -1.20508E-05 -3.85941E-01
8.39998E+00 -3.80001E-01 -1.18649E-05 -3.80926E-01
8.49998E+00 -3.75001E-01 -1.16833E-05 -3.75934E-01
8.59998E+00 -3.70001E-01 -1.14991E-05 -3.70920E-01
8.69998E+00 -3.65001E-01 -1.13184E-05 -3.65920E-01
8.79998E+00 -3.60001E-01 -1.11419E-05 -3.60899E-01
8.89998E+00 -3.55001E-01 -1.09642E-05 -3.55916E-01
8.99998E+00 -3.50001E-01 -1.07913E-05 -3.50915E-01
9.09998E+00 -3.45001E-01 -1.06217E-05 -3.45917E-01
9.19998E+00 -3.40001E-01 -1.04492E-05 -3.40908E-01
9.29998E+00 -3.35001E-01 -1.02801E-05 -3.35903E-01
9.39998E+00 -3.30001E-01 -1.01114E-05 -3.30916E-01
9.49998E+00 -3.25001E-01 -9.95059E-06 -3.25890E-01
9.59998E+00 -3.20001E-01 -9.78566E-06 -3.20877E-01
9.69998E+00 -3.15001E-01 -9.62212E-06 -3.15867E-01
9.79998E+00 -3.10001E-01 -9.46161E-06 -3.10862E-01
9.89998E+00 -3.05001E-01 -9.29725E-06 -3.05855E-01
9.99997E+00 -3.00001E-01 -9.13892E-06 -3.00854E-01
1.01000E+01 -2.95001E-01 -8.98493E-06 -2.95834E-01
1.02000E+01 -2.90001E-01 -8.83164E-06 -2.90826E-01
1.03000E+01 -2.85001E-01 -8.67443E-06 -2.85846E-01
1.04000E+01 -2.80001E-01 -8.52094E-06 -2.80834E-01
1.05000E+01 -2.75001E-01 -8.36643E-06 -2.75808E-01
1.06000E+01 -2.70001E-01 -8.21159E-06 -2.70835E-01
1.07000E+01 -2.65001E-01 -8.06125E-06 -2.65826E-01
1.08000E+01 -2.60001E-01 -7.91879E-06 -2.60823E-01
1.09000E+01 -2.55001E-01 -7.79967E-06 -2.55836E-01
1.10000E+01 -2.50001E-01 -7.62151E-06 -2.50802E-01
1.11000E+01 -2.45001E-01 -7.47617E-06 -2.45817E-01
1.12000E+01 -2.40001E-01 -7.33333E-06 -2.40811E-01
1.13000E+01 -2.35001E-01 -7.19204E-06 -2.35846E-01
1.14000E+01 -2.30001E-01 -7.04962E-06 -2.30812E-01
1.15000E+01 -2.25001E-01 -6.91301E-06 -2.25807E-01
1.16000E+01 -2.20001E-01 -6.77609E-06 -2.20819E-01
1.17000E+01 -2.15001E-01 -6.63655E-06 -2.15811E-01
1.18000E+01 -2.10001E-01 -6.49861E-06 -2.10813E-01
1.19000E+01 -2.05001E-01 -6.36024E-06 -2.05825E-01
1.20000E+01 -2.00002E-01 -6.22537E-06 -2.00804E-01
1.21000E+01 -1.95002E-01 -6.09306E-06 -1.95782E-01
1.22000E+01 -1.90002E-01 -5.96151E-06 -1.90786E-01
1.23000E+01 -1.85002E-01 -5.83089E-06 -1.85800E-01
1.24000E+01 -1.80002E-01 -5.69248E-06 -1.80814E-01
1.25000E+01 -1.75002E-01 -5.56068E-06 -1.75807E-01
1.26000E+01 -1.70002E-01 -5.42909E-06 -1.70815E-01
1.27000E+01 -1.65002E-01 -5.29470E-06 -1.65805E-01
1.28000E+01 -1.60002E-01 -5.16748E-06 -1.60789E-01
1.29000E+01 -1.55002E-01 -5.03394E-06 -1.55782E-01
1.30000E+01 -1.50002E-01 -4.90442E-06 -1.50781E-01
1.31000E+01 -1.45002E-01 -4.77078E-06 -1.45769E-01
1.32000E+01 -1.40002E-01 -4.64083E-06 -1.40794E-01
1.33000E+01 -1.35002E-01 -4.50832E-06 -1.35774E-01
1.34000E+01 -1.30002E-01 -4.37500E-06 -1.30766E-01
1.35000E+01 -1.25002E-01 -4.24433E-06 -1.25808E-01
1.36000E+01 -1.20002E-01 -4.11026E-06 -1.20771E-01
1.37000E+01 -1.15002E-01 -3.97654E-06 -1.15773E-01
1.38000E+01 -1.10002E-01 -3.84510E-06 -1.10745E-01
1.39000E+01 -1.05002E-01 -3.71383E-06 -1.05752E-01
1.40000E+01 -1.00002E-01 -3.62005E-06 -1.00786E-01
1.41000E+01 -9.50018E-02 -3.48778E-06 -9.57450E-02
1.42000E+01 -9.00018E-02 -3.35338E-06 -9.07535E-02
1.43000E+01 -8.50018E-02 -3.21677E-06 -8.57675E-02
1.44000E+01 -8.00018E-02 -3.08192E-06 -8.07578E-02
1.45000E+01 -7.50018E-02 -2.94810E-06 -7.57444E-02
1.46000E+01 -7.00018E-02 -2.81169E-06 -7.07329E-02
1.47000E+01 -6.50018E-02 -2.67668E-06 -6.57426E-02
1.48000E+01 -6.00019E-02 -2.53981E-06 -6.07361E-02
1.49000E+01 -5.50019E-02 -2.40367E-06 -5.57077E-02
1.50000E+01 -5.00019E-02 -2.26840E-06 -5.07286E-02
1.51000E+01 -4.50019E-02 -2.13064E-06 -4.56952E-02
1.52000E+01 -4.00019E-02 -1.99529E-06 -4.07118E-02
1.53000E+01 -3.50019E-02 -1.85739E-06 -3.57240E-02
1.54000E+01 -3.00019E-02 -1.71607E-06 -3.07081E-02
1.55000E+01 -2.50019E-02 -1.57956E-06 -2.56934E-02
1.56000E+01 -2.00020E-02 -1.44036E-06 -2.07293E-02
1.57000E+01 -1.50020E-02 -1.29830E-06 -1.57203E-02
1.58000E+01 -1.00020E-02 -1.16030E-06 -1.06994E-02
1.59000E+01 -5.00199E-03 -1.02024E-06 -5.69534E-03
1.60000E+01 -2.00000E-06 -8.79289E-07 -7.03154E-04
1.61000E+01 4.99799E-03  -7.37535E-07 4.27966E-03 
1.62000E+01 9.99797E-03  -5.94754E-07 9.30054E-03 
1.63000E+01 1.49980E-02  -4.52892E-07 1.43164E-02 
1.64000E+01 1.99979E-02  -3.11038E-07 1.93205E-02 
1.65000E+01 2.49979E-02  -1.68939E-07 2.43227E-02 
1.66000E+01 2.99979E-02  -2.38094E-08 2.93092E-02 
1.67000E+01 3.49979E-02  1.23134E-07  3.43126E-02 
1.68000E+01 3.99979E-02  2.69338E-07  3.93154E-02 
1.69000E+01 4.49979E-02  4.11172E-07  4.43170E-02 
1.70000E+01 4.99979E-02  5.53443E-07  4.93291E-02 
1.71000E+01 5.49979E-02  6.98742E-07  5.43363E-02 
1.72000E+01 5.99978E-02  8.48289E-07  5.93466E-02 
1.73000E+01 6.49978E-02  9.95802E-07  6.43388E-02 
1.74000E+01 6.99978E-02  1.14116E-06  6.93153E-02 
1.75000E+01 7.49978E-02  1.28891E-06  7.43175E-02 
1.76000E+01 7.99978E-02  1.43803E-06  7.93428E-02 
1.77000E+01 8.49978E-02  1.58835E-06  8.43156E-02 
1.78000E+01 8.99978E-02  1.73626E-06  8.93559E-02 
1.79000E+01 9.49978E-02  1.88494E-06  9.43549E-02 
1.80000E+01 9.99977E-02  2.03460E-06  9.93627E-02 
1.81000E+01 1.04998E-01  2.18553E-06  1.04369E-01 
1.82000E+01 1.09998E-01  2.33723E-06  1.09311E-01 
1.83000E+01 1.14998E-01  2.48770E-06  1.14334E-01 
1.84000E+01 1.19998E-01  2.64154E-06  1.19364E-01 
1.85000E+01 1.24998E-01  2.79647E-06  1.24361E-01 
1.86000E+01 1.29998E-01  2.95167E-06  1.29340E-01 
1.87000E+01 1.34998E-01  3.10680E-06  1.34329E-01 
1.88000E+01 1.39998E-01  3.26248E-06  1.39366E-01 
1.89000E+01 1.44998E-01  3.41987E-06  1.44367E-01 
1.90000E+01 1.49998E-01  3.57726E-06  1.49364E-01 
1.91000E+01 1.54998E-01  3.73751E-06  1.54381E-01 
1.92000E+01 1.59998E-01  3.89989E-06  1.59374E-01 
1.93000E+01 1.64998E-01  4.06178E-06  1.64374E-01 
1.94000E+01 1.69998E-01  4.22368E-06  1.69356E-01 
1.95000E+01 1.74998E-01  4.39021E-06  1.74395E-01 
1.96000E+01 1.79998E-01  4.55276E-06  1.79406E-01 
1.97000E+01 1.84998E-01  4.72198E-06  1.84382E-01 
1.98000E+01 1.89998E-01  4.88807E-06  1.89370E-01 
1.99000E+01 1.94998E-01  5.05613E-06  1.94395E-01 
1.99999E+01 1.99997E-01  5.22636E-06  1.99390E-01 
2.00999E+01 2.04997E-01  5.39768E-06  2.04384E-01 
2.01999E+01 2.09997E-01  5.56888E-06  2.09392E-01 
2.02999E+01 2.14997E-01  5.74468E-06  2.14379E-01 
2.03999E+01 2.19997E-01  5.92228E-06  2.19400E-01 
2.04999E+01 2.24997E-01  6.09937E-06  2.24423E-01 
2.05999E+01 2.29997E-01  6.27879E-06  2.29392E-01 
2.06999E+01 2.34997E-01  6.46370E-06  2.34378E-01 
2.07999E+01 2.39997E-01  6.64620E-06  2.39415E-01 
2.08999E+01 2.44997E-01  6.83186E-06  2.44413E-01 
2.09999E+01 2.49997E-01  7.02097E-06  2.49433E-01 
2.10999E+01 2.54997E-01  7.21137E-06  2.54440E-01 
2.11999E+01 2.59997E-01  7.40428E-06  2.59429E-01 
2.12999E+01 2.64997E-01  7.59984E-06  2.64441E-01 
2.13999E+01 2.69997E-01  7.79408E-06  2.69435E-01 
2.14999E+01 2.74997E-01  8.00145E-06  2.74427E-01 
2.15999E+01 2.79997E-01  8.20372E-06  2.79442E-01 
2.16999E+01 2.84997E-01  8.41200E-06  2.84457E-01 
2.17999E+01 2.89997E-01  8.62371E-06  2.89440E-01 
2.18999E+01 2.94997E-01  8.84028E-06  2.94436E-01 
2.19999E+01 2.99997E-01  9.05967E-06  2.99453E-01 
2.20999E+01 3.04997E-01  9.28487E-06  3.04465E-01 
2.21999E+01 3.09997E-01  9.50682E-06  3.09459E-01 
2.22999E+01 3.14997E-01  9.73933E-06  3.14472E-01 
2.23999E+01 3.19997E-01  9.97655E-06  3.19487E-01 
2.24999E+01 3.24997E-01  1.02325E-05  3.24463E-01 
2.25999E+01 3.29997E-01  1.04563E-05  3.29501E-01 
2.26999E+01 3.34997E-01  1.07115E-05  3.34479E-01 
2.27999E+01 3.39997E-01  1.09657E-05  3.39457E-01 
2.28999E+01 3.44997E-01  1.12242E-05  3.44454E-01 
2.29999E+01 3.49997E-01  1.14919E-05  3.49477E-01 
2.30999E+01 3.54997E-01  1.17675E-05  3.54484E-01 
2.31999E+01 3.59997E-01  1.20481E-05  3.59457E-01 
2.32999E+01 3.64997E-01  1.23334E-05  3.64476E-01 
2.33999E+01 3.69997E-01  1.26205E-05  3.69471E-01 
2.34999E+01 3.74997E-01  1.29259E-05  3.74494E-01 
2.35999E+01 3.79997E-01  1.32318E-05  3.79502E-01 
2.36999E+01 3.84997E-01  1.35457E-05  3.84458E-01 
2.37999E+01 3.89997E-01  1.38615E-05  3.89487E-01 
2.38999E+01 3.94997E-01  1.41875E-05  3.94491E-01 
2.39999E+01 3.99997E-01  1.45170E-05  3.99504E-01 
2.40999E+01 4.04997E-01  1.48577E-05  4.04486E-01 
2.41999E+01 4.09997E-01  1.51963E-05  4.09498E-01 
2.42999E+01 4.14997E-01  1.55474E-05  4.14497E-01 
2.43999E+01 4.19997E-01  1.58998E-05  4.19527E-01 
2.44999E+01 4.24997E-01  1.62683E-05  4.24492E-01 
2.45999E+01 4.29997E-01  1.66392E-05  4.29496E-01 
2.46999E+01 4.34997E-01  1.70138E-05  4.34532E-01 
2.47999E+01 4.39997E-01  1.73968E-05  4.39502E-01 
2.48999E+01 4.44997E-01  1.77872E-05  4.44507E-01 
2.49999E+01 4.49997E-01  1.81835E-05  4.49513E-01 
2.50999E+01 4.54997E-01  1.85872E-05  4.54497E-01 
2.51999E+01 4.59997E-01  1.89870E-05  4.59519E-01 
2.52999E+01 4.64997E-01  1.93918E-05  4.64552E-01 
2.53999E+01 4.69997E-01  1.98022E-05  4.69552E-01 
2.54999E+01 4.74997E-01  2.02223E-05  4.74540E-01 
2.55999E+01 4.79997E-01  2.06391E-05  4.79552E-01 
2.56999E+01 4.84997E-01  2.10590E-05  4.84555E-01 
2.57999E+01 4.89997E-01  2.15405E-05  4.89557E-01 
2.58999E+01 4.94997E-01  2.19673E-05  4.94567E-01 
2.59999E+01 4.99997E-01  2.23917E-05  4.99549E-01 
2.60999E+01 5.04997E-01  2.28296E-05  5.04565E-01 
2.61999E+01 5.09997E-01  2.32664E-05  5.09585E-01 
2.62999E+01 5.14997E-01  2.37073E-05  5.14565E-01 
2.63999E+01 5.19997E-01  2.41402E-05  5.19575E-01 
2.64999E+01 5.24997E-01  2.45937E-05  5.24616E-01 
2.65999E+01 5.29997E-01  2.50350E-05  5.29584E-01 
2.66999E+01 5.34997E-01  2.54824E-05  5.34612E-01 
2.67999E+01 5.39997E-01  2.59230E-05  5.39606E-01 
2.68999E+01 5.44997E-01  2.63707E-05  5.44597E-01 
2.69999E+01 5.49997E-01  2.68296E-05  5.49625E-01 
2.70999E+01 5.54997E-01  2.72890E-05  5.54621E-01 
2.71999E+01 5.59997E-01  2.77287E-05  5.59603E-01 
2.72999E+01 5.64997E-01  2.81686E-05  5.64613E-01 
2.73999E+01 5.69997E-01  2.86154E-05  5.69637E-01 
2.74999E+01 5.74997E-01  2.90602E-05  5.74633E-01 
2.75999E+01 5.79997E-01  2.95111E-05  5.79630E-01 
2.76999E+01 5.84997E-01  2.99602E-05  5.84589E-01 
2.77999E+01 5.89997E-01  3.04093E-05  5.89618E-01 
2.78999E+01 5.94997E-01  3.08513E-05  5.94652E-01 
2.79999E+01 5.99996E-01  3.12837E-05  5.99613E-01 
2.80999E+01 6.04996E-01  3.17191E-05  6.04637E-01 
2.81999E+01 6.09996E-01  3.21563E-05  6.09627E-01 
2.82999E+01 6.14996E-01  3.25909E-05  6.14631E-01 
2.83999E+01 6.19996E-01  3.30239E-05  6.19627E-01 
2.84999E+01 6.24996E-01  3.34609E-05  6.24623E-01 
2.85999E+01 6.29996E-01  3.38923E-05  6.29633E-01 
2.86999E+01 6.34996E-01  3.43203E-05  6.34666E-01 
2.87999E+01 6.39996E-01  3.47466E-05  6.39661E-01 
2.88999E+01 6.44996E-01  3.51654E-05  6.44653E-01 
2.89999E+01 6.49996E-01  3.55764E-05  6.49657E-01 
2.90999E+01 6.54996E-01  3.59946E-05  6.54652E-01 
2.91999E+01 6.59996E-01  3.64117E-05  6.59652E-01 
2.92999E+01 6.64996E-01  3.68267E-05  6.64665E-01 
2.93999E+01 6.69996E-01  3.72280E-05  6.69641E-01 
2.94999E+01 6.74996E-01  3.76280E-05  6.74692E-01 
2.95999E+01 6.79996E-01  3.80229E-05  6.79699E-01 
2.96999E+01 6.84996E-01  3.84116E-05  6.84683E-01 
2.97999E+01 6.89996E-01  3.88053E-05  6.89647E-01 
2.98999E+01 6.94996E-01  3.92017E-05  6.94648E-01 
2.99999E+01 6.99996E-01  3.96006E-05  6.99659E-01 
3.00999E+01 7.04996E-01  3.99834E-05  7.04672E-01 
3.01999E+01 7.09996E-01  4.03687E-05  7.09666E-01 
3.02999E+01 7.14996E-01  4.07232E-05  7.14691E-01 
3.03999E+01 7.19996E-01  4.10799E-05  7.19714E-01 
3.04999E+01 7.24996E-01  4.14374E-05  7.24726E-01 
3.05999E+01 7.29996E-01  4.18120E-05  7.29666E-01 
3.06999E+01 7.34996E-01  4.21836E-05  7.34681E-01 
3.07999E+01 7.39996E-01  4.25501E-05  7.39698E-01 
3.08999E+01 7.44996E-01  4.29019E-05  7.44691E-01 
3.09999E+01 7.49996E-01  4.32427E-05  7.49695E-01 
3.10999E+01 7.54996E-01  4.35692E-05  7.54717E-01 
3.11999E+01 7.59996E-01  4.38808E-05  7.59710E-01 
3.12999E+01 7.64996E-01  4.42014E-05  7.64729E-01 
3.13999E+01 7.69996E-01  4.45322E-05  7.69672E-01 
3.14999E+01 7.74996E-01  4.48579E-05  7.74712E-01 
3.15999E+01 7.79996E-01  4.51819E-05  7.79731E-01 
3.16999E+01 7.84996E-01  4.55050E-05  7.84737E-01 
3.17999E+01 7.89996E-01  4.58358E-05  7.89749E-01 
3.18999E+01 7.94996E-01  4.61505E-05  7.94752E-01 
3.19999E+01 7.99996E-01  4.64686E-05  7.99735E-01 
3.20999E+01 8.04996E-01  4.67761E-05  8.04740E-01 
3.21999E+01 8.09996E-01  4.70873E-05  8.09765E-01 
3.22999E+01 8.14996E-01  4.73861E-05  8.14780E-01 
3.23999E+01 8.19996E-01  4.76904E-05  8.19756E-01 
3.24999E+01 8.24996E-01  4.79835E-05  8.24756E-01 
3.25999E+01 8.29996E-01  4.82775E-05  8.29771E-01 
3.26999E+01 8.34996E-01  4.85572E-05  8.34788E-01 
3.27999E+01 8.39996E-01  4.88363E-05  8.39795E-01 
3.28999E+01 8.44996E-01  4.91122E-05  8.44763E-01 
3.29999E+01 8.49996E-01  4.93867E-05  8.49780E-01 
3.30999E+01 8.54996E-01  4.96573E-05  8.54774E-01 
3.31999E+01 8.59996E-01  4.99276E-05  8.59779E-01 
3.32999E+01 8.64996E-01  5.01840E-05  8.64796E-01 
3.33999E+01 8.69996E-01  5.04418E-05  8.69772E-01 
3.34999E+01 8.74996E-01  5.07063E-05  8.74802E-01 
3.35999E+01 8.79996E-01  5.09486E-05  8.79770E-01 
3.36999E+01 8.84996E-01  5.11926E-05  8.84778E-01 
3.37999E+01 8.89996E-01  5.14402E-05  8.89762E-01 
3.38999E+01 8.94996E-01  5.16861E-05  8.94776E-01 
3.39999E+01 8.99996E-01  5.19270E-05  8.99809E-01 
3.40999E+01 9.04996E-01  5.21630E-05  9.04790E-01 
3.41999E+01 9.09996E-01  5.23986E-05  9.09777E-01 
3.42999E+01 9.14996E-01  5.26320E-05  9.14809E-01 
3.43999E+01 9.19996E-01  5.28677E-05  9.19826E-01 
3.44999E+01 9.24996E-01  5.30879E-05  9.24810E-01 
3.45999E+01 9.29996E-01  5.33156E-05  9.29770E-01 
3.46999E+01 9.34996E-01  5.35415E-05  9.34801E-01 
3.47999E+01 9.39996E-01  5.37648E-05  9.39808E-01 
3.48999E+01 9.44996E-01  5.39861E-05  9.44845E-01 
3.49999E+01 9.49996E-01  5.42030E-05  9.49828E-01 
3.50999E+01 9.54996E-01  5.44185E-05  9.54843E-01 
3.51999E+01 9.59996E-01  5.46364E-05  9.59856E-01 
3.52999E+01 9.64996E-01  5.48525E-05  9.64857E-01 
3.53999E+01 9.69996E-01  5.50695E-05  9.69840E-01 
3.54999E+01 9.74996E-01  5.52893E-05  9.74851E-01 
3.55999E+01 9.79996E-01  5.54944E-05  9.79826E-01 
3.56999E+01 9.84996E-01  5.57060E-05  9.84831E-01 
3.57999E+01 9.89996E-01  5.59095E-05  9.89849E-01 
3.58999E+01 9.94996E-01  5.61138E-05  9.94825E-01 
3.59999E+01 9.99995E-01  5.63201E-05  9.99845E-01 
3.60999E+01 1.00500E+00  5.65179E-05  1.00483E+00 
3.61999E+01 1.01000E+00  5.67242E-05  1.00987E+00 
3.62999E+01 1.01500E+00  5.69303E-05  1.01486E+00 
3.63999E+01 1.02000E+00  5.71389E-05  1.01984E+00 
3.64999E+01 1.02500E+00  5.73444E-05  1.02485E+00 
3.65999E+01 1.03000E+00  5.75486E-05  1.02988E+00 
3.66999E+01 1.03500E+00  5.77578E-05  1.03486E+00 
3.67999E+01 1.04000E+00  5.79657E-05  1.03983E+00 
3.68999E+01 1.04500E+00  5.81724E-05  1.04485E+00 
3.69999E+01 1.05000E+00  5.83811E-05  1.04988E+00 
3.70999E+01 1.05500E+00  5.85882E-05  1.05489E+00 
3.71999E+01 1.06000E+00  5.87936E-05  1.05988E+00 
3.72999E+01 1.06500E+00  5.90080E-05  1.06487E+00 
3.73999E+01 1.07000E+00  5.92197E-05  1.06988E+00 
3.74999E+01 1.07500E+00  5.94476E-05  1.07487E+00 
3.75999E+01 1.08000E+00  5.96629E-05  1.07990E+00 
3.76999E+01 1.08500E+00  5.98964E-05  1.08492E+00 
3.77999E+01 1.09000E+00  6.01435E-05  1.08992E+00 
3.78999E+01 1.09500E+00  6.03929E-05  1.09492E+00 
3.79999E+01 1.10000E+00  6.06568E-05  1.09992E+00 
3.80999E+01 1.10500E+00  6.09257E-05  1.10491E+00 
3.81999E+01 1.11000E+00  6.12119E-05  1.10993E+00 
3.82999E+01 1.11500E+00  6.15027E-05  1.11492E+00 
3.83999E+01 1.12000E+00  6.18054E-05  1.11993E+00 
3.84999E+01 1.12500E+00  6.21340E-05  1.12496E+00 
3.85999E+01 1.13000E+00  6.24586E-05  1.12996E+00 
3.86999E+01 1.13500E+00  6.28038E-05  1.13498E+00 
3.87999E+01 1.14000E+00  6.31527E-05  1.13995E+00 
3.88999E+01 1.14500E+00  6.35297E-05  1.14498E+00 
3.89999E+01 1.15000E+00  6.39221E-05  1.14998E+00 
3.90999E+01 1.15500E+00  6.43408E-05  1.15496E+00 
3.91999E+01 1.16000E+00  6.47787E-05  1.15996E+00 
3.92999E+01 1.16500E+00  6.52360E-05  1.16497E+00 
3.93999E+01 1.17000E+00  6.57057E-05  1.16997E+00 
3.94999E+01 1.17500E+00  6.61951E-05  1.17497E+00 
3.95999E+01 1.18000E+00  6.67007E-05  1.17997E+00 
3.96999E+01 1.18500E+00  6.72259E-05  1.18495E+00 
3.97999E+01 1.19000E+00  6.77664E-05  1.18998E+00 
3.98999E+01 1.19500E+00  6.83286E-05  1.19498E+00 
3.99999E+01 1.19999E+00  6.89075E-05  1.19996E+00 
4.00999E+01 1.20499E+00  6.95061E-05  1.20501E+00 
4.01999E+01 1.20999E+00  7.01215E-05  1.21000E+00 
4.02999E+01 1.21499E+00  7.07597E-05  1.21502E+00 
4.03999E+01 1.21999E+00  7.14082E-05  1.21997E+00 
4.04999E+01 1.22499E+00  7.20754E-05  1.22501E+00 
4.05999E+01 1.22999E+00  7.27641E-05  1.23002E+00 
4.06999E+01 1.23499E+00  7.34763E-05  1.23499E+00 
4.07999E+01 1.23999E+00  7.42085E-05  1.23999E+00 
4.08999E+01 1.24499E+00  7.49458E-05  1.24498E+00 
4.09999E+01 1.24999E+00  7.56857E-05  1.25001E+00 
4.10999E+01 1.25499E+00  7.64400E-05  1.25498E+00 
4.11999E+01 1.25999E+00  7.72099E-05  1.25999E+00 
4.12999E+01 1.26499E+00  7.80067E-05  1.26499E+00 
4.13999E+01 1.26999E+00  7.88058E-05  1.27001E+00 
4.14999E+01 1.27499E+00  7.96234E-05  1.27499E+00 
4.15999E+01 1.27999E+00  8.04587E-05  1.28002E+00 
4.16999E+01 1.28499E+00  8.13241E-05  1.28499E+00 
4.17999E+01 1.28999E+00  8.21973E-05  1.29001E+00 
4.18999E+01 1.29499E+00  8.31002E-05  1.29504E+00 
4.19999E+01 1.29999E+00  8.40244E-05  1.29999E+00 
4.20999E+01 1.30499E+00  8.49419E-05  1.30501E+00 
4.21999E+01 1.30999E+00  8.58937E-05  1.31000E+00 
4.22999E+01 1.31499E+00  8.68585E-05  1.31502E+00 
4.23999E+01 1.31999E+00  8.78224E-05  1.32003E+00 
4.24999E+01 1.32499E+00  8.88048E-05  1.32503E+00 
4.25999E+01 1.32999E+00  8.97926E-05  1.33004E+00 
4.26999E+01 1.33499E+00  9.08010E-05  1.33503E+00 
4.27999E+01 1.33999E+00  9.18202E-05  1.34002E+00 
4.28999E+01 1.34499E+00  9.28829E-05  1.34503E+00 
4.29999E+01 1.34999E+00  9.39404E-05  1.35003E+00 
4.30999E+01 1.35499E+00  9.50203E-05  1.35504E+00 
4.31999E+01 1.35999E+00  9.60868E-05  1.36005E+00 
4.32999E+01 1.36499E+00  9.71988E-05  1.36505E+00 
4.33999E+01 1.36999E+00  9.83213E-05  1.37007E+00 
4.34999E+01 1.37499E+00  9.94464E-05  1.37505E+00 
4.35999E+01 1.37999E+00  1.00584E-04  1.38009E+00 
4.36999E+01 1.38499E+00  1.01762E-04  1.38507E+00 
4.37999E+01 1.38999E+00  1.02893E-04  1.39010E+00 
4.38999E+01 1.39499E+00  1.04027E-04  1.39509E+00 
4.39999E+01 1.39999E+00  1.05202E-04  1.40011E+00 
4.40999E+01 1.40499E+00  1.06332E-04  1.40510E+00 
4.41999E+01 1.40999E+00  1.07463E-04  1.41011E+00 
4.42999E+01 1.41499E+00  1.08626E-04  1.41508E+00 
4.43999E+01 1.41999E+00  1.09787E-04  1.42010E+00 
4.44999E+01 1.42499E+00  1.10943E-04  1.42512E+00 
4.45999E+01 1.42999E+00  1.12088E-04  1.43011E+00 
4.46999E+01 1.43499E+00  1.13234E-04  1.43511E+00 
4.47999E+01 1.43999E+00  1.14394E-04  1.44014E+00 
4.48999E+01 1.44499E+00  1.15560E-04  1.44511E+00 
4.49999E+01 1.44999E+00  1.16755E-04  1.45014E+00 
4.50999E+01 1.45499E+00  1.17909E-04  1.45513E+00 
4.51999E+01 1.45999E+00  1.19061E-04  1.46013E+00 
4.52999E+01 1.46499E+00  1.20221E-04  1.46514E+00 
4.53999E+01 1.46999E+00  1.21385E-04  1.47014E+00 
4.54999E+01 1.47499E+00  1.22533E-04  1.47515E+00 
4.55999E+01 1.47999E+00  1.23708E-04  1.48014E+00 
4.56999E+01 1.48499E+00  1.24852E-04  1.48513E+00 
4.57999E+01 1.48999E+00  1.26072E-04  1.49016E+00 
4.58999E+01 1.49499E+00  1.27532E-04  1.49516E+00 
4.59999E+01 1.49999E+00  1.28811E-04  1.50016E+00 
4.60999E+01 1.50499E+00  1.30047E-04  1.50515E+00 
4.61999E+01 1.50999E+00  1.31460E-04  1.51015E+00 
4.62999E+01 1.51499E+00  1.32925E-04  1.51515E+00 
4.63999E+01 1.51999E+00  1.34073E-04  1.52014E+00 
4.64999E+01 1.52499E+00  1.35287E-04  1.52516E+00 
4.65999E+01 1.52999E+00  1.36529E-04  1.53014E+00 
4.66999E+01 1.53499E+00  1.37916E-04  1.53516E+00 
4.67999E+01 1.53999E+00  1.39248E-04  1.54015E+00 
4.68999E+01 1.54499E+00  1.40734E-04  1.54515E+00 
4.69999E+01 1.54999E+00  1.42298E-04  1.55015E+00 
4.70999E+01 1.55499E+00  1.44296E-04  1.55517E+00 
4.71999E+01 1.55999E+00  1.45767E-04  1.56016E+00 
4.72999E+01 1.56499E+00  1.47539E-04  1.56516E+00 
4.73999E+01 1.56999E+00  1.49213E-04  1.57017E+00 
4.74999E+01 1.57499E+00  1.50940E-04  1.57516E+00 
4.75999E+01 1.57999E+00  1.52724E-04  1.58018E+00 
4.76999E+01 1.58499E+00  1.54578E-04  1.58520E+00 
4.77999E+01 1.58999E+00  1.56556E-04  1.59017E+00 
4.78999E+01 1.59499E+00  1.58513E-04  1.59517E+00 
4.79999E+01 1.59999E+00  1.60594E-04  1.60019E+00 
4.80999E+01 1.60499E+00  1.62711E-04  1.60520E+00 
4.81999E+01 1.60999E+00  1.64936E-04  1.61022E+00 
4.82999E+01 1.61499E+00  1.67482E-04  1.61521E+00 
4.83999E+01 1.61999E+00  1.69691E-04  1.62023E+00 
4.84999E+01 1.62499E+00  1.72072E-04  1.62522E+00 
4.85999E+01 1.62999E+00  1.74328E-04  1.63023E+00 
4.86999E+01 1.63499E+00  1.76697E-04  1.63521E+00 
4.87999E+01 1.63999E+00  1.79109E-04  1.64020E+00 
4.88999E+01 1.64499E+00  1.81806E-04  1.64526E+00 
4.89999E+01 1.64999E+00  1.84427E-04  1.65025E+00 
4.90999E+01 1.65499E+00  1.87154E-04  1.65525E+00 
4.91999E+01 1.65999E+00  1.90182E-04  1.66025E+00 
4.92999E+01 1.66499E+00  1.93046E-04  1.66526E+00 
4.93999E+01 1.66999E+00  1.95882E-04  1.67029E+00 
4.94999E+01 1.67499E+00  1.98825E-04  1.67526E+00 
4.95999E+01 1.67999E+00  2.02191E-04  1.68025E+00 
4.96999E+01 1.68499E+00  2.05605E-04  1.68525E+00 
4.97999E+01 1.68999E+00  2.08872E-04  1.69028E+00 
4.98999E+01 1.69499E+00  2.12173E-04  1.69526E+00 
4.99999E+01 1.69999E+00  2.15988E-04  1.70025E+00 
5.00999E+01 1.70499E+00  2.19404E-04  1.70527E+00 
5.01999E+01 1.70999E+00  2.22911E-04  1.71028E+00 
5.02999E+01 1.71499E+00  2.26601E-04  1.71527E+00 
5.03999E+01 1.71999E+00  2.30446E-04  1.72026E+00 
5.04999E+01 1.72499E+00  2.34112E-04  1.72527E+00 
5.05999E+01 1.72999E+00  2.37995E-04  1.73028E+00 
5.06999E+01 1.73499E+00  2.42178E-04  1.73526E+00 
5.07999E+01 1.73999E+00  2.46273E-04  1.74027E+00 
5.08999E+01 1.74499E+00  2.49889E-04  1.74530E+00 
5.09999E+01 1.74999E+00  2.53543E-04  1.75031E+00 
5.10999E+01 1.75499E+00  2.57273E-04  1.75532E+00 
5.11999E+01 1.75999E+00  2.61109E-04  1.76032E+00 
5.12999E+01 1.76499E+00  2.65115E-04  1.76533E+00 
5.13999E+01 1.76999E+00  2.68895E-04  1.77033E+00 
5.14999E+01 1.77499E+00  2.72773E-04  1.77532E+00 
5.15999E+01 1.77999E+00  2.76723E-04  1.78034E+00 
5.16999E+01 1.78499E+00  2.80410E-04  1.78534E+00 
5.17999E+01 1.78999E+00  2.84170E-04  1.79033E+00 
5.18999E+01 1.79499E+00  2.88060E-04  1.79534E+00 
5.19999E+01 1.79999E+00  2.92159E-04  1.80033E+00 
5.20999E+01 1.79499E+00  2.85502E-04  1.79531E+00 
5.21999E+01 1.78999E+00  2.78806E-04  1.79032E+00 
5.22999E+01 1.78499E+00  2.72236E-04  1.78533E+00 
5.23999E+01 1.77999E+00  2.65949E-04  1.78031E+00 
5.24999E+01 1.77499E+00  2.59741E-04  1.77530E+00 
5.25999E+01 1.76999E+00  2.53764E-04  1.77032E+00 
5.26999E+01 1.76499E+00  2.47959E-04  1.76534E+00 
5.27999E+01 1.75999E+00  2.42312E-04  1.76030E+00 
5.28999E+01 1.75499E+00  2.36817E-04  1.75529E+00 
5.29999E+01 1.74999E+00  2.32087E-04  1.75028E+00 
5.30999E+01 1.74499E+00  2.26815E-04  1.74529E+00 
5.31999E+01 1.73999E+00  2.21500E-04  1.74028E+00 
5.32999E+01 1.73499E+00  2.16305E-04  1.73527E+00 
5.33999E+01 1.72999E+00  2.11108E-04  1.73026E+00 
5.34999E+01 1.72499E+00  2.06187E-04  1.72525E+00 
5.35999E+01 1.71999E+00  2.01406E-04  1.72023E+00 
5.36999E+01 1.71499E+00  1.96695E-04  1.71524E+00 
5.37999E+01 1.70999E+00  1.92573E-04  1.71025E+00 
5.38999E+01 1.70499E+00  1.88406E-04  1.70525E+00 
5.39999E+01 1.69999E+00  1.83858E-04  1.70023E+00 
5.40999E+01 1.69499E+00  1.79460E-04  1.69529E+00 
5.41999E+01 1.68999E+00  1.75121E-04  1.69023E+00 
5.42999E+01 1.68499E+00  1.70923E-04  1.68525E+00 
5.43999E+01 1.67999E+00  1.67123E-04  1.68023E+00 
5.44999E+01 1.67499E+00  1.63216E-04  1.67524E+00 
5.45999E+01 1.66999E+00  1.59303E-04  1.67026E+00 
5.46999E+01 1.66499E+00  1.55571E-04  1.66525E+00 
5.47999E+01 1.65999E+00  1.51773E-04  1.66022E+00 
5.48999E+01 1.65499E+00  1.48195E-04  1.65524E+00 
5.49999E+01 1.64999E+00  1.44943E-04  1.65026E+00 
5.50999E+01 1.64499E+00  1.41438E-04  1.64525E+00 
5.51999E+01 1.63999E+00  1.38177E-04  1.64023E+00 
5.52999E+01 1.63499E+00  1.35109E-04  1.63523E+00 
5.53999E+01 1.62999E+00  1.32077E-04  1.63023E+00 
5.54999E+01 1.62499E+00  1.28835E-04  1.62523E+00 
5.55999E+01 1.61999E+00  1.25736E-04  1.62024E+00 
5.56999E+01 1.61499E+00  1.22708E-04  1.61522E+00 
5.57999E+01 1.60999E+00  1.19814E-04  1.61021E+00 
5.58999E+01 1.60499E+00  1.16943E-04  1.60519E+00 
5.59999E+01 1.59999E+00  1.14285E-04  1.60021E+00 
5.60999E+01 1.59499E+00  1.11887E-04  1.59518E+00 
5.61999E+01 1.58999E+00  1.09423E-04  1.59014E+00 
5.62999E+01 1.58499E+00  1.07060E-04  1.58520E+00 
5.63999E+01 1.57999E+00  1.04551E-04  1.58021E+00 
5.64999E+01 1.57499E+00  1.02108E-04  1.57519E+00 
5.65999E+01 1.56999E+00  1.00064E-04  1.57018E+00 
5.66999E+01 1.56499E+00  9.76925E-05  1.56515E+00 
5.67999E+01 1.55999E+00  9.58121E-05  1.56018E+00 
5.68999E+01 1.55499E+00  9.35288E-05  1.55515E+00 
5.69999E+01 1.54999E+00  9.11454E-05  1.55016E+00 
5.70999E+01 1.54499E+00  8.94359E-05  1.54514E+00 
5.71999E+01 1.53999E+00  8.75631E-05  1.54015E+00 
5.72999E+01 1.53499E+00  8.60120E-05  1.53516E+00 
5.73999E+01 1.52999E+00  8.44169E-05  1.53016E+00 
5.74999E+01 1.52499E+00  8.20614E-05  1.52515E+00 
5.75999E+01 1.51999E+00  8.04181E-05  1.52013E+00 
5.76999E+01 1.51499E+00  7.96185E-05  1.51517E+00 
5.77999E+01 1.50999E+00  7.80079E-05  1.51015E+00 
5.78999E+01 1.50499E+00  7.66294E-05  1.50513E+00 
5.79999E+01 1.49999E+00  7.45629E-05  1.50014E+00 
5.80999E+01 1.49499E+00  7.29850E-05  1.49514E+00 
5.81999E+01 1.48999E+00  7.12237E-05  1.49012E+00 
5.82999E+01 1.48499E+00  6.93972E-05  1.48514E+00 
5.83999E+01 1.47999E+00  6.83253E-05  1.48012E+00 
5.84999E+01 1.47499E+00  6.68541E-05  1.47514E+00 
5.85999E+01 1.46999E+00  6.57665E-05  1.47015E+00 
5.86999E+01 1.46499E+00  6.43283E-05  1.46513E+00 
5.87999E+01 1.45999E+00  6.30625E-05  1.46012E+00 
5.88999E+01 1.45499E+00  6.20668E-05  1.45513E+00 
5.89999E+01 1.44999E+00  6.11778E-05  1.45009E+00 
5.90999E+01 1.44499E+00  6.00362E-05  1.44512E+00 
5.91999E+01 1.43999E+00  5.88116E-05  1.44012E+00 
5.92999E+01 1.43499E+00  5.76757E-05  1.43509E+00 
5.93999E+01 1.42999E+00  5.66785E-05  1.43010E+00 
5.94999E+01 1.42499E+00  5.56748E-05  1.42507E+00 
5.95999E+01 1.41999E+00  5.48345E-05  1.42008E+00 
5.96999E+01 1.41499E+00  5.39690E-05  1.41509E+00 
5.97999E+01 1.40999E+00  5.31330E-05  1.41007E+00 
5.98999E+01 1.40499E+00  5.23012E-05  1.40506E+00 
5.99998E+01 1.39999E+00  5.15391E-05  1.40005E+00 
6.00998E+01 1.39499E+00  5.08335E-05  1.39507E+00 
6.01998E+01 1.38999E+00  5.01329E-05  1.39004E+00 
6.02998E+01 1.38499E+00  4.94180E-05  1.38506E+00 
6.03998E+01 1.37999E+00  4.87941E-05  1.38008E+00 
6.04998E+01 1.37499E+00  4.81717E-05  1.37507E+00 
6.05998E+01 1.36999E+00  4.75671E-05  1.37005E+00 
6.06998E+01 1.36499E+00  4.69724E-05  1.36506E+00 
6.07998E+01 1.35999E+00  4.64160E-05  1.36006E+00 
6.08998E+01 1.35499E+00  4.58525E-05  1.35505E+00 
6.09998E+01 1.34999E+00  4.52558E-05  1.35006E+00 
6.10998E+01 1.34499E+00  4.47296E-05  1.34506E+00 
6.11998E+01 1.33999E+00  4.43676E-05  1.34005E+00 
6.12998E+01 1.33499E+00  4.38886E-05  1.33503E+00 
6.13998E+01 1.32999E+00  4.33684E-05  1.33002E+00 
6.14998E+01 1.32499E+00  4.28184E-05  1.32502E+00 
6.15998E+01 1.31999E+00  4.22787E-05  1.32004E+00 
6.16998E+01 1.31499E+00  4.17715E-05  1.31503E+00 
6.17998E+01 1.30999E+00  4.13078E-05  1.31003E+00 
6.18998E+01 1.30499E+00  4.08530E-05  1.30501E+00 
6.19998E+01 1.29999E+00  4.03955E-05  1.30002E+00 
6.20998E+01 1.29499E+00  3.99733E-05  1.29503E+00 
6.21998E+01 1.28999E+00  3.91951E-05  1.29000E+00 
6.22998E+01 1.28499E+00  3.87330E-05  1.28503E+00 
6.23998E+01 1.27999E+00  3.82816E-05  1.28002E+00 
6.24998E+01 1.27499E+00  3.78560E-05  1.27502E+00 
6.25998E+01 1.26999E+00  3.74422E-05  1.27004E+00 
6.26998E+01 1.26499E+00  3.70551E-05  1.26498E+00 
6.27998E+01 1.25999E+00  3.66800E-05  1.25999E+00 
6.28998E+01 1.25499E+00  3.62962E-05  1.25501E+00 
6.29998E+01 1.24999E+00  3.59209E-05  1.25000E+00 
6.30998E+01 1.24499E+00  3.55360E-05  1.24498E+00 
6.31998E+01 1.23999E+00  3.51713E-05  1.23998E+00 
6.32998E+01 1.23499E+00  3.48114E-05  1.23498E+00 
6.33998E+01 1.22999E+00  3.44533E-05  1.23000E+00 
6.34998E+01 1.22499E+00  3.41091E-05  1.22498E+00 
6.35998E+01 1.21999E+00  3.37895E-05  1.21998E+00 
6.36998E+01 1.21499E+00  3.34390E-05  1.21498E+00 
6.37998E+01 1.20999E+00  3.30952E-05  1.20998E+00 
6.38998E+01 1.20499E+00  3.27649E-05  1.20498E+00 
6.39998E+01 1.19999E+00  3.24405E-05  1.19998E+00 
6.40998E+01 1.19500E+00  3.21177E-05  1.19498E+00 
6.41998E+01 1.19000E+00  3.17803E-05  1.18997E+00 
6.42998E+01 1.18500E+00  3.14491E-05  1.18500E+00 
6.43998E+01 1.18000E+00  3.11324E-05  1.17995E+00 
6.44998E+01 1.17500E+00  3.08143E-05  1.17496E+00 
6.45998E+01 1.17000E+00  3.05099E-05  1.16995E+00 
6.46998E+01 1.16500E+00  3.01963E-05  1.16494E+00 
6.47998E+01 1.16000E+00  2.98892E-05  1.15997E+00 
6.48998E+01 1.15500E+00  2.95886E-05  1.15498E+00 
6.49998E+01 1.15000E+00  2.92862E-05  1.14995E+00 
6.50998E+01 1.14500E+00  2.89928E-05  1.14494E+00 
6.51998E+01 1.14000E+00  2.86974E-05  1.13997E+00 
6.52998E+01 1.13500E+00  2.84059E-05  1.13494E+00 
6.53998E+01 1.13000E+00  2.81079E-05  1.12995E+00 
6.54998E+01 1.12500E+00  2.78416E-05  1.12495E+00 
6.55998E+01 1.12000E+00  2.75772E-05  1.11995E+00 
6.56998E+01 1.11500E+00  2.73056E-05  1.11492E+00 
6.57998E+01 1.11000E+00  2.70494E-05  1.10991E+00 
6.58998E+01 1.10500E+00  2.67765E-05  1.10490E+00 
6.59998E+01 1.10000E+00  2.64951E-05  1.09992E+00 
6.60998E+01 1.09500E+00  2.62051E-05  1.09492E+00 
6.61998E+01 1.09000E+00  2.59191E-05  1.08992E+00 
6.62998E+01 1.08500E+00  2.56353E-05  1.08489E+00 
6.63998E+01 1.08000E+00  2.53520E-05  1.07989E+00 
6.64998E+01 1.07500E+00  2.50735E-05  1.07492E+00 
6.65998E+01 1.07000E+00  2.48051E-05  1.06987E+00 
6.66998E+01 1.06500E+00  2.45256E-05  1.06488E+00 
6.67998E+01 1.06000E+00  2.42567E-05  1.05987E+00 
6.68998E+01 1.05500E+00  2.39924E-05  1.05488E+00 
6.69998E+01 1.05000E+00  2.37277E-05  1.04989E+00 
6.70998E+01 1.04500E+00  2.34668E-05  1.04485E+00 
6.71998E+01 1.04000E+00  2.32011E-05  1.03986E+00 
6.72998E+01 1.03500E+00  2.29387E-05  1.03486E+00 
6.73998E+01 1.03000E+00  2.26873E-05  1.02989E+00 
6.74998E+01 1.02500E+00  2.24258E-05  1.02485E+00 
6.75998E+01 1.02000E+00  2.21653E-05  1.01983E+00 
6.76998E+01 1.01500E+00  2.19112E-05  1.01484E+00 
6.77998E+01 1.01000E+00  2.16582E-05  1.00987E+00 
6.78998E+01 1.00500E+00  2.14057E-05  1.00486E+00 
6.79998E+01 9.99995E-01  2.11543E-05  9.99848E-01 
6.80998E+01 9.94996E-01  2.09063E-05  9.94840E-01 
6.81998E+01 9.89996E-01  2.06609E-05  9.89859E-01 
6.82998E+01 9.84996E-01  2.04124E-05  9.84835E-01 
6.83998E+01 9.79996E-01  2.01630E-05  9.79841E-01 
6.84998E+01 9.74996E-01  1.99120E-05  9.74850E-01 
6.85998E+01 9.69996E-01  1.96724E-05  9.69849E-01 
6.86998E+01 9.64996E-01  1.94161E-05  9.64828E-01 
6.87998E+01 9.59996E-01  1.91685E-05  9.59826E-01 
6.88998E+01 9.54996E-01  1.89202E-05  9.54832E-01 
6.89998E+01 9.49996E-01  1.86723E-05  9.49820E-01 
6.90998E+01 9.44996E-01  1.84243E-05  9.44825E-01 
6.91998E+01 9.39996E-01  1.81773E-05  9.39836E-01 
6.92998E+01 9.34996E-01  1.79282E-05  9.34785E-01 
6.93998E+01 9.29996E-01  1.76843E-05  9.29795E-01 
6.94998E+01 9.24996E-01  1.74365E-05  9.24804E-01 
6.95998E+01 9.19996E-01  1.71914E-05  9.19815E-01 
6.96998E+01 9.14996E-01  1.69462E-05  9.14833E-01 
6.97998E+01 9.09996E-01  1.66967E-05  9.09776E-01 
6.98998E+01 9.04996E-01  1.64531E-05  9.04792E-01 
6.99998E+01 8.99996E-01  1.62047E-05  8.99813E-01 
7.00998E+01 8.94996E-01  1.59586E-05  8.94789E-01 
7.01998E+01 8.89996E-01  1.57146E-05  8.89770E-01 
7.02998E+01 8.84996E-01  1.54682E-05  8.84769E-01 
7.03998E+01 8.79996E-01  1.52229E-05  8.79772E-01 
7.04998E+01 8.74996E-01  1.49699E-05  8.74760E-01 
7.05998E+01 8.69996E-01  1.47201E-05  8.69772E-01 
7.06998E+01 8.64996E-01  1.44724E-05  8.64786E-01 
7.07998E+01 8.59996E-01  1.42172E-05  8.59765E-01 
7.08998E+01 8.54996E-01  1.39654E-05  8.54789E-01 
7.09998E+01 8.49996E-01  1.37045E-05  8.49754E-01 
7.10998E+01 8.44996E-01  1.34492E-05  8.44763E-01 
7.11998E+01 8.39996E-01  1.31967E-05  8.39797E-01 
7.12998E+01 8.34996E-01  1.29356E-05  8.34796E-01 
7.13998E+01 8.29996E-01  1.26695E-05  8.29782E-01 
7.14998E+01 8.24996E-01  1.24018E-05  8.24764E-01 
7.15998E+01 8.19996E-01  1.21390E-05  8.19804E-01 
7.16998E+01 8.14996E-01  1.18723E-05  8.14797E-01 
7.17998E+01 8.09996E-01  1.16038E-05  8.09747E-01 
7.18998E+01 8.04996E-01  1.13286E-05  8.04757E-01 
7.19998E+01 7.99996E-01  1.10534E-05  7.99749E-01 
7.20998E+01 7.94996E-01  1.07792E-05  7.94797E-01 
7.21998E+01 7.89996E-01  1.04976E-05  7.89750E-01 
7.22998E+01 7.84996E-01  1.02148E-05  7.84755E-01 
7.23998E+01 7.79996E-01  9.93278E-06  7.79752E-01 
7.24998E+01 7.74996E-01  9.64253E-06  7.74705E-01 
7.25998E+01 7.69996E-01  9.34940E-06  7.69717E-01 
7.26998E+01 7.64996E-01  9.05312E-06  7.64720E-01 
7.27998E+01 7.59996E-01  8.75802E-06  7.59730E-01 
7.28998E+01 7.54996E-01  8.46299E-06  7.54707E-01 
7.29998E+01 7.49996E-01  8.16923E-06  7.49702E-01 
7.30998E+01 7.44996E-01  7.87598E-06  7.44713E-01 
7.31998E+01 7.39996E-01  7.56193E-06  7.39716E-01 
7.32998E+01 7.34996E-01  7.24758E-06  7.34694E-01 
7.33998E+01 7.29996E-01  6.94283E-06  7.29699E-01 
7.34998E+01 7.24996E-01  6.63418E-06  7.24686E-01 
7.35998E+01 7.19996E-01  6.32578E-06  7.19712E-01 
7.36998E+01 7.14996E-01  6.01601E-06  7.14684E-01 
7.37998E+01 7.09996E-01  5.70083E-06  7.09675E-01 
7.38998E+01 7.04996E-01  5.37394E-06  7.04673E-01 
7.39998E+01 6.99996E-01  5.05777E-06  6.99672E-01 
7.40998E+01 6.94996E-01  4.74454E-06  6.94695E-01 
7.41998E+01 6.89996E-01  4.44012E-06  6.89661E-01 
7.42998E+01 6.84996E-01  4.13444E-06  6.84680E-01 
7.43998E+01 6.79996E-01  3.81354E-06  6.79703E-01 
7.44998E+01 6.74996E-01  3.46500E-06  6.74672E-01 
7.45998E+01 6.69996E-01  3.12898E-06  6.69660E-01 
7.46998E+01 6.64996E-01  2.71611E-06  6.64660E-01 
7.47998E+01 6.59996E-01  2.39723E-06  6.59679E-01 
7.48998E+01 6.54996E-01  2.09057E-06  6.54667E-01 
7.49998E+01 6.49996E-01  1.80833E-06  6.49658E-01 
7.50998E+01 6.44996E-01  1.41969E-06  6.44647E-01 
7.51998E+01 6.39996E-01  1.11388E-06  6.39626E-01 
7.52998E+01 6.34996E-01  7.95145E-07  6.34635E-01 
7.53998E+01 6.29996E-01  4.66658E-07  6.29628E-01 
7.54998E+01 6.24996E-01  1.00799E-07  6.24597E-01 
7.55998E+01 6.19996E-01  -2.89685E-07 6.19610E-01 
7.56998E+01 6.14996E-01  -7.16427E-07 6.14613E-01 
7.57998E+01 6.09996E-01  -1.11774E-06 6.09610E-01 
7.58998E+01 6.04996E-01  -1.52831E-06 6.04608E-01 
7.59998E+01 5.99996E-01  -1.88474E-06 5.99632E-01 
7.60998E+01 5.94997E-01  -2.25265E-06 5.94625E-01 
7.61998E+01 5.89997E-01  -2.64171E-06 5.89630E-01 
7.62998E+01 5.84997E-01  -3.04916E-06 5.84591E-01 
7.63998E+01 5.79997E-01  -3.42951E-06 5.79620E-01 
7.64998E+01 5.74997E-01  -3.82589E-06 5.74598E-01 
7.65998E+01 5.69997E-01  -4.21939E-06 5.69595E-01 
7.66998E+01 5.64997E-01  -4.63125E-06 5.64559E-01 
7.67998E+01 5.59997E-01  -5.06923E-06 5.59613E-01 
7.68998E+01 5.54997E-01  -5.48068E-06 5.54627E-01 
7.69998E+01 5.49997E-01  -5.91683E-06 5.49600E-01 
7.70998E+01 5.44997E-01  -6.35680E-06 5.44604E-01 
7.71998E+01 5.39997E-01  -6.80043E-06 5.39589E-01 
7.72998E+01 5.34997E-01  -7.25834E-06 5.34611E-01 
7.73998E+01 5.29997E-01  -7.71234E-06 5.29605E-01 
7.74998E+01 5.24997E-01  -8.18257E-06 5.24591E-01 
7.75998E+01 5.19997E-01  -8.65744E-06 5.19600E-01 
7.76998E+01 5.14997E-01  -9.13865E-06 5.14605E-01 
7.77998E+01 5.09997E-01  -9.62507E-06 5.09609E-01 
7.78998E+01 5.04997E-01  -1.01242E-05 5.04616E-01 
7.79998E+01 4.99997E-01  -1.06234E-05 4.99593E-01 
7.80998E+01 4.94997E-01  -1.11275E-05 4.94603E-01 
7.81998E+01 4.89997E-01  -1.16300E-05 4.89632E-01 
7.82998E+01 4.84997E-01  -1.21515E-05 4.84608E-01 
7.83998E+01 4.79997E-01  -1.26659E-05 4.79585E-01 
7.84998E+01 4.74997E-01  -1.32017E-05 4.74583E-01 
7.85998E+01 4.69997E-01  -1.37266E-05 4.69555E-01 
7.86998E+01 4.64997E-01  -1.42691E-05 4.64585E-01 
7.87998E+01 4.59997E-01  -1.48093E-05 4.59563E-01 
7.88998E+01 4.54997E-01  -1.53666E-05 4.54547E-01 
7.89998E+01 4.49997E-01  -1.59157E-05 4.49541E-01 
7.90998E+01 4.44997E-01  -1.64869E-05 4.44506E-01 
7.91998E+01 4.39997E-01  -1.70574E-05 4.39557E-01 
7.92998E+01 4.34997E-01  -1.76392E-05 4.34541E-01 
7.93998E+01 4.29997E-01  -1.81798E-05 4.29520E-01 
7.94998E+01 4.24997E-01  -1.87640E-05 4.24531E-01 
7.95998E+01 4.19997E-01  -1.93551E-05 4.19520E-01 
7.96998E+01 4.14997E-01  -1.99610E-05 4.14530E-01 
7.97998E+01 4.09997E-01  -2.05726E-05 4.09516E-01 
7.98998E+01 4.04997E-01  -2.11823E-05 4.04501E-01 
7.99998E+01 3.99997E-01  -2.17986E-05 3.99499E-01 
8.00998E+01 3.94997E-01  -2.24218E-05 3.94524E-01 
8.01998E+01 3.89997E-01  -2.30582E-05 3.89495E-01 
8.02998E+01 3.84997E-01  -2.36981E-05 3.84497E-01 
8.03998E+01 3.79997E-01  -2.43391E-05 3.79515E-01 
8.04998E+01 3.74997E-01  -2.49825E-05 3.74515E-01 
8.05998E+01 3.69997E-01  -2.56364E-05 3.69489E-01 
8.06998E+01 3.64997E-01  -2.62873E-05 3.64476E-01 
8.07998E+01 3.59997E-01  -2.69449E-05 3.59503E-01 
8.08998E+01 3.54997E-01  -2.76059E-05 3.54491E-01 
8.09998E+01 3.49997E-01  -2.82713E-05 3.49495E-01 
8.10998E+01 3.44997E-01  -2.89457E-05 3.44479E-01 
8.11998E+01 3.39997E-01  -2.96208E-05 3.39472E-01 
8.12998E+01 3.34997E-01  -3.02976E-05 3.34490E-01 
8.13998E+01 3.29997E-01  -3.09746E-05 3.29486E-01 
8.14998E+01 3.24997E-01  -3.16554E-05 3.24466E-01 
8.15998E+01 3.19997E-01  -3.23366E-05 3.19474E-01 
8.16998E+01 3.14997E-01  -3.30105E-05 3.14460E-01 
8.17998E+01 3.09997E-01  -3.36993E-05 3.09467E-01 
8.18998E+01 3.04997E-01  -3.43827E-05 3.04462E-01 
8.19998E+01 2.99997E-01  -3.50758E-05 2.99479E-01 
8.20998E+01 2.94997E-01  -3.57677E-05 2.94442E-01 
8.21998E+01 2.89997E-01  -3.64532E-05 2.89452E-01 
8.22998E+01 2.84997E-01  -3.71426E-05 2.84453E-01 
8.23998E+01 2.79997E-01  -3.78421E-05 2.79461E-01 
8.24998E+01 2.74997E-01  -3.85323E-05 2.74452E-01 
8.25998E+01 2.69997E-01  -3.92206E-05 2.69439E-01 
8.26998E+01 2.64997E-01  -3.99104E-05 2.64450E-01 
8.27998E+01 2.59997E-01  -4.06054E-05 2.59472E-01 
8.28998E+01 2.54997E-01  -4.12997E-05 2.54434E-01 
8.29998E+01 2.49997E-01  -4.19893E-05 2.49417E-01 
8.30998E+01 2.44997E-01  -4.26863E-05 2.44441E-01 
8.31998E+01 2.39997E-01  -4.33806E-05 2.39442E-01 
8.32998E+01 2.34997E-01  -4.40837E-05 2.34449E-01 
8.33998E+01 2.29997E-01  -4.47843E-05 2.29412E-01 
8.34998E+01 2.24997E-01  -4.55038E-05 2.24422E-01 
8.35998E+01 2.19997E-01  -4.62296E-05 2.19430E-01 
8.36998E+01 2.14997E-01  -4.69205E-05 2.14442E-01 
8.37998E+01 2.09997E-01  -4.76256E-05 2.09415E-01 
8.38998E+01 2.04997E-01  -4.83318E-05 2.04403E-01 
8.39998E+01 1.99997E-01  -4.90414E-05 1.99421E-01 
8.40998E+01 1.94998E-01  -4.97580E-05 1.94417E-01 
8.41998E+01 1.89998E-01  -5.04860E-05 1.89398E-01 
8.42998E+01 1.84998E-01  -5.12244E-05 1.84397E-01 
8.43998E+01 1.79998E-01  -5.19599E-05 1.79415E-01 
8.44998E+01 1.74998E-01  -5.27131E-05 1.74405E-01 
8.45998E+01 1.69998E-01  -5.34842E-05 1.69376E-01 
8.46998E+01 1.64998E-01  -5.42432E-05 1.64397E-01 
8.47998E+01 1.59998E-01  -5.50324E-05 1.59420E-01 
8.48998E+01 1.54998E-01  -5.58351E-05 1.54409E-01 
8.49998E+01 1.49998E-01  -5.66500E-05 1.49398E-01 
8.50998E+01 1.44998E-01  -5.74894E-05 1.44378E-01 
8.51998E+01 1.39998E-01  -5.83472E-05 1.39393E-01 
8.52998E+01 1.34998E-01  -5.92225E-05 1.34356E-01 
8.53998E+01 1.29998E-01  -6.01275E-05 1.29358E-01 
8.54998E+01 1.24998E-01  -6.10570E-05 1.24363E-01 
8.55998E+01 1.19998E-01  -6.20069E-05 1.19386E-01 
8.56998E+01 1.14998E-01  -6.29907E-05 1.14356E-01 
8.57998E+01 1.09998E-01  -6.40087E-05 1.09351E-01 
8.58998E+01 1.04998E-01  -6.50481E-05 1.04377E-01 
8.59998E+01 9.99977E-02  -6.61365E-05 9.93571E-02 
8.60998E+01 9.49978E-02  -6.72498E-05 9.43505E-02 
8.61998E+01 8.99978E-02  -6.83937E-05 8.93421E-02 
8.62998E+01 8.49978E-02  -6.95749E-05 8.43343E-02 
8.63998E+01 7.99978E-02  -7.08123E-05 7.93628E-02 
8.64998E+01 7.49978E-02  -7.20869E-05 7.43506E-02 
8.65998E+01 6.99978E-02  -7.34119E-05 6.93191E-02 
8.66998E+01 6.49978E-02  -7.47874E-05 6.43400E-02 
8.67998E+01 5.99978E-02  -7.62206E-05 5.93341E-02 
8.68998E+01 5.49979E-02  -7.77031E-05 5.43188E-02 
8.69998E+01 4.99979E-02  -7.92417E-05 4.93229E-02 
8.70998E+01 4.49979E-02  -8.08443E-05 4.43257E-02 
8.71998E+01 3.99979E-02  -8.25177E-05 3.93385E-02 
8.72998E+01 3.49979E-02  -8.42567E-05 3.43364E-02 
8.73998E+01 2.99979E-02  -8.60750E-05 2.93011E-02 
8.74998E+01 2.49979E-02  -8.79723E-05 2.43226E-02 
8.75998E+01 1.99979E-02  -8.99527E-05 1.93136E-02 
8.76998E+01 1.49980E-02  -9.20194E-05 1.43108E-02 
8.77998E+01 9.99797E-03  -9.41648E-05 9.29308E-03 
8.78998E+01 4.99799E-03  -9.63792E-05 4.29527E-03 
8.79998E+01 -2.00000E-06 -9.87026E-05 -6.83808E-04
8.80998E+01 -5.00199E-03 -1.01087E-04 -5.69348E-03
8.81998E+01 -1.00020E-02 -1.03535E-04 -1.07013E-02
8.82998E+01 -1.50020E-02 -1.06059E-04 -1.57402E-02
8.83998E+01 -2.00020E-02 -1.08636E-04 -2.07299E-02
8.84998E+01 -2.50019E-02 -1.11271E-04 -2.57009E-02
8.85998E+01 -3.00019E-02 -1.13949E-04 -3.07305E-02
8.86998E+01 -3.50019E-02 -1.16669E-04 -3.57327E-02
8.87998E+01 -4.00019E-02 -1.19429E-04 -4.07168E-02
8.88998E+01 -4.50019E-02 -1.22225E-04 -4.57177E-02
8.89998E+01 -5.00019E-02 -1.25035E-04 -5.07205E-02
8.90998E+01 -5.50019E-02 -1.27880E-04 -5.57158E-02
8.91998E+01 -6.00019E-02 -1.30733E-04 -6.07535E-02
8.92998E+01 -6.50018E-02 -1.33600E-04 -6.57413E-02
8.93998E+01 -7.00018E-02 -1.36474E-04 -7.07167E-02
8.94998E+01 -7.50018E-02 -1.39366E-04 -7.57363E-02
8.95998E+01 -8.00018E-02 -1.42282E-04 -8.07535E-02
8.96998E+01 -8.50018E-02 -1.45217E-04 -8.57425E-02
8.97998E+01 -9.00018E-02 -1.48160E-04 -9.07378E-02
8.98998E+01 -9.50018E-02 -1.51106E-04 -9.57288E-02
8.99998E+01 -1.00002E-01 -1.54078E-04 -1.00766E-01
9.00998E+01 -1.05002E-01 -1.57052E-04 -1.05754E-01
9.01998E+01 -1.10002E-01 -1.60047E-04 -1.10733E-01
9.02998E+01 -1.15002E-01 -1.63059E-04 -1.15760E-01
9.03998E+01 -1.20002E-01 -1.66101E-04 -1.20739E-01
9.04998E+01 -1.25002E-01 -1.69171E-04 -1.25754E-01
9.05998E+01 -1.30002E-01 -1.72286E-04 -1.30740E-01
9.06998E+01 -1.35002E-01 -1.75431E-04 -1.35764E-01
9.07998E+01 -1.40002E-01 -1.78627E-04 -1.40778E-01
9.08998E+01 -1.45002E-01 -1.81856E-04 -1.45797E-01
9.09998E+01 -1.50002E-01 -1.85135E-04 -1.50776E-01
9.10998E+01 -1.55002E-01 -1.88429E-04 -1.55778E-01
9.11998E+01 -1.60002E-01 -1.91739E-04 -1.60773E-01
9.12998E+01 -1.65002E-01 -1.95022E-04 -1.65796E-01
9.13998E+01 -1.70002E-01 -1.98222E-04 -1.70784E-01
9.14998E+01 -1.75002E-01 -2.01287E-04 -1.75821E-01
9.15998E+01 -1.80002E-01 -2.04100E-04 -1.80814E-01
9.16998E+01 -1.85002E-01 -2.06509E-04 -1.85824E-01
9.17998E+01 -1.90002E-01 -2.08246E-04 -1.90801E-01
9.18998E+01 -1.95002E-01 -2.08909E-04 -1.95832E-01
9.19998E+01 -2.00002E-01 -2.07818E-04 -2.00828E-01
9.20998E+01 -2.05001E-01 -2.04033E-04 -2.05818E-01
9.21998E+01 -2.10001E-01 -1.96265E-04 -2.10807E-01
9.22998E+01 -2.15001E-01 -1.82943E-04 -2.15821E-01
9.23998E+01 -2.20001E-01 -1.64836E-04 -2.20827E-01
9.24998E+01 -2.25001E-01 -1.45632E-04 -2.25817E-01
9.25998E+01 -2.30001E-01 -1.27397E-04 -2.30838E-01
9.26998E+01 -2.35001E-01 -1.11771E-04 -2.35811E-01
9.27998E+01 -2.40001E-01 -1.00089E-04 -2.40833E-01
9.28998E+01 -2.45001E-01 -9.17490E-05 -2.45839E-01
9.29998E+01 -2.50001E-01 -8.54471E-05 -2.50816E-01
9.30998E+01 -2.55001E-01 -8.06463E-05 -2.55846E-01
9.31998E+01 -2.60001E-01 -7.65515E-05 -2.60845E-01
9.32998E+01 -2.65001E-01 -7.31855E-05 -2.65825E-01
9.33998E+01 -2.70001E-01 -7.02634E-05 -2.70832E-01
9.34998E+01 -2.75001E-01 -6.79015E-05 -2.75824E-01
9.35998E+01 -2.80001E-01 -6.57554E-05 -2.80845E-01
9.36998E+01 -2.85001E-01 -6.37302E-05 -2.85868E-01
9.37998E+01 -2.90001E-01 -6.19490E-05 -2.90845E-01
9.38998E+01 -2.95001E-01 -6.03857E-05 -2.95867E-01
9.39998E+01 -3.00001E-01 -5.90103E-05 -3.00864E-01
9.40998E+01 -3.05001E-01 -5.77713E-05 -3.05870E-01
9.41998E+01 -3.10001E-01 -5.66525E-05 -3.10858E-01
9.42998E+01 -3.15001E-01 -5.56272E-05 -3.15859E-01
9.43998E+01 -3.20001E-01 -5.46944E-05 -3.20879E-01
9.44998E+01 -3.25001E-01 -5.38480E-05 -3.25887E-01
9.45998E+01 -3.30001E-01 -5.30881E-05 -3.30891E-01
9.46998E+01 -3.35001E-01 -5.23761E-05 -3.35874E-01
9.47998E+01 -3.40001E-01 -5.17251E-05 -3.40899E-01
9.48998E+01 -3.45001E-01 -5.11163E-05 -3.45897E-01
9.49998E+01 -3.50001E-01 -5.05536E-05 -3.50895E-01
9.50998E+01 -3.55001E-01 -5.00306E-05 -3.55917E-01
9.51998E+01 -3.60001E-01 -4.95588E-05 -3.60904E-01
9.52998E+01 -3.65001E-01 -4.91058E-05 -3.65901E-01
9.53998E+01 -3.70001E-01 -4.86857E-05 -3.70912E-01
9.54998E+01 -3.75001E-01 -4.82939E-05 -3.75913E-01
9.55998E+01 -3.80001E-01 -4.79206E-05 -3.80917E-01
9.56998E+01 -3.85001E-01 -4.75849E-05 -3.85894E-01
9.57998E+01 -3.90001E-01 -4.72619E-05 -3.90923E-01
9.58998E+01 -3.95001E-01 -4.69547E-05 -3.95914E-01
9.59998E+01 -4.00001E-01 -4.66740E-05 -4.00917E-01
9.60998E+01 -4.05001E-01 -4.64188E-05 -4.05918E-01
9.61998E+01 -4.10001E-01 -4.61722E-05 -4.10935E-01
9.62998E+01 -4.15001E-01 -4.59470E-05 -4.15939E-01
9.63998E+01 -4.20001E-01 -4.57334E-05 -4.20928E-01
9.64998E+01 -4.25001E-01 -4.55403E-05 -4.25920E-01
9.65998E+01 -4.30001E-01 -4.53574E-05 -4.30950E-01
9.66998E+01 -4.35001E-01 -4.51907E-05 -4.35961E-01
9.67998E+01 -4.40001E-01 -4.50351E-05 -4.40952E-01
9.68998E+01 -4.45001E-01 -4.48964E-05 -4.45939E-01
9.69998E+01 -4.50001E-01 -4.47672E-05 -4.50923E-01
9.70998E+01 -4.55001E-01 -4.46513E-05 -4.55949E-01
9.71998E+01 -4.60001E-01 -4.45503E-05 -4.60941E-01
9.72998E+01 -4.65001E-01 -4.44668E-05 -4.65934E-01
9.73998E+01 -4.70001E-01 -4.43947E-05 -4.70941E-01
9.74998E+01 -4.75001E-01 -4.43404E-05 -4.75962E-01
9.75998E+01 -4.80001E-01 -4.43066E-05 -4.80960E-01
9.76998E+01 -4.85001E-01 -4.42813E-05 -4.85957E-01
9.77998E+01 -4.90001E-01 -4.42699E-05 -4.90957E-01
9.78998E+01 -4.95001E-01 -4.42782E-05 -4.95977E-01
9.79998E+01 -5.00001E-01 -4.42899E-05 -5.00980E-01
9.80998E+01 -5.05001E-01 -4.43233E-05 -5.05993E-01
9.81998E+01 -5.10001E-01 -4.43578E-05 -5.10998E-01
9.82998E+01 -5.15001E-01 -4.44027E-05 -5.15979E-01
9.83998E+01 -5.20001E-01 -4.44574E-05 -5.20995E-01
9.84998E+01 -5.25001E-01 -4.45200E-05 -5.26015E-01
9.85998E+01 -5.30001E-01 -4.45824E-05 -5.31008E-01
9.86998E+01 -5.35001E-01 -4.46453E-05 -5.35999E-01
9.87998E+01 -5.40001E-01 -4.47274E-05 -5.40997E-01
9.88998E+01 -5.45001E-01 -4.47943E-05 -5.45993E-01
9.89998E+01 -5.50001E-01 -4.48645E-05 -5.50990E-01
9.90998E+01 -5.55001E-01 -4.49397E-05 -5.56003E-01
9.91998E+01 -5.60001E-01 -4.50199E-05 -5.61009E-01
9.92998E+01 -5.65001E-01 -4.50987E-05 -5.66004E-01
9.93998E+01 -5.70001E-01 -4.51825E-05 -5.70999E-01
9.94998E+01 -5.75001E-01 -4.52575E-05 -5.76017E-01
9.95998E+01 -5.80001E-01 -4.53345E-05 -5.81014E-01
9.96998E+01 -5.85001E-01 -4.54125E-05 -5.86014E-01
9.97998E+01 -5.90001E-01 -4.54877E-05 -5.91036E-01
9.98998E+01 -5.95001E-01 -4.55541E-05 -5.96038E-01
9.99997E+01 -6.00001E-01 -4.56276E-05 -6.01011E-01
1.00100E+02 -6.05000E-01 -4.56943E-05 -6.06022E-01
1.00200E+02 -6.10000E-01 -4.57566E-05 -6.11026E-01
1.00300E+02 -6.15000E-01 -4.58206E-05 -6.16050E-01
1.00400E+02 -6.20000E-01 -4.58729E-05 -6.21030E-01
1.00500E+02 -6.25000E-01 -4.59332E-05 -6.26025E-01
1.00600E+02 -6.30000E-01 -4.59931E-05 -6.31034E-01
1.00700E+02 -6.35000E-01 -4.60514E-05 -6.36058E-01
1.00800E+02 -6.40000E-01 -4.60882E-05 -6.41050E-01
1.00900E+02 -6.45000E-01 -4.61389E-05 -6.46053E-01
1.01000E+02 -6.50000E-01 -4.61879E-05 -6.51058E-01
1.01100E+02 -6.55000E-01 -4.62434E-05 -6.56092E-01
1.01200E+02 -6.60000E-01 -4.62884E-05 -6.61079E-01
1.01300E+02 -6.65000E-01 -4.63362E-05 -6.66072E-01
1.01400E+02 -6.70000E-01 -4.63914E-05 -6.71067E-01
1.01500E+02 -6.75000E-01 -4.64444E-05 -6.76083E-01
1.01600E+02 -6.80000E-01 -4.64997E-05 -6.81110E-01
1.01700E+02 -6.85000E-01 -4.65707E-05 -6.86090E-01
1.01800E+02 -6.90000E-01 -4.66383E-05 -6.91081E-01
1.01900E+02 -6.95000E-01 -4.67088E-05 -6.96118E-01
1.02000E+02 -7.00000E-01 -4.67755E-05 -7.01100E-01
1.02100E+02 -7.05000E-01 -4.68596E-05 -7.06103E-01
1.02200E+02 -7.10000E-01 -4.69475E-05 -7.11101E-01
1.02300E+02 -7.15000E-01 -4.70500E-05 -7.16115E-01
1.02400E+02 -7.20000E-01 -4.71672E-05 -7.21127E-01
1.02500E+02 -7.25000E-01 -4.72874E-05 -7.26103E-01
1.02600E+02 -7.30000E-01 -4.74162E-05 -7.31113E-01
1.02700E+02 -7.35000E-01 -4.75548E-05 -7.36117E-01
1.02800E+02 -7.40000E-01 -4.77019E-05 -7.41145E-01
1.02900E+02 -7.45000E-01 -4.78610E-05 -7.46111E-01
1.03000E+02 -7.50000E-01 -4.80359E-05 -7.51121E-01
1.03100E+02 -7.55000E-01 -4.82240E-05 -7.56120E-01
1.03200E+02 -7.60000E-01 -4.84192E-05 -7.61133E-01
1.03300E+02 -7.65000E-01 -4.86259E-05 -7.66110E-01
1.03400E+02 -7.70000E-01 -4.88516E-05 -7.71104E-01
1.03500E+02 -7.75000E-01 -4.90914E-05 -7.76145E-01
1.03600E+02 -7.80000E-01 -4.93416E-05 -7.81122E-01
1.03700E+02 -7.85000E-01 -4.96209E-05 -7.86143E-01
1.03800E+02 -7.90000E-01 -4.98754E-05 -7.91116E-01
1.03900E+02 -7.95000E-01 -5.01544E-05 -7.96125E-01
