time/s      E/V        I/A
0.00000E+00 -8.00000E-01 -4.49441E-05 -8.01133E-01
9.99997E-02 -7.95000E-01 -4.35063E-05 -7.96109E-01
1.99999E-01 -7.90000E-01 -4.23462E-05 -7.91085E-01
2.99999E-01 -7.85000E-01 -4.12785E-05 -7.86087E-01
3.99999E-01 -7.80000E-01 -4.03337E-05 -7.81095E-01
4.99999E-01 -7.75000E-01 -3.94519E-05 -7.76095E-01
5.99998E-01 -7.70000E-01 -3.86001E-05 -7.71075E-01
6.99998E-01 -7.65000E-01 -3.77948E-05 -7.66095E-01
7.99998E-01 -7.60000E-01 -3.70251E-05 -7.61100E-01
8.99998E-01 -7.55000E-01 -3.63001E-05 -7.56113E-01
9.99997E-01 -7.50000E-01 -3.56297E-05 -7.51100E-01
1.10000E+00 -7.45000E-01 -3.49709E-05 -7.46116E-01
1.20000E+00 -7.40000E-01 -3.43357E-05 -7.41117E-01
1.30000E+00 -7.35000E-01 -3.37468E-05 -7.36080E-01
1.40000E+00 -7.30000E-01 -3.31527E-05 -7.31075E-01
1.50000E+00 -7.25000E-01 -3.26045E-05 -7.26079E-01
1.60000E+00 -7.20000E-01 -3.20800E-05 -7.21090E-01
1.70000E+00 -7.15000E-01 -3.15679E-05 -7.16103E-01
1.80000E+00 -7.10000E-01 -3.10606E-05 -7.11081E-01
1.90000E+00 -7.05000E-01 -3.05736E-05 -7.06069E-01
1.99999E+00 -7.00000E-01 -3.01251E-05 -7.01080E-01
2.09999E+00 -6.95000E-01 -2.96671E-05 -6.96083E-01
2.19999E+00 -6.90000E-01 -2.92220E-05 -6.91059E-01
2.29999E+00 -6.85000E-01 -2.87895E-05 -6.86068E-01
2.39999E+00 -6.80000E-01 -2.83873E-05 -6.81080E-01
2.49999E+00 -6.75000E-01 -2.79568E-05 -6.76062E-01
2.59999E+00 -6.70000E-01 -2.74184E-05 -6.71041E-01
2.69999E+00 -6.65000E-01 -2.69995E-05 -6.66057E-01
2.79999E+00 -6.60000E-01 -2.66284E-05 -6.61053E-01
2.89999E+00 -6.55000E-01 -2.63853E-05 -6.56055E-01
2.99999E+00 -6.50000E-01 -2.60230E-05 -6.51036E-01
3.09999E+00 -6.45000E-01 -2.55423E-05 -6.46030E-01
3.19999E+00 -6.40000E-01 -2.49478E-05 -6.41028E-01
3.29999E+00 -6.35000E-01 -2.44011E-05 -6.36038E-01
3.39999E+00 -6.30000E-01 -2.41325E-05 -6.31035E-01
3.49999E+00 -6.25000E-01 -2.38229E-05 -6.26002E-01
3.59999E+00 -6.20000E-01 -2.35577E-05 -6.20990E-01
3.69999E+00 -6.15000E-01 -2.33221E-05 -6.16009E-01
3.79999E+00 -6.10000E-01 -2.30051E-05 -6.10989E-01
3.89999E+00 -6.05000E-01 -2.28048E-05 -6.05984E-01
3.99999E+00 -6.00001E-01 -2.24673E-05 -6.00998E-01
4.09999E+00 -5.95001E-01 -2.22006E-05 -5.96005E-01
4.19999E+00 -5.90001E-01 -2.19429E-05 -5.91004E-01
4.29999E+00 -5.85001E-01 -2.16813E-05 -5.85982E-01
4.39999E+00 -5.80001E-01 -2.14359E-05 -5.80992E-01
4.49999E+00 -5.75001E-01 -2.11582E-05 -5.75978E-01
4.59999E+00 -5.70001E-01 -2.09325E-05 -5.71000E-01
4.69999E+00 -5.65001E-01 -2.07683E-05 -5.65986E-01
4.79999E+00 -5.60001E-01 -2.06148E-05 -5.60992E-01
4.89999E+00 -5.55001E-01 -2.04312E-05 -5.55996E-01
4.99999E+00 -5.50001E-01 -2.01891E-05 -5.50984E-01
5.09999E+00 -5.45001E-01 -1.99221E-05 -5.45993E-01
5.19999E+00 -5.40001E-01 -1.93115E-05 -5.41000E-01
5.29999E+00 -5.35001E-01 -1.88179E-05 -5.35990E-01
5.39999E+00 -5.30001E-01 -1.85518E-05 -5.31014E-01
5.49999E+00 -5.25001E-01 -1.83999E-05 -5.25970E-01
5.59999E+00 -5.20001E-01 -1.84528E-05 -5.20973E-01
5.69999E+00 -5.15001E-01 -1.79369E-05 -5.15982E-01
5.79999E+00 -5.10001E-01 -1.74318E-05 -5.10984E-01
5.89999E+00 -5.05001E-01 -1.71408E-05 -5.05967E-01
5.99998E+00 -5.00001E-01 -1.67921E-05 -5.00963E-01
6.09998E+00 -4.95001E-01 -1.64739E-05 -4.95957E-01
6.19998E+00 -4.90001E-01 -1.62335E-05 -4.90957E-01
6.29998E+00 -4.85001E-01 -1.59432E-05 -4.85954E-01
6.39998E+00 -4.80001E-01 -1.53729E-05 -4.80941E-01
6.49998E+00 -4.75001E-01 -1.52552E-05 -4.75944E-01
6.59998E+00 -4.70001E-01 -1.52218E-05 -4.70928E-01
6.69998E+00 -4.65001E-01 -1.52897E-05 -4.65940E-01
6.79998E+00 -4.60001E-01 -1.64085E-05 -4.60951E-01
6.89998E+00 -4.55001E-01 -1.74703E-05 -4.55941E-01
6.99998E+00 -4.50001E-01 -1.70462E-05 -4.50940E-01
7.09998E+00 -4.45001E-01 -1.50388E-05 -4.45915E-01
7.19998E+00 -4.40001E-01 -1.44354E-05 -4.40948E-01
7.29998E+00 -4.35001E-01 -1.42674E-05 -4.35916E-01
7.39998E+00 -4.30001E-01 -1.40853E-05 -4.30930E-01
7.49998E+00 -4.25001E-01 -1.38345E-05 -4.25894E-01
7.59998E+00 -4.20001E-01 -1.31604E-05 -4.20920E-01
7.69998E+00 -4.15001E-01 -1.29732E-05 -4.15927E-01
7.79998E+00 -4.10001E-01 -1.29455E-05 -4.10919E-01
7.89998E+00 -4.05001E-01 -1.28168E-05 -4.05884E-01
7.99998E+00 -4.00001E-01 -1.26745E-05 -4.00898E-01
8.09998E+00 -3.95001E-01 -1.25593E-05 -3.95914E-01
8.19998E+00 -3.90001E-01 -1.21376E-05 -3.90898E-01
8.29998E+00 -3.85001E-01 -1.15287E-05 -3.85889E-01
8.39998E+00 -3.80001E-01 -1.13711E-05 -3.80898E-01
8.49998E+00 -3.75001E-01 -1.14007E-05 -3.75920E-01
8.59998E+00 -3.70001E-01 -1.17416E-05 -3.70894E-01
8.69998E+00 -3.65001E-01 -1.15524E-05 -3.65885E-01
8.79998E+00 -3.60001E-01 -1.12648E-05 -3.60889E-01
8.89998E+00 -3.55001E-01 -1.10043E-05 -3.55908E-01
8.99998E+00 -3.50001E-01 -1.07032E-05 -3.50894E-01
9.09998E+00 -3.45001E-01 -9.92585E-06 -3.45883E-01
9.19998E+00 -3.40001E-01 -1.01079E-05 -3.40877E-01
9.29998E+00 -3.35001E-01 -1.01500E-05 -3.35876E-01
9.39998E+00 -3.30001E-01 -9.49066E-06 -3.30880E-01
9.49998E+00 -3.25001E-01 -9.50465E-06 -3.25878E-01
9.59998E+00 -3.20001E-01 -9.73035E-06 -3.20862E-01
9.69998E+00 -3.15001E-01 -9.84227E-06 -3.15859E-01
9.79998E+00 -3.10001E-01 -9.66574E-06 -3.10861E-01
9.89998E+00 -3.05001E-01 -9.49071E-06 -3.05874E-01
9.99997E+00 -3.00001E-01 -9.25721E-06 -3.00856E-01
1.01000E+01 -2.95001E-01 -9.17506E-06 -2.95817E-01
1.02000E+01 -2.90001E-01 -9.17441E-06 -2.90832E-01
1.03000E+01 -2.85001E-01 -8.87330E-06 -2.85831E-01
1.04000E+01 -2.80001E-01 -8.22451E-06 -2.80826E-01
1.05000E+01 -2.75001E-01 -7.83366E-06 -2.75827E-01
1.06000E+01 -2.70001E-01 -7.63331E-06 -2.70812E-01
1.07000E+01 -2.65001E-01 -7.60226E-06 -2.65824E-01
1.08000E+01 -2.60001E-01 -6.90641E-06 -2.60831E-01
1.09000E+01 -2.55001E-01 -6.63345E-06 -2.55820E-01
1.10000E+01 -2.50001E-01 -6.49346E-06 -2.50805E-01
1.11000E+01 -2.45001E-01 -6.50381E-06 -2.45829E-01
1.12000E+01 -2.40001E-01 -6.43885E-06 -2.40817E-01
1.13000E+01 -2.35001E-01 -6.37226E-06 -2.35811E-01
1.14000E+01 -2.30001E-01 -6.43445E-06 -2.30808E-01
1.15000E+01 -2.25001E-01 -6.36934E-06 -2.25829E-01
1.16000E+01 -2.20001E-01 -6.02072E-06 -2.20849E-01
1.17000E+01 -2.15001E-01 -5.69213E-06 -2.15811E-01
1.18000E+01 -2.10001E-01 -5.40952E-06 -2.10794E-01
1.19000E+01 -2.05001E-01 -5.10457E-06 -2.05801E-01
1.20000E+01 -2.00002E-01 -4.81932E-06 -2.00822E-01
1.21000E+01 -1.95002E-01 -4.54248E-06 -1.95811E-01
1.22000E+01 -1.90002E-01 -4.47142E-06 -1.90807E-01
1.23000E+01 -1.85002E-01 -4.20839E-06 -1.85821E-01
1.24000E+01 -1.80002E-01 -4.15320E-06 -1.80820E-01
1.25000E+01 -1.75002E-01 -4.28489E-06 -1.75800E-01
1.26000E+01 -1.70002E-01 -4.57212E-06 -1.70785E-01
1.27000E+01 -1.65002E-01 -4.71302E-06 -1.65798E-01
1.28000E+01 -1.60002E-01 -4.63703E-06 -1.60787E-01
1.29000E+01 -1.55002E-01 -4.25443E-06 -1.55776E-01
1.30000E+01 -1.50002E-01 -3.47959E-06 -1.50753E-01
1.31000E+01 -1.45002E-01 -3.86022E-06 -1.45769E-01
1.32000E+01 -1.40002E-01 -4.03955E-06 -1.40785E-01
1.33000E+01 -1.35002E-01 -3.41820E-06 -1.35750E-01
1.34000E+01 -1.30002E-01 -2.92526E-06 -1.30743E-01
1.35000E+01 -1.25002E-01 -2.84918E-06 -1.25749E-01
1.36000E+01 -1.20002E-01 -2.50273E-06 -1.20764E-01
1.37000E+01 -1.15002E-01 -2.07324E-06 -1.15757E-01
1.38000E+01 -1.10002E-01 -2.03249E-06 -1.10741E-01
1.39000E+01 -1.05002E-01 -2.10689E-06 -1.05755E-01
1.40000E+01 -1.00002E-01 -1.86813E-06 -1.00757E-01
1.41000E+01 -9.50018E-02 -1.42873E-06 -9.57431E-02
1.42000E+01 -9.00018E-02 -1.36562E-06 -9.07441E-02
1.43000E+01 -8.50018E-02 -1.24852E-06 -8.57357E-02
1.44000E+01 -8.00018E-02 -1.10965E-06 -8.07535E-02
1.45000E+01 -7.50018E-02 -9.50430E-07 -7.57307E-02
1.46000E+01 -7.00018E-02 -7.02851E-07 -7.07242E-02
1.47000E+01 -6.50018E-02 -5.21754E-07 -6.57251E-02
1.48000E+01 -6.00019E-02 -3.28418E-07 -6.07323E-02
1.49000E+01 -5.50019E-02 2.92164E-08  -5.57189E-02
1.50000E+01 -5.00019E-02 3.89624E-07  -5.06949E-02
1.51000E+01 -4.50019E-02 2.87945E-07  -4.57140E-02
1.52000E+01 -4.00019E-02 3.44853E-07  -4.07161E-02
1.53000E+01 -3.50019E-02 5.88681E-07  -3.57134E-02
1.54000E+01 -3.00019E-02 8.26197E-07  -3.07112E-02
1.55000E+01 -2.50019E-02 1.07170E-06  -2.56872E-02
1.56000E+01 -2.00020E-02 1.35191E-06  -2.07100E-02
1.57000E+01 -1.50020E-02 1.60009E-06  -1.57172E-02
1.58000E+01 -1.00020E-02 1.66510E-06  -1.06875E-02
1.59000E+01 -5.00199E-03 1.79161E-06  -5.69842E-03
1.60000E+01 -2.00000E-06 2.17807E-06  -6.69417E-04
1.61000E+01 4.99799E-03  2.44762E-06  4.30901E-03 
1.62000E+01 9.99797E-03  2.68851E-06  9.31366E-03 
1.63000E+01 1.49980E-02  2.92694E-06  1.43221E-02 
1.64000E+01 1.99979E-02  3.11362E-06  1.93367E-02 
1.65000E+01 2.49979E-02  3.31178E-06  2.43077E-02 
1.66000E+01 2.99979E-02  3.53078E-06  2.93361E-02 
1.67000E+01 3.49979E-02  3.76414E-06  3.43370E-02 
1.68000E+01 3.99979E-02  3.86658E-06  3.93504E-02 
1.69000E+01 4.49979E-02  4.04843E-06  4.43139E-02 
1.70000E+01 4.99979E-02  4.28206E-06  4.93291E-02 
1.71000E+01 5.49979E-02  4.55668E-06  5.43426E-02 
1.72000E+01 5.99978E-02  4.75693E-06  5.93672E-02 
1.73000E+01 6.49978E-02  4.85642E-06  6.43631E-02 
1.74000E+01 6.99978E-02  5.08554E-06  6.93378E-02 
1.75000E+01 7.49978E-02  5.34895E-06  7.43512E-02 
1.76000E+01 7.99978E-02  5.49941E-06  7.93434E-02 
1.77000E+01 8.49978E-02  5.62937E-06  8.43574E-02 
1.78000E+01 8.99978E-02  5.71331E-06  8.93378E-02 
1.79000E+01 9.49978E-02  5.90231E-06  9.43468E-02 
1.80000E+01 9.99977E-02  6.18505E-06  9.93452E-02 
1.81000E+01 1.04998E-01  6.50881E-06  1.04365E-01 
1.82000E+01 1.09998E-01  6.80555E-06  1.09351E-01 
1.83000E+01 1.14998E-01  7.15630E-06  1.14372E-01 
1.84000E+01 1.19998E-01  7.49553E-06  1.19373E-01 
1.85000E+01 1.24998E-01  7.86957E-06  1.24374E-01 
1.86000E+01 1.29998E-01  8.24158E-06  1.29378E-01 
1.87000E+01 1.34998E-01  8.61604E-06  1.34367E-01 
1.88000E+01 1.39998E-01  8.97736E-06  1.39389E-01 
1.89000E+01 1.44998E-01  9.34651E-06  1.44388E-01 
1.90000E+01 1.49998E-01  9.72226E-06  1.49376E-01 
1.91000E+01 1.54998E-01  1.01369E-05  1.54377E-01 
1.92000E+01 1.59998E-01  1.05272E-05  1.59402E-01 
1.93000E+01 1.64998E-01  1.08112E-05  1.64410E-01 
1.94000E+01 1.69998E-01  1.11856E-05  1.69410E-01 
1.95000E+01 1.74998E-01  1.15702E-05  1.74398E-01 
1.96000E+01 1.79998E-01  1.18506E-05  1.79414E-01 
1.97000E+01 1.84998E-01  1.22954E-05  1.84412E-01 
1.98000E+01 1.89998E-01  1.25779E-05  1.89398E-01 
1.99000E+01 1.94998E-01  1.29723E-05  1.94414E-01 
1.99999E+01 1.99997E-01  1.33461E-05  1.99429E-01 
2.00999E+01 2.04997E-01  1.36250E-05  2.04413E-01 
2.01999E+01 2.09997E-01  1.39926E-05  2.09425E-01 
2.02999E+01 2.14997E-01  1.43227E-05  2.14417E-01 
2.03999E+01 2.19997E-01  1.47028E-05  2.19452E-01 
2.04999E+01 2.24997E-01  1.51307E-05  2.24446E-01 
2.05999E+01 2.29997E-01  1.55304E-05  2.29433E-01 
2.06999E+01 2.34997E-01  1.59178E-05  2.34433E-01 
2.07999E+01 2.39997E-01  1.62630E-05  2.39426E-01 
2.08999E+01 2.44997E-01  1.66386E-05  2.44440E-01 
2.09999E+01 2.49997E-01  1.69691E-05  2.49420E-01 
2.10999E+01 2.54997E-01  1.73133E-05  2.54424E-01 
2.11999E+01 2.59997E-01  1.76357E-05  2.59436E-01 
2.12999E+01 2.64997E-01  1.79988E-05  2.64438E-01 
2.13999E+01 2.69997E-01  1.83527E-05  2.69450E-01 
2.14999E+01 2.74997E-01  1.87081E-05  2.74447E-01 
2.15999E+01 2.79997E-01  1.90585E-05  2.79456E-01 
2.16999E+01 2.84997E-01  1.93771E-05  2.84485E-01 
2.17999E+01 2.89997E-01  1.96839E-05  2.89448E-01 
2.18999E+01 2.94997E-01  1.99383E-05  2.94447E-01 
2.19999E+01 2.99997E-01  2.01930E-05  2.99460E-01 
2.20999E+01 3.04997E-01  2.04136E-05  3.04464E-01 
2.21999E+01 3.09997E-01  2.06653E-05  3.09496E-01 
2.22999E+01 3.14997E-01  2.08546E-05  3.14465E-01 
2.23999E+01 3.19997E-01  2.10039E-05  3.19489E-01 
2.24999E+01 3.24997E-01  2.15457E-05  3.24492E-01 
2.25999E+01 3.29997E-01  2.20511E-05  3.29486E-01 
2.26999E+01 3.34997E-01  2.26443E-05  3.34505E-01 
2.27999E+01 3.39997E-01  2.30097E-05  3.39509E-01 
2.28999E+01 3.44997E-01  2.32130E-05  3.44499E-01 
2.29999E+01 3.49997E-01  2.34441E-05  3.49509E-01 
2.30999E+01 3.54997E-01  2.36522E-05  3.54514E-01 
2.31999E+01 3.59997E-01  2.38336E-05  3.59493E-01 
2.32999E+01 3.64997E-01  2.40354E-05  3.64486E-01 
2.33999E+01 3.69997E-01  2.41837E-05  3.69511E-01 
2.34999E+01 3.74997E-01  2.43579E-05  3.74498E-01 
2.35999E+01 3.79997E-01  2.45551E-05  3.79496E-01 
2.36999E+01 3.84997E-01  2.47457E-05  3.84497E-01 
2.37999E+01 3.89997E-01  2.49755E-05  3.89504E-01 
2.38999E+01 3.94997E-01  2.52072E-05  3.94507E-01 
2.39999E+01 3.99997E-01  2.54532E-05  3.99520E-01 
2.40999E+01 4.04997E-01  2.56926E-05  4.04484E-01 
2.41999E+01 4.09997E-01  2.59360E-05  4.09513E-01 
2.42999E+01 4.14997E-01  2.61907E-05  4.14512E-01 
2.43999E+01 4.19997E-01  2.64733E-05  4.19528E-01 
2.44999E+01 4.24997E-01  2.67547E-05  4.24515E-01 
2.45999E+01 4.29997E-01  2.70481E-05  4.29528E-01 
2.46999E+01 4.34997E-01  2.73430E-05  4.34537E-01 
2.47999E+01 4.39997E-01  2.76572E-05  4.39537E-01 
2.48999E+01 4.44997E-01  2.79681E-05  4.44527E-01 
2.49999E+01 4.49997E-01  2.82631E-05  4.49531E-01 
2.50999E+01 4.54997E-01  2.85903E-05  4.54540E-01 
2.51999E+01 4.59997E-01  2.89375E-05  4.59541E-01 
2.52999E+01 4.64997E-01  2.92826E-05  4.64579E-01 
2.53999E+01 4.69997E-01  2.96329E-05  4.69552E-01 
2.54999E+01 4.74997E-01  2.99633E-05  4.74557E-01 
2.55999E+01 4.79997E-01  3.03200E-05  4.79571E-01 
2.56999E+01 4.84997E-01  3.06812E-05  4.84579E-01 
2.57999E+01 4.89997E-01  3.10498E-05  4.89591E-01 
2.58999E+01 4.94997E-01  3.14226E-05  4.94595E-01 
2.59999E+01 4.99997E-01  3.17828E-05  4.99571E-01 
2.60999E+01 5.04997E-01  3.21940E-05  5.04610E-01 
2.61999E+01 5.09997E-01  3.25597E-05  5.09607E-01 
2.62999E+01 5.14997E-01  3.29503E-05  5.14599E-01 
2.63999E+01 5.19997E-01  3.33374E-05  5.19603E-01 
2.64999E+01 5.24997E-01  3.37430E-05  5.24599E-01 
2.65999E+01 5.29997E-01  3.41370E-05  5.29603E-01 
2.66999E+01 5.34997E-01  3.45406E-05  5.34623E-01 
2.67999E+01 5.39997E-01  3.49400E-05  5.39615E-01 
2.68999E+01 5.44997E-01  3.53608E-05  5.44608E-01 
2.69999E+01 5.49997E-01  3.57627E-05  5.49627E-01 
2.70999E+01 5.54997E-01  3.62084E-05  5.54648E-01 
2.71999E+01 5.59997E-01  3.66758E-05  5.59629E-01 
2.72999E+01 5.64997E-01  3.72660E-05  5.64636E-01 
2.73999E+01 5.69997E-01  3.78250E-05  5.69626E-01 
2.74999E+01 5.74997E-01  3.84948E-05  5.74646E-01 
2.75999E+01 5.79997E-01  3.92870E-05  5.79640E-01 
2.76999E+01 5.84997E-01  3.98637E-05  5.84606E-01 
2.77999E+01 5.89997E-01  4.01504E-05  5.89646E-01 
2.78999E+01 5.94997E-01  4.03886E-05  5.94656E-01 
2.79999E+01 5.99996E-01  4.05426E-05  5.99635E-01 
2.80999E+01 6.04996E-01  4.06444E-05  6.04667E-01 
2.81999E+01 6.09996E-01  4.11460E-05  6.09647E-01 
2.82999E+01 6.14996E-01  4.14478E-05  6.14682E-01 
2.83999E+01 6.19996E-01  4.19172E-05  6.19661E-01 
2.84999E+01 6.24996E-01  4.16571E-05  6.24634E-01 
2.85999E+01 6.29996E-01  4.15274E-05  6.29680E-01 
2.86999E+01 6.34996E-01  4.19524E-05  6.34667E-01 
2.87999E+01 6.39996E-01  4.23738E-05  6.39693E-01 
2.88999E+01 6.44996E-01  4.29759E-05  6.44684E-01 
2.89999E+01 6.49996E-01  4.34285E-05  6.49672E-01 
2.90999E+01 6.54996E-01  4.37709E-05  6.54686E-01 
2.91999E+01 6.59996E-01  4.40597E-05  6.59712E-01 
2.92999E+01 6.64996E-01  4.46156E-05  6.64690E-01 
2.93999E+01 6.69996E-01  4.52565E-05  6.69692E-01 
2.94999E+01 6.74996E-01  4.58175E-05  6.74678E-01 
2.95999E+01 6.79996E-01  4.63635E-05  6.79684E-01 
2.96999E+01 6.84996E-01  4.68957E-05  6.84677E-01 
2.97999E+01 6.89996E-01  4.73374E-05  6.89685E-01 
2.98999E+01 6.94996E-01  4.77666E-05  6.94688E-01 
2.99999E+01 6.99996E-01  4.81177E-05  6.99697E-01 
3.00999E+01 7.04996E-01  4.85299E-05  7.04686E-01 
3.01999E+01 7.09996E-01  4.88784E-05  7.09717E-01 
3.02999E+01 7.14996E-01  4.92440E-05  7.14726E-01 
3.03999E+01 7.19996E-01  4.95876E-05  7.19728E-01 
3.04999E+01 7.24996E-01  4.98964E-05  7.24729E-01 
3.05999E+01 7.29996E-01  5.01830E-05  7.29711E-01 
3.06999E+01 7.34996E-01  5.04481E-05  7.34745E-01 
3.07999E+01 7.39996E-01  5.07829E-05  7.39725E-01 
3.08999E+01 7.44996E-01  5.11225E-05  7.44731E-01 
3.09999E+01 7.49996E-01  5.14246E-05  7.49735E-01 
3.10999E+01 7.54996E-01  5.18104E-05  7.54734E-01 
3.11999E+01 7.59996E-01  5.21323E-05  7.59743E-01 
3.12999E+01 7.64996E-01  5.24413E-05  7.64755E-01 
3.13999E+01 7.69996E-01  5.27298E-05  7.69726E-01 
3.14999E+01 7.74996E-01  5.30391E-05  7.74727E-01 
3.15999E+01 7.79996E-01  5.34476E-05  7.79750E-01 
3.16999E+01 7.84996E-01  5.37283E-05  7.84757E-01 
3.17999E+01 7.89996E-01  5.40146E-05  7.89770E-01 
3.18999E+01 7.94996E-01  5.42767E-05  7.94782E-01 
3.19999E+01 7.99996E-01  5.45877E-05  7.99779E-01 
3.20999E+01 8.04996E-01  5.48731E-05  8.04765E-01 
3.21999E+01 8.09996E-01  5.51418E-05  8.09783E-01 
3.22999E+01 8.14996E-01  5.54409E-05  8.14800E-01 
3.23999E+01 8.19996E-01  5.57197E-05  8.19798E-01 
3.24999E+01 8.24996E-01  5.59422E-05  8.24786E-01 
3.25999E+01 8.29996E-01  5.61715E-05  8.29813E-01 
3.26999E+01 8.34996E-01  5.63842E-05  8.34813E-01 
3.27999E+01 8.39996E-01  5.66005E-05  8.39797E-01 
3.28999E+01 8.44996E-01  5.68076E-05  8.44778E-01 
3.29999E+01 8.49996E-01  5.70141E-05  8.49806E-01 
3.30999E+01 8.54996E-01  5.72374E-05  8.54811E-01 
3.31999E+01 8.59996E-01  5.74332E-05  8.59790E-01 
3.32999E+01 8.64996E-01  5.76528E-05  8.64793E-01 
3.33999E+01 8.69996E-01  5.78722E-05  8.69823E-01 
3.34999E+01 8.74996E-01  5.80591E-05  8.74848E-01 
3.35999E+01 8.79996E-01  5.82459E-05  8.79828E-01 
3.36999E+01 8.84996E-01  5.84347E-05  8.84829E-01 
3.37999E+01 8.89996E-01  5.86108E-05  8.89821E-01 
3.38999E+01 8.94996E-01  5.88061E-05  8.94833E-01 
3.39999E+01 8.99996E-01  5.89615E-05  8.99844E-01 
3.40999E+01 9.04996E-01  5.91498E-05  9.04828E-01 
3.41999E+01 9.09996E-01  5.93407E-05  9.09809E-01 
3.42999E+01 9.14996E-01  5.95331E-05  9.14827E-01 
3.43999E+01 9.19996E-01  5.96729E-05  9.19841E-01 
3.44999E+01 9.24996E-01  5.98669E-05  9.24815E-01 
3.45999E+01 9.29996E-01  6.00582E-05  9.29814E-01 
3.46999E+01 9.34996E-01  6.02665E-05  9.34830E-01 
3.47999E+01 9.39996E-01  6.04516E-05  9.39841E-01 
3.48999E+01 9.44996E-01  6.06274E-05  9.44847E-01 
3.49999E+01 9.49996E-01  6.08003E-05  9.49824E-01 
3.50999E+01 9.54996E-01  6.09611E-05  9.54855E-01 
3.51999E+01 9.59996E-01  6.11015E-05  9.59828E-01 
3.52999E+01 9.64996E-01  6.12629E-05  9.64858E-01 
3.53999E+01 9.69996E-01  6.14246E-05  9.69887E-01 
3.54999E+01 9.74996E-01  6.15542E-05  9.74861E-01 
3.55999E+01 9.79996E-01  6.17026E-05  9.79851E-01 
3.56999E+01 9.84996E-01  6.18572E-05  9.84866E-01 
3.57999E+01 9.89996E-01  6.20114E-05  9.89864E-01 
3.58999E+01 9.94996E-01  6.21660E-05  9.94870E-01 
3.59999E+01 9.99995E-01  6.23220E-05  9.99853E-01 
3.60999E+01 1.00500E+00  6.24739E-05  1.00487E+00 
3.61999E+01 1.01000E+00  6.26222E-05  1.00988E+00 
3.62999E+01 1.01500E+00  6.27747E-05  1.01487E+00 
3.63999E+01 1.02000E+00  6.29363E-05  1.01986E+00 
3.64999E+01 1.02500E+00  6.30919E-05  1.02486E+00 
3.65999E+01 1.03000E+00  6.32539E-05  1.02987E+00 
3.66999E+01 1.03500E+00  6.34132E-05  1.03489E+00 
3.67999E+01 1.04000E+00  6.35852E-05  1.03987E+00 
3.68999E+01 1.04500E+00  6.37550E-05  1.04490E+00 
3.69999E+01 1.05000E+00  6.39130E-05  1.04991E+00 
3.70999E+01 1.05500E+00  6.40743E-05  1.05493E+00 
3.71999E+01 1.06000E+00  6.42464E-05  1.05993E+00 
3.72999E+01 1.06500E+00  6.44141E-05  1.06493E+00 
3.73999E+01 1.07000E+00  6.45950E-05  1.06993E+00 
3.74999E+01 1.07500E+00  6.47740E-05  1.07494E+00 
3.75999E+01 1.08000E+00  6.49703E-05  1.07992E+00 
3.76999E+01 1.08500E+00  6.51580E-05  1.08492E+00 
3.77999E+01 1.09000E+00  6.53484E-05  1.08992E+00 
3.78999E+01 1.09500E+00  6.55472E-05  1.09494E+00 
3.79999E+01 1.10000E+00  6.57493E-05  1.09993E+00 
3.80999E+01 1.10500E+00  6.59650E-05  1.10494E+00 
3.81999E+01 1.11000E+00  6.61703E-05  1.10996E+00 
3.82999E+01 1.11500E+00  6.63992E-05  1.11494E+00 
3.83999E+01 1.12000E+00  6.66143E-05  1.11996E+00 
3.84999E+01 1.12500E+00  6.68291E-05  1.12497E+00 
3.85999E+01 1.13000E+00  6.70668E-05  1.12996E+00 
3.86999E+01 1.13500E+00  6.73028E-05  1.13498E+00 
3.87999E+01 1.14000E+00  6.75446E-05  1.13998E+00 
3.88999E+01 1.14500E+00  6.77941E-05  1.14498E+00 
3.89999E+01 1.15000E+00  6.80466E-05  1.14997E+00 
3.90999E+01 1.15500E+00  6.83180E-05  1.15497E+00 
3.91999E+01 1.16000E+00  6.85846E-05  1.16000E+00 
3.92999E+01 1.16500E+00  6.88749E-05  1.16499E+00 
3.93999E+01 1.17000E+00  6.91581E-05  1.16999E+00 
3.94999E+01 1.17500E+00  6.94650E-05  1.17500E+00 
3.95999E+01 1.18000E+00  6.97657E-05  1.17997E+00 
3.96999E+01 1.18500E+00  7.00909E-05  1.18500E+00 
3.97999E+01 1.19000E+00  7.04210E-05  1.19000E+00 
3.98999E+01 1.19500E+00  7.07588E-05  1.19499E+00 
3.99999E+01 1.19999E+00  7.11020E-05  1.19999E+00 
4.00999E+01 1.20499E+00  7.14611E-05  1.20500E+00 
4.01999E+01 1.20999E+00  7.18217E-05  1.21002E+00 
4.02999E+01 1.21499E+00  7.21994E-05  1.21499E+00 
4.03999E+01 1.21999E+00  7.25902E-05  1.21999E+00 
4.04999E+01 1.22499E+00  7.29838E-05  1.22501E+00 
4.05999E+01 1.22999E+00  7.33942E-05  1.23000E+00 
4.06999E+01 1.23499E+00  7.38196E-05  1.23499E+00 
4.07999E+01 1.23999E+00  7.42537E-05  1.24000E+00 
4.08999E+01 1.24499E+00  7.47033E-05  1.24501E+00 
4.09999E+01 1.24999E+00  7.51693E-05  1.25002E+00 
4.10999E+01 1.25499E+00  7.56372E-05  1.25500E+00 
4.11999E+01 1.25999E+00  7.61194E-05  1.26003E+00 
4.12999E+01 1.26499E+00  7.66229E-05  1.26503E+00 
4.13999E+01 1.26999E+00  7.71440E-05  1.27005E+00 
4.14999E+01 1.27499E+00  7.76702E-05  1.27504E+00 
4.15999E+01 1.27999E+00  7.82216E-05  1.28001E+00 
4.16999E+01 1.28499E+00  7.87959E-05  1.28502E+00 
4.17999E+01 1.28999E+00  7.93885E-05  1.29003E+00 
4.18999E+01 1.29499E+00  7.99835E-05  1.29503E+00 
4.19999E+01 1.29999E+00  8.06099E-05  1.30003E+00 
4.20999E+01 1.30499E+00  8.12298E-05  1.30503E+00 
4.21999E+01 1.30999E+00  8.18717E-05  1.31004E+00 
4.22999E+01 1.31499E+00  8.25265E-05  1.31504E+00 
4.23999E+01 1.31999E+00  8.32022E-05  1.32005E+00 
4.24999E+01 1.32499E+00  8.38901E-05  1.32502E+00 
4.25999E+01 1.32999E+00  8.45931E-05  1.33004E+00 
4.26999E+01 1.33499E+00  8.53210E-05  1.33503E+00 
4.27999E+01 1.33999E+00  8.60615E-05  1.34008E+00 
4.28999E+01 1.34499E+00  8.68259E-05  1.34506E+00 
4.29999E+01 1.34999E+00  8.76047E-05  1.35005E+00 
4.30999E+01 1.35499E+00  8.84155E-05  1.35507E+00 
4.31999E+01 1.35999E+00  8.92345E-05  1.36008E+00 
4.32999E+01 1.36499E+00  9.00759E-05  1.36507E+00 
4.33999E+01 1.36999E+00  9.09252E-05  1.37007E+00 
4.34999E+01 1.37499E+00  9.18161E-05  1.37507E+00 
4.35999E+01 1.37999E+00  9.27216E-05  1.38007E+00 
4.36999E+01 1.38499E+00  9.36402E-05  1.38507E+00 
4.37999E+01 1.38999E+00  9.45838E-05  1.39005E+00 
4.38999E+01 1.39499E+00  9.55375E-05  1.39509E+00 
4.39999E+01 1.39999E+00  9.65134E-05  1.40009E+00 
4.40999E+01 1.40499E+00  9.75182E-05  1.40506E+00 
4.41999E+01 1.40999E+00  9.85396E-05  1.41005E+00 
4.42999E+01 1.41499E+00  9.95869E-05  1.41508E+00 
4.43999E+01 1.41999E+00  1.00646E-04  1.42009E+00 
4.44999E+01 1.42499E+00  1.01721E-04  1.42509E+00 
4.45999E+01 1.42999E+00  1.02835E-04  1.43010E+00 
4.46999E+01 1.43499E+00  1.03962E-04  1.43511E+00 
4.47999E+01 1.43999E+00  1.05142E-04  1.44011E+00 
4.48999E+01 1.44499E+00  1.06328E-04  1.44511E+00 
4.49999E+01 1.44999E+00  1.07569E-04  1.45015E+00 
4.50999E+01 1.45499E+00  1.08839E-04  1.45514E+00 
4.51999E+01 1.45999E+00  1.10133E-04  1.46015E+00 
4.52999E+01 1.46499E+00  1.11456E-04  1.46516E+00 
4.53999E+01 1.46999E+00  1.12829E-04  1.47016E+00 
4.54999E+01 1.47499E+00  1.14226E-04  1.47515E+00 
4.55999E+01 1.47999E+00  1.15648E-04  1.48015E+00 
4.56999E+01 1.48499E+00  1.17101E-04  1.48514E+00 
4.57999E+01 1.48999E+00  1.18599E-04  1.49014E+00 
4.58999E+01 1.49499E+00  1.20124E-04  1.49517E+00 
4.59999E+01 1.49999E+00  1.21667E-04  1.50014E+00 
4.60999E+01 1.50499E+00  1.23290E-04  1.50516E+00 
4.61999E+01 1.50999E+00  1.24910E-04  1.51015E+00 
4.62999E+01 1.51499E+00  1.26600E-04  1.51516E+00 
4.63999E+01 1.51999E+00  1.28318E-04  1.52018E+00 
4.64999E+01 1.52499E+00  1.30068E-04  1.52516E+00 
4.65999E+01 1.52999E+00  1.31857E-04  1.53016E+00 
4.66999E+01 1.53499E+00  1.33715E-04  1.53517E+00 
4.67999E+01 1.53999E+00  1.35619E-04  1.54016E+00 
4.68999E+01 1.54499E+00  1.37563E-04  1.54517E+00 
4.69999E+01 1.54999E+00  1.39561E-04  1.55016E+00 
4.70999E+01 1.55499E+00  1.41610E-04  1.55518E+00 
4.71999E+01 1.55999E+00  1.43703E-04  1.56019E+00 
4.72999E+01 1.56499E+00  1.45868E-04  1.56518E+00 
4.73999E+01 1.56999E+00  1.48107E-04  1.57018E+00 
4.74999E+01 1.57499E+00  1.50436E-04  1.57519E+00 
4.75999E+01 1.57999E+00  1.52782E-04  1.58018E+00 
4.76999E+01 1.58499E+00  1.55159E-04  1.58523E+00 
4.77999E+01 1.58999E+00  1.57606E-04  1.59020E+00 
4.78999E+01 1.59499E+00  1.60153E-04  1.59519E+00 
4.79999E+01 1.59999E+00  1.62760E-04  1.60021E+00 
4.80999E+01 1.60499E+00  1.65475E-04  1.60524E+00 
4.81999E+01 1.60999E+00  1.68229E-04  1.61024E+00 
4.82999E+01 1.61499E+00  1.71045E-04  1.61522E+00 
4.83999E+01 1.61999E+00  1.73959E-04  1.62023E+00 
4.84999E+01 1.62499E+00  1.76939E-04  1.62525E+00 
4.85999E+01 1.62999E+00  1.79968E-04  1.63024E+00 
4.86999E+01 1.63499E+00  1.83052E-04  1.63522E+00 
4.87999E+01 1.63999E+00  1.86183E-04  1.64024E+00 
4.88999E+01 1.64499E+00  1.89364E-04  1.64525E+00 
4.89999E+01 1.64999E+00  1.92579E-04  1.65025E+00 
4.90999E+01 1.65499E+00  1.95823E-04  1.65525E+00 
4.91999E+01 1.65999E+00  1.99141E-04  1.66024E+00 
4.92999E+01 1.66499E+00  2.02460E-04  1.66526E+00 
4.93999E+01 1.66999E+00  2.05814E-04  1.67027E+00 
4.94999E+01 1.67499E+00  2.09258E-04  1.67526E+00 
4.95999E+01 1.67999E+00  2.12791E-04  1.68025E+00 
4.96999E+01 1.68499E+00  2.16731E-04  1.68526E+00 
4.97999E+01 1.68999E+00  2.20233E-04  1.69028E+00 
4.98999E+01 1.69499E+00  2.23695E-04  1.69528E+00 
4.99999E+01 1.69999E+00  2.27150E-04  1.70027E+00 
5.00999E+01 1.70499E+00  2.30634E-04  1.70525E+00 
5.01999E+01 1.70999E+00  2.34129E-04  1.71029E+00 
5.02999E+01 1.71499E+00  2.37596E-04  1.71526E+00 
5.03999E+01 1.71999E+00  2.41105E-04  1.72026E+00 
5.04999E+01 1.72499E+00  2.44638E-04  1.72527E+00 
5.05999E+01 1.72999E+00  2.48146E-04  1.73026E+00 
5.06999E+01 1.73499E+00  2.51682E-04  1.73528E+00 
5.07999E+01 1.73999E+00  2.55223E-04  1.74026E+00 
5.08999E+01 1.74499E+00  2.58717E-04  1.74530E+00 
5.09999E+01 1.74999E+00  2.62249E-04  1.75029E+00 
5.10999E+01 1.75499E+00  2.65754E-04  1.75531E+00 
5.11999E+01 1.75999E+00  2.69276E-04  1.76033E+00 
5.12999E+01 1.76499E+00  2.72779E-04  1.76532E+00 
5.13999E+01 1.76999E+00  2.76233E-04  1.77031E+00 
5.14999E+01 1.77499E+00  2.79721E-04  1.77532E+00 
5.15999E+01 1.77999E+00  2.83155E-04  1.78032E+00 
5.16999E+01 1.78499E+00  2.86616E-04  1.78533E+00 
5.17999E+01 1.78999E+00  2.90066E-04  1.79032E+00 
5.18999E+01 1.79499E+00  2.93472E-04  1.79533E+00 
5.19999E+01 1.79999E+00  2.96854E-04  1.80035E+00 
5.20999E+01 1.79499E+00  2.90152E-04  1.79532E+00 
5.21999E+01 1.78999E+00  2.83698E-04  1.79032E+00 
5.22999E+01 1.78499E+00  2.77480E-04  1.78534E+00 
5.23999E+01 1.77999E+00  2.71358E-04  1.78031E+00 
5.24999E+01 1.77499E+00  2.65409E-04  1.77530E+00 
5.25999E+01 1.76999E+00  2.59628E-04  1.77032E+00 
5.26999E+01 1.76499E+00  2.53950E-04  1.76532E+00 
5.27999E+01 1.75999E+00  2.48378E-04  1.76032E+00 
5.28999E+01 1.75499E+00  2.42883E-04  1.75528E+00 
5.29999E+01 1.74999E+00  2.37543E-04  1.75030E+00 
5.30999E+01 1.74499E+00  2.32287E-04  1.74530E+00 
5.31999E+01 1.73999E+00  2.27186E-04  1.74028E+00 
5.32999E+01 1.73499E+00  2.22144E-04  1.73528E+00 
5.33999E+01 1.72999E+00  2.17142E-04  1.73030E+00 
5.34999E+01 1.72499E+00  2.12281E-04  1.72526E+00 
5.35999E+01 1.71999E+00  2.07532E-04  1.72026E+00 
5.36999E+01 1.71499E+00  2.02848E-04  1.71527E+00 
5.37999E+01 1.70999E+00  1.98218E-04  1.71027E+00 
5.38999E+01 1.70499E+00  1.93711E-04  1.70528E+00 
5.39999E+01 1.69999E+00  1.89277E-04  1.70029E+00 
5.40999E+01 1.69499E+00  1.84898E-04  1.69528E+00 
5.41999E+01 1.68999E+00  1.80612E-04  1.69030E+00 
5.42999E+01 1.68499E+00  1.76790E-04  1.68527E+00 
5.43999E+01 1.67999E+00  1.72389E-04  1.68027E+00 
5.44999E+01 1.67499E+00  1.68376E-04  1.67527E+00 
5.45999E+01 1.66999E+00  1.64325E-04  1.67028E+00 
5.46999E+01 1.66499E+00  1.60386E-04  1.66530E+00 
5.47999E+01 1.65999E+00  1.56538E-04  1.66027E+00 
5.48999E+01 1.65499E+00  1.52743E-04  1.65529E+00 
5.49999E+01 1.64999E+00  1.48993E-04  1.65027E+00 
5.50999E+01 1.64499E+00  1.45367E-04  1.64527E+00 
5.51999E+01 1.63999E+00  1.41810E-04  1.64025E+00 
5.52999E+01 1.63499E+00  1.38323E-04  1.63526E+00 
5.53999E+01 1.62999E+00  1.34941E-04  1.63026E+00 
5.54999E+01 1.62499E+00  1.31510E-04  1.62526E+00 
5.55999E+01 1.61999E+00  1.28178E-04  1.62024E+00 
5.56999E+01 1.61499E+00  1.24914E-04  1.61524E+00 
5.57999E+01 1.60999E+00  1.21737E-04  1.61025E+00 
5.58999E+01 1.60499E+00  1.18649E-04  1.60524E+00 
5.59999E+01 1.59999E+00  1.15613E-04  1.60022E+00 
5.60999E+01 1.59499E+00  1.12728E-04  1.59522E+00 
5.61999E+01 1.58999E+00  1.09651E-04  1.59022E+00 
5.62999E+01 1.58499E+00  1.06711E-04  1.58522E+00 
5.63999E+01 1.57999E+00  1.03925E-04  1.58021E+00 
5.64999E+01 1.57499E+00  1.01109E-04  1.57520E+00 
5.65999E+01 1.56999E+00  9.83916E-05  1.57020E+00 
5.66999E+01 1.56499E+00  9.57439E-05  1.56519E+00 
5.67999E+01 1.55999E+00  9.31306E-05  1.56019E+00 
5.68999E+01 1.55499E+00  9.06064E-05  1.55521E+00 
5.69999E+01 1.54999E+00  8.81118E-05  1.55019E+00 
5.70999E+01 1.54499E+00  8.57312E-05  1.54517E+00 
5.71999E+01 1.53999E+00  8.33600E-05  1.54018E+00 
5.72999E+01 1.53499E+00  8.10942E-05  1.53520E+00 
5.73999E+01 1.52999E+00  7.88575E-05  1.53018E+00 
5.74999E+01 1.52499E+00  7.67029E-05  1.52514E+00 
5.75999E+01 1.51999E+00  7.45721E-05  1.52017E+00 
5.76999E+01 1.51499E+00  7.25827E-05  1.51518E+00 
5.77999E+01 1.50999E+00  7.05805E-05  1.51019E+00 
5.78999E+01 1.50499E+00  6.86494E-05  1.50517E+00 
5.79999E+01 1.49999E+00  6.67632E-05  1.50017E+00 
5.80999E+01 1.49499E+00  6.49477E-05  1.49517E+00 
5.81999E+01 1.48999E+00  6.31767E-05  1.49016E+00 
5.82999E+01 1.48499E+00  6.14751E-05  1.48515E+00 
5.83999E+01 1.47999E+00  5.98175E-05  1.48015E+00 
5.84999E+01 1.47499E+00  5.82324E-05  1.47514E+00 
5.85999E+01 1.46999E+00  5.66668E-05  1.47015E+00 
5.86999E+01 1.46499E+00  5.51776E-05  1.46513E+00 
5.87999E+01 1.45999E+00  5.37246E-05  1.46015E+00 
5.88999E+01 1.45499E+00  5.23557E-05  1.45514E+00 
5.89999E+01 1.44999E+00  5.10061E-05  1.45014E+00 
5.90999E+01 1.44499E+00  4.97181E-05  1.44513E+00 
5.91999E+01 1.43999E+00  4.84501E-05  1.44011E+00 
5.92999E+01 1.43499E+00  4.72692E-05  1.43515E+00 
5.93999E+01 1.42999E+00  4.61116E-05  1.43011E+00 
5.94999E+01 1.42499E+00  4.50012E-05  1.42512E+00 
5.95999E+01 1.41999E+00  4.39651E-05  1.42012E+00 
5.96999E+01 1.41499E+00  4.30298E-05  1.41512E+00 
5.97999E+01 1.40999E+00  4.19594E-05  1.41009E+00 
5.98999E+01 1.40499E+00  4.09937E-05  1.40512E+00 
5.99998E+01 1.39999E+00  4.00570E-05  1.40011E+00 
6.00998E+01 1.39499E+00  3.91787E-05  1.39510E+00 
6.01998E+01 1.38999E+00  3.83204E-05  1.39008E+00 
6.02998E+01 1.38499E+00  3.70759E-05  1.38509E+00 
6.03998E+01 1.37999E+00  3.62815E-05  1.38010E+00 
6.04998E+01 1.37499E+00  3.55379E-05  1.37510E+00 
6.05998E+01 1.36999E+00  3.48209E-05  1.37009E+00 
6.06998E+01 1.36499E+00  3.41276E-05  1.36509E+00 
6.07998E+01 1.35999E+00  3.34653E-05  1.36009E+00 
6.08998E+01 1.35499E+00  3.28343E-05  1.35510E+00 
6.09998E+01 1.34999E+00  3.22183E-05  1.35008E+00 
6.10998E+01 1.34499E+00  3.16392E-05  1.34507E+00 
6.11998E+01 1.33999E+00  3.10708E-05  1.34007E+00 
6.12998E+01 1.33499E+00  3.05285E-05  1.33507E+00 
6.13998E+01 1.32999E+00  2.99991E-05  1.33006E+00 
6.14998E+01 1.32499E+00  2.95012E-05  1.32506E+00 
6.15998E+01 1.31999E+00  2.90127E-05  1.32005E+00 
6.16998E+01 1.31499E+00  2.85246E-05  1.31508E+00 
6.17998E+01 1.30999E+00  2.80501E-05  1.31005E+00 
6.18998E+01 1.30499E+00  2.75958E-05  1.30506E+00 
6.19998E+01 1.29999E+00  2.71561E-05  1.30005E+00 
6.20998E+01 1.29499E+00  2.67315E-05  1.29505E+00 
6.21998E+01 1.28999E+00  2.63271E-05  1.29003E+00 
6.22998E+01 1.28499E+00  2.59338E-05  1.28502E+00 
6.23998E+01 1.27999E+00  2.55515E-05  1.28004E+00 
6.24998E+01 1.27499E+00  2.51815E-05  1.27505E+00 
6.25998E+01 1.26999E+00  2.48291E-05  1.27002E+00 
6.26998E+01 1.26499E+00  2.44787E-05  1.26499E+00 
6.27998E+01 1.25999E+00  2.41356E-05  1.26001E+00 
6.28998E+01 1.25499E+00  2.38012E-05  1.25501E+00 
6.29998E+01 1.24999E+00  2.34789E-05  1.25002E+00 
6.30998E+01 1.24499E+00  2.31620E-05  1.24499E+00 
6.31998E+01 1.23999E+00  2.28532E-05  1.24002E+00 
6.32998E+01 1.23499E+00  2.25573E-05  1.23501E+00 
6.33998E+01 1.22999E+00  2.22618E-05  1.23001E+00 
6.34998E+01 1.22499E+00  2.19716E-05  1.22500E+00 
6.35998E+01 1.21999E+00  2.16881E-05  1.22000E+00 
6.36998E+01 1.21499E+00  2.14121E-05  1.21502E+00 
6.37998E+01 1.20999E+00  2.11432E-05  1.21000E+00 
6.38998E+01 1.20499E+00  2.08683E-05  1.20497E+00 
6.39998E+01 1.19999E+00  2.06156E-05  1.19998E+00 
6.40998E+01 1.19500E+00  2.03553E-05  1.19498E+00 
6.41998E+01 1.19000E+00  2.01039E-05  1.18998E+00 
6.42998E+01 1.18500E+00  1.98591E-05  1.18500E+00 
6.43998E+01 1.18000E+00  1.96133E-05  1.17997E+00 
6.44998E+01 1.17500E+00  1.93786E-05  1.17501E+00 
6.45998E+01 1.17000E+00  1.91419E-05  1.17002E+00 
6.46998E+01 1.16500E+00  1.89124E-05  1.16499E+00 
6.47998E+01 1.16000E+00  1.86770E-05  1.15996E+00 
6.48998E+01 1.15500E+00  1.84472E-05  1.15499E+00 
6.49998E+01 1.15000E+00  1.82338E-05  1.14997E+00 
6.50998E+01 1.14500E+00  1.80138E-05  1.14498E+00 
6.51998E+01 1.14000E+00  1.78001E-05  1.14000E+00 
6.52998E+01 1.13500E+00  1.75741E-05  1.13498E+00 
6.53998E+01 1.13000E+00  1.73684E-05  1.12998E+00 
6.54998E+01 1.12500E+00  1.71564E-05  1.12499E+00 
6.55998E+01 1.12000E+00  1.69478E-05  1.11997E+00 
6.56998E+01 1.11500E+00  1.67392E-05  1.11494E+00 
6.57998E+01 1.11000E+00  1.65571E-05  1.10994E+00 
6.58998E+01 1.10500E+00  1.63441E-05  1.10494E+00 
6.59998E+01 1.10000E+00  1.61555E-05  1.09993E+00 
6.60998E+01 1.09500E+00  1.59495E-05  1.09495E+00 
6.61998E+01 1.09000E+00  1.57625E-05  1.08993E+00 
6.62998E+01 1.08500E+00  1.55672E-05  1.08491E+00 
6.63998E+01 1.08000E+00  1.53828E-05  1.07993E+00 
6.64998E+01 1.07500E+00  1.51932E-05  1.07490E+00 
6.65998E+01 1.07000E+00  1.50099E-05  1.06992E+00 
6.66998E+01 1.06500E+00  1.48231E-05  1.06490E+00 
6.67998E+01 1.06000E+00  1.46458E-05  1.05989E+00 
6.68998E+01 1.05500E+00  1.44663E-05  1.05490E+00 
6.69998E+01 1.05000E+00  1.42890E-05  1.04990E+00 
6.70998E+01 1.04500E+00  1.41102E-05  1.04489E+00 
6.71998E+01 1.04000E+00  1.39376E-05  1.03988E+00 
6.72998E+01 1.03500E+00  1.37662E-05  1.03489E+00 
6.73998E+01 1.03000E+00  1.35914E-05  1.02989E+00 
6.74998E+01 1.02500E+00  1.34171E-05  1.02488E+00 
6.75998E+01 1.02000E+00  1.32575E-05  1.01988E+00 
6.76998E+01 1.01500E+00  1.30848E-05  1.01490E+00 
6.77998E+01 1.01000E+00  1.29164E-05  1.00989E+00 
6.78998E+01 1.00500E+00  1.27471E-05  1.00487E+00 
6.79998E+01 9.99995E-01  1.25816E-05  9.99886E-01 
6.80998E+01 9.94996E-01  1.24111E-05  9.94873E-01 
6.81998E+01 9.89996E-01  1.22524E-05  9.89895E-01 
6.82998E+01 9.84996E-01  1.20801E-05  9.84858E-01 
6.83998E+01 9.79996E-01  1.19221E-05  9.79862E-01 
6.84998E+01 9.74996E-01  1.17510E-05  9.74871E-01 
6.85998E+01 9.69996E-01  1.15964E-05  9.69880E-01 
6.86998E+01 9.64996E-01  1.14312E-05  9.64865E-01 
6.87998E+01 9.59996E-01  1.12692E-05  9.59853E-01 
6.88998E+01 9.54996E-01  1.11053E-05  9.54863E-01 
6.89998E+01 9.49996E-01  1.09442E-05  9.49846E-01 
6.90998E+01 9.44996E-01  1.07781E-05  9.44855E-01 
6.91998E+01 9.39996E-01  1.06292E-05  9.39847E-01 
6.92998E+01 9.34996E-01  1.04579E-05  9.34837E-01 
6.93998E+01 9.29996E-01  1.03081E-05  9.29837E-01 
6.94998E+01 9.24996E-01  1.01279E-05  9.24833E-01 
6.95998E+01 9.19996E-01  9.97755E-06  9.19854E-01 
6.96998E+01 9.14996E-01  9.80521E-06  9.14839E-01 
6.97998E+01 9.09996E-01  9.64613E-06  9.09817E-01 
6.98998E+01 9.04996E-01  9.47897E-06  9.04815E-01 
6.99998E+01 8.99996E-01  9.31706E-06  8.99840E-01 
7.00998E+01 8.94996E-01  9.15130E-06  8.94796E-01 
7.01998E+01 8.89996E-01  8.99678E-06  8.89808E-01 
7.02998E+01 8.84996E-01  8.82833E-06  8.84818E-01 
7.03998E+01 8.79996E-01  8.66871E-06  8.79801E-01 
7.04998E+01 8.74996E-01  8.49238E-06  8.74812E-01 
7.05998E+01 8.69996E-01  8.33437E-06  8.69800E-01 
7.06998E+01 8.64996E-01  8.15814E-06  8.64816E-01 
7.07998E+01 8.59996E-01  8.00075E-06  8.59810E-01 
7.08998E+01 8.54996E-01  7.82959E-06  8.54814E-01 
7.09998E+01 8.49996E-01  7.65966E-06  8.49786E-01 
7.10998E+01 8.44996E-01  7.49350E-06  8.44788E-01 
7.11998E+01 8.39996E-01  7.32189E-06  8.39786E-01 
7.12998E+01 8.34996E-01  7.14431E-06  8.34829E-01 
7.13998E+01 8.29996E-01  6.97758E-06  8.29792E-01 
7.14998E+01 8.24996E-01  6.80922E-06  8.24772E-01 
7.15998E+01 8.19996E-01  6.63568E-06  8.19774E-01 
7.16998E+01 8.14996E-01  6.46117E-06  8.14806E-01 
7.17998E+01 8.09996E-01  6.29332E-06  8.09792E-01 
7.18998E+01 8.04996E-01  6.11701E-06  8.04778E-01 
7.19998E+01 7.99996E-01  5.94490E-06  7.99768E-01 
7.20998E+01 7.94996E-01  5.76794E-06  7.94783E-01 
7.21998E+01 7.89996E-01  5.59419E-06  7.89763E-01 
7.22998E+01 7.84996E-01  5.41823E-06  7.84743E-01 
7.23998E+01 7.79996E-01  5.24147E-06  7.79756E-01 
7.24998E+01 7.74996E-01  5.06931E-06  7.74734E-01 
7.25998E+01 7.69996E-01  4.89163E-06  7.69724E-01 
7.26998E+01 7.64996E-01  4.71677E-06  7.64737E-01 
7.27998E+01 7.59996E-01  4.54916E-06  7.59723E-01 
7.28998E+01 7.54996E-01  4.36473E-06  7.54709E-01 
7.29998E+01 7.49996E-01  4.17933E-06  7.49725E-01 
7.30998E+01 7.44996E-01  4.01162E-06  7.44731E-01 
7.31998E+01 7.39996E-01  3.82609E-06  7.39721E-01 
7.32998E+01 7.34996E-01  3.64263E-06  7.34726E-01 
7.33998E+01 7.29996E-01  3.46118E-06  7.29703E-01 
7.34998E+01 7.24996E-01  3.23984E-06  7.24714E-01 
7.35998E+01 7.19996E-01  3.06288E-06  7.19713E-01 
7.36998E+01 7.14996E-01  2.87111E-06  7.14698E-01 
7.37998E+01 7.09996E-01  2.69916E-06  7.09677E-01 
7.38998E+01 7.04996E-01  2.51103E-06  7.04674E-01 
7.39998E+01 6.99996E-01  2.32260E-06  6.99712E-01 
7.40998E+01 6.94996E-01  2.13299E-06  6.94713E-01 
7.41998E+01 6.89996E-01  1.94154E-06  6.89690E-01 
7.42998E+01 6.84996E-01  1.75431E-06  6.84704E-01 
7.43998E+01 6.79996E-01  1.54240E-06  6.79706E-01 
7.44998E+01 6.74996E-01  1.33476E-06  6.74701E-01 
7.45998E+01 6.69996E-01  1.16087E-06  6.69682E-01 
7.46998E+01 6.64996E-01  9.16322E-07  6.64689E-01 
7.47998E+01 6.59996E-01  7.54224E-07  6.59695E-01 
7.48998E+01 6.54996E-01  5.50668E-07  6.54675E-01 
7.49998E+01 6.49996E-01  3.30865E-07  6.49694E-01 
7.50998E+01 6.44996E-01  1.38343E-07  6.44701E-01 
7.51998E+01 6.39996E-01  -5.68913E-08 6.39695E-01 
7.52998E+01 6.34996E-01  -2.93902E-07 6.34670E-01 
7.53998E+01 6.29996E-01  -4.98818E-07 6.29651E-01 
7.54998E+01 6.24996E-01  -7.12377E-07 6.24649E-01 
7.55998E+01 6.19996E-01  -9.58654E-07 6.19674E-01 
7.56998E+01 6.14996E-01  -1.22124E-06 6.14651E-01 
7.57998E+01 6.09996E-01  -1.45921E-06 6.09636E-01 
7.58998E+01 6.04996E-01  -1.69674E-06 6.04631E-01 
7.59998E+01 5.99996E-01  -1.94439E-06 5.99651E-01 
7.60998E+01 5.94997E-01  -2.17756E-06 5.94664E-01 
7.61998E+01 5.89997E-01  -2.44496E-06 5.89640E-01 
7.62998E+01 5.84997E-01  -2.70034E-06 5.84628E-01 
7.63998E+01 5.79997E-01  -2.95890E-06 5.79645E-01 
7.64998E+01 5.74997E-01  -3.22384E-06 5.74663E-01 
7.65998E+01 5.69997E-01  -3.49458E-06 5.69646E-01 
7.66998E+01 5.64997E-01  -3.77865E-06 5.64626E-01 
7.67998E+01 5.59997E-01  -4.05488E-06 5.59635E-01 
7.68998E+01 5.54997E-01  -4.34456E-06 5.54630E-01 
7.69998E+01 5.49997E-01  -4.63204E-06 5.49617E-01 
7.70998E+01 5.44997E-01  -4.92800E-06 5.44628E-01 
7.71998E+01 5.39997E-01  -5.23416E-06 5.39635E-01 
7.72998E+01 5.34997E-01  -5.53815E-06 5.34628E-01 
7.73998E+01 5.29997E-01  -5.85142E-06 5.29622E-01 
7.74998E+01 5.24997E-01  -6.15993E-06 5.24603E-01 
7.75998E+01 5.19997E-01  -6.46999E-06 5.19617E-01 
7.76998E+01 5.14997E-01  -6.80048E-06 5.14592E-01 
7.77998E+01 5.09997E-01  -7.13419E-06 5.09610E-01 
7.78998E+01 5.04997E-01  -7.47851E-06 5.04606E-01 
7.79998E+01 4.99997E-01  -7.81456E-06 4.99602E-01 
7.80998E+01 4.94997E-01  -8.16180E-06 4.94606E-01 
7.81998E+01 4.89997E-01  -8.52059E-06 4.89620E-01 
7.82998E+01 4.84997E-01  -8.88984E-06 4.84584E-01 
7.83998E+01 4.79997E-01  -9.26323E-06 4.79584E-01 
7.84998E+01 4.74997E-01  -9.64240E-06 4.74576E-01 
7.85998E+01 4.69997E-01  -1.00110E-05 4.69580E-01 
7.86998E+01 4.64997E-01  -1.04066E-05 4.64569E-01 
7.87998E+01 4.59997E-01  -1.07998E-05 4.59581E-01 
7.88998E+01 4.54997E-01  -1.11981E-05 4.54570E-01 
7.89998E+01 4.49997E-01  -1.16119E-05 4.49539E-01 
7.90998E+01 4.44997E-01  -1.20243E-05 4.44537E-01 
7.91998E+01 4.39997E-01  -1.24450E-05 4.39538E-01 
7.92998E+01 4.34997E-01  -1.28891E-05 4.34548E-01 
7.93998E+01 4.29997E-01  -1.33152E-05 4.29529E-01 
7.94998E+01 4.24997E-01  -1.37582E-05 4.24535E-01 
7.95998E+01 4.19997E-01  -1.42016E-05 4.19528E-01 
7.96998E+01 4.14997E-01  -1.46579E-05 4.14522E-01 
7.97998E+01 4.09997E-01  -1.51143E-05 4.09514E-01 
7.98998E+01 4.04997E-01  -1.55873E-05 4.04517E-01 
7.99998E+01 3.99997E-01  -1.60570E-05 3.99518E-01 
8.00998E+01 3.94997E-01  -1.65383E-05 3.94518E-01 
8.01998E+01 3.89997E-01  -1.70238E-05 3.89514E-01 
8.02998E+01 3.84997E-01  -1.75167E-05 3.84505E-01 
8.03998E+01 3.79997E-01  -1.80185E-05 3.79513E-01 
8.04998E+01 3.74997E-01  -1.85295E-05 3.74526E-01 
8.05998E+01 3.69997E-01  -1.90320E-05 3.69516E-01 
8.06998E+01 3.64997E-01  -1.95642E-05 3.64501E-01 
8.07998E+01 3.59997E-01  -2.00862E-05 3.59490E-01 
8.08998E+01 3.54997E-01  -2.06268E-05 3.54503E-01 
8.09998E+01 3.49997E-01  -2.11546E-05 3.49514E-01 
8.10998E+01 3.44997E-01  -2.16679E-05 3.44496E-01 
8.11998E+01 3.39997E-01  -2.22299E-05 3.39506E-01 
8.12998E+01 3.34997E-01  -2.27893E-05 3.34510E-01 
8.13998E+01 3.29997E-01  -2.33604E-05 3.29493E-01 
8.14998E+01 3.24997E-01  -2.39292E-05 3.24486E-01 
8.15998E+01 3.19997E-01  -2.45112E-05 3.19484E-01 
8.16998E+01 3.14997E-01  -2.51144E-05 3.14492E-01 
8.17998E+01 3.09997E-01  -2.56870E-05 3.09486E-01 
8.18998E+01 3.04997E-01  -2.63321E-05 3.04487E-01 
8.19998E+01 2.99997E-01  -2.69807E-05 2.99451E-01 
8.20998E+01 2.94997E-01  -2.75801E-05 2.94462E-01 
8.21998E+01 2.89997E-01  -2.82014E-05 2.89468E-01 
8.22998E+01 2.84997E-01  -2.88374E-05 2.84468E-01 
8.23998E+01 2.79997E-01  -2.94705E-05 2.79476E-01 
8.24998E+01 2.74997E-01  -3.00954E-05 2.74450E-01 
8.25998E+01 2.69997E-01  -3.07134E-05 2.69448E-01 
8.26998E+01 2.64997E-01  -3.13570E-05 2.64467E-01 
8.27998E+01 2.59997E-01  -3.20144E-05 2.59476E-01 
8.28998E+01 2.54997E-01  -3.26885E-05 2.54436E-01 
8.29998E+01 2.49997E-01  -3.33735E-05 2.49454E-01 
8.30998E+01 2.44997E-01  -3.40322E-05 2.44454E-01 
8.31998E+01 2.39997E-01  -3.46948E-05 2.39442E-01 
8.32998E+01 2.34997E-01  -3.53557E-05 2.34454E-01 
8.33998E+01 2.29997E-01  -3.60008E-05 2.29439E-01 
8.34998E+01 2.24997E-01  -3.66715E-05 2.24456E-01 
8.35998E+01 2.19997E-01  -3.73583E-05 2.19443E-01 
8.36998E+01 2.14997E-01  -3.80372E-05 2.14438E-01 
8.37998E+01 2.09997E-01  -3.87259E-05 2.09425E-01 
8.38998E+01 2.04997E-01  -3.93824E-05 2.04429E-01 
8.39998E+01 1.99997E-01  -3.99382E-05 1.99437E-01 
8.40998E+01 1.94998E-01  -4.06509E-05 1.94428E-01 
8.41998E+01 1.89998E-01  -4.13466E-05 1.89414E-01 
8.42998E+01 1.84998E-01  -4.20440E-05 1.84424E-01 
8.43998E+01 1.79998E-01  -4.27281E-05 1.79439E-01 
8.44998E+01 1.74998E-01  -4.34212E-05 1.74428E-01 
8.45998E+01 1.69998E-01  -4.41727E-05 1.69398E-01 
8.46998E+01 1.64998E-01  -4.47724E-05 1.64441E-01 
8.47998E+01 1.59998E-01  -4.54330E-05 1.59431E-01 
8.48998E+01 1.54998E-01  -4.61434E-05 1.54410E-01 
8.49998E+01 1.49998E-01  -4.68456E-05 1.49404E-01 
8.50998E+01 1.44998E-01  -4.75084E-05 1.44405E-01 
8.51998E+01 1.39998E-01  -4.81696E-05 1.39388E-01 
8.52998E+01 1.34998E-01  -4.89109E-05 1.34380E-01 
8.53998E+01 1.29998E-01  -4.95563E-05 1.29363E-01 
8.54998E+01 1.24998E-01  -5.02929E-05 1.24379E-01 
8.55998E+01 1.19998E-01  -5.10249E-05 1.19389E-01 
8.56998E+01 1.14998E-01  -5.17415E-05 1.14379E-01 
8.57998E+01 1.09998E-01  -5.24877E-05 1.09355E-01 
8.58998E+01 1.04998E-01  -5.32506E-05 1.04388E-01 
8.59998E+01 9.99977E-02  -5.40386E-05 9.93720E-02 
8.60998E+01 9.49978E-02  -5.47755E-05 9.43649E-02 
8.61998E+01 8.99978E-02  -5.55737E-05 8.93471E-02 
8.62998E+01 8.49978E-02  -5.64156E-05 8.43680E-02 
8.63998E+01 7.99978E-02  -5.72610E-05 7.93628E-02 
8.64998E+01 7.49978E-02  -5.81204E-05 7.43431E-02 
8.65998E+01 6.99978E-02  -5.89782E-05 6.93472E-02 
8.66998E+01 6.49978E-02  -5.98482E-05 6.43363E-02 
8.67998E+01 5.99978E-02  -6.07441E-05 5.93547E-02 
8.68998E+01 5.49979E-02  -6.16581E-05 5.43400E-02 
8.69998E+01 4.99979E-02  -6.25685E-05 4.93348E-02 
8.70998E+01 4.49979E-02  -6.35136E-05 4.43507E-02 
8.71998E+01 3.99979E-02  -6.44526E-05 3.93491E-02 
8.72998E+01 3.49979E-02  -6.54093E-05 3.43214E-02 
8.73998E+01 2.99979E-02  -6.63552E-05 2.93273E-02 
8.74998E+01 2.49979E-02  -6.73353E-05 2.43426E-02 
8.75998E+01 1.99979E-02  -6.83093E-05 1.93480E-02 
8.76998E+01 1.49980E-02  -6.93021E-05 1.43395E-02 
8.77998E+01 9.99797E-03  -7.03085E-05 9.31805E-03 
8.78998E+01 4.99799E-03  -7.13081E-05 4.33396E-03 
8.79998E+01 -2.00000E-06 -7.23424E-05 -6.61312E-04
8.80998E+01 -5.00199E-03 -7.33720E-05 -5.66413E-03
8.81998E+01 -1.00020E-02 -7.44217E-05 -1.06944E-02
8.82998E+01 -1.50020E-02 -7.54838E-05 -1.56809E-02
8.83998E+01 -2.00020E-02 -7.65644E-05 -2.06800E-02
8.84998E+01 -2.50019E-02 -7.76776E-05 -2.56746E-02
8.85998E+01 -3.00019E-02 -7.88133E-05 -3.06981E-02
8.86998E+01 -3.50019E-02 -7.99582E-05 -3.57209E-02
8.87998E+01 -4.00019E-02 -8.11394E-05 -4.07093E-02
8.88998E+01 -4.50019E-02 -8.23492E-05 -4.56665E-02
8.89998E+01 -5.00019E-02 -8.36070E-05 -5.06993E-02
8.90998E+01 -5.50019E-02 -8.48960E-05 -5.57258E-02
8.91998E+01 -6.00019E-02 -8.62080E-05 -6.07229E-02
8.92998E+01 -6.50018E-02 -8.75676E-05 -6.57101E-02
8.93998E+01 -7.00018E-02 -8.89583E-05 -7.07092E-02
8.94998E+01 -7.50018E-02 -9.03919E-05 -7.57114E-02
8.95998E+01 -8.00018E-02 -9.18967E-05 -8.07285E-02
8.96998E+01 -8.50018E-02 -9.34056E-05 -8.57169E-02
8.97998E+01 -9.00018E-02 -9.49619E-05 -9.06916E-02
8.98998E+01 -9.50018E-02 -9.66224E-05 -9.57200E-02
8.99998E+01 -1.00002E-01 -9.83121E-05 -1.00725E-01
9.00998E+01 -1.05002E-01 -1.00074E-04 -1.05724E-01
9.01998E+01 -1.10002E-01 -1.01929E-04 -1.10707E-01
9.02998E+01 -1.15002E-01 -1.03823E-04 -1.15724E-01
9.03998E+01 -1.20002E-01 -1.05821E-04 -1.20743E-01
9.04998E+01 -1.25002E-01 -1.07933E-04 -1.25740E-01
9.05998E+01 -1.30002E-01 -1.10172E-04 -1.30733E-01
9.06998E+01 -1.35002E-01 -1.12537E-04 -1.35749E-01
9.07998E+01 -1.40002E-01 -1.15124E-04 -1.40744E-01
9.08998E+01 -1.45002E-01 -1.17897E-04 -1.45754E-01
9.09998E+01 -1.50002E-01 -1.20865E-04 -1.50733E-01
9.10998E+01 -1.55002E-01 -1.24093E-04 -1.55759E-01
9.11998E+01 -1.60002E-01 -1.27562E-04 -1.60768E-01
9.12998E+01 -1.65002E-01 -1.31270E-04 -1.65761E-01
9.13998E+01 -1.70002E-01 -1.35187E-04 -1.70759E-01
9.14998E+01 -1.75002E-01 -1.39301E-04 -1.75779E-01
9.15998E+01 -1.80002E-01 -1.43575E-04 -1.80805E-01
9.16998E+01 -1.85002E-01 -1.47962E-04 -1.85804E-01
9.17998E+01 -1.90002E-01 -1.52481E-04 -1.90802E-01
9.18998E+01 -1.95002E-01 -1.57085E-04 -1.95824E-01
9.19998E+01 -2.00002E-01 -1.61782E-04 -2.00825E-01
9.20998E+01 -2.05001E-01 -1.66485E-04 -2.05820E-01
9.21998E+01 -2.10001E-01 -1.71201E-04 -2.10799E-01
9.22998E+01 -2.15001E-01 -1.75895E-04 -2.15807E-01
9.23998E+01 -2.20001E-01 -1.80553E-04 -2.20819E-01
9.24998E+01 -2.25001E-01 -1.85156E-04 -2.25810E-01
9.25998E+01 -2.30001E-01 -1.89639E-04 -2.30807E-01
9.26998E+01 -2.35001E-01 -1.93993E-04 -2.35838E-01
9.27998E+01 -2.40001E-01 -1.98211E-04 -2.40832E-01
9.28998E+01 -2.45001E-01 -2.02210E-04 -2.45815E-01
9.29998E+01 -2.50001E-01 -2.05882E-04 -2.50800E-01
9.30998E+01 -2.55001E-01 -2.09091E-04 -2.55816E-01
9.31998E+01 -2.60001E-01 -2.11766E-04 -2.60814E-01
9.32998E+01 -2.65001E-01 -2.13186E-04 -2.65812E-01
9.33998E+01 -2.70001E-01 -2.13692E-04 -2.70791E-01
9.34998E+01 -2.75001E-01 -2.12078E-04 -2.75822E-01
9.35998E+01 -2.80001E-01 -2.07664E-04 -2.80839E-01
9.36998E+01 -2.85001E-01 -1.99814E-04 -2.85822E-01
9.37998E+01 -2.90001E-01 -1.87763E-04 -2.90808E-01
9.38998E+01 -2.95001E-01 -1.71357E-04 -2.95817E-01
9.39998E+01 -3.00001E-01 -1.52736E-04 -3.00846E-01
9.40998E+01 -3.05001E-01 -1.35174E-04 -3.05837E-01
9.41998E+01 -3.10001E-01 -1.20527E-04 -3.10833E-01
9.42998E+01 -3.15001E-01 -1.09017E-04 -3.15834E-01
9.43998E+01 -3.20001E-01 -1.00064E-04 -3.20848E-01
9.44998E+01 -3.25001E-01 -9.28814E-05 -3.25856E-01
9.45998E+01 -3.30001E-01 -8.70736E-05 -3.30874E-01
9.46998E+01 -3.35001E-01 -8.20843E-05 -3.35870E-01
9.47998E+01 -3.40001E-01 -7.78085E-05 -3.40853E-01
9.48998E+01 -3.45001E-01 -7.41372E-05 -3.45865E-01
9.49998E+01 -3.50001E-01 -7.09660E-05 -3.50858E-01
9.50998E+01 -3.55001E-01 -6.84496E-05 -3.55890E-01
9.51998E+01 -3.60001E-01 -6.60367E-05 -3.60868E-01
9.52998E+01 -3.65001E-01 -6.39024E-05 -3.65878E-01
9.53998E+01 -3.70001E-01 -6.20784E-05 -3.70884E-01
9.54998E+01 -3.75001E-01 -6.04273E-05 -3.75898E-01
9.55998E+01 -3.80001E-01 -5.89672E-05 -3.80870E-01
9.56998E+01 -3.85001E-01 -5.77443E-05 -3.85866E-01
9.57998E+01 -3.90001E-01 -5.66437E-05 -3.90905E-01
9.58998E+01 -3.95001E-01 -5.56108E-05 -3.95921E-01
9.59998E+01 -4.00001E-01 -5.47383E-05 -4.00916E-01
9.60998E+01 -4.05001E-01 -5.38782E-05 -4.05928E-01
9.61998E+01 -4.10001E-01 -5.30619E-05 -4.10930E-01
9.62998E+01 -4.15001E-01 -5.23156E-05 -4.15937E-01
9.63998E+01 -4.20001E-01 -5.16565E-05 -4.20930E-01
9.64998E+01 -4.25001E-01 -5.10133E-05 -4.25921E-01
9.65998E+01 -4.30001E-01 -5.04309E-05 -4.30912E-01
9.66998E+01 -4.35001E-01 -4.98822E-05 -4.35948E-01
9.67998E+01 -4.40001E-01 -4.93697E-05 -4.40915E-01
9.68998E+01 -4.45001E-01 -4.88765E-05 -4.45934E-01
9.69998E+01 -4.50001E-01 -4.84415E-05 -4.50945E-01
9.70998E+01 -4.55001E-01 -4.79950E-05 -4.55944E-01
9.71998E+01 -4.60001E-01 -4.75890E-05 -4.60925E-01
9.72998E+01 -4.65001E-01 -4.71997E-05 -4.65927E-01
9.73998E+01 -4.70001E-01 -4.68221E-05 -4.70944E-01
9.74998E+01 -4.75001E-01 -4.64848E-05 -4.75943E-01
9.75998E+01 -4.80001E-01 -4.61535E-05 -4.80935E-01
9.76998E+01 -4.85001E-01 -4.58227E-05 -4.85953E-01
9.77998E+01 -4.90001E-01 -4.55628E-05 -4.90949E-01
9.78998E+01 -4.95001E-01 -4.52842E-05 -4.95973E-01
9.79998E+01 -5.00001E-01 -4.50284E-05 -5.00950E-01
9.80998E+01 -5.05001E-01 -4.47530E-05 -5.05973E-01
9.81998E+01 -5.10001E-01 -4.45431E-05 -5.10959E-01
9.82998E+01 -5.15001E-01 -4.43158E-05 -5.15966E-01
9.83998E+01 -5.20001E-01 -4.41489E-05 -5.20962E-01
9.84998E+01 -5.25001E-01 -4.40034E-05 -5.25980E-01
9.85998E+01 -5.30001E-01 -4.38518E-05 -5.30968E-01
9.86998E+01 -5.35001E-01 -4.36939E-05 -5.35967E-01
9.87998E+01 -5.40001E-01 -4.35742E-05 -5.40949E-01
9.88998E+01 -5.45001E-01 -4.34717E-05 -5.45972E-01
9.89998E+01 -5.50001E-01 -4.34080E-05 -5.51009E-01
9.90998E+01 -5.55001E-01 -4.33066E-05 -5.55994E-01
9.91998E+01 -5.60001E-01 -4.32594E-05 -5.60988E-01
9.92998E+01 -5.65001E-01 -4.32236E-05 -5.65983E-01
9.93998E+01 -5.70001E-01 -4.32201E-05 -5.71000E-01
9.94998E+01 -5.75001E-01 -4.32039E-05 -5.76001E-01
9.95998E+01 -5.80001E-01 -4.32329E-05 -5.80980E-01
9.96998E+01 -5.85001E-01 -4.32316E-05 -5.85974E-01
9.97998E+01 -5.90001E-01 -4.32858E-05 -5.90994E-01
9.98998E+01 -5.95001E-01 -4.33291E-05 -5.95999E-01
9.99997E+01 -6.00001E-01 -4.33775E-05 -6.00996E-01
1.00100E+02 -6.05000E-01 -4.33768E-05 -6.05991E-01
1.00200E+02 -6.10000E-01 -4.34588E-05 -6.11007E-01
1.00300E+02 -6.15000E-01 -4.35265E-05 -6.16036E-01
1.00400E+02 -6.20000E-01 -4.35944E-05 -6.21026E-01
1.00500E+02 -6.25000E-01 -4.36529E-05 -6.26005E-01
1.00600E+02 -6.30000E-01 -4.37249E-05 -6.31004E-01
1.00700E+02 -6.35000E-01 -4.37893E-05 -6.36023E-01
1.00800E+02 -6.40000E-01 -4.38815E-05 -6.41012E-01
1.00900E+02 -6.45000E-01 -4.39348E-05 -6.46015E-01
1.01000E+02 -6.50000E-01 -4.40209E-05 -6.51029E-01
1.01100E+02 -6.55000E-01 -4.40769E-05 -6.56051E-01
1.01200E+02 -6.60000E-01 -4.41411E-05 -6.61063E-01
1.01300E+02 -6.65000E-01 -4.41906E-05 -6.66040E-01
1.01400E+02 -6.70000E-01 -4.42698E-05 -6.71049E-01
1.01500E+02 -6.75000E-01 -4.43170E-05 -6.76060E-01
1.01600E+02 -6.80000E-01 -4.43947E-05 -6.81068E-01
1.01700E+02 -6.85000E-01 -4.44270E-05 -6.86084E-01
1.01800E+02 -6.90000E-01 -4.44984E-05 -6.91067E-01
1.01900E+02 -6.95000E-01 -4.45294E-05 -6.96088E-01
1.02000E+02 -7.00000E-01 -4.45919E-05 -7.01109E-01
1.02100E+02 -7.05000E-01 -4.46069E-05 -7.06081E-01
1.02200E+02 -7.10000E-01 -4.46793E-05 -7.11039E-01
1.02300E+02 -7.15000E-01 -4.47173E-05 -7.16086E-01
1.02400E+02 -7.20000E-01 -4.47535E-05 -7.21093E-01
1.02500E+02 -7.25000E-01 -4.47773E-05 -7.26065E-01
1.02600E+02 -7.30000E-01 -4.48220E-05 -7.31083E-01
1.02700E+02 -7.35000E-01 -4.48405E-05 -7.36075E-01
1.02800E+02 -7.40000E-01 -4.48822E-05 -7.41078E-01
1.02900E+02 -7.45000E-01 -4.49002E-05 -7.46062E-01
1.03000E+02 -7.50000E-01 -4.49557E-05 -7.51073E-01
1.03100E+02 -7.55000E-01 -4.49747E-05 -7.56082E-01
1.03200E+02 -7.60000E-01 -4.50141E-05 -7.61103E-01
1.03300E+02 -7.65000E-01 -4.50514E-05 -7.66072E-01
1.03400E+02 -7.70000E-01 -4.51113E-05 -7.71074E-01
1.03500E+02 -7.75000E-01 -4.51531E-05 -7.76095E-01
1.03600E+02 -7.80000E-01 -4.52265E-05 -7.81092E-01
1.03700E+02 -7.85000E-01 -4.52515E-05 -7.86094E-01
1.03800E+02 -7.90000E-01 -4.53367E-05 -7.91077E-01
1.03900E+02 -7.95000E-01 -4.53994E-05 -7.96099E-01
