time/s      E/V        I/A
0.00000E+00 -8.00000E-01 -9.31264E-05 -8.01273E-01
9.99997E-02 -7.95000E-01 -6.90183E-05 -7.96272E-01
1.99999E-01 -7.90000E-01 -5.86738E-05 -7.91254E-01
2.99999E-01 -7.85000E-01 -5.19603E-05 -7.86275E-01
3.99999E-01 -7.80000E-01 -5.03197E-05 -7.81274E-01
4.99999E-01 -7.75000E-01 -4.66317E-05 -7.76257E-01
5.99998E-01 -7.70000E-01 -4.36846E-05 -7.71241E-01
6.99998E-01 -7.65000E-01 -4.12240E-05 -7.66241E-01
7.99998E-01 -7.60000E-01 -3.91359E-05 -7.61243E-01
8.99998E-01 -7.55000E-01 -3.73209E-05 -7.56250E-01
9.99997E-01 -7.50000E-01 -3.56916E-05 -7.51223E-01
1.10000E+00 -7.45000E-01 -3.45106E-05 -7.46234E-01
1.20000E+00 -7.40000E-01 -3.31510E-05 -7.41243E-01
1.30000E+00 -7.35000E-01 -3.19226E-05 -7.36223E-01
1.40000E+00 -7.30000E-01 -3.07788E-05 -7.31208E-01
1.50000E+00 -7.25000E-01 -2.97443E-05 -7.26236E-01
1.60000E+00 -7.20000E-01 -2.87851E-05 -7.21213E-01
1.70000E+00 -7.15000E-01 -2.78907E-05 -7.16208E-01
1.80000E+00 -7.10000E-01 -2.70368E-05 -7.11224E-01
1.90000E+00 -7.05000E-01 -2.62322E-05 -7.06203E-01
1.99999E+00 -7.00000E-01 -2.54930E-05 -7.01226E-01
2.09999E+00 -6.95000E-01 -2.47799E-05 -6.96211E-01
2.19999E+00 -6.90000E-01 -2.41494E-05 -6.91204E-01
2.29999E+00 -6.85000E-01 -2.35377E-05 -6.86213E-01
2.39999E+00 -6.80000E-01 -2.29523E-05 -6.81213E-01
2.49999E+00 -6.75000E-01 -2.24050E-05 -6.76205E-01
2.59999E+00 -6.70000E-01 -2.18916E-05 -6.71203E-01
2.69999E+00 -6.65000E-01 -2.14016E-05 -6.66202E-01
2.79999E+00 -6.60000E-01 -2.09279E-05 -6.61210E-01
2.89999E+00 -6.55000E-01 -2.04773E-05 -6.56212E-01
2.99999E+00 -6.50000E-01 -2.00468E-05 -6.51184E-01
3.09999E+00 -6.45000E-01 -1.96354E-05 -6.46183E-01
3.19999E+00 -6.40000E-01 -1.92401E-05 -6.41174E-01
3.29999E+00 -6.35000E-01 -1.88618E-05 -6.36203E-01
3.39999E+00 -6.30000E-01 -1.84969E-05 -6.31168E-01
3.49999E+00 -6.25000E-01 -1.81375E-05 -6.26185E-01
3.59999E+00 -6.20000E-01 -1.77914E-05 -6.21180E-01
3.69999E+00 -6.15000E-01 -1.74642E-05 -6.16198E-01
3.79999E+00 -6.10000E-01 -1.71356E-05 -6.11181E-01
3.89999E+00 -6.05000E-01 -1.68254E-05 -6.06159E-01
3.99999E+00 -6.00001E-01 -1.65231E-05 -6.01167E-01
4.09999E+00 -5.95001E-01 -1.62327E-05 -5.96171E-01
4.19999E+00 -5.90001E-01 -1.59511E-05 -5.91175E-01
4.29999E+00 -5.85001E-01 -1.56722E-05 -5.86159E-01
4.39999E+00 -5.80001E-01 -1.54062E-05 -5.81151E-01
4.49999E+00 -5.75001E-01 -1.51401E-05 -5.76163E-01
4.59999E+00 -5.70001E-01 -1.48885E-05 -5.71167E-01
4.69999E+00 -5.65001E-01 -1.46397E-05 -5.66167E-01
4.79999E+00 -5.60001E-01 -1.43998E-05 -5.61149E-01
4.89999E+00 -5.55001E-01 -1.41647E-05 -5.56143E-01
4.99999E+00 -5.50001E-01 -1.39377E-05 -5.51156E-01
5.09999E+00 -5.45001E-01 -1.37131E-05 -5.46131E-01
5.19999E+00 -5.40001E-01 -1.35004E-05 -5.41128E-01
5.29999E+00 -5.35001E-01 -1.32934E-05 -5.36152E-01
5.39999E+00 -5.30001E-01 -1.30854E-05 -5.31151E-01
5.49999E+00 -5.25001E-01 -1.28838E-05 -5.26125E-01
5.59999E+00 -5.20001E-01 -1.26844E-05 -5.21122E-01
5.69999E+00 -5.15001E-01 -1.24823E-05 -5.16133E-01
5.79999E+00 -5.10001E-01 -1.22893E-05 -5.11144E-01
5.89999E+00 -5.05001E-01 -1.21024E-05 -5.06119E-01
5.99998E+00 -5.00001E-01 -1.19202E-05 -5.01107E-01
6.09998E+00 -4.95001E-01 -1.17437E-05 -4.96122E-01
6.19998E+00 -4.90001E-01 -1.15597E-05 -4.91110E-01
6.29998E+00 -4.85001E-01 -1.13858E-05 -4.86094E-01
6.39998E+00 -4.80001E-01 -1.12090E-05 -4.81080E-01
6.49998E+00 -4.75001E-01 -1.10321E-05 -4.76088E-01
6.59998E+00 -4.70001E-01 -1.08862E-05 -4.71064E-01
6.69998E+00 -4.65001E-01 -1.07121E-05 -4.66057E-01
6.79998E+00 -4.60001E-01 -1.05422E-05 -4.61073E-01
6.89998E+00 -4.55001E-01 -1.03785E-05 -4.56082E-01
6.99998E+00 -4.50001E-01 -1.02329E-05 -4.51038E-01
7.09998E+00 -4.45001E-01 -1.00706E-05 -4.46058E-01
7.19998E+00 -4.40001E-01 -9.93135E-06 -4.41062E-01
7.29998E+00 -4.35001E-01 -9.77524E-06 -4.36085E-01
7.39998E+00 -4.30001E-01 -9.62517E-06 -4.31065E-01
7.49998E+00 -4.25001E-01 -9.47626E-06 -4.26057E-01
7.59998E+00 -4.20001E-01 -9.33887E-06 -4.21047E-01
7.69998E+00 -4.15001E-01 -9.19105E-06 -4.16067E-01
7.79998E+00 -4.10001E-01 -9.05196E-06 -4.11060E-01
7.89998E+00 -4.05001E-01 -8.90527E-06 -4.06016E-01
7.99998E+00 -4.00001E-01 -8.76408E-06 -4.01040E-01
8.09998E+00 -3.95001E-01 -8.63042E-06 -3.96064E-01
8.19998E+00 -3.90001E-01 -8.49222E-06 -3.91050E-01
8.29998E+00 -3.85001E-01 -8.35998E-06 -3.86020E-01
8.39998E+00 -3.80001E-01 -8.22801E-06 -3.81023E-01
8.49998E+00 -3.75001E-01 -8.09550E-06 -3.76039E-01
8.59998E+00 -3.70001E-01 -7.96385E-06 -3.71018E-01
8.69998E+00 -3.65001E-01 -7.83263E-06 -3.66014E-01
8.79998E+00 -3.60001E-01 -7.70152E-06 -3.61009E-01
8.89998E+00 -3.55001E-01 -7.57517E-06 -3.56027E-01
8.99998E+00 -3.50001E-01 -7.44880E-06 -3.51043E-01
9.09998E+00 -3.45001E-01 -7.32066E-06 -3.46018E-01
9.19998E+00 -3.40001E-01 -7.19409E-06 -3.41016E-01
9.29998E+00 -3.35001E-01 -7.06807E-06 -3.36018E-01
9.39998E+00 -3.30001E-01 -6.94687E-06 -3.31032E-01
9.49998E+00 -3.25001E-01 -6.82455E-06 -3.26017E-01
9.59998E+00 -3.20001E-01 -6.70281E-06 -3.20992E-01
9.69998E+00 -3.15001E-01 -6.57959E-06 -3.15998E-01
9.79998E+00 -3.10001E-01 -6.46227E-06 -3.10991E-01
9.89998E+00 -3.05001E-01 -6.33805E-06 -3.05997E-01
9.99997E+00 -3.00001E-01 -6.22122E-06 -3.01001E-01
1.01000E+01 -2.95001E-01 -6.10098E-06 -2.95970E-01
1.02000E+01 -2.90001E-01 -5.98406E-06 -2.90980E-01
1.03000E+01 -2.85001E-01 -5.86484E-06 -2.85977E-01
1.04000E+01 -2.80001E-01 -5.74859E-06 -2.80983E-01
1.05000E+01 -2.75001E-01 -5.63184E-06 -2.75957E-01
1.06000E+01 -2.70001E-01 -5.51772E-06 -2.70966E-01
1.07000E+01 -2.65001E-01 -5.40117E-06 -2.65952E-01
1.08000E+01 -2.60001E-01 -5.28703E-06 -2.60965E-01
1.09000E+01 -2.55001E-01 -5.17220E-06 -2.55960E-01
1.10000E+01 -2.50001E-01 -5.06081E-06 -2.50958E-01
1.11000E+01 -2.45001E-01 -4.94643E-06 -2.45944E-01
1.12000E+01 -2.40001E-01 -4.83471E-06 -2.40951E-01
1.13000E+01 -2.35001E-01 -4.72226E-06 -2.35941E-01
1.14000E+01 -2.30001E-01 -4.61097E-06 -2.30933E-01
1.15000E+01 -2.25001E-01 -4.49962E-06 -2.25939E-01
1.16000E+01 -2.20001E-01 -4.38795E-06 -2.20939E-01
1.17000E+01 -2.15001E-01 -4.27847E-06 -2.15917E-01
1.18000E+01 -2.10001E-01 -4.16722E-06 -2.10924E-01
1.19000E+01 -2.05001E-01 -4.05540E-06 -2.05933E-01
1.20000E+01 -2.00002E-01 -3.94578E-06 -2.00952E-01
1.21000E+01 -1.95002E-01 -3.83555E-06 -1.95930E-01
1.22000E+01 -1.90002E-01 -3.75573E-06 -1.90916E-01
1.23000E+01 -1.85002E-01 -3.64570E-06 -1.85929E-01
1.24000E+01 -1.80002E-01 -3.53653E-06 -1.80934E-01
1.25000E+01 -1.75002E-01 -3.42368E-06 -1.75913E-01
1.26000E+01 -1.70002E-01 -3.31375E-06 -1.70912E-01
1.27000E+01 -1.65002E-01 -3.20190E-06 -1.65906E-01
1.28000E+01 -1.60002E-01 -3.08871E-06 -1.60891E-01
1.29000E+01 -1.55002E-01 -2.97885E-06 -1.55868E-01
1.30000E+01 -1.50002E-01 -2.86875E-06 -1.50886E-01
1.31000E+01 -1.45002E-01 -2.75621E-06 -1.45885E-01
1.32000E+01 -1.40002E-01 -2.64594E-06 -1.40888E-01
1.33000E+01 -1.35002E-01 -2.53154E-06 -1.35887E-01
1.34000E+01 -1.30002E-01 -2.41962E-06 -1.30880E-01
1.35000E+01 -1.25002E-01 -2.30592E-06 -1.25909E-01
1.36000E+01 -1.20002E-01 -2.19470E-06 -1.20881E-01
1.37000E+01 -1.15002E-01 -2.07943E-06 -1.15864E-01
1.38000E+01 -1.10002E-01 -1.96570E-06 -1.10859E-01
1.39000E+01 -1.05002E-01 -1.85308E-06 -1.05879E-01
1.40000E+01 -1.00002E-01 -1.74030E-06 -1.00866E-01
1.41000E+01 -9.50018E-02 -1.62674E-06 -9.58606E-02
1.42000E+01 -9.00018E-02 -1.51199E-06 -9.08571E-02
1.43000E+01 -8.50018E-02 -1.39662E-06 -8.58743E-02
1.44000E+01 -8.00018E-02 -1.28423E-06 -8.08696E-02
1.45000E+01 -7.50018E-02 -1.16870E-06 -7.58575E-02
1.46000E+01 -7.00018E-02 -1.05499E-06 -7.08503E-02
1.47000E+01 -6.50018E-02 -9.39117E-07 -6.58656E-02
1.48000E+01 -6.00019E-02 -8.24979E-07 -6.08622E-02
1.49000E+01 -5.50019E-02 -7.10848E-07 -5.58544E-02
1.50000E+01 -5.00019E-02 -5.96800E-07 -5.08616E-02
1.51000E+01 -4.50019E-02 -4.81285E-07 -4.58401E-02
1.52000E+01 -4.00019E-02 -3.67663E-07 -4.08691E-02
1.53000E+01 -3.50019E-02 -2.55154E-07 -3.58607E-02
1.54000E+01 -3.00019E-02 -1.41995E-07 -3.08436E-02
1.55000E+01 -2.50019E-02 -2.71370E-08 -2.58370E-02
1.56000E+01 -2.00020E-02 8.53575E-08  -2.08455E-02
1.57000E+01 -1.50020E-02 2.00650E-07  -1.58358E-02
1.58000E+01 -1.00020E-02 3.16747E-07  -1.08218E-02
1.59000E+01 -5.00199E-03 4.25837E-07  -5.81087E-03
1.60000E+01 -2.00000E-06 5.40584E-07  -8.01863E-04
1.61000E+01 4.99799E-03  6.54773E-07  4.18656E-03 
1.62000E+01 9.99797E-03  7.68469E-07  9.18189E-03 
1.63000E+01 1.49980E-02  8.82985E-07  1.41847E-02 
1.64000E+01 1.99979E-02  9.97413E-07  1.92156E-02 
1.65000E+01 2.49979E-02  1.11278E-06  2.41971E-02 
1.66000E+01 2.99979E-02  1.22882E-06  2.91987E-02 
1.67000E+01 3.49979E-02  1.34649E-06  3.42058E-02 
1.68000E+01 3.99979E-02  1.46587E-06  3.92105E-02 
1.69000E+01 4.49979E-02  1.58138E-06  4.41965E-02 
1.70000E+01 4.99979E-02  1.69966E-06  4.92067E-02 
1.71000E+01 5.49979E-02  1.82048E-06  5.42183E-02 
1.72000E+01 5.99978E-02  1.94073E-06  5.92148E-02 
1.73000E+01 6.49978E-02  2.06391E-06  6.42320E-02 
1.74000E+01 6.99978E-02  2.18453E-06  6.92285E-02 
1.75000E+01 7.49978E-02  2.30922E-06  7.42319E-02 
1.76000E+01 7.99978E-02  2.43249E-06  7.92566E-02 
1.77000E+01 8.49978E-02  2.56035E-06  8.42457E-02 
1.78000E+01 8.99978E-02  2.68636E-06  8.92160E-02 
1.79000E+01 9.49978E-02  2.81506E-06  9.42387E-02 
1.80000E+01 9.99977E-02  2.94298E-06  9.92590E-02 
1.81000E+01 1.04998E-01  3.07414E-06  1.04240E-01 
1.82000E+01 1.09998E-01  3.20553E-06  1.09238E-01 
1.83000E+01 1.14998E-01  3.33948E-06  1.14244E-01 
1.84000E+01 1.19998E-01  3.47312E-06  1.19262E-01 
1.85000E+01 1.24998E-01  3.61093E-06  1.24268E-01 
1.86000E+01 1.29998E-01  3.74791E-06  1.29259E-01 
1.87000E+01 1.34998E-01  3.88818E-06  1.34255E-01 
1.88000E+01 1.39998E-01  4.02654E-06  1.39263E-01 
1.89000E+01 1.44998E-01  4.16981E-06  1.44258E-01 
1.90000E+01 1.49998E-01  4.31384E-06  1.49258E-01 
1.91000E+01 1.54998E-01  4.45965E-06  1.54276E-01 
1.92000E+01 1.59998E-01  4.60586E-06  1.59292E-01 
1.93000E+01 1.64998E-01  4.75633E-06  1.64287E-01 
1.94000E+01 1.69998E-01  4.90666E-06  1.69293E-01 
1.95000E+01 1.74998E-01  5.06000E-06  1.74292E-01 
1.96000E+01 1.79998E-01  5.21401E-06  1.79299E-01 
1.97000E+01 1.84998E-01  5.37150E-06  1.84298E-01 
1.98000E+01 1.89998E-01  5.53132E-06  1.89284E-01 
1.99000E+01 1.94998E-01  5.69345E-06  1.94299E-01 
1.99999E+01 1.99997E-01  5.85793E-06  1.99296E-01 
2.00999E+01 2.04997E-01  6.02593E-06  2.04305E-01 
2.01999E+01 2.09997E-01  6.19593E-06  2.09307E-01 
2.02999E+01 2.14997E-01  6.36921E-06  2.14288E-01 
2.03999E+01 2.19997E-01  6.54493E-06  2.19314E-01 
2.04999E+01 2.24997E-01  6.72331E-06  2.24308E-01 
2.05999E+01 2.29997E-01  6.90385E-06  2.29294E-01 
2.06999E+01 2.34997E-01  7.08893E-06  2.34299E-01 
2.07999E+01 2.39997E-01  7.27518E-06  2.39313E-01 
2.08999E+01 2.44997E-01  7.46635E-06  2.44300E-01 
2.09999E+01 2.49997E-01  7.65804E-06  2.49293E-01 
2.10999E+01 2.54997E-01  7.85373E-06  2.54293E-01 
2.11999E+01 2.59997E-01  8.05376E-06  2.59340E-01 
2.12999E+01 2.64997E-01  8.25694E-06  2.64320E-01 
2.13999E+01 2.69997E-01  8.46379E-06  2.69323E-01 
2.14999E+01 2.74997E-01  8.67136E-06  2.74312E-01 
2.15999E+01 2.79997E-01  8.88366E-06  2.79335E-01 
2.16999E+01 2.84997E-01  9.09952E-06  2.84329E-01 
2.17999E+01 2.89997E-01  9.31748E-06  2.89325E-01 
2.18999E+01 2.94997E-01  9.54081E-06  2.94329E-01 
2.19999E+01 2.99997E-01  9.76761E-06  2.99325E-01 
2.20999E+01 3.04997E-01  9.99737E-06  3.04358E-01 
2.21999E+01 3.09997E-01  1.02316E-05  3.09356E-01 
2.22999E+01 3.14997E-01  1.04707E-05  3.14357E-01 
2.23999E+01 3.19997E-01  1.07159E-05  3.19365E-01 
2.24999E+01 3.24997E-01  1.09652E-05  3.24345E-01 
2.25999E+01 3.29997E-01  1.12199E-05  3.29370E-01 
2.26999E+01 3.34997E-01  1.14818E-05  3.34398E-01 
2.27999E+01 3.39997E-01  1.17437E-05  3.39387E-01 
2.28999E+01 3.44997E-01  1.20178E-05  3.44412E-01 
2.29999E+01 3.49997E-01  1.22940E-05  3.49404E-01 
2.30999E+01 3.54997E-01  1.25794E-05  3.54425E-01 
2.31999E+01 3.59997E-01  1.28667E-05  3.59406E-01 
2.32999E+01 3.64997E-01  1.31650E-05  3.64419E-01 
2.33999E+01 3.69997E-01  1.34657E-05  3.69427E-01 
2.34999E+01 3.74997E-01  1.37772E-05  3.74434E-01 
2.35999E+01 3.79997E-01  1.40909E-05  3.79441E-01 
2.36999E+01 3.84997E-01  1.44138E-05  3.84434E-01 
2.37999E+01 3.89997E-01  1.47456E-05  3.89440E-01 
2.38999E+01 3.94997E-01  1.50847E-05  3.94449E-01 
2.39999E+01 3.99997E-01  1.54289E-05  3.99440E-01 
2.40999E+01 4.04997E-01  1.57800E-05  4.04442E-01 
2.41999E+01 4.09997E-01  1.61362E-05  4.09450E-01 
2.42999E+01 4.14997E-01  1.65036E-05  4.14457E-01 
2.43999E+01 4.19997E-01  1.68761E-05  4.19450E-01 
2.44999E+01 4.24997E-01  1.72588E-05  4.24459E-01 
2.45999E+01 4.29997E-01  1.76448E-05  4.29447E-01 
2.46999E+01 4.34997E-01  1.80416E-05  4.34474E-01 
2.47999E+01 4.39997E-01  1.84396E-05  4.39463E-01 
2.48999E+01 4.44997E-01  1.88488E-05  4.44451E-01 
2.49999E+01 4.49997E-01  1.92621E-05  4.49457E-01 
2.50999E+01 4.54997E-01  1.96818E-05  4.54467E-01 
2.51999E+01 4.59997E-01  2.01081E-05  4.59467E-01 
2.52999E+01 4.64997E-01  2.05461E-05  4.64485E-01 
2.53999E+01 4.69997E-01  2.09845E-05  4.69503E-01 
2.54999E+01 4.74997E-01  2.14698E-05  4.74492E-01 
2.55999E+01 4.79997E-01  2.19159E-05  4.79478E-01 
2.56999E+01 4.84997E-01  2.23726E-05  4.84498E-01 
2.57999E+01 4.89997E-01  2.28366E-05  4.89510E-01 
2.58999E+01 4.94997E-01  2.33015E-05  4.94505E-01 
2.59999E+01 4.99997E-01  2.37738E-05  4.99488E-01 
2.60999E+01 5.04997E-01  2.42456E-05  5.04497E-01 
2.61999E+01 5.09997E-01  2.47217E-05  5.09504E-01 
2.62999E+01 5.14997E-01  2.52018E-05  5.14495E-01 
2.63999E+01 5.19997E-01  2.56858E-05  5.19497E-01 
2.64999E+01 5.24997E-01  2.61749E-05  5.24506E-01 
2.65999E+01 5.29997E-01  2.66630E-05  5.29501E-01 
2.66999E+01 5.34997E-01  2.71559E-05  5.34533E-01 
2.67999E+01 5.39997E-01  2.76467E-05  5.39512E-01 
2.68999E+01 5.44997E-01  2.81429E-05  5.44525E-01 
2.69999E+01 5.49997E-01  2.86372E-05  5.49507E-01 
2.70999E+01 5.54997E-01  2.91352E-05  5.54548E-01 
2.71999E+01 5.59997E-01  2.96321E-05  5.59543E-01 
2.72999E+01 5.64997E-01  3.01303E-05  5.64521E-01 
2.73999E+01 5.69997E-01  3.06273E-05  5.69526E-01 
2.74999E+01 5.74997E-01  3.11257E-05  5.74559E-01 
2.75999E+01 5.79997E-01  3.16224E-05  5.79554E-01 
2.76999E+01 5.84997E-01  3.21207E-05  5.84527E-01 
2.77999E+01 5.89997E-01  3.26160E-05  5.89535E-01 
2.78999E+01 5.94997E-01  3.31138E-05  5.94560E-01 
2.79999E+01 5.99996E-01  3.36097E-05  5.99541E-01 
2.80999E+01 6.04996E-01  3.41033E-05  6.04534E-01 
2.81999E+01 6.09996E-01  3.45930E-05  6.09566E-01 
2.82999E+01 6.14996E-01  3.50833E-05  6.14578E-01 
2.83999E+01 6.19996E-01  3.55701E-05  6.19551E-01 
2.84999E+01 6.24996E-01  3.60566E-05  6.24561E-01 
2.85999E+01 6.29996E-01  3.65411E-05  6.29584E-01 
2.86999E+01 6.34996E-01  3.70263E-05  6.34597E-01 
2.87999E+01 6.39996E-01  3.75060E-05  6.39600E-01 
2.88999E+01 6.44996E-01  3.79881E-05  6.44598E-01 
2.89999E+01 6.49996E-01  3.84684E-05  6.49596E-01 
2.90999E+01 6.54996E-01  3.89418E-05  6.54600E-01 
2.91999E+01 6.59996E-01  3.94144E-05  6.59607E-01 
2.92999E+01 6.64996E-01  3.98843E-05  6.64587E-01 
2.93999E+01 6.69996E-01  4.03485E-05  6.69608E-01 
2.94999E+01 6.74996E-01  4.08155E-05  6.74605E-01 
2.95999E+01 6.79996E-01  4.12761E-05  6.79628E-01 
2.96999E+01 6.84996E-01  4.17412E-05  6.84611E-01 
2.97999E+01 6.89996E-01  4.21966E-05  6.89612E-01 
2.98999E+01 6.94996E-01  4.26602E-05  6.94604E-01 
2.99999E+01 6.99996E-01  4.31098E-05  6.99617E-01 
3.00999E+01 7.04996E-01  4.35647E-05  7.04628E-01 
3.01999E+01 7.09996E-01  4.40118E-05  7.09607E-01 
3.02999E+01 7.14996E-01  4.44643E-05  7.14651E-01 
3.03999E+01 7.19996E-01  4.49066E-05  7.19633E-01 
3.04999E+01 7.24996E-01  4.53500E-05  7.24641E-01 
3.05999E+01 7.29996E-01  4.57868E-05  7.29628E-01 
3.06999E+01 7.34996E-01  4.62289E-05  7.34638E-01 
3.07999E+01 7.39996E-01  4.66588E-05  7.39632E-01 
3.08999E+01 7.44996E-01  4.70968E-05  7.44635E-01 
3.09999E+01 7.49996E-01  4.75215E-05  7.49616E-01 
3.10999E+01 7.54996E-01  4.79477E-05  7.54627E-01 
3.11999E+01 7.59996E-01  4.83695E-05  7.59646E-01 
3.12999E+01 7.64996E-01  4.87873E-05  7.64679E-01 
3.13999E+01 7.69996E-01  4.91982E-05  7.69664E-01 
3.14999E+01 7.74996E-01  4.96108E-05  7.74654E-01 
3.15999E+01 7.79996E-01  5.00212E-05  7.79659E-01 
3.16999E+01 7.84996E-01  5.04266E-05  7.84673E-01 
3.17999E+01 7.89996E-01  5.08290E-05  7.89687E-01 
3.18999E+01 7.94996E-01  5.12201E-05  7.94703E-01 
3.19999E+01 7.99996E-01  5.16158E-05  7.99690E-01 
3.20999E+01 8.04996E-01  5.20023E-05  8.04692E-01 
3.21999E+01 8.09996E-01  5.23856E-05  8.09702E-01 
3.22999E+01 8.14996E-01  5.27633E-05  8.14680E-01 
3.23999E+01 8.19996E-01  5.31356E-05  8.19707E-01 
3.24999E+01 8.24996E-01  5.35054E-05  8.24693E-01 
3.25999E+01 8.29996E-01  5.38677E-05  8.29719E-01 
3.26999E+01 8.34996E-01  5.42302E-05  8.34710E-01 
3.27999E+01 8.39996E-01  5.45781E-05  8.39705E-01 
3.28999E+01 8.44996E-01  5.49370E-05  8.44708E-01 
3.29999E+01 8.49996E-01  5.52844E-05  8.49706E-01 
3.30999E+01 8.54996E-01  5.56369E-05  8.54724E-01 
3.31999E+01 8.59996E-01  5.59863E-05  8.59720E-01 
3.32999E+01 8.64996E-01  5.63368E-05  8.64728E-01 
3.33999E+01 8.69996E-01  5.66861E-05  8.69717E-01 
3.34999E+01 8.74996E-01  5.70383E-05  8.74734E-01 
3.35999E+01 8.79996E-01  5.73890E-05  8.79736E-01 
3.36999E+01 8.84996E-01  5.77422E-05  8.84739E-01 
3.37999E+01 8.89996E-01  5.80948E-05  8.89707E-01 
3.38999E+01 8.94996E-01  5.84601E-05  8.94743E-01 
3.39999E+01 8.99996E-01  5.88226E-05  8.99767E-01 
3.40999E+01 9.04996E-01  5.91887E-05  9.04747E-01 
3.41999E+01 9.09996E-01  5.95476E-05  9.09749E-01 
3.42999E+01 9.14996E-01  5.99223E-05  9.14756E-01 
3.43999E+01 9.19996E-01  6.02996E-05  9.19771E-01 
3.44999E+01 9.24996E-01  6.06892E-05  9.24759E-01 
3.45999E+01 9.29996E-01  6.10739E-05  9.29738E-01 
3.46999E+01 9.34996E-01  6.14758E-05  9.34754E-01 
3.47999E+01 9.39996E-01  6.18734E-05  9.39764E-01 
3.48999E+01 9.44996E-01  6.22820E-05  9.44792E-01 
3.49999E+01 9.49996E-01  6.26939E-05  9.49755E-01 
3.50999E+01 9.54996E-01  6.31101E-05  9.54767E-01 
3.51999E+01 9.59996E-01  6.35201E-05  9.59776E-01 
3.52999E+01 9.64996E-01  6.39403E-05  9.64806E-01 
3.53999E+01 9.69996E-01  6.43551E-05  9.69821E-01 
3.54999E+01 9.74996E-01  6.47720E-05  9.74783E-01 
3.55999E+01 9.79996E-01  6.51823E-05  9.79794E-01 
3.56999E+01 9.84996E-01  6.55895E-05  9.84782E-01 
3.57999E+01 9.89996E-01  6.59832E-05  9.89830E-01 
3.58999E+01 9.94996E-01  6.63704E-05  9.94786E-01 
3.59999E+01 9.99995E-01  6.67535E-05  9.99787E-01 
3.60999E+01 1.00500E+00  6.71314E-05  1.00479E+00 
3.61999E+01 1.01000E+00  6.74832E-05  1.00979E+00 
3.62999E+01 1.01500E+00  6.78265E-05  1.01482E+00 
3.63999E+01 1.02000E+00  6.81595E-05  1.01981E+00 
3.64999E+01 1.02500E+00  6.84902E-05  1.02482E+00 
3.65999E+01 1.03000E+00  6.88123E-05  1.02983E+00 
3.66999E+01 1.03500E+00  6.91382E-05  1.03482E+00 
3.67999E+01 1.04000E+00  6.94536E-05  1.03980E+00 
3.68999E+01 1.04500E+00  6.97783E-05  1.04481E+00 
3.69999E+01 1.05000E+00  7.00956E-05  1.04981E+00 
3.70999E+01 1.05500E+00  7.04192E-05  1.05481E+00 
3.71999E+01 1.06000E+00  7.07476E-05  1.05983E+00 
3.72999E+01 1.06500E+00  7.10742E-05  1.06482E+00 
3.73999E+01 1.07000E+00  7.14055E-05  1.06982E+00 
3.74999E+01 1.07500E+00  7.17463E-05  1.07485E+00 
3.75999E+01 1.08000E+00  7.20959E-05  1.07984E+00 
3.76999E+01 1.08500E+00  7.24525E-05  1.08482E+00 
3.77999E+01 1.09000E+00  7.28112E-05  1.08984E+00 
3.78999E+01 1.09500E+00  7.31893E-05  1.09485E+00 
3.79999E+01 1.10000E+00  7.35780E-05  1.09984E+00 
3.80999E+01 1.10500E+00  7.39844E-05  1.10484E+00 
3.81999E+01 1.11000E+00  7.43961E-05  1.10984E+00 
3.82999E+01 1.11500E+00  7.48201E-05  1.11486E+00 
3.83999E+01 1.12000E+00  7.52598E-05  1.11985E+00 
3.84999E+01 1.12500E+00  7.57210E-05  1.12489E+00 
3.85999E+01 1.13000E+00  7.61938E-05  1.12989E+00 
3.86999E+01 1.13500E+00  7.67109E-05  1.13489E+00 
3.87999E+01 1.14000E+00  7.71845E-05  1.13989E+00 
3.88999E+01 1.14500E+00  7.77149E-05  1.14489E+00 
3.89999E+01 1.15000E+00  7.82369E-05  1.14990E+00 
3.90999E+01 1.15500E+00  7.87873E-05  1.15491E+00 
3.91999E+01 1.16000E+00  7.93571E-05  1.15991E+00 
3.92999E+01 1.16500E+00  7.99469E-05  1.16491E+00 
3.93999E+01 1.17000E+00  8.05405E-05  1.16992E+00 
3.94999E+01 1.17500E+00  8.11527E-05  1.17491E+00 
3.95999E+01 1.18000E+00  8.17757E-05  1.17991E+00 
3.96999E+01 1.18500E+00  8.24281E-05  1.18492E+00 
3.97999E+01 1.19000E+00  8.30895E-05  1.18992E+00 
3.98999E+01 1.19500E+00  8.37786E-05  1.19490E+00 
3.99999E+01 1.19999E+00  8.44830E-05  1.19992E+00 
4.00999E+01 1.20499E+00  8.52230E-05  1.20492E+00 
4.01999E+01 1.20999E+00  8.59812E-05  1.20992E+00 
4.02999E+01 1.21499E+00  8.67698E-05  1.21494E+00 
4.03999E+01 1.21999E+00  8.76130E-05  1.21993E+00 
4.04999E+01 1.22499E+00  8.84188E-05  1.22495E+00 
4.05999E+01 1.22999E+00  8.93675E-05  1.22994E+00 
4.06999E+01 1.23499E+00  9.03653E-05  1.23496E+00 
4.07999E+01 1.23999E+00  9.12559E-05  1.23994E+00 
4.08999E+01 1.24499E+00  9.19684E-05  1.24494E+00 
4.09999E+01 1.24999E+00  9.27444E-05  1.24995E+00 
4.10999E+01 1.25499E+00  9.36043E-05  1.25496E+00 
4.11999E+01 1.25999E+00  9.44889E-05  1.25994E+00 
4.12999E+01 1.26499E+00  9.53897E-05  1.26496E+00 
4.13999E+01 1.26999E+00  9.63080E-05  1.26997E+00 
4.14999E+01 1.27499E+00  9.72202E-05  1.27498E+00 
4.15999E+01 1.27999E+00  9.81527E-05  1.27996E+00 
4.16999E+01 1.28499E+00  9.94627E-05  1.28496E+00 
4.17999E+01 1.28999E+00  1.00025E-04  1.28998E+00 
4.18999E+01 1.29499E+00  1.00951E-04  1.29499E+00 
4.19999E+01 1.29999E+00  1.01904E-04  1.29998E+00 
4.20999E+01 1.30499E+00  1.02941E-04  1.30497E+00 
4.21999E+01 1.30999E+00  1.03925E-04  1.30999E+00 
4.22999E+01 1.31499E+00  1.04961E-04  1.31499E+00 
4.23999E+01 1.31999E+00  1.06028E-04  1.31998E+00 
4.24999E+01 1.32499E+00  1.06965E-04  1.32496E+00 
4.25999E+01 1.32999E+00  1.08006E-04  1.32998E+00 
4.26999E+01 1.33499E+00  1.09057E-04  1.33499E+00 
4.27999E+01 1.33999E+00  1.10119E-04  1.34000E+00 
4.28999E+01 1.34499E+00  1.11288E-04  1.34498E+00 
4.29999E+01 1.34999E+00  1.12329E-04  1.34996E+00 
4.30999E+01 1.35499E+00  1.13397E-04  1.35497E+00 
4.31999E+01 1.35999E+00  1.14501E-04  1.35998E+00 
4.32999E+01 1.36499E+00  1.15675E-04  1.36501E+00 
4.33999E+01 1.36999E+00  1.16976E-04  1.37000E+00 
4.34999E+01 1.37499E+00  1.18402E-04  1.37501E+00 
4.35999E+01 1.37999E+00  1.19509E-04  1.38000E+00 
4.36999E+01 1.38499E+00  1.20445E-04  1.38500E+00 
4.37999E+01 1.38999E+00  1.21495E-04  1.39000E+00 
4.38999E+01 1.39499E+00  1.22642E-04  1.39500E+00 
4.39999E+01 1.39999E+00  1.23803E-04  1.40002E+00 
4.40999E+01 1.40499E+00  1.24897E-04  1.40501E+00 
4.41999E+01 1.40999E+00  1.26099E-04  1.41000E+00 
4.42999E+01 1.41499E+00  1.27296E-04  1.41501E+00 
4.43999E+01 1.41999E+00  1.28522E-04  1.42002E+00 
4.44999E+01 1.42499E+00  1.29647E-04  1.42505E+00 
4.45999E+01 1.42999E+00  1.30789E-04  1.43003E+00 
4.46999E+01 1.43499E+00  1.31922E-04  1.43505E+00 
4.47999E+01 1.43999E+00  1.33101E-04  1.44006E+00 
4.48999E+01 1.44499E+00  1.34355E-04  1.44507E+00 
4.49999E+01 1.44999E+00  1.35540E-04  1.45010E+00 
4.50999E+01 1.45499E+00  1.36761E-04  1.45508E+00 
4.51999E+01 1.45999E+00  1.38017E-04  1.46007E+00 
4.52999E+01 1.46499E+00  1.39361E-04  1.46508E+00 
4.53999E+01 1.46999E+00  1.40651E-04  1.47010E+00 
4.54999E+01 1.47499E+00  1.42021E-04  1.47509E+00 
4.55999E+01 1.47999E+00  1.43453E-04  1.48007E+00 
4.56999E+01 1.48499E+00  1.44901E-04  1.48508E+00 
4.57999E+01 1.48999E+00  1.46391E-04  1.49008E+00 
4.58999E+01 1.49499E+00  1.47937E-04  1.49512E+00 
4.59999E+01 1.49999E+00  1.49507E-04  1.50013E+00 
4.60999E+01 1.50499E+00  1.51038E-04  1.50510E+00 
4.61999E+01 1.50999E+00  1.52664E-04  1.51009E+00 
4.62999E+01 1.51499E+00  1.54320E-04  1.51511E+00 
4.63999E+01 1.51999E+00  1.55960E-04  1.52009E+00 
4.64999E+01 1.52499E+00  1.57720E-04  1.52510E+00 
4.65999E+01 1.52999E+00  1.59390E-04  1.53013E+00 
4.66999E+01 1.53499E+00  1.61163E-04  1.53511E+00 
4.67999E+01 1.53999E+00  1.62918E-04  1.54010E+00 
4.68999E+01 1.54499E+00  1.64719E-04  1.54510E+00 
4.69999E+01 1.54999E+00  1.66525E-04  1.55011E+00 
4.70999E+01 1.55499E+00  1.68622E-04  1.55513E+00 
4.71999E+01 1.55999E+00  1.70363E-04  1.56013E+00 
4.72999E+01 1.56499E+00  1.72104E-04  1.56513E+00 
4.73999E+01 1.56999E+00  1.74012E-04  1.57013E+00 
4.74999E+01 1.57499E+00  1.75904E-04  1.57514E+00 
4.75999E+01 1.57999E+00  1.77829E-04  1.58014E+00 
4.76999E+01 1.58499E+00  1.79766E-04  1.58516E+00 
4.77999E+01 1.58999E+00  1.81831E-04  1.59013E+00 
4.78999E+01 1.59499E+00  1.83878E-04  1.59514E+00 
4.79999E+01 1.59999E+00  1.85965E-04  1.60016E+00 
4.80999E+01 1.60499E+00  1.88131E-04  1.60517E+00 
4.81999E+01 1.60999E+00  1.90501E-04  1.61018E+00 
4.82999E+01 1.61499E+00  1.92575E-04  1.61518E+00 
4.83999E+01 1.61999E+00  1.94829E-04  1.62017E+00 
4.84999E+01 1.62499E+00  1.97189E-04  1.62518E+00 
4.85999E+01 1.62999E+00  1.99753E-04  1.63019E+00 
4.86999E+01 1.63499E+00  2.02347E-04  1.63518E+00 
4.87999E+01 1.63999E+00  2.04860E-04  1.64020E+00 
4.88999E+01 1.64499E+00  2.07411E-04  1.64519E+00 
4.89999E+01 1.64999E+00  2.09932E-04  1.65019E+00 
4.90999E+01 1.65499E+00  2.12946E-04  1.65520E+00 
4.91999E+01 1.65999E+00  2.15599E-04  1.66019E+00 
4.92999E+01 1.66499E+00  2.18405E-04  1.66521E+00 
4.93999E+01 1.66999E+00  2.21202E-04  1.67021E+00 
4.94999E+01 1.67499E+00  2.24066E-04  1.67521E+00 
4.95999E+01 1.67999E+00  2.27204E-04  1.68019E+00 
4.96999E+01 1.68499E+00  2.30055E-04  1.68521E+00 
4.97999E+01 1.68999E+00  2.32966E-04  1.69023E+00 
4.98999E+01 1.69499E+00  2.35965E-04  1.69522E+00 
4.99999E+01 1.69999E+00  2.39007E-04  1.70022E+00 
5.00999E+01 1.70499E+00  2.42076E-04  1.70521E+00 
5.01999E+01 1.70999E+00  2.45114E-04  1.71023E+00 
5.02999E+01 1.71499E+00  2.48307E-04  1.71523E+00 
5.03999E+01 1.71999E+00  2.51441E-04  1.72022E+00 
5.04999E+01 1.72499E+00  2.54627E-04  1.72521E+00 
5.05999E+01 1.72999E+00  2.57819E-04  1.73024E+00 
5.06999E+01 1.73499E+00  2.61025E-04  1.73524E+00 
5.07999E+01 1.73999E+00  2.64219E-04  1.74023E+00 
5.08999E+01 1.74499E+00  2.67450E-04  1.74526E+00 
5.09999E+01 1.74999E+00  2.70805E-04  1.75026E+00 
5.10999E+01 1.75499E+00  2.73967E-04  1.75527E+00 
5.11999E+01 1.75999E+00  2.77135E-04  1.76030E+00 
5.12999E+01 1.76499E+00  2.80295E-04  1.76530E+00 
5.13999E+01 1.76999E+00  2.83493E-04  1.77030E+00 
5.14999E+01 1.77499E+00  2.86773E-04  1.77528E+00 
5.15999E+01 1.77999E+00  2.90161E-04  1.78030E+00 
5.16999E+01 1.78499E+00  2.93393E-04  1.78531E+00 
5.17999E+01 1.78999E+00  2.96426E-04  1.79031E+00 
5.18999E+01 1.79499E+00  2.99610E-04  1.79530E+00 
5.19999E+01 1.79999E+00  3.03028E-04  1.80031E+00 
5.20999E+01 1.79499E+00  2.96827E-04  1.79531E+00 
5.21999E+01 1.78999E+00  2.90418E-04  1.79032E+00 
5.22999E+01 1.78499E+00  2.84593E-04  1.78532E+00 
5.23999E+01 1.77999E+00  2.78572E-04  1.78030E+00 
5.24999E+01 1.77499E+00  2.72805E-04  1.77528E+00 
5.25999E+01 1.76999E+00  2.67421E-04  1.77028E+00 
5.26999E+01 1.76499E+00  2.61955E-04  1.76530E+00 
5.27999E+01 1.75999E+00  2.56412E-04  1.76028E+00 
5.28999E+01 1.75499E+00  2.51439E-04  1.75526E+00 
5.29999E+01 1.74999E+00  2.46342E-04  1.75025E+00 
5.30999E+01 1.74499E+00  2.41189E-04  1.74526E+00 
5.31999E+01 1.73999E+00  2.36488E-04  1.74023E+00 
5.32999E+01 1.73499E+00  2.32282E-04  1.73522E+00 
5.33999E+01 1.72999E+00  2.27550E-04  1.73024E+00 
5.34999E+01 1.72499E+00  2.23290E-04  1.72521E+00 
5.35999E+01 1.71999E+00  2.18591E-04  1.72021E+00 
5.36999E+01 1.71499E+00  2.13850E-04  1.71520E+00 
5.37999E+01 1.70999E+00  2.09518E-04  1.71022E+00 
5.38999E+01 1.70499E+00  2.05081E-04  1.70520E+00 
5.39999E+01 1.69999E+00  2.00130E-04  1.70019E+00 
5.40999E+01 1.69499E+00  1.96036E-04  1.69522E+00 
5.41999E+01 1.68999E+00  1.91689E-04  1.69020E+00 
5.42999E+01 1.68499E+00  1.87383E-04  1.68521E+00 
5.43999E+01 1.67999E+00  1.83345E-04  1.68017E+00 
5.44999E+01 1.67499E+00  1.79574E-04  1.67521E+00 
5.45999E+01 1.66999E+00  1.75674E-04  1.67020E+00 
5.46999E+01 1.66499E+00  1.72228E-04  1.66519E+00 
5.47999E+01 1.65999E+00  1.68671E-04  1.66020E+00 
5.48999E+01 1.65499E+00  1.65057E-04  1.65519E+00 
5.49999E+01 1.64999E+00  1.61293E-04  1.65021E+00 
5.50999E+01 1.64499E+00  1.57024E-04  1.64518E+00 
5.51999E+01 1.63999E+00  1.53524E-04  1.64018E+00 
5.52999E+01 1.63499E+00  1.50498E-04  1.63517E+00 
5.53999E+01 1.62999E+00  1.47310E-04  1.63019E+00 
5.54999E+01 1.62499E+00  1.43905E-04  1.62520E+00 
5.55999E+01 1.61999E+00  1.40586E-04  1.62019E+00 
5.56999E+01 1.61499E+00  1.37439E-04  1.61517E+00 
5.57999E+01 1.60999E+00  1.34356E-04  1.61017E+00 
5.58999E+01 1.60499E+00  1.31462E-04  1.60516E+00 
5.59999E+01 1.59999E+00  1.28629E-04  1.60015E+00 
5.60999E+01 1.59499E+00  1.26034E-04  1.59514E+00 
5.61999E+01 1.58999E+00  1.23331E-04  1.59012E+00 
5.62999E+01 1.58499E+00  1.20628E-04  1.58515E+00 
5.63999E+01 1.57999E+00  1.17932E-04  1.58012E+00 
5.64999E+01 1.57499E+00  1.15350E-04  1.57514E+00 
5.65999E+01 1.56999E+00  1.12846E-04  1.57012E+00 
5.66999E+01 1.56499E+00  1.10498E-04  1.56512E+00 
5.67999E+01 1.55999E+00  1.08098E-04  1.56014E+00 
5.68999E+01 1.55499E+00  1.05807E-04  1.55516E+00 
5.69999E+01 1.54999E+00  1.03548E-04  1.55014E+00 
5.70999E+01 1.54499E+00  1.01679E-04  1.54514E+00 
5.71999E+01 1.53999E+00  9.96959E-05  1.54014E+00 
5.72999E+01 1.53499E+00  9.77410E-05  1.53514E+00 
5.73999E+01 1.52999E+00  9.56861E-05  1.53013E+00 
5.74999E+01 1.52499E+00  9.35541E-05  1.52511E+00 
5.75999E+01 1.51999E+00  9.16059E-05  1.52014E+00 
5.76999E+01 1.51499E+00  8.97487E-05  1.51513E+00 
5.77999E+01 1.50999E+00  8.77348E-05  1.51012E+00 
5.78999E+01 1.50499E+00  8.58348E-05  1.50511E+00 
5.79999E+01 1.49999E+00  8.40493E-05  1.50013E+00 
5.80999E+01 1.49499E+00  8.23805E-05  1.49511E+00 
5.81999E+01 1.48999E+00  8.07552E-05  1.49011E+00 
5.82999E+01 1.48499E+00  7.93319E-05  1.48510E+00 
5.83999E+01 1.47999E+00  7.78113E-05  1.48010E+00 
5.84999E+01 1.47499E+00  7.64490E-05  1.47511E+00 
5.85999E+01 1.46999E+00  7.50203E-05  1.47011E+00 
5.86999E+01 1.46499E+00  7.34202E-05  1.46509E+00 
5.87999E+01 1.45999E+00  7.20080E-05  1.46009E+00 
5.88999E+01 1.45499E+00  7.06073E-05  1.45510E+00 
5.89999E+01 1.44999E+00  6.93230E-05  1.45010E+00 
5.90999E+01 1.44499E+00  6.80520E-05  1.44507E+00 
5.91999E+01 1.43999E+00  6.68276E-05  1.44007E+00 
5.92999E+01 1.43499E+00  6.57612E-05  1.43507E+00 
5.93999E+01 1.42999E+00  6.45317E-05  1.43005E+00 
5.94999E+01 1.42499E+00  6.33978E-05  1.42504E+00 
5.95999E+01 1.41999E+00  6.23231E-05  1.42004E+00 
5.96999E+01 1.41499E+00  6.12987E-05  1.41504E+00 
5.97999E+01 1.40999E+00  6.02021E-05  1.41001E+00 
5.98999E+01 1.40499E+00  5.92558E-05  1.40504E+00 
5.99998E+01 1.39999E+00  5.83181E-05  1.40004E+00 
6.00998E+01 1.39499E+00  5.73959E-05  1.39502E+00 
6.01998E+01 1.38999E+00  5.64929E-05  1.39000E+00 
6.02998E+01 1.38499E+00  5.55819E-05  1.38500E+00 
6.03998E+01 1.37999E+00  5.47801E-05  1.38000E+00 
6.04998E+01 1.37499E+00  5.39548E-05  1.37501E+00 
6.05998E+01 1.36999E+00  5.32129E-05  1.37000E+00 
6.06998E+01 1.36499E+00  5.25058E-05  1.36499E+00 
6.07998E+01 1.35999E+00  5.17545E-05  1.36002E+00 
6.08998E+01 1.35499E+00  5.09642E-05  1.35500E+00 
6.09998E+01 1.34999E+00  5.01906E-05  1.34998E+00 
6.10998E+01 1.34499E+00  4.94440E-05  1.34499E+00 
6.11998E+01 1.33999E+00  4.87574E-05  1.33999E+00 
6.12998E+01 1.33499E+00  4.80598E-05  1.33497E+00 
6.13998E+01 1.32999E+00  4.73764E-05  1.32997E+00 
6.14998E+01 1.32499E+00  4.67178E-05  1.32497E+00 
6.15998E+01 1.31999E+00  4.61194E-05  1.31998E+00 
6.16998E+01 1.31499E+00  4.55082E-05  1.31500E+00 
6.17998E+01 1.30999E+00  4.48988E-05  1.30998E+00 
6.18998E+01 1.30499E+00  4.45555E-05  1.30498E+00 
6.19998E+01 1.29999E+00  4.39558E-05  1.29997E+00 
6.20998E+01 1.29499E+00  4.33197E-05  1.29499E+00 
6.21998E+01 1.28999E+00  4.27395E-05  1.28996E+00 
6.22998E+01 1.28499E+00  4.21133E-05  1.28497E+00 
6.23998E+01 1.27999E+00  4.15634E-05  1.27995E+00 
6.24998E+01 1.27499E+00  4.10279E-05  1.27497E+00 
6.25998E+01 1.26999E+00  4.05225E-05  1.26995E+00 
6.26998E+01 1.26499E+00  4.00382E-05  1.26495E+00 
6.27998E+01 1.25999E+00  3.92834E-05  1.25995E+00 
6.28998E+01 1.25499E+00  3.87606E-05  1.25495E+00 
6.29998E+01 1.24999E+00  3.82609E-05  1.24995E+00 
6.30998E+01 1.24499E+00  3.77659E-05  1.24495E+00 
6.31998E+01 1.23999E+00  3.72903E-05  1.23994E+00 
6.32998E+01 1.23499E+00  3.68618E-05  1.23495E+00 
6.33998E+01 1.22999E+00  3.64001E-05  1.22994E+00 
6.34998E+01 1.22499E+00  3.59447E-05  1.22493E+00 
6.35998E+01 1.21999E+00  3.55441E-05  1.21993E+00 
6.36998E+01 1.21499E+00  3.51838E-05  1.21492E+00 
6.37998E+01 1.20999E+00  3.48123E-05  1.20994E+00 
6.38998E+01 1.20499E+00  3.44487E-05  1.20493E+00 
6.39998E+01 1.19999E+00  3.42355E-05  1.19991E+00 
6.40998E+01 1.19500E+00  3.41291E-05  1.19492E+00 
6.41998E+01 1.19000E+00  3.42859E-05  1.18992E+00 
6.42998E+01 1.18500E+00  3.38529E-05  1.18491E+00 
6.43998E+01 1.18000E+00  3.33977E-05  1.17991E+00 
6.44998E+01 1.17500E+00  3.30145E-05  1.17492E+00 
6.45998E+01 1.17000E+00  3.26765E-05  1.16991E+00 
6.46998E+01 1.16500E+00  3.28664E-05  1.16491E+00 
6.47998E+01 1.16000E+00  3.31639E-05  1.15991E+00 
6.48998E+01 1.15500E+00  3.27542E-05  1.15490E+00 
6.49998E+01 1.15000E+00  3.20379E-05  1.14989E+00 
6.50998E+01 1.14500E+00  3.12581E-05  1.14489E+00 
6.51998E+01 1.14000E+00  3.05339E-05  1.13986E+00 
6.52998E+01 1.13500E+00  2.98932E-05  1.13489E+00 
6.53998E+01 1.13000E+00  2.93483E-05  1.12988E+00 
6.54998E+01 1.12500E+00  2.88681E-05  1.12489E+00 
6.55998E+01 1.12000E+00  2.84288E-05  1.11990E+00 
6.56998E+01 1.11500E+00  2.80498E-05  1.11487E+00 
6.57998E+01 1.11000E+00  2.76846E-05  1.10986E+00 
6.58998E+01 1.10500E+00  2.73561E-05  1.10485E+00 
6.59998E+01 1.10000E+00  2.70121E-05  1.09983E+00 
6.60998E+01 1.09500E+00  2.66903E-05  1.09486E+00 
6.61998E+01 1.09000E+00  2.64287E-05  1.08986E+00 
6.62998E+01 1.08500E+00  2.61874E-05  1.08483E+00 
6.63998E+01 1.08000E+00  2.58546E-05  1.07983E+00 
6.64998E+01 1.07500E+00  2.55260E-05  1.07484E+00 
6.65998E+01 1.07000E+00  2.53731E-05  1.06985E+00 
6.66998E+01 1.06500E+00  2.49045E-05  1.06483E+00 
6.67998E+01 1.06000E+00  2.45505E-05  1.05984E+00 
6.68998E+01 1.05500E+00  2.42259E-05  1.05484E+00 
6.69998E+01 1.05000E+00  2.38969E-05  1.04984E+00 
6.70998E+01 1.04500E+00  2.36105E-05  1.04481E+00 
6.71998E+01 1.04000E+00  2.33307E-05  1.03982E+00 
6.72998E+01 1.03500E+00  2.30441E-05  1.03483E+00 
6.73998E+01 1.03000E+00  2.27665E-05  1.02982E+00 
6.74998E+01 1.02500E+00  2.24781E-05  1.02482E+00 
6.75998E+01 1.02000E+00  2.21966E-05  1.01981E+00 
6.76998E+01 1.01500E+00  2.19121E-05  1.01482E+00 
6.77998E+01 1.01000E+00  2.16297E-05  1.00983E+00 
6.78998E+01 1.00500E+00  2.13321E-05  1.00482E+00 
6.79998E+01 9.99995E-01  2.10291E-05  9.99812E-01 
6.80998E+01 9.94996E-01  2.07343E-05  9.94802E-01 
6.81998E+01 9.89996E-01  2.04463E-05  9.89816E-01 
6.82998E+01 9.84996E-01  2.01603E-05  9.84792E-01 
6.83998E+01 9.79996E-01  1.98755E-05  9.79797E-01 
6.84998E+01 9.74996E-01  1.95952E-05  9.74798E-01 
6.85998E+01 9.69996E-01  1.93184E-05  9.69814E-01 
6.86998E+01 9.64996E-01  1.90464E-05  9.64798E-01 
6.87998E+01 9.59996E-01  1.87771E-05  9.59791E-01 
6.88998E+01 9.54996E-01  1.85095E-05  9.54800E-01 
6.89998E+01 9.49996E-01  1.82425E-05  9.49792E-01 
6.90998E+01 9.44996E-01  1.79942E-05  9.44783E-01 
6.91998E+01 9.39996E-01  1.77291E-05  9.39783E-01 
6.92998E+01 9.34996E-01  1.74650E-05  9.34770E-01 
6.93998E+01 9.29996E-01  1.71972E-05  9.29748E-01 
6.94998E+01 9.24996E-01  1.69403E-05  9.24755E-01 
6.95998E+01 9.19996E-01  1.66734E-05  9.19756E-01 
6.96998E+01 9.14996E-01  1.64182E-05  9.14782E-01 
6.97998E+01 9.09996E-01  1.61580E-05  9.09761E-01 
6.98998E+01 9.04996E-01  1.58994E-05  9.04746E-01 
6.99998E+01 8.99996E-01  1.56407E-05  8.99748E-01 
7.00998E+01 8.94996E-01  1.53885E-05  8.94750E-01 
7.01998E+01 8.89996E-01  1.51300E-05  8.89736E-01 
7.02998E+01 8.84996E-01  1.48824E-05  8.84742E-01 
7.03998E+01 8.79996E-01  1.46218E-05  8.79737E-01 
7.04998E+01 8.74996E-01  1.43633E-05  8.74738E-01 
7.05998E+01 8.69996E-01  1.40994E-05  8.69720E-01 
7.06998E+01 8.64996E-01  1.38475E-05  8.64723E-01 
7.07998E+01 8.59996E-01  1.35925E-05  8.59717E-01 
7.08998E+01 8.54996E-01  1.33325E-05  8.54721E-01 
7.09998E+01 8.49996E-01  1.30757E-05  8.49708E-01 
7.10998E+01 8.44996E-01  1.28261E-05  8.44708E-01 
7.11998E+01 8.39996E-01  1.25337E-05  8.39710E-01 
7.12998E+01 8.34996E-01  1.22546E-05  8.34726E-01 
7.13998E+01 8.29996E-01  1.20192E-05  8.29704E-01 
7.14998E+01 8.24996E-01  1.17619E-05  8.24693E-01 
7.15998E+01 8.19996E-01  1.15033E-05  8.19684E-01 
7.16998E+01 8.14996E-01  1.12385E-05  8.14713E-01 
7.17998E+01 8.09996E-01  1.09639E-05  8.09689E-01 
7.18998E+01 8.04996E-01  1.06881E-05  8.04692E-01 
7.19998E+01 7.99996E-01  1.04118E-05  7.99701E-01 
7.20998E+01 7.94996E-01  1.01871E-05  7.94695E-01 
7.21998E+01 7.89996E-01  9.91176E-06  7.89689E-01 
7.22998E+01 7.84996E-01  9.67290E-06  7.84679E-01 
7.23998E+01 7.79996E-01  9.43153E-06  7.79679E-01 
7.24998E+01 7.74996E-01  9.15540E-06  7.74642E-01 
7.25998E+01 7.69996E-01  8.86929E-06  7.69655E-01 
7.26998E+01 7.64996E-01  8.64789E-06  7.64650E-01 
7.27998E+01 7.59996E-01  8.40193E-06  7.59672E-01 
7.28998E+01 7.54996E-01  8.13052E-06  7.54656E-01 
7.29998E+01 7.49996E-01  7.86246E-06  7.49640E-01 
7.30998E+01 7.44996E-01  7.59115E-06  7.44647E-01 
7.31998E+01 7.39996E-01  7.30944E-06  7.39662E-01 
7.32998E+01 7.34996E-01  7.01144E-06  7.34659E-01 
7.33998E+01 7.29996E-01  6.75763E-06  7.29622E-01 
7.34998E+01 7.24996E-01  6.45920E-06  7.24622E-01 
7.35998E+01 7.19996E-01  6.16320E-06  7.19637E-01 
7.36998E+01 7.14996E-01  5.87954E-06  7.14629E-01 
7.37998E+01 7.09996E-01  5.58626E-06  7.09615E-01 
7.38998E+01 7.04996E-01  5.30101E-06  7.04637E-01 
7.39998E+01 6.99996E-01  4.99528E-06  6.99630E-01 
7.40998E+01 6.94996E-01  4.72422E-06  6.94608E-01 
7.41998E+01 6.89996E-01  4.40582E-06  6.89608E-01 
7.42998E+01 6.84996E-01  4.11439E-06  6.84603E-01 
7.43998E+01 6.79996E-01  3.81249E-06  6.79604E-01 
7.44998E+01 6.74996E-01  3.52289E-06  6.74616E-01 
7.45998E+01 6.69996E-01  3.21921E-06  6.69597E-01 
7.46998E+01 6.64996E-01  2.86904E-06  6.64612E-01 
7.47998E+01 6.59996E-01  2.60105E-06  6.59636E-01 
7.48998E+01 6.54996E-01  2.29901E-06  6.54613E-01 
7.49998E+01 6.49996E-01  1.99922E-06  6.49587E-01 
7.50998E+01 6.44996E-01  1.69372E-06  6.44591E-01 
7.51998E+01 6.39996E-01  1.39551E-06  6.39610E-01 
7.52998E+01 6.34996E-01  1.08279E-06  6.34592E-01 
7.53998E+01 6.29996E-01  7.64996E-07  6.29571E-01 
7.54998E+01 6.24996E-01  4.59358E-07  6.24565E-01 
7.55998E+01 6.19996E-01  1.40557E-07  6.19578E-01 
7.56998E+01 6.14996E-01  -1.68971E-07 6.14594E-01 
7.57998E+01 6.09996E-01  -4.86314E-07 6.09574E-01 
7.58998E+01 6.04996E-01  -8.00898E-07 6.04552E-01 
7.59998E+01 5.99996E-01  -1.16703E-06 5.99535E-01 
7.60998E+01 5.94997E-01  -1.46960E-06 5.94557E-01 
7.61998E+01 5.89997E-01  -1.78653E-06 5.89540E-01 
7.62998E+01 5.84997E-01  -2.10849E-06 5.84517E-01 
7.63998E+01 5.79997E-01  -2.43320E-06 5.79527E-01 
7.64998E+01 5.74997E-01  -2.73321E-06 5.74534E-01 
7.65998E+01 5.69997E-01  -3.10746E-06 5.69530E-01 
7.66998E+01 5.64997E-01  -3.41167E-06 5.64505E-01 
7.67998E+01 5.59997E-01  -3.77738E-06 5.59540E-01 
7.68998E+01 5.54997E-01  -4.13813E-06 5.54544E-01 
7.69998E+01 5.49997E-01  -4.49306E-06 5.49503E-01 
7.70998E+01 5.44997E-01  -4.85787E-06 5.44525E-01 
7.71998E+01 5.39997E-01  -5.27640E-06 5.39523E-01 
7.72998E+01 5.34997E-01  -5.66116E-06 5.34524E-01 
7.73998E+01 5.29997E-01  -6.04676E-06 5.29516E-01 
7.74998E+01 5.24997E-01  -6.44708E-06 5.24491E-01 
7.75998E+01 5.19997E-01  -6.84878E-06 5.19490E-01 
7.76998E+01 5.14997E-01  -7.24696E-06 5.14505E-01 
7.77998E+01 5.09997E-01  -7.68040E-06 5.09508E-01 
7.78998E+01 5.04997E-01  -8.09575E-06 5.04494E-01 
7.79998E+01 4.99997E-01  -8.52277E-06 4.99480E-01 
7.80998E+01 4.94997E-01  -8.94450E-06 4.94505E-01 
7.81998E+01 4.89997E-01  -9.37832E-06 4.89502E-01 
7.82998E+01 4.84997E-01  -9.81478E-06 4.84484E-01 
7.83998E+01 4.79997E-01  -1.02642E-05 4.79480E-01 
7.84998E+01 4.74997E-01  -1.07095E-05 4.74472E-01 
7.85998E+01 4.69997E-01  -1.11666E-05 4.69466E-01 
7.86998E+01 4.64997E-01  -1.16244E-05 4.64465E-01 
7.87998E+01 4.59997E-01  -1.20901E-05 4.59466E-01 
7.88998E+01 4.54997E-01  -1.25633E-05 4.54443E-01 
7.89998E+01 4.49997E-01  -1.30411E-05 4.49456E-01 
7.90998E+01 4.44997E-01  -1.35242E-05 4.44446E-01 
7.91998E+01 4.39997E-01  -1.40154E-05 4.39459E-01 
7.92998E+01 4.34997E-01  -1.45143E-05 4.34440E-01 
7.93998E+01 4.29997E-01  -1.50258E-05 4.29433E-01 
7.94998E+01 4.24997E-01  -1.55342E-05 4.24444E-01 
7.95998E+01 4.19997E-01  -1.60572E-05 4.19449E-01 
7.96998E+01 4.14997E-01  -1.65872E-05 4.14437E-01 
7.97998E+01 4.09997E-01  -1.71269E-05 4.09425E-01 
7.98998E+01 4.04997E-01  -1.76724E-05 4.04423E-01 
7.99998E+01 3.99997E-01  -1.82248E-05 3.99408E-01 
8.00998E+01 3.94997E-01  -1.87585E-05 3.94434E-01 
8.01998E+01 3.89997E-01  -1.93316E-05 3.89419E-01 
8.02998E+01 3.84997E-01  -1.99094E-05 3.84418E-01 
8.03998E+01 3.79997E-01  -2.04955E-05 3.79413E-01 
8.04998E+01 3.74997E-01  -2.10866E-05 3.74426E-01 
8.05998E+01 3.69997E-01  -2.16865E-05 3.69408E-01 
8.06998E+01 3.64997E-01  -2.22944E-05 3.64406E-01 
8.07998E+01 3.59997E-01  -2.29105E-05 3.59392E-01 
8.08998E+01 3.54997E-01  -2.35320E-05 3.54403E-01 
8.09998E+01 3.49997E-01  -2.41588E-05 3.49417E-01 
8.10998E+01 3.44997E-01  -2.47917E-05 3.44408E-01 
8.11998E+01 3.39997E-01  -2.54350E-05 3.39379E-01 
8.12998E+01 3.34997E-01  -2.60802E-05 3.34388E-01 
8.13998E+01 3.29997E-01  -2.67314E-05 3.29385E-01 
8.14998E+01 3.24997E-01  -2.73857E-05 3.24371E-01 
8.15998E+01 3.19997E-01  -2.80463E-05 3.19387E-01 
8.16998E+01 3.14997E-01  -2.87156E-05 3.14384E-01 
8.17998E+01 3.09997E-01  -2.93869E-05 3.09364E-01 
8.18998E+01 3.04997E-01  -3.00611E-05 3.04355E-01 
8.19998E+01 2.99997E-01  -3.07326E-05 2.99328E-01 
8.20998E+01 2.94997E-01  -3.14197E-05 2.94354E-01 
8.21998E+01 2.89997E-01  -3.21067E-05 2.89349E-01 
8.22998E+01 2.84997E-01  -3.27950E-05 2.84365E-01 
8.23998E+01 2.79997E-01  -3.34865E-05 2.79332E-01 
8.24998E+01 2.74997E-01  -3.41781E-05 2.74339E-01 
8.25998E+01 2.69997E-01  -3.48752E-05 2.69337E-01 
8.26998E+01 2.64997E-01  -3.55716E-05 2.64332E-01 
8.27998E+01 2.59997E-01  -3.62708E-05 2.59333E-01 
8.28998E+01 2.54997E-01  -3.69744E-05 2.54322E-01 
8.29998E+01 2.49997E-01  -3.76765E-05 2.49343E-01 
8.30998E+01 2.44997E-01  -3.83805E-05 2.44332E-01 
8.31998E+01 2.39997E-01  -3.90869E-05 2.39319E-01 
8.32998E+01 2.34997E-01  -3.97907E-05 2.34315E-01 
8.33998E+01 2.29997E-01  -4.04964E-05 2.29320E-01 
8.34998E+01 2.24997E-01  -4.12011E-05 2.24325E-01 
8.35998E+01 2.19997E-01  -4.19107E-05 2.19323E-01 
8.36998E+01 2.14997E-01  -4.26166E-05 2.14310E-01 
8.37998E+01 2.09997E-01  -4.33267E-05 2.09293E-01 
8.38998E+01 2.04997E-01  -4.40309E-05 2.04313E-01 
8.39998E+01 1.99997E-01  -4.47380E-05 1.99303E-01 
8.40998E+01 1.94998E-01  -4.54507E-05 1.94303E-01 
8.41998E+01 1.89998E-01  -4.61585E-05 1.89277E-01 
8.42998E+01 1.84998E-01  -4.68679E-05 1.84300E-01 
8.43998E+01 1.79998E-01  -4.75810E-05 1.79308E-01 
8.44998E+01 1.74998E-01  -4.82914E-05 1.74282E-01 
8.45998E+01 1.69998E-01  -4.90075E-05 1.69281E-01 
8.46998E+01 1.64998E-01  -4.97237E-05 1.64286E-01 
8.47998E+01 1.59998E-01  -5.04451E-05 1.59282E-01 
8.48998E+01 1.54998E-01  -5.11671E-05 1.54280E-01 
8.49998E+01 1.49998E-01  -5.18958E-05 1.49262E-01 
8.50998E+01 1.44998E-01  -5.26288E-05 1.44284E-01 
8.51998E+01 1.39998E-01  -5.33704E-05 1.39272E-01 
8.52998E+01 1.34998E-01  -5.41185E-05 1.34259E-01 
8.53998E+01 1.29998E-01  -5.48738E-05 1.29249E-01 
8.54998E+01 1.24998E-01  -5.56397E-05 1.24282E-01 
8.55998E+01 1.19998E-01  -5.64172E-05 1.19287E-01 
8.56998E+01 1.14998E-01  -5.72067E-05 1.14257E-01 
8.57998E+01 1.09998E-01  -5.80096E-05 1.09237E-01 
8.58998E+01 1.04998E-01  -5.88277E-05 1.04241E-01 
8.59998E+01 9.99977E-02  -5.96646E-05 9.92584E-02 
8.60998E+01 9.49978E-02  -6.05204E-05 9.42294E-02 
8.61998E+01 8.99978E-02  -6.13943E-05 8.92147E-02 
8.62998E+01 8.49978E-02  -6.22857E-05 8.42231E-02 
8.63998E+01 7.99978E-02  -6.32011E-05 7.92329E-02 
8.64998E+01 7.49978E-02  -6.41378E-05 7.42200E-02 
8.65998E+01 6.99978E-02  -6.50970E-05 6.92010E-02 
8.66998E+01 6.49978E-02  -6.60758E-05 6.42057E-02 
8.67998E+01 5.99978E-02  -6.70757E-05 5.92317E-02 
8.68998E+01 5.49979E-02  -6.80991E-05 5.42145E-02 
8.69998E+01 4.99979E-02  -6.91409E-05 4.91917E-02 
8.70998E+01 4.49979E-02  -7.02044E-05 4.41933E-02 
8.71998E+01 3.99979E-02  -7.12744E-05 3.92180E-02 
8.72998E+01 3.49979E-02  -7.23658E-05 3.42071E-02 
8.73998E+01 2.99979E-02  -7.34727E-05 2.91837E-02 
8.74998E+01 2.49979E-02  -7.46001E-05 2.41759E-02 
8.75998E+01 1.99979E-02  -7.57372E-05 1.92024E-02 
8.76998E+01 1.49980E-02  -7.68982E-05 1.41797E-02 
8.77998E+01 9.99797E-03  -7.80779E-05 9.16749E-03 
8.78998E+01 4.99799E-03  -7.92881E-05 4.15225E-03 
8.79998E+01 -2.00000E-06 -8.05023E-05 -8.04960E-04
8.80998E+01 -5.00199E-03 -8.17856E-05 -5.81527E-03
8.81998E+01 -1.00020E-02 -8.30969E-05 -1.08256E-02
8.82998E+01 -1.50020E-02 -8.44502E-05 -1.58502E-02
8.83998E+01 -2.00020E-02 -8.58449E-05 -2.08511E-02
8.84998E+01 -2.50019E-02 -8.73002E-05 -2.58489E-02
8.85998E+01 -3.00019E-02 -8.87980E-05 -3.08405E-02
8.86998E+01 -3.50019E-02 -9.03486E-05 -3.58489E-02
8.87998E+01 -4.00019E-02 -9.19632E-05 -4.08567E-02
8.88998E+01 -4.50019E-02 -9.36272E-05 -4.58457E-02
8.89998E+01 -5.00019E-02 -9.53519E-05 -5.08304E-02
8.90998E+01 -5.50019E-02 -9.71280E-05 -5.58501E-02
8.91998E+01 -6.00019E-02 -9.89523E-05 -6.08491E-02
8.92998E+01 -6.50018E-02 -1.00824E-04 -6.58463E-02
8.93998E+01 -7.00018E-02 -1.02754E-04 -7.08566E-02
8.94998E+01 -7.50018E-02 -1.04719E-04 -7.58625E-02
8.95998E+01 -8.00018E-02 -1.06733E-04 -8.08603E-02
8.96998E+01 -8.50018E-02 -1.08781E-04 -8.58593E-02
8.97998E+01 -9.00018E-02 -1.10871E-04 -9.08421E-02
8.98998E+01 -9.50018E-02 -1.12984E-04 -9.58568E-02
8.99998E+01 -1.00002E-01 -1.15135E-04 -1.00863E-01
9.00998E+01 -1.05002E-01 -1.17319E-04 -1.05848E-01
9.01998E+01 -1.10002E-01 -1.19533E-04 -1.10856E-01
9.02998E+01 -1.15002E-01 -1.21778E-04 -1.15856E-01
9.03998E+01 -1.20002E-01 -1.24053E-04 -1.20864E-01
9.04998E+01 -1.25002E-01 -1.26374E-04 -1.25865E-01
9.05998E+01 -1.30002E-01 -1.28731E-04 -1.30828E-01
9.06998E+01 -1.35002E-01 -1.31140E-04 -1.35869E-01
9.07998E+01 -1.40002E-01 -1.33615E-04 -1.40878E-01
9.08998E+01 -1.45002E-01 -1.36160E-04 -1.45880E-01
9.09998E+01 -1.50002E-01 -1.38789E-04 -1.50859E-01
9.10998E+01 -1.55002E-01 -1.41533E-04 -1.55870E-01
9.11998E+01 -1.60002E-01 -1.44401E-04 -1.60878E-01
9.12998E+01 -1.65002E-01 -1.47419E-04 -1.65898E-01
9.13998E+01 -1.70002E-01 -1.50598E-04 -1.70887E-01
9.14998E+01 -1.75002E-01 -1.53947E-04 -1.75912E-01
9.15998E+01 -1.80002E-01 -1.57494E-04 -1.80919E-01
9.16998E+01 -1.85002E-01 -1.61240E-04 -1.85919E-01
9.17998E+01 -1.90002E-01 -1.65177E-04 -1.90930E-01
9.18998E+01 -1.95002E-01 -1.69298E-04 -1.95916E-01
9.19998E+01 -2.00002E-01 -1.73594E-04 -2.00929E-01
9.20998E+01 -2.05001E-01 -1.78054E-04 -2.05911E-01
9.21998E+01 -2.10001E-01 -1.82635E-04 -2.10911E-01
9.22998E+01 -2.15001E-01 -1.87343E-04 -2.15923E-01
9.23998E+01 -2.20001E-01 -1.92082E-04 -2.20925E-01
9.24998E+01 -2.25001E-01 -1.96880E-04 -2.25937E-01
9.25998E+01 -2.30001E-01 -2.01692E-04 -2.30920E-01
9.26998E+01 -2.35001E-01 -2.06479E-04 -2.35954E-01
9.27998E+01 -2.40001E-01 -2.11230E-04 -2.40934E-01
9.28998E+01 -2.45001E-01 -2.15587E-04 -2.45959E-01
9.29998E+01 -2.50001E-01 -2.20164E-04 -2.50938E-01
9.30998E+01 -2.55001E-01 -2.24631E-04 -2.55976E-01
9.31998E+01 -2.60001E-01 -2.28945E-04 -2.60973E-01
9.32998E+01 -2.65001E-01 -2.33102E-04 -2.65956E-01
9.33998E+01 -2.70001E-01 -2.37073E-04 -2.70953E-01
9.34998E+01 -2.75001E-01 -2.40795E-04 -2.75959E-01
9.35998E+01 -2.80001E-01 -2.44297E-04 -2.80985E-01
9.36998E+01 -2.85001E-01 -2.47543E-04 -2.85974E-01
9.37998E+01 -2.90001E-01 -2.50479E-04 -2.90981E-01
9.38998E+01 -2.95001E-01 -2.53101E-04 -2.95977E-01
9.39998E+01 -3.00001E-01 -2.55308E-04 -3.00963E-01
9.40998E+01 -3.05001E-01 -2.57090E-04 -3.06007E-01
9.41998E+01 -3.10001E-01 -2.58270E-04 -3.10983E-01
9.42998E+01 -3.15001E-01 -2.58610E-04 -3.15985E-01
9.43998E+01 -3.20001E-01 -2.57682E-04 -3.20992E-01
9.44998E+01 -3.25001E-01 -2.54663E-04 -3.26001E-01
9.45998E+01 -3.30001E-01 -2.48042E-04 -3.31022E-01
9.46998E+01 -3.35001E-01 -2.35124E-04 -3.36031E-01
9.47998E+01 -3.40001E-01 -2.12144E-04 -3.41011E-01
9.48998E+01 -3.45001E-01 -1.77608E-04 -3.46016E-01
9.49998E+01 -3.50001E-01 -1.43034E-04 -3.51042E-01
9.50998E+01 -3.55001E-01 -1.19188E-04 -3.56025E-01
9.51998E+01 -3.60001E-01 -1.04099E-04 -3.61031E-01
9.52998E+01 -3.65001E-01 -9.38023E-05 -3.66010E-01
9.53998E+01 -3.70001E-01 -8.63657E-05 -3.71019E-01
9.54998E+01 -3.75001E-01 -8.07176E-05 -3.76047E-01
9.55998E+01 -3.80001E-01 -7.61991E-05 -3.81024E-01
9.56998E+01 -3.85001E-01 -7.24562E-05 -3.86018E-01
9.57998E+01 -3.90001E-01 -6.93179E-05 -3.91032E-01
9.58998E+01 -3.95001E-01 -6.66576E-05 -3.96028E-01
9.59998E+01 -4.00001E-01 -6.43502E-05 -4.01054E-01
9.60998E+01 -4.05001E-01 -6.22783E-05 -4.06050E-01
9.61998E+01 -4.10001E-01 -6.05015E-05 -4.11034E-01
9.62998E+01 -4.15001E-01 -5.88789E-05 -4.16060E-01
9.63998E+01 -4.20001E-01 -5.73820E-05 -4.21046E-01
9.64998E+01 -4.25001E-01 -5.60478E-05 -4.26034E-01
9.65998E+01 -4.30001E-01 -5.48467E-05 -4.31059E-01
9.66998E+01 -4.35001E-01 -5.37128E-05 -4.36062E-01
9.67998E+01 -4.40001E-01 -5.27039E-05 -4.41064E-01
9.68998E+01 -4.45001E-01 -5.17674E-05 -4.46051E-01
9.69998E+01 -4.50001E-01 -5.09791E-05 -4.51054E-01
9.70998E+01 -4.55001E-01 -5.00673E-05 -4.56074E-01
9.71998E+01 -4.60001E-01 -4.93207E-05 -4.61056E-01
9.72998E+01 -4.65001E-01 -4.86134E-05 -4.66071E-01
9.73998E+01 -4.70001E-01 -4.79295E-05 -4.71075E-01
9.74998E+01 -4.75001E-01 -4.73191E-05 -4.76083E-01
9.75998E+01 -4.80001E-01 -4.67209E-05 -4.81091E-01
9.76998E+01 -4.85001E-01 -4.61762E-05 -4.86119E-01
9.77998E+01 -4.90001E-01 -4.56698E-05 -4.91081E-01
9.78998E+01 -4.95001E-01 -4.51935E-05 -4.96101E-01
9.79998E+01 -5.00001E-01 -4.47775E-05 -5.01109E-01
9.80998E+01 -5.05001E-01 -4.43650E-05 -5.06136E-01
9.81998E+01 -5.10001E-01 -4.40137E-05 -5.11127E-01
9.82998E+01 -5.15001E-01 -4.36889E-05 -5.16110E-01
9.83998E+01 -5.20001E-01 -4.33713E-05 -5.21095E-01
9.84998E+01 -5.25001E-01 -4.31004E-05 -5.26118E-01
9.85998E+01 -5.30001E-01 -4.28571E-05 -5.31153E-01
9.86998E+01 -5.35001E-01 -4.26582E-05 -5.36142E-01
9.87998E+01 -5.40001E-01 -4.24800E-05 -5.41124E-01
9.88998E+01 -5.45001E-01 -4.23324E-05 -5.46119E-01
9.89998E+01 -5.50001E-01 -4.22034E-05 -5.51133E-01
9.90998E+01 -5.55001E-01 -4.21067E-05 -5.56114E-01
9.91998E+01 -5.60001E-01 -4.20355E-05 -5.61125E-01
9.92998E+01 -5.65001E-01 -4.19833E-05 -5.66149E-01
9.93998E+01 -5.70001E-01 -4.19511E-05 -5.71139E-01
9.94998E+01 -5.75001E-01 -4.19336E-05 -5.76149E-01
9.95998E+01 -5.80001E-01 -4.19456E-05 -5.81151E-01
9.96998E+01 -5.85001E-01 -4.19526E-05 -5.86149E-01
9.97998E+01 -5.90001E-01 -4.19886E-05 -5.91171E-01
9.98998E+01 -5.95001E-01 -4.20430E-05 -5.96176E-01
9.99997E+01 -6.00001E-01 -4.21058E-05 -6.01150E-01
1.00100E+02 -6.05000E-01 -4.21695E-05 -6.06148E-01
1.00200E+02 -6.10000E-01 -4.22369E-05 -6.11138E-01
1.00300E+02 -6.15000E-01 -4.23169E-05 -6.16183E-01
1.00400E+02 -6.20000E-01 -4.24156E-05 -6.21173E-01
1.00500E+02 -6.25000E-01 -4.25068E-05 -6.26183E-01
1.00600E+02 -6.30000E-01 -4.26075E-05 -6.31177E-01
1.00700E+02 -6.35000E-01 -4.27094E-05 -6.36177E-01
1.00800E+02 -6.40000E-01 -4.28096E-05 -6.41171E-01
1.00900E+02 -6.45000E-01 -4.29258E-05 -6.46176E-01
1.01000E+02 -6.50000E-01 -4.30355E-05 -6.51200E-01
1.01100E+02 -6.55000E-01 -4.31112E-05 -6.56202E-01
1.01200E+02 -6.60000E-01 -4.31866E-05 -6.61191E-01
1.01300E+02 -6.65000E-01 -4.32561E-05 -6.66198E-01
1.01400E+02 -6.70000E-01 -4.33516E-05 -6.71189E-01
1.01500E+02 -6.75000E-01 -4.34073E-05 -6.76209E-01
1.01600E+02 -6.80000E-01 -4.34655E-05 -6.81219E-01
1.01700E+02 -6.85000E-01 -4.35007E-05 -6.86231E-01
1.01800E+02 -6.90000E-01 -4.35230E-05 -6.91209E-01
1.01900E+02 -6.95000E-01 -4.35894E-05 -6.96209E-01
1.02000E+02 -7.00000E-01 -4.36249E-05 -7.01238E-01
1.02100E+02 -7.05000E-01 -4.36381E-05 -7.06229E-01
1.02200E+02 -7.10000E-01 -4.36559E-05 -7.11224E-01
1.02300E+02 -7.15000E-01 -4.36759E-05 -7.16226E-01
1.02400E+02 -7.20000E-01 -4.36879E-05 -7.21207E-01
1.02500E+02 -7.25000E-01 -4.37056E-05 -7.26219E-01
1.02600E+02 -7.30000E-01 -4.37126E-05 -7.31214E-01
1.02700E+02 -7.35000E-01 -4.37184E-05 -7.36229E-01
1.02800E+02 -7.40000E-01 -4.37244E-05 -7.41242E-01
1.02900E+02 -7.45000E-01 -4.37348E-05 -7.46241E-01
1.03000E+02 -7.50000E-01 -4.37498E-05 -7.51211E-01
1.03100E+02 -7.55000E-01 -4.37586E-05 -7.56235E-01
1.03200E+02 -7.60000E-01 -4.37621E-05 -7.61261E-01
1.03300E+02 -7.65000E-01 -4.37788E-05 -7.66244E-01
1.03400E+02 -7.70000E-01 -4.38028E-05 -7.71223E-01
1.03500E+02 -7.75000E-01 -4.38245E-05 -7.76242E-01
1.03600E+02 -7.80000E-01 -4.38475E-05 -7.81246E-01
1.03700E+02 -7.85000E-01 -4.38865E-05 -7.86257E-01
1.03800E+02 -7.90000E-01 -4.39760E-05 -7.91244E-01
1.03900E+02 -7.95000E-01 -4.40067E-05 -7.96245E-01
