time/s      E/V        I/A
0.00000E+00 -8.00000E-01 -4.06422E-05 -8.01030E-01
9.99997E-02 -7.95000E-01 -3.92280E-05 -7.95999E-01
1.99999E-01 -7.90000E-01 -3.80607E-05 -7.90973E-01
2.99999E-01 -7.85000E-01 -3.70324E-05 -7.86010E-01
3.99999E-01 -7.80000E-01 -3.60656E-05 -7.80995E-01
4.99999E-01 -7.75000E-01 -3.52050E-05 -7.75986E-01
5.99998E-01 -7.70000E-01 -3.43727E-05 -7.70987E-01
6.99998E-01 -7.65000E-01 -3.36123E-05 -7.65967E-01
7.99998E-01 -7.60000E-01 -3.28766E-05 -7.60989E-01
8.99998E-01 -7.55000E-01 -3.21799E-05 -7.55992E-01
9.99997E-01 -7.50000E-01 -3.15040E-05 -7.51000E-01
1.10000E+00 -7.45000E-01 -3.08778E-05 -7.45996E-01
1.20000E+00 -7.40000E-01 -3.02491E-05 -7.40982E-01
1.30000E+00 -7.35000E-01 -2.96635E-05 -7.35976E-01
1.40000E+00 -7.30000E-01 -2.90960E-05 -7.30957E-01
1.50000E+00 -7.25000E-01 -2.85424E-05 -7.25976E-01
1.60000E+00 -7.20000E-01 -2.80133E-05 -7.20977E-01
1.70000E+00 -7.15000E-01 -2.75019E-05 -7.15951E-01
1.80000E+00 -7.10000E-01 -2.70119E-05 -7.10972E-01
1.90000E+00 -7.05000E-01 -2.65163E-05 -7.05953E-01
1.99999E+00 -7.00000E-01 -2.60554E-05 -7.00977E-01
2.09999E+00 -6.95000E-01 -2.56086E-05 -6.95982E-01
2.19999E+00 -6.90000E-01 -2.51605E-05 -6.90961E-01
2.29999E+00 -6.85000E-01 -2.47272E-05 -6.85954E-01
2.39999E+00 -6.80000E-01 -2.43134E-05 -6.80971E-01
2.49999E+00 -6.75000E-01 -2.39143E-05 -6.75948E-01
2.59999E+00 -6.70000E-01 -2.35186E-05 -6.70948E-01
2.69999E+00 -6.65000E-01 -2.31268E-05 -6.65949E-01
2.79999E+00 -6.60000E-01 -2.27552E-05 -6.60936E-01
2.89999E+00 -6.55000E-01 -2.23953E-05 -6.55952E-01
2.99999E+00 -6.50000E-01 -2.20208E-05 -6.50931E-01
3.09999E+00 -6.45000E-01 -2.16689E-05 -6.45925E-01
3.19999E+00 -6.40000E-01 -2.13223E-05 -6.40920E-01
3.29999E+00 -6.35000E-01 -2.09979E-05 -6.35937E-01
3.39999E+00 -6.30000E-01 -2.06661E-05 -6.30928E-01
3.49999E+00 -6.25000E-01 -2.03457E-05 -6.25906E-01
3.59999E+00 -6.20000E-01 -2.00311E-05 -6.20926E-01
3.69999E+00 -6.15000E-01 -1.97205E-05 -6.15930E-01
3.79999E+00 -6.10000E-01 -1.94267E-05 -6.10927E-01
3.89999E+00 -6.05000E-01 -1.91174E-05 -6.05911E-01
3.99999E+00 -6.00001E-01 -1.88272E-05 -6.00928E-01
4.09999E+00 -5.95001E-01 -1.85422E-05 -5.95937E-01
4.19999E+00 -5.90001E-01 -1.82530E-05 -5.90920E-01
4.29999E+00 -5.85001E-01 -1.79830E-05 -5.85894E-01
4.39999E+00 -5.80001E-01 -1.77107E-05 -5.80900E-01
4.49999E+00 -5.75001E-01 -1.74434E-05 -5.75900E-01
4.59999E+00 -5.70001E-01 -1.71795E-05 -5.70922E-01
4.69999E+00 -5.65001E-01 -1.69190E-05 -5.65887E-01
4.79999E+00 -5.60001E-01 -1.66501E-05 -5.60910E-01
4.89999E+00 -5.55001E-01 -1.64002E-05 -5.55896E-01
4.99999E+00 -5.50001E-01 -1.61740E-05 -5.50910E-01
5.09999E+00 -5.45001E-01 -1.59092E-05 -5.45896E-01
5.19999E+00 -5.40001E-01 -1.56829E-05 -5.40894E-01
5.29999E+00 -5.35001E-01 -1.54473E-05 -5.35916E-01
5.39999E+00 -5.30001E-01 -1.52126E-05 -5.30904E-01
5.49999E+00 -5.25001E-01 -1.49793E-05 -5.25907E-01
5.59999E+00 -5.20001E-01 -1.47489E-05 -5.20902E-01
5.69999E+00 -5.15001E-01 -1.45266E-05 -5.15899E-01
5.79999E+00 -5.10001E-01 -1.42908E-05 -5.10891E-01
5.89999E+00 -5.05001E-01 -1.40713E-05 -5.05887E-01
5.99998E+00 -5.00001E-01 -1.38612E-05 -5.00873E-01
6.09998E+00 -4.95001E-01 -1.36442E-05 -4.95906E-01
6.19998E+00 -4.90001E-01 -1.34267E-05 -4.90866E-01
6.29998E+00 -4.85001E-01 -1.32134E-05 -4.85872E-01
6.39998E+00 -4.80001E-01 -1.29973E-05 -4.80848E-01
6.49998E+00 -4.75001E-01 -1.27812E-05 -4.75864E-01
6.59998E+00 -4.70001E-01 -1.25832E-05 -4.70852E-01
6.69998E+00 -4.65001E-01 -1.23827E-05 -4.65844E-01
6.79998E+00 -4.60001E-01 -1.21762E-05 -4.60838E-01
6.89998E+00 -4.55001E-01 -1.19765E-05 -4.55821E-01
6.99998E+00 -4.50001E-01 -1.17784E-05 -4.50813E-01
7.09998E+00 -4.45001E-01 -1.15812E-05 -4.45816E-01
7.19998E+00 -4.40001E-01 -1.13861E-05 -4.40806E-01
7.29998E+00 -4.35001E-01 -1.11938E-05 -4.35832E-01
7.39998E+00 -4.30001E-01 -1.09931E-05 -4.30817E-01
7.49998E+00 -4.25001E-01 -1.08025E-05 -4.25777E-01
7.59998E+00 -4.20001E-01 -1.06176E-05 -4.20810E-01
7.69998E+00 -4.15001E-01 -1.04343E-05 -4.15809E-01
7.79998E+00 -4.10001E-01 -1.02521E-05 -4.10822E-01
7.89998E+00 -4.05001E-01 -1.00677E-05 -4.05791E-01
7.99998E+00 -4.00001E-01 -9.88851E-06 -4.00822E-01
8.09998E+00 -3.95001E-01 -9.70993E-06 -3.95815E-01
8.19998E+00 -3.90001E-01 -9.53635E-06 -3.90809E-01
8.29998E+00 -3.85001E-01 -9.34242E-06 -3.85804E-01
8.39998E+00 -3.80001E-01 -9.17226E-06 -3.80796E-01
8.49998E+00 -3.75001E-01 -9.01345E-06 -3.75798E-01
8.59998E+00 -3.70001E-01 -8.84769E-06 -3.70787E-01
8.69998E+00 -3.65001E-01 -8.68363E-06 -3.65793E-01
8.79998E+00 -3.60001E-01 -8.52069E-06 -3.60777E-01
8.89998E+00 -3.55001E-01 -8.34778E-06 -3.55807E-01
8.99998E+00 -3.50001E-01 -8.19222E-06 -3.50791E-01
9.09998E+00 -3.45001E-01 -8.00472E-06 -3.45788E-01
9.19998E+00 -3.40001E-01 -7.84458E-06 -3.40777E-01
9.29998E+00 -3.35001E-01 -7.71239E-06 -3.35760E-01
9.39998E+00 -3.30001E-01 -7.55505E-06 -3.30765E-01
9.49998E+00 -3.25001E-01 -7.39659E-06 -3.25773E-01
9.59998E+00 -3.20001E-01 -7.23675E-06 -3.20746E-01
9.69998E+00 -3.15001E-01 -7.09571E-06 -3.15760E-01
9.79998E+00 -3.10001E-01 -6.96657E-06 -3.10743E-01
9.89998E+00 -3.05001E-01 -6.77074E-06 -3.05777E-01
9.99997E+00 -3.00001E-01 -6.63865E-06 -3.00748E-01
1.01000E+01 -2.95001E-01 -6.49778E-06 -2.95743E-01
1.02000E+01 -2.90001E-01 -6.37111E-06 -2.90745E-01
1.03000E+01 -2.85001E-01 -6.20570E-06 -2.85742E-01
1.04000E+01 -2.80001E-01 -6.08401E-06 -2.80752E-01
1.05000E+01 -2.75001E-01 -5.89073E-06 -2.75751E-01
1.06000E+01 -2.70001E-01 -5.70987E-06 -2.70726E-01
1.07000E+01 -2.65001E-01 -5.59595E-06 -2.65746E-01
1.08000E+01 -2.60001E-01 -5.46068E-06 -2.60753E-01
1.09000E+01 -2.55001E-01 -5.32272E-06 -2.55747E-01
1.10000E+01 -2.50001E-01 -5.19277E-06 -2.50735E-01
1.11000E+01 -2.45001E-01 -5.04144E-06 -2.45748E-01
1.12000E+01 -2.40001E-01 -4.91147E-06 -2.40747E-01
1.13000E+01 -2.35001E-01 -4.77617E-06 -2.35741E-01
1.14000E+01 -2.30001E-01 -4.66393E-06 -2.30725E-01
1.15000E+01 -2.25001E-01 -4.52948E-06 -2.25741E-01
1.16000E+01 -2.20001E-01 -4.37120E-06 -2.20749E-01
1.17000E+01 -2.15001E-01 -4.20721E-06 -2.15724E-01
1.18000E+01 -2.10001E-01 -4.05425E-06 -2.10725E-01
1.19000E+01 -2.05001E-01 -3.89709E-06 -2.05742E-01
1.20000E+01 -2.00002E-01 -3.74083E-06 -2.00756E-01
1.21000E+01 -1.95002E-01 -3.57622E-06 -1.95745E-01
1.22000E+01 -1.90002E-01 -3.43413E-06 -1.90741E-01
1.23000E+01 -1.85002E-01 -3.23137E-06 -1.85727E-01
1.24000E+01 -1.80002E-01 -2.96674E-06 -1.80747E-01
1.25000E+01 -1.75002E-01 -2.71196E-06 -1.75714E-01
1.26000E+01 -1.70002E-01 -2.58298E-06 -1.70711E-01
1.27000E+01 -1.65002E-01 -2.53414E-06 -1.65701E-01
1.28000E+01 -1.60002E-01 -2.44963E-06 -1.60680E-01
1.29000E+01 -1.55002E-01 -2.31292E-06 -1.55671E-01
1.30000E+01 -1.50002E-01 -2.20880E-06 -1.50674E-01
1.31000E+01 -1.45002E-01 -2.05577E-06 -1.45685E-01
1.32000E+01 -1.40002E-01 -2.02824E-06 -1.40698E-01
1.33000E+01 -1.35002E-01 -1.93248E-06 -1.35684E-01
1.34000E+01 -1.30002E-01 -1.29672E-06 -1.30670E-01
1.35000E+01 -1.25002E-01 -8.41720E-07 -1.25687E-01
1.36000E+01 -1.20002E-01 -9.13730E-07 -1.20685E-01
1.37000E+01 -1.15002E-01 -1.13038E-06 -1.15667E-01
1.38000E+01 -1.10002E-01 -1.15931E-06 -1.10632E-01
1.39000E+01 -1.05002E-01 -1.13695E-06 -1.05646E-01
1.40000E+01 -1.00002E-01 -1.07877E-06 -1.00673E-01
1.41000E+01 -9.50018E-02 -9.42133E-07 -9.56432E-02
1.42000E+01 -9.00018E-02 -8.92290E-07 -9.06441E-02
1.43000E+01 -8.50018E-02 -8.84977E-07 -8.56582E-02
1.44000E+01 -8.00018E-02 -7.55919E-07 -8.06404E-02
1.45000E+01 -7.50018E-02 -6.51050E-07 -7.56289E-02
1.46000E+01 -7.00018E-02 -4.97701E-07 -7.06192E-02
1.47000E+01 -6.50018E-02 -3.47363E-07 -6.56389E-02
1.48000E+01 -6.00019E-02 -1.48450E-07 -6.06567E-02
1.49000E+01 -5.50019E-02 -1.06934E-08 -5.56208E-02
1.50000E+01 -5.00019E-02 1.21780E-07  -5.06081E-02
1.51000E+01 -4.50019E-02 2.66250E-07  -4.56165E-02
1.52000E+01 -4.00019E-02 4.09578E-07  -4.06175E-02
1.53000E+01 -3.50019E-02 5.51182E-07  -3.56384E-02
1.54000E+01 -3.00019E-02 6.96746E-07  -3.06281E-02
1.55000E+01 -2.50019E-02 8.31178E-07  -2.56322E-02
1.56000E+01 -2.00020E-02 9.75123E-07  -2.06057E-02
1.57000E+01 -1.50020E-02 1.12297E-06  -1.56166E-02
1.58000E+01 -1.00020E-02 1.26943E-06  -1.06132E-02
1.59000E+01 -5.00199E-03 1.41503E-06  -5.60916E-03
1.60000E+01 -2.00000E-06 1.56359E-06  -6.02611E-04
1.61000E+01 4.99799E-03  1.71592E-06  4.37459E-03 
1.62000E+01 9.99797E-03  1.86354E-06  9.38862E-03 
1.63000E+01 1.49980E-02  2.00010E-06  1.43995E-02 
1.64000E+01 1.99979E-02  2.13236E-06  1.94154E-02 
1.65000E+01 2.49979E-02  2.29818E-06  2.43814E-02 
1.66000E+01 2.99979E-02  2.46857E-06  2.94016E-02 
1.67000E+01 3.49979E-02  2.63303E-06  3.44076E-02 
1.68000E+01 3.99979E-02  2.80462E-06  3.94179E-02 
1.69000E+01 4.49979E-02  2.98524E-06  4.43788E-02 
1.70000E+01 4.99979E-02  3.17115E-06  4.93903E-02 
1.71000E+01 5.49979E-02  3.38559E-06  5.44137E-02 
1.72000E+01 5.99978E-02  3.58812E-06  5.94097E-02 
1.73000E+01 6.49978E-02  3.78432E-06  6.43925E-02 
1.74000E+01 6.99978E-02  3.88148E-06  6.93940E-02 
1.75000E+01 7.49978E-02  4.04900E-06  7.44118E-02 
1.76000E+01 7.99978E-02  4.20830E-06  7.94240E-02 
1.77000E+01 8.49978E-02  4.37152E-06  8.44299E-02 
1.78000E+01 8.99978E-02  4.54658E-06  8.94046E-02 
1.79000E+01 9.49978E-02  4.73494E-06  9.44336E-02 
1.80000E+01 9.99977E-02  4.94276E-06  9.94420E-02 
1.81000E+01 1.04998E-01  5.15775E-06  1.04449E-01 
1.82000E+01 1.09998E-01  5.37327E-06  1.09437E-01 
1.83000E+01 1.14998E-01  5.58811E-06  1.14453E-01 
1.84000E+01 1.19998E-01  5.80533E-06  1.19458E-01 
1.85000E+01 1.24998E-01  6.02727E-06  1.24458E-01 
1.86000E+01 1.29998E-01  6.26236E-06  1.29435E-01 
1.87000E+01 1.34998E-01  6.50434E-06  1.34458E-01 
1.88000E+01 1.39998E-01  6.73821E-06  1.39439E-01 
1.89000E+01 1.44998E-01  6.97904E-06  1.44475E-01 
1.90000E+01 1.49998E-01  7.22444E-06  1.49469E-01 
1.91000E+01 1.54998E-01  7.46510E-06  1.54485E-01 
1.92000E+01 1.59998E-01  7.73073E-06  1.59503E-01 
1.93000E+01 1.64998E-01  7.98119E-06  1.64498E-01 
1.94000E+01 1.69998E-01  8.24554E-06  1.69492E-01 
1.95000E+01 1.74998E-01  8.51623E-06  1.74492E-01 
1.96000E+01 1.79998E-01  8.80140E-06  1.79507E-01 
1.97000E+01 1.84998E-01  9.09623E-06  1.84499E-01 
1.98000E+01 1.89998E-01  9.37866E-06  1.89502E-01 
1.99000E+01 1.94998E-01  9.68818E-06  1.94523E-01 
1.99999E+01 1.99997E-01  9.99380E-06  1.99526E-01 
2.00999E+01 2.04997E-01  1.03050E-05  2.04516E-01 
2.01999E+01 2.09997E-01  1.06264E-05  2.09495E-01 
2.02999E+01 2.14997E-01  1.09522E-05  2.14511E-01 
2.03999E+01 2.19997E-01  1.12898E-05  2.19522E-01 
2.04999E+01 2.24997E-01  1.16141E-05  2.24483E-01 
2.05999E+01 2.29997E-01  1.19686E-05  2.29505E-01 
2.06999E+01 2.34997E-01  1.23090E-05  2.34495E-01 
2.07999E+01 2.39997E-01  1.26698E-05  2.39509E-01 
2.08999E+01 2.44997E-01  1.30203E-05  2.44515E-01 
2.09999E+01 2.49997E-01  1.33843E-05  2.49522E-01 
2.10999E+01 2.54997E-01  1.37466E-05  2.54524E-01 
2.11999E+01 2.59997E-01  1.40979E-05  2.59531E-01 
2.12999E+01 2.64997E-01  1.44700E-05  2.64525E-01 
2.13999E+01 2.69997E-01  1.48382E-05  2.69516E-01 
2.14999E+01 2.74997E-01  1.52020E-05  2.74515E-01 
2.15999E+01 2.79997E-01  1.55540E-05  2.79540E-01 
2.16999E+01 2.84997E-01  1.59180E-05  2.84555E-01 
2.17999E+01 2.89997E-01  1.62717E-05  2.89530E-01 
2.18999E+01 2.94997E-01  1.66247E-05  2.94530E-01 
2.19999E+01 2.99997E-01  1.69695E-05  2.99558E-01 
2.20999E+01 3.04997E-01  1.72895E-05  3.04545E-01 
2.21999E+01 3.09997E-01  1.76263E-05  3.09548E-01 
2.22999E+01 3.14997E-01  1.79478E-05  3.14542E-01 
2.23999E+01 3.19997E-01  1.82579E-05  3.19549E-01 
2.24999E+01 3.24997E-01  1.85863E-05  3.24556E-01 
2.25999E+01 3.29997E-01  1.88640E-05  3.29576E-01 
2.26999E+01 3.34997E-01  1.91565E-05  3.34561E-01 
2.27999E+01 3.39997E-01  1.94445E-05  3.39552E-01 
2.28999E+01 3.44997E-01  1.97071E-05  3.44556E-01 
2.29999E+01 3.49997E-01  1.99702E-05  3.49580E-01 
2.30999E+01 3.54997E-01  2.02282E-05  3.54580E-01 
2.31999E+01 3.59997E-01  2.04853E-05  3.59567E-01 
2.32999E+01 3.64997E-01  2.07301E-05  3.64576E-01 
2.33999E+01 3.69997E-01  2.09720E-05  3.69572E-01 
2.34999E+01 3.74997E-01  2.12687E-05  3.74592E-01 
2.35999E+01 3.79997E-01  2.15073E-05  3.79601E-01 
2.36999E+01 3.84997E-01  2.17469E-05  3.84580E-01 
2.37999E+01 3.89997E-01  2.19891E-05  3.89598E-01 
2.38999E+01 3.94997E-01  2.22230E-05  3.94609E-01 
2.39999E+01 3.99997E-01  2.24657E-05  3.99600E-01 
2.40999E+01 4.04997E-01  2.27117E-05  4.04593E-01 
2.41999E+01 4.09997E-01  2.29635E-05  4.09603E-01 
2.42999E+01 4.14997E-01  2.32160E-05  4.14620E-01 
2.43999E+01 4.19997E-01  2.34749E-05  4.19616E-01 
2.44999E+01 4.24997E-01  2.37227E-05  4.24626E-01 
2.45999E+01 4.29997E-01  2.39965E-05  4.29610E-01 
2.46999E+01 4.34997E-01  2.42691E-05  4.34622E-01 
2.47999E+01 4.39997E-01  2.45420E-05  4.39619E-01 
2.48999E+01 4.44997E-01  2.48233E-05  4.44617E-01 
2.49999E+01 4.49997E-01  2.51081E-05  4.49616E-01 
2.50999E+01 4.54997E-01  2.54005E-05  4.54626E-01 
2.51999E+01 4.59997E-01  2.56883E-05  4.59632E-01 
2.52999E+01 4.64997E-01  2.59935E-05  4.64633E-01 
2.53999E+01 4.69997E-01  2.62879E-05  4.69649E-01 
2.54999E+01 4.74997E-01  2.65890E-05  4.74656E-01 
2.55999E+01 4.79997E-01  2.68996E-05  4.79669E-01 
2.56999E+01 4.84997E-01  2.72028E-05  4.84676E-01 
2.57999E+01 4.89997E-01  2.75292E-05  4.89662E-01 
2.58999E+01 4.94997E-01  2.78419E-05  4.94669E-01 
2.59999E+01 4.99997E-01  2.81613E-05  4.99659E-01 
2.60999E+01 5.04997E-01  2.84857E-05  5.04667E-01 
2.61999E+01 5.09997E-01  2.88177E-05  5.09689E-01 
2.62999E+01 5.14997E-01  2.91414E-05  5.14676E-01 
2.63999E+01 5.19997E-01  2.94769E-05  5.19684E-01 
2.64999E+01 5.24997E-01  2.98055E-05  5.24707E-01 
2.65999E+01 5.29997E-01  3.01432E-05  5.29692E-01 
2.66999E+01 5.34997E-01  3.04811E-05  5.34695E-01 
2.67999E+01 5.39997E-01  3.08136E-05  5.39688E-01 
2.68999E+01 5.44997E-01  3.11577E-05  5.44684E-01 
2.69999E+01 5.49997E-01  3.15052E-05  5.49699E-01 
2.70999E+01 5.54997E-01  3.18568E-05  5.54703E-01 
2.71999E+01 5.59997E-01  3.21928E-05  5.59705E-01 
2.72999E+01 5.64997E-01  3.25352E-05  5.64685E-01 
2.73999E+01 5.69997E-01  3.28804E-05  5.69706E-01 
2.74999E+01 5.74997E-01  3.32363E-05  5.74732E-01 
2.75999E+01 5.79997E-01  3.35819E-05  5.79698E-01 
2.76999E+01 5.84997E-01  3.39292E-05  5.84703E-01 
2.77999E+01 5.89997E-01  3.42854E-05  5.89699E-01 
2.78999E+01 5.94997E-01  3.46292E-05  5.94703E-01 
2.79999E+01 5.99996E-01  3.49913E-05  5.99693E-01 
2.80999E+01 6.04996E-01  3.53328E-05  6.04686E-01 
2.81999E+01 6.09996E-01  3.56750E-05  6.09714E-01 
2.82999E+01 6.14996E-01  3.60016E-05  6.14698E-01 
2.83999E+01 6.19996E-01  3.63492E-05  6.19715E-01 
2.84999E+01 6.24996E-01  3.67207E-05  6.24705E-01 
2.85999E+01 6.29996E-01  3.70628E-05  6.29720E-01 
2.86999E+01 6.34996E-01  3.73968E-05  6.34746E-01 
2.87999E+01 6.39996E-01  3.77430E-05  6.39744E-01 
2.88999E+01 6.44996E-01  3.80770E-05  6.44745E-01 
2.89999E+01 6.49996E-01  3.84093E-05  6.49726E-01 
2.90999E+01 6.54996E-01  3.87452E-05  6.54733E-01 
2.91999E+01 6.59996E-01  3.90848E-05  6.59752E-01 
2.92999E+01 6.64996E-01  3.94143E-05  6.64743E-01 
2.93999E+01 6.69996E-01  3.97410E-05  6.69745E-01 
2.94999E+01 6.74996E-01  4.00661E-05  6.74743E-01 
2.95999E+01 6.79996E-01  4.03999E-05  6.79787E-01 
2.96999E+01 6.84996E-01  4.07051E-05  6.84754E-01 
2.97999E+01 6.89996E-01  4.10206E-05  6.89736E-01 
2.98999E+01 6.94996E-01  4.13377E-05  6.94775E-01 
2.99999E+01 6.99996E-01  4.16353E-05  6.99755E-01 
3.00999E+01 7.04996E-01  4.19481E-05  7.04743E-01 
3.01999E+01 7.09996E-01  4.22455E-05  7.09742E-01 
3.02999E+01 7.14996E-01  4.25308E-05  7.14779E-01 
3.03999E+01 7.19996E-01  4.28249E-05  7.19773E-01 
3.04999E+01 7.24996E-01  4.30984E-05  7.24759E-01 
3.05999E+01 7.29996E-01  4.33782E-05  7.29775E-01 
3.06999E+01 7.34996E-01  4.36600E-05  7.34788E-01 
3.07999E+01 7.39996E-01  4.39143E-05  7.39790E-01 
3.08999E+01 7.44996E-01  4.41734E-05  7.44777E-01 
3.09999E+01 7.49996E-01  4.44232E-05  7.49789E-01 
3.10999E+01 7.54996E-01  4.46657E-05  7.54796E-01 
3.11999E+01 7.59996E-01  4.49211E-05  7.59783E-01 
3.12999E+01 7.64996E-01  4.51535E-05  7.64793E-01 
3.13999E+01 7.69996E-01  4.53962E-05  7.69788E-01 
3.14999E+01 7.74996E-01  4.56163E-05  7.74783E-01 
3.15999E+01 7.79996E-01  4.58351E-05  7.79812E-01 
3.16999E+01 7.84996E-01  4.60583E-05  7.84818E-01 
3.17999E+01 7.89996E-01  4.62832E-05  7.89846E-01 
3.18999E+01 7.94996E-01  4.65203E-05  7.94850E-01 
3.19999E+01 7.99996E-01  4.67199E-05  7.99832E-01 
3.20999E+01 8.04996E-01  4.69342E-05  8.04813E-01 
3.21999E+01 8.09996E-01  4.71382E-05  8.09847E-01 
3.22999E+01 8.14996E-01  4.73438E-05  8.14876E-01 
3.23999E+01 8.19996E-01  4.75495E-05  8.19859E-01 
3.24999E+01 8.24996E-01  4.77317E-05  8.24853E-01 
3.25999E+01 8.29996E-01  4.79321E-05  8.29839E-01 
3.26999E+01 8.34996E-01  4.81454E-05  8.34862E-01 
3.27999E+01 8.39996E-01  4.83307E-05  8.39875E-01 
3.28999E+01 8.44996E-01  4.85093E-05  8.44834E-01 
3.29999E+01 8.49996E-01  4.86922E-05  8.49844E-01 
3.30999E+01 8.54996E-01  4.88696E-05  8.54865E-01 
3.31999E+01 8.59996E-01  4.90587E-05  8.59884E-01 
3.32999E+01 8.64996E-01  4.92359E-05  8.64879E-01 
3.33999E+01 8.69996E-01  4.94131E-05  8.69863E-01 
3.34999E+01 8.74996E-01  4.96031E-05  8.74862E-01 
3.35999E+01 8.79996E-01  4.97947E-05  8.79869E-01 
3.36999E+01 8.84996E-01  4.99332E-05  8.84867E-01 
3.37999E+01 8.89996E-01  5.00966E-05  8.89861E-01 
3.38999E+01 8.94996E-01  5.02837E-05  8.94874E-01 
3.39999E+01 8.99996E-01  5.04462E-05  8.99873E-01 
3.40999E+01 9.04996E-01  5.06133E-05  9.04861E-01 
3.41999E+01 9.09996E-01  5.07788E-05  9.09851E-01 
3.42999E+01 9.14996E-01  5.09385E-05  9.14868E-01 
3.43999E+01 9.19996E-01  5.11056E-05  9.19908E-01 
3.44999E+01 9.24996E-01  5.12626E-05  9.24870E-01 
3.45999E+01 9.29996E-01  5.14306E-05  9.29873E-01 
3.46999E+01 9.34996E-01  5.15842E-05  9.34897E-01 
3.47999E+01 9.39996E-01  5.17391E-05  9.39896E-01 
3.48999E+01 9.44996E-01  5.18982E-05  9.44923E-01 
3.49999E+01 9.49996E-01  5.20333E-05  9.49901E-01 
3.50999E+01 9.54996E-01  5.21872E-05  9.54898E-01 
3.51999E+01 9.59996E-01  5.23305E-05  9.59904E-01 
3.52999E+01 9.64996E-01  5.24957E-05  9.64905E-01 
3.53999E+01 9.69996E-01  5.26320E-05  9.69941E-01 
3.54999E+01 9.74996E-01  5.27993E-05  9.74914E-01 
3.55999E+01 9.79996E-01  5.29474E-05  9.79924E-01 
3.56999E+01 9.84996E-01  5.30954E-05  9.84923E-01 
3.57999E+01 9.89996E-01  5.32398E-05  9.89929E-01 
3.58999E+01 9.94996E-01  5.33826E-05  9.94924E-01 
3.59999E+01 9.99995E-01  5.35251E-05  9.99909E-01 
3.60999E+01 1.00500E+00  5.36569E-05  1.00496E+00 
3.61999E+01 1.01000E+00  5.37993E-05  1.00995E+00 
3.62999E+01 1.01500E+00  5.39505E-05  1.01492E+00 
3.63999E+01 1.02000E+00  5.41002E-05  1.01993E+00 
3.64999E+01 1.02500E+00  5.42457E-05  1.02494E+00 
3.65999E+01 1.03000E+00  5.43836E-05  1.02993E+00 
3.66999E+01 1.03500E+00  5.45328E-05  1.03495E+00 
3.67999E+01 1.04000E+00  5.46792E-05  1.03994E+00 
3.68999E+01 1.04500E+00  5.48366E-05  1.04494E+00 
3.69999E+01 1.05000E+00  5.49814E-05  1.04996E+00 
3.70999E+01 1.05500E+00  5.51387E-05  1.05497E+00 
3.71999E+01 1.06000E+00  5.53126E-05  1.05996E+00 
3.72999E+01 1.06500E+00  5.54473E-05  1.06495E+00 
3.73999E+01 1.07000E+00  5.56151E-05  1.06999E+00 
3.74999E+01 1.07500E+00  5.57939E-05  1.07498E+00 
3.75999E+01 1.08000E+00  5.59661E-05  1.07996E+00 
3.76999E+01 1.08500E+00  5.61471E-05  1.08494E+00 
3.77999E+01 1.09000E+00  5.63272E-05  1.08994E+00 
3.78999E+01 1.09500E+00  5.65088E-05  1.09496E+00 
3.79999E+01 1.10000E+00  5.67049E-05  1.09999E+00 
3.80999E+01 1.10500E+00  5.69190E-05  1.10496E+00 
3.81999E+01 1.11000E+00  5.71081E-05  1.10999E+00 
3.82999E+01 1.11500E+00  5.73328E-05  1.11501E+00 
3.83999E+01 1.12000E+00  5.75802E-05  1.12002E+00 
3.84999E+01 1.12500E+00  5.78174E-05  1.12502E+00 
3.85999E+01 1.13000E+00  5.80866E-05  1.13003E+00 
3.86999E+01 1.13500E+00  5.83163E-05  1.13503E+00 
3.87999E+01 1.14000E+00  5.85224E-05  1.14003E+00 
3.88999E+01 1.14500E+00  5.87760E-05  1.14502E+00 
3.89999E+01 1.15000E+00  5.90668E-05  1.15004E+00 
3.90999E+01 1.15500E+00  5.93682E-05  1.15502E+00 
3.91999E+01 1.16000E+00  5.96070E-05  1.16000E+00 
3.92999E+01 1.16500E+00  5.98924E-05  1.16504E+00 
3.93999E+01 1.17000E+00  6.02711E-05  1.17005E+00 
3.94999E+01 1.17500E+00  6.05957E-05  1.17503E+00 
3.95999E+01 1.18000E+00  6.08191E-05  1.18000E+00 
3.96999E+01 1.18500E+00  6.09183E-05  1.18503E+00 
3.97999E+01 1.19000E+00  6.11478E-05  1.19003E+00 
3.98999E+01 1.19500E+00  6.14576E-05  1.19504E+00 
3.99999E+01 1.19999E+00  6.18116E-05  1.20003E+00 
4.00999E+01 1.20499E+00  6.21203E-05  1.20501E+00 
4.01999E+01 1.20999E+00  6.23981E-05  1.21003E+00 
4.02999E+01 1.21499E+00  6.27714E-05  1.21504E+00 
4.03999E+01 1.21999E+00  6.31305E-05  1.22004E+00 
4.04999E+01 1.22499E+00  6.35922E-05  1.22502E+00 
4.05999E+01 1.22999E+00  6.39887E-05  1.23003E+00 
4.06999E+01 1.23499E+00  6.42834E-05  1.23505E+00 
4.07999E+01 1.23999E+00  6.46103E-05  1.24004E+00 
4.08999E+01 1.24499E+00  6.50131E-05  1.24504E+00 
4.09999E+01 1.24999E+00  6.54784E-05  1.25007E+00 
4.10999E+01 1.25499E+00  6.59591E-05  1.25505E+00 
4.11999E+01 1.25999E+00  6.64256E-05  1.26004E+00 
4.12999E+01 1.26499E+00  6.69008E-05  1.26506E+00 
4.13999E+01 1.26999E+00  6.74384E-05  1.27008E+00 
4.14999E+01 1.27499E+00  6.80109E-05  1.27510E+00 
4.15999E+01 1.27999E+00  6.85804E-05  1.28009E+00 
4.16999E+01 1.28499E+00  6.92106E-05  1.28509E+00 
4.17999E+01 1.28999E+00  6.98443E-05  1.29012E+00 
4.18999E+01 1.29499E+00  7.04524E-05  1.29512E+00 
4.19999E+01 1.29999E+00  7.10954E-05  1.30011E+00 
4.20999E+01 1.30499E+00  7.18269E-05  1.30510E+00 
4.21999E+01 1.30999E+00  7.25013E-05  1.31011E+00 
4.22999E+01 1.31499E+00  7.32475E-05  1.31511E+00 
4.23999E+01 1.31999E+00  7.39344E-05  1.32010E+00 
4.24999E+01 1.32499E+00  7.46491E-05  1.32510E+00 
4.25999E+01 1.32999E+00  7.53762E-05  1.33012E+00 
4.26999E+01 1.33499E+00  7.61486E-05  1.33513E+00 
4.27999E+01 1.33999E+00  7.69036E-05  1.34010E+00 
4.28999E+01 1.34499E+00  7.76080E-05  1.34511E+00 
4.29999E+01 1.34999E+00  7.83460E-05  1.35013E+00 
4.30999E+01 1.35499E+00  7.90330E-05  1.35512E+00 
4.31999E+01 1.35999E+00  7.97538E-05  1.36012E+00 
4.32999E+01 1.36499E+00  8.05654E-05  1.36513E+00 
4.33999E+01 1.36999E+00  8.13894E-05  1.37014E+00 
4.34999E+01 1.37499E+00  8.22255E-05  1.37514E+00 
4.35999E+01 1.37999E+00  8.31801E-05  1.38014E+00 
4.36999E+01 1.38499E+00  8.40102E-05  1.38516E+00 
4.37999E+01 1.38999E+00  8.48537E-05  1.39014E+00 
4.38999E+01 1.39499E+00  8.57357E-05  1.39515E+00 
4.39999E+01 1.39999E+00  8.65187E-05  1.40016E+00 
4.40999E+01 1.40499E+00  8.73423E-05  1.40515E+00 
4.41999E+01 1.40999E+00  8.82087E-05  1.41013E+00 
4.42999E+01 1.41499E+00  8.90352E-05  1.41514E+00 
4.43999E+01 1.41999E+00  8.99072E-05  1.42016E+00 
4.44999E+01 1.42499E+00  9.08017E-05  1.42517E+00 
4.45999E+01 1.42999E+00  9.17468E-05  1.43017E+00 
4.46999E+01 1.43499E+00  9.26988E-05  1.43517E+00 
4.47999E+01 1.43999E+00  9.36210E-05  1.44019E+00 
4.48999E+01 1.44499E+00  9.45395E-05  1.44520E+00 
4.49999E+01 1.44999E+00  9.54755E-05  1.45021E+00 
4.50999E+01 1.45499E+00  9.64651E-05  1.45519E+00 
4.51999E+01 1.45999E+00  9.74757E-05  1.46017E+00 
4.52999E+01 1.46499E+00  9.84521E-05  1.46516E+00 
4.53999E+01 1.46999E+00  9.94207E-05  1.47017E+00 
4.54999E+01 1.47499E+00  1.00387E-04  1.47520E+00 
4.55999E+01 1.47999E+00  1.01376E-04  1.48020E+00 
4.56999E+01 1.48499E+00  1.02371E-04  1.48519E+00 
4.57999E+01 1.48999E+00  1.03367E-04  1.49021E+00 
4.58999E+01 1.49499E+00  1.04395E-04  1.49520E+00 
4.59999E+01 1.49999E+00  1.05430E-04  1.50021E+00 
4.60999E+01 1.50499E+00  1.06468E-04  1.50519E+00 
4.61999E+01 1.50999E+00  1.07537E-04  1.51021E+00 
4.62999E+01 1.51499E+00  1.08619E-04  1.51523E+00 
4.63999E+01 1.51999E+00  1.09763E-04  1.52023E+00 
4.64999E+01 1.52499E+00  1.10806E-04  1.52521E+00 
4.65999E+01 1.52999E+00  1.11901E-04  1.53022E+00 
4.66999E+01 1.53499E+00  1.13044E-04  1.53523E+00 
4.67999E+01 1.53999E+00  1.14209E-04  1.54022E+00 
4.68999E+01 1.54499E+00  1.15388E-04  1.54521E+00 
4.69999E+01 1.54999E+00  1.16582E-04  1.55023E+00 
4.70999E+01 1.55499E+00  1.17770E-04  1.55525E+00 
4.71999E+01 1.55999E+00  1.18960E-04  1.56023E+00 
4.72999E+01 1.56499E+00  1.20214E-04  1.56524E+00 
4.73999E+01 1.56999E+00  1.21508E-04  1.57027E+00 
4.74999E+01 1.57499E+00  1.22796E-04  1.57530E+00 
4.75999E+01 1.57999E+00  1.24015E-04  1.58027E+00 
4.76999E+01 1.58499E+00  1.25191E-04  1.58529E+00 
4.77999E+01 1.58999E+00  1.26494E-04  1.59027E+00 
4.78999E+01 1.59499E+00  1.27773E-04  1.59527E+00 
4.79999E+01 1.59999E+00  1.29177E-04  1.60030E+00 
4.80999E+01 1.60499E+00  1.30740E-04  1.60531E+00 
4.81999E+01 1.60999E+00  1.32024E-04  1.61030E+00 
4.82999E+01 1.61499E+00  1.33305E-04  1.61531E+00 
4.83999E+01 1.61999E+00  1.34797E-04  1.62029E+00 
4.84999E+01 1.62499E+00  1.36274E-04  1.62530E+00 
4.85999E+01 1.62999E+00  1.37590E-04  1.63032E+00 
4.86999E+01 1.63499E+00  1.38729E-04  1.63530E+00 
4.87999E+01 1.63999E+00  1.40167E-04  1.64030E+00 
4.88999E+01 1.64499E+00  1.41915E-04  1.64529E+00 
4.89999E+01 1.64999E+00  1.43645E-04  1.65030E+00 
4.90999E+01 1.65499E+00  1.45253E-04  1.65529E+00 
4.91999E+01 1.65999E+00  1.46635E-04  1.66028E+00 
4.92999E+01 1.66499E+00  1.48051E-04  1.66529E+00 
4.93999E+01 1.66999E+00  1.49605E-04  1.67033E+00 
4.94999E+01 1.67499E+00  1.51152E-04  1.67530E+00 
4.95999E+01 1.67999E+00  1.52716E-04  1.68029E+00 
4.96999E+01 1.68499E+00  1.54220E-04  1.68531E+00 
4.97999E+01 1.68999E+00  1.55762E-04  1.69032E+00 
4.98999E+01 1.69499E+00  1.57327E-04  1.69531E+00 
4.99999E+01 1.69999E+00  1.58871E-04  1.70029E+00 
5.00999E+01 1.70499E+00  1.60517E-04  1.70530E+00 
5.01999E+01 1.70999E+00  1.62249E-04  1.71033E+00 
5.02999E+01 1.71499E+00  1.63992E-04  1.71531E+00 
5.03999E+01 1.71999E+00  1.65651E-04  1.72030E+00 
5.04999E+01 1.72499E+00  1.67333E-04  1.72530E+00 
5.05999E+01 1.72999E+00  1.69051E-04  1.73031E+00 
5.06999E+01 1.73499E+00  1.70800E-04  1.73532E+00 
5.07999E+01 1.73999E+00  1.72520E-04  1.74031E+00 
5.08999E+01 1.74499E+00  1.74304E-04  1.74535E+00 
5.09999E+01 1.74999E+00  1.76139E-04  1.75034E+00 
5.10999E+01 1.75499E+00  1.77846E-04  1.75534E+00 
5.11999E+01 1.75999E+00  1.79645E-04  1.76036E+00 
5.12999E+01 1.76499E+00  1.81338E-04  1.76538E+00 
5.13999E+01 1.76999E+00  1.83106E-04  1.77035E+00 
5.14999E+01 1.77499E+00  1.84786E-04  1.77534E+00 
5.15999E+01 1.77999E+00  1.86541E-04  1.78037E+00 
5.16999E+01 1.78499E+00  1.88358E-04  1.78539E+00 
5.17999E+01 1.78999E+00  1.90149E-04  1.79039E+00 
5.18999E+01 1.79499E+00  1.91860E-04  1.79536E+00 
5.19999E+01 1.79999E+00  1.93589E-04  1.80040E+00 
5.20999E+01 1.79499E+00  1.89690E-04  1.79536E+00 
5.21999E+01 1.78999E+00  1.85906E-04  1.79040E+00 
5.22999E+01 1.78499E+00  1.82338E-04  1.78541E+00 
5.23999E+01 1.77999E+00  1.78963E-04  1.78038E+00 
5.24999E+01 1.77499E+00  1.75506E-04  1.77537E+00 
5.25999E+01 1.76999E+00  1.72130E-04  1.77039E+00 
5.26999E+01 1.76499E+00  1.68925E-04  1.76539E+00 
5.27999E+01 1.75999E+00  1.66618E-04  1.76037E+00 
5.28999E+01 1.75499E+00  1.64145E-04  1.75537E+00 
5.29999E+01 1.74999E+00  1.60771E-04  1.75035E+00 
5.30999E+01 1.74499E+00  1.57355E-04  1.74536E+00 
5.31999E+01 1.73999E+00  1.54013E-04  1.74034E+00 
5.32999E+01 1.73499E+00  1.50925E-04  1.73535E+00 
5.33999E+01 1.72999E+00  1.47901E-04  1.73033E+00 
5.34999E+01 1.72499E+00  1.44984E-04  1.72532E+00 
5.35999E+01 1.71999E+00  1.42114E-04  1.72032E+00 
5.36999E+01 1.71499E+00  1.39323E-04  1.71534E+00 
5.37999E+01 1.70999E+00  1.36516E-04  1.71034E+00 
5.38999E+01 1.70499E+00  1.33747E-04  1.70532E+00 
5.39999E+01 1.69999E+00  1.31008E-04  1.70029E+00 
5.40999E+01 1.69499E+00  1.28432E-04  1.69534E+00 
5.41999E+01 1.68999E+00  1.25848E-04  1.69034E+00 
5.42999E+01 1.68499E+00  1.23312E-04  1.68532E+00 
5.43999E+01 1.67999E+00  1.20807E-04  1.68030E+00 
5.44999E+01 1.67499E+00  1.18359E-04  1.67531E+00 
5.45999E+01 1.66999E+00  1.16024E-04  1.67030E+00 
5.46999E+01 1.66499E+00  1.13635E-04  1.66532E+00 
5.47999E+01 1.65999E+00  1.11252E-04  1.66031E+00 
5.48999E+01 1.65499E+00  1.08962E-04  1.65530E+00 
5.49999E+01 1.64999E+00  1.06721E-04  1.65031E+00 
5.50999E+01 1.64499E+00  1.04564E-04  1.64531E+00 
5.51999E+01 1.63999E+00  1.02435E-04  1.64028E+00 
5.52999E+01 1.63499E+00  1.00316E-04  1.63530E+00 
5.53999E+01 1.62999E+00  9.82098E-05  1.63031E+00 
5.54999E+01 1.62499E+00  9.61492E-05  1.62528E+00 
5.55999E+01 1.61999E+00  9.40556E-05  1.62027E+00 
5.56999E+01 1.61499E+00  9.20804E-05  1.61530E+00 
5.57999E+01 1.60999E+00  9.01218E-05  1.61031E+00 
5.58999E+01 1.60499E+00  8.81834E-05  1.60529E+00 
5.59999E+01 1.59999E+00  8.62915E-05  1.60026E+00 
5.60999E+01 1.59499E+00  8.44336E-05  1.59526E+00 
5.61999E+01 1.58999E+00  8.26166E-05  1.59026E+00 
5.62999E+01 1.58499E+00  8.08589E-05  1.58526E+00 
5.63999E+01 1.57999E+00  7.91394E-05  1.58023E+00 
5.64999E+01 1.57499E+00  7.74325E-05  1.57525E+00 
5.65999E+01 1.56999E+00  7.57380E-05  1.57022E+00 
5.66999E+01 1.56499E+00  7.40749E-05  1.56523E+00 
5.67999E+01 1.55999E+00  7.24625E-05  1.56025E+00 
5.68999E+01 1.55499E+00  7.08953E-05  1.55523E+00 
5.69999E+01 1.54999E+00  6.93383E-05  1.55023E+00 
5.70999E+01 1.54499E+00  6.78321E-05  1.54523E+00 
5.71999E+01 1.53999E+00  6.63525E-05  1.54024E+00 
5.72999E+01 1.53499E+00  6.49008E-05  1.53525E+00 
5.73999E+01 1.52999E+00  6.34388E-05  1.53023E+00 
5.74999E+01 1.52499E+00  6.20460E-05  1.52522E+00 
5.75999E+01 1.51999E+00  6.07006E-05  1.52022E+00 
5.76999E+01 1.51499E+00  5.93934E-05  1.51521E+00 
5.77999E+01 1.50999E+00  5.81108E-05  1.51021E+00 
5.78999E+01 1.50499E+00  5.68628E-05  1.50523E+00 
5.79999E+01 1.49999E+00  5.56453E-05  1.50022E+00 
5.80999E+01 1.49499E+00  5.44294E-05  1.49524E+00 
5.81999E+01 1.48999E+00  5.32404E-05  1.49022E+00 
5.82999E+01 1.48499E+00  5.21006E-05  1.48522E+00 
5.83999E+01 1.47999E+00  5.09987E-05  1.48022E+00 
5.84999E+01 1.47499E+00  4.99212E-05  1.47521E+00 
5.85999E+01 1.46999E+00  4.88678E-05  1.47021E+00 
5.86999E+01 1.46499E+00  4.78606E-05  1.46519E+00 
5.87999E+01 1.45999E+00  4.68569E-05  1.46021E+00 
5.88999E+01 1.45499E+00  4.58804E-05  1.45521E+00 
5.89999E+01 1.44999E+00  4.49196E-05  1.45021E+00 
5.90999E+01 1.44499E+00  4.39739E-05  1.44519E+00 
5.91999E+01 1.43999E+00  4.30976E-05  1.44018E+00 
5.92999E+01 1.43499E+00  4.22440E-05  1.43519E+00 
5.93999E+01 1.42999E+00  4.14334E-05  1.43015E+00 
5.94999E+01 1.42499E+00  4.06342E-05  1.42516E+00 
5.95999E+01 1.41999E+00  3.98348E-05  1.42018E+00 
5.96999E+01 1.41499E+00  3.90599E-05  1.41514E+00 
5.97999E+01 1.40999E+00  3.83179E-05  1.41013E+00 
5.98999E+01 1.40499E+00  3.76123E-05  1.40513E+00 
5.99998E+01 1.39999E+00  3.69360E-05  1.40014E+00 
6.00998E+01 1.39499E+00  3.62831E-05  1.39514E+00 
6.01998E+01 1.38999E+00  3.56170E-05  1.39012E+00 
6.02998E+01 1.38499E+00  3.49604E-05  1.38515E+00 
6.03998E+01 1.37999E+00  3.43528E-05  1.38014E+00 
6.04998E+01 1.37499E+00  3.37698E-05  1.37515E+00 
6.05998E+01 1.36999E+00  3.31927E-05  1.37010E+00 
6.06998E+01 1.36499E+00  3.26304E-05  1.36512E+00 
6.07998E+01 1.35999E+00  3.20923E-05  1.36013E+00 
6.08998E+01 1.35499E+00  3.15710E-05  1.35513E+00 
6.09998E+01 1.34999E+00  3.10872E-05  1.35010E+00 
6.10998E+01 1.34499E+00  3.06039E-05  1.34511E+00 
6.11998E+01 1.33999E+00  3.01243E-05  1.34012E+00 
6.12998E+01 1.33499E+00  2.96755E-05  1.33511E+00 
6.13998E+01 1.32999E+00  2.92494E-05  1.33010E+00 
6.14998E+01 1.32499E+00  2.88378E-05  1.32509E+00 
6.15998E+01 1.31999E+00  2.84328E-05  1.32009E+00 
6.16998E+01 1.31499E+00  2.80428E-05  1.31512E+00 
6.17998E+01 1.30999E+00  2.76790E-05  1.31012E+00 
6.18998E+01 1.30499E+00  2.73483E-05  1.30511E+00 
6.19998E+01 1.29999E+00  2.70218E-05  1.30010E+00 
6.20998E+01 1.29499E+00  2.67160E-05  1.29511E+00 
6.21998E+01 1.28999E+00  2.66200E-05  1.29009E+00 
6.22998E+01 1.28499E+00  2.63686E-05  1.28510E+00 
6.23998E+01 1.27999E+00  2.60843E-05  1.28010E+00 
6.24998E+01 1.27499E+00  2.59923E-05  1.27511E+00 
6.25998E+01 1.26999E+00  2.55693E-05  1.27010E+00 
6.26998E+01 1.26499E+00  2.51971E-05  1.26508E+00 
6.27998E+01 1.25999E+00  2.48422E-05  1.26007E+00 
6.28998E+01 1.25499E+00  2.44918E-05  1.25510E+00 
6.29998E+01 1.24999E+00  2.41547E-05  1.25008E+00 
6.30998E+01 1.24499E+00  2.38177E-05  1.24508E+00 
6.31998E+01 1.23999E+00  2.34905E-05  1.24006E+00 
6.32998E+01 1.23499E+00  2.31929E-05  1.23509E+00 
6.33998E+01 1.22999E+00  2.29174E-05  1.23008E+00 
6.34998E+01 1.22499E+00  2.26521E-05  1.22506E+00 
6.35998E+01 1.21999E+00  2.24000E-05  1.22005E+00 
6.36998E+01 1.21499E+00  2.21420E-05  1.21506E+00 
6.37998E+01 1.20999E+00  2.19055E-05  1.21006E+00 
6.38998E+01 1.20499E+00  2.16748E-05  1.20507E+00 
6.39998E+01 1.19999E+00  2.14531E-05  1.20004E+00 
6.40998E+01 1.19500E+00  2.12411E-05  1.19506E+00 
6.41998E+01 1.19000E+00  2.10130E-05  1.19006E+00 
6.42998E+01 1.18500E+00  2.08062E-05  1.18504E+00 
6.43998E+01 1.18000E+00  2.06020E-05  1.18004E+00 
6.44998E+01 1.17500E+00  2.03918E-05  1.17505E+00 
6.45998E+01 1.17000E+00  2.02049E-05  1.17006E+00 
6.46998E+01 1.16500E+00  2.00080E-05  1.16506E+00 
6.47998E+01 1.16000E+00  1.98198E-05  1.16005E+00 
6.48998E+01 1.15500E+00  1.96367E-05  1.15506E+00 
6.49998E+01 1.15000E+00  1.94516E-05  1.15006E+00 
6.50998E+01 1.14500E+00  1.92863E-05  1.14505E+00 
6.51998E+01 1.14000E+00  1.90776E-05  1.14003E+00 
6.52998E+01 1.13500E+00  1.88998E-05  1.13505E+00 
6.53998E+01 1.13000E+00  1.87102E-05  1.13003E+00 
6.54998E+01 1.12500E+00  1.85148E-05  1.12503E+00 
6.55998E+01 1.12000E+00  1.83504E-05  1.12002E+00 
6.56998E+01 1.11500E+00  1.81632E-05  1.11502E+00 
6.57998E+01 1.11000E+00  1.79991E-05  1.10999E+00 
6.58998E+01 1.10500E+00  1.78241E-05  1.10500E+00 
6.59998E+01 1.10000E+00  1.76549E-05  1.10000E+00 
6.60998E+01 1.09500E+00  1.74787E-05  1.09501E+00 
6.61998E+01 1.09000E+00  1.73061E-05  1.08999E+00 
6.62998E+01 1.08500E+00  1.71480E-05  1.08497E+00 
6.63998E+01 1.08000E+00  1.69897E-05  1.08000E+00 
6.64998E+01 1.07500E+00  1.68167E-05  1.07498E+00 
6.65998E+01 1.07000E+00  1.66123E-05  1.06997E+00 
6.66998E+01 1.06500E+00  1.64096E-05  1.06496E+00 
6.67998E+01 1.06000E+00  1.62430E-05  1.05999E+00 
6.68998E+01 1.05500E+00  1.61127E-05  1.05500E+00 
6.69998E+01 1.05000E+00  1.59619E-05  1.04998E+00 
6.70998E+01 1.04500E+00  1.57812E-05  1.04494E+00 
6.71998E+01 1.04000E+00  1.56335E-05  1.03995E+00 
6.72998E+01 1.03500E+00  1.54673E-05  1.03497E+00 
6.73998E+01 1.03000E+00  1.53162E-05  1.02996E+00 
6.74998E+01 1.02500E+00  1.51174E-05  1.02492E+00 
6.75998E+01 1.02000E+00  1.49547E-05  1.01995E+00 
6.76998E+01 1.01500E+00  1.47963E-05  1.01495E+00 
6.77998E+01 1.01000E+00  1.46336E-05  1.00992E+00 
6.78998E+01 1.00500E+00  1.44728E-05  1.00493E+00 
6.79998E+01 9.99995E-01  1.43123E-05  9.99905E-01 
6.80998E+01 9.94996E-01  1.41521E-05  9.94918E-01 
6.81998E+01 9.89996E-01  1.39938E-05  9.89936E-01 
6.82998E+01 9.84996E-01  1.38303E-05  9.84942E-01 
6.83998E+01 9.79996E-01  1.36715E-05  9.79927E-01 
6.84998E+01 9.74996E-01  1.35131E-05  9.74948E-01 
6.85998E+01 9.69996E-01  1.33468E-05  9.69940E-01 
6.86998E+01 9.64996E-01  1.31869E-05  9.64948E-01 
6.87998E+01 9.59996E-01  1.30268E-05  9.59917E-01 
6.88998E+01 9.54996E-01  1.28633E-05  9.54913E-01 
6.89998E+01 9.49996E-01  1.26977E-05  9.49921E-01 
6.90998E+01 9.44996E-01  1.25396E-05  9.44921E-01 
6.91998E+01 9.39996E-01  1.23730E-05  9.39913E-01 
6.92998E+01 9.34996E-01  1.22101E-05  9.34879E-01 
6.93998E+01 9.29996E-01  1.20464E-05  9.29876E-01 
6.94998E+01 9.24996E-01  1.18849E-05  9.24900E-01 
6.95998E+01 9.19996E-01  1.17156E-05  9.19928E-01 
6.96998E+01 9.14996E-01  1.15547E-05  9.14905E-01 
6.97998E+01 9.09996E-01  1.13917E-05  9.09877E-01 
6.98998E+01 9.04996E-01  1.12273E-05  9.04915E-01 
6.99998E+01 8.99996E-01  1.10598E-05  8.99906E-01 
7.00998E+01 8.94996E-01  1.08987E-05  8.94914E-01 
7.01998E+01 8.89996E-01  1.07284E-05  8.89896E-01 
7.02998E+01 8.84996E-01  1.05645E-05  8.84882E-01 
7.03998E+01 8.79996E-01  1.03956E-05  8.79916E-01 
7.04998E+01 8.74996E-01  1.02203E-05  8.74904E-01 
7.05998E+01 8.69996E-01  1.00622E-05  8.69883E-01 
7.06998E+01 8.64996E-01  9.88757E-06  8.64884E-01 
7.07998E+01 8.59996E-01  9.71129E-06  8.59872E-01 
7.08998E+01 8.54996E-01  9.54673E-06  8.54871E-01 
7.09998E+01 8.49996E-01  9.37087E-06  8.49882E-01 
7.10998E+01 8.44996E-01  9.20214E-06  8.44862E-01 
7.11998E+01 8.39996E-01  9.02203E-06  8.39880E-01 
7.12998E+01 8.34996E-01  8.85437E-06  8.34869E-01 
7.13998E+01 8.29996E-01  8.67801E-06  8.29847E-01 
7.14998E+01 8.24996E-01  8.49578E-06  8.24848E-01 
7.15998E+01 8.19996E-01  8.32892E-06  8.19867E-01 
7.16998E+01 8.14996E-01  8.14592E-06  8.14873E-01 
7.17998E+01 8.09996E-01  7.97228E-06  8.09872E-01 
7.18998E+01 8.04996E-01  7.79948E-06  8.04843E-01 
7.19998E+01 7.99996E-01  7.61237E-06  7.99859E-01 
7.20998E+01 7.94996E-01  7.43676E-06  7.94852E-01 
7.21998E+01 7.89996E-01  7.25236E-06  7.89866E-01 
7.22998E+01 7.84996E-01  7.06698E-06  7.84846E-01 
7.23998E+01 7.79996E-01  6.88797E-06  7.79822E-01 
7.24998E+01 7.74996E-01  6.70014E-06  7.74809E-01 
7.25998E+01 7.69996E-01  6.52663E-06  7.69811E-01 
7.26998E+01 7.64996E-01  6.32498E-06  7.64800E-01 
7.27998E+01 7.59996E-01  6.13975E-06  7.59781E-01 
7.28998E+01 7.54996E-01  5.94850E-06  7.54800E-01 
7.29998E+01 7.49996E-01  5.76597E-06  7.49788E-01 
7.30998E+01 7.44996E-01  5.57139E-06  7.44791E-01 
7.31998E+01 7.39996E-01  5.38259E-06  7.39816E-01 
7.32998E+01 7.34996E-01  5.17196E-06  7.34796E-01 
7.33998E+01 7.29996E-01  4.98646E-06  7.29775E-01 
7.34998E+01 7.24996E-01  4.78563E-06  7.24777E-01 
7.35998E+01 7.19996E-01  4.60762E-06  7.19796E-01 
7.36998E+01 7.14996E-01  4.39058E-06  7.14778E-01 
7.37998E+01 7.09996E-01  4.17640E-06  7.09756E-01 
7.38998E+01 7.04996E-01  3.94661E-06  7.04757E-01 
7.39998E+01 6.99996E-01  3.75921E-06  6.99776E-01 
7.40998E+01 6.94996E-01  3.59570E-06  6.94773E-01 
7.41998E+01 6.89996E-01  3.37817E-06  6.89758E-01 
7.42998E+01 6.84996E-01  3.15225E-06  6.84769E-01 
7.43998E+01 6.79996E-01  2.90003E-06  6.79794E-01 
7.44998E+01 6.74996E-01  2.68754E-06  6.74783E-01 
7.45998E+01 6.69996E-01  2.55062E-06  6.69766E-01 
7.46998E+01 6.64996E-01  2.40308E-06  6.64759E-01 
7.47998E+01 6.59996E-01  2.18601E-06  6.59775E-01 
7.48998E+01 6.54996E-01  2.05117E-06  6.54758E-01 
7.49998E+01 6.49996E-01  1.82984E-06  6.49766E-01 
7.50998E+01 6.44996E-01  1.64074E-06  6.44768E-01 
7.51998E+01 6.39996E-01  1.46261E-06  6.39769E-01 
7.52998E+01 6.34996E-01  1.28435E-06  6.34780E-01 
7.53998E+01 6.29996E-01  1.08557E-06  6.29774E-01 
7.54998E+01 6.24996E-01  8.80601E-07  6.24732E-01 
7.55998E+01 6.19996E-01  6.73600E-07  6.19721E-01 
7.56998E+01 6.14996E-01  4.68619E-07  6.14733E-01 
7.57998E+01 6.09996E-01  2.65250E-07  6.09739E-01 
7.58998E+01 6.04996E-01  5.78017E-08  6.04702E-01 
7.59998E+01 5.99996E-01  -1.42125E-07 5.99734E-01 
7.60998E+01 5.94997E-01  -3.42683E-07 5.94725E-01 
7.61998E+01 5.89997E-01  -5.23958E-07 5.89713E-01 
7.62998E+01 5.84997E-01  -7.54650E-07 5.84712E-01 
7.63998E+01 5.79997E-01  -9.79155E-07 5.79705E-01 
7.64998E+01 5.74997E-01  -1.20306E-06 5.74736E-01 
7.65998E+01 5.69997E-01  -1.40660E-06 5.69716E-01 
7.66998E+01 5.64997E-01  -1.61735E-06 5.64715E-01 
7.67998E+01 5.59997E-01  -1.80740E-06 5.59713E-01 
7.68998E+01 5.54997E-01  -2.05063E-06 5.54718E-01 
7.69998E+01 5.49997E-01  -2.29473E-06 5.49693E-01 
7.70998E+01 5.44997E-01  -2.53965E-06 5.44695E-01 
7.71998E+01 5.39997E-01  -2.75952E-06 5.39707E-01 
7.72998E+01 5.34997E-01  -3.00778E-06 5.34722E-01 
7.73998E+01 5.29997E-01  -3.23703E-06 5.29707E-01 
7.74998E+01 5.24997E-01  -3.47639E-06 5.24679E-01 
7.75998E+01 5.19997E-01  -3.74196E-06 5.19672E-01 
7.76998E+01 5.14997E-01  -3.99858E-06 5.14664E-01 
7.77998E+01 5.09997E-01  -4.26314E-06 5.09680E-01 
7.78998E+01 5.04997E-01  -4.53251E-06 5.04678E-01 
7.79998E+01 4.99997E-01  -4.79635E-06 4.99681E-01 
7.80998E+01 4.94997E-01  -5.06661E-06 4.94686E-01 
7.81998E+01 4.89997E-01  -5.35629E-06 4.89671E-01 
7.82998E+01 4.84997E-01  -5.64375E-06 4.84659E-01 
7.83998E+01 4.79997E-01  -5.92742E-06 4.79657E-01 
7.84998E+01 4.74997E-01  -6.23021E-06 4.74660E-01 
7.85998E+01 4.69997E-01  -6.52241E-06 4.69657E-01 
7.86998E+01 4.64997E-01  -6.82590E-06 4.64635E-01 
7.87998E+01 4.59997E-01  -7.13334E-06 4.59638E-01 
7.88998E+01 4.54997E-01  -7.43950E-06 4.54646E-01 
7.89998E+01 4.49997E-01  -7.75644E-06 4.49633E-01 
7.90998E+01 4.44997E-01  -8.07322E-06 4.44608E-01 
7.91998E+01 4.39997E-01  -8.39348E-06 4.39614E-01 
7.92998E+01 4.34997E-01  -8.72204E-06 4.34634E-01 
7.93998E+01 4.29997E-01  -9.04972E-06 4.29613E-01 
7.94998E+01 4.24997E-01  -9.38429E-06 4.24609E-01 
7.95998E+01 4.19997E-01  -9.72253E-06 4.19604E-01 
7.96998E+01 4.14997E-01  -1.00637E-05 4.14612E-01 
7.97998E+01 4.09997E-01  -1.04110E-05 4.09605E-01 
7.98998E+01 4.04997E-01  -1.07591E-05 4.04579E-01 
7.99998E+01 3.99997E-01  -1.11158E-05 3.99584E-01 
8.00998E+01 3.94997E-01  -1.14688E-05 3.94609E-01 
8.01998E+01 3.89997E-01  -1.18322E-05 3.89608E-01 
8.02998E+01 3.84997E-01  -1.21997E-05 3.84604E-01 
8.03998E+01 3.79997E-01  -1.25749E-05 3.79600E-01 
8.04998E+01 3.74997E-01  -1.29538E-05 3.74594E-01 
8.05998E+01 3.69997E-01  -1.33327E-05 3.69598E-01 
8.06998E+01 3.64997E-01  -1.37175E-05 3.64597E-01 
8.07998E+01 3.59997E-01  -1.41014E-05 3.59587E-01 
8.08998E+01 3.54997E-01  -1.44824E-05 3.54608E-01 
8.09998E+01 3.49997E-01  -1.48873E-05 3.49601E-01 
8.10998E+01 3.44997E-01  -1.52962E-05 3.44598E-01 
8.11998E+01 3.39997E-01  -1.57027E-05 3.39609E-01 
8.12998E+01 3.34997E-01  -1.61040E-05 3.34598E-01 
8.13998E+01 3.29997E-01  -1.65186E-05 3.29609E-01 
8.14998E+01 3.24997E-01  -1.69014E-05 3.24600E-01 
8.15998E+01 3.19997E-01  -1.73155E-05 3.19605E-01 
8.16998E+01 3.14997E-01  -1.77578E-05 3.14589E-01 
8.17998E+01 3.09997E-01  -1.82278E-05 3.09591E-01 
8.18998E+01 3.04997E-01  -1.86428E-05 3.04575E-01 
8.19998E+01 2.99997E-01  -1.91043E-05 2.99578E-01 
8.20998E+01 2.94997E-01  -1.95401E-05 2.94577E-01 
8.21998E+01 2.89997E-01  -1.99299E-05 2.89591E-01 
8.22998E+01 2.84997E-01  -2.03898E-05 2.84592E-01 
8.23998E+01 2.79997E-01  -2.08860E-05 2.79566E-01 
8.24998E+01 2.74997E-01  -2.13440E-05 2.74570E-01 
8.25998E+01 2.69997E-01  -2.17298E-05 2.69553E-01 
8.26998E+01 2.64997E-01  -2.22285E-05 2.64560E-01 
8.27998E+01 2.59997E-01  -2.26476E-05 2.59559E-01 
8.28998E+01 2.54997E-01  -2.30678E-05 2.54554E-01 
8.29998E+01 2.49997E-01  -2.35684E-05 2.49543E-01 
8.30998E+01 2.44997E-01  -2.41170E-05 2.44547E-01 
8.31998E+01 2.39997E-01  -2.46081E-05 2.39563E-01 
8.32998E+01 2.34997E-01  -2.50701E-05 2.34544E-01 
8.33998E+01 2.29997E-01  -2.56310E-05 2.29520E-01 
8.34998E+01 2.24997E-01  -2.60192E-05 2.24561E-01 
8.35998E+01 2.19997E-01  -2.64947E-05 2.19543E-01 
8.36998E+01 2.14997E-01  -2.70114E-05 2.14529E-01 
8.37998E+01 2.09997E-01  -2.75419E-05 2.09512E-01 
8.38998E+01 2.04997E-01  -2.80825E-05 2.04523E-01 
8.39998E+01 1.99997E-01  -2.85867E-05 1.99530E-01 
8.40998E+01 1.94998E-01  -2.90656E-05 1.94507E-01 
8.41998E+01 1.89998E-01  -2.96304E-05 1.89530E-01 
8.42998E+01 1.84998E-01  -3.01054E-05 1.84515E-01 
8.43998E+01 1.79998E-01  -3.04710E-05 1.79510E-01 
8.44998E+01 1.74998E-01  -3.09994E-05 1.74518E-01 
8.45998E+01 1.69998E-01  -3.15890E-05 1.69495E-01 
8.46998E+01 1.64998E-01  -3.22493E-05 1.64496E-01 
8.47998E+01 1.59998E-01  -3.29044E-05 1.59489E-01 
8.48998E+01 1.54998E-01  -3.35046E-05 1.54491E-01 
8.49998E+01 1.49998E-01  -3.41691E-05 1.49498E-01 
8.50998E+01 1.44998E-01  -3.47136E-05 1.44503E-01 
8.51998E+01 1.39998E-01  -3.51991E-05 1.39479E-01 
8.52998E+01 1.34998E-01  -3.58436E-05 1.34443E-01 
8.53998E+01 1.29998E-01  -3.64737E-05 1.29441E-01 
8.54998E+01 1.24998E-01  -3.71101E-05 1.24467E-01 
8.55998E+01 1.19998E-01  -3.76788E-05 1.19474E-01 
8.56998E+01 1.14998E-01  -3.83084E-05 1.14459E-01 
8.57998E+01 1.09998E-01  -3.89108E-05 1.09463E-01 
8.58998E+01 1.04998E-01  -3.95379E-05 1.04477E-01 
8.59998E+01 9.99977E-02  -4.01965E-05 9.94713E-02 
8.60998E+01 9.49978E-02  -4.08777E-05 9.44348E-02 
8.61998E+01 8.99978E-02  -4.15583E-05 8.94321E-02 
8.62998E+01 8.49978E-02  -4.22561E-05 8.44424E-02 
8.63998E+01 7.99978E-02  -4.29705E-05 7.94333E-02 
8.64998E+01 7.49978E-02  -4.36825E-05 7.44399E-02 
8.65998E+01 6.99978E-02  -4.44529E-05 6.94415E-02 
8.66998E+01 6.49978E-02  -4.52368E-05 6.44474E-02 
8.67998E+01 5.99978E-02  -4.60531E-05 5.94384E-02 
8.68998E+01 5.49979E-02  -4.68952E-05 5.44312E-02 
8.69998E+01 4.99979E-02  -4.77668E-05 4.94335E-02 
8.70998E+01 4.49979E-02  -4.86619E-05 4.44232E-02 
8.71998E+01 3.99979E-02  -4.95842E-05 3.94647E-02 
8.72998E+01 3.49979E-02  -5.05677E-05 3.44207E-02 
8.73998E+01 2.99979E-02  -5.16025E-05 2.94341E-02 
8.74998E+01 2.49979E-02  -5.26349E-05 2.44232E-02 
8.75998E+01 1.99979E-02  -5.37398E-05 1.94410E-02 
8.76998E+01 1.49980E-02  -5.48669E-05 1.44439E-02 
8.77998E+01 9.99797E-03  -5.60360E-05 9.40737E-03 
8.78998E+01 4.99799E-03  -5.72197E-05 4.37336E-03 
8.79998E+01 -2.00000E-06 -5.84718E-05 -5.60774E-04
8.80998E+01 -5.00199E-03 -5.97602E-05 -5.58856E-03
8.81998E+01 -1.00020E-02 -6.11115E-05 -1.06232E-02
8.82998E+01 -1.50020E-02 -6.24809E-05 -1.56216E-02
8.83998E+01 -2.00020E-02 -6.39071E-05 -2.06525E-02
8.84998E+01 -2.50019E-02 -6.53795E-05 -2.56053E-02
8.85998E+01 -3.00019E-02 -6.69527E-05 -3.06306E-02
8.86998E+01 -3.50019E-02 -6.85391E-05 -3.56240E-02
8.87998E+01 -4.00019E-02 -7.01723E-05 -4.06006E-02
8.88998E+01 -4.50019E-02 -7.18476E-05 -4.56040E-02
8.89998E+01 -5.00019E-02 -7.35536E-05 -5.06149E-02
8.90998E+01 -5.50019E-02 -7.53058E-05 -5.56289E-02
8.91998E+01 -6.00019E-02 -7.71046E-05 -6.06617E-02
8.92998E+01 -6.50018E-02 -7.89121E-05 -6.56277E-02
8.93998E+01 -7.00018E-02 -8.07564E-05 -7.06336E-02
8.94998E+01 -7.50018E-02 -8.26012E-05 -7.56401E-02
8.95998E+01 -8.00018E-02 -8.44273E-05 -8.06773E-02
8.96998E+01 -8.50018E-02 -8.63174E-05 -8.56501E-02
8.97998E+01 -9.00018E-02 -8.82595E-05 -9.06267E-02
8.98998E+01 -9.50018E-02 -9.01426E-05 -9.56519E-02
8.99998E+01 -1.00002E-01 -9.20852E-05 -1.00668E-01
9.00998E+01 -1.05002E-01 -9.39087E-05 -1.05646E-01
9.01998E+01 -1.10002E-01 -9.57432E-05 -1.10628E-01
9.02998E+01 -1.15002E-01 -9.75695E-05 -1.15656E-01
9.03998E+01 -1.20002E-01 -9.94394E-05 -1.20653E-01
9.04998E+01 -1.25002E-01 -1.01254E-04 -1.25637E-01
9.05998E+01 -1.30002E-01 -1.03127E-04 -1.30633E-01
9.06998E+01 -1.35002E-01 -1.04904E-04 -1.35665E-01
9.07998E+01 -1.40002E-01 -1.06701E-04 -1.40676E-01
9.08998E+01 -1.45002E-01 -1.08439E-04 -1.45672E-01
9.09998E+01 -1.50002E-01 -1.10240E-04 -1.50653E-01
9.10998E+01 -1.55002E-01 -1.12104E-04 -1.55650E-01
9.11998E+01 -1.60002E-01 -1.13769E-04 -1.60675E-01
9.12998E+01 -1.65002E-01 -1.15443E-04 -1.65668E-01
9.13998E+01 -1.70002E-01 -1.17165E-04 -1.70654E-01
9.14998E+01 -1.75002E-01 -1.18971E-04 -1.75672E-01
9.15998E+01 -1.80002E-01 -1.20819E-04 -1.80701E-01
9.16998E+01 -1.85002E-01 -1.22719E-04 -1.85704E-01
9.17998E+01 -1.90002E-01 -1.24676E-04 -1.90703E-01
9.18998E+01 -1.95002E-01 -1.26769E-04 -1.95709E-01
9.19998E+01 -2.00002E-01 -1.28853E-04 -2.00719E-01
9.20998E+01 -2.05001E-01 -1.30931E-04 -2.05712E-01
9.21998E+01 -2.10001E-01 -1.33133E-04 -2.10703E-01
9.22998E+01 -2.15001E-01 -1.35467E-04 -2.15705E-01
9.23998E+01 -2.20001E-01 -1.37653E-04 -2.20692E-01
9.24998E+01 -2.25001E-01 -1.39901E-04 -2.25706E-01
9.25998E+01 -2.30001E-01 -1.42143E-04 -2.30704E-01
9.26998E+01 -2.35001E-01 -1.44631E-04 -2.35719E-01
9.27998E+01 -2.40001E-01 -1.47232E-04 -2.40729E-01
9.28998E+01 -2.45001E-01 -1.49865E-04 -2.45684E-01
9.29998E+01 -2.50001E-01 -1.52566E-04 -2.50707E-01
9.30998E+01 -2.55001E-01 -1.55410E-04 -2.55710E-01
9.31998E+01 -2.60001E-01 -1.58298E-04 -2.60737E-01
9.32998E+01 -2.65001E-01 -1.61235E-04 -2.65724E-01
9.33998E+01 -2.70001E-01 -1.64079E-04 -2.70696E-01
9.34998E+01 -2.75001E-01 -1.66927E-04 -2.75711E-01
9.35998E+01 -2.80001E-01 -1.69758E-04 -2.80728E-01
9.36998E+01 -2.85001E-01 -1.72671E-04 -2.85752E-01
9.37998E+01 -2.90001E-01 -1.75398E-04 -2.90714E-01
9.38998E+01 -2.95001E-01 -1.78116E-04 -2.95739E-01
9.39998E+01 -3.00001E-01 -1.80835E-04 -3.00764E-01
9.40998E+01 -3.05001E-01 -1.83574E-04 -3.05758E-01
9.41998E+01 -3.10001E-01 -1.86244E-04 -3.10725E-01
9.42998E+01 -3.15001E-01 -1.88875E-04 -3.15739E-01
9.43998E+01 -3.20001E-01 -1.91304E-04 -3.20748E-01
9.44998E+01 -3.25001E-01 -1.93588E-04 -3.25764E-01
9.45998E+01 -3.30001E-01 -1.95886E-04 -3.30775E-01
9.46998E+01 -3.35001E-01 -1.97955E-04 -3.35768E-01
9.47998E+01 -3.40001E-01 -1.99870E-04 -3.40775E-01
9.48998E+01 -3.45001E-01 -2.01474E-04 -3.45787E-01
9.49998E+01 -3.50001E-01 -2.02765E-04 -3.50796E-01
9.50998E+01 -3.55001E-01 -2.03682E-04 -3.55788E-01
9.51998E+01 -3.60001E-01 -2.04094E-04 -3.60776E-01
9.52998E+01 -3.65001E-01 -2.03510E-04 -3.65771E-01
9.53998E+01 -3.70001E-01 -2.01466E-04 -3.70794E-01
9.54998E+01 -3.75001E-01 -1.97142E-04 -3.75796E-01
9.55998E+01 -3.80001E-01 -1.89430E-04 -3.80783E-01
9.56998E+01 -3.85001E-01 -1.76663E-04 -3.85785E-01
9.57998E+01 -3.90001E-01 -1.56186E-04 -3.90792E-01
9.58998E+01 -3.95001E-01 -1.29204E-04 -3.95806E-01
9.59998E+01 -4.00001E-01 -1.06735E-04 -4.00791E-01
9.60998E+01 -4.05001E-01 -9.28145E-05 -4.05819E-01
9.61998E+01 -4.10001E-01 -8.37152E-05 -4.10827E-01
9.62998E+01 -4.15001E-01 -7.74247E-05 -4.15796E-01
9.63998E+01 -4.20001E-01 -7.28564E-05 -4.20796E-01
9.64998E+01 -4.25001E-01 -6.92030E-05 -4.25808E-01
9.65998E+01 -4.30001E-01 -6.63493E-05 -4.30806E-01
9.66998E+01 -4.35001E-01 -6.44861E-05 -4.35807E-01
9.67998E+01 -4.40001E-01 -6.23057E-05 -4.40797E-01
9.68998E+01 -4.45001E-01 -6.01737E-05 -4.45814E-01
9.69998E+01 -4.50001E-01 -5.83037E-05 -4.50818E-01
9.70998E+01 -4.55001E-01 -5.65130E-05 -4.55846E-01
9.71998E+01 -4.60001E-01 -5.50476E-05 -4.60826E-01
9.72998E+01 -4.65001E-01 -5.36809E-05 -4.65789E-01
9.73998E+01 -4.70001E-01 -5.24702E-05 -4.70813E-01
9.74998E+01 -4.75001E-01 -5.13665E-05 -4.75832E-01
9.75998E+01 -4.80001E-01 -5.03460E-05 -4.80823E-01
9.76998E+01 -4.85001E-01 -4.94136E-05 -4.85850E-01
9.77998E+01 -4.90001E-01 -4.85616E-05 -4.90839E-01
9.78998E+01 -4.95001E-01 -4.77481E-05 -4.95855E-01
9.79998E+01 -5.00001E-01 -4.70198E-05 -5.00844E-01
9.80998E+01 -5.05001E-01 -4.63363E-05 -5.05878E-01
9.81998E+01 -5.10001E-01 -4.56945E-05 -5.10883E-01
9.82998E+01 -5.15001E-01 -4.50953E-05 -5.15852E-01
9.83998E+01 -5.20001E-01 -4.45315E-05 -5.20847E-01
9.84998E+01 -5.25001E-01 -4.40352E-05 -5.25869E-01
9.85998E+01 -5.30001E-01 -4.35528E-05 -5.30899E-01
9.86998E+01 -5.35001E-01 -4.31286E-05 -5.35868E-01
9.87998E+01 -5.40001E-01 -4.27300E-05 -5.40873E-01
9.88998E+01 -5.45001E-01 -4.23652E-05 -5.45850E-01
9.89998E+01 -5.50001E-01 -4.20332E-05 -5.50874E-01
9.90998E+01 -5.55001E-01 -4.17449E-05 -5.55871E-01
9.91998E+01 -5.60001E-01 -4.15238E-05 -5.60871E-01
9.92998E+01 -5.65001E-01 -4.12649E-05 -5.65833E-01
9.93998E+01 -5.70001E-01 -4.10677E-05 -5.70867E-01
9.94998E+01 -5.75001E-01 -4.08928E-05 -5.75884E-01
9.95998E+01 -5.80001E-01 -4.07446E-05 -5.80869E-01
9.96998E+01 -5.85001E-01 -4.06288E-05 -5.85874E-01
9.97998E+01 -5.90001E-01 -4.05153E-05 -5.90911E-01
9.98998E+01 -5.95001E-01 -4.04240E-05 -5.95913E-01
9.99997E+01 -6.00001E-01 -4.03593E-05 -6.00903E-01
1.00100E+02 -6.05000E-01 -4.03076E-05 -6.05900E-01
1.00200E+02 -6.10000E-01 -4.02671E-05 -6.10897E-01
1.00300E+02 -6.15000E-01 -4.02241E-05 -6.15924E-01
1.00400E+02 -6.20000E-01 -4.01871E-05 -6.20929E-01
1.00500E+02 -6.25000E-01 -4.01720E-05 -6.25907E-01
1.00600E+02 -6.30000E-01 -4.01643E-05 -6.30935E-01
1.00700E+02 -6.35000E-01 -4.01578E-05 -6.35933E-01
1.00800E+02 -6.40000E-01 -4.01704E-05 -6.40931E-01
1.00900E+02 -6.45000E-01 -4.01852E-05 -6.45922E-01
1.01000E+02 -6.50000E-01 -4.01957E-05 -6.50935E-01
1.01100E+02 -6.55000E-01 -4.02121E-05 -6.55969E-01
1.01200E+02 -6.60000E-01 -4.02356E-05 -6.60959E-01
1.01300E+02 -6.65000E-01 -4.02479E-05 -6.65948E-01
1.01400E+02 -6.70000E-01 -4.02622E-05 -6.70946E-01
1.01500E+02 -6.75000E-01 -4.02870E-05 -6.75955E-01
1.01600E+02 -6.80000E-01 -4.03174E-05 -6.80960E-01
1.01700E+02 -6.85000E-01 -4.03181E-05 -6.85976E-01
1.01800E+02 -6.90000E-01 -4.03473E-05 -6.90954E-01
1.01900E+02 -6.95000E-01 -4.03632E-05 -6.95976E-01
1.02000E+02 -7.00000E-01 -4.03782E-05 -7.00979E-01
1.02100E+02 -7.05000E-01 -4.03922E-05 -7.05950E-01
1.02200E+02 -7.10000E-01 -4.04010E-05 -7.10943E-01
1.02300E+02 -7.15000E-01 -4.04110E-05 -7.15960E-01
1.02400E+02 -7.20000E-01 -4.04207E-05 -7.20970E-01
1.02500E+02 -7.25000E-01 -4.04293E-05 -7.25941E-01
1.02600E+02 -7.30000E-01 -4.04515E-05 -7.30950E-01
1.02700E+02 -7.35000E-01 -4.04479E-05 -7.35976E-01
1.02800E+02 -7.40000E-01 -4.04555E-05 -7.40989E-01
1.02900E+02 -7.45000E-01 -4.04612E-05 -7.45973E-01
1.03000E+02 -7.50000E-01 -4.04678E-05 -7.50970E-01
1.03100E+02 -7.55000E-01 -4.04756E-05 -7.55971E-01
1.03200E+02 -7.60000E-01 -4.05013E-05 -7.60977E-01
1.03300E+02 -7.65000E-01 -4.05223E-05 -7.65973E-01
1.03400E+02 -7.70000E-01 -4.05580E-05 -7.70968E-01
1.03500E+02 -7.75000E-01 -4.05891E-05 -7.75985E-01
1.03600E+02 -7.80000E-01 -4.06434E-05 -7.80991E-01
1.03700E+02 -7.85000E-01 -4.06737E-05 -7.85987E-01
1.03800E+02 -7.90000E-01 -4.07373E-05 -7.90970E-01
1.03900E+02 -7.95000E-01 -4.08093E-05 -7.95989E-01
