time/s      E/V        I/A
0.00000E+00 -8.00000E-01 -1.13496E-04 -8.01431E-01
9.99997E-02 -7.95000E-01 -8.32161E-05 -7.96431E-01
1.99999E-01 -7.90000E-01 -6.87315E-05 -7.91443E-01
2.99999E-01 -7.85000E-01 -5.91755E-05 -7.86459E-01
3.99999E-01 -7.80000E-01 -5.40776E-05 -7.81423E-01
4.99999E-01 -7.75000E-01 -4.89712E-05 -7.76438E-01
5.99998E-01 -7.70000E-01 -4.49402E-05 -7.71410E-01
6.99998E-01 -7.65000E-01 -4.16917E-05 -7.66413E-01
7.99998E-01 -7.60000E-01 -3.89548E-05 -7.61417E-01
8.99998E-01 -7.55000E-01 -3.66270E-05 -7.56413E-01
9.99997E-01 -7.50000E-01 -3.45902E-05 -7.51392E-01
1.10000E+00 -7.45000E-01 -3.29675E-05 -7.46417E-01
1.20000E+00 -7.40000E-01 -3.13811E-05 -7.41426E-01
1.30000E+00 -7.35000E-01 -2.99397E-05 -7.36392E-01
1.40000E+00 -7.30000E-01 -2.86381E-05 -7.31398E-01
1.50000E+00 -7.25000E-01 -2.74585E-05 -7.26394E-01
1.60000E+00 -7.20000E-01 -2.63606E-05 -7.21406E-01
1.70000E+00 -7.15000E-01 -2.53495E-05 -7.16381E-01
1.80000E+00 -7.10000E-01 -2.44157E-05 -7.11361E-01
1.90000E+00 -7.05000E-01 -2.35674E-05 -7.06385E-01
1.99999E+00 -7.00000E-01 -2.27511E-05 -7.01374E-01
2.09999E+00 -6.95000E-01 -2.19799E-05 -6.96367E-01
2.19999E+00 -6.90000E-01 -2.12792E-05 -6.91362E-01
2.29999E+00 -6.85000E-01 -2.06029E-05 -6.86376E-01
2.39999E+00 -6.80000E-01 -1.99496E-05 -6.81383E-01
2.49999E+00 -6.75000E-01 -1.93447E-05 -6.76369E-01
2.59999E+00 -6.70000E-01 -1.87674E-05 -6.71373E-01
2.69999E+00 -6.65000E-01 -1.82205E-05 -6.66344E-01
2.79999E+00 -6.60000E-01 -1.76981E-05 -6.61353E-01
2.89999E+00 -6.55000E-01 -1.71983E-05 -6.56373E-01
2.99999E+00 -6.50000E-01 -1.67211E-05 -6.51336E-01
3.09999E+00 -6.45000E-01 -1.62615E-05 -6.46327E-01
3.19999E+00 -6.40000E-01 -1.58211E-05 -6.41326E-01
3.29999E+00 -6.35000E-01 -1.53977E-05 -6.36331E-01
3.39999E+00 -6.30000E-01 -1.50045E-05 -6.31323E-01
3.49999E+00 -6.25000E-01 -1.46137E-05 -6.26323E-01
3.59999E+00 -6.20000E-01 -1.42430E-05 -6.21312E-01
3.69999E+00 -6.15000E-01 -1.38858E-05 -6.16328E-01
3.79999E+00 -6.10000E-01 -1.35347E-05 -6.11332E-01
3.89999E+00 -6.05000E-01 -1.32031E-05 -6.06321E-01
3.99999E+00 -6.00001E-01 -1.28888E-05 -6.01323E-01
4.09999E+00 -5.95001E-01 -1.25746E-05 -5.96340E-01
4.19999E+00 -5.90001E-01 -1.22770E-05 -5.91324E-01
4.29999E+00 -5.85001E-01 -1.19729E-05 -5.86309E-01
4.39999E+00 -5.80001E-01 -1.16924E-05 -5.81304E-01
4.49999E+00 -5.75001E-01 -1.14217E-05 -5.76299E-01
4.59999E+00 -5.70001E-01 -1.11607E-05 -5.71298E-01
4.69999E+00 -5.65001E-01 -1.08988E-05 -5.66303E-01
4.79999E+00 -5.60001E-01 -1.06426E-05 -5.61304E-01
4.89999E+00 -5.55001E-01 -1.03640E-05 -5.56303E-01
4.99999E+00 -5.50001E-01 -1.01407E-05 -5.51308E-01
5.09999E+00 -5.45001E-01 -9.93357E-06 -5.46289E-01
5.19999E+00 -5.40001E-01 -9.66586E-06 -5.41288E-01
5.29999E+00 -5.35001E-01 -9.46059E-06 -5.36297E-01
5.39999E+00 -5.30001E-01 -9.20133E-06 -5.31298E-01
5.49999E+00 -5.25001E-01 -9.00987E-06 -5.26288E-01
5.59999E+00 -5.20001E-01 -8.85739E-06 -5.21269E-01
5.69999E+00 -5.15001E-01 -8.60100E-06 -5.16283E-01
5.79999E+00 -5.10001E-01 -8.44838E-06 -5.11298E-01
5.89999E+00 -5.05001E-01 -8.18545E-06 -5.06291E-01
5.99998E+00 -5.00001E-01 -7.93466E-06 -5.01276E-01
6.09998E+00 -4.95001E-01 -7.81406E-06 -4.96296E-01
6.19998E+00 -4.90001E-01 -7.73006E-06 -4.91255E-01
6.29998E+00 -4.85001E-01 -7.47829E-06 -4.86241E-01
6.39998E+00 -4.80001E-01 -7.39939E-06 -4.81230E-01
6.49998E+00 -4.75001E-01 -7.13710E-06 -4.76221E-01
6.59998E+00 -4.70001E-01 -7.01011E-06 -4.71215E-01
6.69998E+00 -4.65001E-01 -6.99316E-06 -4.66224E-01
6.79998E+00 -4.60001E-01 -6.91678E-06 -4.61188E-01
6.89998E+00 -4.55001E-01 -6.73375E-06 -4.56218E-01
6.99998E+00 -4.50001E-01 -6.66744E-06 -4.51207E-01
7.09998E+00 -4.45001E-01 -6.48648E-06 -4.46198E-01
7.19998E+00 -4.40001E-01 -6.35814E-06 -4.41206E-01
7.29998E+00 -4.35001E-01 -6.18851E-06 -4.36222E-01
7.39998E+00 -4.30001E-01 -6.06006E-06 -4.31196E-01
7.49998E+00 -4.25001E-01 -5.94282E-06 -4.26181E-01
7.59998E+00 -4.20001E-01 -5.77331E-06 -4.21196E-01
7.69998E+00 -4.15001E-01 -5.60127E-06 -4.16192E-01
7.79998E+00 -4.10001E-01 -5.46846E-06 -4.11189E-01
7.89998E+00 -4.05001E-01 -5.36621E-06 -4.06152E-01
7.99998E+00 -4.00001E-01 -5.23906E-06 -4.01181E-01
8.09998E+00 -3.95001E-01 -5.14448E-06 -3.96204E-01
8.19998E+00 -3.90001E-01 -5.00255E-06 -3.91177E-01
8.29998E+00 -3.85001E-01 -4.86345E-06 -3.86162E-01
8.39998E+00 -3.80001E-01 -4.74798E-06 -3.81180E-01
8.49998E+00 -3.75001E-01 -4.64581E-06 -3.76188E-01
8.59998E+00 -3.70001E-01 -4.54171E-06 -3.71174E-01
8.69998E+00 -3.65001E-01 -4.42606E-06 -3.66162E-01
8.79998E+00 -3.60001E-01 -4.29624E-06 -3.61164E-01
8.89998E+00 -3.55001E-01 -4.20176E-06 -3.56183E-01
8.99998E+00 -3.50001E-01 -4.10194E-06 -3.51160E-01
9.09998E+00 -3.45001E-01 -3.98642E-06 -3.46151E-01
9.19998E+00 -3.40001E-01 -3.86687E-06 -3.41157E-01
9.29998E+00 -3.35001E-01 -3.76067E-06 -3.36153E-01
9.39998E+00 -3.30001E-01 -3.65326E-06 -3.31155E-01
9.49998E+00 -3.25001E-01 -3.53981E-06 -3.26146E-01
9.59998E+00 -3.20001E-01 -3.43144E-06 -3.21134E-01
9.69998E+00 -3.15001E-01 -3.32243E-06 -3.16126E-01
9.79998E+00 -3.10001E-01 -3.22963E-06 -3.11118E-01
9.89998E+00 -3.05001E-01 -3.11566E-06 -3.06143E-01
9.99997E+00 -3.00001E-01 -3.00006E-06 -3.01116E-01
1.01000E+01 -2.95001E-01 -2.89984E-06 -2.96127E-01
1.02000E+01 -2.90001E-01 -2.79616E-06 -2.91114E-01
1.03000E+01 -2.85001E-01 -2.69303E-06 -2.86116E-01
1.04000E+01 -2.80001E-01 -2.59208E-06 -2.81119E-01
1.05000E+01 -2.75001E-01 -2.49010E-06 -2.76110E-01
1.06000E+01 -2.70001E-01 -2.38914E-06 -2.71113E-01
1.07000E+01 -2.65001E-01 -2.28893E-06 -2.66115E-01
1.08000E+01 -2.60001E-01 -2.18915E-06 -2.61118E-01
1.09000E+01 -2.55001E-01 -2.09039E-06 -2.56104E-01
1.10000E+01 -2.50001E-01 -1.98770E-06 -2.51101E-01
1.11000E+01 -2.45001E-01 -1.89224E-06 -2.46094E-01
1.12000E+01 -2.40001E-01 -1.79470E-06 -2.41102E-01
1.13000E+01 -2.35001E-01 -1.69565E-06 -2.36099E-01
1.14000E+01 -2.30001E-01 -1.59866E-06 -2.31085E-01
1.15000E+01 -2.25001E-01 -1.50139E-06 -2.26097E-01
1.16000E+01 -2.20001E-01 -1.40585E-06 -2.21087E-01
1.17000E+01 -2.15001E-01 -1.30943E-06 -2.16094E-01
1.18000E+01 -2.10001E-01 -1.21499E-06 -2.11064E-01
1.19000E+01 -2.05001E-01 -1.11873E-06 -2.06084E-01
1.20000E+01 -2.00002E-01 -1.02178E-06 -2.01084E-01
1.21000E+01 -1.95002E-01 -9.30271E-07 -1.96076E-01
1.22000E+01 -1.90002E-01 -8.39394E-07 -1.91074E-01
1.23000E+01 -1.85002E-01 -7.42226E-07 -1.86048E-01
1.24000E+01 -1.80002E-01 -6.48901E-07 -1.81058E-01
1.25000E+01 -1.75002E-01 -5.55768E-07 -1.76061E-01
1.26000E+01 -1.70002E-01 -4.62363E-07 -1.71036E-01
1.27000E+01 -1.65002E-01 -3.70584E-07 -1.66047E-01
1.28000E+01 -1.60002E-01 -2.79709E-07 -1.61027E-01
1.29000E+01 -1.55002E-01 -1.88625E-07 -1.56022E-01
1.30000E+01 -1.50002E-01 -9.43855E-08 -1.51015E-01
1.31000E+01 -1.45002E-01 -7.94009E-09 -1.46005E-01
1.32000E+01 -1.40002E-01 7.91893E-08  -1.40997E-01
1.33000E+01 -1.35002E-01 1.70271E-07  -1.35989E-01
1.34000E+01 -1.30002E-01 2.58532E-07  -1.30983E-01
1.35000E+01 -1.25002E-01 3.45867E-07  -1.26004E-01
1.36000E+01 -1.20002E-01 4.32072E-07  -1.20992E-01
1.37000E+01 -1.15002E-01 5.14760E-07  -1.15984E-01
1.38000E+01 -1.10002E-01 5.98837E-07  -1.10961E-01
1.39000E+01 -1.05002E-01 6.91677E-07  -1.05980E-01
1.40000E+01 -1.00002E-01 7.78242E-07  -1.00978E-01
1.41000E+01 -9.50018E-02 8.61797E-07  -9.59623E-02
1.42000E+01 -9.00018E-02 9.44919E-07  -9.09396E-02
1.43000E+01 -8.50018E-02 1.02074E-06  -8.59643E-02
1.44000E+01 -8.00018E-02 1.09457E-06  -8.09727E-02
1.45000E+01 -7.50018E-02 1.17862E-06  -7.59724E-02
1.46000E+01 -7.00018E-02 1.26296E-06  -7.09515E-02
1.47000E+01 -6.50018E-02 1.34641E-06  -6.59550E-02
1.48000E+01 -6.00019E-02 1.42828E-06  -6.09734E-02
1.49000E+01 -5.50019E-02 1.50849E-06  -5.59650E-02
1.50000E+01 -5.00019E-02 1.58846E-06  -5.09522E-02
1.51000E+01 -4.50019E-02 1.66935E-06  -4.59538E-02
1.52000E+01 -4.00019E-02 1.74729E-06  -4.09772E-02
1.53000E+01 -3.50019E-02 1.83061E-06  -3.59832E-02
1.54000E+01 -3.00019E-02 1.91195E-06  -3.09504E-02
1.55000E+01 -2.50019E-02 1.99337E-06  -2.59470E-02
1.56000E+01 -2.00020E-02 2.07305E-06  -2.09673E-02
1.57000E+01 -1.50020E-02 2.15499E-06  -1.59508E-02
1.58000E+01 -1.00020E-02 2.23694E-06  -1.09317E-02
1.59000E+01 -5.00199E-03 2.31966E-06  -5.92267E-03
1.60000E+01 -2.00000E-06 2.40155E-06  -9.13642E-04
1.61000E+01 4.99799E-03  2.48406E-06  4.05855E-03 
1.62000E+01 9.99797E-03  2.56975E-06  9.08008E-03 
1.63000E+01 1.49980E-02  2.65409E-06  1.40685E-02 
1.64000E+01 1.99979E-02  2.73965E-06  1.91013E-02 
1.65000E+01 2.49979E-02  2.82548E-06  2.40585E-02 
1.66000E+01 2.99979E-02  2.91285E-06  2.90744E-02 
1.67000E+01 3.49979E-02  3.00056E-06  3.40865E-02 
1.68000E+01 3.99979E-02  3.09071E-06  3.91124E-02 
1.69000E+01 4.49979E-02  3.18104E-06  4.40940E-02 
1.70000E+01 4.99979E-02  3.27173E-06  4.90905E-02 
1.71000E+01 5.49979E-02  3.36333E-06  5.40990E-02 
1.72000E+01 5.99978E-02  3.45754E-06  5.91055E-02 
1.73000E+01 6.49978E-02  3.55179E-06  6.41095E-02 
1.74000E+01 6.99978E-02  3.64746E-06  6.91123E-02 
1.75000E+01 7.49978E-02  3.74476E-06  7.41238E-02 
1.76000E+01 7.99978E-02  3.84215E-06  7.91229E-02 
1.77000E+01 8.49978E-02  3.94147E-06  8.41307E-02 
1.78000E+01 8.99978E-02  4.04112E-06  8.91297E-02 
1.79000E+01 9.49978E-02  4.14464E-06  9.41469E-02 
1.80000E+01 9.99977E-02  4.24715E-06  9.91391E-02 
1.81000E+01 1.04998E-01  4.35367E-06  1.04159E-01 
1.82000E+01 1.09998E-01  4.45835E-06  1.09137E-01 
1.83000E+01 1.14998E-01  4.56698E-06  1.14158E-01 
1.84000E+01 1.19998E-01  4.67669E-06  1.19160E-01 
1.85000E+01 1.24998E-01  4.78673E-06  1.24172E-01 
1.86000E+01 1.29998E-01  4.89939E-06  1.29163E-01 
1.87000E+01 1.34998E-01  5.01348E-06  1.34156E-01 
1.88000E+01 1.39998E-01  5.12868E-06  1.39185E-01 
1.89000E+01 1.44998E-01  5.24570E-06  1.44182E-01 
1.90000E+01 1.49998E-01  5.36472E-06  1.49176E-01 
1.91000E+01 1.54998E-01  5.48453E-06  1.54190E-01 
1.92000E+01 1.59998E-01  5.60762E-06  1.59203E-01 
1.93000E+01 1.64998E-01  5.73127E-06  1.64191E-01 
1.94000E+01 1.69998E-01  5.85746E-06  1.69171E-01 
1.95000E+01 1.74998E-01  5.98526E-06  1.74183E-01 
1.96000E+01 1.79998E-01  6.11420E-06  1.79235E-01 
1.97000E+01 1.84998E-01  6.24426E-06  1.84212E-01 
1.98000E+01 1.89998E-01  6.37838E-06  1.89204E-01 
1.99000E+01 1.94998E-01  6.51046E-06  1.94210E-01 
1.99999E+01 1.99997E-01  6.64673E-06  1.99218E-01 
2.00999E+01 2.04997E-01  6.78160E-06  2.04207E-01 
2.01999E+01 2.09997E-01  6.92284E-06  2.09186E-01 
2.02999E+01 2.14997E-01  7.06463E-06  2.14211E-01 
2.03999E+01 2.19997E-01  7.20674E-06  2.19239E-01 
2.04999E+01 2.24997E-01  7.34989E-06  2.24215E-01 
2.05999E+01 2.29997E-01  7.49544E-06  2.29220E-01 
2.06999E+01 2.34997E-01  7.64534E-06  2.34209E-01 
2.07999E+01 2.39997E-01  7.79082E-06  2.39237E-01 
2.08999E+01 2.44997E-01  7.94316E-06  2.44218E-01 
2.09999E+01 2.49997E-01  8.09674E-06  2.49223E-01 
2.10999E+01 2.54997E-01  8.24991E-06  2.54230E-01 
2.11999E+01 2.59997E-01  8.40977E-06  2.59245E-01 
2.12999E+01 2.64997E-01  8.57226E-06  2.64269E-01 
2.13999E+01 2.69997E-01  8.73606E-06  2.69243E-01 
2.14999E+01 2.74997E-01  8.90127E-06  2.74246E-01 
2.15999E+01 2.79997E-01  9.07068E-06  2.79257E-01 
2.16999E+01 2.84997E-01  9.24336E-06  2.84271E-01 
2.17999E+01 2.89997E-01  9.41889E-06  2.89240E-01 
2.18999E+01 2.94997E-01  9.59714E-06  2.94244E-01 
2.19999E+01 2.99997E-01  9.77910E-06  2.99273E-01 
2.20999E+01 3.04997E-01  9.96084E-06  3.04294E-01 
2.21999E+01 3.09997E-01  1.01501E-05  3.09298E-01 
2.22999E+01 3.14997E-01  1.03439E-05  3.14271E-01 
2.23999E+01 3.19997E-01  1.05473E-05  3.19276E-01 
2.24999E+01 3.24997E-01  1.07649E-05  3.24275E-01 
2.25999E+01 3.29997E-01  1.09658E-05  3.29308E-01 
2.26999E+01 3.34997E-01  1.11694E-05  3.34322E-01 
2.27999E+01 3.39997E-01  1.13800E-05  3.39323E-01 
2.28999E+01 3.44997E-01  1.15931E-05  3.44289E-01 
2.29999E+01 3.49997E-01  1.18050E-05  3.49317E-01 
2.30999E+01 3.54997E-01  1.20248E-05  3.54322E-01 
2.31999E+01 3.59997E-01  1.22580E-05  3.59315E-01 
2.32999E+01 3.64997E-01  1.24914E-05  3.64308E-01 
2.33999E+01 3.69997E-01  1.27233E-05  3.69311E-01 
2.34999E+01 3.74997E-01  1.29652E-05  3.74342E-01 
2.35999E+01 3.79997E-01  1.32145E-05  3.79323E-01 
2.36999E+01 3.84997E-01  1.34624E-05  3.84341E-01 
2.37999E+01 3.89997E-01  1.37167E-05  3.89332E-01 
2.38999E+01 3.94997E-01  1.39763E-05  3.94339E-01 
2.39999E+01 3.99997E-01  1.42397E-05  3.99350E-01 
2.40999E+01 4.04997E-01  1.45039E-05  4.04343E-01 
2.41999E+01 4.09997E-01  1.47796E-05  4.09339E-01 
2.42999E+01 4.14997E-01  1.50553E-05  4.14359E-01 
2.43999E+01 4.19997E-01  1.53359E-05  4.19364E-01 
2.44999E+01 4.24997E-01  1.56217E-05  4.24343E-01 
2.45999E+01 4.29997E-01  1.59108E-05  4.29331E-01 
2.46999E+01 4.34997E-01  1.62045E-05  4.34366E-01 
2.47999E+01 4.39997E-01  1.65005E-05  4.39360E-01 
2.48999E+01 4.44997E-01  1.68052E-05  4.44363E-01 
2.49999E+01 4.49997E-01  1.71111E-05  4.49356E-01 
2.50999E+01 4.54997E-01  1.74204E-05  4.54369E-01 
2.51999E+01 4.59997E-01  1.77419E-05  4.59370E-01 
2.52999E+01 4.64997E-01  1.80647E-05  4.64397E-01 
2.53999E+01 4.69997E-01  1.83892E-05  4.69388E-01 
2.54999E+01 4.74997E-01  1.87163E-05  4.74400E-01 
2.55999E+01 4.79997E-01  1.90472E-05  4.79385E-01 
2.56999E+01 4.84997E-01  1.93845E-05  4.84410E-01 
2.57999E+01 4.89997E-01  1.97468E-05  4.89411E-01 
2.58999E+01 4.94997E-01  2.00868E-05  4.94401E-01 
2.59999E+01 4.99997E-01  2.04348E-05  4.99408E-01 
2.60999E+01 5.04997E-01  2.07867E-05  5.04415E-01 
2.61999E+01 5.09997E-01  2.11402E-05  5.09428E-01 
2.62999E+01 5.14997E-01  2.14957E-05  5.14398E-01 
2.63999E+01 5.19997E-01  2.18554E-05  5.19401E-01 
2.64999E+01 5.24997E-01  2.22200E-05  5.24409E-01 
2.65999E+01 5.29997E-01  2.25863E-05  5.29411E-01 
2.66999E+01 5.34997E-01  2.29566E-05  5.34420E-01 
2.67999E+01 5.39997E-01  2.33265E-05  5.39417E-01 
2.68999E+01 5.44997E-01  2.37024E-05  5.44427E-01 
2.69999E+01 5.49997E-01  2.40754E-05  5.49444E-01 
2.70999E+01 5.54997E-01  2.44584E-05  5.54440E-01 
2.71999E+01 5.59997E-01  2.48392E-05  5.59442E-01 
2.72999E+01 5.64997E-01  2.52181E-05  5.64433E-01 
2.73999E+01 5.69997E-01  2.55989E-05  5.69452E-01 
2.74999E+01 5.74997E-01  2.59853E-05  5.74463E-01 
2.75999E+01 5.79997E-01  2.63689E-05  5.79448E-01 
2.76999E+01 5.84997E-01  2.67576E-05  5.84442E-01 
2.77999E+01 5.89997E-01  2.71456E-05  5.89456E-01 
2.78999E+01 5.94997E-01  2.75360E-05  5.94453E-01 
2.79999E+01 5.99996E-01  2.79251E-05  5.99484E-01 
2.80999E+01 6.04996E-01  2.83186E-05  6.04441E-01 
2.81999E+01 6.09996E-01  2.87120E-05  6.09471E-01 
2.82999E+01 6.14996E-01  2.91070E-05  6.14484E-01 
2.83999E+01 6.19996E-01  2.94986E-05  6.19477E-01 
2.84999E+01 6.24996E-01  2.98906E-05  6.24477E-01 
2.85999E+01 6.29996E-01  3.02709E-05  6.29503E-01 
2.86999E+01 6.34996E-01  3.05910E-05  6.34515E-01 
2.87999E+01 6.39996E-01  3.09584E-05  6.39515E-01 
2.88999E+01 6.44996E-01  3.13594E-05  6.44509E-01 
2.89999E+01 6.49996E-01  3.17552E-05  6.49516E-01 
2.90999E+01 6.54996E-01  3.21559E-05  6.54516E-01 
2.91999E+01 6.59996E-01  3.25526E-05  6.59534E-01 
2.92999E+01 6.64996E-01  3.29613E-05  6.64520E-01 
2.93999E+01 6.69996E-01  3.33577E-05  6.69524E-01 
2.94999E+01 6.74996E-01  3.37402E-05  6.74540E-01 
2.95999E+01 6.79996E-01  3.41100E-05  6.79540E-01 
2.96999E+01 6.84996E-01  3.44724E-05  6.84543E-01 
2.97999E+01 6.89996E-01  3.48316E-05  6.89518E-01 
2.98999E+01 6.94996E-01  3.51871E-05  6.94546E-01 
2.99999E+01 6.99996E-01  3.55415E-05  6.99550E-01 
3.00999E+01 7.04996E-01  3.58977E-05  7.04556E-01 
3.01999E+01 7.09996E-01  3.62564E-05  7.09538E-01 
3.02999E+01 7.14996E-01  3.65970E-05  7.14542E-01 
3.03999E+01 7.19996E-01  3.69356E-05  7.19542E-01 
3.04999E+01 7.24996E-01  3.72623E-05  7.24566E-01 
3.05999E+01 7.29996E-01  3.75759E-05  7.29562E-01 
3.06999E+01 7.34996E-01  3.78947E-05  7.34569E-01 
3.07999E+01 7.39996E-01  3.82073E-05  7.39574E-01 
3.08999E+01 7.44996E-01  3.85203E-05  7.44584E-01 
3.09999E+01 7.49996E-01  3.88203E-05  7.49563E-01 
3.10999E+01 7.54996E-01  3.91398E-05  7.54601E-01 
3.11999E+01 7.59996E-01  3.94376E-05  7.59595E-01 
3.12999E+01 7.64996E-01  3.97351E-05  7.64591E-01 
3.13999E+01 7.69996E-01  4.00167E-05  7.69581E-01 
3.14999E+01 7.74996E-01  4.02928E-05  7.74571E-01 
3.15999E+01 7.79996E-01  4.05665E-05  7.79590E-01 
3.16999E+01 7.84996E-01  4.08376E-05  7.84603E-01 
3.17999E+01 7.89996E-01  4.11046E-05  7.89631E-01 
3.18999E+01 7.94996E-01  4.13548E-05  7.94613E-01 
3.19999E+01 7.99996E-01  4.16142E-05  7.99621E-01 
3.20999E+01 8.04996E-01  4.18632E-05  8.04613E-01 
3.21999E+01 8.09996E-01  4.21013E-05  8.09616E-01 
3.22999E+01 8.14996E-01  4.23410E-05  8.14628E-01 
3.23999E+01 8.19996E-01  4.25690E-05  8.19627E-01 
3.24999E+01 8.24996E-01  4.27972E-05  8.24620E-01 
3.25999E+01 8.29996E-01  4.30084E-05  8.29620E-01 
3.26999E+01 8.34996E-01  4.32198E-05  8.34646E-01 
3.27999E+01 8.39996E-01  4.34241E-05  8.39642E-01 
3.28999E+01 8.44996E-01  4.36165E-05  8.44633E-01 
3.29999E+01 8.49996E-01  4.38021E-05  8.49654E-01 
3.30999E+01 8.54996E-01  4.39988E-05  8.54665E-01 
3.31999E+01 8.59996E-01  4.41672E-05  8.59669E-01 
3.32999E+01 8.64996E-01  4.43554E-05  8.64667E-01 
3.33999E+01 8.69996E-01  4.44992E-05  8.69651E-01 
3.34999E+01 8.74996E-01  4.47250E-05  8.74664E-01 
3.35999E+01 8.79996E-01  4.47874E-05  8.79673E-01 
3.36999E+01 8.84996E-01  4.48728E-05  8.84671E-01 
3.37999E+01 8.89996E-01  4.49680E-05  8.89666E-01 
3.38999E+01 8.94996E-01  4.50756E-05  8.94689E-01 
3.39999E+01 8.99996E-01  4.51651E-05  8.99711E-01 
3.40999E+01 9.04996E-01  4.52486E-05  9.04697E-01 
3.41999E+01 9.09996E-01  4.53128E-05  9.09683E-01 
3.42999E+01 9.14996E-01  4.53788E-05  9.14695E-01 
3.43999E+01 9.19996E-01  4.54634E-05  9.19696E-01 
3.44999E+01 9.24996E-01  4.55198E-05  9.24696E-01 
3.45999E+01 9.29996E-01  4.55840E-05  9.29681E-01 
3.46999E+01 9.34996E-01  4.56653E-05  9.34694E-01 
3.47999E+01 9.39996E-01  4.56560E-05  9.39721E-01 
3.48999E+01 9.44996E-01  4.56608E-05  9.44732E-01 
3.49999E+01 9.49996E-01  4.56743E-05  9.49726E-01 
3.50999E+01 9.54996E-01  4.57014E-05  9.54733E-01 
3.51999E+01 9.59996E-01  4.57396E-05  9.59719E-01 
3.52999E+01 9.64996E-01  4.58028E-05  9.64739E-01 
3.53999E+01 9.69996E-01  4.58497E-05  9.69756E-01 
3.54999E+01 9.74996E-01  4.58710E-05  9.74730E-01 
3.55999E+01 9.79996E-01  4.59284E-05  9.79749E-01 
3.56999E+01 9.84996E-01  4.59080E-05  9.84753E-01 
3.57999E+01 9.89996E-01  4.59375E-05  9.89768E-01 
3.58999E+01 9.94996E-01  4.60238E-05  9.94758E-01 
3.59999E+01 9.99995E-01  4.60364E-05  9.99756E-01 
3.60999E+01 1.00500E+00  4.61058E-05  1.00478E+00 
3.61999E+01 1.01000E+00  4.61811E-05  1.00977E+00 
3.62999E+01 1.01500E+00  4.61746E-05  1.01479E+00 
3.63999E+01 1.02000E+00  4.60059E-05  1.01975E+00 
3.64999E+01 1.02500E+00  4.59342E-05  1.02477E+00 
3.65999E+01 1.03000E+00  4.59137E-05  1.02978E+00 
3.66999E+01 1.03500E+00  4.59782E-05  1.03477E+00 
3.67999E+01 1.04000E+00  4.59996E-05  1.03977E+00 
3.68999E+01 1.04500E+00  4.59918E-05  1.04479E+00 
3.69999E+01 1.05000E+00  4.59790E-05  1.04979E+00 
3.70999E+01 1.05500E+00  4.60427E-05  1.05479E+00 
3.71999E+01 1.06000E+00  4.59944E-05  1.05977E+00 
3.72999E+01 1.06500E+00  4.60493E-05  1.06478E+00 
3.73999E+01 1.07000E+00  4.60668E-05  1.06980E+00 
3.74999E+01 1.07500E+00  4.61829E-05  1.07480E+00 
3.75999E+01 1.08000E+00  4.61652E-05  1.07980E+00 
3.76999E+01 1.08500E+00  4.61832E-05  1.08480E+00 
3.77999E+01 1.09000E+00  4.62873E-05  1.08982E+00 
3.78999E+01 1.09500E+00  4.64446E-05  1.09482E+00 
3.79999E+01 1.10000E+00  4.65237E-05  1.09980E+00 
3.80999E+01 1.10500E+00  4.66285E-05  1.10482E+00 
3.81999E+01 1.11000E+00  4.67443E-05  1.10981E+00 
3.82999E+01 1.11500E+00  4.71039E-05  1.11482E+00 
3.83999E+01 1.12000E+00  4.70800E-05  1.11985E+00 
3.84999E+01 1.12500E+00  4.73508E-05  1.12486E+00 
3.85999E+01 1.13000E+00  4.75765E-05  1.12988E+00 
3.86999E+01 1.13500E+00  4.79587E-05  1.13485E+00 
3.87999E+01 1.14000E+00  4.84016E-05  1.13987E+00 
3.88999E+01 1.14500E+00  4.88542E-05  1.14489E+00 
3.89999E+01 1.15000E+00  4.95205E-05  1.14989E+00 
3.90999E+01 1.15500E+00  4.96937E-05  1.15486E+00 
3.91999E+01 1.16000E+00  5.00314E-05  1.15987E+00 
3.92999E+01 1.16500E+00  5.03037E-05  1.16488E+00 
3.93999E+01 1.17000E+00  5.08453E-05  1.16987E+00 
3.94999E+01 1.17500E+00  5.12466E-05  1.17489E+00 
3.95999E+01 1.18000E+00  5.16503E-05  1.17988E+00 
3.96999E+01 1.18500E+00  5.20814E-05  1.18490E+00 
3.97999E+01 1.19000E+00  5.26961E-05  1.18990E+00 
3.98999E+01 1.19500E+00  5.33438E-05  1.19491E+00 
3.99999E+01 1.19999E+00  5.39623E-05  1.19990E+00 
4.00999E+01 1.20499E+00  5.47141E-05  1.20492E+00 
4.01999E+01 1.20999E+00  5.53026E-05  1.20992E+00 
4.02999E+01 1.21499E+00  5.59353E-05  1.21491E+00 
4.03999E+01 1.21999E+00  5.67021E-05  1.21990E+00 
4.04999E+01 1.22499E+00  5.74993E-05  1.22491E+00 
4.05999E+01 1.22999E+00  5.83453E-05  1.22994E+00 
4.06999E+01 1.23499E+00  5.92344E-05  1.23493E+00 
4.07999E+01 1.23999E+00  6.01663E-05  1.23994E+00 
4.08999E+01 1.24499E+00  6.10496E-05  1.24494E+00 
4.09999E+01 1.24999E+00  6.20697E-05  1.24994E+00 
4.10999E+01 1.25499E+00  6.30418E-05  1.25495E+00 
4.11999E+01 1.25999E+00  6.40692E-05  1.25996E+00 
4.12999E+01 1.26499E+00  6.50803E-05  1.26494E+00 
4.13999E+01 1.26999E+00  6.62459E-05  1.26996E+00 
4.14999E+01 1.27499E+00  6.72609E-05  1.27499E+00 
4.15999E+01 1.27999E+00  6.83241E-05  1.27996E+00 
4.16999E+01 1.28499E+00  6.94914E-05  1.28496E+00 
4.17999E+01 1.28999E+00  7.06573E-05  1.28997E+00 
4.18999E+01 1.29499E+00  7.18180E-05  1.29498E+00 
4.19999E+01 1.29999E+00  7.29627E-05  1.29998E+00 
4.20999E+01 1.30499E+00  7.41621E-05  1.30498E+00 
4.21999E+01 1.30999E+00  7.53213E-05  1.30999E+00 
4.22999E+01 1.31499E+00  7.65799E-05  1.31501E+00 
4.23999E+01 1.31999E+00  7.79832E-05  1.32000E+00 
4.24999E+01 1.32499E+00  7.92205E-05  1.32499E+00 
4.25999E+01 1.32999E+00  8.05158E-05  1.32999E+00 
4.26999E+01 1.33499E+00  8.20221E-05  1.33499E+00 
4.27999E+01 1.33999E+00  8.33757E-05  1.33999E+00 
4.28999E+01 1.34499E+00  8.44931E-05  1.34500E+00 
4.29999E+01 1.34999E+00  8.58050E-05  1.34996E+00 
4.30999E+01 1.35499E+00  8.71148E-05  1.35497E+00 
4.31999E+01 1.35999E+00  8.85010E-05  1.35998E+00 
4.32999E+01 1.36499E+00  8.98624E-05  1.36500E+00 
4.33999E+01 1.36999E+00  9.14068E-05  1.36998E+00 
4.34999E+01 1.37499E+00  9.28775E-05  1.37499E+00 
4.35999E+01 1.37999E+00  9.42343E-05  1.38000E+00 
4.36999E+01 1.38499E+00  9.57194E-05  1.38500E+00 
4.37999E+01 1.38999E+00  9.70874E-05  1.38999E+00 
4.38999E+01 1.39499E+00  9.86953E-05  1.39500E+00 
4.39999E+01 1.39999E+00  1.00018E-04  1.40001E+00 
4.40999E+01 1.40499E+00  1.01666E-04  1.40501E+00 
4.41999E+01 1.40999E+00  1.03128E-04  1.41001E+00 
4.42999E+01 1.41499E+00  1.04692E-04  1.41502E+00 
4.43999E+01 1.41999E+00  1.06266E-04  1.42003E+00 
4.44999E+01 1.42499E+00  1.07882E-04  1.42506E+00 
4.45999E+01 1.42999E+00  1.09475E-04  1.43006E+00 
4.46999E+01 1.43499E+00  1.10855E-04  1.43506E+00 
4.47999E+01 1.43999E+00  1.12415E-04  1.44004E+00 
4.48999E+01 1.44499E+00  1.14019E-04  1.44506E+00 
4.49999E+01 1.44999E+00  1.15756E-04  1.45010E+00 
4.50999E+01 1.45499E+00  1.17400E-04  1.45511E+00 
4.51999E+01 1.45999E+00  1.18851E-04  1.46011E+00 
4.52999E+01 1.46499E+00  1.20543E-04  1.46509E+00 
4.53999E+01 1.46999E+00  1.22304E-04  1.47009E+00 
4.54999E+01 1.47499E+00  1.24196E-04  1.47510E+00 
4.55999E+01 1.47999E+00  1.25748E-04  1.48012E+00 
4.56999E+01 1.48499E+00  1.27324E-04  1.48511E+00 
4.57999E+01 1.48999E+00  1.28975E-04  1.49011E+00 
4.58999E+01 1.49499E+00  1.31035E-04  1.49514E+00 
4.59999E+01 1.49999E+00  1.32869E-04  1.50012E+00 
4.60999E+01 1.50499E+00  1.34651E-04  1.50510E+00 
4.61999E+01 1.50999E+00  1.36209E-04  1.51011E+00 
4.62999E+01 1.51499E+00  1.38053E-04  1.51514E+00 
4.63999E+01 1.51999E+00  1.39952E-04  1.52013E+00 
4.64999E+01 1.52499E+00  1.41972E-04  1.52512E+00 
4.65999E+01 1.52999E+00  1.43974E-04  1.53016E+00 
4.66999E+01 1.53499E+00  1.46178E-04  1.53516E+00 
4.67999E+01 1.53999E+00  1.48134E-04  1.54016E+00 
4.68999E+01 1.54499E+00  1.50362E-04  1.54516E+00 
4.69999E+01 1.54999E+00  1.52611E-04  1.55017E+00 
4.70999E+01 1.55499E+00  1.54589E-04  1.55518E+00 
4.71999E+01 1.55999E+00  1.56942E-04  1.56017E+00 
4.72999E+01 1.56499E+00  1.59137E-04  1.56514E+00 
4.73999E+01 1.56999E+00  1.61393E-04  1.57016E+00 
4.74999E+01 1.57499E+00  1.63710E-04  1.57518E+00 
4.75999E+01 1.57999E+00  1.65969E-04  1.58018E+00 
4.76999E+01 1.58499E+00  1.68358E-04  1.58519E+00 
4.77999E+01 1.58999E+00  1.70706E-04  1.59018E+00 
4.78999E+01 1.59499E+00  1.72875E-04  1.59520E+00 
4.79999E+01 1.59999E+00  1.75310E-04  1.60020E+00 
4.80999E+01 1.60499E+00  1.77664E-04  1.60521E+00 
4.81999E+01 1.60999E+00  1.79962E-04  1.61018E+00 
4.82999E+01 1.61499E+00  1.82303E-04  1.61518E+00 
4.83999E+01 1.61999E+00  1.84719E-04  1.62019E+00 
4.84999E+01 1.62499E+00  1.87158E-04  1.62523E+00 
4.85999E+01 1.62999E+00  1.89612E-04  1.63020E+00 
4.86999E+01 1.63499E+00  1.91932E-04  1.63520E+00 
4.87999E+01 1.63999E+00  1.94426E-04  1.64020E+00 
4.88999E+01 1.64499E+00  1.96814E-04  1.64520E+00 
4.89999E+01 1.64999E+00  1.99250E-04  1.65020E+00 
4.90999E+01 1.65499E+00  2.01731E-04  1.65518E+00 
4.91999E+01 1.65999E+00  2.04313E-04  1.66020E+00 
4.92999E+01 1.66499E+00  2.07012E-04  1.66521E+00 
4.93999E+01 1.66999E+00  2.09536E-04  1.67023E+00 
4.94999E+01 1.67499E+00  2.12132E-04  1.67522E+00 
4.95999E+01 1.67999E+00  2.15060E-04  1.68021E+00 
4.96999E+01 1.68499E+00  2.17655E-04  1.68521E+00 
4.97999E+01 1.68999E+00  2.20397E-04  1.69023E+00 
4.98999E+01 1.69499E+00  2.23102E-04  1.69524E+00 
4.99999E+01 1.69999E+00  2.25767E-04  1.70022E+00 
5.00999E+01 1.70499E+00  2.28513E-04  1.70524E+00 
5.01999E+01 1.70999E+00  2.31353E-04  1.71024E+00 
5.02999E+01 1.71499E+00  2.34171E-04  1.71524E+00 
5.03999E+01 1.71999E+00  2.36986E-04  1.72022E+00 
5.04999E+01 1.72499E+00  2.39820E-04  1.72525E+00 
5.05999E+01 1.72999E+00  2.42787E-04  1.73027E+00 
5.06999E+01 1.73499E+00  2.45672E-04  1.73527E+00 
5.07999E+01 1.73999E+00  2.48614E-04  1.74026E+00 
5.08999E+01 1.74499E+00  2.51542E-04  1.74528E+00 
5.09999E+01 1.74999E+00  2.54465E-04  1.75027E+00 
5.10999E+01 1.75499E+00  2.57421E-04  1.75529E+00 
5.11999E+01 1.75999E+00  2.60429E-04  1.76029E+00 
5.12999E+01 1.76499E+00  2.63430E-04  1.76534E+00 
5.13999E+01 1.76999E+00  2.66453E-04  1.77032E+00 
5.14999E+01 1.77499E+00  2.69419E-04  1.77533E+00 
5.15999E+01 1.77999E+00  2.72433E-04  1.78034E+00 
5.16999E+01 1.78499E+00  2.75363E-04  1.78533E+00 
5.17999E+01 1.78999E+00  2.78311E-04  1.79031E+00 
5.18999E+01 1.79499E+00  2.81220E-04  1.79530E+00 
5.19999E+01 1.79999E+00  2.84216E-04  1.80033E+00 
5.20999E+01 1.79499E+00  2.78725E-04  1.79532E+00 
5.21999E+01 1.78999E+00  2.73424E-04  1.79034E+00 
5.22999E+01 1.78499E+00  2.68261E-04  1.78534E+00 
5.23999E+01 1.77999E+00  2.63273E-04  1.78034E+00 
5.24999E+01 1.77499E+00  2.58442E-04  1.77532E+00 
5.25999E+01 1.76999E+00  2.53582E-04  1.77032E+00 
5.26999E+01 1.76499E+00  2.48915E-04  1.76535E+00 
5.27999E+01 1.75999E+00  2.44294E-04  1.76031E+00 
5.28999E+01 1.75499E+00  2.39799E-04  1.75529E+00 
5.29999E+01 1.74999E+00  2.35403E-04  1.75028E+00 
5.30999E+01 1.74499E+00  2.31415E-04  1.74531E+00 
5.31999E+01 1.73999E+00  2.26979E-04  1.74027E+00 
5.32999E+01 1.73499E+00  2.22727E-04  1.73527E+00 
5.33999E+01 1.72999E+00  2.18636E-04  1.73026E+00 
5.34999E+01 1.72499E+00  2.14553E-04  1.72526E+00 
5.35999E+01 1.71999E+00  2.10598E-04  1.72026E+00 
5.36999E+01 1.71499E+00  2.06769E-04  1.71526E+00 
5.37999E+01 1.70999E+00  2.03004E-04  1.71026E+00 
5.38999E+01 1.70499E+00  1.99233E-04  1.70524E+00 
5.39999E+01 1.69999E+00  1.95567E-04  1.70026E+00 
5.40999E+01 1.69499E+00  1.91981E-04  1.69527E+00 
5.41999E+01 1.68999E+00  1.88431E-04  1.69024E+00 
5.42999E+01 1.68499E+00  1.84965E-04  1.68525E+00 
5.43999E+01 1.67999E+00  1.81573E-04  1.68022E+00 
5.44999E+01 1.67499E+00  1.78233E-04  1.67522E+00 
5.45999E+01 1.66999E+00  1.74994E-04  1.67023E+00 
5.46999E+01 1.66499E+00  1.71735E-04  1.66522E+00 
5.47999E+01 1.65999E+00  1.68587E-04  1.66019E+00 
5.48999E+01 1.65499E+00  1.65465E-04  1.65522E+00 
5.49999E+01 1.64999E+00  1.62440E-04  1.65022E+00 
5.50999E+01 1.64499E+00  1.59451E-04  1.64520E+00 
5.51999E+01 1.63999E+00  1.56685E-04  1.64021E+00 
5.52999E+01 1.63499E+00  1.53663E-04  1.63519E+00 
5.53999E+01 1.62999E+00  1.50819E-04  1.63020E+00 
5.54999E+01 1.62499E+00  1.48092E-04  1.62520E+00 
5.55999E+01 1.61999E+00  1.45383E-04  1.62020E+00 
5.56999E+01 1.61499E+00  1.42637E-04  1.61519E+00 
5.57999E+01 1.60999E+00  1.40077E-04  1.61019E+00 
5.58999E+01 1.60499E+00  1.37465E-04  1.60519E+00 
5.59999E+01 1.59999E+00  1.34982E-04  1.60019E+00 
5.60999E+01 1.59499E+00  1.32436E-04  1.59519E+00 
5.61999E+01 1.58999E+00  1.30008E-04  1.59017E+00 
5.62999E+01 1.58499E+00  1.27629E-04  1.58519E+00 
5.63999E+01 1.57999E+00  1.25353E-04  1.58015E+00 
5.64999E+01 1.57499E+00  1.23004E-04  1.57517E+00 
5.65999E+01 1.56999E+00  1.20911E-04  1.57013E+00 
5.66999E+01 1.56499E+00  1.18625E-04  1.56514E+00 
5.67999E+01 1.55999E+00  1.16528E-04  1.56015E+00 
5.68999E+01 1.55499E+00  1.14327E-04  1.55516E+00 
5.69999E+01 1.54999E+00  1.12354E-04  1.55016E+00 
5.70999E+01 1.54499E+00  1.10248E-04  1.54515E+00 
5.71999E+01 1.53999E+00  1.08318E-04  1.54014E+00 
5.72999E+01 1.53499E+00  1.06313E-04  1.53516E+00 
5.73999E+01 1.52999E+00  1.04417E-04  1.53015E+00 
5.74999E+01 1.52499E+00  1.02587E-04  1.52513E+00 
5.75999E+01 1.51999E+00  1.00741E-04  1.52012E+00 
5.76999E+01 1.51499E+00  9.89766E-05  1.51514E+00 
5.77999E+01 1.50999E+00  9.72635E-05  1.51012E+00 
5.78999E+01 1.50499E+00  9.58768E-05  1.50509E+00 
5.79999E+01 1.49999E+00  9.41752E-05  1.50011E+00 
5.80999E+01 1.49499E+00  9.24832E-05  1.49512E+00 
5.81999E+01 1.48999E+00  9.08780E-05  1.49013E+00 
5.82999E+01 1.48499E+00  8.92879E-05  1.48511E+00 
5.83999E+01 1.47999E+00  8.77905E-05  1.48012E+00 
5.84999E+01 1.47499E+00  8.63948E-05  1.47512E+00 
5.85999E+01 1.46999E+00  8.49166E-05  1.47011E+00 
5.86999E+01 1.46499E+00  8.34889E-05  1.46508E+00 
5.87999E+01 1.45999E+00  8.21154E-05  1.46011E+00 
5.88999E+01 1.45499E+00  8.08186E-05  1.45510E+00 
5.89999E+01 1.44999E+00  7.94954E-05  1.45009E+00 
5.90999E+01 1.44499E+00  7.82476E-05  1.44507E+00 
5.91999E+01 1.43999E+00  7.70185E-05  1.44006E+00 
5.92999E+01 1.43499E+00  7.58214E-05  1.43507E+00 
5.93999E+01 1.42999E+00  7.47075E-05  1.43005E+00 
5.94999E+01 1.42499E+00  7.35389E-05  1.42504E+00 
5.95999E+01 1.41999E+00  7.24138E-05  1.42005E+00 
5.96999E+01 1.41499E+00  7.13166E-05  1.41503E+00 
5.97999E+01 1.40999E+00  7.02300E-05  1.40999E+00 
5.98999E+01 1.40499E+00  6.92388E-05  1.40501E+00 
5.99998E+01 1.39999E+00  6.83018E-05  1.40001E+00 
6.00998E+01 1.39499E+00  6.72294E-05  1.39500E+00 
6.01998E+01 1.38999E+00  6.62300E-05  1.38999E+00 
6.02998E+01 1.38499E+00  6.52617E-05  1.38502E+00 
6.03998E+01 1.37999E+00  6.46206E-05  1.38002E+00 
6.04998E+01 1.37499E+00  6.34572E-05  1.37499E+00 
6.05998E+01 1.36999E+00  6.24745E-05  1.36998E+00 
6.06998E+01 1.36499E+00  6.15468E-05  1.36500E+00 
6.07998E+01 1.35999E+00  6.06406E-05  1.35999E+00 
6.08998E+01 1.35499E+00  5.98058E-05  1.35501E+00 
6.09998E+01 1.34999E+00  5.89907E-05  1.35002E+00 
6.10998E+01 1.34499E+00  5.82204E-05  1.34500E+00 
6.11998E+01 1.33999E+00  5.74321E-05  1.33998E+00 
6.12998E+01 1.33499E+00  5.66255E-05  1.33499E+00 
6.13998E+01 1.32999E+00  5.58545E-05  1.32998E+00 
6.14998E+01 1.32499E+00  5.50814E-05  1.32498E+00 
6.15998E+01 1.31999E+00  5.43455E-05  1.31998E+00 
6.16998E+01 1.31499E+00  5.36599E-05  1.31498E+00 
6.17998E+01 1.30999E+00  5.29503E-05  1.30996E+00 
6.18998E+01 1.30499E+00  5.22410E-05  1.30496E+00 
6.19998E+01 1.29999E+00  5.15973E-05  1.29995E+00 
6.20998E+01 1.29499E+00  5.09417E-05  1.29496E+00 
6.21998E+01 1.28999E+00  5.02636E-05  1.28995E+00 
6.22998E+01 1.28499E+00  4.96974E-05  1.28495E+00 
6.23998E+01 1.27999E+00  4.90173E-05  1.27996E+00 
6.24998E+01 1.27499E+00  4.84041E-05  1.27497E+00 
6.25998E+01 1.26999E+00  4.78644E-05  1.26996E+00 
6.26998E+01 1.26499E+00  4.72470E-05  1.26494E+00 
6.27998E+01 1.25999E+00  4.66396E-05  1.25993E+00 
6.28998E+01 1.25499E+00  4.60681E-05  1.25495E+00 
6.29998E+01 1.24999E+00  4.54722E-05  1.24993E+00 
6.30998E+01 1.24499E+00  4.49288E-05  1.24494E+00 
6.31998E+01 1.23999E+00  4.43773E-05  1.23994E+00 
6.32998E+01 1.23499E+00  4.38221E-05  1.23493E+00 
6.33998E+01 1.22999E+00  4.32942E-05  1.22995E+00 
6.34998E+01 1.22499E+00  4.27560E-05  1.22493E+00 
6.35998E+01 1.21999E+00  4.22932E-05  1.21992E+00 
6.36998E+01 1.21499E+00  4.17353E-05  1.21494E+00 
6.37998E+01 1.20999E+00  4.12136E-05  1.20994E+00 
6.38998E+01 1.20499E+00  4.07101E-05  1.20492E+00 
6.39998E+01 1.19999E+00  4.02464E-05  1.19993E+00 
6.40998E+01 1.19500E+00  3.98061E-05  1.19491E+00 
6.41998E+01 1.19000E+00  3.91450E-05  1.18991E+00 
6.42998E+01 1.18500E+00  3.86496E-05  1.18491E+00 
6.43998E+01 1.18000E+00  3.81908E-05  1.17988E+00 
6.44998E+01 1.17500E+00  3.77119E-05  1.17489E+00 
6.45998E+01 1.17000E+00  3.72622E-05  1.16992E+00 
6.46998E+01 1.16500E+00  3.68181E-05  1.16489E+00 
6.47998E+01 1.16000E+00  3.63598E-05  1.15988E+00 
6.48998E+01 1.15500E+00  3.58955E-05  1.15488E+00 
6.49998E+01 1.15000E+00  3.53858E-05  1.14991E+00 
6.50998E+01 1.14500E+00  3.49766E-05  1.14488E+00 
6.51998E+01 1.14000E+00  3.46207E-05  1.13986E+00 
6.52998E+01 1.13500E+00  3.42223E-05  1.13487E+00 
6.53998E+01 1.13000E+00  3.38300E-05  1.12986E+00 
6.54998E+01 1.12500E+00  3.34285E-05  1.12487E+00 
6.55998E+01 1.12000E+00  3.30318E-05  1.11984E+00 
6.56998E+01 1.11500E+00  3.26502E-05  1.11484E+00 
6.57998E+01 1.11000E+00  3.22642E-05  1.10984E+00 
6.58998E+01 1.10500E+00  3.18570E-05  1.10484E+00 
6.59998E+01 1.10000E+00  3.14649E-05  1.09981E+00 
6.60998E+01 1.09500E+00  3.11178E-05  1.09482E+00 
6.61998E+01 1.09000E+00  3.07374E-05  1.08981E+00 
6.62998E+01 1.08500E+00  3.03611E-05  1.08480E+00 
6.63998E+01 1.08000E+00  3.00065E-05  1.07981E+00 
6.64998E+01 1.07500E+00  2.96729E-05  1.07483E+00 
6.65998E+01 1.07000E+00  2.93320E-05  1.06982E+00 
6.66998E+01 1.06500E+00  2.89546E-05  1.06482E+00 
6.67998E+01 1.06000E+00  2.85729E-05  1.05981E+00 
6.68998E+01 1.05500E+00  2.82385E-05  1.05482E+00 
6.69998E+01 1.05000E+00  2.79129E-05  1.04981E+00 
6.70998E+01 1.04500E+00  2.75458E-05  1.04481E+00 
6.71998E+01 1.04000E+00  2.71969E-05  1.03978E+00 
6.72998E+01 1.03500E+00  2.68859E-05  1.03477E+00 
6.73998E+01 1.03000E+00  2.65848E-05  1.02980E+00 
6.74998E+01 1.02500E+00  2.62461E-05  1.02478E+00 
6.75998E+01 1.02000E+00  2.58920E-05  1.01977E+00 
6.76998E+01 1.01500E+00  2.55685E-05  1.01475E+00 
6.77998E+01 1.01000E+00  2.52774E-05  1.00978E+00 
6.78998E+01 1.00500E+00  2.49623E-05  1.00476E+00 
6.79998E+01 9.99995E-01  2.46098E-05  9.99779E-01 
6.80998E+01 9.94996E-01  2.42835E-05  9.94785E-01 
6.81998E+01 9.89996E-01  2.39921E-05  9.89783E-01 
6.82998E+01 9.84996E-01  2.37384E-05  9.84772E-01 
6.83998E+01 9.79996E-01  2.34392E-05  9.79776E-01 
6.84998E+01 9.74996E-01  2.30877E-05  9.74774E-01 
6.85998E+01 9.69996E-01  2.27608E-05  9.69782E-01 
6.86998E+01 9.64996E-01  2.24728E-05  9.64772E-01 
6.87998E+01 9.59996E-01  2.21773E-05  9.59733E-01 
6.88998E+01 9.54996E-01  2.18521E-05  9.54755E-01 
6.89998E+01 9.49996E-01  2.15618E-05  9.49746E-01 
6.90998E+01 9.44996E-01  2.13201E-05  9.44742E-01 
6.91998E+01 9.39996E-01  2.10837E-05  9.39754E-01 
6.92998E+01 9.34996E-01  2.07143E-05  9.34712E-01 
6.93998E+01 9.29996E-01  2.03304E-05  9.29711E-01 
6.94998E+01 9.24996E-01  2.01138E-05  9.24740E-01 
6.95998E+01 9.19996E-01  1.98490E-05  9.19715E-01 
6.96998E+01 9.14996E-01  1.94933E-05  9.14729E-01 
6.97998E+01 9.09996E-01  1.91922E-05  9.09700E-01 
6.98998E+01 9.04996E-01  1.89665E-05  9.04704E-01 
6.99998E+01 8.99996E-01  1.86463E-05  8.99736E-01 
7.00998E+01 8.94996E-01  1.82857E-05  8.94729E-01 
7.01998E+01 8.89996E-01  1.79661E-05  8.89698E-01 
7.02998E+01 8.84996E-01  1.77182E-05  8.84691E-01 
7.03998E+01 8.79996E-01  1.73884E-05  8.79713E-01 
7.04998E+01 8.74996E-01  1.70680E-05  8.74701E-01 
7.05998E+01 8.69996E-01  1.67843E-05  8.69682E-01 
7.06998E+01 8.64996E-01  1.65040E-05  8.64686E-01 
7.07998E+01 8.59996E-01  1.62081E-05  8.59660E-01 
7.08998E+01 8.54996E-01  1.59009E-05  8.54671E-01 
7.09998E+01 8.49996E-01  1.55539E-05  8.49648E-01 
7.10998E+01 8.44996E-01  1.52094E-05  8.44646E-01 
7.11998E+01 8.39996E-01  1.49058E-05  8.39643E-01 
7.12998E+01 8.34996E-01  1.46142E-05  8.34670E-01 
7.13998E+01 8.29996E-01  1.42703E-05  8.29635E-01 
7.14998E+01 8.24996E-01  1.39717E-05  8.24647E-01 
7.15998E+01 8.19996E-01  1.36881E-05  8.19649E-01 
7.16998E+01 8.14996E-01  1.34126E-05  8.14642E-01 
7.17998E+01 8.09996E-01  1.30826E-05  8.09636E-01 
7.18998E+01 8.04996E-01  1.26973E-05  8.04618E-01 
7.19998E+01 7.99996E-01  1.23651E-05  7.99649E-01 
7.20998E+01 7.94996E-01  1.20697E-05  7.94652E-01 
7.21998E+01 7.89996E-01  1.16921E-05  7.89626E-01 
7.22998E+01 7.84996E-01  1.13666E-05  7.84634E-01 
7.23998E+01 7.79996E-01  1.11197E-05  7.79608E-01 
7.24998E+01 7.74996E-01  1.07792E-05  7.74601E-01 
7.25998E+01 7.69996E-01  1.03588E-05  7.69603E-01 
7.26998E+01 7.64996E-01  9.99354E-06  7.64587E-01 
7.27998E+01 7.59996E-01  9.71294E-06  7.59594E-01 
7.28998E+01 7.54996E-01  9.32483E-06  7.54577E-01 
7.29998E+01 7.49996E-01  8.96182E-06  7.49561E-01 
7.30998E+01 7.44996E-01  8.70088E-06  7.44578E-01 
7.31998E+01 7.39996E-01  8.40645E-06  7.39580E-01 
7.32998E+01 7.34996E-01  7.99623E-06  7.34551E-01 
7.33998E+01 7.29996E-01  7.57488E-06  7.29538E-01 
7.34998E+01 7.24996E-01  7.20707E-06  7.24556E-01 
7.35998E+01 7.19996E-01  6.90339E-06  7.19564E-01 
7.36998E+01 7.14996E-01  6.53053E-06  7.14541E-01 
7.37998E+01 7.09996E-01  6.09349E-06  7.09554E-01 
7.38998E+01 7.04996E-01  5.73855E-06  7.04541E-01 
7.39998E+01 6.99996E-01  5.54690E-06  6.99560E-01 
7.40998E+01 6.94996E-01  5.21668E-06  6.94557E-01 
7.41998E+01 6.89996E-01  4.73687E-06  6.89550E-01 
7.42998E+01 6.84996E-01  4.21427E-06  6.84536E-01 
7.43998E+01 6.79996E-01  3.90767E-06  6.79550E-01 
7.44998E+01 6.74996E-01  3.57810E-06  6.74557E-01 
7.45998E+01 6.69996E-01  3.12488E-06  6.69551E-01 
7.46998E+01 6.64996E-01  2.83555E-06  6.64542E-01 
7.47998E+01 6.59996E-01  2.48931E-06  6.59546E-01 
7.48998E+01 6.54996E-01  2.02147E-06  6.54515E-01 
7.49998E+01 6.49996E-01  1.57285E-06  6.49518E-01 
7.50998E+01 6.44996E-01  1.24418E-06  6.44528E-01 
7.51998E+01 6.39996E-01  8.05471E-07  6.39531E-01 
7.52998E+01 6.34996E-01  5.29210E-07  6.34522E-01 
7.53998E+01 6.29996E-01  1.85301E-07  6.29503E-01 
7.54998E+01 6.24996E-01  -3.14171E-07 6.24507E-01 
7.55998E+01 6.19996E-01  -7.89866E-07 6.19473E-01 
7.56998E+01 6.14996E-01  -1.11847E-06 6.14500E-01 
7.57998E+01 6.09996E-01  -1.56441E-06 6.09503E-01 
7.58998E+01 6.04996E-01  -1.99279E-06 6.04485E-01 
7.59998E+01 5.99996E-01  -2.32146E-06 5.99496E-01 
7.60998E+01 5.94997E-01  -2.74886E-06 5.94522E-01 
7.61998E+01 5.89997E-01  -3.20007E-06 5.89477E-01 
7.62998E+01 5.84997E-01  -3.62976E-06 5.84471E-01 
7.63998E+01 5.79997E-01  -4.03801E-06 5.79478E-01 
7.64998E+01 5.74997E-01  -4.50591E-06 5.74492E-01 
7.65998E+01 5.69997E-01  -4.93229E-06 5.69463E-01 
7.66998E+01 5.64997E-01  -5.36759E-06 5.64444E-01 
7.67998E+01 5.59997E-01  -5.81357E-06 5.59455E-01 
7.68998E+01 5.54997E-01  -6.28136E-06 5.54464E-01 
7.69998E+01 5.49997E-01  -6.74097E-06 5.49441E-01 
7.70998E+01 5.44997E-01  -7.22389E-06 5.44441E-01 
7.71998E+01 5.39997E-01  -7.70980E-06 5.39437E-01 
7.72998E+01 5.34997E-01  -8.20424E-06 5.34435E-01 
7.73998E+01 5.29997E-01  -8.69596E-06 5.29449E-01 
7.74998E+01 5.24997E-01  -9.20265E-06 5.24441E-01 
7.75998E+01 5.19997E-01  -9.70988E-06 5.19424E-01 
7.76998E+01 5.14997E-01  -1.02291E-05 5.14416E-01 
7.77998E+01 5.09997E-01  -1.07488E-05 5.09413E-01 
7.78998E+01 5.04997E-01  -1.12730E-05 5.04417E-01 
7.79998E+01 4.99997E-01  -1.18013E-05 4.99422E-01 
7.80998E+01 4.94997E-01  -1.23375E-05 4.94398E-01 
7.81998E+01 4.89997E-01  -1.28803E-05 4.89416E-01 
7.82998E+01 4.84997E-01  -1.34264E-05 4.84397E-01 
7.83998E+01 4.79997E-01  -1.39749E-05 4.79386E-01 
7.84998E+01 4.74997E-01  -1.45304E-05 4.74389E-01 
7.85998E+01 4.69997E-01  -1.50936E-05 4.69396E-01 
7.86998E+01 4.64997E-01  -1.56613E-05 4.64388E-01 
7.87998E+01 4.59997E-01  -1.62344E-05 4.59392E-01 
7.88998E+01 4.54997E-01  -1.68143E-05 4.54372E-01 
7.89998E+01 4.49997E-01  -1.73993E-05 4.49338E-01 
7.90998E+01 4.44997E-01  -1.79855E-05 4.44369E-01 
7.91998E+01 4.39997E-01  -1.85782E-05 4.39381E-01 
7.92998E+01 4.34997E-01  -1.91748E-05 4.34370E-01 
7.93998E+01 4.29997E-01  -1.97790E-05 4.29375E-01 
7.94998E+01 4.24997E-01  -2.03840E-05 4.24382E-01 
7.95998E+01 4.19997E-01  -2.09929E-05 4.19367E-01 
7.96998E+01 4.14997E-01  -2.15946E-05 4.14357E-01 
7.97998E+01 4.09997E-01  -2.22098E-05 4.09336E-01 
7.98998E+01 4.04997E-01  -2.28242E-05 4.04340E-01 
7.99998E+01 3.99997E-01  -2.34417E-05 3.99349E-01 
8.00998E+01 3.94997E-01  -2.40653E-05 3.94360E-01 
8.01998E+01 3.89997E-01  -2.46863E-05 3.89355E-01 
8.02998E+01 3.84997E-01  -2.53120E-05 3.84349E-01 
8.03998E+01 3.79997E-01  -2.59308E-05 3.79350E-01 
8.04998E+01 3.74997E-01  -2.65565E-05 3.74351E-01 
8.05998E+01 3.69997E-01  -2.71793E-05 3.69338E-01 
8.06998E+01 3.64997E-01  -2.78037E-05 3.64321E-01 
8.07998E+01 3.59997E-01  -2.84255E-05 3.59324E-01 
8.08998E+01 3.54997E-01  -2.90489E-05 3.54336E-01 
8.09998E+01 3.49997E-01  -2.96691E-05 3.49320E-01 
8.10998E+01 3.44997E-01  -3.02874E-05 3.44325E-01 
8.11998E+01 3.39997E-01  -3.09056E-05 3.39327E-01 
8.12998E+01 3.34997E-01  -3.15259E-05 3.34340E-01 
8.13998E+01 3.29997E-01  -3.21339E-05 3.29353E-01 
8.14998E+01 3.24997E-01  -3.27493E-05 3.24308E-01 
8.15998E+01 3.19997E-01  -3.33567E-05 3.19302E-01 
8.16998E+01 3.14997E-01  -3.39636E-05 3.14279E-01 
8.17998E+01 3.09997E-01  -3.45640E-05 3.09306E-01 
8.18998E+01 3.04997E-01  -3.51671E-05 3.04299E-01 
8.19998E+01 2.99997E-01  -3.57626E-05 2.99282E-01 
8.20998E+01 2.94997E-01  -3.63622E-05 2.94257E-01 
8.21998E+01 2.89997E-01  -3.69539E-05 2.89248E-01 
8.22998E+01 2.84997E-01  -3.75502E-05 2.84272E-01 
8.23998E+01 2.79997E-01  -3.81315E-05 2.79265E-01 
8.24998E+01 2.74997E-01  -3.87186E-05 2.74242E-01 
8.25998E+01 2.69997E-01  -3.92982E-05 2.69250E-01 
8.26998E+01 2.64997E-01  -3.98788E-05 2.64249E-01 
8.27998E+01 2.59997E-01  -4.04532E-05 2.59248E-01 
8.28998E+01 2.54997E-01  -4.10305E-05 2.54234E-01 
8.29998E+01 2.49997E-01  -4.16017E-05 2.49253E-01 
8.30998E+01 2.44997E-01  -4.21757E-05 2.44241E-01 
8.31998E+01 2.39997E-01  -4.27452E-05 2.39220E-01 
8.32998E+01 2.34997E-01  -4.33203E-05 2.34210E-01 
8.33998E+01 2.29997E-01  -4.38830E-05 2.29229E-01 
8.34998E+01 2.24997E-01  -4.44578E-05 2.24233E-01 
8.35998E+01 2.19997E-01  -4.50281E-05 2.19224E-01 
8.36998E+01 2.14997E-01  -4.55992E-05 2.14231E-01 
8.37998E+01 2.09997E-01  -4.61723E-05 2.09216E-01 
8.38998E+01 2.04997E-01  -4.67500E-05 2.04212E-01 
8.39998E+01 1.99997E-01  -4.73301E-05 1.99221E-01 
8.40998E+01 1.94998E-01  -4.79127E-05 1.94202E-01 
8.41998E+01 1.89998E-01  -4.84935E-05 1.89201E-01 
8.42998E+01 1.84998E-01  -4.90880E-05 1.84210E-01 
8.43998E+01 1.79998E-01  -4.96756E-05 1.79234E-01 
8.44998E+01 1.74998E-01  -5.02769E-05 1.74205E-01 
8.45998E+01 1.69998E-01  -5.08744E-05 1.69203E-01 
8.46998E+01 1.64998E-01  -5.14863E-05 1.64199E-01 
8.47998E+01 1.59998E-01  -5.21024E-05 1.59217E-01 
8.48998E+01 1.54998E-01  -5.27333E-05 1.54197E-01 
8.49998E+01 1.49998E-01  -5.33717E-05 1.49182E-01 
8.50998E+01 1.44998E-01  -5.40123E-05 1.44206E-01 
8.51998E+01 1.39998E-01  -5.46703E-05 1.39178E-01 
8.52998E+01 1.34998E-01  -5.53459E-05 1.34151E-01 
8.53998E+01 1.29998E-01  -5.60189E-05 1.29150E-01 
8.54998E+01 1.24998E-01  -5.67253E-05 1.24164E-01 
8.55998E+01 1.19998E-01  -5.74353E-05 1.19166E-01 
8.56998E+01 1.14998E-01  -5.81664E-05 1.14145E-01 
8.57998E+01 1.09998E-01  -5.89185E-05 1.09134E-01 
8.58998E+01 1.04998E-01  -5.96919E-05 1.04176E-01 
8.59998E+01 9.99977E-02  -6.04791E-05 9.91697E-02 
8.60998E+01 9.49978E-02  -6.13011E-05 9.41506E-02 
8.61998E+01 8.99978E-02  -6.21458E-05 8.91179E-02 
8.62998E+01 8.49978E-02  -6.30227E-05 8.41363E-02 
8.63998E+01 7.99978E-02  -6.39110E-05 7.91417E-02 
8.64998E+01 7.49978E-02  -6.48428E-05 7.41264E-02 
8.65998E+01 6.99978E-02  -6.58041E-05 6.91186E-02 
8.66998E+01 6.49978E-02  -6.67974E-05 6.41364E-02 
8.67998E+01 5.99978E-02  -6.78170E-05 5.91217E-02 
8.68998E+01 5.49979E-02  -6.88718E-05 5.41258E-02 
8.69998E+01 4.99979E-02  -6.99593E-05 4.91043E-02 
8.70998E+01 4.49979E-02  -7.10735E-05 4.41090E-02 
8.71998E+01 3.99979E-02  -7.22179E-05 3.91068E-02 
8.72998E+01 3.49979E-02  -7.33803E-05 3.41178E-02 
8.73998E+01 2.99979E-02  -7.45599E-05 2.91100E-02 
8.74998E+01 2.49979E-02  -7.57829E-05 2.41072E-02 
8.75998E+01 1.99979E-02  -7.70218E-05 1.91069E-02 
8.76998E+01 1.49980E-02  -7.82739E-05 1.40922E-02 
8.77998E+01 9.99797E-03  -7.95614E-05 9.06258E-03 
8.78998E+01 4.99799E-03  -8.08757E-05 4.05543E-03 
8.79998E+01 -2.00000E-06 -8.22302E-05 -9.24892E-04
8.80998E+01 -5.00199E-03 -8.36161E-05 -5.92208E-03
8.81998E+01 -1.00020E-02 -8.50639E-05 -1.09449E-02
8.82998E+01 -1.50020E-02 -8.65398E-05 -1.59520E-02
8.83998E+01 -2.00020E-02 -8.80697E-05 -2.09586E-02
8.84998E+01 -2.50019E-02 -8.96576E-05 -2.59482E-02
8.85998E+01 -3.00019E-02 -9.13030E-05 -3.09423E-02
8.86998E+01 -3.50019E-02 -9.29947E-05 -3.59663E-02
8.87998E+01 -4.00019E-02 -9.47443E-05 -4.09641E-02
8.88998E+01 -4.50019E-02 -9.65534E-05 -4.59606E-02
8.89998E+01 -5.00019E-02 -9.84122E-05 -5.09453E-02
8.90998E+01 -5.50019E-02 -1.00323E-04 -5.59619E-02
8.91998E+01 -6.00019E-02 -1.02286E-04 -6.09809E-02
8.92998E+01 -6.50018E-02 -1.04290E-04 -6.59674E-02
8.93998E+01 -7.00018E-02 -1.06333E-04 -7.09703E-02
8.94998E+01 -7.50018E-02 -1.08421E-04 -7.59730E-02
8.95998E+01 -8.00018E-02 -1.10531E-04 -8.09808E-02
8.96998E+01 -8.50018E-02 -1.12680E-04 -8.59555E-02
8.97998E+01 -9.00018E-02 -1.14856E-04 -9.09708E-02
8.98998E+01 -9.50018E-02 -1.17066E-04 -9.59823E-02
8.99998E+01 -1.00002E-01 -1.19289E-04 -1.00991E-01
9.00998E+01 -1.05002E-01 -1.21528E-04 -1.05983E-01
9.01998E+01 -1.10002E-01 -1.23797E-04 -1.10973E-01
9.02998E+01 -1.15002E-01 -1.26078E-04 -1.15984E-01
9.03998E+01 -1.20002E-01 -1.28396E-04 -1.20994E-01
9.04998E+01 -1.25002E-01 -1.30723E-04 -1.26000E-01
9.05998E+01 -1.30002E-01 -1.33083E-04 -1.30974E-01
9.06998E+01 -1.35002E-01 -1.35478E-04 -1.35990E-01
9.07998E+01 -1.40002E-01 -1.37912E-04 -1.40984E-01
9.08998E+01 -1.45002E-01 -1.40388E-04 -1.46009E-01
9.09998E+01 -1.50002E-01 -1.42905E-04 -1.50973E-01
9.10998E+01 -1.55002E-01 -1.45489E-04 -1.56001E-01
9.11998E+01 -1.60002E-01 -1.48138E-04 -1.61018E-01
9.12998E+01 -1.65002E-01 -1.50850E-04 -1.66033E-01
9.13998E+01 -1.70002E-01 -1.53654E-04 -1.71030E-01
9.14998E+01 -1.75002E-01 -1.56532E-04 -1.76044E-01
9.15998E+01 -1.80002E-01 -1.59497E-04 -1.81044E-01
9.16998E+01 -1.85002E-01 -1.62580E-04 -1.86041E-01
9.17998E+01 -1.90002E-01 -1.65776E-04 -1.91030E-01
9.18998E+01 -1.95002E-01 -1.69056E-04 -1.96044E-01
9.19998E+01 -2.00002E-01 -1.72446E-04 -2.01053E-01
9.20998E+01 -2.05001E-01 -1.75934E-04 -2.06048E-01
9.21998E+01 -2.10001E-01 -1.79586E-04 -2.11040E-01
9.22998E+01 -2.15001E-01 -1.83270E-04 -2.16060E-01
9.23998E+01 -2.20001E-01 -1.87017E-04 -2.21080E-01
9.24998E+01 -2.25001E-01 -1.90848E-04 -2.26056E-01
9.25998E+01 -2.30001E-01 -1.94727E-04 -2.31057E-01
9.26998E+01 -2.35001E-01 -1.98646E-04 -2.36084E-01
9.27998E+01 -2.40001E-01 -2.02569E-04 -2.41072E-01
9.28998E+01 -2.45001E-01 -2.06466E-04 -2.46064E-01
9.29998E+01 -2.50001E-01 -2.10349E-04 -2.51064E-01
9.30998E+01 -2.55001E-01 -2.13959E-04 -2.56067E-01
9.31998E+01 -2.60001E-01 -2.17690E-04 -2.61088E-01
9.32998E+01 -2.65001E-01 -2.21264E-04 -2.66076E-01
9.33998E+01 -2.70001E-01 -2.24725E-04 -2.71088E-01
9.34998E+01 -2.75001E-01 -2.27964E-04 -2.76105E-01
9.35998E+01 -2.80001E-01 -2.30952E-04 -2.81107E-01
9.36998E+01 -2.85001E-01 -2.33669E-04 -2.86120E-01
9.37998E+01 -2.90001E-01 -2.35965E-04 -2.91093E-01
9.38998E+01 -2.95001E-01 -2.37771E-04 -2.96124E-01
9.39998E+01 -3.00001E-01 -2.38797E-04 -3.01104E-01
9.40998E+01 -3.05001E-01 -2.38675E-04 -3.06124E-01
9.41998E+01 -3.10001E-01 -2.36687E-04 -3.11119E-01
9.42998E+01 -3.15001E-01 -2.31099E-04 -3.16127E-01
9.43998E+01 -3.20001E-01 -2.19774E-04 -3.21111E-01
9.44998E+01 -3.25001E-01 -1.99266E-04 -3.26150E-01
9.45998E+01 -3.30001E-01 -1.70053E-04 -3.31140E-01
9.46998E+01 -3.35001E-01 -1.42062E-04 -3.36148E-01
9.47998E+01 -3.40001E-01 -1.20757E-04 -3.41129E-01
9.48998E+01 -3.45001E-01 -1.05605E-04 -3.46141E-01
9.49998E+01 -3.50001E-01 -9.42881E-05 -3.51147E-01
9.50998E+01 -3.55001E-01 -8.57616E-05 -3.56149E-01
9.51998E+01 -3.60001E-01 -7.91652E-05 -3.61148E-01
9.52998E+01 -3.65001E-01 -7.39066E-05 -3.66150E-01
9.53998E+01 -3.70001E-01 -6.96180E-05 -3.71181E-01
9.54998E+01 -3.75001E-01 -6.60647E-05 -3.76161E-01
9.55998E+01 -3.80001E-01 -6.29237E-05 -3.81153E-01
9.56998E+01 -3.85001E-01 -6.01897E-05 -3.86147E-01
9.57998E+01 -3.90001E-01 -5.76259E-05 -3.91179E-01
9.58998E+01 -3.95001E-01 -5.53549E-05 -3.96180E-01
9.59998E+01 -4.00001E-01 -5.36009E-05 -4.01171E-01
9.60998E+01 -4.05001E-01 -5.20740E-05 -4.06160E-01
9.61998E+01 -4.10001E-01 -5.05865E-05 -4.11168E-01
9.62998E+01 -4.15001E-01 -4.92435E-05 -4.16175E-01
9.63998E+01 -4.20001E-01 -4.80777E-05 -4.21175E-01
9.64998E+01 -4.25001E-01 -4.70193E-05 -4.26190E-01
9.65998E+01 -4.30001E-01 -4.60591E-05 -4.31198E-01
9.66998E+01 -4.35001E-01 -4.51725E-05 -4.36198E-01
9.67998E+01 -4.40001E-01 -4.43682E-05 -4.41219E-01
9.68998E+01 -4.45001E-01 -4.36207E-05 -4.46175E-01
9.69998E+01 -4.50001E-01 -4.29590E-05 -4.51206E-01
9.70998E+01 -4.55001E-01 -4.23479E-05 -4.56217E-01
9.71998E+01 -4.60001E-01 -4.17552E-05 -4.61198E-01
9.72998E+01 -4.65001E-01 -4.12262E-05 -4.66208E-01
9.73998E+01 -4.70001E-01 -4.07013E-05 -4.71185E-01
9.74998E+01 -4.75001E-01 -4.01608E-05 -4.76214E-01
9.75998E+01 -4.80001E-01 -3.99524E-05 -4.81219E-01
9.76998E+01 -4.85001E-01 -3.95931E-05 -4.86236E-01
9.77998E+01 -4.90001E-01 -3.92434E-05 -4.91224E-01
9.78998E+01 -4.95001E-01 -3.88789E-05 -4.96244E-01
9.79998E+01 -5.00001E-01 -3.86147E-05 -5.01229E-01
9.80998E+01 -5.05001E-01 -3.83109E-05 -5.06266E-01
9.81998E+01 -5.10001E-01 -3.79874E-05 -5.11273E-01
9.82998E+01 -5.15001E-01 -3.77455E-05 -5.16282E-01
9.83998E+01 -5.20001E-01 -3.76078E-05 -5.21246E-01
9.84998E+01 -5.25001E-01 -3.75186E-05 -5.26264E-01
9.85998E+01 -5.30001E-01 -3.73170E-05 -5.31260E-01
9.86998E+01 -5.35001E-01 -3.73008E-05 -5.36244E-01
9.87998E+01 -5.40001E-01 -3.72057E-05 -5.41263E-01
9.88998E+01 -5.45001E-01 -3.70123E-05 -5.46263E-01
9.89998E+01 -5.50001E-01 -3.67709E-05 -5.51267E-01
9.90998E+01 -5.55001E-01 -3.68521E-05 -5.56268E-01
9.91998E+01 -5.60001E-01 -3.69638E-05 -5.61278E-01
9.92998E+01 -5.65001E-01 -3.70113E-05 -5.66271E-01
9.93998E+01 -5.70001E-01 -3.69454E-05 -5.71283E-01
9.94998E+01 -5.75001E-01 -3.70941E-05 -5.76290E-01
9.95998E+01 -5.80001E-01 -3.71700E-05 -5.81285E-01
9.96998E+01 -5.85001E-01 -3.71218E-05 -5.86272E-01
9.97998E+01 -5.90001E-01 -3.70833E-05 -5.91274E-01
9.98998E+01 -5.95001E-01 -3.72382E-05 -5.96292E-01
9.99997E+01 -6.00001E-01 -3.74427E-05 -6.01298E-01
1.00100E+02 -6.05000E-01 -3.76136E-05 -6.06296E-01
1.00200E+02 -6.10000E-01 -3.76233E-05 -6.11312E-01
1.00300E+02 -6.15000E-01 -3.77829E-05 -6.16318E-01
1.00400E+02 -6.20000E-01 -3.79164E-05 -6.21304E-01
1.00500E+02 -6.25000E-01 -3.79413E-05 -6.26289E-01
1.00600E+02 -6.30000E-01 -3.78408E-05 -6.31311E-01
1.00700E+02 -6.35000E-01 -3.77631E-05 -6.36324E-01
1.00800E+02 -6.40000E-01 -3.80014E-05 -6.41327E-01
1.00900E+02 -6.45000E-01 -3.82142E-05 -6.46329E-01
1.01000E+02 -6.50000E-01 -3.83243E-05 -6.51334E-01
1.01100E+02 -6.55000E-01 -3.83675E-05 -6.56370E-01
1.01200E+02 -6.60000E-01 -3.85347E-05 -6.61360E-01
1.01300E+02 -6.65000E-01 -3.86720E-05 -6.66354E-01
1.01400E+02 -6.70000E-01 -3.87560E-05 -6.71335E-01
1.01500E+02 -6.75000E-01 -3.88433E-05 -6.76387E-01
1.01600E+02 -6.80000E-01 -3.89035E-05 -6.81371E-01
1.01700E+02 -6.85000E-01 -3.90676E-05 -6.86358E-01
1.01800E+02 -6.90000E-01 -3.92608E-05 -6.91334E-01
1.01900E+02 -6.95000E-01 -3.93676E-05 -6.96376E-01
1.02000E+02 -7.00000E-01 -3.94137E-05 -7.01368E-01
1.02100E+02 -7.05000E-01 -3.95221E-05 -7.06351E-01
1.02200E+02 -7.10000E-01 -3.96013E-05 -7.11351E-01
1.02300E+02 -7.15000E-01 -3.96695E-05 -7.16372E-01
1.02400E+02 -7.20000E-01 -3.97193E-05 -7.21375E-01
1.02500E+02 -7.25000E-01 -3.97663E-05 -7.26377E-01
1.02600E+02 -7.30000E-01 -3.98257E-05 -7.31379E-01
1.02700E+02 -7.35000E-01 -3.99016E-05 -7.36395E-01
1.02800E+02 -7.40000E-01 -3.99878E-05 -7.41392E-01
1.02900E+02 -7.45000E-01 -4.00962E-05 -7.46395E-01
1.03000E+02 -7.50000E-01 -4.02169E-05 -7.51389E-01
1.03100E+02 -7.55000E-01 -4.03228E-05 -7.56400E-01
1.03200E+02 -7.60000E-01 -4.04384E-05 -7.61413E-01
1.03300E+02 -7.65000E-01 -4.05593E-05 -7.66400E-01
1.03400E+02 -7.70000E-01 -4.07041E-05 -7.71370E-01
1.03500E+02 -7.75000E-01 -4.08463E-05 -7.76405E-01
1.03600E+02 -7.80000E-01 -4.09951E-05 -7.81391E-01
1.03700E+02 -7.85000E-01 -4.11481E-05 -7.86402E-01
1.03800E+02 -7.90000E-01 -4.12942E-05 -7.91392E-01
1.03900E+02 -7.95000E-01 -4.14614E-05 -7.96415E-01
