time/s      E/V        I/A
0.00000E+00 -8.00000E-01 -5.52707E-05 -8.01188E-01
9.99997E-02 -7.95000E-01 -5.35104E-05 -7.96170E-01
1.99999E-01 -7.90000E-01 -5.21294E-05 -7.91182E-01
2.99999E-01 -7.85000E-01 -5.08834E-05 -7.86195E-01
3.99999E-01 -7.80000E-01 -4.97423E-05 -7.81186E-01
4.99999E-01 -7.75000E-01 -4.86661E-05 -7.76162E-01
5.99998E-01 -7.70000E-01 -4.76694E-05 -7.71157E-01
6.99998E-01 -7.65000E-01 -4.67157E-05 -7.66150E-01
7.99998E-01 -7.60000E-01 -4.58017E-05 -7.61164E-01
8.99998E-01 -7.55000E-01 -4.49422E-05 -7.56150E-01
9.99997E-01 -7.50000E-01 -4.41129E-05 -7.51151E-01
1.10000E+00 -7.45000E-01 -4.32968E-05 -7.46150E-01
1.20000E+00 -7.40000E-01 -4.25343E-05 -7.41167E-01
1.30000E+00 -7.35000E-01 -4.17897E-05 -7.36160E-01
1.40000E+00 -7.30000E-01 -4.10533E-05 -7.31146E-01
1.50000E+00 -7.25000E-01 -4.03710E-05 -7.26159E-01
1.60000E+00 -7.20000E-01 -3.96956E-05 -7.21153E-01
1.70000E+00 -7.15000E-01 -3.94290E-05 -7.16145E-01
1.80000E+00 -7.10000E-01 -3.87827E-05 -7.11124E-01
1.90000E+00 -7.05000E-01 -3.81523E-05 -7.06129E-01
1.99999E+00 -7.00000E-01 -3.75474E-05 -7.01124E-01
2.09999E+00 -6.95000E-01 -3.69557E-05 -6.96131E-01
2.19999E+00 -6.90000E-01 -3.63763E-05 -6.91127E-01
2.29999E+00 -6.85000E-01 -3.58183E-05 -6.86136E-01
2.39999E+00 -6.80000E-01 -3.52603E-05 -6.81121E-01
2.49999E+00 -6.75000E-01 -3.47241E-05 -6.76143E-01
2.59999E+00 -6.70000E-01 -3.41918E-05 -6.71101E-01
2.69999E+00 -6.65000E-01 -3.36804E-05 -6.66130E-01
2.79999E+00 -6.60000E-01 -3.31733E-05 -6.61107E-01
2.89999E+00 -6.55000E-01 -3.26845E-05 -6.56141E-01
2.99999E+00 -6.50000E-01 -3.22016E-05 -6.51101E-01
3.09999E+00 -6.45000E-01 -3.17172E-05 -6.46092E-01
3.19999E+00 -6.40000E-01 -3.12565E-05 -6.41091E-01
3.29999E+00 -6.35000E-01 -3.07984E-05 -6.36112E-01
3.39999E+00 -6.30000E-01 -3.03332E-05 -6.31088E-01
3.49999E+00 -6.25000E-01 -2.99052E-05 -6.26089E-01
3.59999E+00 -6.20000E-01 -2.94683E-05 -6.21083E-01
3.69999E+00 -6.15000E-01 -2.90398E-05 -6.16077E-01
3.79999E+00 -6.10000E-01 -2.86142E-05 -6.11097E-01
3.89999E+00 -6.05000E-01 -2.82001E-05 -6.06067E-01
3.99999E+00 -6.00001E-01 -2.77947E-05 -6.01067E-01
4.09999E+00 -5.95001E-01 -2.73887E-05 -5.96105E-01
4.19999E+00 -5.90001E-01 -2.69925E-05 -5.91073E-01
4.29999E+00 -5.85001E-01 -2.66030E-05 -5.86066E-01
4.39999E+00 -5.80001E-01 -2.62146E-05 -5.81071E-01
4.49999E+00 -5.75001E-01 -2.58302E-05 -5.76072E-01
4.59999E+00 -5.70001E-01 -2.54548E-05 -5.71072E-01
4.69999E+00 -5.65001E-01 -2.50758E-05 -5.66067E-01
4.79999E+00 -5.60001E-01 -2.47026E-05 -5.61040E-01
4.89999E+00 -5.55001E-01 -2.43342E-05 -5.56063E-01
4.99999E+00 -5.50001E-01 -2.39684E-05 -5.51072E-01
5.09999E+00 -5.45001E-01 -2.36018E-05 -5.46068E-01
5.19999E+00 -5.40001E-01 -2.32468E-05 -5.41057E-01
5.29999E+00 -5.35001E-01 -2.28935E-05 -5.36069E-01
5.39999E+00 -5.30001E-01 -2.25342E-05 -5.31077E-01
5.49999E+00 -5.25001E-01 -2.21944E-05 -5.26035E-01
5.59999E+00 -5.20001E-01 -2.18491E-05 -5.21067E-01
5.69999E+00 -5.15001E-01 -2.15131E-05 -5.16052E-01
5.79999E+00 -5.10001E-01 -2.11679E-05 -5.11067E-01
5.89999E+00 -5.05001E-01 -2.08267E-05 -5.06035E-01
5.99998E+00 -5.00001E-01 -2.04879E-05 -5.01057E-01
6.09998E+00 -4.95001E-01 -2.01556E-05 -4.96035E-01
6.19998E+00 -4.90001E-01 -1.98275E-05 -4.91026E-01
6.29998E+00 -4.85001E-01 -1.95004E-05 -4.86047E-01
6.39998E+00 -4.80001E-01 -1.91752E-05 -4.80995E-01
6.49998E+00 -4.75001E-01 -1.88566E-05 -4.75987E-01
6.59998E+00 -4.70001E-01 -1.85391E-05 -4.70992E-01
6.69998E+00 -4.65001E-01 -1.82269E-05 -4.65992E-01
6.79998E+00 -4.60001E-01 -1.79163E-05 -4.60960E-01
6.89998E+00 -4.55001E-01 -1.76055E-05 -4.55982E-01
6.99998E+00 -4.50001E-01 -1.73020E-05 -4.50971E-01
7.09998E+00 -4.45001E-01 -1.69922E-05 -4.45933E-01
7.19998E+00 -4.40001E-01 -1.67017E-05 -4.40947E-01
7.29998E+00 -4.35001E-01 -1.64089E-05 -4.35959E-01
7.39998E+00 -4.30001E-01 -1.61108E-05 -4.30950E-01
7.49998E+00 -4.25001E-01 -1.58246E-05 -4.25943E-01
7.59998E+00 -4.20001E-01 -1.55388E-05 -4.20969E-01
7.69998E+00 -4.15001E-01 -1.52494E-05 -4.15967E-01
7.79998E+00 -4.10001E-01 -1.49687E-05 -4.10938E-01
7.89998E+00 -4.05001E-01 -1.46890E-05 -4.05916E-01
7.99998E+00 -4.00001E-01 -1.44092E-05 -4.00942E-01
8.09998E+00 -3.95001E-01 -1.41341E-05 -3.95946E-01
8.19998E+00 -3.90001E-01 -1.38580E-05 -3.90937E-01
8.29998E+00 -3.85001E-01 -1.35843E-05 -3.85939E-01
8.39998E+00 -3.80001E-01 -1.33180E-05 -3.80959E-01
8.49998E+00 -3.75001E-01 -1.30454E-05 -3.75938E-01
8.59998E+00 -3.70001E-01 -1.27779E-05 -3.70943E-01
8.69998E+00 -3.65001E-01 -1.25124E-05 -3.65907E-01
8.79998E+00 -3.60001E-01 -1.22451E-05 -3.60922E-01
8.89998E+00 -3.55001E-01 -1.19788E-05 -3.55967E-01
8.99998E+00 -3.50001E-01 -1.17189E-05 -3.50941E-01
9.09998E+00 -3.45001E-01 -1.14533E-05 -3.45913E-01
9.19998E+00 -3.40001E-01 -1.11937E-05 -3.40911E-01
9.29998E+00 -3.35001E-01 -1.09338E-05 -3.35929E-01
9.39998E+00 -3.30001E-01 -1.06839E-05 -3.30964E-01
9.49998E+00 -3.25001E-01 -1.04186E-05 -3.25942E-01
9.59998E+00 -3.20001E-01 -1.01562E-05 -3.20908E-01
9.69998E+00 -3.15001E-01 -9.90183E-06 -3.15937E-01
9.79998E+00 -3.10001E-01 -9.64152E-06 -3.10881E-01
9.89998E+00 -3.05001E-01 -9.38548E-06 -3.05947E-01
9.99997E+00 -3.00001E-01 -9.13424E-06 -3.00919E-01
1.01000E+01 -2.95001E-01 -8.88010E-06 -2.95896E-01
1.02000E+01 -2.90001E-01 -8.61017E-06 -2.90910E-01
1.03000E+01 -2.85001E-01 -8.36398E-06 -2.85899E-01
1.04000E+01 -2.80001E-01 -8.11294E-06 -2.80900E-01
1.05000E+01 -2.75001E-01 -7.86278E-06 -2.75917E-01
1.06000E+01 -2.70001E-01 -7.61091E-06 -2.70876E-01
1.07000E+01 -2.65001E-01 -7.36525E-06 -2.65888E-01
1.08000E+01 -2.60001E-01 -7.11026E-06 -2.60900E-01
1.09000E+01 -2.55001E-01 -6.85635E-06 -2.55877E-01
1.10000E+01 -2.50001E-01 -6.60333E-06 -2.50863E-01
1.11000E+01 -2.45001E-01 -6.35002E-06 -2.45857E-01
1.12000E+01 -2.40001E-01 -6.10245E-06 -2.40859E-01
1.13000E+01 -2.35001E-01 -5.84542E-06 -2.35852E-01
1.14000E+01 -2.30001E-01 -5.59753E-06 -2.30834E-01
1.15000E+01 -2.25001E-01 -5.34094E-06 -2.25867E-01
1.16000E+01 -2.20001E-01 -5.07963E-06 -2.20870E-01
1.17000E+01 -2.15001E-01 -4.82659E-06 -2.15864E-01
1.18000E+01 -2.10001E-01 -4.56908E-06 -2.10814E-01
1.19000E+01 -2.05001E-01 -4.31151E-06 -2.05854E-01
1.20000E+01 -2.00002E-01 -4.05145E-06 -2.00849E-01
1.21000E+01 -1.95002E-01 -3.79196E-06 -1.95838E-01
1.22000E+01 -1.90002E-01 -3.53000E-06 -1.90830E-01
1.23000E+01 -1.85002E-01 -3.26512E-06 -1.85846E-01
1.24000E+01 -1.80002E-01 -3.03651E-06 -1.80834E-01
1.25000E+01 -1.75002E-01 -2.77577E-06 -1.75830E-01
1.26000E+01 -1.70002E-01 -2.50717E-06 -1.70816E-01
1.27000E+01 -1.65002E-01 -2.24248E-06 -1.65808E-01
1.28000E+01 -1.60002E-01 -1.97207E-06 -1.60806E-01
1.29000E+01 -1.55002E-01 -1.70641E-06 -1.55786E-01
1.30000E+01 -1.50002E-01 -1.43498E-06 -1.50789E-01
1.31000E+01 -1.45002E-01 -1.16296E-06 -1.45804E-01
1.32000E+01 -1.40002E-01 -8.94273E-07 -1.40790E-01
1.33000E+01 -1.35002E-01 -6.21430E-07 -1.35794E-01
1.34000E+01 -1.30002E-01 -3.47487E-07 -1.30786E-01
1.35000E+01 -1.25002E-01 -7.67552E-08 -1.25812E-01
1.36000E+01 -1.20002E-01 1.98257E-07  -1.20789E-01
1.37000E+01 -1.15002E-01 4.69057E-07  -1.15769E-01
1.38000E+01 -1.10002E-01 7.38115E-07  -1.10758E-01
1.39000E+01 -1.05002E-01 1.00811E-06  -1.05791E-01
1.40000E+01 -1.00002E-01 1.27906E-06  -1.00800E-01
1.41000E+01 -9.50018E-02 1.55023E-06  -9.57968E-02
1.42000E+01 -9.00018E-02 1.81966E-06  -9.07734E-02
1.43000E+01 -8.50018E-02 2.08795E-06  -8.57863E-02
1.44000E+01 -8.00018E-02 2.35624E-06  -8.07934E-02
1.45000E+01 -7.50018E-02 2.62405E-06  -7.57669E-02
1.46000E+01 -7.00018E-02 2.89431E-06  -7.07523E-02
1.47000E+01 -6.50018E-02 3.16240E-06  -6.57432E-02
1.48000E+01 -6.00019E-02 3.43139E-06  -6.07741E-02
1.49000E+01 -5.50019E-02 3.70359E-06  -5.57583E-02
1.50000E+01 -5.00019E-02 3.97393E-06  -5.07929E-02
1.51000E+01 -4.50019E-02 4.25064E-06  -4.57483E-02
1.52000E+01 -4.00019E-02 4.52226E-06  -4.07911E-02
1.53000E+01 -3.50019E-02 4.80801E-06  -3.57752E-02
1.54000E+01 -3.00019E-02 5.09513E-06  -3.07549E-02
1.55000E+01 -2.50019E-02 5.38438E-06  -2.57465E-02
1.56000E+01 -2.00020E-02 5.68380E-06  -2.07830E-02
1.57000E+01 -1.50020E-02 5.97908E-06  -1.57702E-02
1.58000E+01 -1.00020E-02 6.29109E-06  -1.07506E-02
1.59000E+01 -5.00199E-03 6.60762E-06  -5.74718E-03
1.60000E+01 -2.00000E-06 6.93682E-06  -7.28785E-04
1.61000E+01 4.99799E-03  7.26936E-06  4.25527E-03 
1.62000E+01 9.99797E-03  7.60734E-06  9.25744E-03 
1.63000E+01 1.49980E-02  7.96351E-06  1.42977E-02 
1.64000E+01 1.99979E-02  8.32920E-06  1.92762E-02 
1.65000E+01 2.49979E-02  8.70032E-06  2.42646E-02 
1.66000E+01 2.99979E-02  9.09618E-06  2.92693E-02 
1.67000E+01 3.49979E-02  9.48373E-06  3.42795E-02 
1.68000E+01 3.99979E-02  9.88679E-06  3.92980E-02 
1.69000E+01 4.49979E-02  1.03048E-05  4.42939E-02 
1.70000E+01 4.99979E-02  1.07342E-05  4.92973E-02 
1.71000E+01 5.49979E-02  1.11764E-05  5.42982E-02 
1.72000E+01 5.99978E-02  1.16202E-05  5.93035E-02 
1.73000E+01 6.49978E-02  1.20813E-05  6.43194E-02 
1.74000E+01 6.99978E-02  1.25425E-05  6.93178E-02 
1.75000E+01 7.49978E-02  1.30178E-05  7.43187E-02 
1.76000E+01 7.99978E-02  1.35043E-05  7.93165E-02 
1.77000E+01 8.49978E-02  1.39768E-05  8.43243E-02 
1.78000E+01 8.99978E-02  1.44581E-05  8.93203E-02 
1.79000E+01 9.49978E-02  1.49387E-05  9.43218E-02 
1.80000E+01 9.99977E-02  1.54141E-05  9.93433E-02 
1.81000E+01 1.04998E-01  1.58797E-05  1.04327E-01 
1.82000E+01 1.09998E-01  1.63352E-05  1.09336E-01 
1.83000E+01 1.14998E-01  1.67707E-05  1.14343E-01 
1.84000E+01 1.19998E-01  1.72025E-05  1.19355E-01 
1.85000E+01 1.24998E-01  1.76097E-05  1.24355E-01 
1.86000E+01 1.29998E-01  1.80193E-05  1.29329E-01 
1.87000E+01 1.34998E-01  1.84002E-05  1.34335E-01 
1.88000E+01 1.39998E-01  1.87781E-05  1.39359E-01 
1.89000E+01 1.44998E-01  1.91464E-05  1.44346E-01 
1.90000E+01 1.49998E-01  1.95179E-05  1.49344E-01 
1.91000E+01 1.54998E-01  1.98816E-05  1.54364E-01 
1.92000E+01 1.59998E-01  2.02493E-05  1.59392E-01 
1.93000E+01 1.64998E-01  2.06156E-05  1.64367E-01 
1.94000E+01 1.69998E-01  2.09718E-05  1.69354E-01 
1.95000E+01 1.74998E-01  2.13597E-05  1.74374E-01 
1.96000E+01 1.79998E-01  2.16799E-05  1.79366E-01 
1.97000E+01 1.84998E-01  2.19307E-05  1.84365E-01 
1.98000E+01 1.89998E-01  2.21336E-05  1.89364E-01 
1.99000E+01 1.94998E-01  2.22520E-05  1.94367E-01 
1.99999E+01 1.99997E-01  2.22977E-05  1.99380E-01 
2.00999E+01 2.04997E-01  2.23035E-05  2.04386E-01 
2.01999E+01 2.09997E-01  2.23398E-05  2.09393E-01 
2.02999E+01 2.14997E-01  2.24470E-05  2.14390E-01 
2.03999E+01 2.19997E-01  2.26668E-05  2.19375E-01 
2.04999E+01 2.24997E-01  2.29401E-05  2.24381E-01 
2.05999E+01 2.29997E-01  2.32979E-05  2.29368E-01 
2.06999E+01 2.34997E-01  2.36854E-05  2.34389E-01 
2.07999E+01 2.39997E-01  2.41209E-05  2.39406E-01 
2.08999E+01 2.44997E-01  2.45595E-05  2.44394E-01 
2.09999E+01 2.49997E-01  2.50378E-05  2.49401E-01 
2.10999E+01 2.54997E-01  2.55172E-05  2.54391E-01 
2.11999E+01 2.59997E-01  2.60101E-05  2.59428E-01 
2.12999E+01 2.64997E-01  2.65068E-05  2.64423E-01 
2.13999E+01 2.69997E-01  2.70052E-05  2.69429E-01 
2.14999E+01 2.74997E-01  2.75103E-05  2.74416E-01 
2.15999E+01 2.79997E-01  2.80214E-05  2.79436E-01 
2.16999E+01 2.84997E-01  2.85313E-05  2.84449E-01 
2.17999E+01 2.89997E-01  2.90497E-05  2.89394E-01 
2.18999E+01 2.94997E-01  2.95619E-05  2.94385E-01 
2.19999E+01 2.99997E-01  3.00877E-05  2.99439E-01 
2.20999E+01 3.04997E-01  3.05971E-05  3.04469E-01 
2.21999E+01 3.09997E-01  3.11239E-05  3.09451E-01 
2.22999E+01 3.14997E-01  3.16377E-05  3.14434E-01 
2.23999E+01 3.19997E-01  3.21609E-05  3.19431E-01 
2.24999E+01 3.24997E-01  3.26787E-05  3.24418E-01 
2.25999E+01 3.29997E-01  3.32044E-05  3.29458E-01 
2.26999E+01 3.34997E-01  3.37268E-05  3.34457E-01 
2.27999E+01 3.39997E-01  3.42486E-05  3.39471E-01 
2.28999E+01 3.44997E-01  3.47699E-05  3.44445E-01 
2.29999E+01 3.49997E-01  3.52922E-05  3.49453E-01 
2.30999E+01 3.54997E-01  3.58138E-05  3.54485E-01 
2.31999E+01 3.59997E-01  3.63395E-05  3.59472E-01 
2.32999E+01 3.64997E-01  3.68568E-05  3.64424E-01 
2.33999E+01 3.69997E-01  3.73719E-05  3.69473E-01 
2.34999E+01 3.74997E-01  3.78914E-05  3.74466E-01 
2.35999E+01 3.79997E-01  3.84152E-05  3.79487E-01 
2.36999E+01 3.84997E-01  3.89369E-05  3.84470E-01 
2.37999E+01 3.89997E-01  3.94570E-05  3.89490E-01 
2.38999E+01 3.94997E-01  3.99767E-05  3.94508E-01 
2.39999E+01 3.99997E-01  4.04895E-05  3.99494E-01 
2.40999E+01 4.04997E-01  4.10070E-05  4.04489E-01 
2.41999E+01 4.09997E-01  4.15224E-05  4.09485E-01 
2.42999E+01 4.14997E-01  4.20376E-05  4.14523E-01 
2.43999E+01 4.19997E-01  4.25497E-05  4.19510E-01 
2.44999E+01 4.24997E-01  4.30578E-05  4.24512E-01 
2.45999E+01 4.29997E-01  4.35625E-05  4.29510E-01 
2.46999E+01 4.34997E-01  4.40676E-05  4.34534E-01 
2.47999E+01 4.39997E-01  4.45658E-05  4.39519E-01 
2.48999E+01 4.44997E-01  4.50574E-05  4.44524E-01 
2.49999E+01 4.49997E-01  4.55499E-05  4.49498E-01 
2.50999E+01 4.54997E-01  4.60331E-05  4.54515E-01 
2.51999E+01 4.59997E-01  4.65102E-05  4.59522E-01 
2.52999E+01 4.64997E-01  4.69828E-05  4.64532E-01 
2.53999E+01 4.69997E-01  4.74493E-05  4.69548E-01 
2.54999E+01 4.74997E-01  4.79055E-05  4.74523E-01 
2.55999E+01 4.79997E-01  4.83579E-05  4.79528E-01 
2.56999E+01 4.84997E-01  4.87989E-05  4.84567E-01 
2.57999E+01 4.89997E-01  4.92339E-05  4.89571E-01 
2.58999E+01 4.94997E-01  4.96577E-05  4.94558E-01 
2.59999E+01 4.99997E-01  5.00794E-05  4.99556E-01 
2.60999E+01 5.04997E-01  5.04835E-05  5.04555E-01 
2.61999E+01 5.09997E-01  5.08866E-05  5.09580E-01 
2.62999E+01 5.14997E-01  5.12608E-05  5.14577E-01 
2.63999E+01 5.19997E-01  5.16346E-05  5.19569E-01 
2.64999E+01 5.24997E-01  5.19905E-05  5.24549E-01 
2.65999E+01 5.29997E-01  5.23404E-05  5.29570E-01 
2.66999E+01 5.34997E-01  5.26724E-05  5.34593E-01 
2.67999E+01 5.39997E-01  5.29808E-05  5.39559E-01 
2.68999E+01 5.44997E-01  5.32804E-05  5.44575E-01 
2.69999E+01 5.49997E-01  5.35611E-05  5.49594E-01 
2.70999E+01 5.54997E-01  5.38216E-05  5.54606E-01 
2.71999E+01 5.59997E-01  5.40606E-05  5.59608E-01 
2.72999E+01 5.64997E-01  5.42974E-05  5.64587E-01 
2.73999E+01 5.69997E-01  5.44718E-05  5.69597E-01 
2.74999E+01 5.74997E-01  5.46466E-05  5.74631E-01 
2.75999E+01 5.79997E-01  5.47970E-05  5.79602E-01 
2.76999E+01 5.84997E-01  5.49338E-05  5.84603E-01 
2.77999E+01 5.89997E-01  5.50482E-05  5.89605E-01 
2.78999E+01 5.94997E-01  5.51423E-05  5.94627E-01 
2.79999E+01 5.99996E-01  5.52135E-05  5.99624E-01 
2.80999E+01 6.04996E-01  5.52679E-05  6.04610E-01 
2.81999E+01 6.09996E-01  5.53130E-05  6.09623E-01 
2.82999E+01 6.14996E-01  5.53332E-05  6.14614E-01 
2.83999E+01 6.19996E-01  5.53445E-05  6.19634E-01 
2.84999E+01 6.24996E-01  5.53391E-05  6.24608E-01 
2.85999E+01 6.29996E-01  5.53214E-05  6.29624E-01 
2.86999E+01 6.34996E-01  5.52959E-05  6.34643E-01 
2.87999E+01 6.39996E-01  5.52720E-05  6.39639E-01 
2.88999E+01 6.44996E-01  5.52373E-05  6.44642E-01 
2.89999E+01 6.49996E-01  5.52062E-05  6.49632E-01 
2.90999E+01 6.54996E-01  5.51737E-05  6.54665E-01 
2.91999E+01 6.59996E-01  5.51496E-05  6.59685E-01 
2.92999E+01 6.64996E-01  5.51450E-05  6.64676E-01 
2.93999E+01 6.69996E-01  5.51152E-05  6.69681E-01 
2.94999E+01 6.74996E-01  5.51028E-05  6.74690E-01 
2.95999E+01 6.79996E-01  5.51024E-05  6.79685E-01 
2.96999E+01 6.84996E-01  5.51607E-05  6.84693E-01 
2.97999E+01 6.89996E-01  5.51494E-05  6.89683E-01 
2.98999E+01 6.94996E-01  5.51656E-05  6.94686E-01 
2.99999E+01 6.99996E-01  5.51957E-05  6.99698E-01 
3.00999E+01 7.04996E-01  5.52190E-05  7.04716E-01 
3.01999E+01 7.09996E-01  5.52801E-05  7.09677E-01 
3.02999E+01 7.14996E-01  5.53583E-05  7.14687E-01 
3.03999E+01 7.19996E-01  5.54437E-05  7.19687E-01 
3.04999E+01 7.24996E-01  5.55600E-05  7.24717E-01 
3.05999E+01 7.29996E-01  5.56657E-05  7.29661E-01 
3.06999E+01 7.34996E-01  5.58098E-05  7.34718E-01 
3.07999E+01 7.39996E-01  5.59437E-05  7.39702E-01 
3.08999E+01 7.44996E-01  5.60984E-05  7.44687E-01 
3.09999E+01 7.49996E-01  5.62542E-05  7.49705E-01 
3.10999E+01 7.54996E-01  5.64327E-05  7.54714E-01 
3.11999E+01 7.59996E-01  5.66167E-05  7.59717E-01 
3.12999E+01 7.64996E-01  5.68229E-05  7.64724E-01 
3.13999E+01 7.69996E-01  5.70082E-05  7.69698E-01 
3.14999E+01 7.74996E-01  5.72213E-05  7.74727E-01 
3.15999E+01 7.79996E-01  5.74295E-05  7.79716E-01 
3.16999E+01 7.84996E-01  5.76543E-05  7.84732E-01 
3.17999E+01 7.89996E-01  5.78779E-05  7.89741E-01 
3.18999E+01 7.94996E-01  5.81113E-05  7.94738E-01 
3.19999E+01 7.99996E-01  5.83480E-05  7.99767E-01 
3.20999E+01 8.04996E-01  5.85820E-05  8.04749E-01 
3.21999E+01 8.09996E-01  5.88255E-05  8.09735E-01 
3.22999E+01 8.14996E-01  5.90783E-05  8.14782E-01 
3.23999E+01 8.19996E-01  5.93317E-05  8.19754E-01 
3.24999E+01 8.24996E-01  5.95905E-05  8.24769E-01 
3.25999E+01 8.29996E-01  5.98402E-05  8.29754E-01 
3.26999E+01 8.34996E-01  6.01127E-05  8.34741E-01 
3.27999E+01 8.39996E-01  6.03833E-05  8.39745E-01 
3.28999E+01 8.44996E-01  6.06520E-05  8.44739E-01 
3.29999E+01 8.49996E-01  6.09282E-05  8.49757E-01 
3.30999E+01 8.54996E-01  6.12038E-05  8.54777E-01 
3.31999E+01 8.59996E-01  6.14769E-05  8.59788E-01 
3.32999E+01 8.64996E-01  6.17754E-05  8.64774E-01 
3.33999E+01 8.69996E-01  6.20486E-05  8.69771E-01 
3.34999E+01 8.74996E-01  6.23362E-05  8.74792E-01 
3.35999E+01 8.79996E-01  6.26192E-05  8.79795E-01 
3.36999E+01 8.84996E-01  6.29192E-05  8.84809E-01 
3.37999E+01 8.89996E-01  6.32200E-05  8.89798E-01 
3.38999E+01 8.94996E-01  6.35185E-05  8.94809E-01 
3.39999E+01 8.99996E-01  6.38184E-05  8.99794E-01 
3.40999E+01 9.04996E-01  6.41219E-05  9.04780E-01 
3.41999E+01 9.09996E-01  6.44346E-05  9.09820E-01 
3.42999E+01 9.14996E-01  6.47399E-05  9.14810E-01 
3.43999E+01 9.19996E-01  6.50577E-05  9.19802E-01 
3.44999E+01 9.24996E-01  6.53800E-05  9.24806E-01 
3.45999E+01 9.29996E-01  6.56887E-05  9.29798E-01 
3.46999E+01 9.34996E-01  6.60012E-05  9.34806E-01 
3.47999E+01 9.39996E-01  6.63195E-05  9.39816E-01 
3.48999E+01 9.44996E-01  6.66378E-05  9.44827E-01 
3.49999E+01 9.49996E-01  6.69556E-05  9.49819E-01 
3.50999E+01 9.54996E-01  6.72765E-05  9.54823E-01 
3.51999E+01 9.59996E-01  6.75872E-05  9.59846E-01 
3.52999E+01 9.64996E-01  6.79254E-05  9.64843E-01 
3.53999E+01 9.69996E-01  6.82219E-05  9.69874E-01 
3.54999E+01 9.74996E-01  6.85422E-05  9.74858E-01 
3.55999E+01 9.79996E-01  6.88602E-05  9.79865E-01 
3.56999E+01 9.84996E-01  6.91752E-05  9.84881E-01 
3.57999E+01 9.89996E-01  6.94955E-05  9.89878E-01 
3.58999E+01 9.94996E-01  6.98129E-05  9.94866E-01 
3.59999E+01 9.99995E-01  7.01236E-05  9.99849E-01 
3.60999E+01 1.00500E+00  7.04358E-05  1.00485E+00 
3.61999E+01 1.01000E+00  7.07544E-05  1.00985E+00 
3.62999E+01 1.01500E+00  7.10746E-05  1.01489E+00 
3.63999E+01 1.02000E+00  7.13880E-05  1.01985E+00 
3.64999E+01 1.02500E+00  7.16991E-05  1.02488E+00 
3.65999E+01 1.03000E+00  7.20098E-05  1.02987E+00 
3.66999E+01 1.03500E+00  7.23172E-05  1.03488E+00 
3.67999E+01 1.04000E+00  7.26272E-05  1.03987E+00 
3.68999E+01 1.04500E+00  7.29361E-05  1.04487E+00 
3.69999E+01 1.05000E+00  7.32487E-05  1.04988E+00 
3.70999E+01 1.05500E+00  7.35556E-05  1.05491E+00 
3.71999E+01 1.06000E+00  7.38572E-05  1.05991E+00 
3.72999E+01 1.06500E+00  7.41524E-05  1.06488E+00 
3.73999E+01 1.07000E+00  7.44621E-05  1.06987E+00 
3.74999E+01 1.07500E+00  7.47727E-05  1.07488E+00 
3.75999E+01 1.08000E+00  7.50749E-05  1.07987E+00 
3.76999E+01 1.08500E+00  7.53946E-05  1.08488E+00 
3.77999E+01 1.09000E+00  7.56787E-05  1.08989E+00 
3.78999E+01 1.09500E+00  7.59890E-05  1.09495E+00 
3.79999E+01 1.10000E+00  7.62712E-05  1.09990E+00 
3.80999E+01 1.10500E+00  7.65608E-05  1.10491E+00 
3.81999E+01 1.11000E+00  7.68558E-05  1.10988E+00 
3.82999E+01 1.11500E+00  7.71554E-05  1.11493E+00 
3.83999E+01 1.12000E+00  7.74494E-05  1.11993E+00 
3.84999E+01 1.12500E+00  7.77370E-05  1.12493E+00 
3.85999E+01 1.13000E+00  7.80373E-05  1.12995E+00 
3.86999E+01 1.13500E+00  7.83297E-05  1.13496E+00 
3.87999E+01 1.14000E+00  7.86223E-05  1.13993E+00 
3.88999E+01 1.14500E+00  7.89117E-05  1.14494E+00 
3.89999E+01 1.15000E+00  7.92102E-05  1.14993E+00 
3.90999E+01 1.15500E+00  7.95127E-05  1.15493E+00 
3.91999E+01 1.16000E+00  7.98060E-05  1.15995E+00 
3.92999E+01 1.16500E+00  8.00977E-05  1.16498E+00 
3.93999E+01 1.17000E+00  8.04258E-05  1.16996E+00 
3.94999E+01 1.17500E+00  8.06856E-05  1.17494E+00 
3.95999E+01 1.18000E+00  8.09830E-05  1.17995E+00 
3.96999E+01 1.18500E+00  8.12841E-05  1.18495E+00 
3.97999E+01 1.19000E+00  8.15814E-05  1.18997E+00 
3.98999E+01 1.19500E+00  8.18839E-05  1.19498E+00 
3.99999E+01 1.19999E+00  8.21848E-05  1.19994E+00 
4.00999E+01 1.20499E+00  8.24970E-05  1.20497E+00 
4.01999E+01 1.20999E+00  8.28118E-05  1.20997E+00 
4.02999E+01 1.21499E+00  8.31493E-05  1.21499E+00 
4.03999E+01 1.21999E+00  8.34608E-05  1.21997E+00 
4.04999E+01 1.22499E+00  8.37926E-05  1.22499E+00 
4.05999E+01 1.22999E+00  8.41355E-05  1.23002E+00 
4.06999E+01 1.23499E+00  8.45067E-05  1.23500E+00 
4.07999E+01 1.23999E+00  8.48537E-05  1.23999E+00 
4.08999E+01 1.24499E+00  8.52073E-05  1.24502E+00 
4.09999E+01 1.24999E+00  8.55790E-05  1.25001E+00 
4.10999E+01 1.25499E+00  8.59416E-05  1.25502E+00 
4.11999E+01 1.25999E+00  8.63398E-05  1.26002E+00 
4.12999E+01 1.26499E+00  8.67370E-05  1.26504E+00 
4.13999E+01 1.26999E+00  8.71480E-05  1.27004E+00 
4.14999E+01 1.27499E+00  8.75681E-05  1.27503E+00 
4.15999E+01 1.27999E+00  8.80075E-05  1.28003E+00 
4.16999E+01 1.28499E+00  8.84418E-05  1.28503E+00 
4.17999E+01 1.28999E+00  8.88960E-05  1.29005E+00 
4.18999E+01 1.29499E+00  8.93664E-05  1.29506E+00 
4.19999E+01 1.29999E+00  8.98592E-05  1.30005E+00 
4.20999E+01 1.30499E+00  9.03501E-05  1.30505E+00 
4.21999E+01 1.30999E+00  9.08615E-05  1.31004E+00 
4.22999E+01 1.31499E+00  9.13792E-05  1.31506E+00 
4.23999E+01 1.31999E+00  9.19197E-05  1.32006E+00 
4.24999E+01 1.32499E+00  9.24742E-05  1.32503E+00 
4.25999E+01 1.32999E+00  9.30353E-05  1.33005E+00 
4.26999E+01 1.33499E+00  9.36157E-05  1.33505E+00 
4.27999E+01 1.33999E+00  9.42106E-05  1.34007E+00 
4.28999E+01 1.34499E+00  9.48204E-05  1.34504E+00 
4.29999E+01 1.34999E+00  9.54407E-05  1.35004E+00 
4.30999E+01 1.35499E+00  9.60965E-05  1.35505E+00 
4.31999E+01 1.35999E+00  9.67572E-05  1.36003E+00 
4.32999E+01 1.36499E+00  9.74533E-05  1.36505E+00 
4.33999E+01 1.36999E+00  9.81835E-05  1.37003E+00 
4.34999E+01 1.37499E+00  9.89270E-05  1.37508E+00 
4.35999E+01 1.37999E+00  9.97070E-05  1.38008E+00 
4.36999E+01 1.38499E+00  1.00539E-04  1.38505E+00 
4.37999E+01 1.38999E+00  1.01371E-04  1.39002E+00 
4.38999E+01 1.39499E+00  1.02266E-04  1.39506E+00 
4.39999E+01 1.39999E+00  1.03184E-04  1.40009E+00 
4.40999E+01 1.40499E+00  1.04148E-04  1.40507E+00 
4.41999E+01 1.40999E+00  1.05143E-04  1.41007E+00 
4.42999E+01 1.41499E+00  1.06196E-04  1.41508E+00 
4.43999E+01 1.41999E+00  1.07300E-04  1.42010E+00 
4.44999E+01 1.42499E+00  1.08447E-04  1.42510E+00 
4.45999E+01 1.42999E+00  1.09646E-04  1.43009E+00 
4.46999E+01 1.43499E+00  1.10899E-04  1.43512E+00 
4.47999E+01 1.43999E+00  1.12179E-04  1.44011E+00 
4.48999E+01 1.44499E+00  1.13523E-04  1.44511E+00 
4.49999E+01 1.44999E+00  1.14924E-04  1.45012E+00 
4.50999E+01 1.45499E+00  1.16376E-04  1.45514E+00 
4.51999E+01 1.45999E+00  1.17870E-04  1.46013E+00 
4.52999E+01 1.46499E+00  1.19430E-04  1.46515E+00 
4.53999E+01 1.46999E+00  1.21028E-04  1.47014E+00 
4.54999E+01 1.47499E+00  1.22681E-04  1.47514E+00 
4.55999E+01 1.47999E+00  1.24390E-04  1.48016E+00 
4.56999E+01 1.48499E+00  1.26154E-04  1.48513E+00 
4.57999E+01 1.48999E+00  1.27947E-04  1.49013E+00 
4.58999E+01 1.49499E+00  1.29810E-04  1.49516E+00 
4.59999E+01 1.49999E+00  1.31713E-04  1.50013E+00 
4.60999E+01 1.50499E+00  1.33661E-04  1.50513E+00 
4.61999E+01 1.50999E+00  1.35676E-04  1.51015E+00 
4.62999E+01 1.51499E+00  1.37728E-04  1.51517E+00 
4.63999E+01 1.51999E+00  1.39852E-04  1.52016E+00 
4.64999E+01 1.52499E+00  1.42007E-04  1.52518E+00 
4.65999E+01 1.52999E+00  1.44225E-04  1.53017E+00 
4.66999E+01 1.53499E+00  1.46448E-04  1.53519E+00 
4.67999E+01 1.53999E+00  1.48724E-04  1.54019E+00 
4.68999E+01 1.54499E+00  1.51069E-04  1.54518E+00 
4.69999E+01 1.54999E+00  1.53439E-04  1.55018E+00 
4.70999E+01 1.55499E+00  1.55868E-04  1.55521E+00 
4.71999E+01 1.55999E+00  1.58321E-04  1.56020E+00 
4.72999E+01 1.56499E+00  1.60849E-04  1.56521E+00 
4.73999E+01 1.56999E+00  1.63398E-04  1.57020E+00 
4.74999E+01 1.57499E+00  1.65996E-04  1.57522E+00 
4.75999E+01 1.57999E+00  1.68635E-04  1.58020E+00 
4.76999E+01 1.58499E+00  1.71324E-04  1.58522E+00 
4.77999E+01 1.58999E+00  1.74056E-04  1.59019E+00 
4.78999E+01 1.59499E+00  1.76823E-04  1.59520E+00 
4.79999E+01 1.59999E+00  1.79634E-04  1.60022E+00 
4.80999E+01 1.60499E+00  1.82485E-04  1.60523E+00 
4.81999E+01 1.60999E+00  1.85362E-04  1.61024E+00 
4.82999E+01 1.61499E+00  1.88283E-04  1.61523E+00 
4.83999E+01 1.61999E+00  1.91226E-04  1.62023E+00 
4.84999E+01 1.62499E+00  1.94200E-04  1.62523E+00 
4.85999E+01 1.62999E+00  1.97198E-04  1.63023E+00 
4.86999E+01 1.63499E+00  2.00236E-04  1.63523E+00 
4.87999E+01 1.63999E+00  2.03285E-04  1.64020E+00 
4.88999E+01 1.64499E+00  2.06383E-04  1.64523E+00 
4.89999E+01 1.64999E+00  2.09482E-04  1.65025E+00 
4.90999E+01 1.65499E+00  2.12623E-04  1.65524E+00 
4.91999E+01 1.65999E+00  2.16191E-04  1.66022E+00 
4.92999E+01 1.66499E+00  2.19351E-04  1.66525E+00 
4.93999E+01 1.66999E+00  2.22554E-04  1.67027E+00 
4.94999E+01 1.67499E+00  2.25795E-04  1.67524E+00 
4.95999E+01 1.67999E+00  2.29041E-04  1.68023E+00 
4.96999E+01 1.68499E+00  2.32330E-04  1.68525E+00 
4.97999E+01 1.68999E+00  2.35630E-04  1.69027E+00 
4.98999E+01 1.69499E+00  2.38937E-04  1.69525E+00 
4.99999E+01 1.69999E+00  2.42250E-04  1.70026E+00 
5.00999E+01 1.70499E+00  2.45572E-04  1.70527E+00 
5.01999E+01 1.70999E+00  2.48996E-04  1.71026E+00 
5.02999E+01 1.71499E+00  2.52345E-04  1.71526E+00 
5.03999E+01 1.71999E+00  2.55714E-04  1.72027E+00 
5.04999E+01 1.72499E+00  2.59091E-04  1.72528E+00 
5.05999E+01 1.72999E+00  2.62511E-04  1.73028E+00 
5.06999E+01 1.73499E+00  2.65992E-04  1.73530E+00 
5.07999E+01 1.73999E+00  2.69472E-04  1.74027E+00 
5.08999E+01 1.74499E+00  2.72887E-04  1.74530E+00 
5.09999E+01 1.74999E+00  2.76327E-04  1.75030E+00 
5.10999E+01 1.75499E+00  2.79804E-04  1.75531E+00 
5.11999E+01 1.75999E+00  2.83252E-04  1.76031E+00 
5.12999E+01 1.76499E+00  2.86686E-04  1.76532E+00 
5.13999E+01 1.76999E+00  2.90191E-04  1.77031E+00 
5.14999E+01 1.77499E+00  2.93644E-04  1.77531E+00 
5.15999E+01 1.77999E+00  2.97116E-04  1.78031E+00 
5.16999E+01 1.78499E+00  3.00573E-04  1.78534E+00 
5.17999E+01 1.78999E+00  3.04022E-04  1.79033E+00 
5.18999E+01 1.79499E+00  3.07433E-04  1.79533E+00 
5.19999E+01 1.79999E+00  3.10807E-04  1.80034E+00 
5.20999E+01 1.79499E+00  3.04750E-04  1.79530E+00 
5.21999E+01 1.78999E+00  2.98829E-04  1.79033E+00 
5.22999E+01 1.78499E+00  2.93097E-04  1.78535E+00 
5.23999E+01 1.77999E+00  2.87526E-04  1.78033E+00 
5.24999E+01 1.77499E+00  2.82054E-04  1.77532E+00 
5.25999E+01 1.76999E+00  2.76665E-04  1.77034E+00 
5.26999E+01 1.76499E+00  2.71325E-04  1.76532E+00 
5.27999E+01 1.75999E+00  2.66045E-04  1.76031E+00 
5.28999E+01 1.75499E+00  2.60885E-04  1.75529E+00 
5.29999E+01 1.74999E+00  2.55793E-04  1.75028E+00 
5.30999E+01 1.74499E+00  2.50839E-04  1.74531E+00 
5.31999E+01 1.73999E+00  2.45910E-04  1.74026E+00 
5.32999E+01 1.73499E+00  2.41031E-04  1.73527E+00 
5.33999E+01 1.72999E+00  2.36247E-04  1.73029E+00 
5.34999E+01 1.72499E+00  2.31520E-04  1.72527E+00 
5.35999E+01 1.71999E+00  2.26880E-04  1.72025E+00 
5.36999E+01 1.71499E+00  2.22391E-04  1.71524E+00 
5.37999E+01 1.70999E+00  2.17915E-04  1.71026E+00 
5.38999E+01 1.70499E+00  2.13484E-04  1.70525E+00 
5.39999E+01 1.69999E+00  2.09111E-04  1.70024E+00 
5.40999E+01 1.69499E+00  2.04796E-04  1.69525E+00 
5.41999E+01 1.68999E+00  2.00607E-04  1.69026E+00 
5.42999E+01 1.68499E+00  1.96480E-04  1.68524E+00 
5.43999E+01 1.67999E+00  1.92313E-04  1.68023E+00 
5.44999E+01 1.67499E+00  1.88217E-04  1.67522E+00 
5.45999E+01 1.66999E+00  1.84211E-04  1.67024E+00 
5.46999E+01 1.66499E+00  1.80258E-04  1.66524E+00 
5.47999E+01 1.65999E+00  1.76408E-04  1.66023E+00 
5.48999E+01 1.65499E+00  1.72595E-04  1.65525E+00 
5.49999E+01 1.64999E+00  1.68859E-04  1.65025E+00 
5.50999E+01 1.64499E+00  1.65177E-04  1.64526E+00 
5.51999E+01 1.63999E+00  1.61550E-04  1.64024E+00 
5.52999E+01 1.63499E+00  1.57979E-04  1.63522E+00 
5.53999E+01 1.62999E+00  1.54483E-04  1.63023E+00 
5.54999E+01 1.62499E+00  1.51018E-04  1.62523E+00 
5.55999E+01 1.61999E+00  1.47613E-04  1.62021E+00 
5.56999E+01 1.61499E+00  1.44254E-04  1.61521E+00 
5.57999E+01 1.60999E+00  1.40945E-04  1.61021E+00 
5.58999E+01 1.60499E+00  1.37686E-04  1.60523E+00 
5.59999E+01 1.59999E+00  1.34512E-04  1.60019E+00 
5.60999E+01 1.59499E+00  1.31380E-04  1.59522E+00 
5.61999E+01 1.58999E+00  1.28295E-04  1.59020E+00 
5.62999E+01 1.58499E+00  1.25263E-04  1.58520E+00 
5.63999E+01 1.57999E+00  1.22282E-04  1.58017E+00 
5.64999E+01 1.57499E+00  1.19390E-04  1.57520E+00 
5.65999E+01 1.56999E+00  1.16516E-04  1.57016E+00 
5.66999E+01 1.56499E+00  1.13729E-04  1.56516E+00 
5.67999E+01 1.55999E+00  1.10988E-04  1.56017E+00 
5.68999E+01 1.55499E+00  1.08298E-04  1.55519E+00 
5.69999E+01 1.54999E+00  1.05648E-04  1.55017E+00 
5.70999E+01 1.54499E+00  1.03057E-04  1.54519E+00 
5.71999E+01 1.53999E+00  1.00530E-04  1.54020E+00 
5.72999E+01 1.53499E+00  9.80433E-05  1.53520E+00 
5.73999E+01 1.52999E+00  9.56087E-05  1.53017E+00 
5.74999E+01 1.52499E+00  9.32470E-05  1.52517E+00 
5.75999E+01 1.51999E+00  9.09203E-05  1.52014E+00 
5.76999E+01 1.51499E+00  8.86575E-05  1.51517E+00 
5.77999E+01 1.50999E+00  8.64677E-05  1.51016E+00 
5.78999E+01 1.50499E+00  8.43157E-05  1.50515E+00 
5.79999E+01 1.49999E+00  8.22106E-05  1.50015E+00 
5.80999E+01 1.49499E+00  8.01588E-05  1.49515E+00 
5.81999E+01 1.48999E+00  7.81508E-05  1.49014E+00 
5.82999E+01 1.48499E+00  7.62002E-05  1.48513E+00 
5.83999E+01 1.47999E+00  7.42930E-05  1.48016E+00 
5.84999E+01 1.47499E+00  7.24545E-05  1.47517E+00 
5.85999E+01 1.46999E+00  7.06555E-05  1.47014E+00 
5.86999E+01 1.46499E+00  6.89310E-05  1.46513E+00 
5.87999E+01 1.45999E+00  6.72159E-05  1.46012E+00 
5.88999E+01 1.45499E+00  6.55731E-05  1.45514E+00 
5.89999E+01 1.44999E+00  6.39700E-05  1.45014E+00 
5.90999E+01 1.44499E+00  6.24371E-05  1.44513E+00 
5.91999E+01 1.43999E+00  6.09696E-05  1.44011E+00 
5.92999E+01 1.43499E+00  5.95084E-05  1.43512E+00 
5.93999E+01 1.42999E+00  5.80945E-05  1.43010E+00 
5.94999E+01 1.42499E+00  5.67305E-05  1.42508E+00 
5.95999E+01 1.41999E+00  5.54105E-05  1.42010E+00 
5.96999E+01 1.41499E+00  5.41342E-05  1.41506E+00 
5.97999E+01 1.40999E+00  5.28989E-05  1.41004E+00 
5.98999E+01 1.40499E+00  5.17095E-05  1.40507E+00 
5.99998E+01 1.39999E+00  5.05532E-05  1.40006E+00 
6.00998E+01 1.39499E+00  4.94553E-05  1.39506E+00 
6.01998E+01 1.38999E+00  4.83664E-05  1.39005E+00 
6.02998E+01 1.38499E+00  4.73220E-05  1.38508E+00 
6.03998E+01 1.37999E+00  4.63242E-05  1.38007E+00 
6.04998E+01 1.37499E+00  4.53558E-05  1.37507E+00 
6.05998E+01 1.36999E+00  4.44235E-05  1.37006E+00 
6.06998E+01 1.36499E+00  4.35300E-05  1.36507E+00 
6.07998E+01 1.35999E+00  4.26893E-05  1.36006E+00 
6.08998E+01 1.35499E+00  4.18565E-05  1.35504E+00 
6.09998E+01 1.34999E+00  4.10499E-05  1.35004E+00 
6.10998E+01 1.34499E+00  4.02489E-05  1.34505E+00 
6.11998E+01 1.33999E+00  3.95128E-05  1.34005E+00 
6.12998E+01 1.33499E+00  3.87577E-05  1.33505E+00 
6.13998E+01 1.32999E+00  3.76561E-05  1.33004E+00 
6.14998E+01 1.32499E+00  3.70005E-05  1.32501E+00 
6.15998E+01 1.31999E+00  3.63543E-05  1.32002E+00 
6.16998E+01 1.31499E+00  3.57277E-05  1.31504E+00 
6.17998E+01 1.30999E+00  3.51307E-05  1.31002E+00 
6.18998E+01 1.30499E+00  3.45586E-05  1.30503E+00 
6.19998E+01 1.29999E+00  3.39865E-05  1.30003E+00 
6.20998E+01 1.29499E+00  3.34406E-05  1.29503E+00 
6.21998E+01 1.28999E+00  3.29073E-05  1.29001E+00 
6.22998E+01 1.28499E+00  3.24137E-05  1.28499E+00 
6.23998E+01 1.27999E+00  3.19355E-05  1.28000E+00 
6.24998E+01 1.27499E+00  3.14580E-05  1.27500E+00 
6.25998E+01 1.26999E+00  3.10051E-05  1.27000E+00 
6.26998E+01 1.26499E+00  3.05569E-05  1.26501E+00 
6.27998E+01 1.25999E+00  3.01230E-05  1.25999E+00 
6.28998E+01 1.25499E+00  2.97088E-05  1.25499E+00 
6.29998E+01 1.24999E+00  2.93020E-05  1.24999E+00 
6.30998E+01 1.24499E+00  2.89129E-05  1.24500E+00 
6.31998E+01 1.23999E+00  2.85520E-05  1.23998E+00 
6.32998E+01 1.23499E+00  2.81690E-05  1.23499E+00 
6.33998E+01 1.22999E+00  2.78097E-05  1.22998E+00 
6.34998E+01 1.22499E+00  2.74472E-05  1.22498E+00 
6.35998E+01 1.21999E+00  2.71008E-05  1.21997E+00 
6.36998E+01 1.21499E+00  2.67647E-05  1.21499E+00 
6.37998E+01 1.20999E+00  2.64313E-05  1.20998E+00 
6.38998E+01 1.20499E+00  2.61024E-05  1.20498E+00 
6.39998E+01 1.19999E+00  2.57811E-05  1.19996E+00 
6.40998E+01 1.19500E+00  2.54711E-05  1.19499E+00 
6.41998E+01 1.19000E+00  2.51603E-05  1.18999E+00 
6.42998E+01 1.18500E+00  2.48548E-05  1.18497E+00 
6.43998E+01 1.18000E+00  2.45579E-05  1.17997E+00 
6.44998E+01 1.17500E+00  2.42694E-05  1.17499E+00 
6.45998E+01 1.17000E+00  2.39854E-05  1.16997E+00 
6.46998E+01 1.16500E+00  2.37137E-05  1.16498E+00 
6.47998E+01 1.16000E+00  2.34319E-05  1.15992E+00 
6.48998E+01 1.15500E+00  2.31558E-05  1.15495E+00 
6.49998E+01 1.15000E+00  2.28911E-05  1.14996E+00 
6.50998E+01 1.14500E+00  2.26266E-05  1.14494E+00 
6.51998E+01 1.14000E+00  2.23591E-05  1.13997E+00 
6.52998E+01 1.13500E+00  2.21039E-05  1.13494E+00 
6.53998E+01 1.13000E+00  2.18524E-05  1.12993E+00 
6.54998E+01 1.12500E+00  2.15975E-05  1.12494E+00 
6.55998E+01 1.12000E+00  2.13562E-05  1.11992E+00 
6.56998E+01 1.11500E+00  2.11103E-05  1.11490E+00 
6.57998E+01 1.11000E+00  2.08708E-05  1.10990E+00 
6.58998E+01 1.10500E+00  2.06313E-05  1.10489E+00 
6.59998E+01 1.10000E+00  2.04003E-05  1.09989E+00 
6.60998E+01 1.09500E+00  2.01694E-05  1.09490E+00 
6.61998E+01 1.09000E+00  1.99416E-05  1.08988E+00 
6.62998E+01 1.08500E+00  1.97150E-05  1.08489E+00 
6.63998E+01 1.08000E+00  1.94826E-05  1.07987E+00 
6.64998E+01 1.07500E+00  1.92568E-05  1.07491E+00 
6.65998E+01 1.07000E+00  1.90310E-05  1.06988E+00 
6.66998E+01 1.06500E+00  1.88096E-05  1.06487E+00 
6.67998E+01 1.06000E+00  1.85929E-05  1.05988E+00 
6.68998E+01 1.05500E+00  1.83733E-05  1.05490E+00 
6.69998E+01 1.05000E+00  1.81595E-05  1.04984E+00 
6.70998E+01 1.04500E+00  1.79417E-05  1.04486E+00 
6.71998E+01 1.04000E+00  1.77220E-05  1.03986E+00 
6.72998E+01 1.03500E+00  1.75182E-05  1.03484E+00 
6.73998E+01 1.03000E+00  1.73128E-05  1.02985E+00 
6.74998E+01 1.02500E+00  1.70991E-05  1.02484E+00 
6.75998E+01 1.02000E+00  1.68920E-05  1.01984E+00 
6.76998E+01 1.01500E+00  1.66866E-05  1.01486E+00 
6.77998E+01 1.01000E+00  1.64764E-05  1.00984E+00 
6.78998E+01 1.00500E+00  1.62733E-05  1.00483E+00 
6.79998E+01 9.99995E-01  1.60653E-05  9.99814E-01 
6.80998E+01 9.94996E-01  1.58660E-05  9.94828E-01 
6.81998E+01 9.89996E-01  1.56650E-05  9.89868E-01 
6.82998E+01 9.84996E-01  1.54601E-05  9.84840E-01 
6.83998E+01 9.79996E-01  1.52577E-05  9.79843E-01 
6.84998E+01 9.74996E-01  1.50628E-05  9.74797E-01 
6.85998E+01 9.69996E-01  1.48605E-05  9.69847E-01 
6.86998E+01 9.64996E-01  1.46602E-05  9.64829E-01 
6.87998E+01 9.59996E-01  1.44628E-05  9.59840E-01 
6.88998E+01 9.54996E-01  1.42639E-05  9.54833E-01 
6.89998E+01 9.49996E-01  1.40682E-05  9.49873E-01 
6.90998E+01 9.44996E-01  1.38659E-05  9.44842E-01 
6.91998E+01 9.39996E-01  1.36559E-05  9.39828E-01 
6.92998E+01 9.34996E-01  1.34693E-05  9.34842E-01 
6.93998E+01 9.29996E-01  1.32770E-05  9.29824E-01 
6.94998E+01 9.24996E-01  1.30764E-05  9.24823E-01 
6.95998E+01 9.19996E-01  1.28847E-05  9.19837E-01 
6.96998E+01 9.14996E-01  1.26865E-05  9.14824E-01 
6.97998E+01 9.09996E-01  1.24955E-05  9.09836E-01 
6.98998E+01 9.04996E-01  1.22934E-05  9.04825E-01 
6.99998E+01 8.99996E-01  1.20994E-05  8.99796E-01 
7.00998E+01 8.94996E-01  1.19057E-05  8.94799E-01 
7.01998E+01 8.89996E-01  1.17035E-05  8.89798E-01 
7.02998E+01 8.84996E-01  1.15116E-05  8.84799E-01 
7.03998E+01 8.79996E-01  1.13123E-05  8.79805E-01 
7.04998E+01 8.74996E-01  1.11186E-05  8.74771E-01 
7.05998E+01 8.69996E-01  1.09203E-05  8.69787E-01 
7.06998E+01 8.64996E-01  1.07234E-05  8.64784E-01 
7.07998E+01 8.59996E-01  1.05246E-05  8.59763E-01 
7.08998E+01 8.54996E-01  1.03289E-05  8.54787E-01 
7.09998E+01 8.49996E-01  1.01281E-05  8.49754E-01 
7.10998E+01 8.44996E-01  9.94311E-06  8.44772E-01 
7.11998E+01 8.39996E-01  9.73681E-06  8.39772E-01 
7.12998E+01 8.34996E-01  9.53698E-06  8.34770E-01 
7.13998E+01 8.29996E-01  9.33873E-06  8.29759E-01 
7.14998E+01 8.24996E-01  9.13973E-06  8.24730E-01 
7.15998E+01 8.19996E-01  8.92315E-06  8.19750E-01 
7.16998E+01 8.14996E-01  8.72483E-06  8.14764E-01 
7.17998E+01 8.09996E-01  8.52782E-06  8.09759E-01 
7.18998E+01 8.04996E-01  8.33172E-06  8.04748E-01 
7.19998E+01 7.99996E-01  8.12685E-06  7.99731E-01 
7.20998E+01 7.94996E-01  7.92130E-06  7.94742E-01 
7.21998E+01 7.89996E-01  7.71872E-06  7.89717E-01 
7.22998E+01 7.84996E-01  7.51242E-06  7.84732E-01 
7.23998E+01 7.79996E-01  7.30812E-06  7.79698E-01 
7.24998E+01 7.74996E-01  7.09587E-06  7.74702E-01 
7.25998E+01 7.69996E-01  6.89107E-06  7.69693E-01 
7.26998E+01 7.64996E-01  6.67922E-06  7.64696E-01 
7.27998E+01 7.59996E-01  6.47370E-06  7.59694E-01 
7.28998E+01 7.54996E-01  6.26182E-06  7.54674E-01 
7.29998E+01 7.49996E-01  6.05040E-06  7.49699E-01 
7.30998E+01 7.44996E-01  5.84160E-06  7.44680E-01 
7.31998E+01 7.39996E-01  5.61750E-06  7.39675E-01 
7.32998E+01 7.34996E-01  5.41370E-06  7.34674E-01 
7.33998E+01 7.29996E-01  5.20041E-06  7.29663E-01 
7.34998E+01 7.24996E-01  4.98238E-06  7.24669E-01 
7.35998E+01 7.19996E-01  4.77423E-06  7.19657E-01 
7.36998E+01 7.14996E-01  4.55959E-06  7.14653E-01 
7.37998E+01 7.09996E-01  4.34691E-06  7.09652E-01 
7.38998E+01 7.04996E-01  4.13081E-06  7.04661E-01 
7.39998E+01 6.99996E-01  3.90864E-06  6.99683E-01 
7.40998E+01 6.94996E-01  3.69380E-06  6.94669E-01 
7.41998E+01 6.89996E-01  3.46555E-06  6.89650E-01 
7.42998E+01 6.84996E-01  3.22034E-06  6.84687E-01 
7.43998E+01 6.79996E-01  3.01755E-06  6.79713E-01 
7.44998E+01 6.74996E-01  2.79933E-06  6.74681E-01 
7.45998E+01 6.69996E-01  2.59325E-06  6.69661E-01 
7.46998E+01 6.64996E-01  2.36640E-06  6.64681E-01 
7.47998E+01 6.59996E-01  2.14653E-06  6.59680E-01 
7.48998E+01 6.54996E-01  1.93622E-06  6.54705E-01 
7.49998E+01 6.49996E-01  1.70267E-06  6.49666E-01 
7.50998E+01 6.44996E-01  1.46861E-06  6.44696E-01 
7.51998E+01 6.39996E-01  1.24759E-06  6.39698E-01 
7.52998E+01 6.34996E-01  1.05551E-06  6.34639E-01 
7.53998E+01 6.29996E-01  8.59706E-07  6.29637E-01 
7.54998E+01 6.24996E-01  6.53811E-07  6.24623E-01 
7.55998E+01 6.19996E-01  4.30506E-07  6.19636E-01 
7.56998E+01 6.14996E-01  1.86652E-07  6.14659E-01 
7.57998E+01 6.09996E-01  -7.78519E-08 6.09620E-01 
7.58998E+01 6.04996E-01  -3.07733E-07 6.04629E-01 
7.59998E+01 5.99996E-01  -5.63433E-07 5.99611E-01 
7.60998E+01 5.94997E-01  -8.19765E-07 5.94624E-01 
7.61998E+01 5.89997E-01  -1.07787E-06 5.89633E-01 
7.62998E+01 5.84997E-01  -1.51860E-06 5.84617E-01 
7.63998E+01 5.79997E-01  -1.61424E-06 5.79598E-01 
7.64998E+01 5.74997E-01  -1.85135E-06 5.74612E-01 
7.65998E+01 5.69997E-01  -2.10902E-06 5.69578E-01 
7.66998E+01 5.64997E-01  -2.36473E-06 5.64565E-01 
7.67998E+01 5.59997E-01  -2.64172E-06 5.59598E-01 
7.68998E+01 5.54997E-01  -2.89717E-06 5.54567E-01 
7.69998E+01 5.49997E-01  -3.17037E-06 5.49565E-01 
7.70998E+01 5.44997E-01  -3.44139E-06 5.44555E-01 
7.71998E+01 5.39997E-01  -3.73536E-06 5.39592E-01 
7.72998E+01 5.34997E-01  -4.02620E-06 5.34586E-01 
7.73998E+01 5.29997E-01  -4.31807E-06 5.29570E-01 
7.74998E+01 5.24997E-01  -4.61956E-06 5.24536E-01 
7.75998E+01 5.19997E-01  -4.92930E-06 5.19549E-01 
7.76998E+01 5.14997E-01  -5.25286E-06 5.14566E-01 
7.77998E+01 5.09997E-01  -5.58716E-06 5.09541E-01 
7.78998E+01 5.04997E-01  -5.91550E-06 5.04544E-01 
7.79998E+01 4.99997E-01  -6.25704E-06 4.99519E-01 
7.80998E+01 4.94997E-01  -6.61973E-06 4.94541E-01 
7.81998E+01 4.89997E-01  -6.97740E-06 4.89542E-01 
7.82998E+01 4.84997E-01  -7.34816E-06 4.84538E-01 
7.83998E+01 4.79997E-01  -7.72717E-06 4.79530E-01 
7.84998E+01 4.74997E-01  -8.12026E-06 4.74534E-01 
7.85998E+01 4.69997E-01  -8.52050E-06 4.69536E-01 
7.86998E+01 4.64997E-01  -8.93791E-06 4.64520E-01 
7.87998E+01 4.59997E-01  -9.37157E-06 4.59519E-01 
7.88998E+01 4.54997E-01  -9.79188E-06 4.54534E-01 
7.89998E+01 4.49997E-01  -1.02322E-05 4.49498E-01 
7.90998E+01 4.44997E-01  -1.07187E-05 4.44479E-01 
7.91998E+01 4.39997E-01  -1.11727E-05 4.39483E-01 
7.92998E+01 4.34997E-01  -1.16456E-05 4.34495E-01 
7.93998E+01 4.29997E-01  -1.21355E-05 4.29473E-01 
7.94998E+01 4.24997E-01  -1.26505E-05 4.24500E-01 
7.95998E+01 4.19997E-01  -1.31598E-05 4.19499E-01 
7.96998E+01 4.14997E-01  -1.36968E-05 4.14492E-01 
7.97998E+01 4.09997E-01  -1.42581E-05 4.09478E-01 
7.98998E+01 4.04997E-01  -1.48036E-05 4.04465E-01 
7.99998E+01 3.99997E-01  -1.53763E-05 3.99483E-01 
8.00998E+01 3.94997E-01  -1.59757E-05 3.94467E-01 
8.01998E+01 3.89997E-01  -1.65783E-05 3.89475E-01 
8.02998E+01 3.84997E-01  -1.72054E-05 3.84465E-01 
8.03998E+01 3.79997E-01  -1.78351E-05 3.79483E-01 
8.04998E+01 3.74997E-01  -1.84896E-05 3.74460E-01 
8.05998E+01 3.69997E-01  -1.91595E-05 3.69464E-01 
8.06998E+01 3.64997E-01  -1.98438E-05 3.64483E-01 
8.07998E+01 3.59997E-01  -2.05544E-05 3.59452E-01 
8.08998E+01 3.54997E-01  -2.12544E-05 3.54468E-01 
8.09998E+01 3.49997E-01  -2.19559E-05 3.49449E-01 
8.10998E+01 3.44997E-01  -2.27045E-05 3.44428E-01 
8.11998E+01 3.39997E-01  -2.34561E-05 3.39444E-01 
8.12998E+01 3.34997E-01  -2.41761E-05 3.34466E-01 
8.13998E+01 3.29997E-01  -2.49594E-05 3.29449E-01 
8.14998E+01 3.24997E-01  -2.57442E-05 3.24415E-01 
8.15998E+01 3.19997E-01  -2.65553E-05 3.19447E-01 
8.16998E+01 3.14997E-01  -2.74146E-05 3.14435E-01 
8.17998E+01 3.09997E-01  -2.82218E-05 3.09434E-01 
8.18998E+01 3.04997E-01  -2.91717E-05 3.04445E-01 
8.19998E+01 2.99997E-01  -2.99503E-05 2.99429E-01 
8.20998E+01 2.94997E-01  -3.07704E-05 2.94403E-01 
8.21998E+01 2.89997E-01  -3.16252E-05 2.89428E-01 
8.22998E+01 2.84997E-01  -3.24932E-05 2.84408E-01 
8.23998E+01 2.79997E-01  -3.33336E-05 2.79400E-01 
8.24998E+01 2.74997E-01  -3.41703E-05 2.74377E-01 
8.25998E+01 2.69997E-01  -3.50266E-05 2.69385E-01 
8.26998E+01 2.64997E-01  -3.58861E-05 2.64405E-01 
8.27998E+01 2.59997E-01  -3.67703E-05 2.59406E-01 
8.28998E+01 2.54997E-01  -3.76288E-05 2.54379E-01 
8.29998E+01 2.49997E-01  -3.84947E-05 2.49369E-01 
8.30998E+01 2.44997E-01  -3.93346E-05 2.44384E-01 
8.31998E+01 2.39997E-01  -4.02289E-05 2.39389E-01 
8.32998E+01 2.34997E-01  -4.10840E-05 2.34389E-01 
8.33998E+01 2.29997E-01  -4.19503E-05 2.29376E-01 
8.34998E+01 2.24997E-01  -4.27886E-05 2.24406E-01 
8.35998E+01 2.19997E-01  -4.36346E-05 2.19391E-01 
8.36998E+01 2.14997E-01  -4.44726E-05 2.14388E-01 
8.37998E+01 2.09997E-01  -4.53089E-05 2.09375E-01 
8.38998E+01 2.04997E-01  -4.61331E-05 2.04375E-01 
8.39998E+01 1.99997E-01  -4.69574E-05 1.99384E-01 
8.40998E+01 1.94998E-01  -4.77825E-05 1.94366E-01 
8.41998E+01 1.89998E-01  -4.85954E-05 1.89357E-01 
8.42998E+01 1.84998E-01  -4.93875E-05 1.84361E-01 
8.43998E+01 1.79998E-01  -5.01772E-05 1.79380E-01 
8.44998E+01 1.74998E-01  -5.09657E-05 1.74348E-01 
8.45998E+01 1.69998E-01  -5.17545E-05 1.69352E-01 
8.46998E+01 1.64998E-01  -5.25410E-05 1.64364E-01 
8.47998E+01 1.59998E-01  -5.33303E-05 1.59366E-01 
8.48998E+01 1.54998E-01  -5.41152E-05 1.54371E-01 
8.49998E+01 1.49998E-01  -5.49065E-05 1.49337E-01 
8.50998E+01 1.44998E-01  -5.56550E-05 1.44339E-01 
8.51998E+01 1.39998E-01  -5.64531E-05 1.39359E-01 
8.52998E+01 1.34998E-01  -5.72103E-05 1.34346E-01 
8.53998E+01 1.29998E-01  -5.79859E-05 1.29323E-01 
8.54998E+01 1.24998E-01  -5.87752E-05 1.24326E-01 
8.55998E+01 1.19998E-01  -5.95562E-05 1.19349E-01 
8.56998E+01 1.14998E-01  -6.03561E-05 1.14314E-01 
8.57998E+01 1.09998E-01  -6.11598E-05 1.09309E-01 
8.58998E+01 1.04998E-01  -6.19295E-05 1.04317E-01 
8.59998E+01 9.99977E-02  -6.26836E-05 9.93121E-02 
8.60998E+01 9.49978E-02  -6.34505E-05 9.43187E-02 
8.61998E+01 8.99978E-02  -6.42120E-05 8.92878E-02 
8.62998E+01 8.49978E-02  -6.49687E-05 8.43187E-02 
8.63998E+01 7.99978E-02  -6.57254E-05 7.93128E-02 
8.64998E+01 7.49978E-02  -6.64739E-05 7.42913E-02 
8.65998E+01 6.99978E-02  -6.71983E-05 6.92897E-02 
8.66998E+01 6.49978E-02  -6.79363E-05 6.43063E-02 
8.67998E+01 5.99978E-02  -6.86717E-05 5.92991E-02 
8.68998E+01 5.49979E-02  -6.93814E-05 5.43044E-02 
8.69998E+01 4.99979E-02  -7.01176E-05 4.92711E-02 
8.70998E+01 4.49979E-02  -7.07746E-05 4.42501E-02 
8.71998E+01 3.99979E-02  -7.15572E-05 3.92979E-02 
8.72998E+01 3.49979E-02  -7.22323E-05 3.42570E-02 
8.73998E+01 2.99979E-02  -7.28716E-05 2.92624E-02 
8.74998E+01 2.49979E-02  -7.35490E-05 2.42733E-02 
8.75998E+01 1.99979E-02  -7.42059E-05 1.92730E-02 
8.76998E+01 1.49980E-02  -7.48829E-05 1.42577E-02 
8.77998E+01 9.99797E-03  -7.55554E-05 9.25183E-03 
8.78998E+01 4.99799E-03  -7.62094E-05 4.22841E-03 
8.79998E+01 -2.00000E-06 -7.68657E-05 -7.59396E-04
8.80998E+01 -5.00199E-03 -7.75397E-05 -5.76594E-03
8.81998E+01 -1.00020E-02 -7.82039E-05 -1.07700E-02
8.82998E+01 -1.50020E-02 -7.88717E-05 -1.57571E-02
8.83998E+01 -2.00020E-02 -7.95227E-05 -2.07649E-02
8.84998E+01 -2.50019E-02 -8.01681E-05 -2.57715E-02
8.85998E+01 -3.00019E-02 -8.08025E-05 -3.07787E-02
8.86998E+01 -3.50019E-02 -8.14840E-05 -3.57652E-02
8.87998E+01 -4.00019E-02 -8.21316E-05 -4.07917E-02
8.88998E+01 -4.50019E-02 -8.28120E-05 -4.57727E-02
8.89998E+01 -5.00019E-02 -8.34828E-05 -5.07755E-02
8.90998E+01 -5.50019E-02 -8.41447E-05 -5.57876E-02
8.91998E+01 -6.00019E-02 -8.48734E-05 -6.08004E-02
8.92998E+01 -6.50018E-02 -8.56010E-05 -6.57944E-02
8.93998E+01 -7.00018E-02 -8.63408E-05 -7.07804E-02
8.94998E+01 -7.50018E-02 -8.71083E-05 -7.58019E-02
8.95998E+01 -8.00018E-02 -8.78870E-05 -8.08197E-02
8.96998E+01 -8.50018E-02 -8.86866E-05 -8.57862E-02
8.97998E+01 -9.00018E-02 -8.95357E-05 -9.08034E-02
8.98998E+01 -9.50018E-02 -9.03891E-05 -9.58006E-02
8.99998E+01 -1.00002E-01 -9.13057E-05 -1.00831E-01
9.00998E+01 -1.05002E-01 -9.22633E-05 -1.05819E-01
9.01998E+01 -1.10002E-01 -9.32731E-05 -1.10810E-01
9.02998E+01 -1.15002E-01 -9.43390E-05 -1.15820E-01
9.03998E+01 -1.20002E-01 -9.54589E-05 -1.20823E-01
9.04998E+01 -1.25002E-01 -9.66437E-05 -1.25825E-01
9.05998E+01 -1.30002E-01 -9.78886E-05 -1.30796E-01
9.06998E+01 -1.35002E-01 -9.92137E-05 -1.35797E-01
9.07998E+01 -1.40002E-01 -1.00631E-04 -1.40824E-01
9.08998E+01 -1.45002E-01 -1.02163E-04 -1.45809E-01
9.09998E+01 -1.50002E-01 -1.03842E-04 -1.50805E-01
9.10998E+01 -1.55002E-01 -1.05667E-04 -1.55820E-01
9.11998E+01 -1.60002E-01 -1.07642E-04 -1.60844E-01
9.12998E+01 -1.65002E-01 -1.09757E-04 -1.65857E-01
9.13998E+01 -1.70002E-01 -1.11948E-04 -1.70842E-01
9.14998E+01 -1.75002E-01 -1.14259E-04 -1.75863E-01
9.15998E+01 -1.80002E-01 -1.16595E-04 -1.80858E-01
9.16998E+01 -1.85002E-01 -1.18974E-04 -1.85856E-01
9.17998E+01 -1.90002E-01 -1.21352E-04 -1.90856E-01
9.18998E+01 -1.95002E-01 -1.23758E-04 -1.95852E-01
9.19998E+01 -2.00002E-01 -1.26120E-04 -2.00897E-01
9.20998E+01 -2.05001E-01 -1.28483E-04 -2.05875E-01
9.21998E+01 -2.10001E-01 -1.30860E-04 -2.10870E-01
9.22998E+01 -2.15001E-01 -1.33242E-04 -2.15895E-01
9.23998E+01 -2.20001E-01 -1.35620E-04 -2.20892E-01
9.24998E+01 -2.25001E-01 -1.38006E-04 -2.25865E-01
9.25998E+01 -2.30001E-01 -1.40400E-04 -2.30860E-01
9.26998E+01 -2.35001E-01 -1.42795E-04 -2.35863E-01
9.27998E+01 -2.40001E-01 -1.45170E-04 -2.40892E-01
9.28998E+01 -2.45001E-01 -1.47522E-04 -2.45882E-01
9.29998E+01 -2.50001E-01 -1.49879E-04 -2.50862E-01
9.30998E+01 -2.55001E-01 -1.52194E-04 -2.55889E-01
9.31998E+01 -2.60001E-01 -1.54530E-04 -2.60892E-01
9.32998E+01 -2.65001E-01 -1.56815E-04 -2.65881E-01
9.33998E+01 -2.70001E-01 -1.59085E-04 -2.70888E-01
9.34998E+01 -2.75001E-01 -1.61342E-04 -2.75912E-01
9.35998E+01 -2.80001E-01 -1.63559E-04 -2.80923E-01
9.36998E+01 -2.85001E-01 -1.65777E-04 -2.85904E-01
9.37998E+01 -2.90001E-01 -1.67959E-04 -2.90888E-01
9.38998E+01 -2.95001E-01 -1.70118E-04 -2.95932E-01
9.39998E+01 -3.00001E-01 -1.72257E-04 -3.00903E-01
9.40998E+01 -3.05001E-01 -1.74368E-04 -3.05940E-01
9.41998E+01 -3.10001E-01 -1.76462E-04 -3.10928E-01
9.42998E+01 -3.15001E-01 -1.78520E-04 -3.15917E-01
9.43998E+01 -3.20001E-01 -1.80547E-04 -3.20925E-01
9.44998E+01 -3.25001E-01 -1.82549E-04 -3.25943E-01
9.45998E+01 -3.30001E-01 -1.84496E-04 -3.30939E-01
9.46998E+01 -3.35001E-01 -1.86423E-04 -3.35933E-01
9.47998E+01 -3.40001E-01 -1.88266E-04 -3.40937E-01
9.48998E+01 -3.45001E-01 -1.90076E-04 -3.45935E-01
9.49998E+01 -3.50001E-01 -1.91810E-04 -3.50954E-01
9.50998E+01 -3.55001E-01 -1.93467E-04 -3.55966E-01
9.51998E+01 -3.60001E-01 -1.95031E-04 -3.60980E-01
9.52998E+01 -3.65001E-01 -1.96486E-04 -3.65941E-01
9.53998E+01 -3.70001E-01 -1.97827E-04 -3.70956E-01
9.54998E+01 -3.75001E-01 -1.99006E-04 -3.75959E-01
9.55998E+01 -3.80001E-01 -1.99919E-04 -3.80947E-01
9.56998E+01 -3.85001E-01 -2.00565E-04 -3.85939E-01
9.57998E+01 -3.90001E-01 -2.00745E-04 -3.90955E-01
9.58998E+01 -3.95001E-01 -2.00191E-04 -3.95956E-01
9.59998E+01 -4.00001E-01 -1.98490E-04 -4.00948E-01
9.60998E+01 -4.05001E-01 -1.95054E-04 -4.05942E-01
9.61998E+01 -4.10001E-01 -1.89121E-04 -4.10968E-01
9.62998E+01 -4.15001E-01 -1.79996E-04 -4.15958E-01
9.63998E+01 -4.20001E-01 -1.67499E-04 -4.20958E-01
9.64998E+01 -4.25001E-01 -1.52692E-04 -4.25952E-01
9.65998E+01 -4.30001E-01 -1.38305E-04 -4.30990E-01
9.66998E+01 -4.35001E-01 -1.26960E-04 -4.35999E-01
9.67998E+01 -4.40001E-01 -1.18699E-04 -4.40989E-01
9.68998E+01 -4.45001E-01 -1.12476E-04 -4.45964E-01
9.69998E+01 -4.50001E-01 -1.07827E-04 -4.50991E-01
9.70998E+01 -4.55001E-01 -1.03493E-04 -4.55990E-01
9.71998E+01 -4.60001E-01 -9.99200E-05 -4.60993E-01
9.72998E+01 -4.65001E-01 -9.68487E-05 -4.66014E-01
9.73998E+01 -4.70001E-01 -9.40340E-05 -4.70996E-01
9.74998E+01 -4.75001E-01 -9.15083E-05 -4.75992E-01
9.75998E+01 -4.80001E-01 -8.92335E-05 -4.80997E-01
9.76998E+01 -4.85001E-01 -8.71321E-05 -4.86017E-01
9.77998E+01 -4.90001E-01 -8.52455E-05 -4.91011E-01
9.78998E+01 -4.95001E-01 -8.34415E-05 -4.96021E-01
9.79998E+01 -5.00001E-01 -8.17759E-05 -5.01016E-01
9.80998E+01 -5.05001E-01 -8.02394E-05 -5.06053E-01
9.81998E+01 -5.10001E-01 -7.87180E-05 -5.11039E-01
9.82998E+01 -5.15001E-01 -7.73265E-05 -5.16041E-01
9.83998E+01 -5.20001E-01 -7.60950E-05 -5.21026E-01
9.84998E+01 -5.25001E-01 -7.48669E-05 -5.26015E-01
9.85998E+01 -5.30001E-01 -7.35905E-05 -5.31050E-01
9.86998E+01 -5.35001E-01 -7.24468E-05 -5.36058E-01
9.87998E+01 -5.40001E-01 -7.13707E-05 -5.41029E-01
9.88998E+01 -5.45001E-01 -7.03462E-05 -5.46063E-01
9.89998E+01 -5.50001E-01 -6.93652E-05 -5.51053E-01
9.90998E+01 -5.55001E-01 -6.84172E-05 -5.56053E-01
9.91998E+01 -5.60001E-01 -6.75241E-05 -5.61077E-01
9.92998E+01 -5.65001E-01 -6.66677E-05 -5.66087E-01
9.93998E+01 -5.70001E-01 -6.58741E-05 -5.71063E-01
9.94998E+01 -5.75001E-01 -6.50917E-05 -5.76066E-01
9.95998E+01 -5.80001E-01 -6.43587E-05 -5.81083E-01
9.96998E+01 -5.85001E-01 -6.36686E-05 -5.86073E-01
9.97998E+01 -5.90001E-01 -6.30208E-05 -5.91088E-01
9.98998E+01 -5.95001E-01 -6.24195E-05 -5.96097E-01
9.99997E+01 -6.00001E-01 -6.18486E-05 -6.01097E-01
1.00100E+02 -6.05000E-01 -6.13216E-05 -6.06075E-01
1.00200E+02 -6.10000E-01 -6.08331E-05 -6.11094E-01
1.00300E+02 -6.15000E-01 -6.03809E-05 -6.16102E-01
1.00400E+02 -6.20000E-01 -5.99621E-05 -6.21102E-01
1.00500E+02 -6.25000E-01 -5.95920E-05 -6.26105E-01
1.00600E+02 -6.30000E-01 -5.92464E-05 -6.31115E-01
1.00700E+02 -6.35000E-01 -5.89326E-05 -6.36119E-01
1.00800E+02 -6.40000E-01 -5.86531E-05 -6.41101E-01
1.00900E+02 -6.45000E-01 -5.84001E-05 -6.46117E-01
1.01000E+02 -6.50000E-01 -5.81682E-05 -6.51088E-01
1.01100E+02 -6.55000E-01 -5.79715E-05 -6.56105E-01
1.01200E+02 -6.60000E-01 -5.77820E-05 -6.61095E-01
1.01300E+02 -6.65000E-01 -5.76228E-05 -6.66131E-01
1.01400E+02 -6.70000E-01 -5.75057E-05 -6.71131E-01
1.01500E+02 -6.75000E-01 -5.73596E-05 -6.76152E-01
1.01600E+02 -6.80000E-01 -5.72533E-05 -6.81142E-01
1.01700E+02 -6.85000E-01 -5.71598E-05 -6.86133E-01
1.01800E+02 -6.90000E-01 -5.70636E-05 -6.91129E-01
1.01900E+02 -6.95000E-01 -5.69762E-05 -6.96159E-01
1.02000E+02 -7.00000E-01 -5.69099E-05 -7.01152E-01
1.02100E+02 -7.05000E-01 -5.68371E-05 -7.06151E-01
1.02200E+02 -7.10000E-01 -5.67708E-05 -7.11155E-01
1.02300E+02 -7.15000E-01 -5.67062E-05 -7.16141E-01
1.02400E+02 -7.20000E-01 -5.66456E-05 -7.21140E-01
1.02500E+02 -7.25000E-01 -5.65906E-05 -7.26154E-01
1.02600E+02 -7.30000E-01 -5.65361E-05 -7.31142E-01
1.02700E+02 -7.35000E-01 -5.64785E-05 -7.36146E-01
1.02800E+02 -7.40000E-01 -5.64317E-05 -7.41175E-01
1.02900E+02 -7.45000E-01 -5.63778E-05 -7.46151E-01
1.03000E+02 -7.50000E-01 -5.63255E-05 -7.51141E-01
1.03100E+02 -7.55000E-01 -5.62813E-05 -7.56146E-01
1.03200E+02 -7.60000E-01 -5.62366E-05 -7.61174E-01
1.03300E+02 -7.65000E-01 -5.61836E-05 -7.66178E-01
1.03400E+02 -7.70000E-01 -5.61304E-05 -7.71132E-01
1.03500E+02 -7.75000E-01 -5.60607E-05 -7.76155E-01
1.03600E+02 -7.80000E-01 -5.60448E-05 -7.81178E-01
1.03700E+02 -7.85000E-01 -5.63637E-05 -7.86205E-01
1.03800E+02 -7.90000E-01 -5.59122E-05 -7.91173E-01
1.03900E+02 -7.95000E-01 -5.58885E-05 -7.96201E-01
