time/s      E/V        I/A
0.00000E+00 -8.00000E-01 -9.53351E-05 -8.01195E-01
9.99997E-02 -7.95000E-01 -7.07078E-05 -7.96207E-01
1.99999E-01 -7.90000E-01 -5.98767E-05 -7.91200E-01
2.99999E-01 -7.85000E-01 -5.28314E-05 -7.86197E-01
3.99999E-01 -7.80000E-01 -5.12434E-05 -7.81181E-01
4.99999E-01 -7.75000E-01 -4.73801E-05 -7.76190E-01
5.99998E-01 -7.70000E-01 -4.43128E-05 -7.71170E-01
6.99998E-01 -7.65000E-01 -4.17689E-05 -7.66174E-01
7.99998E-01 -7.60000E-01 -3.96129E-05 -7.61187E-01
8.99998E-01 -7.55000E-01 -3.77561E-05 -7.56190E-01
9.99997E-01 -7.50000E-01 -3.60768E-05 -7.51151E-01
1.10000E+00 -7.45000E-01 -3.48911E-05 -7.46166E-01
1.20000E+00 -7.40000E-01 -3.35114E-05 -7.41172E-01
1.30000E+00 -7.35000E-01 -3.22770E-05 -7.36156E-01
1.40000E+00 -7.30000E-01 -3.11329E-05 -7.31148E-01
1.50000E+00 -7.25000E-01 -3.00874E-05 -7.26165E-01
1.60000E+00 -7.20000E-01 -2.91214E-05 -7.21155E-01
1.70000E+00 -7.15000E-01 -2.82108E-05 -7.16181E-01
1.80000E+00 -7.10000E-01 -2.73697E-05 -7.11155E-01
1.90000E+00 -7.05000E-01 -2.65635E-05 -7.06161E-01
1.99999E+00 -7.00000E-01 -2.58106E-05 -7.01166E-01
2.09999E+00 -6.95000E-01 -2.50901E-05 -6.96166E-01
2.19999E+00 -6.90000E-01 -2.44260E-05 -6.91150E-01
2.29999E+00 -6.85000E-01 -2.38047E-05 -6.86116E-01
2.39999E+00 -6.80000E-01 -2.32044E-05 -6.81141E-01
2.49999E+00 -6.75000E-01 -2.26236E-05 -6.76162E-01
2.59999E+00 -6.70000E-01 -2.20963E-05 -6.71138E-01
2.69999E+00 -6.65000E-01 -2.15970E-05 -6.66131E-01
2.79999E+00 -6.60000E-01 -2.11304E-05 -6.61133E-01
2.89999E+00 -6.55000E-01 -2.07050E-05 -6.56150E-01
2.99999E+00 -6.50000E-01 -2.02636E-05 -6.51123E-01
3.09999E+00 -6.45000E-01 -1.97869E-05 -6.46137E-01
3.19999E+00 -6.40000E-01 -1.93384E-05 -6.41132E-01
3.29999E+00 -6.35000E-01 -1.89479E-05 -6.36115E-01
3.39999E+00 -6.30000E-01 -1.85539E-05 -6.31113E-01
3.49999E+00 -6.25000E-01 -1.81871E-05 -6.26125E-01
3.59999E+00 -6.20000E-01 -1.78345E-05 -6.21146E-01
3.69999E+00 -6.15000E-01 -1.74681E-05 -6.16143E-01
3.79999E+00 -6.10000E-01 -1.70703E-05 -6.11119E-01
3.89999E+00 -6.05000E-01 -1.67409E-05 -6.06097E-01
3.99999E+00 -6.00001E-01 -1.63831E-05 -6.01096E-01
4.09999E+00 -5.95001E-01 -1.62232E-05 -5.96120E-01
4.19999E+00 -5.90001E-01 -1.60279E-05 -5.91098E-01
4.29999E+00 -5.85001E-01 -1.57550E-05 -5.86090E-01
4.39999E+00 -5.80001E-01 -1.54798E-05 -5.81081E-01
4.49999E+00 -5.75001E-01 -1.52203E-05 -5.76104E-01
4.59999E+00 -5.70001E-01 -1.49634E-05 -5.71093E-01
4.69999E+00 -5.65001E-01 -1.47514E-05 -5.66065E-01
4.79999E+00 -5.60001E-01 -1.44967E-05 -5.61078E-01
4.89999E+00 -5.55001E-01 -1.42490E-05 -5.56104E-01
4.99999E+00 -5.50001E-01 -1.39995E-05 -5.51080E-01
5.09999E+00 -5.45001E-01 -1.37368E-05 -5.46063E-01
5.19999E+00 -5.40001E-01 -1.34790E-05 -5.41063E-01
5.29999E+00 -5.35001E-01 -1.32753E-05 -5.36069E-01
5.39999E+00 -5.30001E-01 -1.30611E-05 -5.31090E-01
5.49999E+00 -5.25001E-01 -1.28364E-05 -5.26048E-01
5.59999E+00 -5.20001E-01 -1.26710E-05 -5.21054E-01
5.69999E+00 -5.15001E-01 -1.25029E-05 -5.16045E-01
5.79999E+00 -5.10001E-01 -1.22997E-05 -5.11044E-01
5.89999E+00 -5.05001E-01 -1.20972E-05 -5.06032E-01
5.99998E+00 -5.00001E-01 -1.18719E-05 -5.01061E-01
6.09998E+00 -4.95001E-01 -1.16958E-05 -4.96058E-01
6.19998E+00 -4.90001E-01 -1.15240E-05 -4.91030E-01
6.29998E+00 -4.85001E-01 -1.13538E-05 -4.86028E-01
6.39998E+00 -4.80001E-01 -1.11800E-05 -4.81049E-01
6.49998E+00 -4.75001E-01 -1.10429E-05 -4.76004E-01
6.59998E+00 -4.70001E-01 -1.08527E-05 -4.71010E-01
6.69998E+00 -4.65001E-01 -1.06782E-05 -4.65997E-01
6.79998E+00 -4.60001E-01 -1.05077E-05 -4.61008E-01
6.89998E+00 -4.55001E-01 -1.03440E-05 -4.56038E-01
6.99998E+00 -4.50001E-01 -1.01848E-05 -4.50996E-01
7.09998E+00 -4.45001E-01 -1.00282E-05 -4.45977E-01
7.19998E+00 -4.40001E-01 -9.87721E-06 -4.40996E-01
7.29998E+00 -4.35001E-01 -9.72018E-06 -4.36014E-01
7.39998E+00 -4.30001E-01 -9.56001E-06 -4.30995E-01
7.49998E+00 -4.25001E-01 -9.41325E-06 -4.25975E-01
7.59998E+00 -4.20001E-01 -9.27316E-06 -4.20988E-01
7.69998E+00 -4.15001E-01 -9.09910E-06 -4.15986E-01
7.79998E+00 -4.10001E-01 -8.94264E-06 -4.10972E-01
7.89998E+00 -4.05001E-01 -8.78420E-06 -4.05980E-01
7.99998E+00 -4.00001E-01 -8.62039E-06 -4.00974E-01
8.09998E+00 -3.95001E-01 -8.49585E-06 -3.95973E-01
8.19998E+00 -3.90001E-01 -8.36378E-06 -3.90947E-01
8.29998E+00 -3.85001E-01 -8.23166E-06 -3.85982E-01
8.39998E+00 -3.80001E-01 -8.10112E-06 -3.80990E-01
8.49998E+00 -3.75001E-01 -7.97452E-06 -3.75993E-01
8.59998E+00 -3.70001E-01 -7.84776E-06 -3.70972E-01
8.69998E+00 -3.65001E-01 -7.74033E-06 -3.65945E-01
8.79998E+00 -3.60001E-01 -7.60047E-06 -3.60964E-01
8.89998E+00 -3.55001E-01 -7.44715E-06 -3.55971E-01
8.99998E+00 -3.50001E-01 -7.31216E-06 -3.50979E-01
9.09998E+00 -3.45001E-01 -7.18544E-06 -3.45980E-01
9.19998E+00 -3.40001E-01 -7.05325E-06 -3.40963E-01
9.29998E+00 -3.35001E-01 -6.92588E-06 -3.35952E-01
9.39998E+00 -3.30001E-01 -6.80083E-06 -3.30956E-01
9.49998E+00 -3.25001E-01 -6.67614E-06 -3.25947E-01
9.59998E+00 -3.20001E-01 -6.55057E-06 -3.20918E-01
9.69998E+00 -3.15001E-01 -6.42937E-06 -3.15927E-01
9.79998E+00 -3.10001E-01 -6.30583E-06 -3.10918E-01
9.89998E+00 -3.05001E-01 -6.18418E-06 -3.05945E-01
9.99997E+00 -3.00001E-01 -6.06464E-06 -3.00951E-01
1.01000E+01 -2.95001E-01 -5.94197E-06 -2.95926E-01
1.02000E+01 -2.90001E-01 -5.82150E-06 -2.90896E-01
1.03000E+01 -2.85001E-01 -5.70880E-06 -2.85940E-01
1.04000E+01 -2.80001E-01 -5.58465E-06 -2.80912E-01
1.05000E+01 -2.75001E-01 -5.46828E-06 -2.75930E-01
1.06000E+01 -2.70001E-01 -5.34836E-06 -2.70899E-01
1.07000E+01 -2.65001E-01 -5.23011E-06 -2.65934E-01
1.08000E+01 -2.60001E-01 -5.11649E-06 -2.60926E-01
1.09000E+01 -2.55001E-01 -4.99325E-06 -2.55915E-01
1.10000E+01 -2.50001E-01 -4.87768E-06 -2.50894E-01
1.11000E+01 -2.45001E-01 -4.76760E-06 -2.45886E-01
1.12000E+01 -2.40001E-01 -4.64816E-06 -2.40888E-01
1.13000E+01 -2.35001E-01 -4.53138E-06 -2.35885E-01
1.14000E+01 -2.30001E-01 -4.41431E-06 -2.30877E-01
1.15000E+01 -2.25001E-01 -4.30069E-06 -2.25896E-01
1.16000E+01 -2.20001E-01 -4.18724E-06 -2.20899E-01
1.17000E+01 -2.15001E-01 -4.07037E-06 -2.15863E-01
1.18000E+01 -2.10001E-01 -3.95432E-06 -2.10860E-01
1.19000E+01 -2.05001E-01 -3.83823E-06 -2.05891E-01
1.20000E+01 -2.00002E-01 -3.75678E-06 -2.00888E-01
1.21000E+01 -1.95002E-01 -3.63975E-06 -1.95860E-01
1.22000E+01 -1.90002E-01 -3.52452E-06 -1.90854E-01
1.23000E+01 -1.85002E-01 -3.40861E-06 -1.85872E-01
1.24000E+01 -1.80002E-01 -3.29204E-06 -1.80867E-01
1.25000E+01 -1.75002E-01 -3.17702E-06 -1.75860E-01
1.26000E+01 -1.70002E-01 -3.06000E-06 -1.70864E-01
1.27000E+01 -1.65002E-01 -2.93999E-06 -1.65867E-01
1.28000E+01 -1.60002E-01 -2.82762E-06 -1.60833E-01
1.29000E+01 -1.55002E-01 -2.71120E-06 -1.55834E-01
1.30000E+01 -1.50002E-01 -2.59510E-06 -1.50804E-01
1.31000E+01 -1.45002E-01 -2.47722E-06 -1.45833E-01
1.32000E+01 -1.40002E-01 -2.35959E-06 -1.40838E-01
1.33000E+01 -1.35002E-01 -2.24254E-06 -1.35834E-01
1.34000E+01 -1.30002E-01 -2.12457E-06 -1.30813E-01
1.35000E+01 -1.25002E-01 -2.00700E-06 -1.25825E-01
1.36000E+01 -1.20002E-01 -1.88942E-06 -1.20818E-01
1.37000E+01 -1.15002E-01 -1.77183E-06 -1.15802E-01
1.38000E+01 -1.10002E-01 -1.65490E-06 -1.10806E-01
1.39000E+01 -1.05002E-01 -1.53641E-06 -1.05804E-01
1.40000E+01 -1.00002E-01 -1.42189E-06 -1.00830E-01
1.41000E+01 -9.50018E-02 -1.30290E-06 -9.58000E-02
1.42000E+01 -9.00018E-02 -1.18670E-06 -9.08090E-02
1.43000E+01 -8.50018E-02 -1.06899E-06 -8.57981E-02
1.44000E+01 -8.00018E-02 -9.53530E-07 -8.08134E-02
1.45000E+01 -7.50018E-02 -8.36276E-07 -7.57969E-02
1.46000E+01 -7.00018E-02 -7.20052E-07 -7.07679E-02
1.47000E+01 -6.50018E-02 -6.03720E-07 -6.57839E-02
1.48000E+01 -6.00019E-02 -4.89931E-07 -6.07998E-02
1.49000E+01 -5.50019E-02 -3.73854E-07 -5.57957E-02
1.50000E+01 -5.00019E-02 -2.58846E-07 -5.07704E-02
1.51000E+01 -4.50019E-02 -1.44006E-07 -4.57652E-02
1.52000E+01 -4.00019E-02 -2.91830E-08 -4.08005E-02
1.53000E+01 -3.50019E-02 8.68790E-08  -3.57983E-02
1.54000E+01 -3.00019E-02 2.01022E-07  -3.07574E-02
1.55000E+01 -2.50019E-02 3.16280E-07  -2.57671E-02
1.56000E+01 -2.00020E-02 4.31460E-07  -2.07674E-02
1.57000E+01 -1.50020E-02 5.47290E-07  -1.57703E-02
1.58000E+01 -1.00020E-02 6.63045E-07  -1.07843E-02
1.59000E+01 -5.00199E-03 7.79319E-07  -5.78216E-03
1.60000E+01 -2.00000E-06 8.96171E-07  -7.51891E-04
1.61000E+01 4.99799E-03  1.01365E-06  4.22154E-03 
1.62000E+01 9.99797E-03  1.12994E-06  9.23559E-03 
1.63000E+01 1.49980E-02  1.24945E-06  1.42634E-02 
1.64000E+01 1.99979E-02  1.36710E-06  1.92824E-02 
1.65000E+01 2.49979E-02  1.48574E-06  2.42521E-02 
1.66000E+01 2.99979E-02  1.60636E-06  2.92218E-02 
1.67000E+01 3.49979E-02  1.72838E-06  3.42533E-02 
1.68000E+01 3.99979E-02  1.84915E-06  3.92742E-02 
1.69000E+01 4.49979E-02  1.97050E-06  4.42408E-02 
1.70000E+01 4.99979E-02  2.09420E-06  4.92586E-02 
1.71000E+01 5.49979E-02  2.21961E-06  5.42670E-02 
1.72000E+01 5.99978E-02  2.34575E-06  5.92729E-02 
1.73000E+01 6.49978E-02  2.47059E-06  6.42944E-02 
1.74000E+01 6.99978E-02  2.59803E-06  6.93041E-02 
1.75000E+01 7.49978E-02  2.72308E-06  7.42776E-02 
1.76000E+01 7.99978E-02  2.85554E-06  7.92797E-02 
1.77000E+01 8.49978E-02  2.98439E-06  8.42950E-02 
1.78000E+01 8.99978E-02  3.11704E-06  8.92797E-02 
1.79000E+01 9.49978E-02  3.24797E-06  9.42956E-02 
1.80000E+01 9.99977E-02  3.38173E-06  9.93196E-02 
1.81000E+01 1.04998E-01  3.51701E-06  1.04311E-01 
1.82000E+01 1.09998E-01  3.65361E-06  1.09291E-01 
1.83000E+01 1.14998E-01  3.78993E-06  1.14315E-01 
1.84000E+01 1.19998E-01  3.92840E-06  1.19316E-01 
1.85000E+01 1.24998E-01  4.06885E-06  1.24319E-01 
1.86000E+01 1.29998E-01  4.21135E-06  1.29307E-01 
1.87000E+01 1.34998E-01  4.35506E-06  1.34331E-01 
1.88000E+01 1.39998E-01  4.49845E-06  1.39333E-01 
1.89000E+01 1.44998E-01  4.64610E-06  1.44337E-01 
1.90000E+01 1.49998E-01  4.79612E-06  1.49343E-01 
1.91000E+01 1.54998E-01  4.94579E-06  1.54355E-01 
1.92000E+01 1.59998E-01  5.09871E-06  1.59362E-01 
1.93000E+01 1.64998E-01  5.25335E-06  1.64356E-01 
1.94000E+01 1.69998E-01  5.41064E-06  1.69352E-01 
1.95000E+01 1.74998E-01  5.56907E-06  1.74351E-01 
1.96000E+01 1.79998E-01  5.73123E-06  1.79370E-01 
1.97000E+01 1.84998E-01  5.89514E-06  1.84362E-01 
1.98000E+01 1.89998E-01  6.06182E-06  1.89345E-01 
1.99000E+01 1.94998E-01  6.23130E-06  1.94368E-01 
1.99999E+01 1.99997E-01  6.40355E-06  1.99381E-01 
2.00999E+01 2.04997E-01  6.57727E-06  2.04371E-01 
2.01999E+01 2.09997E-01  6.75356E-06  2.09375E-01 
2.02999E+01 2.14997E-01  6.93446E-06  2.14367E-01 
2.03999E+01 2.19997E-01  7.11717E-06  2.19398E-01 
2.04999E+01 2.24997E-01  7.30229E-06  2.24383E-01 
2.05999E+01 2.29997E-01  7.49076E-06  2.29377E-01 
2.06999E+01 2.34997E-01  7.68256E-06  2.34392E-01 
2.07999E+01 2.39997E-01  7.87571E-06  2.39389E-01 
2.08999E+01 2.44997E-01  8.07095E-06  2.44386E-01 
2.09999E+01 2.49997E-01  8.27497E-06  2.49368E-01 
2.10999E+01 2.54997E-01  8.47574E-06  2.54367E-01 
2.11999E+01 2.59997E-01  8.68747E-06  2.59391E-01 
2.12999E+01 2.64997E-01  8.91164E-06  2.64396E-01 
2.13999E+01 2.69997E-01  9.11862E-06  2.69396E-01 
2.14999E+01 2.74997E-01  9.29936E-06  2.74393E-01 
2.15999E+01 2.79997E-01  9.45413E-06  2.79399E-01 
2.16999E+01 2.84997E-01  9.67475E-06  2.84398E-01 
2.17999E+01 2.89997E-01  9.90538E-06  2.89402E-01 
2.18999E+01 2.94997E-01  1.01336E-05  2.94413E-01 
2.19999E+01 2.99997E-01  1.03786E-05  2.99432E-01 
2.20999E+01 3.04997E-01  1.06260E-05  3.04432E-01 
2.21999E+01 3.09997E-01  1.08786E-05  3.09438E-01 
2.22999E+01 3.14997E-01  1.11340E-05  3.14439E-01 
2.23999E+01 3.19997E-01  1.13964E-05  3.19452E-01 
2.24999E+01 3.24997E-01  1.16726E-05  3.24435E-01 
2.25999E+01 3.29997E-01  1.19427E-05  3.29444E-01 
2.26999E+01 3.34997E-01  1.22010E-05  3.34449E-01 
2.27999E+01 3.39997E-01  1.24804E-05  3.39464E-01 
2.28999E+01 3.44997E-01  1.27863E-05  3.44451E-01 
2.29999E+01 3.49997E-01  1.31007E-05  3.49461E-01 
2.30999E+01 3.54997E-01  1.34124E-05  3.54467E-01 
2.31999E+01 3.59997E-01  1.37433E-05  3.59463E-01 
2.32999E+01 3.64997E-01  1.40569E-05  3.64453E-01 
2.33999E+01 3.69997E-01  1.43815E-05  3.69462E-01 
2.34999E+01 3.74997E-01  1.46901E-05  3.74479E-01 
2.35999E+01 3.79997E-01  1.50038E-05  3.79464E-01 
2.36999E+01 3.84997E-01  1.53395E-05  3.84466E-01 
2.37999E+01 3.89997E-01  1.56557E-05  3.89449E-01 
2.38999E+01 3.94997E-01  1.59923E-05  3.94484E-01 
2.39999E+01 3.99997E-01  1.63473E-05  3.99487E-01 
2.40999E+01 4.04997E-01  1.67062E-05  4.04464E-01 
2.41999E+01 4.09997E-01  1.70753E-05  4.09464E-01 
2.42999E+01 4.14997E-01  1.74471E-05  4.14480E-01 
2.43999E+01 4.19997E-01  1.78288E-05  4.19497E-01 
2.44999E+01 4.24997E-01  1.82151E-05  4.24493E-01 
2.45999E+01 4.29997E-01  1.86100E-05  4.29480E-01 
2.46999E+01 4.34997E-01  1.90090E-05  4.34508E-01 
2.47999E+01 4.39997E-01  1.94164E-05  4.39504E-01 
2.48999E+01 4.44997E-01  1.98268E-05  4.44479E-01 
2.49999E+01 4.49997E-01  2.02510E-05  4.49493E-01 
2.50999E+01 4.54997E-01  2.06688E-05  4.54497E-01 
2.51999E+01 4.59997E-01  2.11002E-05  4.59500E-01 
2.52999E+01 4.64997E-01  2.15782E-05  4.64515E-01 
2.53999E+01 4.69997E-01  2.20203E-05  4.69513E-01 
2.54999E+01 4.74997E-01  2.24642E-05  4.74517E-01 
2.55999E+01 4.79997E-01  2.29164E-05  4.79536E-01 
2.56999E+01 4.84997E-01  2.33708E-05  4.84542E-01 
2.57999E+01 4.89997E-01  2.38318E-05  4.89551E-01 
2.58999E+01 4.94997E-01  2.42938E-05  4.94540E-01 
2.59999E+01 4.99997E-01  2.47626E-05  4.99552E-01 
2.60999E+01 5.04997E-01  2.52327E-05  5.04545E-01 
2.61999E+01 5.09997E-01  2.57072E-05  5.09544E-01 
2.62999E+01 5.14997E-01  2.61829E-05  5.14543E-01 
2.63999E+01 5.19997E-01  2.66611E-05  5.19539E-01 
2.64999E+01 5.24997E-01  2.71393E-05  5.24545E-01 
2.65999E+01 5.29997E-01  2.76198E-05  5.29574E-01 
2.66999E+01 5.34997E-01  2.81029E-05  5.34578E-01 
2.67999E+01 5.39997E-01  2.85866E-05  5.39572E-01 
2.68999E+01 5.44997E-01  2.90703E-05  5.44551E-01 
2.69999E+01 5.49997E-01  2.95507E-05  5.49578E-01 
2.70999E+01 5.54997E-01  3.00299E-05  5.54566E-01 
2.71999E+01 5.59997E-01  3.05123E-05  5.59572E-01 
2.72999E+01 5.64997E-01  3.09922E-05  5.64564E-01 
2.73999E+01 5.69997E-01  3.14687E-05  5.69578E-01 
2.74999E+01 5.74997E-01  3.19397E-05  5.74594E-01 
2.75999E+01 5.79997E-01  3.24133E-05  5.79588E-01 
2.76999E+01 5.84997E-01  3.28823E-05  5.84588E-01 
2.77999E+01 5.89997E-01  3.33570E-05  5.89610E-01 
2.78999E+01 5.94997E-01  3.38261E-05  5.94619E-01 
2.79999E+01 5.99996E-01  3.42937E-05  5.99606E-01 
2.80999E+01 6.04996E-01  3.47552E-05  6.04598E-01 
2.81999E+01 6.09996E-01  3.52224E-05  6.09605E-01 
2.82999E+01 6.14996E-01  3.56786E-05  6.14625E-01 
2.83999E+01 6.19996E-01  3.61308E-05  6.19623E-01 
2.84999E+01 6.24996E-01  3.65766E-05  6.24622E-01 
2.85999E+01 6.29996E-01  3.70199E-05  6.29601E-01 
2.86999E+01 6.34996E-01  3.74567E-05  6.34625E-01 
2.87999E+01 6.39996E-01  3.78962E-05  6.39626E-01 
2.88999E+01 6.44996E-01  3.83264E-05  6.44637E-01 
2.89999E+01 6.49996E-01  3.87575E-05  6.49647E-01 
2.90999E+01 6.54996E-01  3.91816E-05  6.54674E-01 
2.91999E+01 6.59996E-01  3.96034E-05  6.59669E-01 
2.92999E+01 6.64996E-01  4.00218E-05  6.64671E-01 
2.93999E+01 6.69996E-01  4.04394E-05  6.69660E-01 
2.94999E+01 6.74996E-01  4.08500E-05  6.74675E-01 
2.95999E+01 6.79996E-01  4.12602E-05  6.79651E-01 
2.96999E+01 6.84996E-01  4.16636E-05  6.84672E-01 
2.97999E+01 6.89996E-01  4.20680E-05  6.89654E-01 
2.98999E+01 6.94996E-01  4.24666E-05  6.94674E-01 
2.99999E+01 6.99996E-01  4.28651E-05  6.99680E-01 
3.00999E+01 7.04996E-01  4.32581E-05  7.04663E-01 
3.01999E+01 7.09996E-01  4.36512E-05  7.09656E-01 
3.02999E+01 7.14996E-01  4.40371E-05  7.14682E-01 
3.03999E+01 7.19996E-01  4.44234E-05  7.19684E-01 
3.04999E+01 7.24996E-01  4.48038E-05  7.24657E-01 
3.05999E+01 7.29996E-01  4.51842E-05  7.29653E-01 
3.06999E+01 7.34996E-01  4.55588E-05  7.34659E-01 
3.07999E+01 7.39996E-01  4.59265E-05  7.39695E-01 
3.08999E+01 7.44996E-01  4.62930E-05  7.44692E-01 
3.09999E+01 7.49996E-01  4.66590E-05  7.49675E-01 
3.10999E+01 7.54996E-01  4.70198E-05  7.54682E-01 
3.11999E+01 7.59996E-01  4.73752E-05  7.59691E-01 
3.12999E+01 7.64996E-01  4.77282E-05  7.64675E-01 
3.13999E+01 7.69996E-01  4.80768E-05  7.69685E-01 
3.14999E+01 7.74996E-01  4.84202E-05  7.74679E-01 
3.15999E+01 7.79996E-01  4.87625E-05  7.79694E-01 
3.16999E+01 7.84996E-01  4.90989E-05  7.84712E-01 
3.17999E+01 7.89996E-01  4.94358E-05  7.89733E-01 
3.18999E+01 7.94996E-01  4.97624E-05  7.94743E-01 
3.19999E+01 7.99996E-01  5.00909E-05  7.99709E-01 
3.20999E+01 8.04996E-01  5.04073E-05  8.04727E-01 
3.21999E+01 8.09996E-01  5.07254E-05  8.09724E-01 
3.22999E+01 8.14996E-01  5.10404E-05  8.14750E-01 
3.23999E+01 8.19996E-01  5.13454E-05  8.19722E-01 
3.24999E+01 8.24996E-01  5.16462E-05  8.24720E-01 
3.25999E+01 8.29996E-01  5.19465E-05  8.29725E-01 
3.26999E+01 8.34996E-01  5.22443E-05  8.34757E-01 
3.27999E+01 8.39996E-01  5.25407E-05  8.39725E-01 
3.28999E+01 8.44996E-01  5.28352E-05  8.44724E-01 
3.29999E+01 8.49996E-01  5.31269E-05  8.49712E-01 
3.30999E+01 8.54996E-01  5.34148E-05  8.54728E-01 
3.31999E+01 8.59996E-01  5.37107E-05  8.59744E-01 
3.32999E+01 8.64996E-01  5.40032E-05  8.64744E-01 
3.33999E+01 8.69996E-01  5.42993E-05  8.69760E-01 
3.34999E+01 8.74996E-01  5.45970E-05  8.74754E-01 
3.35999E+01 8.79996E-01  5.49013E-05  8.79773E-01 
3.36999E+01 8.84996E-01  5.52049E-05  8.84764E-01 
3.37999E+01 8.89996E-01  5.55206E-05  8.89770E-01 
3.38999E+01 8.94996E-01  5.58402E-05  8.94812E-01 
3.39999E+01 8.99996E-01  5.61650E-05  8.99816E-01 
3.40999E+01 9.04996E-01  5.64986E-05  9.04796E-01 
3.41999E+01 9.09996E-01  5.68397E-05  9.09805E-01 
3.42999E+01 9.14996E-01  5.71861E-05  9.14793E-01 
3.43999E+01 9.19996E-01  5.75446E-05  9.19823E-01 
3.44999E+01 9.24996E-01  5.79138E-05  9.24823E-01 
3.45999E+01 9.29996E-01  5.82966E-05  9.29814E-01 
3.46999E+01 9.34996E-01  5.86809E-05  9.34810E-01 
3.47999E+01 9.39996E-01  5.90788E-05  9.39829E-01 
3.48999E+01 9.44996E-01  5.94771E-05  9.44825E-01 
3.49999E+01 9.49996E-01  5.98824E-05  9.49836E-01 
3.50999E+01 9.54996E-01  6.02909E-05  9.54826E-01 
3.51999E+01 9.59996E-01  6.07029E-05  9.59831E-01 
3.52999E+01 9.64996E-01  6.11088E-05  9.64820E-01 
3.53999E+01 9.69996E-01  6.15179E-05  9.69841E-01 
3.54999E+01 9.74996E-01  6.19100E-05  9.74853E-01 
3.55999E+01 9.79996E-01  6.23033E-05  9.79838E-01 
3.56999E+01 9.84996E-01  6.26779E-05  9.84846E-01 
3.57999E+01 9.89996E-01  6.30451E-05  9.89845E-01 
3.58999E+01 9.94996E-01  6.33998E-05  9.94852E-01 
3.59999E+01 9.99995E-01  6.37503E-05  9.99836E-01 
3.60999E+01 1.00500E+00  6.40868E-05  1.00483E+00 
3.61999E+01 1.01000E+00  6.44131E-05  1.00983E+00 
3.62999E+01 1.01500E+00  6.47445E-05  1.01484E+00 
3.63999E+01 1.02000E+00  6.50548E-05  1.01983E+00 
3.64999E+01 1.02500E+00  6.53741E-05  1.02484E+00 
3.65999E+01 1.03000E+00  6.56809E-05  1.02983E+00 
3.66999E+01 1.03500E+00  6.59916E-05  1.03485E+00 
3.67999E+01 1.04000E+00  6.62995E-05  1.03984E+00 
3.68999E+01 1.04500E+00  6.66155E-05  1.04485E+00 
3.69999E+01 1.05000E+00  6.69422E-05  1.04985E+00 
3.70999E+01 1.05500E+00  6.72744E-05  1.05488E+00 
3.71999E+01 1.06000E+00  6.76185E-05  1.05988E+00 
3.72999E+01 1.06500E+00  6.79624E-05  1.06488E+00 
3.73999E+01 1.07000E+00  6.83218E-05  1.06988E+00 
3.74999E+01 1.07500E+00  6.86919E-05  1.07491E+00 
3.75999E+01 1.08000E+00  6.90719E-05  1.07989E+00 
3.76999E+01 1.08500E+00  6.94623E-05  1.08487E+00 
3.77999E+01 1.09000E+00  6.98676E-05  1.08988E+00 
3.78999E+01 1.09500E+00  7.02894E-05  1.09489E+00 
3.79999E+01 1.10000E+00  7.07306E-05  1.09989E+00 
3.80999E+01 1.10500E+00  7.11952E-05  1.10490E+00 
3.81999E+01 1.11000E+00  7.17091E-05  1.10990E+00 
3.82999E+01 1.11500E+00  7.22074E-05  1.11492E+00 
3.83999E+01 1.12000E+00  7.27420E-05  1.11991E+00 
3.84999E+01 1.12500E+00  7.32860E-05  1.12493E+00 
3.85999E+01 1.13000E+00  7.38737E-05  1.12992E+00 
3.86999E+01 1.13500E+00  7.44710E-05  1.13492E+00 
3.87999E+01 1.14000E+00  7.50868E-05  1.13993E+00 
3.88999E+01 1.14500E+00  7.57088E-05  1.14495E+00 
3.89999E+01 1.15000E+00  7.63452E-05  1.14994E+00 
3.90999E+01 1.15500E+00  7.70056E-05  1.15495E+00 
3.91999E+01 1.16000E+00  7.76786E-05  1.15996E+00 
3.92999E+01 1.16500E+00  7.83913E-05  1.16495E+00 
3.93999E+01 1.17000E+00  7.90919E-05  1.16995E+00 
3.94999E+01 1.17500E+00  7.98218E-05  1.17498E+00 
3.95999E+01 1.18000E+00  8.05622E-05  1.17998E+00 
3.96999E+01 1.18500E+00  8.13301E-05  1.18498E+00 
3.97999E+01 1.19000E+00  8.21174E-05  1.18999E+00 
3.98999E+01 1.19500E+00  8.29077E-05  1.19497E+00 
3.99999E+01 1.19999E+00  8.37444E-05  1.19997E+00 
4.00999E+01 1.20499E+00  8.46102E-05  1.20500E+00 
4.01999E+01 1.20999E+00  8.54705E-05  1.21000E+00 
4.02999E+01 1.21499E+00  8.63534E-05  1.21498E+00 
4.03999E+01 1.21999E+00  8.72534E-05  1.21998E+00 
4.04999E+01 1.22499E+00  8.81624E-05  1.22500E+00 
4.05999E+01 1.22999E+00  8.90671E-05  1.23000E+00 
4.06999E+01 1.23499E+00  8.99524E-05  1.23501E+00 
4.07999E+01 1.23999E+00  9.08672E-05  1.23999E+00 
4.08999E+01 1.24499E+00  9.18025E-05  1.24501E+00 
4.09999E+01 1.24999E+00  9.27561E-05  1.25002E+00 
4.10999E+01 1.25499E+00  9.37040E-05  1.25500E+00 
4.11999E+01 1.25999E+00  9.46500E-05  1.25999E+00 
4.12999E+01 1.26499E+00  9.56384E-05  1.26499E+00 
4.13999E+01 1.26999E+00  9.66569E-05  1.27000E+00 
4.14999E+01 1.27499E+00  9.76516E-05  1.27502E+00 
4.15999E+01 1.27999E+00  9.86908E-05  1.28002E+00 
4.16999E+01 1.28499E+00  9.97284E-05  1.28500E+00 
4.17999E+01 1.28999E+00  1.00789E-04  1.29001E+00 
4.18999E+01 1.29499E+00  1.01823E-04  1.29502E+00 
4.19999E+01 1.29999E+00  1.02910E-04  1.30001E+00 
4.20999E+01 1.30499E+00  1.03971E-04  1.30502E+00 
4.21999E+01 1.30999E+00  1.05041E-04  1.31002E+00 
4.22999E+01 1.31499E+00  1.06125E-04  1.31503E+00 
4.23999E+01 1.31999E+00  1.07281E-04  1.32001E+00 
4.24999E+01 1.32499E+00  1.08402E-04  1.32503E+00 
4.25999E+01 1.32999E+00  1.09556E-04  1.33003E+00 
4.26999E+01 1.33499E+00  1.10893E-04  1.33504E+00 
4.27999E+01 1.33999E+00  1.11959E-04  1.34004E+00 
4.28999E+01 1.34499E+00  1.13103E-04  1.34507E+00 
4.29999E+01 1.34999E+00  1.14259E-04  1.35002E+00 
4.30999E+01 1.35499E+00  1.15488E-04  1.35503E+00 
4.31999E+01 1.35999E+00  1.16656E-04  1.36004E+00 
4.32999E+01 1.36499E+00  1.17920E-04  1.36503E+00 
4.33999E+01 1.36999E+00  1.19164E-04  1.37004E+00 
4.34999E+01 1.37499E+00  1.20423E-04  1.37504E+00 
4.35999E+01 1.37999E+00  1.21706E-04  1.38007E+00 
4.36999E+01 1.38499E+00  1.23001E-04  1.38504E+00 
4.37999E+01 1.38999E+00  1.24277E-04  1.39005E+00 
4.38999E+01 1.39499E+00  1.25574E-04  1.39506E+00 
4.39999E+01 1.39999E+00  1.26921E-04  1.40007E+00 
4.40999E+01 1.40499E+00  1.28235E-04  1.40506E+00 
4.41999E+01 1.40999E+00  1.29555E-04  1.41007E+00 
4.42999E+01 1.41499E+00  1.30859E-04  1.41507E+00 
4.43999E+01 1.41999E+00  1.32141E-04  1.42009E+00 
4.44999E+01 1.42499E+00  1.33418E-04  1.42510E+00 
4.45999E+01 1.42999E+00  1.34724E-04  1.43009E+00 
4.46999E+01 1.43499E+00  1.36042E-04  1.43509E+00 
4.47999E+01 1.43999E+00  1.37426E-04  1.44011E+00 
4.48999E+01 1.44499E+00  1.38850E-04  1.44511E+00 
4.49999E+01 1.44999E+00  1.40316E-04  1.45013E+00 
4.50999E+01 1.45499E+00  1.41821E-04  1.45514E+00 
4.51999E+01 1.45999E+00  1.43312E-04  1.46014E+00 
4.52999E+01 1.46499E+00  1.44829E-04  1.46512E+00 
4.53999E+01 1.46999E+00  1.46364E-04  1.47014E+00 
4.54999E+01 1.47499E+00  1.47943E-04  1.47514E+00 
4.55999E+01 1.47999E+00  1.49478E-04  1.48014E+00 
4.56999E+01 1.48499E+00  1.51064E-04  1.48514E+00 
4.57999E+01 1.48999E+00  1.52684E-04  1.49013E+00 
4.58999E+01 1.49499E+00  1.54264E-04  1.49515E+00 
4.59999E+01 1.49999E+00  1.55860E-04  1.50015E+00 
4.60999E+01 1.50499E+00  1.57481E-04  1.50515E+00 
4.61999E+01 1.50999E+00  1.59124E-04  1.51016E+00 
4.62999E+01 1.51499E+00  1.60799E-04  1.51516E+00 
4.63999E+01 1.51999E+00  1.62497E-04  1.52014E+00 
4.64999E+01 1.52499E+00  1.64208E-04  1.52515E+00 
4.65999E+01 1.52999E+00  1.65904E-04  1.53017E+00 
4.66999E+01 1.53499E+00  1.67616E-04  1.53516E+00 
4.67999E+01 1.53999E+00  1.69360E-04  1.54016E+00 
4.68999E+01 1.54499E+00  1.71108E-04  1.54515E+00 
4.69999E+01 1.54999E+00  1.72872E-04  1.55014E+00 
4.70999E+01 1.55499E+00  1.74669E-04  1.55517E+00 
4.71999E+01 1.55999E+00  1.76520E-04  1.56015E+00 
4.72999E+01 1.56499E+00  1.78372E-04  1.56515E+00 
4.73999E+01 1.56999E+00  1.80300E-04  1.57018E+00 
4.74999E+01 1.57499E+00  1.82181E-04  1.57518E+00 
4.75999E+01 1.57999E+00  1.84139E-04  1.58020E+00 
4.76999E+01 1.58499E+00  1.86148E-04  1.58521E+00 
4.77999E+01 1.58999E+00  1.88180E-04  1.59017E+00 
4.78999E+01 1.59499E+00  1.90270E-04  1.59518E+00 
4.79999E+01 1.59999E+00  1.92398E-04  1.60018E+00 
4.80999E+01 1.60499E+00  1.94609E-04  1.60520E+00 
4.81999E+01 1.60999E+00  1.96806E-04  1.61020E+00 
4.82999E+01 1.61499E+00  1.99160E-04  1.61522E+00 
4.83999E+01 1.61999E+00  2.01471E-04  1.62020E+00 
4.84999E+01 1.62499E+00  2.03891E-04  1.62520E+00 
4.85999E+01 1.62999E+00  2.06418E-04  1.63021E+00 
4.86999E+01 1.63499E+00  2.08879E-04  1.63520E+00 
4.87999E+01 1.63999E+00  2.11808E-04  1.64021E+00 
4.88999E+01 1.64499E+00  2.14817E-04  1.64520E+00 
4.89999E+01 1.64999E+00  2.17340E-04  1.65023E+00 
4.90999E+01 1.65499E+00  2.19963E-04  1.65523E+00 
4.91999E+01 1.65999E+00  2.22855E-04  1.66021E+00 
4.92999E+01 1.66499E+00  2.25938E-04  1.66523E+00 
4.93999E+01 1.66999E+00  2.28688E-04  1.67024E+00 
4.94999E+01 1.67499E+00  2.31382E-04  1.67524E+00 
4.95999E+01 1.67999E+00  2.34265E-04  1.68023E+00 
4.96999E+01 1.68499E+00  2.37352E-04  1.68524E+00 
4.97999E+01 1.68999E+00  2.40706E-04  1.69026E+00 
4.98999E+01 1.69499E+00  2.43212E-04  1.69523E+00 
4.99999E+01 1.69999E+00  2.45929E-04  1.70023E+00 
5.00999E+01 1.70499E+00  2.48838E-04  1.70524E+00 
5.01999E+01 1.70999E+00  2.51774E-04  1.71025E+00 
5.02999E+01 1.71499E+00  2.54730E-04  1.71526E+00 
5.03999E+01 1.71999E+00  2.57434E-04  1.72025E+00 
5.04999E+01 1.72499E+00  2.60304E-04  1.72525E+00 
5.05999E+01 1.72999E+00  2.63254E-04  1.73028E+00 
5.06999E+01 1.73499E+00  2.66407E-04  1.73527E+00 
5.07999E+01 1.73999E+00  2.69334E-04  1.74028E+00 
5.08999E+01 1.74499E+00  2.72212E-04  1.74528E+00 
5.09999E+01 1.74999E+00  2.75206E-04  1.75030E+00 
5.10999E+01 1.75499E+00  2.78151E-04  1.75531E+00 
5.11999E+01 1.75999E+00  2.81173E-04  1.76032E+00 
5.12999E+01 1.76499E+00  2.84122E-04  1.76533E+00 
5.13999E+01 1.76999E+00  2.87101E-04  1.77032E+00 
5.14999E+01 1.77499E+00  2.90075E-04  1.77531E+00 
5.15999E+01 1.77999E+00  2.93074E-04  1.78034E+00 
5.16999E+01 1.78499E+00  2.96096E-04  1.78533E+00 
5.17999E+01 1.78999E+00  2.98993E-04  1.79034E+00 
5.18999E+01 1.79499E+00  3.01955E-04  1.79535E+00 
5.19999E+01 1.79999E+00  3.04817E-04  1.80034E+00 
5.20999E+01 1.79499E+00  2.98447E-04  1.79531E+00 
5.21999E+01 1.78999E+00  2.92338E-04  1.79034E+00 
5.22999E+01 1.78499E+00  2.86386E-04  1.78536E+00 
5.23999E+01 1.77999E+00  2.80445E-04  1.78032E+00 
5.24999E+01 1.77499E+00  2.74747E-04  1.77530E+00 
5.25999E+01 1.76999E+00  2.69148E-04  1.77030E+00 
5.26999E+01 1.76499E+00  2.63685E-04  1.76534E+00 
5.27999E+01 1.75999E+00  2.58322E-04  1.76031E+00 
5.28999E+01 1.75499E+00  2.53035E-04  1.75529E+00 
5.29999E+01 1.74999E+00  2.47923E-04  1.75028E+00 
5.30999E+01 1.74499E+00  2.42890E-04  1.74529E+00 
5.31999E+01 1.73999E+00  2.38025E-04  1.74025E+00 
5.32999E+01 1.73499E+00  2.33116E-04  1.73526E+00 
5.33999E+01 1.72999E+00  2.28261E-04  1.73025E+00 
5.34999E+01 1.72499E+00  2.23495E-04  1.72523E+00 
5.35999E+01 1.71999E+00  2.18915E-04  1.72022E+00 
5.36999E+01 1.71499E+00  2.14373E-04  1.71525E+00 
5.37999E+01 1.70999E+00  2.09927E-04  1.71028E+00 
5.38999E+01 1.70499E+00  2.05579E-04  1.70524E+00 
5.39999E+01 1.69999E+00  2.01373E-04  1.70023E+00 
5.40999E+01 1.69499E+00  1.97296E-04  1.69523E+00 
5.41999E+01 1.68999E+00  1.93091E-04  1.69024E+00 
5.42999E+01 1.68499E+00  1.89024E-04  1.68523E+00 
5.43999E+01 1.67999E+00  1.85052E-04  1.68023E+00 
5.44999E+01 1.67499E+00  1.81239E-04  1.67523E+00 
5.45999E+01 1.66999E+00  1.77392E-04  1.67024E+00 
5.46999E+01 1.66499E+00  1.73499E-04  1.66524E+00 
5.47999E+01 1.65999E+00  1.69765E-04  1.66023E+00 
5.48999E+01 1.65499E+00  1.66251E-04  1.65522E+00 
5.49999E+01 1.64999E+00  1.62621E-04  1.65022E+00 
5.50999E+01 1.64499E+00  1.59253E-04  1.64523E+00 
5.51999E+01 1.63999E+00  1.55698E-04  1.64022E+00 
5.52999E+01 1.63499E+00  1.52250E-04  1.63519E+00 
5.53999E+01 1.62999E+00  1.48859E-04  1.63022E+00 
5.54999E+01 1.62499E+00  1.45624E-04  1.62521E+00 
5.55999E+01 1.61999E+00  1.42397E-04  1.62018E+00 
5.56999E+01 1.61499E+00  1.39335E-04  1.61517E+00 
5.57999E+01 1.60999E+00  1.36150E-04  1.61019E+00 
5.58999E+01 1.60499E+00  1.33176E-04  1.60521E+00 
5.59999E+01 1.59999E+00  1.30209E-04  1.60019E+00 
5.60999E+01 1.59499E+00  1.27297E-04  1.59516E+00 
5.61999E+01 1.58999E+00  1.24421E-04  1.59018E+00 
5.62999E+01 1.58499E+00  1.21613E-04  1.58517E+00 
5.63999E+01 1.57999E+00  1.18887E-04  1.58017E+00 
5.64999E+01 1.57499E+00  1.16227E-04  1.57518E+00 
5.65999E+01 1.56999E+00  1.13720E-04  1.57018E+00 
5.66999E+01 1.56499E+00  1.11218E-04  1.56516E+00 
5.67999E+01 1.55999E+00  1.08625E-04  1.56017E+00 
5.68999E+01 1.55499E+00  1.06139E-04  1.55517E+00 
5.69999E+01 1.54999E+00  1.03782E-04  1.55014E+00 
5.70999E+01 1.54499E+00  1.01357E-04  1.54515E+00 
5.71999E+01 1.53999E+00  9.90105E-05  1.54015E+00 
5.72999E+01 1.53499E+00  9.68732E-05  1.53514E+00 
5.73999E+01 1.52999E+00  9.46310E-05  1.53016E+00 
5.74999E+01 1.52499E+00  9.24652E-05  1.52514E+00 
5.75999E+01 1.51999E+00  9.03171E-05  1.52013E+00 
5.76999E+01 1.51499E+00  8.83257E-05  1.51516E+00 
5.77999E+01 1.50999E+00  8.63363E-05  1.51013E+00 
5.78999E+01 1.50499E+00  8.43499E-05  1.50513E+00 
5.79999E+01 1.49999E+00  8.24987E-05  1.50014E+00 
5.80999E+01 1.49499E+00  8.05475E-05  1.49513E+00 
5.81999E+01 1.48999E+00  7.87405E-05  1.49011E+00 
5.82999E+01 1.48499E+00  7.70502E-05  1.48513E+00 
5.83999E+01 1.47999E+00  7.54751E-05  1.48012E+00 
5.84999E+01 1.47499E+00  7.37111E-05  1.47513E+00 
5.85999E+01 1.46999E+00  7.19825E-05  1.47011E+00 
5.86999E+01 1.46499E+00  7.03464E-05  1.46511E+00 
5.87999E+01 1.45999E+00  6.87940E-05  1.46009E+00 
5.88999E+01 1.45499E+00  6.72789E-05  1.45512E+00 
5.89999E+01 1.44999E+00  6.58269E-05  1.45009E+00 
5.90999E+01 1.44499E+00  6.44297E-05  1.44510E+00 
5.91999E+01 1.43999E+00  6.30592E-05  1.44008E+00 
5.92999E+01 1.43499E+00  6.17414E-05  1.43508E+00 
5.93999E+01 1.42999E+00  6.04517E-05  1.43006E+00 
5.94999E+01 1.42499E+00  5.92186E-05  1.42506E+00 
5.95999E+01 1.41999E+00  5.79865E-05  1.42005E+00 
5.96999E+01 1.41499E+00  5.68020E-05  1.41505E+00 
5.97999E+01 1.40999E+00  5.56653E-05  1.41005E+00 
5.98999E+01 1.40499E+00  5.46339E-05  1.40503E+00 
5.99998E+01 1.39999E+00  5.36237E-05  1.40004E+00 
6.00998E+01 1.39499E+00  5.25633E-05  1.39501E+00 
6.01998E+01 1.38999E+00  5.15966E-05  1.39001E+00 
6.02998E+01 1.38499E+00  5.05122E-05  1.38502E+00 
6.03998E+01 1.37999E+00  4.95475E-05  1.38004E+00 
6.04998E+01 1.37499E+00  4.86135E-05  1.37504E+00 
6.05998E+01 1.36999E+00  4.77320E-05  1.37002E+00 
6.06998E+01 1.36499E+00  4.68824E-05  1.36502E+00 
6.07998E+01 1.35999E+00  4.60591E-05  1.36004E+00 
6.08998E+01 1.35499E+00  4.52506E-05  1.35504E+00 
6.09998E+01 1.34999E+00  4.44675E-05  1.35002E+00 
6.10998E+01 1.34499E+00  4.36920E-05  1.34501E+00 
6.11998E+01 1.33999E+00  4.29439E-05  1.34000E+00 
6.12998E+01 1.33499E+00  4.22243E-05  1.33501E+00 
6.13998E+01 1.32999E+00  4.15357E-05  1.32999E+00 
6.14998E+01 1.32499E+00  4.08513E-05  1.32501E+00 
6.15998E+01 1.31999E+00  4.01916E-05  1.31999E+00 
6.16998E+01 1.31499E+00  3.95617E-05  1.31502E+00 
6.17998E+01 1.30999E+00  3.85765E-05  1.31003E+00 
6.18998E+01 1.30499E+00  3.79691E-05  1.30503E+00 
6.19998E+01 1.29999E+00  3.73832E-05  1.30001E+00 
6.20998E+01 1.29499E+00  3.68329E-05  1.29501E+00 
6.21998E+01 1.28999E+00  3.62537E-05  1.29001E+00 
6.22998E+01 1.28499E+00  3.57198E-05  1.28501E+00 
6.23998E+01 1.27999E+00  3.51740E-05  1.28001E+00 
6.24998E+01 1.27499E+00  3.46471E-05  1.27501E+00 
6.25998E+01 1.26999E+00  3.41366E-05  1.26998E+00 
6.26998E+01 1.26499E+00  3.36434E-05  1.26497E+00 
6.27998E+01 1.25999E+00  3.31659E-05  1.25998E+00 
6.28998E+01 1.25499E+00  3.26954E-05  1.25499E+00 
6.29998E+01 1.24999E+00  3.23571E-05  1.24997E+00 
6.30998E+01 1.24499E+00  3.20640E-05  1.24495E+00 
6.31998E+01 1.23999E+00  3.14246E-05  1.23994E+00 
6.32998E+01 1.23499E+00  3.09611E-05  1.23497E+00 
6.33998E+01 1.22999E+00  3.05258E-05  1.22997E+00 
6.34998E+01 1.22499E+00  3.01182E-05  1.22497E+00 
6.35998E+01 1.21999E+00  2.97046E-05  1.21995E+00 
6.36998E+01 1.21499E+00  2.93057E-05  1.21495E+00 
6.37998E+01 1.20999E+00  2.89132E-05  1.20995E+00 
6.38998E+01 1.20499E+00  2.85328E-05  1.20495E+00 
6.39998E+01 1.19999E+00  2.81593E-05  1.19994E+00 
6.40998E+01 1.19500E+00  2.77982E-05  1.19496E+00 
6.41998E+01 1.19000E+00  2.74393E-05  1.18995E+00 
6.42998E+01 1.18500E+00  2.70835E-05  1.18493E+00 
6.43998E+01 1.18000E+00  2.67420E-05  1.17992E+00 
6.44998E+01 1.17500E+00  2.63984E-05  1.17494E+00 
6.45998E+01 1.17000E+00  2.60729E-05  1.16994E+00 
6.46998E+01 1.16500E+00  2.57417E-05  1.16495E+00 
6.47998E+01 1.16000E+00  2.54137E-05  1.15993E+00 
6.48998E+01 1.15500E+00  2.50938E-05  1.15494E+00 
6.49998E+01 1.15000E+00  2.47747E-05  1.14994E+00 
6.50998E+01 1.14500E+00  2.44650E-05  1.14494E+00 
6.51998E+01 1.14000E+00  2.41595E-05  1.13991E+00 
6.52998E+01 1.13500E+00  2.38680E-05  1.13493E+00 
6.53998E+01 1.13000E+00  2.35768E-05  1.12992E+00 
6.54998E+01 1.12500E+00  2.32751E-05  1.12493E+00 
6.55998E+01 1.12000E+00  2.29777E-05  1.11990E+00 
6.56998E+01 1.11500E+00  2.26938E-05  1.11490E+00 
6.57998E+01 1.11000E+00  2.24100E-05  1.10988E+00 
6.58998E+01 1.10500E+00  2.21337E-05  1.10488E+00 
6.59998E+01 1.10000E+00  2.18557E-05  1.09987E+00 
6.60998E+01 1.09500E+00  2.15844E-05  1.09487E+00 
6.61998E+01 1.09000E+00  2.13108E-05  1.08986E+00 
6.62998E+01 1.08500E+00  2.11006E-05  1.08485E+00 
6.63998E+01 1.08000E+00  2.08034E-05  1.07987E+00 
6.64998E+01 1.07500E+00  2.05311E-05  1.07485E+00 
6.65998E+01 1.07000E+00  2.02706E-05  1.06987E+00 
6.66998E+01 1.06500E+00  2.00171E-05  1.06484E+00 
6.67998E+01 1.06000E+00  1.97633E-05  1.05983E+00 
6.68998E+01 1.05500E+00  1.95181E-05  1.05486E+00 
6.69998E+01 1.05000E+00  1.92725E-05  1.04987E+00 
6.70998E+01 1.04500E+00  1.90284E-05  1.04487E+00 
6.71998E+01 1.04000E+00  1.87820E-05  1.03986E+00 
6.72998E+01 1.03500E+00  1.85431E-05  1.03484E+00 
6.73998E+01 1.03000E+00  1.82988E-05  1.02985E+00 
6.74998E+01 1.02500E+00  1.80642E-05  1.02486E+00 
6.75998E+01 1.02000E+00  1.78254E-05  1.01984E+00 
6.76998E+01 1.01500E+00  1.75937E-05  1.01486E+00 
6.77998E+01 1.01000E+00  1.73616E-05  1.00986E+00 
6.78998E+01 1.00500E+00  1.71342E-05  1.00485E+00 
6.79998E+01 9.99995E-01  1.69037E-05  9.99827E-01 
6.80998E+01 9.94996E-01  1.66786E-05  9.94857E-01 
6.81998E+01 9.89996E-01  1.64508E-05  9.89858E-01 
6.82998E+01 9.84996E-01  1.62240E-05  9.84855E-01 
6.83998E+01 9.79996E-01  1.60039E-05  9.79828E-01 
6.84998E+01 9.74996E-01  1.57808E-05  9.74832E-01 
6.85998E+01 9.69996E-01  1.55606E-05  9.69851E-01 
6.86998E+01 9.64996E-01  1.53390E-05  9.64835E-01 
6.87998E+01 9.59996E-01  1.51209E-05  9.59836E-01 
6.88998E+01 9.54996E-01  1.49017E-05  9.54812E-01 
6.89998E+01 9.49996E-01  1.46834E-05  9.49808E-01 
6.90998E+01 9.44996E-01  1.44636E-05  9.44818E-01 
6.91998E+01 9.39996E-01  1.42470E-05  9.39810E-01 
6.92998E+01 9.34996E-01  1.40286E-05  9.34804E-01 
6.93998E+01 9.29996E-01  1.38160E-05  9.29764E-01 
6.94998E+01 9.24996E-01  1.35971E-05  9.24793E-01 
6.95998E+01 9.19996E-01  1.33834E-05  9.19790E-01 
6.96998E+01 9.14996E-01  1.31658E-05  9.14795E-01 
6.97998E+01 9.09996E-01  1.29526E-05  9.09781E-01 
6.98998E+01 9.04996E-01  1.27345E-05  9.04779E-01 
6.99998E+01 8.99996E-01  1.25199E-05  8.99798E-01 
7.00998E+01 8.94996E-01  1.23029E-05  8.94784E-01 
7.01998E+01 8.89996E-01  1.20888E-05  8.89748E-01 
7.02998E+01 8.84996E-01  1.18751E-05  8.84754E-01 
7.03998E+01 8.79996E-01  1.16600E-05  8.79757E-01 
7.04998E+01 8.74996E-01  1.14442E-05  8.74757E-01 
7.05998E+01 8.69996E-01  1.12273E-05  8.69737E-01 
7.06998E+01 8.64996E-01  1.10089E-05  8.64748E-01 
7.07998E+01 8.59996E-01  1.07928E-05  8.59737E-01 
7.08998E+01 8.54996E-01  1.05749E-05  8.54748E-01 
7.09998E+01 8.49996E-01  1.03576E-05  8.49747E-01 
7.10998E+01 8.44996E-01  1.01378E-05  8.44731E-01 
7.11998E+01 8.39996E-01  9.92269E-06  8.39726E-01 
7.12998E+01 8.34996E-01  9.70021E-06  8.34750E-01 
7.13998E+01 8.29996E-01  9.48102E-06  8.29741E-01 
7.14998E+01 8.24996E-01  9.25887E-06  8.24715E-01 
7.15998E+01 8.19996E-01  9.03960E-06  8.19739E-01 
7.16998E+01 8.14996E-01  8.81725E-06  8.14738E-01 
7.17998E+01 8.09996E-01  8.59703E-06  8.09732E-01 
7.18998E+01 8.04996E-01  8.37279E-06  8.04718E-01 
7.19998E+01 7.99996E-01  8.15232E-06  7.99719E-01 
7.20998E+01 7.94996E-01  7.92797E-06  7.94726E-01 
7.21998E+01 7.89996E-01  7.70580E-06  7.89702E-01 
7.22998E+01 7.84996E-01  7.47735E-06  7.84696E-01 
7.23998E+01 7.79996E-01  7.25216E-06  7.79684E-01 
7.24998E+01 7.74996E-01  7.02444E-06  7.74679E-01 
7.25998E+01 7.69996E-01  6.80347E-06  7.69681E-01 
7.26998E+01 7.64996E-01  6.57007E-06  7.64702E-01 
7.27998E+01 7.59996E-01  6.34715E-06  7.59681E-01 
7.28998E+01 7.54996E-01  6.10976E-06  7.54672E-01 
7.29998E+01 7.49996E-01  5.88202E-06  7.49660E-01 
7.30998E+01 7.44996E-01  5.64577E-06  7.44672E-01 
7.31998E+01 7.39996E-01  5.41480E-06  7.39678E-01 
7.32998E+01 7.34996E-01  5.17964E-06  7.34671E-01 
7.33998E+01 7.29996E-01  4.94689E-06  7.29640E-01 
7.34998E+01 7.24996E-01  4.70915E-06  7.24664E-01 
7.35998E+01 7.19996E-01  4.47271E-06  7.19647E-01 
7.36998E+01 7.14996E-01  4.23659E-06  7.14663E-01 
7.37998E+01 7.09996E-01  3.99960E-06  7.09651E-01 
7.38998E+01 7.04996E-01  3.75973E-06  7.04644E-01 
7.39998E+01 6.99996E-01  3.52174E-06  6.99647E-01 
7.40998E+01 6.94996E-01  3.28125E-06  6.94637E-01 
7.41998E+01 6.89996E-01  3.00720E-06  6.89628E-01 
7.42998E+01 6.84996E-01  2.76327E-06  6.84620E-01 
7.43998E+01 6.79996E-01  2.52470E-06  6.79645E-01 
7.44998E+01 6.74996E-01  2.27654E-06  6.74646E-01 
7.45998E+01 6.69996E-01  2.02716E-06  6.69637E-01 
7.46998E+01 6.64996E-01  1.77005E-06  6.64635E-01 
7.47998E+01 6.59996E-01  1.51815E-06  6.59637E-01 
7.48998E+01 6.54996E-01  1.25448E-06  6.54651E-01 
7.49998E+01 6.49996E-01  9.94050E-07  6.49627E-01 
7.50998E+01 6.44996E-01  7.25631E-07  6.44643E-01 
7.51998E+01 6.39996E-01  4.62006E-07  6.39641E-01 
7.52998E+01 6.34996E-01  1.89838E-07  6.34648E-01 
7.53998E+01 6.29996E-01  -7.85663E-08 6.29628E-01 
7.54998E+01 6.24996E-01  -3.54125E-07 6.24600E-01 
7.55998E+01 6.19996E-01  -6.21393E-07 6.19604E-01 
7.56998E+01 6.14996E-01  -8.97821E-07 6.14583E-01 
7.57998E+01 6.09996E-01  -1.16766E-06 6.09582E-01 
7.58998E+01 6.04996E-01  -1.44609E-06 6.04599E-01 
7.59998E+01 5.99996E-01  -1.72255E-06 5.99584E-01 
7.60998E+01 5.94997E-01  -2.00699E-06 5.94594E-01 
7.61998E+01 5.89997E-01  -2.29182E-06 5.89572E-01 
7.62998E+01 5.84997E-01  -2.58656E-06 5.84567E-01 
7.63998E+01 5.79997E-01  -2.88305E-06 5.79585E-01 
7.64998E+01 5.74997E-01  -3.18334E-06 5.74582E-01 
7.65998E+01 5.69997E-01  -3.49633E-06 5.69557E-01 
7.66998E+01 5.64997E-01  -3.81363E-06 5.64569E-01 
7.67998E+01 5.59997E-01  -4.13317E-06 5.59587E-01 
7.68998E+01 5.54997E-01  -4.46367E-06 5.54571E-01 
7.69998E+01 5.49997E-01  -4.79697E-06 5.49561E-01 
7.70998E+01 5.44997E-01  -5.14062E-06 5.44546E-01 
7.71998E+01 5.39997E-01  -5.48684E-06 5.39566E-01 
7.72998E+01 5.34997E-01  -5.84069E-06 5.34571E-01 
7.73998E+01 5.29997E-01  -6.19647E-06 5.29554E-01 
7.74998E+01 5.24997E-01  -6.56256E-06 5.24539E-01 
7.75998E+01 5.19997E-01  -6.92956E-06 5.19538E-01 
7.76998E+01 5.14997E-01  -7.30675E-06 5.14543E-01 
7.77998E+01 5.09997E-01  -7.68434E-06 5.09551E-01 
7.78998E+01 5.04997E-01  -8.07148E-06 5.04552E-01 
7.79998E+01 4.99997E-01  -8.46012E-06 4.99541E-01 
7.80998E+01 4.94997E-01  -8.85760E-06 4.94547E-01 
7.81998E+01 4.89997E-01  -9.25605E-06 4.89532E-01 
7.82998E+01 4.84997E-01  -9.66316E-06 4.84515E-01 
7.83998E+01 4.79997E-01  -1.00749E-05 4.79529E-01 
7.84998E+01 4.74997E-01  -1.04912E-05 4.74517E-01 
7.85998E+01 4.69997E-01  -1.09123E-05 4.69520E-01 
7.86998E+01 4.64997E-01  -1.13430E-05 4.64541E-01 
7.87998E+01 4.59997E-01  -1.17756E-05 4.59534E-01 
7.88998E+01 4.54997E-01  -1.22151E-05 4.54496E-01 
7.89998E+01 4.49997E-01  -1.26630E-05 4.49492E-01 
7.90998E+01 4.44997E-01  -1.31146E-05 4.44487E-01 
7.91998E+01 4.39997E-01  -1.35741E-05 4.39483E-01 
7.92998E+01 4.34997E-01  -1.40384E-05 4.34475E-01 
7.93998E+01 4.29997E-01  -1.45134E-05 4.29481E-01 
7.94998E+01 4.24997E-01  -1.49909E-05 4.24468E-01 
7.95998E+01 4.19997E-01  -1.54777E-05 4.19495E-01 
7.96998E+01 4.14997E-01  -1.59688E-05 4.14476E-01 
7.97998E+01 4.09997E-01  -1.64739E-05 4.09478E-01 
7.98998E+01 4.04997E-01  -1.69789E-05 4.04454E-01 
7.99998E+01 3.99997E-01  -1.74955E-05 3.99470E-01 
8.00998E+01 3.94997E-01  -1.80146E-05 3.94460E-01 
8.01998E+01 3.89997E-01  -1.85443E-05 3.89461E-01 
8.02998E+01 3.84997E-01  -1.90487E-05 3.84433E-01 
8.03998E+01 3.79997E-01  -1.95920E-05 3.79450E-01 
8.04998E+01 3.74997E-01  -2.01391E-05 3.74457E-01 
8.05998E+01 3.69997E-01  -2.06962E-05 3.69440E-01 
8.06998E+01 3.64997E-01  -2.12550E-05 3.64440E-01 
8.07998E+01 3.59997E-01  -2.18241E-05 3.59440E-01 
8.08998E+01 3.54997E-01  -2.23959E-05 3.54455E-01 
8.09998E+01 3.49997E-01  -2.29765E-05 3.49456E-01 
8.10998E+01 3.44997E-01  -2.35614E-05 3.44433E-01 
8.11998E+01 3.39997E-01  -2.41540E-05 3.39434E-01 
8.12998E+01 3.34997E-01  -2.47492E-05 3.34423E-01 
8.13998E+01 3.29997E-01  -2.53525E-05 3.29414E-01 
8.14998E+01 3.24997E-01  -2.59610E-05 3.24408E-01 
8.15998E+01 3.19997E-01  -2.65740E-05 3.19410E-01 
8.16998E+01 3.14997E-01  -2.71908E-05 3.14408E-01 
8.17998E+01 3.09997E-01  -2.78135E-05 3.09427E-01 
8.18998E+01 3.04997E-01  -2.84399E-05 3.04408E-01 
8.19998E+01 2.99997E-01  -2.90732E-05 2.99400E-01 
8.20998E+01 2.94997E-01  -2.97089E-05 2.94378E-01 
8.21998E+01 2.89997E-01  -3.03480E-05 2.89394E-01 
8.22998E+01 2.84997E-01  -3.09886E-05 2.84389E-01 
8.23998E+01 2.79997E-01  -3.16368E-05 2.79413E-01 
8.24998E+01 2.74997E-01  -3.22846E-05 2.74373E-01 
8.25998E+01 2.69997E-01  -3.29383E-05 2.69399E-01 
8.26998E+01 2.64997E-01  -3.35938E-05 2.64396E-01 
8.27998E+01 2.59997E-01  -3.42499E-05 2.59394E-01 
8.28998E+01 2.54997E-01  -3.49070E-05 2.54387E-01 
8.29998E+01 2.49997E-01  -3.55717E-05 2.49353E-01 
8.30998E+01 2.44997E-01  -3.62339E-05 2.44371E-01 
8.31998E+01 2.39997E-01  -3.68976E-05 2.39362E-01 
8.32998E+01 2.34997E-01  -3.75649E-05 2.34356E-01 
8.33998E+01 2.29997E-01  -3.82344E-05 2.29346E-01 
8.34998E+01 2.24997E-01  -3.89019E-05 2.24354E-01 
8.35998E+01 2.19997E-01  -3.95747E-05 2.19360E-01 
8.36998E+01 2.14997E-01  -4.02443E-05 2.14337E-01 
8.37998E+01 2.09997E-01  -4.09190E-05 2.09339E-01 
8.38998E+01 2.04997E-01  -4.15931E-05 2.04349E-01 
8.39998E+01 1.99997E-01  -4.22718E-05 1.99337E-01 
8.40998E+01 1.94998E-01  -4.29477E-05 1.94338E-01 
8.41998E+01 1.89998E-01  -4.36269E-05 1.89363E-01 
8.42998E+01 1.84998E-01  -4.43084E-05 1.84353E-01 
8.43998E+01 1.79998E-01  -4.49919E-05 1.79366E-01 
8.44998E+01 1.74998E-01  -4.56780E-05 1.74350E-01 
8.45998E+01 1.69998E-01  -4.63683E-05 1.69336E-01 
8.46998E+01 1.64998E-01  -4.70594E-05 1.64331E-01 
8.47998E+01 1.59998E-01  -4.77589E-05 1.59362E-01 
8.48998E+01 1.54998E-01  -4.84608E-05 1.54322E-01 
8.49998E+01 1.49998E-01  -4.91713E-05 1.49304E-01 
8.50998E+01 1.44998E-01  -4.98859E-05 1.44310E-01 
8.51998E+01 1.39998E-01  -5.06177E-05 1.39319E-01 
8.52998E+01 1.34998E-01  -5.13437E-05 1.34293E-01 
8.53998E+01 1.29998E-01  -5.20908E-05 1.29288E-01 
8.54998E+01 1.24998E-01  -5.28479E-05 1.24293E-01 
8.55998E+01 1.19998E-01  -5.36171E-05 1.19316E-01 
8.56998E+01 1.14998E-01  -5.43998E-05 1.14293E-01 
8.57998E+01 1.09998E-01  -5.52040E-05 1.09269E-01 
8.58998E+01 1.04998E-01  -5.60177E-05 1.04312E-01 
8.59998E+01 9.99977E-02  -5.68571E-05 9.93071E-02 
8.60998E+01 9.49978E-02  -5.77120E-05 9.42862E-02 
8.61998E+01 8.99978E-02  -5.85981E-05 8.92834E-02 
8.62998E+01 8.49978E-02  -5.94887E-05 8.43031E-02 
8.63998E+01 7.99978E-02  -6.04125E-05 7.92790E-02 
8.64998E+01 7.49978E-02  -6.13522E-05 7.42813E-02 
8.65998E+01 6.99978E-02  -6.23214E-05 6.92685E-02 
8.66998E+01 6.49978E-02  -6.33025E-05 6.42588E-02 
8.67998E+01 5.99978E-02  -6.43128E-05 5.92516E-02 
8.68998E+01 5.49979E-02  -6.53333E-05 5.42607E-02 
8.69998E+01 4.99979E-02  -6.63780E-05 4.92373E-02 
8.70998E+01 4.49979E-02  -6.74234E-05 4.42464E-02 
8.71998E+01 3.99979E-02  -6.84946E-05 3.92630E-02 
8.72998E+01 3.49979E-02  -6.95630E-05 3.42620E-02 
8.73998E+01 2.99979E-02  -7.06526E-05 2.92505E-02 
8.74998E+01 2.49979E-02  -7.17424E-05 2.42253E-02 
8.75998E+01 1.99979E-02  -7.28584E-05 1.92306E-02 
8.76998E+01 1.49980E-02  -7.39852E-05 1.42190E-02 
8.77998E+01 9.99797E-03  -7.51339E-05 9.22809E-03 
8.78998E+01 4.99799E-03  -7.63066E-05 4.20967E-03 
8.79998E+01 -2.00000E-06 -7.75123E-05 -7.54388E-04
8.80998E+01 -5.00199E-03 -7.87553E-05 -5.76407E-03
8.81998E+01 -1.00020E-02 -8.00382E-05 -1.07756E-02
8.82998E+01 -1.50020E-02 -8.13645E-05 -1.57877E-02
8.83998E+01 -2.00020E-02 -8.27389E-05 -2.07905E-02
8.84998E+01 -2.50019E-02 -8.41687E-05 -2.57646E-02
8.85998E+01 -3.00019E-02 -8.56503E-05 -3.07811E-02
8.86998E+01 -3.50019E-02 -8.71911E-05 -3.57995E-02
8.87998E+01 -4.00019E-02 -8.87860E-05 -4.08098E-02
8.88998E+01 -4.50019E-02 -9.04409E-05 -4.57839E-02
8.89998E+01 -5.00019E-02 -9.21469E-05 -5.07898E-02
8.90998E+01 -5.50019E-02 -9.39089E-05 -5.57876E-02
8.91998E+01 -6.00019E-02 -9.57251E-05 -6.08054E-02
8.92998E+01 -6.50018E-02 -9.75848E-05 -6.57901E-02
8.93998E+01 -7.00018E-02 -9.94977E-05 -7.08110E-02
8.94998E+01 -7.50018E-02 -1.01451E-04 -7.57957E-02
8.95998E+01 -8.00018E-02 -1.03450E-04 -8.08122E-02
8.96998E+01 -8.50018E-02 -1.05483E-04 -8.58168E-02
8.97998E+01 -9.00018E-02 -1.07557E-04 -9.08097E-02
8.98998E+01 -9.50018E-02 -1.09663E-04 -9.58081E-02
8.99998E+01 -1.00002E-01 -1.11809E-04 -1.00823E-01
9.00998E+01 -1.05002E-01 -1.13986E-04 -1.05831E-01
9.01998E+01 -1.10002E-01 -1.16196E-04 -1.10816E-01
9.02998E+01 -1.15002E-01 -1.18440E-04 -1.15830E-01
9.03998E+01 -1.20002E-01 -1.20725E-04 -1.20831E-01
9.04998E+01 -1.25002E-01 -1.23048E-04 -1.25827E-01
9.05998E+01 -1.30002E-01 -1.25422E-04 -1.30821E-01
9.06998E+01 -1.35002E-01 -1.27846E-04 -1.35807E-01
9.07998E+01 -1.40002E-01 -1.30347E-04 -1.40846E-01
9.08998E+01 -1.45002E-01 -1.32916E-04 -1.45848E-01
9.09998E+01 -1.50002E-01 -1.35584E-04 -1.50838E-01
9.10998E+01 -1.55002E-01 -1.38343E-04 -1.55825E-01
9.11998E+01 -1.60002E-01 -1.41227E-04 -1.60873E-01
9.12998E+01 -1.65002E-01 -1.44242E-04 -1.65870E-01
9.13998E+01 -1.70002E-01 -1.47423E-04 -1.70864E-01
9.14998E+01 -1.75002E-01 -1.50760E-04 -1.75888E-01
9.15998E+01 -1.80002E-01 -1.54285E-04 -1.80877E-01
9.16998E+01 -1.85002E-01 -1.57994E-04 -1.85892E-01
9.17998E+01 -1.90002E-01 -1.61907E-04 -1.90871E-01
9.18998E+01 -1.95002E-01 -1.66003E-04 -1.95890E-01
9.19998E+01 -2.00002E-01 -1.70285E-04 -2.00893E-01
9.20998E+01 -2.05001E-01 -1.74726E-04 -2.05909E-01
9.21998E+01 -2.10001E-01 -1.79326E-04 -2.10889E-01
9.22998E+01 -2.15001E-01 -1.84039E-04 -2.15886E-01
9.23998E+01 -2.20001E-01 -1.88856E-04 -2.20928E-01
9.24998E+01 -2.25001E-01 -1.93717E-04 -2.25875E-01
9.25998E+01 -2.30001E-01 -1.98636E-04 -2.30901E-01
9.26998E+01 -2.35001E-01 -2.03550E-04 -2.35896E-01
9.27998E+01 -2.40001E-01 -2.08456E-04 -2.40916E-01
9.28998E+01 -2.45001E-01 -2.13309E-04 -2.45904E-01
9.29998E+01 -2.50001E-01 -2.17757E-04 -2.50914E-01
9.30998E+01 -2.55001E-01 -2.22472E-04 -2.55915E-01
9.31998E+01 -2.60001E-01 -2.27124E-04 -2.60928E-01
9.32998E+01 -2.65001E-01 -2.31627E-04 -2.65913E-01
9.33998E+01 -2.70001E-01 -2.36009E-04 -2.70892E-01
9.34998E+01 -2.75001E-01 -2.40237E-04 -2.75912E-01
9.35998E+01 -2.80001E-01 -2.44271E-04 -2.80918E-01
9.36998E+01 -2.85001E-01 -2.48075E-04 -2.85894E-01
9.37998E+01 -2.90001E-01 -2.51648E-04 -2.90916E-01
9.38998E+01 -2.95001E-01 -2.54943E-04 -2.95897E-01
9.39998E+01 -3.00001E-01 -2.57909E-04 -3.00951E-01
9.40998E+01 -3.05001E-01 -2.60493E-04 -3.05961E-01
9.41998E+01 -3.10001E-01 -2.62607E-04 -3.10929E-01
9.42998E+01 -3.15001E-01 -2.64113E-04 -3.15928E-01
9.43998E+01 -3.20001E-01 -2.64738E-04 -3.20927E-01
9.44998E+01 -3.25001E-01 -2.64070E-04 -3.25930E-01
9.45998E+01 -3.30001E-01 -2.61200E-04 -3.30953E-01
9.46998E+01 -3.35001E-01 -2.54363E-04 -3.35950E-01
9.47998E+01 -3.40001E-01 -2.40135E-04 -3.40951E-01
9.48998E+01 -3.45001E-01 -2.14002E-04 -3.45953E-01
9.49998E+01 -3.50001E-01 -1.78836E-04 -3.50949E-01
9.50998E+01 -3.55001E-01 -1.49161E-04 -3.55961E-01
9.51998E+01 -3.60001E-01 -1.28480E-04 -3.60958E-01
9.52998E+01 -3.65001E-01 -1.14125E-04 -3.65950E-01
9.53998E+01 -3.70001E-01 -1.03584E-04 -3.70974E-01
9.54998E+01 -3.75001E-01 -9.56058E-05 -3.75984E-01
9.55998E+01 -3.80001E-01 -8.93456E-05 -3.80984E-01
9.56998E+01 -3.85001E-01 -8.31320E-05 -3.85970E-01
9.57998E+01 -3.90001E-01 -7.84941E-05 -3.90987E-01
9.58998E+01 -3.95001E-01 -7.47317E-05 -3.95976E-01
9.59998E+01 -4.00001E-01 -7.14395E-05 -4.00977E-01
9.60998E+01 -4.05001E-01 -6.86348E-05 -4.05973E-01
9.61998E+01 -4.10001E-01 -6.61694E-05 -4.11000E-01
9.62998E+01 -4.15001E-01 -6.39876E-05 -4.15992E-01
9.63998E+01 -4.20001E-01 -6.20814E-05 -4.20988E-01
9.64998E+01 -4.25001E-01 -6.03431E-05 -4.25992E-01
9.65998E+01 -4.30001E-01 -5.88062E-05 -4.31003E-01
9.66998E+01 -4.35001E-01 -5.74270E-05 -4.36011E-01
9.67998E+01 -4.40001E-01 -5.62017E-05 -4.40987E-01
9.68998E+01 -4.45001E-01 -5.50798E-05 -4.46000E-01
9.69998E+01 -4.50001E-01 -5.40519E-05 -4.51008E-01
9.70998E+01 -4.55001E-01 -5.31059E-05 -4.56029E-01
9.71998E+01 -4.60001E-01 -5.22424E-05 -4.61007E-01
9.72998E+01 -4.65001E-01 -5.14448E-05 -4.66012E-01
9.73998E+01 -4.70001E-01 -5.07042E-05 -4.70999E-01
9.74998E+01 -4.75001E-01 -5.00109E-05 -4.76022E-01
9.75998E+01 -4.80001E-01 -4.93757E-05 -4.81022E-01
9.76998E+01 -4.85001E-01 -4.87985E-05 -4.86028E-01
9.77998E+01 -4.90001E-01 -4.82736E-05 -4.91016E-01
9.78998E+01 -4.95001E-01 -4.77704E-05 -4.96073E-01
9.79998E+01 -5.00001E-01 -4.73024E-05 -5.01047E-01
9.80998E+01 -5.05001E-01 -4.68644E-05 -5.06073E-01
9.81998E+01 -5.10001E-01 -4.64776E-05 -5.11087E-01
9.82998E+01 -5.15001E-01 -4.61155E-05 -5.16076E-01
9.83998E+01 -5.20001E-01 -4.58034E-05 -5.21056E-01
9.84998E+01 -5.25001E-01 -4.55843E-05 -5.26090E-01
9.85998E+01 -5.30001E-01 -4.52795E-05 -5.31094E-01
9.86998E+01 -5.35001E-01 -4.50461E-05 -5.36066E-01
9.87998E+01 -5.40001E-01 -4.48387E-05 -5.41062E-01
9.88998E+01 -5.45001E-01 -4.46616E-05 -5.46073E-01
9.89998E+01 -5.50001E-01 -4.45142E-05 -5.51097E-01
9.90998E+01 -5.55001E-01 -4.43910E-05 -5.56114E-01
9.91998E+01 -5.60001E-01 -4.42878E-05 -5.61100E-01
9.92998E+01 -5.65001E-01 -4.42068E-05 -5.66098E-01
9.93998E+01 -5.70001E-01 -4.41524E-05 -5.71096E-01
9.94998E+01 -5.75001E-01 -4.41086E-05 -5.76097E-01
9.95998E+01 -5.80001E-01 -4.40789E-05 -5.81104E-01
9.96998E+01 -5.85001E-01 -4.40699E-05 -5.86082E-01
9.97998E+01 -5.90001E-01 -4.40819E-05 -5.91120E-01
9.98998E+01 -5.95001E-01 -4.41036E-05 -5.96127E-01
9.99997E+01 -6.00001E-01 -4.41386E-05 -6.01113E-01
1.00100E+02 -6.05000E-01 -4.41761E-05 -6.06110E-01
1.00200E+02 -6.10000E-01 -4.42213E-05 -6.11126E-01
1.00300E+02 -6.15000E-01 -4.42636E-05 -6.16117E-01
1.00400E+02 -6.20000E-01 -4.43475E-05 -6.21116E-01
1.00500E+02 -6.25000E-01 -4.44147E-05 -6.26123E-01
1.00600E+02 -6.30000E-01 -4.44882E-05 -6.31126E-01
1.00700E+02 -6.35000E-01 -4.45496E-05 -6.36117E-01
1.00800E+02 -6.40000E-01 -4.46254E-05 -6.41093E-01
1.00900E+02 -6.45000E-01 -4.46888E-05 -6.46101E-01
1.01000E+02 -6.50000E-01 -4.47628E-05 -6.51126E-01
1.01100E+02 -6.55000E-01 -4.48267E-05 -6.56156E-01
1.01200E+02 -6.60000E-01 -4.48857E-05 -6.61124E-01
1.01300E+02 -6.65000E-01 -4.49434E-05 -6.66146E-01
1.01400E+02 -6.70000E-01 -4.50099E-05 -6.71128E-01
1.01500E+02 -6.75000E-01 -4.50471E-05 -6.76135E-01
1.01600E+02 -6.80000E-01 -4.51051E-05 -6.81145E-01
1.01700E+02 -6.85000E-01 -4.51356E-05 -6.86133E-01
1.01800E+02 -6.90000E-01 -4.51795E-05 -6.91124E-01
1.01900E+02 -6.95000E-01 -4.51983E-05 -6.96156E-01
1.02000E+02 -7.00000E-01 -4.52240E-05 -7.01158E-01
1.02100E+02 -7.05000E-01 -4.52383E-05 -7.06126E-01
1.02200E+02 -7.10000E-01 -4.52393E-05 -7.11135E-01
1.02300E+02 -7.15000E-01 -4.52498E-05 -7.16151E-01
1.02400E+02 -7.20000E-01 -4.52575E-05 -7.21170E-01
1.02500E+02 -7.25000E-01 -4.52475E-05 -7.26147E-01
1.02600E+02 -7.30000E-01 -4.52897E-05 -7.31155E-01
1.02700E+02 -7.35000E-01 -4.52795E-05 -7.36171E-01
1.02800E+02 -7.40000E-01 -4.52635E-05 -7.41172E-01
1.02900E+02 -7.45000E-01 -4.52538E-05 -7.46162E-01
1.03000E+02 -7.50000E-01 -4.52542E-05 -7.51159E-01
1.03100E+02 -7.55000E-01 -4.52433E-05 -7.56181E-01
1.03200E+02 -7.60000E-01 -4.52435E-05 -7.61167E-01
1.03300E+02 -7.65000E-01 -4.52443E-05 -7.66167E-01
1.03400E+02 -7.70000E-01 -4.52488E-05 -7.71165E-01
1.03500E+02 -7.75000E-01 -4.52630E-05 -7.76177E-01
1.03600E+02 -7.80000E-01 -4.52727E-05 -7.81206E-01
1.03700E+02 -7.85000E-01 -4.52790E-05 -7.86209E-01
1.03800E+02 -7.90000E-01 -4.53007E-05 -7.91178E-01
1.03900E+02 -7.95000E-01 -4.53307E-05 -7.96210E-01
