time/s      E/V        I/A
0.00000E+00 -8.00000E-01 -4.10419E-05 -8.01018E-01
9.99997E-02 -7.95000E-01 -3.96679E-05 -7.95992E-01
1.99999E-01 -7.90000E-01 -3.84916E-05 -7.90997E-01
2.99999E-01 -7.85000E-01 -3.74191E-05 -7.86011E-01
3.99999E-01 -7.80000E-01 -3.64661E-05 -7.81012E-01
4.99999E-01 -7.75000E-01 -3.56595E-05 -7.76001E-01
5.99998E-01 -7.70000E-01 -3.48401E-05 -7.70991E-01
6.99998E-01 -7.65000E-01 -3.40166E-05 -7.65992E-01
7.99998E-01 -7.60000E-01 -3.30681E-05 -7.61007E-01
8.99998E-01 -7.55000E-01 -3.23581E-05 -7.55998E-01
9.99997E-01 -7.50000E-01 -3.17405E-05 -7.50973E-01
1.10000E+00 -7.45000E-01 -3.11735E-05 -7.45986E-01
1.20000E+00 -7.40000E-01 -3.05358E-05 -7.41004E-01
1.30000E+00 -7.35000E-01 -2.98951E-05 -7.35978E-01
1.40000E+00 -7.30000E-01 -2.93679E-05 -7.30987E-01
1.50000E+00 -7.25000E-01 -2.87426E-05 -7.25977E-01
1.60000E+00 -7.20000E-01 -2.82076E-05 -7.20980E-01
1.70000E+00 -7.15000E-01 -2.76944E-05 -7.15970E-01
1.80000E+00 -7.10000E-01 -2.73091E-05 -7.10964E-01
1.90000E+00 -7.05000E-01 -2.67256E-05 -7.05966E-01
1.99999E+00 -7.00000E-01 -2.63495E-05 -7.00972E-01
2.09999E+00 -6.95000E-01 -2.58639E-05 -6.95969E-01
2.19999E+00 -6.90000E-01 -2.52671E-05 -6.90954E-01
2.29999E+00 -6.85000E-01 -2.48892E-05 -6.85965E-01
2.39999E+00 -6.80000E-01 -2.42971E-05 -6.80962E-01
2.49999E+00 -6.75000E-01 -2.39100E-05 -6.75983E-01
2.59999E+00 -6.70000E-01 -2.35668E-05 -6.70978E-01
2.69999E+00 -6.65000E-01 -2.32724E-05 -6.65968E-01
2.79999E+00 -6.60000E-01 -2.29942E-05 -6.60981E-01
2.89999E+00 -6.55000E-01 -2.25835E-05 -6.55977E-01
2.99999E+00 -6.50000E-01 -2.24699E-05 -6.50955E-01
3.09999E+00 -6.45000E-01 -2.21721E-05 -6.45945E-01
3.19999E+00 -6.40000E-01 -2.18617E-05 -6.40944E-01
3.29999E+00 -6.35000E-01 -2.14422E-05 -6.35937E-01
3.39999E+00 -6.30000E-01 -2.11082E-05 -6.30928E-01
3.49999E+00 -6.25000E-01 -2.07966E-05 -6.25927E-01
3.59999E+00 -6.20000E-01 -2.04645E-05 -6.20955E-01
3.69999E+00 -6.15000E-01 -1.99610E-05 -6.15925E-01
3.79999E+00 -6.10000E-01 -1.97291E-05 -6.10912E-01
3.89999E+00 -6.05000E-01 -1.94242E-05 -6.05901E-01
3.99999E+00 -6.00001E-01 -1.91057E-05 -6.00920E-01
4.09999E+00 -5.95001E-01 -1.88551E-05 -5.95941E-01
4.19999E+00 -5.90001E-01 -1.86190E-05 -5.90915E-01
4.29999E+00 -5.85001E-01 -1.84118E-05 -5.85901E-01
4.39999E+00 -5.80001E-01 -1.81760E-05 -5.80891E-01
4.49999E+00 -5.75001E-01 -1.78951E-05 -5.75907E-01
4.59999E+00 -5.70001E-01 -1.76751E-05 -5.70925E-01
4.69999E+00 -5.65001E-01 -1.74411E-05 -5.65895E-01
4.79999E+00 -5.60001E-01 -1.71861E-05 -5.60904E-01
4.89999E+00 -5.55001E-01 -1.68954E-05 -5.55921E-01
4.99999E+00 -5.50001E-01 -1.66683E-05 -5.50900E-01
5.09999E+00 -5.45001E-01 -1.64536E-05 -5.45886E-01
5.19999E+00 -5.40001E-01 -1.61434E-05 -5.40887E-01
5.29999E+00 -5.35001E-01 -1.58771E-05 -5.35875E-01
5.39999E+00 -5.30001E-01 -1.57047E-05 -5.30884E-01
5.49999E+00 -5.25001E-01 -1.54910E-05 -5.25858E-01
5.59999E+00 -5.20001E-01 -1.52747E-05 -5.20866E-01
5.69999E+00 -5.15001E-01 -1.50526E-05 -5.15880E-01
5.79999E+00 -5.10001E-01 -1.48666E-05 -5.10894E-01
5.89999E+00 -5.05001E-01 -1.46772E-05 -5.05882E-01
5.99998E+00 -5.00001E-01 -1.44685E-05 -5.00847E-01
6.09998E+00 -4.95001E-01 -1.42470E-05 -4.95852E-01
6.19998E+00 -4.90001E-01 -1.40417E-05 -4.90866E-01
6.29998E+00 -4.85001E-01 -1.38487E-05 -4.85873E-01
6.39998E+00 -4.80001E-01 -1.36395E-05 -4.80841E-01
6.49998E+00 -4.75001E-01 -1.34307E-05 -4.75826E-01
6.59998E+00 -4.70001E-01 -1.32281E-05 -4.70825E-01
6.69998E+00 -4.65001E-01 -1.30245E-05 -4.65834E-01
6.79998E+00 -4.60001E-01 -1.28341E-05 -4.60842E-01
6.89998E+00 -4.55001E-01 -1.26320E-05 -4.55836E-01
6.99998E+00 -4.50001E-01 -1.24487E-05 -4.50838E-01
7.09998E+00 -4.45001E-01 -1.22618E-05 -4.45835E-01
7.19998E+00 -4.40001E-01 -1.20764E-05 -4.40814E-01
7.29998E+00 -4.35001E-01 -1.18976E-05 -4.35819E-01
7.39998E+00 -4.30001E-01 -1.17070E-05 -4.30807E-01
7.49998E+00 -4.25001E-01 -1.15273E-05 -4.25810E-01
7.59998E+00 -4.20001E-01 -1.13497E-05 -4.20793E-01
7.69998E+00 -4.15001E-01 -1.11650E-05 -4.15810E-01
7.79998E+00 -4.10001E-01 -1.09839E-05 -4.10780E-01
7.89998E+00 -4.05001E-01 -1.07984E-05 -4.05800E-01
7.99998E+00 -4.00001E-01 -1.06093E-05 -4.00807E-01
8.09998E+00 -3.95001E-01 -1.04283E-05 -3.95791E-01
8.19998E+00 -3.90001E-01 -1.02474E-05 -3.90828E-01
8.29998E+00 -3.85001E-01 -1.00732E-05 -3.85803E-01
8.39998E+00 -3.80001E-01 -9.90696E-06 -3.80811E-01
8.49998E+00 -3.75001E-01 -9.73957E-06 -3.75831E-01
8.59998E+00 -3.70001E-01 -9.57111E-06 -3.70798E-01
8.69998E+00 -3.65001E-01 -9.40940E-06 -3.65780E-01
8.79998E+00 -3.60001E-01 -9.25574E-06 -3.60785E-01
8.89998E+00 -3.55001E-01 -9.08315E-06 -3.55829E-01
8.99998E+00 -3.50001E-01 -8.91660E-06 -3.50798E-01
9.09998E+00 -3.45001E-01 -8.75498E-06 -3.45784E-01
9.19998E+00 -3.40001E-01 -8.59337E-06 -3.40778E-01
9.29998E+00 -3.35001E-01 -8.42971E-06 -3.35783E-01
9.39998E+00 -3.30001E-01 -8.26723E-06 -3.30765E-01
9.49998E+00 -3.25001E-01 -8.10777E-06 -3.25770E-01
9.59998E+00 -3.20001E-01 -7.95060E-06 -3.20756E-01
9.69998E+00 -3.15001E-01 -7.79679E-06 -3.15751E-01
9.79998E+00 -3.10001E-01 -7.64633E-06 -3.10723E-01
9.89998E+00 -3.05001E-01 -7.49204E-06 -3.05764E-01
9.99997E+00 -3.00001E-01 -7.34008E-06 -3.00761E-01
1.01000E+01 -2.95001E-01 -7.18951E-06 -2.95746E-01
1.02000E+01 -2.90001E-01 -7.04443E-06 -2.90727E-01
1.03000E+01 -2.85001E-01 -6.89981E-06 -2.85744E-01
1.04000E+01 -2.80001E-01 -6.75719E-06 -2.80745E-01
1.05000E+01 -2.75001E-01 -6.60853E-06 -2.75772E-01
1.06000E+01 -2.70001E-01 -6.47499E-06 -2.70727E-01
1.07000E+01 -2.65001E-01 -6.32400E-06 -2.65746E-01
1.08000E+01 -2.60001E-01 -6.17039E-06 -2.60743E-01
1.09000E+01 -2.55001E-01 -6.02697E-06 -2.55725E-01
1.10000E+01 -2.50001E-01 -5.87936E-06 -2.50724E-01
1.11000E+01 -2.45001E-01 -5.73079E-06 -2.45726E-01
1.12000E+01 -2.40001E-01 -5.58003E-06 -2.40730E-01
1.13000E+01 -2.35001E-01 -5.43494E-06 -2.35712E-01
1.14000E+01 -2.30001E-01 -5.28383E-06 -2.30708E-01
1.15000E+01 -2.25001E-01 -5.13104E-06 -2.25712E-01
1.16000E+01 -2.20001E-01 -4.99390E-06 -2.20733E-01
1.17000E+01 -2.15001E-01 -4.87068E-06 -2.15721E-01
1.18000E+01 -2.10001E-01 -4.74968E-06 -2.10707E-01
1.19000E+01 -2.05001E-01 -4.62041E-06 -2.05719E-01
1.20000E+01 -2.00002E-01 -4.46997E-06 -2.00732E-01
1.21000E+01 -1.95002E-01 -4.32379E-06 -1.95718E-01
1.22000E+01 -1.90002E-01 -4.17500E-06 -1.90698E-01
1.23000E+01 -1.85002E-01 -3.99544E-06 -1.85732E-01
1.24000E+01 -1.80002E-01 -3.82963E-06 -1.80717E-01
1.25000E+01 -1.75002E-01 -3.67709E-06 -1.75692E-01
1.26000E+01 -1.70002E-01 -3.59292E-06 -1.70693E-01
1.27000E+01 -1.65002E-01 -3.43233E-06 -1.65689E-01
1.28000E+01 -1.60002E-01 -3.31393E-06 -1.60691E-01
1.29000E+01 -1.55002E-01 -3.26029E-06 -1.55678E-01
1.30000E+01 -1.50002E-01 -3.08139E-06 -1.50662E-01
1.31000E+01 -1.45002E-01 -3.02513E-06 -1.45692E-01
1.32000E+01 -1.40002E-01 -2.89356E-06 -1.40690E-01
1.33000E+01 -1.35002E-01 -2.74801E-06 -1.35672E-01
1.34000E+01 -1.30002E-01 -2.63874E-06 -1.30671E-01
1.35000E+01 -1.25002E-01 -2.45757E-06 -1.25679E-01
1.36000E+01 -1.20002E-01 -2.32821E-06 -1.20687E-01
1.37000E+01 -1.15002E-01 -2.24981E-06 -1.15669E-01
1.38000E+01 -1.10002E-01 -2.15461E-06 -1.10658E-01
1.39000E+01 -1.05002E-01 -1.99642E-06 -1.05672E-01
1.40000E+01 -1.00002E-01 -1.85565E-06 -1.00682E-01
1.41000E+01 -9.50018E-02 -1.73216E-06 -9.56776E-02
1.42000E+01 -9.00018E-02 -1.59911E-06 -9.06573E-02
1.43000E+01 -8.50018E-02 -1.45458E-06 -8.56657E-02
1.44000E+01 -8.00018E-02 -1.29904E-06 -8.06772E-02
1.45000E+01 -7.50018E-02 -1.14244E-06 -7.56695E-02
1.46000E+01 -7.00018E-02 -1.00646E-06 -7.06548E-02
1.47000E+01 -6.50018E-02 -8.60227E-07 -6.56514E-02
1.48000E+01 -6.00019E-02 -7.32955E-07 -6.06698E-02
1.49000E+01 -5.50019E-02 -6.15407E-07 -5.56471E-02
1.50000E+01 -5.00019E-02 -4.92060E-07 -5.06343E-02
1.51000E+01 -4.50019E-02 -3.67526E-07 -4.56365E-02
1.52000E+01 -4.00019E-02 -2.25787E-07 -4.06624E-02
1.53000E+01 -3.50019E-02 -8.73152E-08 -3.56346E-02
1.54000E+01 -3.00019E-02 5.19507E-08  -3.06375E-02
1.55000E+01 -2.50019E-02 1.91449E-07  -2.56222E-02
1.56000E+01 -2.00020E-02 3.24467E-07  -2.06250E-02
1.57000E+01 -1.50020E-02 4.56235E-07  -1.56491E-02
1.58000E+01 -1.00020E-02 5.84344E-07  -1.06213E-02
1.59000E+01 -5.00199E-03 7.23310E-07  -5.59294E-03
1.60000E+01 -2.00000E-06 8.78415E-07  -5.98866E-04
1.61000E+01 4.99799E-03  1.02530E-06  4.37147E-03 
1.62000E+01 9.99797E-03  1.15964E-06  9.38488E-03 
1.63000E+01 1.49980E-02  1.29038E-06  1.44107E-02 
1.64000E+01 1.99979E-02  1.41874E-06  1.94117E-02 
1.65000E+01 2.49979E-02  1.56215E-06  2.43989E-02 
1.66000E+01 2.99979E-02  1.69652E-06  2.93942E-02 
1.67000E+01 3.49979E-02  1.81301E-06  3.44313E-02 
1.68000E+01 3.99979E-02  1.95734E-06  3.94241E-02 
1.69000E+01 4.49979E-02  2.12611E-06  4.44182E-02 
1.70000E+01 4.99979E-02  2.28583E-06  4.94234E-02 
1.71000E+01 5.49979E-02  2.43100E-06  5.44325E-02 
1.72000E+01 5.99978E-02  2.58214E-06  5.94403E-02 
1.73000E+01 6.49978E-02  2.73517E-06  6.44281E-02 
1.74000E+01 6.99978E-02  2.90263E-06  6.94171E-02 
1.75000E+01 7.49978E-02  3.04897E-06  7.44311E-02 
1.76000E+01 7.99978E-02  3.18924E-06  7.94452E-02 
1.77000E+01 8.49978E-02  3.37353E-06  8.44399E-02 
1.78000E+01 8.99978E-02  3.55098E-06  8.94164E-02 
1.79000E+01 9.49978E-02  3.70264E-06  9.44504E-02 
1.80000E+01 9.99977E-02  3.85256E-06  9.94514E-02 
1.81000E+01 1.04998E-01  4.01748E-06  1.04487E-01 
1.82000E+01 1.09998E-01  4.17025E-06  1.09447E-01 
1.83000E+01 1.14998E-01  4.32711E-06  1.14417E-01 
1.84000E+01 1.19998E-01  4.49025E-06  1.19481E-01 
1.85000E+01 1.24998E-01  4.68235E-06  1.24479E-01 
1.86000E+01 1.29998E-01  4.87199E-06  1.29458E-01 
1.87000E+01 1.34998E-01  5.05081E-06  1.34470E-01 
1.88000E+01 1.39998E-01  5.23891E-06  1.39482E-01 
1.89000E+01 1.44998E-01  5.44561E-06  1.44491E-01 
1.90000E+01 1.49998E-01  5.65528E-06  1.49456E-01 
1.91000E+01 1.54998E-01  5.86357E-06  1.54491E-01 
1.92000E+01 1.59998E-01  6.06904E-06  1.59515E-01 
1.93000E+01 1.64998E-01  6.28168E-06  1.64491E-01 
1.94000E+01 1.69998E-01  6.49684E-06  1.69466E-01 
1.95000E+01 1.74998E-01  6.70204E-06  1.74480E-01 
1.96000E+01 1.79998E-01  6.89822E-06  1.79494E-01 
1.97000E+01 1.84998E-01  7.09352E-06  1.84497E-01 
1.98000E+01 1.89998E-01  7.31379E-06  1.89484E-01 
1.99000E+01 1.94998E-01  7.53959E-06  1.94478E-01 
1.99999E+01 1.99997E-01  7.76603E-06  1.99490E-01 
2.00999E+01 2.04997E-01  7.99022E-06  2.04495E-01 
2.01999E+01 2.09997E-01  8.22531E-06  2.09486E-01 
2.02999E+01 2.14997E-01  8.45976E-06  2.14489E-01 
2.03999E+01 2.19997E-01  8.69980E-06  2.19507E-01 
2.04999E+01 2.24997E-01  8.94645E-06  2.24493E-01 
2.05999E+01 2.29997E-01  9.17860E-06  2.29501E-01 
2.06999E+01 2.34997E-01  9.43104E-06  2.34513E-01 
2.07999E+01 2.39997E-01  9.68546E-06  2.39514E-01 
2.08999E+01 2.44997E-01  9.93865E-06  2.44517E-01 
2.09999E+01 2.49997E-01  1.01927E-05  2.49520E-01 
2.10999E+01 2.54997E-01  1.04583E-05  2.54522E-01 
2.11999E+01 2.59997E-01  1.07272E-05  2.59532E-01 
2.12999E+01 2.64997E-01  1.10159E-05  2.64526E-01 
2.13999E+01 2.69997E-01  1.13051E-05  2.69533E-01 
2.14999E+01 2.74997E-01  1.16093E-05  2.74542E-01 
2.15999E+01 2.79997E-01  1.19295E-05  2.79543E-01 
2.16999E+01 2.84997E-01  1.22086E-05  2.84550E-01 
2.17999E+01 2.89997E-01  1.24819E-05  2.89536E-01 
2.18999E+01 2.94997E-01  1.27973E-05  2.94531E-01 
2.19999E+01 2.99997E-01  1.31707E-05  2.99536E-01 
2.20999E+01 3.04997E-01  1.35575E-05  3.04545E-01 
2.21999E+01 3.09997E-01  1.38833E-05  3.09555E-01 
2.22999E+01 3.14997E-01  1.41247E-05  3.14560E-01 
2.23999E+01 3.19997E-01  1.44075E-05  3.19581E-01 
2.24999E+01 3.24997E-01  1.46897E-05  3.24556E-01 
2.25999E+01 3.29997E-01  1.49572E-05  3.29574E-01 
2.26999E+01 3.34997E-01  1.51971E-05  3.34575E-01 
2.27999E+01 3.39997E-01  1.54674E-05  3.39576E-01 
2.28999E+01 3.44997E-01  1.57569E-05  3.44567E-01 
2.29999E+01 3.49997E-01  1.60523E-05  3.49577E-01 
2.30999E+01 3.54997E-01  1.63623E-05  3.54589E-01 
2.31999E+01 3.59997E-01  1.66646E-05  3.59587E-01 
2.32999E+01 3.64997E-01  1.69326E-05  3.64591E-01 
2.33999E+01 3.69997E-01  1.71883E-05  3.69578E-01 
2.34999E+01 3.74997E-01  1.74575E-05  3.74609E-01 
2.35999E+01 3.79997E-01  1.77329E-05  3.79595E-01 
2.36999E+01 3.84997E-01  1.80077E-05  3.84564E-01 
2.37999E+01 3.89997E-01  1.82918E-05  3.89591E-01 
2.38999E+01 3.94997E-01  1.85824E-05  3.94617E-01 
2.39999E+01 3.99997E-01  1.88888E-05  3.99579E-01 
2.40999E+01 4.04997E-01  1.91723E-05  4.04596E-01 
2.41999E+01 4.09997E-01  1.94608E-05  4.09608E-01 
2.42999E+01 4.14997E-01  1.97656E-05  4.14613E-01 
2.43999E+01 4.19997E-01  2.00641E-05  4.19606E-01 
2.44999E+01 4.24997E-01  2.03708E-05  4.24598E-01 
2.45999E+01 4.29997E-01  2.06853E-05  4.29608E-01 
2.46999E+01 4.34997E-01  2.10080E-05  4.34618E-01 
2.47999E+01 4.39997E-01  2.14076E-05  4.39610E-01 
2.48999E+01 4.44997E-01  2.16884E-05  4.44597E-01 
2.49999E+01 4.49997E-01  2.19782E-05  4.49606E-01 
2.50999E+01 4.54997E-01  2.23321E-05  4.54605E-01 
2.51999E+01 4.59997E-01  2.26867E-05  4.59619E-01 
2.52999E+01 4.64997E-01  2.31068E-05  4.64643E-01 
2.53999E+01 4.69997E-01  2.36160E-05  4.69642E-01 
2.54999E+01 4.74997E-01  2.40890E-05  4.74634E-01 
2.55999E+01 4.79997E-01  2.45096E-05  4.79679E-01 
2.56999E+01 4.84997E-01  2.47186E-05  4.84661E-01 
2.57999E+01 4.89997E-01  2.50650E-05  4.89674E-01 
2.58999E+01 4.94997E-01  2.54076E-05  4.94694E-01 
2.59999E+01 4.99997E-01  2.57596E-05  4.99671E-01 
2.60999E+01 5.04997E-01  2.61155E-05  5.04663E-01 
2.61999E+01 5.09997E-01  2.65538E-05  5.09686E-01 
2.62999E+01 5.14997E-01  2.71788E-05  5.14673E-01 
2.63999E+01 5.19997E-01  2.75897E-05  5.19680E-01 
2.64999E+01 5.24997E-01  2.79899E-05  5.24676E-01 
2.65999E+01 5.29997E-01  2.83637E-05  5.29702E-01 
2.66999E+01 5.34997E-01  2.86838E-05  5.34706E-01 
2.67999E+01 5.39997E-01  2.88654E-05  5.39684E-01 
2.68999E+01 5.44997E-01  2.91683E-05  5.44701E-01 
2.69999E+01 5.49997E-01  2.95625E-05  5.49699E-01 
2.70999E+01 5.54997E-01  2.99325E-05  5.54712E-01 
2.71999E+01 5.59997E-01  3.02548E-05  5.59693E-01 
2.72999E+01 5.64997E-01  3.06411E-05  5.64698E-01 
2.73999E+01 5.69997E-01  3.09144E-05  5.69716E-01 
2.74999E+01 5.74997E-01  3.13236E-05  5.74722E-01 
2.75999E+01 5.79997E-01  3.17655E-05  5.79704E-01 
2.76999E+01 5.84997E-01  3.22120E-05  5.84678E-01 
2.77999E+01 5.89997E-01  3.26624E-05  5.89716E-01 
2.78999E+01 5.94997E-01  3.31086E-05  5.94714E-01 
2.79999E+01 5.99996E-01  3.35462E-05  5.99716E-01 
2.80999E+01 6.04996E-01  3.39955E-05  6.04721E-01 
2.81999E+01 6.09996E-01  3.44563E-05  6.09726E-01 
2.82999E+01 6.14996E-01  3.49045E-05  6.14723E-01 
2.83999E+01 6.19996E-01  3.53339E-05  6.19725E-01 
2.84999E+01 6.24996E-01  3.57667E-05  6.24724E-01 
2.85999E+01 6.29996E-01  3.62337E-05  6.29719E-01 
2.86999E+01 6.34996E-01  3.67081E-05  6.34732E-01 
2.87999E+01 6.39996E-01  3.71627E-05  6.39727E-01 
2.88999E+01 6.44996E-01  3.75240E-05  6.44751E-01 
2.89999E+01 6.49996E-01  3.79206E-05  6.49734E-01 
2.90999E+01 6.54996E-01  3.83294E-05  6.54733E-01 
2.91999E+01 6.59996E-01  3.87413E-05  6.59772E-01 
2.92999E+01 6.64996E-01  3.91512E-05  6.64758E-01 
2.93999E+01 6.69996E-01  3.95539E-05  6.69770E-01 
2.94999E+01 6.74996E-01  3.99509E-05  6.74761E-01 
2.95999E+01 6.79996E-01  4.03527E-05  6.79764E-01 
2.96999E+01 6.84996E-01  4.07444E-05  6.84765E-01 
2.97999E+01 6.89996E-01  4.11557E-05  6.89746E-01 
2.98999E+01 6.94996E-01  4.15394E-05  6.94741E-01 
2.99999E+01 6.99996E-01  4.19190E-05  6.99772E-01 
3.00999E+01 7.04996E-01  4.22859E-05  7.04777E-01 
3.01999E+01 7.09996E-01  4.26394E-05  7.09743E-01 
3.02999E+01 7.14996E-01  4.29929E-05  7.14792E-01 
3.03999E+01 7.19996E-01  4.33229E-05  7.19783E-01 
3.04999E+01 7.24996E-01  4.36369E-05  7.24776E-01 
3.05999E+01 7.29996E-01  4.39454E-05  7.29769E-01 
3.06999E+01 7.34996E-01  4.42600E-05  7.34764E-01 
3.07999E+01 7.39996E-01  4.45768E-05  7.39788E-01 
3.08999E+01 7.44996E-01  4.48796E-05  7.44773E-01 
3.09999E+01 7.49996E-01  4.51810E-05  7.49763E-01 
3.10999E+01 7.54996E-01  4.54865E-05  7.54771E-01 
3.11999E+01 7.59996E-01  4.57821E-05  7.59795E-01 
3.12999E+01 7.64996E-01  4.60744E-05  7.64793E-01 
3.13999E+01 7.69996E-01  4.63554E-05  7.69784E-01 
3.14999E+01 7.74996E-01  4.66402E-05  7.74810E-01 
3.15999E+01 7.79996E-01  4.69065E-05  7.79799E-01 
3.16999E+01 7.84996E-01  4.71594E-05  7.84819E-01 
3.17999E+01 7.89996E-01  4.74166E-05  7.89830E-01 
3.18999E+01 7.94996E-01  4.76723E-05  7.94846E-01 
3.19999E+01 7.99996E-01  4.79140E-05  7.99834E-01 
3.20999E+01 8.04996E-01  4.81608E-05  8.04831E-01 
3.21999E+01 8.09996E-01  4.83801E-05  8.09839E-01 
3.22999E+01 8.14996E-01  4.86145E-05  8.14861E-01 
3.23999E+01 8.19996E-01  4.88356E-05  8.19843E-01 
3.24999E+01 8.24996E-01  4.90543E-05  8.24841E-01 
3.25999E+01 8.29996E-01  4.92718E-05  8.29860E-01 
3.26999E+01 8.34996E-01  4.94915E-05  8.34881E-01 
3.27999E+01 8.39996E-01  4.96935E-05  8.39873E-01 
3.28999E+01 8.44996E-01  4.98989E-05  8.44841E-01 
3.29999E+01 8.49996E-01  5.00946E-05  8.49842E-01 
3.30999E+01 8.54996E-01  5.02975E-05  8.54838E-01 
3.31999E+01 8.59996E-01  5.04991E-05  8.59838E-01 
3.32999E+01 8.64996E-01  5.06989E-05  8.64864E-01 
3.33999E+01 8.69996E-01  5.08957E-05  8.69853E-01 
3.34999E+01 8.74996E-01  5.10939E-05  8.74864E-01 
3.35999E+01 8.79996E-01  5.12915E-05  8.79882E-01 
3.36999E+01 8.84996E-01  5.14869E-05  8.84874E-01 
3.37999E+01 8.89996E-01  5.16695E-05  8.89881E-01 
3.38999E+01 8.94996E-01  5.18460E-05  8.94894E-01 
3.39999E+01 8.99996E-01  5.20167E-05  8.99899E-01 
3.40999E+01 9.04996E-01  5.21870E-05  9.04902E-01 
3.41999E+01 9.09996E-01  5.23482E-05  9.09884E-01 
3.42999E+01 9.14996E-01  5.25122E-05  9.14903E-01 
3.43999E+01 9.19996E-01  5.26912E-05  9.19902E-01 
3.44999E+01 9.24996E-01  5.28692E-05  9.24892E-01 
3.45999E+01 9.29996E-01  5.30424E-05  9.29889E-01 
3.46999E+01 9.34996E-01  5.32293E-05  9.34922E-01 
3.47999E+01 9.39996E-01  5.34089E-05  9.39924E-01 
3.48999E+01 9.44996E-01  5.36069E-05  9.44917E-01 
3.49999E+01 9.49996E-01  5.38155E-05  9.49909E-01 
3.50999E+01 9.54996E-01  5.39951E-05  9.54901E-01 
3.51999E+01 9.59996E-01  5.41670E-05  9.59927E-01 
3.52999E+01 9.64996E-01  5.43593E-05  9.64936E-01 
3.53999E+01 9.69996E-01  5.45378E-05  9.69941E-01 
3.54999E+01 9.74996E-01  5.47048E-05  9.74936E-01 
3.55999E+01 9.79996E-01  5.48453E-05  9.79919E-01 
3.56999E+01 9.84996E-01  5.49749E-05  9.84946E-01 
3.57999E+01 9.89996E-01  5.50819E-05  9.89941E-01 
3.58999E+01 9.94996E-01  5.52236E-05  9.94957E-01 
3.59999E+01 9.99995E-01  5.53850E-05  9.99943E-01 
3.60999E+01 1.00500E+00  5.55433E-05  1.00494E+00 
3.61999E+01 1.01000E+00  5.57063E-05  1.00995E+00 
3.62999E+01 1.01500E+00  5.58680E-05  1.01495E+00 
3.63999E+01 1.02000E+00  5.60385E-05  1.01992E+00 
3.64999E+01 1.02500E+00  5.62107E-05  1.02493E+00 
3.65999E+01 1.03000E+00  5.63924E-05  1.02994E+00 
3.66999E+01 1.03500E+00  5.65800E-05  1.03495E+00 
3.67999E+01 1.04000E+00  5.67615E-05  1.03995E+00 
3.68999E+01 1.04500E+00  5.69466E-05  1.04495E+00 
3.69999E+01 1.05000E+00  5.71031E-05  1.04995E+00 
3.70999E+01 1.05500E+00  5.72746E-05  1.05496E+00 
3.71999E+01 1.06000E+00  5.74404E-05  1.05996E+00 
3.72999E+01 1.06500E+00  5.76155E-05  1.06496E+00 
3.73999E+01 1.07000E+00  5.78054E-05  1.06998E+00 
3.74999E+01 1.07500E+00  5.79941E-05  1.07498E+00 
3.75999E+01 1.08000E+00  5.81710E-05  1.07997E+00 
3.76999E+01 1.08500E+00  5.83636E-05  1.08498E+00 
3.77999E+01 1.09000E+00  5.85662E-05  1.08998E+00 
3.78999E+01 1.09500E+00  5.87765E-05  1.09501E+00 
3.79999E+01 1.10000E+00  5.89821E-05  1.09999E+00 
3.80999E+01 1.10500E+00  5.91832E-05  1.10501E+00 
3.81999E+01 1.11000E+00  5.93901E-05  1.10999E+00 
3.82999E+01 1.11500E+00  5.96011E-05  1.11501E+00 
3.83999E+01 1.12000E+00  5.98177E-05  1.12004E+00 
3.84999E+01 1.12500E+00  6.00387E-05  1.12503E+00 
3.85999E+01 1.13000E+00  6.02587E-05  1.13004E+00 
3.86999E+01 1.13500E+00  6.04929E-05  1.13503E+00 
3.87999E+01 1.14000E+00  6.07329E-05  1.14002E+00 
3.88999E+01 1.14500E+00  6.09908E-05  1.14505E+00 
3.89999E+01 1.15000E+00  6.12345E-05  1.15005E+00 
3.90999E+01 1.15500E+00  6.14990E-05  1.15504E+00 
3.91999E+01 1.16000E+00  6.17667E-05  1.16005E+00 
3.92999E+01 1.16500E+00  6.20489E-05  1.16505E+00 
3.93999E+01 1.17000E+00  6.23367E-05  1.17006E+00 
3.94999E+01 1.17500E+00  6.26347E-05  1.17504E+00 
3.95999E+01 1.18000E+00  6.29373E-05  1.18005E+00 
3.96999E+01 1.18500E+00  6.32429E-05  1.18506E+00 
3.97999E+01 1.19000E+00  6.35544E-05  1.19006E+00 
3.98999E+01 1.19500E+00  6.38713E-05  1.19506E+00 
3.99999E+01 1.19999E+00  6.41929E-05  1.20004E+00 
4.00999E+01 1.20499E+00  6.45309E-05  1.20506E+00 
4.01999E+01 1.20999E+00  6.48834E-05  1.21009E+00 
4.02999E+01 1.21499E+00  6.52452E-05  1.21505E+00 
4.03999E+01 1.21999E+00  6.56146E-05  1.22005E+00 
4.04999E+01 1.22499E+00  6.60043E-05  1.22506E+00 
4.05999E+01 1.22999E+00  6.64017E-05  1.23008E+00 
4.06999E+01 1.23499E+00  6.68115E-05  1.23506E+00 
4.07999E+01 1.23999E+00  6.72351E-05  1.24006E+00 
4.08999E+01 1.24499E+00  6.76663E-05  1.24508E+00 
4.09999E+01 1.24999E+00  6.81308E-05  1.25008E+00 
4.10999E+01 1.25499E+00  6.86060E-05  1.25507E+00 
4.11999E+01 1.25999E+00  6.91121E-05  1.26007E+00 
4.12999E+01 1.26499E+00  6.96281E-05  1.26509E+00 
4.13999E+01 1.26999E+00  7.01575E-05  1.27008E+00 
4.14999E+01 1.27499E+00  7.06773E-05  1.27510E+00 
4.15999E+01 1.27999E+00  7.12018E-05  1.28011E+00 
4.16999E+01 1.28499E+00  7.17207E-05  1.28508E+00 
4.17999E+01 1.28999E+00  7.22736E-05  1.29009E+00 
4.18999E+01 1.29499E+00  7.28278E-05  1.29511E+00 
4.19999E+01 1.29999E+00  7.34083E-05  1.30009E+00 
4.20999E+01 1.30499E+00  7.40065E-05  1.30509E+00 
4.21999E+01 1.30999E+00  7.46182E-05  1.31010E+00 
4.22999E+01 1.31499E+00  7.52387E-05  1.31509E+00 
4.23999E+01 1.31999E+00  7.58818E-05  1.32011E+00 
4.24999E+01 1.32499E+00  7.65389E-05  1.32507E+00 
4.25999E+01 1.32999E+00  7.72210E-05  1.33008E+00 
4.26999E+01 1.33499E+00  7.79121E-05  1.33512E+00 
4.27999E+01 1.33999E+00  7.86128E-05  1.34010E+00 
4.28999E+01 1.34499E+00  7.93085E-05  1.34510E+00 
4.29999E+01 1.34999E+00  8.00061E-05  1.35009E+00 
4.30999E+01 1.35499E+00  8.07192E-05  1.35511E+00 
4.31999E+01 1.35999E+00  8.14649E-05  1.36012E+00 
4.32999E+01 1.36499E+00  8.22335E-05  1.36511E+00 
4.33999E+01 1.36999E+00  8.30151E-05  1.37013E+00 
4.34999E+01 1.37499E+00  8.38159E-05  1.37513E+00 
4.35999E+01 1.37999E+00  8.46098E-05  1.38013E+00 
4.36999E+01 1.38499E+00  8.53993E-05  1.38514E+00 
4.37999E+01 1.38999E+00  8.62491E-05  1.39012E+00 
4.38999E+01 1.39499E+00  8.70877E-05  1.39514E+00 
4.39999E+01 1.39999E+00  8.78963E-05  1.40016E+00 
4.40999E+01 1.40499E+00  8.87382E-05  1.40515E+00 
4.41999E+01 1.40999E+00  8.96023E-05  1.41013E+00 
4.42999E+01 1.41499E+00  9.04380E-05  1.41514E+00 
4.43999E+01 1.41999E+00  9.13065E-05  1.42015E+00 
4.44999E+01 1.42499E+00  9.21952E-05  1.42516E+00 
4.45999E+01 1.42999E+00  9.30615E-05  1.43017E+00 
4.46999E+01 1.43499E+00  9.39711E-05  1.43521E+00 
4.47999E+01 1.43999E+00  9.48875E-05  1.44020E+00 
4.48999E+01 1.44499E+00  9.58012E-05  1.44519E+00 
4.49999E+01 1.44999E+00  9.67311E-05  1.45020E+00 
4.50999E+01 1.45499E+00  9.76733E-05  1.45521E+00 
4.51999E+01 1.45999E+00  9.86184E-05  1.46019E+00 
4.52999E+01 1.46499E+00  9.95799E-05  1.46520E+00 
4.53999E+01 1.46999E+00  1.00548E-04  1.47022E+00 
4.54999E+01 1.47499E+00  1.01520E-04  1.47522E+00 
4.55999E+01 1.47999E+00  1.02510E-04  1.48022E+00 
4.56999E+01 1.48499E+00  1.03502E-04  1.48521E+00 
4.57999E+01 1.48999E+00  1.04503E-04  1.49021E+00 
4.58999E+01 1.49499E+00  1.05524E-04  1.49522E+00 
4.59999E+01 1.49999E+00  1.06559E-04  1.50021E+00 
4.60999E+01 1.50499E+00  1.07610E-04  1.50521E+00 
4.61999E+01 1.50999E+00  1.08679E-04  1.51022E+00 
4.62999E+01 1.51499E+00  1.09760E-04  1.51524E+00 
4.63999E+01 1.51999E+00  1.10865E-04  1.52024E+00 
4.64999E+01 1.52499E+00  1.11980E-04  1.52521E+00 
4.65999E+01 1.52999E+00  1.13116E-04  1.53021E+00 
4.66999E+01 1.53499E+00  1.14273E-04  1.53523E+00 
4.67999E+01 1.53999E+00  1.15447E-04  1.54022E+00 
4.68999E+01 1.54499E+00  1.16701E-04  1.54521E+00 
4.69999E+01 1.54999E+00  1.17999E-04  1.55022E+00 
4.70999E+01 1.55499E+00  1.19324E-04  1.55523E+00 
4.71999E+01 1.55999E+00  1.20551E-04  1.56022E+00 
4.72999E+01 1.56499E+00  1.21723E-04  1.56521E+00 
4.73999E+01 1.56999E+00  1.22938E-04  1.57022E+00 
4.74999E+01 1.57499E+00  1.24180E-04  1.57525E+00 
4.75999E+01 1.57999E+00  1.25390E-04  1.58024E+00 
4.76999E+01 1.58499E+00  1.26593E-04  1.58525E+00 
4.77999E+01 1.58999E+00  1.27892E-04  1.59021E+00 
4.78999E+01 1.59499E+00  1.29129E-04  1.59522E+00 
4.79999E+01 1.59999E+00  1.30376E-04  1.60024E+00 
4.80999E+01 1.60499E+00  1.31798E-04  1.60526E+00 
4.81999E+01 1.60999E+00  1.33108E-04  1.61026E+00 
4.82999E+01 1.61499E+00  1.34466E-04  1.61525E+00 
4.83999E+01 1.61999E+00  1.35848E-04  1.62025E+00 
4.84999E+01 1.62499E+00  1.37262E-04  1.62527E+00 
4.85999E+01 1.62999E+00  1.38663E-04  1.63028E+00 
4.86999E+01 1.63499E+00  1.40066E-04  1.63527E+00 
4.87999E+01 1.63999E+00  1.41483E-04  1.64025E+00 
4.88999E+01 1.64499E+00  1.42908E-04  1.64528E+00 
4.89999E+01 1.64999E+00  1.44348E-04  1.65029E+00 
4.90999E+01 1.65499E+00  1.45783E-04  1.65529E+00 
4.91999E+01 1.65999E+00  1.47241E-04  1.66026E+00 
4.92999E+01 1.66499E+00  1.48727E-04  1.66528E+00 
4.93999E+01 1.66999E+00  1.50245E-04  1.67029E+00 
4.94999E+01 1.67499E+00  1.51797E-04  1.67527E+00 
4.95999E+01 1.67999E+00  1.53344E-04  1.68028E+00 
4.96999E+01 1.68499E+00  1.54953E-04  1.68530E+00 
4.97999E+01 1.68999E+00  1.56567E-04  1.69030E+00 
4.98999E+01 1.69499E+00  1.58219E-04  1.69529E+00 
4.99999E+01 1.69999E+00  1.59888E-04  1.70027E+00 
5.00999E+01 1.70499E+00  1.61576E-04  1.70530E+00 
5.01999E+01 1.70999E+00  1.63258E-04  1.71035E+00 
5.02999E+01 1.71499E+00  1.64973E-04  1.71532E+00 
5.03999E+01 1.71999E+00  1.66699E-04  1.72034E+00 
5.04999E+01 1.72499E+00  1.68408E-04  1.72531E+00 
5.05999E+01 1.72999E+00  1.70131E-04  1.73033E+00 
5.06999E+01 1.73499E+00  1.71867E-04  1.73533E+00 
5.07999E+01 1.73999E+00  1.73641E-04  1.74034E+00 
5.08999E+01 1.74499E+00  1.75390E-04  1.74535E+00 
5.09999E+01 1.74999E+00  1.77110E-04  1.75035E+00 
5.10999E+01 1.75499E+00  1.78932E-04  1.75536E+00 
5.11999E+01 1.75999E+00  1.80703E-04  1.76035E+00 
5.12999E+01 1.76499E+00  1.82522E-04  1.76537E+00 
5.13999E+01 1.76999E+00  1.84277E-04  1.77037E+00 
5.14999E+01 1.77499E+00  1.86109E-04  1.77537E+00 
5.15999E+01 1.77999E+00  1.87919E-04  1.78037E+00 
5.16999E+01 1.78499E+00  1.89741E-04  1.78538E+00 
5.17999E+01 1.78999E+00  1.91520E-04  1.79037E+00 
5.18999E+01 1.79499E+00  1.93351E-04  1.79536E+00 
5.19999E+01 1.79999E+00  1.95147E-04  1.80038E+00 
5.20999E+01 1.79499E+00  1.90931E-04  1.79536E+00 
5.21999E+01 1.78999E+00  1.86938E-04  1.79038E+00 
5.22999E+01 1.78499E+00  1.83134E-04  1.78538E+00 
5.23999E+01 1.77999E+00  1.79459E-04  1.78038E+00 
5.24999E+01 1.77499E+00  1.75872E-04  1.77536E+00 
5.25999E+01 1.76999E+00  1.72380E-04  1.77036E+00 
5.26999E+01 1.76499E+00  1.68961E-04  1.76538E+00 
5.27999E+01 1.75999E+00  1.65618E-04  1.76036E+00 
5.28999E+01 1.75499E+00  1.62308E-04  1.75534E+00 
5.29999E+01 1.74999E+00  1.59049E-04  1.75032E+00 
5.30999E+01 1.74499E+00  1.55860E-04  1.74533E+00 
5.31999E+01 1.73999E+00  1.52745E-04  1.74030E+00 
5.32999E+01 1.73499E+00  1.49647E-04  1.73531E+00 
5.33999E+01 1.72999E+00  1.46613E-04  1.73031E+00 
5.34999E+01 1.72499E+00  1.43627E-04  1.72530E+00 
5.35999E+01 1.71999E+00  1.40687E-04  1.72028E+00 
5.36999E+01 1.71499E+00  1.37795E-04  1.71530E+00 
5.37999E+01 1.70999E+00  1.34970E-04  1.71029E+00 
5.38999E+01 1.70499E+00  1.32191E-04  1.70530E+00 
5.39999E+01 1.69999E+00  1.29454E-04  1.70029E+00 
5.40999E+01 1.69499E+00  1.26793E-04  1.69530E+00 
5.41999E+01 1.68999E+00  1.24110E-04  1.69029E+00 
5.42999E+01 1.68499E+00  1.21505E-04  1.68528E+00 
5.43999E+01 1.67999E+00  1.18945E-04  1.68027E+00 
5.44999E+01 1.67499E+00  1.16455E-04  1.67529E+00 
5.45999E+01 1.66999E+00  1.14050E-04  1.67028E+00 
5.46999E+01 1.66499E+00  1.11624E-04  1.66527E+00 
5.47999E+01 1.65999E+00  1.09256E-04  1.66026E+00 
5.48999E+01 1.65499E+00  1.06943E-04  1.65528E+00 
5.49999E+01 1.64999E+00  1.04681E-04  1.65027E+00 
5.50999E+01 1.64499E+00  1.02437E-04  1.64529E+00 
5.51999E+01 1.63999E+00  1.00228E-04  1.64025E+00 
5.52999E+01 1.63499E+00  9.80600E-05  1.63527E+00 
5.53999E+01 1.62999E+00  9.59207E-05  1.63027E+00 
5.54999E+01 1.62499E+00  9.38283E-05  1.62525E+00 
5.55999E+01 1.61999E+00  9.17907E-05  1.62026E+00 
5.56999E+01 1.61499E+00  8.98215E-05  1.61529E+00 
5.57999E+01 1.60999E+00  8.79442E-05  1.61031E+00 
5.58999E+01 1.60499E+00  8.61143E-05  1.60530E+00 
5.59999E+01 1.59999E+00  8.42755E-05  1.60029E+00 
5.60999E+01 1.59499E+00  8.24279E-05  1.59524E+00 
5.61999E+01 1.58999E+00  8.06389E-05  1.59023E+00 
5.62999E+01 1.58499E+00  7.88272E-05  1.58528E+00 
5.63999E+01 1.57999E+00  7.70542E-05  1.58027E+00 
5.64999E+01 1.57499E+00  7.52702E-05  1.57526E+00 
5.65999E+01 1.56999E+00  7.35897E-05  1.57024E+00 
5.66999E+01 1.56499E+00  7.20166E-05  1.56525E+00 
5.67999E+01 1.55999E+00  7.03744E-05  1.56025E+00 
5.68999E+01 1.55499E+00  6.88006E-05  1.55523E+00 
5.69999E+01 1.54999E+00  6.72592E-05  1.55023E+00 
5.70999E+01 1.54499E+00  6.57697E-05  1.54522E+00 
5.71999E+01 1.53999E+00  6.43133E-05  1.54025E+00 
5.72999E+01 1.53499E+00  6.29105E-05  1.53523E+00 
5.73999E+01 1.52999E+00  6.15384E-05  1.53021E+00 
5.74999E+01 1.52499E+00  6.01899E-05  1.52521E+00 
5.75999E+01 1.51999E+00  5.88678E-05  1.52021E+00 
5.76999E+01 1.51499E+00  5.75835E-05  1.51523E+00 
5.77999E+01 1.50999E+00  5.63334E-05  1.51021E+00 
5.78999E+01 1.50499E+00  5.51212E-05  1.50522E+00 
5.79999E+01 1.49999E+00  5.39400E-05  1.50021E+00 
5.80999E+01 1.49499E+00  5.27944E-05  1.49521E+00 
5.81999E+01 1.48999E+00  5.16684E-05  1.49020E+00 
5.82999E+01 1.48499E+00  5.06028E-05  1.48519E+00 
5.83999E+01 1.47999E+00  4.95350E-05  1.48019E+00 
5.84999E+01 1.47499E+00  4.85020E-05  1.47520E+00 
5.85999E+01 1.46999E+00  4.74982E-05  1.47019E+00 
5.86999E+01 1.46499E+00  4.65220E-05  1.46520E+00 
5.87999E+01 1.45999E+00  4.55895E-05  1.46017E+00 
5.88999E+01 1.45499E+00  4.46686E-05  1.45521E+00 
5.89999E+01 1.44999E+00  4.37785E-05  1.45020E+00 
5.90999E+01 1.44499E+00  4.29200E-05  1.44518E+00 
5.91999E+01 1.43999E+00  4.20933E-05  1.44019E+00 
5.92999E+01 1.43499E+00  4.13002E-05  1.43518E+00 
5.93999E+01 1.42999E+00  4.05104E-05  1.43017E+00 
5.94999E+01 1.42499E+00  3.97438E-05  1.42516E+00 
5.95999E+01 1.41999E+00  3.90002E-05  1.42016E+00 
5.96999E+01 1.41499E+00  3.83177E-05  1.41513E+00 
5.97999E+01 1.40999E+00  3.76420E-05  1.41012E+00 
5.98999E+01 1.40499E+00  3.69589E-05  1.40513E+00 
5.99998E+01 1.39999E+00  3.62831E-05  1.40013E+00 
6.00998E+01 1.39499E+00  3.56320E-05  1.39513E+00 
6.01998E+01 1.38999E+00  3.50200E-05  1.39011E+00 
6.02998E+01 1.38499E+00  3.44322E-05  1.38513E+00 
6.03998E+01 1.37999E+00  3.38606E-05  1.38015E+00 
6.04998E+01 1.37499E+00  3.33082E-05  1.37515E+00 
6.05998E+01 1.36999E+00  3.27696E-05  1.37013E+00 
6.06998E+01 1.36499E+00  3.22566E-05  1.36512E+00 
6.07998E+01 1.35999E+00  3.17487E-05  1.36013E+00 
6.08998E+01 1.35499E+00  3.12677E-05  1.35514E+00 
6.09998E+01 1.34999E+00  3.08021E-05  1.35012E+00 
6.10998E+01 1.34499E+00  3.03499E-05  1.34513E+00 
6.11998E+01 1.33999E+00  2.99153E-05  1.34011E+00 
6.12998E+01 1.33499E+00  2.94895E-05  1.33512E+00 
6.13998E+01 1.32999E+00  2.90771E-05  1.33012E+00 
6.14998E+01 1.32499E+00  2.86792E-05  1.32511E+00 
6.15998E+01 1.31999E+00  2.83001E-05  1.32011E+00 
6.16998E+01 1.31499E+00  2.79225E-05  1.31511E+00 
6.17998E+01 1.30999E+00  2.75458E-05  1.31012E+00 
6.18998E+01 1.30499E+00  2.72317E-05  1.30511E+00 
6.19998E+01 1.29999E+00  2.68753E-05  1.30009E+00 
6.20998E+01 1.29499E+00  2.65023E-05  1.29510E+00 
6.21998E+01 1.28999E+00  2.61580E-05  1.29009E+00 
6.22998E+01 1.28499E+00  2.58192E-05  1.28509E+00 
6.23998E+01 1.27999E+00  2.55064E-05  1.28009E+00 
6.24998E+01 1.27499E+00  2.52023E-05  1.27507E+00 
6.25998E+01 1.26999E+00  2.48963E-05  1.27010E+00 
6.26998E+01 1.26499E+00  2.46093E-05  1.26507E+00 
6.27998E+01 1.25999E+00  2.43442E-05  1.26005E+00 
6.28998E+01 1.25499E+00  2.40765E-05  1.25506E+00 
6.29998E+01 1.24999E+00  2.38331E-05  1.25007E+00 
6.30998E+01 1.24499E+00  2.35927E-05  1.24505E+00 
6.31998E+01 1.23999E+00  2.33223E-05  1.24003E+00 
6.32998E+01 1.23499E+00  2.30595E-05  1.23504E+00 
6.33998E+01 1.22999E+00  2.27865E-05  1.23005E+00 
6.34998E+01 1.22499E+00  2.25293E-05  1.22505E+00 
6.35998E+01 1.21999E+00  2.22735E-05  1.22005E+00 
6.36998E+01 1.21499E+00  2.20266E-05  1.21505E+00 
6.37998E+01 1.20999E+00  2.17779E-05  1.21003E+00 
6.38998E+01 1.20499E+00  2.15426E-05  1.20503E+00 
6.39998E+01 1.19999E+00  2.13060E-05  1.20003E+00 
6.40998E+01 1.19500E+00  2.10743E-05  1.19506E+00 
6.41998E+01 1.19000E+00  2.08389E-05  1.19005E+00 
6.42998E+01 1.18500E+00  2.06255E-05  1.18506E+00 
6.43998E+01 1.18000E+00  2.04246E-05  1.18001E+00 
6.44998E+01 1.17500E+00  2.02237E-05  1.17503E+00 
6.45998E+01 1.17000E+00  2.00296E-05  1.17004E+00 
6.46998E+01 1.16500E+00  1.98270E-05  1.16504E+00 
6.47998E+01 1.16000E+00  1.96234E-05  1.16003E+00 
6.48998E+01 1.15500E+00  1.94232E-05  1.15503E+00 
6.49998E+01 1.15000E+00  1.92305E-05  1.15002E+00 
6.50998E+01 1.14500E+00  1.90252E-05  1.14502E+00 
6.51998E+01 1.14000E+00  1.88257E-05  1.14003E+00 
6.52998E+01 1.13500E+00  1.86374E-05  1.13503E+00 
6.53998E+01 1.13000E+00  1.84534E-05  1.13002E+00 
6.54998E+01 1.12500E+00  1.82616E-05  1.12502E+00 
6.55998E+01 1.12000E+00  1.80736E-05  1.12001E+00 
6.56998E+01 1.11500E+00  1.78908E-05  1.11500E+00 
6.57998E+01 1.11000E+00  1.77122E-05  1.10998E+00 
6.58998E+01 1.10500E+00  1.75275E-05  1.10498E+00 
6.59998E+01 1.10000E+00  1.73456E-05  1.09998E+00 
6.60998E+01 1.09500E+00  1.71574E-05  1.09499E+00 
6.61998E+01 1.09000E+00  1.69763E-05  1.08999E+00 
6.62998E+01 1.08500E+00  1.67991E-05  1.08498E+00 
6.63998E+01 1.08000E+00  1.66285E-05  1.07997E+00 
6.64998E+01 1.07500E+00  1.64584E-05  1.07498E+00 
6.65998E+01 1.07000E+00  1.62981E-05  1.06995E+00 
6.66998E+01 1.06500E+00  1.61240E-05  1.06493E+00 
6.67998E+01 1.06000E+00  1.59462E-05  1.05996E+00 
6.68998E+01 1.05500E+00  1.57814E-05  1.05496E+00 
6.69998E+01 1.05000E+00  1.55947E-05  1.04997E+00 
6.70998E+01 1.04500E+00  1.54043E-05  1.04496E+00 
6.71998E+01 1.04000E+00  1.52267E-05  1.03996E+00 
6.72998E+01 1.03500E+00  1.50444E-05  1.03496E+00 
6.73998E+01 1.03000E+00  1.48727E-05  1.02996E+00 
6.74998E+01 1.02500E+00  1.46991E-05  1.02495E+00 
6.75998E+01 1.02000E+00  1.45324E-05  1.01995E+00 
6.76998E+01 1.01500E+00  1.43610E-05  1.01495E+00 
6.77998E+01 1.01000E+00  1.41907E-05  1.00994E+00 
6.78998E+01 1.00500E+00  1.40148E-05  1.00492E+00 
6.79998E+01 9.99995E-01  1.38407E-05  9.99932E-01 
6.80998E+01 9.94996E-01  1.36670E-05  9.94936E-01 
6.81998E+01 9.89996E-01  1.35060E-05  9.89959E-01 
6.82998E+01 9.84996E-01  1.33289E-05  9.84923E-01 
6.83998E+01 9.79996E-01  1.31564E-05  9.79930E-01 
6.84998E+01 9.74996E-01  1.29927E-05  9.74942E-01 
6.85998E+01 9.69996E-01  1.28271E-05  9.69944E-01 
6.86998E+01 9.64996E-01  1.26504E-05  9.64933E-01 
6.87998E+01 9.59996E-01  1.24739E-05  9.59905E-01 
6.88998E+01 9.54996E-01  1.22975E-05  9.54900E-01 
6.89998E+01 9.49996E-01  1.21290E-05  9.49908E-01 
6.90998E+01 9.44996E-01  1.19586E-05  9.44903E-01 
6.91998E+01 9.39996E-01  1.17832E-05  9.39907E-01 
6.92998E+01 9.34996E-01  1.16027E-05  9.34890E-01 
6.93998E+01 9.29996E-01  1.14203E-05  9.29866E-01 
6.94998E+01 9.24996E-01  1.12385E-05  9.24872E-01 
6.95998E+01 9.19996E-01  1.10610E-05  9.19892E-01 
6.96998E+01 9.14996E-01  1.08858E-05  9.14870E-01 
6.97998E+01 9.09996E-01  1.07104E-05  9.09872E-01 
6.98998E+01 9.04996E-01  1.05370E-05  9.04870E-01 
6.99998E+01 8.99996E-01  1.03656E-05  8.99864E-01 
7.00998E+01 8.94996E-01  1.01921E-05  8.94882E-01 
7.01998E+01 8.89996E-01  1.00167E-05  8.89846E-01 
7.02998E+01 8.84996E-01  9.84088E-06  8.84857E-01 
7.03998E+01 8.79996E-01  9.66262E-06  8.79860E-01 
7.04998E+01 8.74996E-01  9.48712E-06  8.74870E-01 
7.05998E+01 8.69996E-01  9.30758E-06  8.69850E-01 
7.06998E+01 8.64996E-01  9.12925E-06  8.64865E-01 
7.07998E+01 8.59996E-01  8.95102E-06  8.59859E-01 
7.08998E+01 8.54996E-01  8.77401E-06  8.54868E-01 
7.09998E+01 8.49996E-01  8.59043E-06  8.49857E-01 
7.10998E+01 8.44996E-01  8.40276E-06  8.44839E-01 
7.11998E+01 8.39996E-01  8.21840E-06  8.39855E-01 
7.12998E+01 8.34996E-01  8.04149E-06  8.34857E-01 
7.13998E+01 8.29996E-01  7.86246E-06  8.29841E-01 
7.14998E+01 8.24996E-01  7.67988E-06  8.24851E-01 
7.15998E+01 8.19996E-01  7.49452E-06  8.19851E-01 
7.16998E+01 8.14996E-01  7.31454E-06  8.14840E-01 
7.17998E+01 8.09996E-01  7.12421E-06  8.09839E-01 
7.18998E+01 8.04996E-01  6.93484E-06  8.04819E-01 
7.19998E+01 7.99996E-01  6.74398E-06  7.99829E-01 
7.20998E+01 7.94996E-01  6.55433E-06  7.94847E-01 
7.21998E+01 7.89996E-01  6.36182E-06  7.89837E-01 
7.22998E+01 7.84996E-01  6.17122E-06  7.84841E-01 
7.23998E+01 7.79996E-01  5.98037E-06  7.79808E-01 
7.24998E+01 7.74996E-01  5.78786E-06  7.74790E-01 
7.25998E+01 7.69996E-01  5.59501E-06  7.69776E-01 
7.26998E+01 7.64996E-01  5.40236E-06  7.64799E-01 
7.27998E+01 7.59996E-01  5.21120E-06  7.59811E-01 
7.28998E+01 7.54996E-01  5.02127E-06  7.54780E-01 
7.29998E+01 7.49996E-01  4.82192E-06  7.49784E-01 
7.30998E+01 7.44996E-01  4.62677E-06  7.44800E-01 
7.31998E+01 7.39996E-01  4.43014E-06  7.39801E-01 
7.32998E+01 7.34996E-01  4.23187E-06  7.34789E-01 
7.33998E+01 7.29996E-01  4.03591E-06  7.29763E-01 
7.34998E+01 7.24996E-01  3.83796E-06  7.24783E-01 
7.35998E+01 7.19996E-01  3.63776E-06  7.19775E-01 
7.36998E+01 7.14996E-01  3.43421E-06  7.14768E-01 
7.37998E+01 7.09996E-01  3.18420E-06  7.09770E-01 
7.38998E+01 7.04996E-01  2.98486E-06  7.04764E-01 
7.39998E+01 6.99996E-01  2.78058E-06  6.99759E-01 
7.40998E+01 6.94996E-01  2.58535E-06  6.94768E-01 
7.41998E+01 6.89996E-01  2.39181E-06  6.89750E-01 
7.42998E+01 6.84996E-01  2.19746E-06  6.84747E-01 
7.43998E+01 6.79996E-01  1.99789E-06  6.79773E-01 
7.44998E+01 6.74996E-01  1.79751E-06  6.74753E-01 
7.45998E+01 6.69996E-01  1.59986E-06  6.69746E-01 
7.46998E+01 6.64996E-01  1.39452E-06  6.64739E-01 
7.47998E+01 6.59996E-01  1.19160E-06  6.59765E-01 
7.48998E+01 6.54996E-01  9.81274E-07  6.54735E-01 
7.49998E+01 6.49996E-01  7.72614E-07  6.49727E-01 
7.50998E+01 6.44996E-01  5.63646E-07  6.44739E-01 
7.51998E+01 6.39996E-01  3.52470E-07  6.39752E-01 
7.52998E+01 6.34996E-01  1.35098E-07  6.34727E-01 
7.53998E+01 6.29996E-01  -8.01752E-08 6.29732E-01 
7.54998E+01 6.24996E-01  -3.06046E-07 6.24713E-01 
7.55998E+01 6.19996E-01  -5.24732E-07 6.19698E-01 
7.56998E+01 6.14996E-01  -7.44100E-07 6.14717E-01 
7.57998E+01 6.09996E-01  -9.62893E-07 6.09724E-01 
7.58998E+01 6.04996E-01  -1.18867E-06 6.04690E-01 
7.59998E+01 5.99996E-01  -1.41541E-06 5.99697E-01 
7.60998E+01 5.94997E-01  -1.57400E-06 5.94712E-01 
7.61998E+01 5.89997E-01  -1.73032E-06 5.89692E-01 
7.62998E+01 5.84997E-01  -1.92528E-06 5.84669E-01 
7.63998E+01 5.79997E-01  -2.21808E-06 5.79677E-01 
7.64998E+01 5.74997E-01  -2.49051E-06 5.74699E-01 
7.65998E+01 5.69997E-01  -2.80254E-06 5.69676E-01 
7.66998E+01 5.64997E-01  -3.11732E-06 5.64685E-01 
7.67998E+01 5.59997E-01  -3.36808E-06 5.59684E-01 
7.68998E+01 5.54997E-01  -3.59415E-06 5.54682E-01 
7.69998E+01 5.49997E-01  -3.86267E-06 5.49662E-01 
7.70998E+01 5.44997E-01  -4.14106E-06 5.44663E-01 
7.71998E+01 5.39997E-01  -4.38091E-06 5.39655E-01 
7.72998E+01 5.34997E-01  -4.65153E-06 5.34664E-01 
7.73998E+01 5.29997E-01  -4.94377E-06 5.29673E-01 
7.74998E+01 5.24997E-01  -5.24853E-06 5.24661E-01 
7.75998E+01 5.19997E-01  -5.53156E-06 5.19657E-01 
7.76998E+01 5.14997E-01  -5.82741E-06 5.14671E-01 
7.77998E+01 5.09997E-01  -6.13375E-06 5.09674E-01 
7.78998E+01 5.04997E-01  -6.43501E-06 5.04669E-01 
7.79998E+01 4.99997E-01  -6.78715E-06 4.99657E-01 
7.80998E+01 4.94997E-01  -7.07439E-06 4.94669E-01 
7.81998E+01 4.89997E-01  -7.35659E-06 4.89679E-01 
7.82998E+01 4.84997E-01  -7.73712E-06 4.84671E-01 
7.83998E+01 4.79997E-01  -8.12235E-06 4.79657E-01 
7.84998E+01 4.74997E-01  -8.45686E-06 4.74635E-01 
7.85998E+01 4.69997E-01  -8.78773E-06 4.69649E-01 
7.86998E+01 4.64997E-01  -9.11740E-06 4.64647E-01 
7.87998E+01 4.59997E-01  -9.45358E-06 4.59641E-01 
7.88998E+01 4.54997E-01  -9.79674E-06 4.54655E-01 
7.89998E+01 4.49997E-01  -1.01459E-05 4.49613E-01 
7.90998E+01 4.44997E-01  -1.05072E-05 4.44624E-01 
7.91998E+01 4.39997E-01  -1.08690E-05 4.39611E-01 
7.92998E+01 4.34997E-01  -1.12335E-05 4.34636E-01 
7.93998E+01 4.29997E-01  -1.16053E-05 4.29596E-01 
7.94998E+01 4.24997E-01  -1.19884E-05 4.24609E-01 
7.95998E+01 4.19997E-01  -1.23758E-05 4.19605E-01 
7.96998E+01 4.14997E-01  -1.27652E-05 4.14595E-01 
7.97998E+01 4.09997E-01  -1.31573E-05 4.09609E-01 
7.98998E+01 4.04997E-01  -1.35581E-05 4.04575E-01 
7.99998E+01 3.99997E-01  -1.39644E-05 3.99595E-01 
8.00998E+01 3.94997E-01  -1.43822E-05 3.94586E-01 
8.01998E+01 3.89997E-01  -1.48014E-05 3.89595E-01 
8.02998E+01 3.84997E-01  -1.52256E-05 3.84585E-01 
8.03998E+01 3.79997E-01  -1.56569E-05 3.79603E-01 
8.04998E+01 3.74997E-01  -1.60964E-05 3.74609E-01 
8.05998E+01 3.69997E-01  -1.65395E-05 3.69585E-01 
8.06998E+01 3.64997E-01  -1.69834E-05 3.64576E-01 
8.07998E+01 3.59997E-01  -1.74270E-05 3.59589E-01 
8.08998E+01 3.54997E-01  -1.78817E-05 3.54583E-01 
8.09998E+01 3.49997E-01  -1.83379E-05 3.49579E-01 
8.10998E+01 3.44997E-01  -1.87979E-05 3.44560E-01 
8.11998E+01 3.39997E-01  -1.92644E-05 3.39564E-01 
8.12998E+01 3.34997E-01  -1.97370E-05 3.34580E-01 
8.13998E+01 3.29997E-01  -2.02125E-05 3.29590E-01 
8.14998E+01 3.24997E-01  -2.06615E-05 3.24553E-01 
8.15998E+01 3.19997E-01  -2.11462E-05 3.19561E-01 
8.16998E+01 3.14997E-01  -2.16380E-05 3.14533E-01 
8.17998E+01 3.09997E-01  -2.21318E-05 3.09543E-01 
8.18998E+01 3.04997E-01  -2.26322E-05 3.04548E-01 
8.19998E+01 2.99997E-01  -2.31301E-05 2.99546E-01 
8.20998E+01 2.94997E-01  -2.36382E-05 2.94540E-01 
8.21998E+01 2.89997E-01  -2.41458E-05 2.89528E-01 
8.22998E+01 2.84997E-01  -2.46532E-05 2.84519E-01 
8.23998E+01 2.79997E-01  -2.51708E-05 2.79512E-01 
8.24998E+01 2.74997E-01  -2.56837E-05 2.74525E-01 
8.25998E+01 2.69997E-01  -2.62118E-05 2.69530E-01 
8.26998E+01 2.64997E-01  -2.67334E-05 2.64532E-01 
8.27998E+01 2.59997E-01  -2.72612E-05 2.59522E-01 
8.28998E+01 2.54997E-01  -2.77915E-05 2.54509E-01 
8.29998E+01 2.49997E-01  -2.83255E-05 2.49523E-01 
8.30998E+01 2.44997E-01  -2.88625E-05 2.44521E-01 
8.31998E+01 2.39997E-01  -2.94067E-05 2.39514E-01 
8.32998E+01 2.34997E-01  -2.99494E-05 2.34522E-01 
8.33998E+01 2.29997E-01  -3.04970E-05 2.29512E-01 
8.34998E+01 2.24997E-01  -3.10414E-05 2.24527E-01 
8.35998E+01 2.19997E-01  -3.15888E-05 2.19513E-01 
8.36998E+01 2.14997E-01  -3.21455E-05 2.14517E-01 
8.37998E+01 2.09997E-01  -3.27050E-05 2.09523E-01 
8.38998E+01 2.04997E-01  -3.32730E-05 2.04511E-01 
8.39998E+01 1.99997E-01  -3.38331E-05 1.99539E-01 
8.40998E+01 1.94998E-01  -3.43941E-05 1.94523E-01 
8.41998E+01 1.89998E-01  -3.49553E-05 1.89514E-01 
8.42998E+01 1.84998E-01  -3.55231E-05 1.84519E-01 
8.43998E+01 1.79998E-01  -3.60887E-05 1.79532E-01 
8.44998E+01 1.74998E-01  -3.66702E-05 1.74509E-01 
8.45998E+01 1.69998E-01  -3.72432E-05 1.69507E-01 
8.46998E+01 1.64998E-01  -3.78430E-05 1.64496E-01 
8.47998E+01 1.59998E-01  -3.84457E-05 1.59512E-01 
8.48998E+01 1.54998E-01  -3.90562E-05 1.54481E-01 
8.49998E+01 1.49998E-01  -3.96703E-05 1.49475E-01 
8.50998E+01 1.44998E-01  -4.02944E-05 1.44490E-01 
8.51998E+01 1.39998E-01  -4.09210E-05 1.39498E-01 
8.52998E+01 1.34998E-01  -4.15554E-05 1.34480E-01 
8.53998E+01 1.29998E-01  -4.22052E-05 1.29453E-01 
8.54998E+01 1.24998E-01  -4.28732E-05 1.24490E-01 
8.55998E+01 1.19998E-01  -4.35487E-05 1.19495E-01 
8.56998E+01 1.14998E-01  -4.42373E-05 1.14455E-01 
8.57998E+01 1.09998E-01  -4.49370E-05 1.09459E-01 
8.58998E+01 1.04998E-01  -4.56621E-05 1.04486E-01 
8.59998E+01 9.99977E-02  -4.63909E-05 9.94751E-02 
8.60998E+01 9.49978E-02  -4.71373E-05 9.44629E-02 
8.61998E+01 8.99978E-02  -4.78795E-05 8.94414E-02 
8.62998E+01 8.49978E-02  -4.86353E-05 8.44574E-02 
8.63998E+01 7.99978E-02  -4.94307E-05 7.94564E-02 
8.64998E+01 7.49978E-02  -5.02805E-05 7.44156E-02 
8.65998E+01 6.99978E-02  -5.11741E-05 6.94271E-02 
8.66998E+01 6.49978E-02  -5.20614E-05 6.44374E-02 
8.67998E+01 5.99978E-02  -5.29554E-05 5.94203E-02 
8.68998E+01 5.49979E-02  -5.38543E-05 5.44175E-02 
8.69998E+01 4.99979E-02  -5.47794E-05 4.93954E-02 
8.70998E+01 4.49979E-02  -5.57457E-05 4.44050E-02 
8.71998E+01 3.99979E-02  -5.67553E-05 3.94098E-02 
8.72998E+01 3.49979E-02  -5.78193E-05 3.44232E-02 
8.73998E+01 2.99979E-02  -5.89445E-05 2.93979E-02 
8.74998E+01 2.49979E-02  -6.01197E-05 2.44139E-02 
8.75998E+01 1.99979E-02  -6.13802E-05 1.94136E-02 
8.76998E+01 1.49980E-02  -6.26135E-05 1.43958E-02 
8.77998E+01 9.99797E-03  -6.38334E-05 9.36801E-03 
8.78998E+01 4.99799E-03  -6.51074E-05 4.36896E-03 
8.79998E+01 -2.00000E-06 -6.64368E-05 -5.95725E-04
8.80998E+01 -5.00199E-03 -6.78188E-05 -5.60664E-03
8.81998E+01 -1.00020E-02 -6.92771E-05 -1.06369E-02
8.82998E+01 -1.50020E-02 -7.08162E-05 -1.56485E-02
8.83998E+01 -2.00020E-02 -7.23924E-05 -2.06432E-02
8.84998E+01 -2.50019E-02 -7.40117E-05 -2.56116E-02
8.85998E+01 -3.00019E-02 -7.56539E-05 -3.06144E-02
8.86998E+01 -3.50019E-02 -7.73783E-05 -3.56528E-02
8.87998E+01 -4.00019E-02 -7.91472E-05 -4.06431E-02
8.88998E+01 -4.50019E-02 -8.09939E-05 -4.56352E-02
8.89998E+01 -5.00019E-02 -8.28691E-05 -5.06299E-02
8.90998E+01 -5.50019E-02 -8.47564E-05 -5.56190E-02
8.91998E+01 -6.00019E-02 -8.66709E-05 -6.06449E-02
8.92998E+01 -6.50018E-02 -8.86205E-05 -6.56426E-02
8.93998E+01 -7.00018E-02 -9.06242E-05 -7.06273E-02
8.94998E+01 -7.50018E-02 -9.26234E-05 -7.56582E-02
8.95998E+01 -8.00018E-02 -9.46511E-05 -8.06467E-02
8.96998E+01 -8.50018E-02 -9.66904E-05 -8.56438E-02
8.97998E+01 -9.00018E-02 -9.87309E-05 -9.06360E-02
8.98998E+01 -9.50018E-02 -1.00770E-04 -9.56432E-02
8.99998E+01 -1.00002E-01 -1.02826E-04 -1.00683E-01
9.00998E+01 -1.05002E-01 -1.04861E-04 -1.05654E-01
9.01998E+01 -1.10002E-01 -1.06918E-04 -1.10648E-01
9.02998E+01 -1.15002E-01 -1.08971E-04 -1.15678E-01
9.03998E+01 -1.20002E-01 -1.11040E-04 -1.20657E-01
9.04998E+01 -1.25002E-01 -1.13109E-04 -1.25654E-01
9.05998E+01 -1.30002E-01 -1.15176E-04 -1.30656E-01
9.06998E+01 -1.35002E-01 -1.17238E-04 -1.35680E-01
9.07998E+01 -1.40002E-01 -1.19302E-04 -1.40673E-01
9.08998E+01 -1.45002E-01 -1.21364E-04 -1.45661E-01
9.09998E+01 -1.50002E-01 -1.23427E-04 -1.50659E-01
9.10998E+01 -1.55002E-01 -1.25482E-04 -1.55670E-01
9.11998E+01 -1.60002E-01 -1.27558E-04 -1.60685E-01
9.12998E+01 -1.65002E-01 -1.29670E-04 -1.65692E-01
9.13998E+01 -1.70002E-01 -1.31826E-04 -1.70678E-01
9.14998E+01 -1.75002E-01 -1.33996E-04 -1.75700E-01
9.15998E+01 -1.80002E-01 -1.36183E-04 -1.80714E-01
9.16998E+01 -1.85002E-01 -1.38408E-04 -1.85711E-01
9.17998E+01 -1.90002E-01 -1.40670E-04 -1.90688E-01
9.18998E+01 -1.95002E-01 -1.43000E-04 -1.95712E-01
9.19998E+01 -2.00002E-01 -1.45399E-04 -2.00724E-01
9.20998E+01 -2.05001E-01 -1.47816E-04 -2.05723E-01
9.21998E+01 -2.10001E-01 -1.50326E-04 -2.10724E-01
9.22998E+01 -2.15001E-01 -1.52921E-04 -2.15727E-01
9.23998E+01 -2.20001E-01 -1.55608E-04 -2.20720E-01
9.24998E+01 -2.25001E-01 -1.58338E-04 -2.25736E-01
9.25998E+01 -2.30001E-01 -1.61123E-04 -2.30730E-01
9.26998E+01 -2.35001E-01 -1.63943E-04 -2.35739E-01
9.27998E+01 -2.40001E-01 -1.66803E-04 -2.40734E-01
9.28998E+01 -2.45001E-01 -1.69716E-04 -2.45733E-01
9.29998E+01 -2.50001E-01 -1.72648E-04 -2.50714E-01
9.30998E+01 -2.55001E-01 -1.75585E-04 -2.55726E-01
9.31998E+01 -2.60001E-01 -1.78470E-04 -2.60741E-01
9.32998E+01 -2.65001E-01 -1.81372E-04 -2.65733E-01
9.33998E+01 -2.70001E-01 -1.84278E-04 -2.70741E-01
9.34998E+01 -2.75001E-01 -1.87097E-04 -2.75734E-01
9.35998E+01 -2.80001E-01 -1.89838E-04 -2.80741E-01
9.36998E+01 -2.85001E-01 -1.92456E-04 -2.85740E-01
9.37998E+01 -2.90001E-01 -1.94812E-04 -2.90727E-01
9.38998E+01 -2.95001E-01 -1.96903E-04 -2.95717E-01
9.39998E+01 -3.00001E-01 -1.98628E-04 -3.00748E-01
9.40998E+01 -3.05001E-01 -1.99837E-04 -3.05748E-01
9.41998E+01 -3.10001E-01 -2.00270E-04 -3.10740E-01
9.42998E+01 -3.15001E-01 -1.99416E-04 -3.15757E-01
9.43998E+01 -3.20001E-01 -1.96608E-04 -3.20751E-01
9.44998E+01 -3.25001E-01 -1.90716E-04 -3.25775E-01
9.45998E+01 -3.30001E-01 -1.80366E-04 -3.30770E-01
9.46998E+01 -3.35001E-01 -1.63607E-04 -3.35797E-01
9.47998E+01 -3.40001E-01 -1.38494E-04 -3.40784E-01
9.48998E+01 -3.45001E-01 -1.12057E-04 -3.45780E-01
9.49998E+01 -3.50001E-01 -9.44431E-05 -3.50787E-01
9.50998E+01 -3.55001E-01 -8.37742E-05 -3.55808E-01
9.51998E+01 -3.60001E-01 -7.70378E-05 -3.60802E-01
9.52998E+01 -3.65001E-01 -7.22286E-05 -3.65790E-01
9.53998E+01 -3.70001E-01 -6.85509E-05 -3.70801E-01
9.54998E+01 -3.75001E-01 -6.54441E-05 -3.75771E-01
9.55998E+01 -3.80001E-01 -6.27504E-05 -3.80792E-01
9.56998E+01 -3.85001E-01 -6.05061E-05 -3.85789E-01
9.57998E+01 -3.90001E-01 -5.86035E-05 -3.90811E-01
9.58998E+01 -3.95001E-01 -5.68490E-05 -3.95831E-01
9.59998E+01 -4.00001E-01 -5.52531E-05 -4.00801E-01
9.60998E+01 -4.05001E-01 -5.38970E-05 -4.05801E-01
9.61998E+01 -4.10001E-01 -5.26501E-05 -4.10818E-01
9.62998E+01 -4.15001E-01 -5.15465E-05 -4.15802E-01
9.63998E+01 -4.20001E-01 -5.04679E-05 -4.20826E-01
9.64998E+01 -4.25001E-01 -4.94713E-05 -4.25806E-01
9.65998E+01 -4.30001E-01 -4.85851E-05 -4.30816E-01
9.66998E+01 -4.35001E-01 -4.77203E-05 -4.35818E-01
9.67998E+01 -4.40001E-01 -4.69516E-05 -4.40819E-01
9.68998E+01 -4.45001E-01 -4.62319E-05 -4.45832E-01
9.69998E+01 -4.50001E-01 -4.55643E-05 -4.50821E-01
9.70998E+01 -4.55001E-01 -4.49266E-05 -4.55847E-01
9.71998E+01 -4.60001E-01 -4.43198E-05 -4.60846E-01
9.72998E+01 -4.65001E-01 -4.37654E-05 -4.65829E-01
9.73998E+01 -4.70001E-01 -4.32356E-05 -4.70846E-01
9.74998E+01 -4.75001E-01 -4.27317E-05 -4.75844E-01
9.75998E+01 -4.80001E-01 -4.22790E-05 -4.80886E-01
9.76998E+01 -4.85001E-01 -4.18611E-05 -4.85900E-01
9.77998E+01 -4.90001E-01 -4.14746E-05 -4.90884E-01
9.78998E+01 -4.95001E-01 -4.11117E-05 -4.95916E-01
9.79998E+01 -5.00001E-01 -4.07753E-05 -5.00905E-01
9.80998E+01 -5.05001E-01 -4.04688E-05 -5.05913E-01
9.81998E+01 -5.10001E-01 -4.01909E-05 -5.10929E-01
9.82998E+01 -5.15001E-01 -3.99447E-05 -5.15897E-01
9.83998E+01 -5.20001E-01 -3.97286E-05 -5.20885E-01
9.84998E+01 -5.25001E-01 -3.95347E-05 -5.25889E-01
9.85998E+01 -5.30001E-01 -3.93700E-05 -5.30899E-01
9.86998E+01 -5.35001E-01 -3.92336E-05 -5.35893E-01
9.87998E+01 -5.40001E-01 -3.91224E-05 -5.40900E-01
9.88998E+01 -5.45001E-01 -3.90220E-05 -5.45890E-01
9.89998E+01 -5.50001E-01 -3.89408E-05 -5.50925E-01
9.90998E+01 -5.55001E-01 -3.88743E-05 -5.55921E-01
9.91998E+01 -5.60001E-01 -3.88224E-05 -5.60903E-01
9.92998E+01 -5.65001E-01 -3.87889E-05 -5.65916E-01
9.93998E+01 -5.70001E-01 -3.87506E-05 -5.70929E-01
9.94998E+01 -5.75001E-01 -3.87287E-05 -5.75912E-01
9.95998E+01 -5.80001E-01 -3.87140E-05 -5.80908E-01
9.96998E+01 -5.85001E-01 -3.87055E-05 -5.85907E-01
9.97998E+01 -5.90001E-01 -3.87036E-05 -5.90937E-01
9.98998E+01 -5.95001E-01 -3.87138E-05 -5.95936E-01
9.99997E+01 -6.00001E-01 -3.87276E-05 -6.00932E-01
1.00100E+02 -6.05000E-01 -3.87523E-05 -6.05916E-01
1.00200E+02 -6.10000E-01 -3.87695E-05 -6.10952E-01
1.00300E+02 -6.15000E-01 -3.87878E-05 -6.15939E-01
1.00400E+02 -6.20000E-01 -3.88181E-05 -6.20933E-01
1.00500E+02 -6.25000E-01 -3.88475E-05 -6.25927E-01
1.00600E+02 -6.30000E-01 -3.88811E-05 -6.30930E-01
1.00700E+02 -6.35000E-01 -3.89158E-05 -6.35967E-01
1.00800E+02 -6.40000E-01 -3.89383E-05 -6.40948E-01
1.00900E+02 -6.45000E-01 -3.89759E-05 -6.45940E-01
1.01000E+02 -6.50000E-01 -3.89959E-05 -6.50949E-01
1.01100E+02 -6.55000E-01 -3.90188E-05 -6.55980E-01
1.01200E+02 -6.60000E-01 -3.90368E-05 -6.60960E-01
1.01300E+02 -6.65000E-01 -3.90679E-05 -6.65959E-01
1.01400E+02 -6.70000E-01 -3.90849E-05 -6.70961E-01
1.01500E+02 -6.75000E-01 -3.90909E-05 -6.75970E-01
1.01600E+02 -6.80000E-01 -3.90894E-05 -6.80986E-01
1.01700E+02 -6.85000E-01 -3.90966E-05 -6.85977E-01
1.01800E+02 -6.90000E-01 -3.90979E-05 -6.90966E-01
1.01900E+02 -6.95000E-01 -3.91019E-05 -6.95976E-01
1.02000E+02 -7.00000E-01 -3.91025E-05 -7.00990E-01
1.02100E+02 -7.05000E-01 -3.91094E-05 -7.05974E-01
1.02200E+02 -7.10000E-01 -3.91143E-05 -7.10977E-01
1.02300E+02 -7.15000E-01 -3.91241E-05 -7.15994E-01
1.02400E+02 -7.20000E-01 -3.91261E-05 -7.21004E-01
1.02500E+02 -7.25000E-01 -3.91336E-05 -7.25995E-01
1.02600E+02 -7.30000E-01 -3.91460E-05 -7.30969E-01
1.02700E+02 -7.35000E-01 -3.91657E-05 -7.35988E-01
1.02800E+02 -7.40000E-01 -3.91937E-05 -7.41010E-01
1.02900E+02 -7.45000E-01 -3.92131E-05 -7.45996E-01
1.03000E+02 -7.50000E-01 -3.92464E-05 -7.50992E-01
1.03100E+02 -7.55000E-01 -3.92832E-05 -7.56016E-01
1.03200E+02 -7.60000E-01 -3.93290E-05 -7.61030E-01
1.03300E+02 -7.65000E-01 -3.93771E-05 -7.66021E-01
1.03400E+02 -7.70000E-01 -3.94274E-05 -7.71007E-01
1.03500E+02 -7.75000E-01 -3.94957E-05 -7.76007E-01
1.03600E+02 -7.80000E-01 -3.95705E-05 -7.81023E-01
1.03700E+02 -7.85000E-01 -3.96520E-05 -7.86045E-01
1.03800E+02 -7.90000E-01 -3.97387E-05 -7.91031E-01
1.03900E+02 -7.95000E-01 -3.98369E-05 -7.96024E-01
