time/s      E/V        I/A
0.00000E+00 -8.00000E-01 -4.52995E-05 -8.01214E-01
9.99997E-02 -7.95000E-01 -4.38383E-05 -7.96207E-01
1.99999E-01 -7.90000E-01 -4.26187E-05 -7.91211E-01
2.99999E-01 -7.85000E-01 -4.15563E-05 -7.86220E-01
3.99999E-01 -7.80000E-01 -4.05781E-05 -7.81251E-01
4.99999E-01 -7.75000E-01 -3.96524E-05 -7.76215E-01
5.99998E-01 -7.70000E-01 -3.88066E-05 -7.71183E-01
6.99998E-01 -7.65000E-01 -3.83652E-05 -7.66200E-01
7.99998E-01 -7.60000E-01 -3.76036E-05 -7.61209E-01
8.99998E-01 -7.55000E-01 -3.68761E-05 -7.56211E-01
9.99997E-01 -7.50000E-01 -3.61814E-05 -7.51196E-01
1.10000E+00 -7.45000E-01 -3.55220E-05 -7.46210E-01
1.20000E+00 -7.40000E-01 -3.48743E-05 -7.41184E-01
1.30000E+00 -7.35000E-01 -3.42611E-05 -7.36194E-01
1.40000E+00 -7.30000E-01 -3.36738E-05 -7.31167E-01
1.50000E+00 -7.25000E-01 -3.31055E-05 -7.26186E-01
1.60000E+00 -7.20000E-01 -3.25568E-05 -7.21174E-01
1.70000E+00 -7.15000E-01 -3.20279E-05 -7.16159E-01
1.80000E+00 -7.10000E-01 -3.15178E-05 -7.11170E-01
1.90000E+00 -7.05000E-01 -3.10227E-05 -7.06190E-01
1.99999E+00 -7.00000E-01 -3.05358E-05 -7.01194E-01
2.09999E+00 -6.95000E-01 -3.00647E-05 -6.96180E-01
2.19999E+00 -6.90000E-01 -2.96021E-05 -6.91163E-01
2.29999E+00 -6.85000E-01 -2.91558E-05 -6.86179E-01
2.39999E+00 -6.80000E-01 -2.87221E-05 -6.81180E-01
2.49999E+00 -6.75000E-01 -2.82998E-05 -6.76175E-01
2.59999E+00 -6.70000E-01 -2.78829E-05 -6.71140E-01
2.69999E+00 -6.65000E-01 -2.74756E-05 -6.66165E-01
2.79999E+00 -6.60000E-01 -2.70779E-05 -6.61149E-01
2.89999E+00 -6.55000E-01 -2.66839E-05 -6.56162E-01
2.99999E+00 -6.50000E-01 -2.63050E-05 -6.51146E-01
3.09999E+00 -6.45000E-01 -2.59304E-05 -6.46125E-01
3.19999E+00 -6.40000E-01 -2.55658E-05 -6.41128E-01
3.29999E+00 -6.35000E-01 -2.52101E-05 -6.36127E-01
3.39999E+00 -6.30000E-01 -2.48539E-05 -6.31115E-01
3.49999E+00 -6.25000E-01 -2.45064E-05 -6.26124E-01
3.59999E+00 -6.20000E-01 -2.41658E-05 -6.21113E-01
3.69999E+00 -6.15000E-01 -2.38325E-05 -6.16119E-01
3.79999E+00 -6.10000E-01 -2.35019E-05 -6.11117E-01
3.89999E+00 -6.05000E-01 -2.31785E-05 -6.06096E-01
3.99999E+00 -6.00001E-01 -2.28502E-05 -6.01122E-01
4.09999E+00 -5.95001E-01 -2.25352E-05 -5.96136E-01
4.19999E+00 -5.90001E-01 -2.22221E-05 -5.91115E-01
4.29999E+00 -5.85001E-01 -2.19085E-05 -5.86096E-01
4.39999E+00 -5.80001E-01 -2.16105E-05 -5.81119E-01
4.49999E+00 -5.75001E-01 -2.13227E-05 -5.76104E-01
4.59999E+00 -5.70001E-01 -2.10395E-05 -5.71102E-01
4.69999E+00 -5.65001E-01 -2.08121E-05 -5.66075E-01
4.79999E+00 -5.60001E-01 -2.05633E-05 -5.61081E-01
4.89999E+00 -5.55001E-01 -2.03168E-05 -5.56071E-01
4.99999E+00 -5.50001E-01 -2.00341E-05 -5.51095E-01
5.09999E+00 -5.45001E-01 -1.97474E-05 -5.46086E-01
5.19999E+00 -5.40001E-01 -1.94311E-05 -5.41052E-01
5.29999E+00 -5.35001E-01 -1.91561E-05 -5.36056E-01
5.39999E+00 -5.30001E-01 -1.88713E-05 -5.31080E-01
5.49999E+00 -5.25001E-01 -1.86036E-05 -5.26077E-01
5.59999E+00 -5.20001E-01 -1.83395E-05 -5.21103E-01
5.69999E+00 -5.15001E-01 -1.81096E-05 -5.16080E-01
5.79999E+00 -5.10001E-01 -1.78965E-05 -5.11075E-01
5.89999E+00 -5.05001E-01 -1.76684E-05 -5.06055E-01
5.99998E+00 -5.00001E-01 -1.74200E-05 -5.01049E-01
6.09998E+00 -4.95001E-01 -1.71779E-05 -4.96069E-01
6.19998E+00 -4.90001E-01 -1.69285E-05 -4.91058E-01
6.29998E+00 -4.85001E-01 -1.66803E-05 -4.86041E-01
6.39998E+00 -4.80001E-01 -1.64408E-05 -4.81041E-01
6.49998E+00 -4.75001E-01 -1.62022E-05 -4.76034E-01
6.59998E+00 -4.70001E-01 -1.59659E-05 -4.71036E-01
6.69998E+00 -4.65001E-01 -1.57306E-05 -4.66039E-01
6.79998E+00 -4.60001E-01 -1.54955E-05 -4.61024E-01
6.89998E+00 -4.55001E-01 -1.52581E-05 -4.56031E-01
6.99998E+00 -4.50001E-01 -1.50263E-05 -4.51023E-01
7.09998E+00 -4.45001E-01 -1.47932E-05 -4.46024E-01
7.19998E+00 -4.40001E-01 -1.45613E-05 -4.41017E-01
7.29998E+00 -4.35001E-01 -1.43303E-05 -4.36027E-01
7.39998E+00 -4.30001E-01 -1.41003E-05 -4.30988E-01
7.49998E+00 -4.25001E-01 -1.38706E-05 -4.25984E-01
7.59998E+00 -4.20001E-01 -1.36443E-05 -4.20987E-01
7.69998E+00 -4.15001E-01 -1.34170E-05 -4.15978E-01
7.79998E+00 -4.10001E-01 -1.31993E-05 -4.10967E-01
7.89998E+00 -4.05001E-01 -1.29739E-05 -4.05981E-01
7.99998E+00 -4.00001E-01 -1.27549E-05 -4.00970E-01
8.09998E+00 -3.95001E-01 -1.25350E-05 -3.95996E-01
8.19998E+00 -3.90001E-01 -1.23192E-05 -3.90987E-01
8.29998E+00 -3.85001E-01 -1.21074E-05 -3.85957E-01
8.39998E+00 -3.80001E-01 -1.18983E-05 -3.80967E-01
8.49998E+00 -3.75001E-01 -1.16883E-05 -3.75974E-01
8.59998E+00 -3.70001E-01 -1.14834E-05 -3.70935E-01
8.69998E+00 -3.65001E-01 -1.12800E-05 -3.65953E-01
8.79998E+00 -3.60001E-01 -1.10796E-05 -3.60985E-01
8.89998E+00 -3.55001E-01 -1.08821E-05 -3.55952E-01
8.99998E+00 -3.50001E-01 -1.06859E-05 -3.50938E-01
9.09998E+00 -3.45001E-01 -1.04906E-05 -3.45920E-01
9.19998E+00 -3.40001E-01 -1.02986E-05 -3.40936E-01
9.29998E+00 -3.35001E-01 -1.01051E-05 -3.35950E-01
9.39998E+00 -3.30001E-01 -9.91710E-06 -3.30966E-01
9.49998E+00 -3.25001E-01 -9.73082E-06 -3.25948E-01
9.59998E+00 -3.20001E-01 -9.54662E-06 -3.20959E-01
9.69998E+00 -3.15001E-01 -9.36476E-06 -3.15910E-01
9.79998E+00 -3.10001E-01 -9.18061E-06 -3.10936E-01
9.89998E+00 -3.05001E-01 -8.99918E-06 -3.05934E-01
9.99997E+00 -3.00001E-01 -8.82182E-06 -3.00915E-01
1.01000E+01 -2.95001E-01 -8.64691E-06 -2.95929E-01
1.02000E+01 -2.90001E-01 -8.47043E-06 -2.90955E-01
1.03000E+01 -2.85001E-01 -8.29737E-06 -2.85937E-01
1.04000E+01 -2.80001E-01 -8.12381E-06 -2.80926E-01
1.05000E+01 -2.75001E-01 -7.95203E-06 -2.75920E-01
1.06000E+01 -2.70001E-01 -7.77932E-06 -2.70912E-01
1.07000E+01 -2.65001E-01 -7.60849E-06 -2.65916E-01
1.08000E+01 -2.60001E-01 -7.43693E-06 -2.60933E-01
1.09000E+01 -2.55001E-01 -7.27137E-06 -2.55914E-01
1.10000E+01 -2.50001E-01 -7.10216E-06 -2.50912E-01
1.11000E+01 -2.45001E-01 -6.95950E-06 -2.45880E-01
1.12000E+01 -2.40001E-01 -6.76784E-06 -2.40914E-01
1.13000E+01 -2.35001E-01 -6.61096E-06 -2.35901E-01
1.14000E+01 -2.30001E-01 -6.42907E-06 -2.30895E-01
1.15000E+01 -2.25001E-01 -6.26821E-06 -2.25900E-01
1.16000E+01 -2.20001E-01 -6.09515E-06 -2.20902E-01
1.17000E+01 -2.15001E-01 -5.92692E-06 -2.15873E-01
1.18000E+01 -2.10001E-01 -5.76159E-06 -2.10884E-01
1.19000E+01 -2.05001E-01 -5.62165E-06 -2.05884E-01
1.20000E+01 -2.00002E-01 -5.44561E-06 -2.00890E-01
1.21000E+01 -1.95002E-01 -5.27420E-06 -1.95882E-01
1.22000E+01 -1.90002E-01 -5.10692E-06 -1.90884E-01
1.23000E+01 -1.85002E-01 -4.93921E-06 -1.85884E-01
1.24000E+01 -1.80002E-01 -4.76938E-06 -1.80872E-01
1.25000E+01 -1.75002E-01 -4.60274E-06 -1.75863E-01
1.26000E+01 -1.70002E-01 -4.43463E-06 -1.70861E-01
1.27000E+01 -1.65002E-01 -4.26872E-06 -1.65861E-01
1.28000E+01 -1.60002E-01 -4.09899E-06 -1.60851E-01
1.29000E+01 -1.55002E-01 -3.93485E-06 -1.55852E-01
1.30000E+01 -1.50002E-01 -3.76637E-06 -1.50847E-01
1.31000E+01 -1.45002E-01 -3.59664E-06 -1.45822E-01
1.32000E+01 -1.40002E-01 -3.46336E-06 -1.40840E-01
1.33000E+01 -1.35002E-01 -3.29255E-06 -1.35835E-01
1.34000E+01 -1.30002E-01 -3.12449E-06 -1.30819E-01
1.35000E+01 -1.25002E-01 -2.95369E-06 -1.25841E-01
1.36000E+01 -1.20002E-01 -2.78233E-06 -1.20828E-01
1.37000E+01 -1.15002E-01 -2.61148E-06 -1.15815E-01
1.38000E+01 -1.10002E-01 -2.43897E-06 -1.10826E-01
1.39000E+01 -1.05002E-01 -2.25609E-06 -1.05829E-01
1.40000E+01 -1.00002E-01 -2.08336E-06 -1.00815E-01
1.41000E+01 -9.50018E-02 -1.90484E-06 -9.58118E-02
1.42000E+01 -9.00018E-02 -1.72851E-06 -9.07928E-02
1.43000E+01 -8.50018E-02 -1.54925E-06 -8.58031E-02
1.44000E+01 -8.00018E-02 -1.36927E-06 -8.08247E-02
1.45000E+01 -7.50018E-02 -1.18875E-06 -7.57932E-02
1.46000E+01 -7.00018E-02 -1.00699E-06 -7.08028E-02
1.47000E+01 -6.50018E-02 -8.26251E-07 -6.57976E-02
1.48000E+01 -6.00019E-02 -6.41379E-07 -6.08041E-02
1.49000E+01 -5.50019E-02 -4.52000E-07 -5.57951E-02
1.50000E+01 -5.00019E-02 -2.61245E-07 -5.08010E-02
1.51000E+01 -4.50019E-02 -7.00522E-08 -4.57658E-02
1.52000E+01 -4.00019E-02 1.19152E-07  -4.07998E-02
1.53000E+01 -3.50019E-02 3.14638E-07  -3.57852E-02
1.54000E+01 -3.00019E-02 5.04017E-07  -3.07967E-02
1.55000E+01 -2.50019E-02 6.99784E-07  -2.57833E-02
1.56000E+01 -2.00020E-02 8.96660E-07  -2.08030E-02
1.57000E+01 -1.50020E-02 1.09118E-06  -1.58115E-02
1.58000E+01 -1.00020E-02 1.29097E-06  -1.07669E-02
1.59000E+01 -5.00199E-03 1.48886E-06  -5.78027E-03
1.60000E+01 -2.00000E-06 1.69124E-06  -7.53769E-04
1.61000E+01 4.99799E-03  1.89056E-06  4.21591E-03 
1.62000E+01 9.99797E-03  2.09423E-06  9.22808E-03 
1.63000E+01 1.49980E-02  2.29762E-06  1.42390E-02 
1.64000E+01 1.99979E-02  2.50511E-06  1.92480E-02 
1.65000E+01 2.49979E-02  2.70852E-06  2.42552E-02 
1.66000E+01 2.99979E-02  2.92041E-06  2.92280E-02 
1.67000E+01 3.49979E-02  3.12917E-06  3.42508E-02 
1.68000E+01 3.99979E-02  3.34157E-06  3.92517E-02 
1.69000E+01 4.49979E-02  3.55331E-06  4.42838E-02 
1.70000E+01 4.99979E-02  3.77199E-06  4.92542E-02 
1.71000E+01 5.49979E-02  3.98904E-06  5.42289E-02 
1.72000E+01 5.99978E-02  4.21255E-06  5.92848E-02 
1.73000E+01 6.49978E-02  4.43939E-06  6.42551E-02 
1.74000E+01 6.99978E-02  4.66460E-06  6.92460E-02 
1.75000E+01 7.49978E-02  4.89558E-06  7.42850E-02 
1.76000E+01 7.99978E-02  5.13112E-06  7.92703E-02 
1.77000E+01 8.49978E-02  5.36962E-06  8.42575E-02 
1.78000E+01 8.99978E-02  5.61283E-06  8.92740E-02 
1.79000E+01 9.49978E-02  5.85965E-06  9.42812E-02 
1.80000E+01 9.99977E-02  6.11544E-06  9.93052E-02 
1.81000E+01 1.04998E-01  6.36766E-06  1.04301E-01 
1.82000E+01 1.09998E-01  6.63249E-06  1.09278E-01 
1.83000E+01 1.14998E-01  6.89812E-06  1.14267E-01 
1.84000E+01 1.19998E-01  7.17199E-06  1.19294E-01 
1.85000E+01 1.24998E-01  7.45085E-06  1.24311E-01 
1.86000E+01 1.29998E-01  7.73676E-06  1.29301E-01 
1.87000E+01 1.34998E-01  8.02890E-06  1.34300E-01 
1.88000E+01 1.39998E-01  8.32728E-06  1.39329E-01 
1.89000E+01 1.44998E-01  8.63434E-06  1.44326E-01 
1.90000E+01 1.49998E-01  8.94650E-06  1.49293E-01 
1.91000E+01 1.54998E-01  9.26874E-06  1.54303E-01 
1.92000E+01 1.59998E-01  9.59655E-06  1.59354E-01 
1.93000E+01 1.64998E-01  9.93401E-06  1.64347E-01 
1.94000E+01 1.69998E-01  1.02767E-05  1.69293E-01 
1.95000E+01 1.74998E-01  1.06313E-05  1.74354E-01 
1.96000E+01 1.79998E-01  1.09888E-05  1.79338E-01 
1.97000E+01 1.84998E-01  1.13564E-05  1.84300E-01 
1.98000E+01 1.89998E-01  1.17304E-05  1.89331E-01 
1.99000E+01 1.94998E-01  1.21127E-05  1.94363E-01 
1.99999E+01 1.99997E-01  1.25011E-05  1.99359E-01 
2.00999E+01 2.04997E-01  1.28968E-05  2.04348E-01 
2.01999E+01 2.09997E-01  1.33002E-05  2.09360E-01 
2.02999E+01 2.14997E-01  1.37071E-05  2.14384E-01 
2.03999E+01 2.19997E-01  1.41205E-05  2.19381E-01 
2.04999E+01 2.24997E-01  1.45385E-05  2.24348E-01 
2.05999E+01 2.29997E-01  1.49609E-05  2.29338E-01 
2.06999E+01 2.34997E-01  1.53882E-05  2.34379E-01 
2.07999E+01 2.39997E-01  1.58161E-05  2.39363E-01 
2.08999E+01 2.44997E-01  1.62531E-05  2.44357E-01 
2.09999E+01 2.49997E-01  1.66845E-05  2.49364E-01 
2.10999E+01 2.54997E-01  1.71204E-05  2.54373E-01 
2.11999E+01 2.59997E-01  1.75534E-05  2.59371E-01 
2.12999E+01 2.64997E-01  1.79840E-05  2.64371E-01 
2.13999E+01 2.69997E-01  1.84128E-05  2.69385E-01 
2.14999E+01 2.74997E-01  1.88368E-05  2.74379E-01 
2.15999E+01 2.79997E-01  1.92553E-05  2.79391E-01 
2.16999E+01 2.84997E-01  1.96684E-05  2.84372E-01 
2.17999E+01 2.89997E-01  2.00764E-05  2.89381E-01 
2.18999E+01 2.94997E-01  2.04771E-05  2.94384E-01 
2.19999E+01 2.99997E-01  2.08673E-05  2.99392E-01 
2.20999E+01 3.04997E-01  2.12476E-05  3.04400E-01 
2.21999E+01 3.09997E-01  2.16596E-05  3.09411E-01 
2.22999E+01 3.14997E-01  2.20191E-05  3.14405E-01 
2.23999E+01 3.19997E-01  2.23665E-05  3.19423E-01 
2.24999E+01 3.24997E-01  2.27018E-05  3.24410E-01 
2.25999E+01 3.29997E-01  2.30274E-05  3.29412E-01 
2.26999E+01 3.34997E-01  2.33396E-05  3.34415E-01 
2.27999E+01 3.39997E-01  2.36407E-05  3.39432E-01 
2.28999E+01 3.44997E-01  2.39290E-05  3.44428E-01 
2.29999E+01 3.49997E-01  2.42085E-05  3.49429E-01 
2.30999E+01 3.54997E-01  2.44810E-05  3.54453E-01 
2.31999E+01 3.59997E-01  2.47444E-05  3.59437E-01 
2.32999E+01 3.64997E-01  2.50008E-05  3.64432E-01 
2.33999E+01 3.69997E-01  2.52497E-05  3.69439E-01 
2.34999E+01 3.74997E-01  2.54979E-05  3.74444E-01 
2.35999E+01 3.79997E-01  2.57414E-05  3.79414E-01 
2.36999E+01 3.84997E-01  2.59862E-05  3.84431E-01 
2.37999E+01 3.89997E-01  2.62282E-05  3.89437E-01 
2.38999E+01 3.94997E-01  2.64734E-05  3.94475E-01 
2.39999E+01 3.99997E-01  2.67155E-05  3.99447E-01 
2.40999E+01 4.04997E-01  2.69674E-05  4.04495E-01 
2.41999E+01 4.09997E-01  2.72198E-05  4.09487E-01 
2.42999E+01 4.14997E-01  2.74800E-05  4.14487E-01 
2.43999E+01 4.19997E-01  2.77399E-05  4.19498E-01 
2.44999E+01 4.24997E-01  2.80107E-05  4.24487E-01 
2.45999E+01 4.29997E-01  2.82838E-05  4.29476E-01 
2.46999E+01 4.34997E-01  2.85654E-05  4.34515E-01 
2.47999E+01 4.39997E-01  2.88480E-05  4.39489E-01 
2.48999E+01 4.44997E-01  2.91394E-05  4.44486E-01 
2.49999E+01 4.49997E-01  2.94325E-05  4.49504E-01 
2.50999E+01 4.54997E-01  2.97348E-05  4.54494E-01 
2.51999E+01 4.59997E-01  3.00373E-05  4.59527E-01 
2.52999E+01 4.64997E-01  3.03464E-05  4.64515E-01 
2.53999E+01 4.69997E-01  3.06606E-05  4.69505E-01 
2.54999E+01 4.74997E-01  3.09750E-05  4.74533E-01 
2.55999E+01 4.79997E-01  3.12980E-05  4.79536E-01 
2.56999E+01 4.84997E-01  3.16242E-05  4.84533E-01 
2.57999E+01 4.89997E-01  3.19530E-05  4.89556E-01 
2.58999E+01 4.94997E-01  3.22841E-05  4.94546E-01 
2.59999E+01 4.99997E-01  3.26235E-05  4.99549E-01 
2.60999E+01 5.04997E-01  3.29621E-05  5.04539E-01 
2.61999E+01 5.09997E-01  3.33108E-05  5.09553E-01 
2.62999E+01 5.14997E-01  3.36590E-05  5.14556E-01 
2.63999E+01 5.19997E-01  3.40105E-05  5.19544E-01 
2.64999E+01 5.24997E-01  3.43666E-05  5.24581E-01 
2.65999E+01 5.29997E-01  3.47270E-05  5.29557E-01 
2.66999E+01 5.34997E-01  3.50892E-05  5.34580E-01 
2.67999E+01 5.39997E-01  3.54583E-05  5.39549E-01 
2.68999E+01 5.44997E-01  3.58295E-05  5.44561E-01 
2.69999E+01 5.49997E-01  3.62068E-05  5.49580E-01 
2.70999E+01 5.54997E-01  3.65848E-05  5.54587E-01 
2.71999E+01 5.59997E-01  3.69702E-05  5.59583E-01 
2.72999E+01 5.64997E-01  3.73559E-05  5.64555E-01 
2.73999E+01 5.69997E-01  3.77497E-05  5.69578E-01 
2.74999E+01 5.74997E-01  3.82294E-05  5.74596E-01 
2.75999E+01 5.79997E-01  3.86579E-05  5.79536E-01 
2.76999E+01 5.84997E-01  3.90297E-05  5.84562E-01 
2.77999E+01 5.89997E-01  3.94093E-05  5.89583E-01 
2.78999E+01 5.94997E-01  3.97904E-05  5.94563E-01 
2.79999E+01 5.99996E-01  4.01774E-05  5.99581E-01 
2.80999E+01 6.04996E-01  4.05495E-05  6.04553E-01 
2.81999E+01 6.09996E-01  4.08687E-05  6.09569E-01 
2.82999E+01 6.14996E-01  4.12653E-05  6.14607E-01 
2.83999E+01 6.19996E-01  4.16736E-05  6.19569E-01 
2.84999E+01 6.24996E-01  4.20956E-05  6.24577E-01 
2.85999E+01 6.29996E-01  4.25219E-05  6.29607E-01 
2.86999E+01 6.34996E-01  4.29643E-05  6.34622E-01 
2.87999E+01 6.39996E-01  4.34077E-05  6.39637E-01 
2.88999E+01 6.44996E-01  4.38292E-05  6.44619E-01 
2.89999E+01 6.49996E-01  4.44191E-05  6.49619E-01 
2.90999E+01 6.54996E-01  4.48098E-05  6.54636E-01 
2.91999E+01 6.59996E-01  4.50153E-05  6.59646E-01 
2.92999E+01 6.64996E-01  4.52987E-05  6.64629E-01 
2.93999E+01 6.69996E-01  4.56693E-05  6.69625E-01 
2.94999E+01 6.74996E-01  4.60778E-05  6.74646E-01 
2.95999E+01 6.79996E-01  4.64811E-05  6.79646E-01 
2.96999E+01 6.84996E-01  4.68807E-05  6.84644E-01 
2.97999E+01 6.89996E-01  4.72767E-05  6.89647E-01 
2.98999E+01 6.94996E-01  4.76698E-05  6.94618E-01 
2.99999E+01 6.99996E-01  4.80559E-05  6.99644E-01 
3.00999E+01 7.04996E-01  4.84397E-05  7.04628E-01 
3.01999E+01 7.09996E-01  4.88155E-05  7.09632E-01 
3.02999E+01 7.14996E-01  4.91868E-05  7.14656E-01 
3.03999E+01 7.19996E-01  4.95549E-05  7.19657E-01 
3.04999E+01 7.24996E-01  4.99212E-05  7.24665E-01 
3.05999E+01 7.29996E-01  5.02815E-05  7.29660E-01 
3.06999E+01 7.34996E-01  5.06383E-05  7.34676E-01 
3.07999E+01 7.39996E-01  5.09879E-05  7.39673E-01 
3.08999E+01 7.44996E-01  5.13376E-05  7.44695E-01 
3.09999E+01 7.49996E-01  5.16823E-05  7.49686E-01 
3.10999E+01 7.54996E-01  5.20237E-05  7.54678E-01 
3.11999E+01 7.59996E-01  5.23634E-05  7.59708E-01 
3.12999E+01 7.64996E-01  5.26871E-05  7.64689E-01 
3.13999E+01 7.69996E-01  5.30097E-05  7.69693E-01 
3.14999E+01 7.74996E-01  5.33294E-05  7.74692E-01 
3.15999E+01 7.79996E-01  5.36462E-05  7.79658E-01 
3.16999E+01 7.84996E-01  5.39598E-05  7.84711E-01 
3.17999E+01 7.89996E-01  5.42628E-05  7.89721E-01 
3.18999E+01 7.94996E-01  5.45650E-05  7.94734E-01 
3.19999E+01 7.99996E-01  5.48598E-05  7.99730E-01 
3.20999E+01 8.04996E-01  5.51527E-05  8.04729E-01 
3.21999E+01 8.09996E-01  5.54462E-05  8.09754E-01 
3.22999E+01 8.14996E-01  5.57240E-05  8.14738E-01 
3.23999E+01 8.19996E-01  5.60012E-05  8.19724E-01 
3.24999E+01 8.24996E-01  5.62740E-05  8.24736E-01 
3.25999E+01 8.29996E-01  5.65440E-05  8.29730E-01 
3.26999E+01 8.34996E-01  5.68073E-05  8.34751E-01 
3.27999E+01 8.39996E-01  5.70647E-05  8.39743E-01 
3.28999E+01 8.44996E-01  5.73192E-05  8.44741E-01 
3.29999E+01 8.49996E-01  5.75672E-05  8.49747E-01 
3.30999E+01 8.54996E-01  5.78100E-05  8.54761E-01 
3.31999E+01 8.59996E-01  5.80615E-05  8.59778E-01 
3.32999E+01 8.64996E-01  5.82943E-05  8.64753E-01 
3.33999E+01 8.69996E-01  5.85293E-05  8.69729E-01 
3.34999E+01 8.74996E-01  5.87597E-05  8.74776E-01 
3.35999E+01 8.79996E-01  5.89895E-05  8.79761E-01 
3.36999E+01 8.84996E-01  5.92118E-05  8.84777E-01 
3.37999E+01 8.89996E-01  5.94359E-05  8.89768E-01 
3.38999E+01 8.94996E-01  5.96559E-05  8.94778E-01 
3.39999E+01 8.99996E-01  5.98731E-05  8.99781E-01 
3.40999E+01 9.04996E-01  6.00844E-05  9.04803E-01 
3.41999E+01 9.09996E-01  6.02944E-05  9.09777E-01 
3.42999E+01 9.14996E-01  6.05020E-05  9.14808E-01 
3.43999E+01 9.19996E-01  6.07070E-05  9.19796E-01 
3.44999E+01 9.24996E-01  6.09041E-05  9.24799E-01 
3.45999E+01 9.29996E-01  6.11013E-05  9.29791E-01 
3.46999E+01 9.34996E-01  6.12945E-05  9.34795E-01 
3.47999E+01 9.39996E-01  6.14868E-05  9.39801E-01 
3.48999E+01 9.44996E-01  6.16773E-05  9.44815E-01 
3.49999E+01 9.49996E-01  6.18689E-05  9.49838E-01 
3.50999E+01 9.54996E-01  6.20536E-05  9.54817E-01 
3.51999E+01 9.59996E-01  6.22376E-05  9.59798E-01 
3.52999E+01 9.64996E-01  6.24188E-05  9.64836E-01 
3.53999E+01 9.69996E-01  6.26052E-05  9.69873E-01 
3.54999E+01 9.74996E-01  6.27769E-05  9.74849E-01 
3.55999E+01 9.79996E-01  6.29531E-05  9.79856E-01 
3.56999E+01 9.84996E-01  6.31245E-05  9.84851E-01 
3.57999E+01 9.89996E-01  6.32976E-05  9.89840E-01 
3.58999E+01 9.94996E-01  6.34667E-05  9.94856E-01 
3.59999E+01 9.99995E-01  6.36327E-05  9.99830E-01 
3.60999E+01 1.00500E+00  6.37972E-05  1.00486E+00 
3.61999E+01 1.01000E+00  6.39628E-05  1.00987E+00 
3.62999E+01 1.01500E+00  6.41327E-05  1.01488E+00 
3.63999E+01 1.02000E+00  6.43014E-05  1.01986E+00 
3.64999E+01 1.02500E+00  6.44721E-05  1.02485E+00 
3.65999E+01 1.03000E+00  6.46431E-05  1.02988E+00 
3.66999E+01 1.03500E+00  6.48216E-05  1.03487E+00 
3.67999E+01 1.04000E+00  6.50032E-05  1.03986E+00 
3.68999E+01 1.04500E+00  6.51931E-05  1.04487E+00 
3.69999E+01 1.05000E+00  6.54077E-05  1.04986E+00 
3.70999E+01 1.05500E+00  6.56420E-05  1.05488E+00 
3.71999E+01 1.06000E+00  6.58705E-05  1.05989E+00 
3.72999E+01 1.06500E+00  6.60482E-05  1.06484E+00 
3.73999E+01 1.07000E+00  6.62654E-05  1.06988E+00 
3.74999E+01 1.07500E+00  6.64715E-05  1.07489E+00 
3.75999E+01 1.08000E+00  6.66609E-05  1.07990E+00 
3.76999E+01 1.08500E+00  6.67770E-05  1.08488E+00 
3.77999E+01 1.09000E+00  6.70080E-05  1.08989E+00 
3.78999E+01 1.09500E+00  6.72499E-05  1.09489E+00 
3.79999E+01 1.10000E+00  6.75058E-05  1.09988E+00 
3.80999E+01 1.10500E+00  6.77609E-05  1.10489E+00 
3.81999E+01 1.11000E+00  6.80220E-05  1.10992E+00 
3.82999E+01 1.11500E+00  6.82932E-05  1.11491E+00 
3.83999E+01 1.12000E+00  6.85696E-05  1.11994E+00 
3.84999E+01 1.12500E+00  6.88563E-05  1.12494E+00 
3.85999E+01 1.13000E+00  6.91489E-05  1.12995E+00 
3.86999E+01 1.13500E+00  6.94490E-05  1.13494E+00 
3.87999E+01 1.14000E+00  6.97593E-05  1.13992E+00 
3.88999E+01 1.14500E+00  7.00794E-05  1.14492E+00 
3.89999E+01 1.15000E+00  7.04004E-05  1.14994E+00 
3.90999E+01 1.15500E+00  7.07317E-05  1.15493E+00 
3.91999E+01 1.16000E+00  7.10688E-05  1.15994E+00 
3.92999E+01 1.16500E+00  7.14115E-05  1.16494E+00 
3.93999E+01 1.17000E+00  7.17574E-05  1.16994E+00 
3.94999E+01 1.17500E+00  7.21132E-05  1.17493E+00 
3.95999E+01 1.18000E+00  7.24712E-05  1.17995E+00 
3.96999E+01 1.18500E+00  7.28409E-05  1.18494E+00 
3.97999E+01 1.19000E+00  7.32146E-05  1.18997E+00 
3.98999E+01 1.19500E+00  7.36007E-05  1.19496E+00 
3.99999E+01 1.19999E+00  7.39989E-05  1.19993E+00 
4.00999E+01 1.20499E+00  7.44070E-05  1.20495E+00 
4.01999E+01 1.20999E+00  7.48265E-05  1.20997E+00 
4.02999E+01 1.21499E+00  7.52593E-05  1.21493E+00 
4.03999E+01 1.21999E+00  7.57020E-05  1.21996E+00 
4.04999E+01 1.22499E+00  7.61659E-05  1.22498E+00 
4.05999E+01 1.22999E+00  7.66402E-05  1.23000E+00 
4.06999E+01 1.23499E+00  7.71293E-05  1.23498E+00 
4.07999E+01 1.23999E+00  7.76285E-05  1.23998E+00 
4.08999E+01 1.24499E+00  7.81515E-05  1.24500E+00 
4.09999E+01 1.24999E+00  7.86880E-05  1.25001E+00 
4.10999E+01 1.25499E+00  7.92508E-05  1.25500E+00 
4.11999E+01 1.25999E+00  7.98326E-05  1.25999E+00 
4.12999E+01 1.26499E+00  8.04372E-05  1.26499E+00 
4.13999E+01 1.26999E+00  8.10636E-05  1.27000E+00 
4.14999E+01 1.27499E+00  8.17227E-05  1.27502E+00 
4.15999E+01 1.27999E+00  8.23692E-05  1.27999E+00 
4.16999E+01 1.28499E+00  8.30015E-05  1.28500E+00 
4.17999E+01 1.28999E+00  8.36677E-05  1.29001E+00 
4.18999E+01 1.29499E+00  8.43893E-05  1.29503E+00 
4.19999E+01 1.29999E+00  8.51993E-05  1.30003E+00 
4.20999E+01 1.30499E+00  8.62082E-05  1.30503E+00 
4.21999E+01 1.30999E+00  8.70014E-05  1.31003E+00 
4.22999E+01 1.31499E+00  8.78568E-05  1.31505E+00 
4.23999E+01 1.31999E+00  8.91529E-05  1.32001E+00 
4.24999E+01 1.32499E+00  9.04245E-05  1.32502E+00 
4.25999E+01 1.32999E+00  9.16052E-05  1.33004E+00 
4.26999E+01 1.33499E+00  9.25776E-05  1.33506E+00 
4.27999E+01 1.33999E+00  9.35913E-05  1.34003E+00 
4.28999E+01 1.34499E+00  9.43563E-05  1.34505E+00 
4.29999E+01 1.34999E+00  9.47689E-05  1.35004E+00 
4.30999E+01 1.35499E+00  9.53096E-05  1.35505E+00 
4.31999E+01 1.35999E+00  9.59414E-05  1.36006E+00 
4.32999E+01 1.36499E+00  9.67292E-05  1.36505E+00 
4.33999E+01 1.36999E+00  9.75604E-05  1.37006E+00 
4.34999E+01 1.37499E+00  9.84192E-05  1.37506E+00 
4.35999E+01 1.37999E+00  9.93125E-05  1.38005E+00 
4.36999E+01 1.38499E+00  1.00199E-04  1.38505E+00 
4.37999E+01 1.38999E+00  1.01068E-04  1.39004E+00 
4.38999E+01 1.39499E+00  1.02043E-04  1.39505E+00 
4.39999E+01 1.39999E+00  1.03083E-04  1.40007E+00 
4.40999E+01 1.40499E+00  1.04138E-04  1.40506E+00 
4.41999E+01 1.40999E+00  1.05235E-04  1.41005E+00 
4.42999E+01 1.41499E+00  1.06393E-04  1.41506E+00 
4.43999E+01 1.41999E+00  1.07620E-04  1.42008E+00 
4.44999E+01 1.42499E+00  1.08922E-04  1.42509E+00 
4.45999E+01 1.42999E+00  1.10107E-04  1.43006E+00 
4.46999E+01 1.43499E+00  1.11283E-04  1.43510E+00 
4.47999E+01 1.43999E+00  1.12500E-04  1.44010E+00 
4.48999E+01 1.44499E+00  1.13869E-04  1.44510E+00 
4.49999E+01 1.44999E+00  1.15231E-04  1.45010E+00 
4.50999E+01 1.45499E+00  1.16586E-04  1.45510E+00 
4.51999E+01 1.45999E+00  1.17968E-04  1.46012E+00 
4.52999E+01 1.46499E+00  1.19366E-04  1.46510E+00 
4.53999E+01 1.46999E+00  1.20733E-04  1.47011E+00 
4.54999E+01 1.47499E+00  1.22217E-04  1.47515E+00 
4.55999E+01 1.47999E+00  1.23939E-04  1.48012E+00 
4.56999E+01 1.48499E+00  1.25421E-04  1.48511E+00 
4.57999E+01 1.48999E+00  1.26872E-04  1.49012E+00 
4.58999E+01 1.49499E+00  1.28387E-04  1.49516E+00 
4.59999E+01 1.49999E+00  1.29947E-04  1.50014E+00 
4.60999E+01 1.50499E+00  1.31612E-04  1.50514E+00 
4.61999E+01 1.50999E+00  1.33326E-04  1.51017E+00 
4.62999E+01 1.51499E+00  1.35051E-04  1.51518E+00 
4.63999E+01 1.51999E+00  1.36757E-04  1.52017E+00 
4.64999E+01 1.52499E+00  1.38505E-04  1.52516E+00 
4.65999E+01 1.52999E+00  1.40466E-04  1.53017E+00 
4.66999E+01 1.53499E+00  1.42453E-04  1.53518E+00 
4.67999E+01 1.53999E+00  1.44365E-04  1.54017E+00 
4.68999E+01 1.54499E+00  1.46300E-04  1.54518E+00 
4.69999E+01 1.54999E+00  1.48316E-04  1.55019E+00 
4.70999E+01 1.55499E+00  1.50415E-04  1.55521E+00 
4.71999E+01 1.55999E+00  1.52570E-04  1.56018E+00 
4.72999E+01 1.56499E+00  1.54721E-04  1.56518E+00 
4.73999E+01 1.56999E+00  1.56898E-04  1.57021E+00 
4.74999E+01 1.57499E+00  1.59284E-04  1.57519E+00 
4.75999E+01 1.57999E+00  1.61710E-04  1.58020E+00 
4.76999E+01 1.58499E+00  1.64070E-04  1.58520E+00 
4.77999E+01 1.58999E+00  1.66463E-04  1.59020E+00 
4.78999E+01 1.59499E+00  1.68870E-04  1.59520E+00 
4.79999E+01 1.59999E+00  1.71383E-04  1.60020E+00 
4.80999E+01 1.60499E+00  1.73993E-04  1.60524E+00 
4.81999E+01 1.60999E+00  1.76596E-04  1.61026E+00 
4.82999E+01 1.61499E+00  1.79213E-04  1.61521E+00 
4.83999E+01 1.61999E+00  1.81910E-04  1.62023E+00 
4.84999E+01 1.62499E+00  1.84716E-04  1.62521E+00 
4.85999E+01 1.62999E+00  1.87520E-04  1.63024E+00 
4.86999E+01 1.63499E+00  1.90263E-04  1.63524E+00 
4.87999E+01 1.63999E+00  1.93030E-04  1.64022E+00 
4.88999E+01 1.64499E+00  1.95883E-04  1.64523E+00 
4.89999E+01 1.64999E+00  1.98821E-04  1.65024E+00 
4.90999E+01 1.65499E+00  2.01756E-04  1.65523E+00 
4.91999E+01 1.65999E+00  2.04691E-04  1.66022E+00 
4.92999E+01 1.66499E+00  2.07620E-04  1.66522E+00 
4.93999E+01 1.66999E+00  2.10599E-04  1.67025E+00 
4.94999E+01 1.67499E+00  2.13981E-04  1.67522E+00 
4.95999E+01 1.67999E+00  2.17039E-04  1.68023E+00 
4.96999E+01 1.68499E+00  2.20090E-04  1.68525E+00 
4.97999E+01 1.68999E+00  2.23153E-04  1.69026E+00 
4.98999E+01 1.69499E+00  2.26219E-04  1.69525E+00 
4.99999E+01 1.69999E+00  2.29292E-04  1.70025E+00 
5.00999E+01 1.70499E+00  2.32392E-04  1.70526E+00 
5.01999E+01 1.70999E+00  2.35481E-04  1.71026E+00 
5.02999E+01 1.71499E+00  2.38580E-04  1.71525E+00 
5.03999E+01 1.71999E+00  2.41693E-04  1.72025E+00 
5.04999E+01 1.72499E+00  2.44806E-04  1.72526E+00 
5.05999E+01 1.72999E+00  2.47954E-04  1.73026E+00 
5.06999E+01 1.73499E+00  2.51080E-04  1.73526E+00 
5.07999E+01 1.73999E+00  2.54177E-04  1.74028E+00 
5.08999E+01 1.74499E+00  2.57277E-04  1.74530E+00 
5.09999E+01 1.74999E+00  2.60349E-04  1.75030E+00 
5.10999E+01 1.75499E+00  2.63403E-04  1.75530E+00 
5.11999E+01 1.75999E+00  2.66452E-04  1.76034E+00 
5.12999E+01 1.76499E+00  2.69500E-04  1.76534E+00 
5.13999E+01 1.76999E+00  2.72562E-04  1.77032E+00 
5.14999E+01 1.77499E+00  2.75580E-04  1.77531E+00 
5.15999E+01 1.77999E+00  2.78603E-04  1.78033E+00 
5.16999E+01 1.78499E+00  2.81624E-04  1.78536E+00 
5.17999E+01 1.78999E+00  2.84615E-04  1.79033E+00 
5.18999E+01 1.79499E+00  2.87571E-04  1.79533E+00 
5.19999E+01 1.79999E+00  2.90618E-04  1.80034E+00 
5.20999E+01 1.79499E+00  2.84243E-04  1.79533E+00 
5.21999E+01 1.78999E+00  2.78164E-04  1.79035E+00 
5.22999E+01 1.78499E+00  2.72264E-04  1.78535E+00 
5.23999E+01 1.77999E+00  2.66508E-04  1.78034E+00 
5.24999E+01 1.77499E+00  2.60919E-04  1.77535E+00 
5.25999E+01 1.76999E+00  2.55471E-04  1.77035E+00 
5.26999E+01 1.76499E+00  2.50144E-04  1.76534E+00 
5.27999E+01 1.75999E+00  2.44962E-04  1.76033E+00 
5.28999E+01 1.75499E+00  2.39794E-04  1.75529E+00 
5.29999E+01 1.74999E+00  2.34762E-04  1.75030E+00 
5.30999E+01 1.74499E+00  2.29830E-04  1.74530E+00 
5.31999E+01 1.73999E+00  2.24974E-04  1.74028E+00 
5.32999E+01 1.73499E+00  2.20216E-04  1.73527E+00 
5.33999E+01 1.72999E+00  2.15557E-04  1.73030E+00 
5.34999E+01 1.72499E+00  2.10994E-04  1.72526E+00 
5.35999E+01 1.71999E+00  2.06481E-04  1.72027E+00 
5.36999E+01 1.71499E+00  2.02055E-04  1.71526E+00 
5.37999E+01 1.70999E+00  1.97684E-04  1.71029E+00 
5.38999E+01 1.70499E+00  1.93422E-04  1.70527E+00 
5.39999E+01 1.69999E+00  1.89235E-04  1.70026E+00 
5.40999E+01 1.69499E+00  1.85105E-04  1.69527E+00 
5.41999E+01 1.68999E+00  1.81061E-04  1.69027E+00 
5.42999E+01 1.68499E+00  1.77053E-04  1.68523E+00 
5.43999E+01 1.67999E+00  1.73122E-04  1.68023E+00 
5.44999E+01 1.67499E+00  1.69286E-04  1.67525E+00 
5.45999E+01 1.66999E+00  1.65570E-04  1.67026E+00 
5.46999E+01 1.66499E+00  1.61913E-04  1.66526E+00 
5.47999E+01 1.65999E+00  1.58239E-04  1.66022E+00 
5.48999E+01 1.65499E+00  1.54643E-04  1.65523E+00 
5.49999E+01 1.64999E+00  1.51127E-04  1.65024E+00 
5.50999E+01 1.64499E+00  1.47729E-04  1.64523E+00 
5.51999E+01 1.63999E+00  1.44386E-04  1.64023E+00 
5.52999E+01 1.63499E+00  1.41066E-04  1.63522E+00 
5.53999E+01 1.62999E+00  1.37796E-04  1.63022E+00 
5.54999E+01 1.62499E+00  1.34680E-04  1.62520E+00 
5.55999E+01 1.61999E+00  1.31708E-04  1.62020E+00 
5.56999E+01 1.61499E+00  1.28655E-04  1.61521E+00 
5.57999E+01 1.60999E+00  1.25586E-04  1.61022E+00 
5.58999E+01 1.60499E+00  1.22516E-04  1.60520E+00 
5.59999E+01 1.59999E+00  1.19578E-04  1.60019E+00 
5.60999E+01 1.59499E+00  1.16731E-04  1.59517E+00 
5.61999E+01 1.58999E+00  1.13915E-04  1.59018E+00 
5.62999E+01 1.58499E+00  1.11143E-04  1.58519E+00 
5.63999E+01 1.57999E+00  1.08380E-04  1.58019E+00 
5.64999E+01 1.57499E+00  1.05713E-04  1.57519E+00 
5.65999E+01 1.56999E+00  1.03168E-04  1.57015E+00 
5.66999E+01 1.56499E+00  1.00754E-04  1.56516E+00 
5.67999E+01 1.55999E+00  9.85218E-05  1.56016E+00 
5.68999E+01 1.55499E+00  9.59438E-05  1.55517E+00 
5.69999E+01 1.54999E+00  9.34734E-05  1.55015E+00 
5.70999E+01 1.54499E+00  9.11564E-05  1.54514E+00 
5.71999E+01 1.53999E+00  8.89064E-05  1.54017E+00 
5.72999E+01 1.53499E+00  8.67016E-05  1.53516E+00 
5.73999E+01 1.52999E+00  8.45616E-05  1.53017E+00 
5.74999E+01 1.52499E+00  8.24694E-05  1.52517E+00 
5.75999E+01 1.51999E+00  8.04253E-05  1.52017E+00 
5.76999E+01 1.51499E+00  7.84250E-05  1.51517E+00 
5.77999E+01 1.50999E+00  7.65852E-05  1.51018E+00 
5.78999E+01 1.50499E+00  7.47195E-05  1.50514E+00 
5.79999E+01 1.49999E+00  7.28645E-05  1.50017E+00 
5.80999E+01 1.49499E+00  7.10658E-05  1.49515E+00 
5.81999E+01 1.48999E+00  6.93008E-05  1.49014E+00 
5.82999E+01 1.48499E+00  6.76354E-05  1.48513E+00 
5.83999E+01 1.47999E+00  6.60271E-05  1.48015E+00 
5.84999E+01 1.47499E+00  6.44205E-05  1.47516E+00 
5.85999E+01 1.46999E+00  6.28658E-05  1.47015E+00 
5.86999E+01 1.46499E+00  6.13881E-05  1.46511E+00 
5.87999E+01 1.45999E+00  5.99969E-05  1.46013E+00 
5.88999E+01 1.45499E+00  5.86477E-05  1.45513E+00 
5.89999E+01 1.44999E+00  5.72829E-05  1.45012E+00 
5.90999E+01 1.44499E+00  5.59267E-05  1.44510E+00 
5.91999E+01 1.43999E+00  5.46509E-05  1.44010E+00 
5.92999E+01 1.43499E+00  5.34366E-05  1.43508E+00 
5.93999E+01 1.42999E+00  5.22505E-05  1.43008E+00 
5.94999E+01 1.42499E+00  5.11113E-05  1.42509E+00 
5.95999E+01 1.41999E+00  4.99897E-05  1.42008E+00 
5.96999E+01 1.41499E+00  4.88821E-05  1.41506E+00 
5.97999E+01 1.40999E+00  4.78551E-05  1.41005E+00 
5.98999E+01 1.40499E+00  4.68707E-05  1.40505E+00 
5.99998E+01 1.39999E+00  4.59235E-05  1.40006E+00 
6.00998E+01 1.39499E+00  4.50342E-05  1.39504E+00 
6.01998E+01 1.38999E+00  4.41437E-05  1.39002E+00 
6.02998E+01 1.38499E+00  4.32604E-05  1.38505E+00 
6.03998E+01 1.37999E+00  4.23952E-05  1.38001E+00 
6.04998E+01 1.37499E+00  4.15794E-05  1.37503E+00 
6.05998E+01 1.36999E+00  4.08173E-05  1.37002E+00 
6.06998E+01 1.36499E+00  4.00552E-05  1.36500E+00 
6.07998E+01 1.35999E+00  3.93194E-05  1.36003E+00 
6.08998E+01 1.35499E+00  3.82103E-05  1.35506E+00 
6.09998E+01 1.34999E+00  3.75185E-05  1.35003E+00 
6.10998E+01 1.34499E+00  3.68590E-05  1.34506E+00 
6.11998E+01 1.33999E+00  3.62270E-05  1.34003E+00 
6.12998E+01 1.33499E+00  3.56273E-05  1.33504E+00 
6.13998E+01 1.32999E+00  3.50122E-05  1.33004E+00 
6.14998E+01 1.32499E+00  3.44085E-05  1.32502E+00 
6.15998E+01 1.31999E+00  3.38310E-05  1.32004E+00 
6.16998E+01 1.31499E+00  3.32928E-05  1.31503E+00 
6.17998E+01 1.30999E+00  3.27526E-05  1.31000E+00 
6.18998E+01 1.30499E+00  3.22210E-05  1.30500E+00 
6.19998E+01 1.29999E+00  3.17079E-05  1.30002E+00 
6.20998E+01 1.29499E+00  3.11991E-05  1.29503E+00 
6.21998E+01 1.28999E+00  3.07221E-05  1.29002E+00 
6.22998E+01 1.28499E+00  3.02819E-05  1.28501E+00 
6.23998E+01 1.27999E+00  2.98272E-05  1.28002E+00 
6.24998E+01 1.27499E+00  2.93714E-05  1.27501E+00 
6.25998E+01 1.26999E+00  2.89345E-05  1.27001E+00 
6.26998E+01 1.26499E+00  2.84869E-05  1.26498E+00 
6.27998E+01 1.25999E+00  2.80844E-05  1.25997E+00 
6.28998E+01 1.25499E+00  2.76785E-05  1.25497E+00 
6.29998E+01 1.24999E+00  2.72624E-05  1.25002E+00 
6.30998E+01 1.24499E+00  2.68733E-05  1.24498E+00 
6.31998E+01 1.23999E+00  2.64955E-05  1.23997E+00 
6.32998E+01 1.23499E+00  2.61346E-05  1.23499E+00 
6.33998E+01 1.22999E+00  2.57715E-05  1.22998E+00 
6.34998E+01 1.22499E+00  2.54081E-05  1.22498E+00 
6.35998E+01 1.21999E+00  2.50528E-05  1.21996E+00 
6.36998E+01 1.21499E+00  2.47094E-05  1.21498E+00 
6.37998E+01 1.20999E+00  2.43919E-05  1.20998E+00 
6.38998E+01 1.20499E+00  2.40600E-05  1.20498E+00 
6.39998E+01 1.19999E+00  2.37176E-05  1.19996E+00 
6.40998E+01 1.19500E+00  2.34005E-05  1.19497E+00 
6.41998E+01 1.19000E+00  2.30889E-05  1.18999E+00 
6.42998E+01 1.18500E+00  2.27765E-05  1.18496E+00 
6.43998E+01 1.18000E+00  2.24735E-05  1.17991E+00 
6.44998E+01 1.17500E+00  2.21762E-05  1.17494E+00 
6.45998E+01 1.17000E+00  2.18834E-05  1.16994E+00 
6.46998E+01 1.16500E+00  2.15927E-05  1.16493E+00 
6.47998E+01 1.16000E+00  2.13109E-05  1.15993E+00 
6.48998E+01 1.15500E+00  2.10270E-05  1.15495E+00 
6.49998E+01 1.15000E+00  2.07510E-05  1.14994E+00 
6.50998E+01 1.14500E+00  2.04798E-05  1.14493E+00 
6.51998E+01 1.14000E+00  2.02141E-05  1.13994E+00 
6.52998E+01 1.13500E+00  1.99531E-05  1.13492E+00 
6.53998E+01 1.13000E+00  1.96936E-05  1.12994E+00 
6.54998E+01 1.12500E+00  1.94372E-05  1.12492E+00 
6.55998E+01 1.12000E+00  1.91878E-05  1.11994E+00 
6.56998E+01 1.11500E+00  1.89384E-05  1.11491E+00 
6.57998E+01 1.11000E+00  1.86943E-05  1.10990E+00 
6.58998E+01 1.10500E+00  1.84442E-05  1.10490E+00 
6.59998E+01 1.10000E+00  1.82019E-05  1.09988E+00 
6.60998E+01 1.09500E+00  1.79631E-05  1.09487E+00 
6.61998E+01 1.09000E+00  1.77308E-05  1.08986E+00 
6.62998E+01 1.08500E+00  1.74997E-05  1.08485E+00 
6.63998E+01 1.08000E+00  1.72798E-05  1.07985E+00 
6.64998E+01 1.07500E+00  1.70549E-05  1.07485E+00 
6.65998E+01 1.07000E+00  1.68293E-05  1.06986E+00 
6.66998E+01 1.06500E+00  1.65993E-05  1.06484E+00 
6.67998E+01 1.06000E+00  1.63755E-05  1.05986E+00 
6.68998E+01 1.05500E+00  1.61571E-05  1.05487E+00 
6.69998E+01 1.05000E+00  1.59404E-05  1.04985E+00 
6.70998E+01 1.04500E+00  1.57267E-05  1.04484E+00 
6.71998E+01 1.04000E+00  1.55144E-05  1.03985E+00 
6.72998E+01 1.03500E+00  1.52949E-05  1.03485E+00 
6.73998E+01 1.03000E+00  1.50871E-05  1.02985E+00 
6.74998E+01 1.02500E+00  1.48912E-05  1.02484E+00 
6.75998E+01 1.02000E+00  1.47036E-05  1.01984E+00 
6.76998E+01 1.01500E+00  1.44908E-05  1.01484E+00 
6.77998E+01 1.01000E+00  1.42773E-05  1.00984E+00 
6.78998E+01 1.00500E+00  1.40647E-05  1.00484E+00 
6.79998E+01 9.99995E-01  1.38590E-05  9.99825E-01 
6.80998E+01 9.94996E-01  1.36602E-05  9.94832E-01 
6.81998E+01 9.89996E-01  1.34380E-05  9.89843E-01 
6.82998E+01 9.84996E-01  1.32340E-05  9.84825E-01 
6.83998E+01 9.79996E-01  1.30500E-05  9.79805E-01 
6.84998E+01 9.74996E-01  1.28914E-05  9.74809E-01 
6.85998E+01 9.69996E-01  1.27242E-05  9.69847E-01 
6.86998E+01 9.64996E-01  1.25063E-05  9.64817E-01 
6.87998E+01 9.59996E-01  1.23124E-05  9.59825E-01 
6.88998E+01 9.54996E-01  1.21114E-05  9.54812E-01 
6.89998E+01 9.49996E-01  1.19272E-05  9.49811E-01 
6.90998E+01 9.44996E-01  1.17284E-05  9.44810E-01 
6.91998E+01 9.39996E-01  1.14969E-05  9.39801E-01 
6.92998E+01 9.34996E-01  1.13201E-05  9.34809E-01 
6.93998E+01 9.29996E-01  1.11917E-05  9.29777E-01 
6.94998E+01 9.24996E-01  1.10770E-05  9.24800E-01 
6.95998E+01 9.19996E-01  1.10339E-05  9.19798E-01 
6.96998E+01 9.14996E-01  1.10899E-05  9.14784E-01 
6.97998E+01 9.09996E-01  1.07953E-05  9.09764E-01 
6.98998E+01 9.04996E-01  1.04401E-05  9.04781E-01 
6.99998E+01 8.99996E-01  1.00387E-05  8.99806E-01 
7.00998E+01 8.94996E-01  9.75820E-06  8.94777E-01 
7.01998E+01 8.89996E-01  9.52511E-06  8.89783E-01 
7.02998E+01 8.84996E-01  9.31253E-06  8.84761E-01 
7.03998E+01 8.79996E-01  8.99184E-06  8.79762E-01 
7.04998E+01 8.74996E-01  8.71713E-06  8.74783E-01 
7.05998E+01 8.69996E-01  8.59178E-06  8.69772E-01 
7.06998E+01 8.64996E-01  8.42940E-06  8.64762E-01 
7.07998E+01 8.59996E-01  8.27701E-06  8.59766E-01 
7.08998E+01 8.54996E-01  8.24489E-06  8.54764E-01 
7.09998E+01 8.49996E-01  8.07353E-06  8.49754E-01 
7.10998E+01 8.44996E-01  7.76733E-06  8.44754E-01 
7.11998E+01 8.39996E-01  7.59682E-06  8.39735E-01 
7.12998E+01 8.34996E-01  7.37273E-06  8.34763E-01 
7.13998E+01 8.29996E-01  7.14476E-06  8.29744E-01 
7.14998E+01 8.24996E-01  6.98170E-06  8.24733E-01 
7.15998E+01 8.19996E-01  6.79999E-06  8.19745E-01 
7.16998E+01 8.14996E-01  6.60154E-06  8.14751E-01 
7.17998E+01 8.09996E-01  6.41079E-06  8.09728E-01 
7.18998E+01 8.04996E-01  6.22551E-06  8.04726E-01 
7.19998E+01 7.99996E-01  5.99774E-06  7.99743E-01 
7.20998E+01 7.94996E-01  5.78564E-06  7.94725E-01 
7.21998E+01 7.89996E-01  5.60443E-06  7.89711E-01 
7.22998E+01 7.84996E-01  5.42045E-06  7.84692E-01 
7.23998E+01 7.79996E-01  5.24000E-06  7.79682E-01 
7.24998E+01 7.74996E-01  5.03762E-06  7.74674E-01 
7.25998E+01 7.69996E-01  4.83804E-06  7.69653E-01 
7.26998E+01 7.64996E-01  4.63879E-06  7.64660E-01 
7.27998E+01 7.59996E-01  4.44134E-06  7.59677E-01 
7.28998E+01 7.54996E-01  4.24189E-06  7.54649E-01 
7.29998E+01 7.49996E-01  4.04274E-06  7.49662E-01 
7.30998E+01 7.44996E-01  3.84501E-06  7.44662E-01 
7.31998E+01 7.39996E-01  3.64496E-06  7.39671E-01 
7.32998E+01 7.34996E-01  3.44253E-06  7.34672E-01 
7.33998E+01 7.29996E-01  3.20875E-06  7.29635E-01 
7.34998E+01 7.24996E-01  3.01131E-06  7.24614E-01 
7.35998E+01 7.19996E-01  2.81065E-06  7.19618E-01 
7.36998E+01 7.14996E-01  2.61165E-06  7.14643E-01 
7.37998E+01 7.09996E-01  2.41032E-06  7.09624E-01 
7.38998E+01 7.04996E-01  2.21215E-06  7.04632E-01 
7.39998E+01 6.99996E-01  2.00533E-06  6.99641E-01 
7.40998E+01 6.94996E-01  1.80632E-06  6.94626E-01 
7.41998E+01 6.89996E-01  1.59769E-06  6.89614E-01 
7.42998E+01 6.84996E-01  1.38825E-06  6.84624E-01 
7.43998E+01 6.79996E-01  1.18205E-06  6.79659E-01 
7.44998E+01 6.74996E-01  9.70242E-07  6.74663E-01 
7.45998E+01 6.69996E-01  7.51234E-07  6.69662E-01 
7.46998E+01 6.64996E-01  5.29610E-07  6.64631E-01 
7.47998E+01 6.59996E-01  3.05912E-07  6.59673E-01 
7.48998E+01 6.54996E-01  7.86098E-08  6.54666E-01 
7.49998E+01 6.49996E-01  -1.48278E-07 6.49638E-01 
7.50998E+01 6.44996E-01  -3.74871E-07 6.44636E-01 
7.51998E+01 6.39996E-01  -6.03415E-07 6.39667E-01 
7.52998E+01 6.34996E-01  -8.41457E-07 6.34617E-01 
7.53998E+01 6.29996E-01  -1.06940E-06 6.29633E-01 
7.54998E+01 6.24996E-01  -1.30401E-06 6.24589E-01 
7.55998E+01 6.19996E-01  -1.54267E-06 6.19617E-01 
7.56998E+01 6.14996E-01  -1.78398E-06 6.14639E-01 
7.57998E+01 6.09996E-01  -2.03649E-06 6.09599E-01 
7.58998E+01 6.04996E-01  -2.28579E-06 6.04606E-01 
7.59998E+01 5.99996E-01  -2.54025E-06 5.99602E-01 
7.60998E+01 5.94997E-01  -2.80265E-06 5.94607E-01 
7.61998E+01 5.89997E-01  -3.06880E-06 5.89571E-01 
7.62998E+01 5.84997E-01  -3.33589E-06 5.84587E-01 
7.63998E+01 5.79997E-01  -3.61047E-06 5.79606E-01 
7.64998E+01 5.74997E-01  -3.89102E-06 5.74588E-01 
7.65998E+01 5.69997E-01  -4.17551E-06 5.69601E-01 
7.66998E+01 5.64997E-01  -4.46882E-06 5.64593E-01 
7.67998E+01 5.59997E-01  -4.76524E-06 5.59578E-01 
7.68998E+01 5.54997E-01  -5.06342E-06 5.54601E-01 
7.69998E+01 5.49997E-01  -5.37290E-06 5.49584E-01 
7.70998E+01 5.44997E-01  -5.68128E-06 5.44571E-01 
7.71998E+01 5.39997E-01  -6.00116E-06 5.39571E-01 
7.72998E+01 5.34997E-01  -6.32076E-06 5.34573E-01 
7.73998E+01 5.29997E-01  -6.65023E-06 5.29543E-01 
7.74998E+01 5.24997E-01  -6.97744E-06 5.24560E-01 
7.75998E+01 5.19997E-01  -7.31149E-06 5.19530E-01 
7.76998E+01 5.14997E-01  -7.65051E-06 5.14563E-01 
7.77998E+01 5.09997E-01  -7.99362E-06 5.09558E-01 
7.78998E+01 5.04997E-01  -8.34717E-06 5.04537E-01 
7.79998E+01 4.99997E-01  -8.69892E-06 4.99559E-01 
7.80998E+01 4.94997E-01  -9.06321E-06 4.94543E-01 
7.81998E+01 4.89997E-01  -9.43289E-06 4.89535E-01 
7.82998E+01 4.84997E-01  -9.80745E-06 4.84525E-01 
7.83998E+01 4.79997E-01  -1.01862E-05 4.79505E-01 
7.84998E+01 4.74997E-01  -1.05728E-05 4.74511E-01 
7.85998E+01 4.69997E-01  -1.09679E-05 4.69514E-01 
7.86998E+01 4.64997E-01  -1.13727E-05 4.64522E-01 
7.87998E+01 4.59997E-01  -1.17786E-05 4.59508E-01 
7.88998E+01 4.54997E-01  -1.21924E-05 4.54484E-01 
7.89998E+01 4.49997E-01  -1.26113E-05 4.49503E-01 
7.90998E+01 4.44997E-01  -1.30396E-05 4.44502E-01 
7.91998E+01 4.39997E-01  -1.34758E-05 4.39499E-01 
7.92998E+01 4.34997E-01  -1.39187E-05 4.34497E-01 
7.93998E+01 4.29997E-01  -1.43746E-05 4.29465E-01 
7.94998E+01 4.24997E-01  -1.48297E-05 4.24510E-01 
7.95998E+01 4.19997E-01  -1.52949E-05 4.19480E-01 
7.96998E+01 4.14997E-01  -1.57666E-05 4.14500E-01 
7.97998E+01 4.09997E-01  -1.62490E-05 4.09452E-01 
7.98998E+01 4.04997E-01  -1.67366E-05 4.04505E-01 
7.99998E+01 3.99997E-01  -1.72283E-05 3.99464E-01 
8.00998E+01 3.94997E-01  -1.77298E-05 3.94474E-01 
8.01998E+01 3.89997E-01  -1.82399E-05 3.89478E-01 
8.02998E+01 3.84997E-01  -1.87551E-05 3.84463E-01 
8.03998E+01 3.79997E-01  -1.92793E-05 3.79476E-01 
8.04998E+01 3.74997E-01  -1.98114E-05 3.74478E-01 
8.05998E+01 3.69997E-01  -2.03493E-05 3.69467E-01 
8.06998E+01 3.64997E-01  -2.08955E-05 3.64453E-01 
8.07998E+01 3.59997E-01  -2.14553E-05 3.59475E-01 
8.08998E+01 3.54997E-01  -2.19955E-05 3.54494E-01 
8.09998E+01 3.49997E-01  -2.25758E-05 3.49465E-01 
8.10998E+01 3.44997E-01  -2.31578E-05 3.44443E-01 
8.11998E+01 3.39997E-01  -2.37420E-05 3.39434E-01 
8.12998E+01 3.34997E-01  -2.43396E-05 3.34451E-01 
8.13998E+01 3.29997E-01  -2.49430E-05 3.29446E-01 
8.14998E+01 3.24997E-01  -2.55569E-05 3.24427E-01 
8.15998E+01 3.19997E-01  -2.61765E-05 3.19454E-01 
8.16998E+01 3.14997E-01  -2.68076E-05 3.14425E-01 
8.17998E+01 3.09997E-01  -2.74488E-05 3.09434E-01 
8.18998E+01 3.04997E-01  -2.80932E-05 3.04436E-01 
8.19998E+01 2.99997E-01  -2.87441E-05 2.99428E-01 
8.20998E+01 2.94997E-01  -2.94027E-05 2.94423E-01 
8.21998E+01 2.89997E-01  -3.00625E-05 2.89411E-01 
8.22998E+01 2.84997E-01  -3.07272E-05 2.84440E-01 
8.23998E+01 2.79997E-01  -3.13978E-05 2.79410E-01 
8.24998E+01 2.74997E-01  -3.20685E-05 2.74379E-01 
8.25998E+01 2.69997E-01  -3.27456E-05 2.69363E-01 
8.26998E+01 2.64997E-01  -3.34349E-05 2.64365E-01 
8.27998E+01 2.59997E-01  -3.41117E-05 2.59376E-01 
8.28998E+01 2.54997E-01  -3.46686E-05 2.54381E-01 
8.29998E+01 2.49997E-01  -3.51664E-05 2.49380E-01 
8.30998E+01 2.44997E-01  -3.58975E-05 2.44360E-01 
8.31998E+01 2.39997E-01  -3.65658E-05 2.39393E-01 
8.32998E+01 2.34997E-01  -3.72237E-05 2.34371E-01 
8.33998E+01 2.29997E-01  -3.79821E-05 2.29358E-01 
8.34998E+01 2.24997E-01  -3.86982E-05 2.24376E-01 
8.35998E+01 2.19997E-01  -3.94270E-05 2.19385E-01 
8.36998E+01 2.14997E-01  -4.01735E-05 2.14362E-01 
8.37998E+01 2.09997E-01  -4.09873E-05 2.09371E-01 
8.38998E+01 2.04997E-01  -4.18176E-05 2.04376E-01 
8.39998E+01 1.99997E-01  -4.26044E-05 1.99370E-01 
8.40998E+01 1.94998E-01  -4.33066E-05 1.94368E-01 
8.41998E+01 1.89998E-01  -4.40690E-05 1.89337E-01 
8.42998E+01 1.84998E-01  -4.47965E-05 1.84356E-01 
8.43998E+01 1.79998E-01  -4.55231E-05 1.79353E-01 
8.44998E+01 1.74998E-01  -4.62161E-05 1.74332E-01 
8.45998E+01 1.69998E-01  -4.69018E-05 1.69358E-01 
8.46998E+01 1.64998E-01  -4.75960E-05 1.64331E-01 
8.47998E+01 1.59998E-01  -4.83178E-05 1.59366E-01 
8.48998E+01 1.54998E-01  -4.90673E-05 1.54330E-01 
8.49998E+01 1.49998E-01  -4.99246E-05 1.49304E-01 
8.50998E+01 1.44998E-01  -5.08160E-05 1.44307E-01 
8.51998E+01 1.39998E-01  -5.17265E-05 1.39333E-01 
8.52998E+01 1.34998E-01  -5.24510E-05 1.34304E-01 
8.53998E+01 1.29998E-01  -5.31187E-05 1.29308E-01 
8.54998E+01 1.24998E-01  -5.36611E-05 1.24316E-01 
8.55998E+01 1.19998E-01  -5.42923E-05 1.19301E-01 
8.56998E+01 1.14998E-01  -5.49711E-05 1.14302E-01 
8.57998E+01 1.09998E-01  -5.56601E-05 1.09284E-01 
8.58998E+01 1.04998E-01  -5.63360E-05 1.04309E-01 
8.59998E+01 9.99977E-02  -5.70569E-05 9.92921E-02 
8.60998E+01 9.49978E-02  -5.78023E-05 9.43031E-02 
8.61998E+01 8.99978E-02  -5.85806E-05 8.92753E-02 
8.62998E+01 8.49978E-02  -5.93791E-05 8.42862E-02 
8.63998E+01 7.99978E-02  -6.00994E-05 7.92997E-02 
8.64998E+01 7.49978E-02  -6.07636E-05 7.42869E-02 
8.65998E+01 6.99978E-02  -6.16245E-05 6.92516E-02 
8.66998E+01 6.49978E-02  -6.24770E-05 6.43000E-02 
8.67998E+01 5.99978E-02  -6.33329E-05 5.92735E-02 
8.68998E+01 5.49979E-02  -6.41224E-05 5.42676E-02 
8.69998E+01 4.99979E-02  -6.49227E-05 4.92492E-02 
8.70998E+01 4.49979E-02  -6.57632E-05 4.42976E-02 
8.71998E+01 3.99979E-02  -6.66458E-05 3.92542E-02 
8.72998E+01 3.49979E-02  -6.74921E-05 3.42601E-02 
8.73998E+01 2.99979E-02  -6.82354E-05 2.92380E-02 
8.74998E+01 2.49979E-02  -6.90069E-05 2.42802E-02 
8.75998E+01 1.99979E-02  -6.98991E-05 1.92693E-02 
8.76998E+01 1.49980E-02  -7.08154E-05 1.42509E-02 
8.77998E+01 9.99797E-03  -7.17303E-05 9.25556E-03 
8.78998E+01 4.99799E-03  -7.25983E-05 4.22965E-03 
8.79998E+01 -2.00000E-06 -7.35592E-05 -7.43171E-04
8.80998E+01 -5.00199E-03 -7.44175E-05 -5.75156E-03
8.81998E+01 -1.00020E-02 -7.52106E-05 -1.07675E-02
8.82998E+01 -1.50020E-02 -7.61368E-05 -1.57659E-02
8.83998E+01 -2.00020E-02 -7.72111E-05 -2.07893E-02
8.84998E+01 -2.50019E-02 -7.82634E-05 -2.57652E-02
8.85998E+01 -3.00019E-02 -7.92765E-05 -3.07780E-02
8.86998E+01 -3.50019E-02 -8.02691E-05 -3.57764E-02
8.87998E+01 -4.00019E-02 -8.12849E-05 -4.08054E-02
8.88998E+01 -4.50019E-02 -8.23326E-05 -4.57639E-02
8.89998E+01 -5.00019E-02 -8.35237E-05 -5.07736E-02
8.90998E+01 -5.50019E-02 -8.46731E-05 -5.57932E-02
8.91998E+01 -6.00019E-02 -8.55774E-05 -6.08154E-02
8.92998E+01 -6.50018E-02 -8.66919E-05 -6.58113E-02
8.93998E+01 -7.00018E-02 -8.79371E-05 -7.08097E-02
8.94998E+01 -7.50018E-02 -8.92187E-05 -7.58057E-02
8.95998E+01 -8.00018E-02 -9.04548E-05 -8.07885E-02
8.96998E+01 -8.50018E-02 -9.16773E-05 -8.58100E-02
8.97998E+01 -9.00018E-02 -9.29548E-05 -9.08159E-02
8.98998E+01 -9.50018E-02 -9.43064E-05 -9.57943E-02
8.99998E+01 -1.00002E-01 -9.57537E-05 -1.00815E-01
9.00998E+01 -1.05002E-01 -9.70827E-05 -1.05824E-01
9.01998E+01 -1.10002E-01 -9.85123E-05 -1.10826E-01
9.02998E+01 -1.15002E-01 -1.00061E-04 -1.15817E-01
9.03998E+01 -1.20002E-01 -1.01678E-04 -1.20835E-01
9.04998E+01 -1.25002E-01 -1.03329E-04 -1.25817E-01
9.05998E+01 -1.30002E-01 -1.04997E-04 -1.30797E-01
9.06998E+01 -1.35002E-01 -1.06737E-04 -1.35850E-01
9.07998E+01 -1.40002E-01 -1.08643E-04 -1.40841E-01
9.08998E+01 -1.45002E-01 -1.10645E-04 -1.45848E-01
9.09998E+01 -1.50002E-01 -1.12726E-04 -1.50834E-01
9.10998E+01 -1.55002E-01 -1.14946E-04 -1.55827E-01
9.11998E+01 -1.60002E-01 -1.17460E-04 -1.60854E-01
9.12998E+01 -1.65002E-01 -1.20213E-04 -1.65837E-01
9.13998E+01 -1.70002E-01 -1.23226E-04 -1.70867E-01
9.14998E+01 -1.75002E-01 -1.26436E-04 -1.75868E-01
9.15998E+01 -1.80002E-01 -1.29877E-04 -1.80861E-01
9.16998E+01 -1.85002E-01 -1.33584E-04 -1.85869E-01
9.17998E+01 -1.90002E-01 -1.37550E-04 -1.90846E-01
9.18998E+01 -1.95002E-01 -1.41601E-04 -1.95900E-01
9.19998E+01 -2.00002E-01 -1.45821E-04 -2.00889E-01
9.20998E+01 -2.05001E-01 -1.50220E-04 -2.05894E-01
9.21998E+01 -2.10001E-01 -1.54753E-04 -2.10861E-01
9.22998E+01 -2.15001E-01 -1.59373E-04 -2.15893E-01
9.23998E+01 -2.20001E-01 -1.64060E-04 -2.20879E-01
9.24998E+01 -2.25001E-01 -1.68754E-04 -2.25888E-01
9.25998E+01 -2.30001E-01 -1.73499E-04 -2.30867E-01
9.26998E+01 -2.35001E-01 -1.78295E-04 -2.35902E-01
9.27998E+01 -2.40001E-01 -1.83076E-04 -2.40901E-01
9.28998E+01 -2.45001E-01 -1.87845E-04 -2.45894E-01
9.29998E+01 -2.50001E-01 -1.92559E-04 -2.50868E-01
9.30998E+01 -2.55001E-01 -1.97248E-04 -2.55902E-01
9.31998E+01 -2.60001E-01 -2.01913E-04 -2.60903E-01
9.32998E+01 -2.65001E-01 -2.06507E-04 -2.65911E-01
9.33998E+01 -2.70001E-01 -2.11003E-04 -2.70896E-01
9.34998E+01 -2.75001E-01 -2.15046E-04 -2.75914E-01
9.35998E+01 -2.80001E-01 -2.19364E-04 -2.80934E-01
9.36998E+01 -2.85001E-01 -2.23552E-04 -2.85920E-01
9.37998E+01 -2.90001E-01 -2.27575E-04 -2.90919E-01
9.38998E+01 -2.95001E-01 -2.31455E-04 -2.95947E-01
9.39998E+01 -3.00001E-01 -2.35109E-04 -3.00944E-01
9.40998E+01 -3.05001E-01 -2.38569E-04 -3.05946E-01
9.41998E+01 -3.10001E-01 -2.41758E-04 -3.10953E-01
9.42998E+01 -3.15001E-01 -2.44681E-04 -3.15947E-01
9.43998E+01 -3.20001E-01 -2.47226E-04 -3.20952E-01
9.44998E+01 -3.25001E-01 -2.49332E-04 -3.25978E-01
9.45998E+01 -3.30001E-01 -2.50815E-04 -3.30961E-01
9.46998E+01 -3.35001E-01 -2.51413E-04 -3.35937E-01
9.47998E+01 -3.40001E-01 -2.50617E-04 -3.40953E-01
9.48998E+01 -3.45001E-01 -2.47577E-04 -3.45983E-01
9.49998E+01 -3.50001E-01 -2.41021E-04 -3.50974E-01
9.50998E+01 -3.55001E-01 -2.29282E-04 -3.55996E-01
9.51998E+01 -3.60001E-01 -2.09755E-04 -3.60987E-01
9.52998E+01 -3.65001E-01 -1.80917E-04 -3.65979E-01
9.53998E+01 -3.70001E-01 -1.50936E-04 -3.70989E-01
9.54998E+01 -3.75001E-01 -1.28779E-04 -3.75981E-01
9.55998E+01 -3.80001E-01 -1.13893E-04 -3.80984E-01
9.56998E+01 -3.85001E-01 -1.03242E-04 -3.85994E-01
9.57998E+01 -3.90001E-01 -9.51181E-05 -3.90977E-01
9.58998E+01 -3.95001E-01 -8.87087E-05 -3.95994E-01
9.59998E+01 -4.00001E-01 -8.34446E-05 -4.00997E-01
9.60998E+01 -4.05001E-01 -7.90558E-05 -4.05978E-01
9.61998E+01 -4.10001E-01 -7.54073E-05 -4.10995E-01
9.62998E+01 -4.15001E-01 -7.24519E-05 -4.15999E-01
9.63998E+01 -4.20001E-01 -6.96687E-05 -4.20988E-01
9.64998E+01 -4.25001E-01 -6.72960E-05 -4.25999E-01
9.65998E+01 -4.30001E-01 -6.52059E-05 -4.30988E-01
9.66998E+01 -4.35001E-01 -6.33692E-05 -4.36034E-01
9.67998E+01 -4.40001E-01 -6.17471E-05 -4.41016E-01
9.68998E+01 -4.45001E-01 -6.03364E-05 -4.45990E-01
9.69998E+01 -4.50001E-01 -5.90703E-05 -4.51001E-01
9.70998E+01 -4.55001E-01 -5.78358E-05 -4.56006E-01
9.71998E+01 -4.60001E-01 -5.67221E-05 -4.60996E-01
9.72998E+01 -4.65001E-01 -5.56892E-05 -4.66018E-01
9.73998E+01 -4.70001E-01 -5.47495E-05 -4.71017E-01
9.74998E+01 -4.75001E-01 -5.38837E-05 -4.76027E-01
9.75998E+01 -4.80001E-01 -5.30927E-05 -4.81040E-01
9.76998E+01 -4.85001E-01 -5.23441E-05 -4.86033E-01
9.77998E+01 -4.90001E-01 -5.16632E-05 -4.91046E-01
9.78998E+01 -4.95001E-01 -5.09793E-05 -4.96051E-01
9.79998E+01 -5.00001E-01 -5.03492E-05 -5.01031E-01
9.80998E+01 -5.05001E-01 -4.97792E-05 -5.06050E-01
9.81998E+01 -5.10001E-01 -4.92423E-05 -5.11059E-01
9.82998E+01 -5.15001E-01 -4.88680E-05 -5.16063E-01
9.83998E+01 -5.20001E-01 -4.84172E-05 -5.21027E-01
9.84998E+01 -5.25001E-01 -4.78960E-05 -5.26048E-01
9.85998E+01 -5.30001E-01 -4.74615E-05 -5.31042E-01
9.86998E+01 -5.35001E-01 -4.71187E-05 -5.36060E-01
9.87998E+01 -5.40001E-01 -4.67971E-05 -5.41065E-01
9.88998E+01 -5.45001E-01 -4.64903E-05 -5.46047E-01
9.89998E+01 -5.50001E-01 -4.65858E-05 -5.51078E-01
9.90998E+01 -5.55001E-01 -4.59846E-05 -5.56084E-01
9.91998E+01 -5.60001E-01 -4.57200E-05 -5.61083E-01
9.92998E+01 -5.65001E-01 -4.55084E-05 -5.66081E-01
9.93998E+01 -5.70001E-01 -4.53474E-05 -5.71090E-01
9.94998E+01 -5.75001E-01 -4.52105E-05 -5.76144E-01
9.95998E+01 -5.80001E-01 -4.50913E-05 -5.81115E-01
9.96998E+01 -5.85001E-01 -4.49829E-05 -5.86111E-01
9.97998E+01 -5.90001E-01 -4.48882E-05 -5.91083E-01
9.98998E+01 -5.95001E-01 -4.48102E-05 -5.96104E-01
9.99997E+01 -6.00001E-01 -4.47608E-05 -6.01105E-01
1.00100E+02 -6.05000E-01 -4.47253E-05 -6.06119E-01
1.00200E+02 -6.10000E-01 -4.47076E-05 -6.11111E-01
1.00300E+02 -6.15000E-01 -4.47178E-05 -6.16121E-01
1.00400E+02 -6.20000E-01 -4.47483E-05 -6.21106E-01
1.00500E+02 -6.25000E-01 -4.47603E-05 -6.26131E-01
1.00600E+02 -6.30000E-01 -4.47548E-05 -6.31106E-01
1.00700E+02 -6.35000E-01 -4.47840E-05 -6.36159E-01
1.00800E+02 -6.40000E-01 -4.47988E-05 -6.41133E-01
1.00900E+02 -6.45000E-01 -4.48290E-05 -6.46131E-01
1.01000E+02 -6.50000E-01 -4.48532E-05 -6.51142E-01
1.01100E+02 -6.55000E-01 -4.49035E-05 -6.56155E-01
1.01200E+02 -6.60000E-01 -4.49347E-05 -6.61154E-01
1.01300E+02 -6.65000E-01 -4.49752E-05 -6.66141E-01
1.01400E+02 -6.70000E-01 -4.50076E-05 -6.71161E-01
1.01500E+02 -6.75000E-01 -4.50419E-05 -6.76166E-01
1.01600E+02 -6.80000E-01 -4.50671E-05 -6.81170E-01
1.01700E+02 -6.85000E-01 -4.50976E-05 -6.86167E-01
1.01800E+02 -6.90000E-01 -4.51268E-05 -6.91175E-01
1.01900E+02 -6.95000E-01 -4.51488E-05 -6.96148E-01
1.02000E+02 -7.00000E-01 -4.51513E-05 -7.01197E-01
1.02100E+02 -7.05000E-01 -4.51575E-05 -7.06159E-01
1.02200E+02 -7.10000E-01 -4.51501E-05 -7.11159E-01
1.02300E+02 -7.15000E-01 -4.51556E-05 -7.16172E-01
1.02400E+02 -7.20000E-01 -4.51346E-05 -7.21166E-01
1.02500E+02 -7.25000E-01 -4.51178E-05 -7.26168E-01
1.02600E+02 -7.30000E-01 -4.50986E-05 -7.31152E-01
1.02700E+02 -7.35000E-01 -4.50806E-05 -7.36195E-01
1.02800E+02 -7.40000E-01 -4.50666E-05 -7.41194E-01
1.02900E+02 -7.45000E-01 -4.50436E-05 -7.46180E-01
1.03000E+02 -7.50000E-01 -4.50309E-05 -7.51191E-01
1.03100E+02 -7.55000E-01 -4.50186E-05 -7.56191E-01
1.03200E+02 -7.60000E-01 -4.49979E-05 -7.61200E-01
1.03300E+02 -7.65000E-01 -4.49712E-05 -7.66200E-01
1.03400E+02 -7.70000E-01 -4.49447E-05 -7.71156E-01
1.03500E+02 -7.75000E-01 -4.49334E-05 -7.76212E-01
1.03600E+02 -7.80000E-01 -4.49159E-05 -7.81214E-01
1.03700E+02 -7.85000E-01 -4.49062E-05 -7.86200E-01
1.03800E+02 -7.90000E-01 -4.49054E-05 -7.91197E-01
1.03900E+02 -7.95000E-01 -4.49039E-05 -7.96210E-01
