time/s      E/V        I/A
0.00000E+00 -8.00000E-01 -3.69540E-05 -8.01171E-01
9.99997E-02 -7.95000E-01 -3.58924E-05 -7.96147E-01
1.99999E-01 -7.90000E-01 -3.50156E-05 -7.91129E-01
2.99999E-01 -7.85000E-01 -3.42221E-05 -7.86170E-01
3.99999E-01 -7.80000E-01 -3.35321E-05 -7.81140E-01
4.99999E-01 -7.75000E-01 -3.28968E-05 -7.76139E-01
5.99998E-01 -7.70000E-01 -3.22949E-05 -7.71123E-01
6.99998E-01 -7.65000E-01 -3.17031E-05 -7.66126E-01
7.99998E-01 -7.60000E-01 -3.11286E-05 -7.61132E-01
8.99998E-01 -7.55000E-01 -3.05991E-05 -7.56146E-01
9.99997E-01 -7.50000E-01 -3.01013E-05 -7.51125E-01
1.10000E+00 -7.45000E-01 -2.96154E-05 -7.46149E-01
1.20000E+00 -7.40000E-01 -2.91460E-05 -7.41142E-01
1.30000E+00 -7.35000E-01 -2.86783E-05 -7.36136E-01
1.40000E+00 -7.30000E-01 -2.82324E-05 -7.31125E-01
1.50000E+00 -7.25000E-01 -2.78039E-05 -7.26123E-01
1.60000E+00 -7.20000E-01 -2.73900E-05 -7.21162E-01
1.70000E+00 -7.15000E-01 -2.69857E-05 -7.16146E-01
1.80000E+00 -7.10000E-01 -2.65876E-05 -7.11107E-01
1.90000E+00 -7.05000E-01 -2.62075E-05 -7.06127E-01
1.99999E+00 -7.00000E-01 -2.58384E-05 -7.01127E-01
2.09999E+00 -6.95000E-01 -2.54688E-05 -6.96131E-01
2.19999E+00 -6.90000E-01 -2.51133E-05 -6.91115E-01
2.29999E+00 -6.85000E-01 -2.47674E-05 -6.86114E-01
2.39999E+00 -6.80000E-01 -2.44236E-05 -6.81133E-01
2.49999E+00 -6.75000E-01 -2.40907E-05 -6.76138E-01
2.59999E+00 -6.70000E-01 -2.37646E-05 -6.71137E-01
2.69999E+00 -6.65000E-01 -2.34473E-05 -6.66116E-01
2.79999E+00 -6.60000E-01 -2.31339E-05 -6.61101E-01
2.89999E+00 -6.55000E-01 -2.28266E-05 -6.56099E-01
2.99999E+00 -6.50000E-01 -2.25187E-05 -6.51078E-01
3.09999E+00 -6.45000E-01 -2.22216E-05 -6.46073E-01
3.19999E+00 -6.40000E-01 -2.19320E-05 -6.41077E-01
3.29999E+00 -6.35000E-01 -2.16404E-05 -6.36080E-01
3.39999E+00 -6.30000E-01 -2.13573E-05 -6.31066E-01
3.49999E+00 -6.25000E-01 -2.10765E-05 -6.26062E-01
3.59999E+00 -6.20000E-01 -2.08041E-05 -6.21059E-01
3.69999E+00 -6.15000E-01 -2.05319E-05 -6.16042E-01
3.79999E+00 -6.10000E-01 -2.02615E-05 -6.11049E-01
3.89999E+00 -6.05000E-01 -1.99974E-05 -6.06035E-01
3.99999E+00 -6.00001E-01 -1.97405E-05 -6.01047E-01
4.09999E+00 -5.95001E-01 -1.94872E-05 -5.96072E-01
4.19999E+00 -5.90001E-01 -1.92357E-05 -5.91056E-01
4.29999E+00 -5.85001E-01 -1.89865E-05 -5.86024E-01
4.39999E+00 -5.80001E-01 -1.87423E-05 -5.81013E-01
4.49999E+00 -5.75001E-01 -1.85045E-05 -5.76047E-01
4.59999E+00 -5.70001E-01 -1.82671E-05 -5.71043E-01
4.69999E+00 -5.65001E-01 -1.80320E-05 -5.66001E-01
4.79999E+00 -5.60001E-01 -1.78017E-05 -5.61017E-01
4.89999E+00 -5.55001E-01 -1.75741E-05 -5.56031E-01
4.99999E+00 -5.50001E-01 -1.73471E-05 -5.51038E-01
5.09999E+00 -5.45001E-01 -1.71259E-05 -5.46055E-01
5.19999E+00 -5.40001E-01 -1.69040E-05 -5.41018E-01
5.29999E+00 -5.35001E-01 -1.66875E-05 -5.36022E-01
5.39999E+00 -5.30001E-01 -1.64687E-05 -5.31022E-01
5.49999E+00 -5.25001E-01 -1.62571E-05 -5.26003E-01
5.59999E+00 -5.20001E-01 -1.60450E-05 -5.21006E-01
5.69999E+00 -5.15001E-01 -1.58360E-05 -5.16018E-01
5.79999E+00 -5.10001E-01 -1.56257E-05 -5.11024E-01
5.89999E+00 -5.05001E-01 -1.54197E-05 -5.06014E-01
5.99998E+00 -5.00001E-01 -1.52147E-05 -5.01016E-01
6.09998E+00 -4.95001E-01 -1.50120E-05 -4.96020E-01
6.19998E+00 -4.90001E-01 -1.48088E-05 -4.90996E-01
6.29998E+00 -4.85001E-01 -1.46089E-05 -4.86002E-01
6.39998E+00 -4.80001E-01 -1.44120E-05 -4.80977E-01
6.49998E+00 -4.75001E-01 -1.42157E-05 -4.75991E-01
6.59998E+00 -4.70001E-01 -1.40188E-05 -4.70963E-01
6.69998E+00 -4.65001E-01 -1.38241E-05 -4.65960E-01
6.79998E+00 -4.60001E-01 -1.36320E-05 -4.60966E-01
6.89998E+00 -4.55001E-01 -1.34431E-05 -4.55993E-01
6.99998E+00 -4.50001E-01 -1.32535E-05 -4.50973E-01
7.09998E+00 -4.45001E-01 -1.30658E-05 -4.45969E-01
7.19998E+00 -4.40001E-01 -1.28805E-05 -4.40966E-01
7.29998E+00 -4.35001E-01 -1.26984E-05 -4.36003E-01
7.39998E+00 -4.30001E-01 -1.25137E-05 -4.30973E-01
7.49998E+00 -4.25001E-01 -1.23367E-05 -4.25946E-01
7.59998E+00 -4.20001E-01 -1.21577E-05 -4.20966E-01
7.69998E+00 -4.15001E-01 -1.19806E-05 -4.15955E-01
7.79998E+00 -4.10001E-01 -1.18053E-05 -4.10938E-01
7.89998E+00 -4.05001E-01 -1.16342E-05 -4.05940E-01
7.99998E+00 -4.00001E-01 -1.14609E-05 -4.00940E-01
8.09998E+00 -3.95001E-01 -1.12917E-05 -3.95951E-01
8.19998E+00 -3.90001E-01 -1.11256E-05 -3.90940E-01
8.29998E+00 -3.85001E-01 -1.09598E-05 -3.85928E-01
8.39998E+00 -3.80001E-01 -1.07957E-05 -3.80952E-01
8.49998E+00 -3.75001E-01 -1.06320E-05 -3.75923E-01
8.59998E+00 -3.70001E-01 -1.04721E-05 -3.70934E-01
8.69998E+00 -3.65001E-01 -1.03115E-05 -3.65941E-01
8.79998E+00 -3.60001E-01 -1.01546E-05 -3.60935E-01
8.89998E+00 -3.55001E-01 -9.99631E-06 -3.55942E-01
8.99998E+00 -3.50001E-01 -9.84090E-06 -3.50935E-01
9.09998E+00 -3.45001E-01 -9.68758E-06 -3.45902E-01
9.19998E+00 -3.40001E-01 -9.53397E-06 -3.40910E-01
9.29998E+00 -3.35001E-01 -9.38358E-06 -3.35919E-01
9.39998E+00 -3.30001E-01 -9.23304E-06 -3.30917E-01
9.49998E+00 -3.25001E-01 -9.08273E-06 -3.25901E-01
9.59998E+00 -3.20001E-01 -8.93359E-06 -3.20884E-01
9.69998E+00 -3.15001E-01 -8.78848E-06 -3.15870E-01
9.79998E+00 -3.10001E-01 -8.64234E-06 -3.10864E-01
9.89998E+00 -3.05001E-01 -8.49707E-06 -3.05892E-01
9.99997E+00 -3.00001E-01 -8.35198E-06 -3.00886E-01
1.01000E+01 -2.95001E-01 -8.20887E-06 -2.95862E-01
1.02000E+01 -2.90001E-01 -8.06488E-06 -2.90859E-01
1.03000E+01 -2.85001E-01 -7.92189E-06 -2.85868E-01
1.04000E+01 -2.80001E-01 -7.78015E-06 -2.80873E-01
1.05000E+01 -2.75001E-01 -7.64093E-06 -2.75861E-01
1.06000E+01 -2.70001E-01 -7.49804E-06 -2.70861E-01
1.07000E+01 -2.65001E-01 -7.35915E-06 -2.65881E-01
1.08000E+01 -2.60001E-01 -7.22141E-06 -2.60853E-01
1.09000E+01 -2.55001E-01 -7.08107E-06 -2.55850E-01
1.10000E+01 -2.50001E-01 -6.94592E-06 -2.50831E-01
1.11000E+01 -2.45001E-01 -6.80868E-06 -2.45854E-01
1.12000E+01 -2.40001E-01 -6.67252E-06 -2.40848E-01
1.13000E+01 -2.35001E-01 -6.53487E-06 -2.35830E-01
1.14000E+01 -2.30001E-01 -6.40268E-06 -2.30850E-01
1.15000E+01 -2.25001E-01 -6.26791E-06 -2.25855E-01
1.16000E+01 -2.20001E-01 -6.13385E-06 -2.20837E-01
1.17000E+01 -2.15001E-01 -5.99985E-06 -2.15850E-01
1.18000E+01 -2.10001E-01 -5.86766E-06 -2.10803E-01
1.19000E+01 -2.05001E-01 -5.73414E-06 -2.05834E-01
1.20000E+01 -2.00002E-01 -5.60225E-06 -2.00827E-01
1.21000E+01 -1.95002E-01 -5.47028E-06 -1.95837E-01
1.22000E+01 -1.90002E-01 -5.33956E-06 -1.90833E-01
1.23000E+01 -1.85002E-01 -5.20964E-06 -1.85820E-01
1.24000E+01 -1.80002E-01 -5.08170E-06 -1.80835E-01
1.25000E+01 -1.75002E-01 -4.94918E-06 -1.75844E-01
1.26000E+01 -1.70002E-01 -4.82071E-06 -1.70831E-01
1.27000E+01 -1.65002E-01 -4.69065E-06 -1.65833E-01
1.28000E+01 -1.60002E-01 -4.56345E-06 -1.60840E-01
1.29000E+01 -1.55002E-01 -4.43338E-06 -1.55816E-01
1.30000E+01 -1.50002E-01 -4.30589E-06 -1.50776E-01
1.31000E+01 -1.45002E-01 -4.17627E-06 -1.45798E-01
1.32000E+01 -1.40002E-01 -4.04785E-06 -1.40800E-01
1.33000E+01 -1.35002E-01 -3.92023E-06 -1.35774E-01
1.34000E+01 -1.30002E-01 -3.79074E-06 -1.30770E-01
1.35000E+01 -1.25002E-01 -3.69938E-06 -1.25794E-01
1.36000E+01 -1.20002E-01 -3.57043E-06 -1.20788E-01
1.37000E+01 -1.15002E-01 -3.44264E-06 -1.15782E-01
1.38000E+01 -1.10002E-01 -3.31343E-06 -1.10776E-01
1.39000E+01 -1.05002E-01 -3.18238E-06 -1.05799E-01
1.40000E+01 -1.00002E-01 -3.05468E-06 -1.00801E-01
1.41000E+01 -9.50018E-02 -2.92308E-06 -9.57856E-02
1.42000E+01 -9.00018E-02 -2.79329E-06 -9.07591E-02
1.43000E+01 -8.50018E-02 -2.66074E-06 -8.57688E-02
1.44000E+01 -8.00018E-02 -2.52911E-06 -8.07741E-02
1.45000E+01 -7.50018E-02 -2.39526E-06 -7.57757E-02
1.46000E+01 -7.00018E-02 -2.26244E-06 -7.07541E-02
1.47000E+01 -6.50018E-02 -2.12807E-06 -6.57439E-02
1.48000E+01 -6.00019E-02 -1.99427E-06 -6.07586E-02
1.49000E+01 -5.50019E-02 -1.85791E-06 -5.57414E-02
1.50000E+01 -5.00019E-02 -1.72050E-06 -5.07554E-02
1.51000E+01 -4.50019E-02 -1.58287E-06 -4.57364E-02
1.52000E+01 -4.00019E-02 -1.44376E-06 -4.07611E-02
1.53000E+01 -3.50019E-02 -1.30391E-06 -3.57408E-02
1.54000E+01 -3.00019E-02 -1.16341E-06 -3.07324E-02
1.55000E+01 -2.50019E-02 -1.02106E-06 -2.57159E-02
1.56000E+01 -2.00020E-02 -8.75254E-07 -2.07487E-02
1.57000E+01 -1.50020E-02 -7.33125E-07 -1.57453E-02
1.58000E+01 -1.00020E-02 -5.88375E-07 -1.07450E-02
1.59000E+01 -5.00199E-03 -4.42384E-07 -5.72095E-03
1.60000E+01 -2.00000E-06 -2.93575E-07 -6.95682E-04
1.61000E+01 4.99799E-03  -1.46799E-07 4.27777E-03 
1.62000E+01 9.99797E-03  2.87471E-09  9.28617E-03 
1.63000E+01 1.49980E-02  1.52846E-07  1.42883E-02 
1.64000E+01 1.99979E-02  3.04803E-07  1.92993E-02 
1.65000E+01 2.49979E-02  4.56953E-07  2.42939E-02 
1.66000E+01 2.99979E-02  6.10856E-07  2.92867E-02 
1.67000E+01 3.49979E-02  7.64652E-07  3.43051E-02 
1.68000E+01 3.99979E-02  9.20906E-07  3.93279E-02 
1.69000E+01 4.49979E-02  1.07595E-06  4.43076E-02 
1.70000E+01 4.99979E-02  1.23319E-06  4.92998E-02 
1.71000E+01 5.49979E-02  1.39235E-06  5.43157E-02 
1.72000E+01 5.99978E-02  1.55317E-06  5.93122E-02 
1.73000E+01 6.49978E-02  1.71424E-06  6.43400E-02 
1.74000E+01 6.99978E-02  1.87533E-06  6.93172E-02 
1.75000E+01 7.49978E-02  2.03867E-06  7.43300E-02 
1.76000E+01 7.99978E-02  2.20471E-06  7.93515E-02 
1.77000E+01 8.49978E-02  2.37140E-06  8.43325E-02 
1.78000E+01 8.99978E-02  2.54085E-06  8.93240E-02 
1.79000E+01 9.49978E-02  2.71139E-06  9.43343E-02 
1.80000E+01 9.99977E-02  2.88343E-06  9.93458E-02 
1.81000E+01 1.04998E-01  3.05679E-06  1.04359E-01 
1.82000E+01 1.09998E-01  3.23297E-06  1.09325E-01 
1.83000E+01 1.14998E-01  3.41302E-06  1.14324E-01 
1.84000E+01 1.19998E-01  3.59252E-06  1.19323E-01 
1.85000E+01 1.24998E-01  3.77537E-06  1.24342E-01 
1.86000E+01 1.29998E-01  3.96035E-06  1.29354E-01 
1.87000E+01 1.34998E-01  4.15054E-06  1.34334E-01 
1.88000E+01 1.39998E-01  4.34263E-06  1.39348E-01 
1.89000E+01 1.44998E-01  4.53871E-06  1.44360E-01 
1.90000E+01 1.49998E-01  4.73670E-06  1.49343E-01 
1.91000E+01 1.54998E-01  4.93831E-06  1.54369E-01 
1.92000E+01 1.59998E-01  5.14317E-06  1.59406E-01 
1.93000E+01 1.64998E-01  5.35239E-06  1.64380E-01 
1.94000E+01 1.69998E-01  5.56419E-06  1.69385E-01 
1.95000E+01 1.74998E-01  5.77781E-06  1.74362E-01 
1.96000E+01 1.79998E-01  5.99610E-06  1.79392E-01 
1.97000E+01 1.84998E-01  6.21862E-06  1.84404E-01 
1.98000E+01 1.89998E-01  6.44462E-06  1.89366E-01 
1.99000E+01 1.94998E-01  6.67418E-06  1.94373E-01 
1.99999E+01 1.99997E-01  6.90528E-06  1.99399E-01 
2.00999E+01 2.04997E-01  7.13918E-06  2.04400E-01 
2.01999E+01 2.09997E-01  7.37900E-06  2.09387E-01 
2.02999E+01 2.14997E-01  7.61968E-06  2.14388E-01 
2.03999E+01 2.19997E-01  7.86038E-06  2.19408E-01 
2.04999E+01 2.24997E-01  8.10354E-06  2.24379E-01 
2.05999E+01 2.29997E-01  8.34816E-06  2.29402E-01 
2.06999E+01 2.34997E-01  8.59997E-06  2.34420E-01 
2.07999E+01 2.39997E-01  8.85181E-06  2.39399E-01 
2.08999E+01 2.44997E-01  9.10827E-06  2.44424E-01 
2.09999E+01 2.49997E-01  9.36500E-06  2.49436E-01 
2.10999E+01 2.54997E-01  9.62455E-06  2.54418E-01 
2.11999E+01 2.59997E-01  9.88785E-06  2.59431E-01 
2.12999E+01 2.64997E-01  1.01480E-05  2.64441E-01 
2.13999E+01 2.69997E-01  1.04102E-05  2.69426E-01 
2.14999E+01 2.74997E-01  1.06816E-05  2.74445E-01 
2.15999E+01 2.79997E-01  1.09585E-05  2.79445E-01 
2.16999E+01 2.84997E-01  1.12395E-05  2.84450E-01 
2.17999E+01 2.89997E-01  1.15260E-05  2.89414E-01 
2.18999E+01 2.94997E-01  1.18146E-05  2.94430E-01 
2.19999E+01 2.99997E-01  1.21112E-05  2.99461E-01 
2.20999E+01 3.04997E-01  1.24122E-05  3.04454E-01 
2.21999E+01 3.09997E-01  1.27258E-05  3.09465E-01 
2.22999E+01 3.14997E-01  1.30351E-05  3.14461E-01 
2.23999E+01 3.19997E-01  1.33545E-05  3.19464E-01 
2.24999E+01 3.24997E-01  1.36754E-05  3.24464E-01 
2.25999E+01 3.29997E-01  1.40123E-05  3.29456E-01 
2.26999E+01 3.34997E-01  1.43579E-05  3.34468E-01 
2.27999E+01 3.39997E-01  1.47135E-05  3.39464E-01 
2.28999E+01 3.44997E-01  1.50725E-05  3.44450E-01 
2.29999E+01 3.49997E-01  1.54394E-05  3.49483E-01 
2.30999E+01 3.54997E-01  1.58164E-05  3.54495E-01 
2.31999E+01 3.59997E-01  1.62093E-05  3.59481E-01 
2.32999E+01 3.64997E-01  1.66076E-05  3.64464E-01 
2.33999E+01 3.69997E-01  1.70079E-05  3.69482E-01 
2.34999E+01 3.74997E-01  1.74138E-05  3.74499E-01 
2.35999E+01 3.79997E-01  1.78254E-05  3.79495E-01 
2.36999E+01 3.84997E-01  1.82605E-05  3.84481E-01 
2.37999E+01 3.89997E-01  1.87118E-05  3.89485E-01 
2.38999E+01 3.94997E-01  1.91713E-05  3.94518E-01 
2.39999E+01 3.99997E-01  1.96374E-05  3.99491E-01 
2.40999E+01 4.04997E-01  2.01079E-05  4.04511E-01 
2.41999E+01 4.09997E-01  2.05840E-05  4.09519E-01 
2.42999E+01 4.14997E-01  2.10753E-05  4.14517E-01 
2.43999E+01 4.19997E-01  2.16183E-05  4.19513E-01 
2.44999E+01 4.24997E-01  2.21309E-05  4.24517E-01 
2.45999E+01 4.29997E-01  2.26276E-05  4.29484E-01 
2.46999E+01 4.34997E-01  2.31415E-05  4.34515E-01 
2.47999E+01 4.39997E-01  2.36732E-05  4.39543E-01 
2.48999E+01 4.44997E-01  2.42158E-05  4.44524E-01 
2.49999E+01 4.49997E-01  2.47764E-05  4.49505E-01 
2.50999E+01 4.54997E-01  2.53186E-05  4.54534E-01 
2.51999E+01 4.59997E-01  2.58598E-05  4.59529E-01 
2.52999E+01 4.64997E-01  2.64253E-05  4.64541E-01 
2.53999E+01 4.69997E-01  2.70245E-05  4.69566E-01 
2.54999E+01 4.74997E-01  2.76049E-05  4.74550E-01 
2.55999E+01 4.79997E-01  2.81689E-05  4.79566E-01 
2.56999E+01 4.84997E-01  2.87179E-05  4.84535E-01 
2.57999E+01 4.89997E-01  2.92945E-05  4.89571E-01 
2.58999E+01 4.94997E-01  2.98688E-05  4.94571E-01 
2.59999E+01 4.99997E-01  3.04451E-05  4.99561E-01 
2.60999E+01 5.04997E-01  3.10134E-05  5.04564E-01 
2.61999E+01 5.09997E-01  3.15684E-05  5.09571E-01 
2.62999E+01 5.14997E-01  3.21304E-05  5.14569E-01 
2.63999E+01 5.19997E-01  3.26972E-05  5.19586E-01 
2.64999E+01 5.24997E-01  3.32506E-05  5.24570E-01 
2.65999E+01 5.29997E-01  3.37747E-05  5.29585E-01 
2.66999E+01 5.34997E-01  3.42888E-05  5.34611E-01 
2.67999E+01 5.39997E-01  3.47834E-05  5.39597E-01 
2.68999E+01 5.44997E-01  3.52578E-05  5.44591E-01 
2.69999E+01 5.49997E-01  3.57147E-05  5.49608E-01 
2.70999E+01 5.54997E-01  3.61479E-05  5.54626E-01 
2.71999E+01 5.59997E-01  3.65550E-05  5.59638E-01 
2.72999E+01 5.64997E-01  3.69307E-05  5.64611E-01 
2.73999E+01 5.69997E-01  3.72663E-05  5.69638E-01 
2.74999E+01 5.74997E-01  3.75790E-05  5.74671E-01 
2.75999E+01 5.79997E-01  3.78498E-05  5.79665E-01 
2.76999E+01 5.84997E-01  3.80800E-05  5.84654E-01 
2.77999E+01 5.89997E-01  3.82543E-05  5.89645E-01 
2.78999E+01 5.94997E-01  3.83745E-05  5.94645E-01 
2.79999E+01 5.99996E-01  3.84373E-05  5.99646E-01 
2.80999E+01 6.04996E-01  3.84503E-05  6.04634E-01 
2.81999E+01 6.09996E-01  3.84000E-05  6.09641E-01 
2.82999E+01 6.14996E-01  3.83007E-05  6.14674E-01 
2.83999E+01 6.19996E-01  3.81447E-05  6.19648E-01 
2.84999E+01 6.24996E-01  3.79372E-05  6.24659E-01 
2.85999E+01 6.29996E-01  3.77076E-05  6.29637E-01 
2.86999E+01 6.34996E-01  3.74542E-05  6.34677E-01 
2.87999E+01 6.39996E-01  3.72001E-05  6.39669E-01 
2.88999E+01 6.44996E-01  3.69737E-05  6.44673E-01 
2.89999E+01 6.49996E-01  3.67936E-05  6.49658E-01 
2.90999E+01 6.54996E-01  3.66653E-05  6.54675E-01 
2.91999E+01 6.59996E-01  3.65982E-05  6.59671E-01 
2.92999E+01 6.64996E-01  3.65890E-05  6.64683E-01 
2.93999E+01 6.69996E-01  3.66279E-05  6.69654E-01 
2.94999E+01 6.74996E-01  3.67152E-05  6.74686E-01 
2.95999E+01 6.79996E-01  3.68446E-05  6.79672E-01 
2.96999E+01 6.84996E-01  3.70000E-05  6.84661E-01 
2.97999E+01 6.89996E-01  3.71728E-05  6.89654E-01 
2.98999E+01 6.94996E-01  3.73755E-05  6.94676E-01 
2.99999E+01 6.99996E-01  3.75948E-05  6.99661E-01 
3.00999E+01 7.04996E-01  3.78255E-05  7.04671E-01 
3.01999E+01 7.09996E-01  3.80557E-05  7.09650E-01 
3.02999E+01 7.14996E-01  3.82930E-05  7.14679E-01 
3.03999E+01 7.19996E-01  3.85346E-05  7.19706E-01 
3.04999E+01 7.24996E-01  3.87838E-05  7.24695E-01 
3.05999E+01 7.29996E-01  3.90333E-05  7.29683E-01 
3.06999E+01 7.34996E-01  3.92849E-05  7.34688E-01 
3.07999E+01 7.39996E-01  3.95379E-05  7.39700E-01 
3.08999E+01 7.44996E-01  3.97881E-05  7.44721E-01 
3.09999E+01 7.49996E-01  4.00325E-05  7.49697E-01 
3.10999E+01 7.54996E-01  4.02764E-05  7.54715E-01 
3.11999E+01 7.59996E-01  4.05235E-05  7.59694E-01 
3.12999E+01 7.64996E-01  4.07718E-05  7.64720E-01 
3.13999E+01 7.69996E-01  4.10115E-05  7.69693E-01 
3.14999E+01 7.74996E-01  4.12489E-05  7.74714E-01 
3.15999E+01 7.79996E-01  4.14880E-05  7.79731E-01 
3.16999E+01 7.84996E-01  4.17244E-05  7.84758E-01 
3.17999E+01 7.89996E-01  4.19557E-05  7.89744E-01 
3.18999E+01 7.94996E-01  4.21856E-05  7.94773E-01 
3.19999E+01 7.99996E-01  4.24126E-05  7.99748E-01 
3.20999E+01 8.04996E-01  4.26349E-05  8.04746E-01 
3.21999E+01 8.09996E-01  4.28595E-05  8.09778E-01 
3.22999E+01 8.14996E-01  4.30792E-05  8.14797E-01 
3.23999E+01 8.19996E-01  4.33037E-05  8.19791E-01 
3.24999E+01 8.24996E-01  4.35161E-05  8.24776E-01 
3.25999E+01 8.29996E-01  4.37304E-05  8.29799E-01 
3.26999E+01 8.34996E-01  4.39393E-05  8.34817E-01 
3.27999E+01 8.39996E-01  4.41448E-05  8.39790E-01 
3.28999E+01 8.44996E-01  4.43491E-05  8.44771E-01 
3.29999E+01 8.49996E-01  4.45567E-05  8.49799E-01 
3.30999E+01 8.54996E-01  4.47640E-05  8.54793E-01 
3.31999E+01 8.59996E-01  4.49726E-05  8.59781E-01 
3.32999E+01 8.64996E-01  4.51801E-05  8.64793E-01 
3.33999E+01 8.69996E-01  4.53919E-05  8.69783E-01 
3.34999E+01 8.74996E-01  4.56034E-05  8.74792E-01 
3.35999E+01 8.79996E-01  4.58134E-05  8.79817E-01 
3.36999E+01 8.84996E-01  4.60170E-05  8.84797E-01 
3.37999E+01 8.89996E-01  4.62272E-05  8.89786E-01 
3.38999E+01 8.94996E-01  4.64400E-05  8.94811E-01 
3.39999E+01 8.99996E-01  4.66477E-05  8.99811E-01 
3.40999E+01 9.04996E-01  4.68665E-05  9.04810E-01 
3.41999E+01 9.09996E-01  4.70758E-05  9.09803E-01 
3.42999E+01 9.14996E-01  4.72867E-05  9.14840E-01 
3.43999E+01 9.19996E-01  4.75047E-05  9.19826E-01 
3.44999E+01 9.24996E-01  4.77257E-05  9.24840E-01 
3.45999E+01 9.29996E-01  4.79586E-05  9.29839E-01 
3.46999E+01 9.34996E-01  4.81812E-05  9.34837E-01 
3.47999E+01 9.39996E-01  4.83923E-05  9.39836E-01 
3.48999E+01 9.44996E-01  4.85880E-05  9.44852E-01 
3.49999E+01 9.49996E-01  4.88056E-05  9.49854E-01 
3.50999E+01 9.54996E-01  4.90161E-05  9.54856E-01 
3.51999E+01 9.59996E-01  4.92332E-05  9.59822E-01 
3.52999E+01 9.64996E-01  4.94424E-05  9.64850E-01 
3.53999E+01 9.69996E-01  4.96648E-05  9.69892E-01 
3.54999E+01 9.74996E-01  4.98731E-05  9.74873E-01 
3.55999E+01 9.79996E-01  5.00857E-05  9.79863E-01 
3.56999E+01 9.84996E-01  5.03347E-05  9.84866E-01 
3.57999E+01 9.89996E-01  5.05772E-05  9.89898E-01 
3.58999E+01 9.94996E-01  5.07831E-05  9.94884E-01 
3.59999E+01 9.99995E-01  5.09700E-05  9.99872E-01 
3.60999E+01 1.00500E+00  5.11529E-05  1.00486E+00 
3.61999E+01 1.01000E+00  5.13426E-05  1.00988E+00 
3.62999E+01 1.01500E+00  5.15611E-05  1.01489E+00 
3.63999E+01 1.02000E+00  5.17556E-05  1.01989E+00 
3.64999E+01 1.02500E+00  5.19297E-05  1.02490E+00 
3.65999E+01 1.03000E+00  5.21355E-05  1.02988E+00 
3.66999E+01 1.03500E+00  5.23230E-05  1.03487E+00 
3.67999E+01 1.04000E+00  5.25425E-05  1.03988E+00 
3.68999E+01 1.04500E+00  5.27821E-05  1.04489E+00 
3.69999E+01 1.05000E+00  5.29965E-05  1.04990E+00 
3.70999E+01 1.05500E+00  5.31981E-05  1.05491E+00 
3.71999E+01 1.06000E+00  5.33942E-05  1.05991E+00 
3.72999E+01 1.06500E+00  5.36080E-05  1.06489E+00 
3.73999E+01 1.07000E+00  5.38293E-05  1.06992E+00 
3.74999E+01 1.07500E+00  5.40560E-05  1.07491E+00 
3.75999E+01 1.08000E+00  5.42731E-05  1.07992E+00 
3.76999E+01 1.08500E+00  5.44860E-05  1.08491E+00 
3.77999E+01 1.09000E+00  5.47052E-05  1.08993E+00 
3.78999E+01 1.09500E+00  5.49299E-05  1.09493E+00 
3.79999E+01 1.10000E+00  5.51668E-05  1.09991E+00 
3.80999E+01 1.10500E+00  5.54309E-05  1.10495E+00 
3.81999E+01 1.11000E+00  5.56682E-05  1.10994E+00 
3.82999E+01 1.11500E+00  5.58951E-05  1.11496E+00 
3.83999E+01 1.12000E+00  5.61135E-05  1.11998E+00 
3.84999E+01 1.12500E+00  5.63349E-05  1.12499E+00 
3.85999E+01 1.13000E+00  5.65993E-05  1.12997E+00 
3.86999E+01 1.13500E+00  5.68544E-05  1.13497E+00 
3.87999E+01 1.14000E+00  5.70643E-05  1.13998E+00 
3.88999E+01 1.14500E+00  5.72892E-05  1.14498E+00 
3.89999E+01 1.15000E+00  5.75231E-05  1.14999E+00 
3.90999E+01 1.15500E+00  5.77924E-05  1.15499E+00 
3.91999E+01 1.16000E+00  5.80729E-05  1.15998E+00 
3.92999E+01 1.16500E+00  5.83521E-05  1.16502E+00 
3.93999E+01 1.17000E+00  5.86204E-05  1.17001E+00 
3.94999E+01 1.17500E+00  5.88868E-05  1.17500E+00 
3.95999E+01 1.18000E+00  5.91531E-05  1.18000E+00 
3.96999E+01 1.18500E+00  5.94275E-05  1.18501E+00 
3.97999E+01 1.19000E+00  5.97021E-05  1.19003E+00 
3.98999E+01 1.19500E+00  5.99632E-05  1.19502E+00 
3.99999E+01 1.19999E+00  6.02225E-05  1.19999E+00 
4.00999E+01 1.20499E+00  6.04893E-05  1.20500E+00 
4.01999E+01 1.20999E+00  6.07627E-05  1.21002E+00 
4.02999E+01 1.21499E+00  6.10427E-05  1.21501E+00 
4.03999E+01 1.21999E+00  6.13228E-05  1.22000E+00 
4.04999E+01 1.22499E+00  6.16009E-05  1.22503E+00 
4.05999E+01 1.22999E+00  6.18696E-05  1.23002E+00 
4.06999E+01 1.23499E+00  6.21475E-05  1.23498E+00 
4.07999E+01 1.23999E+00  6.24352E-05  1.23999E+00 
4.08999E+01 1.24499E+00  6.27359E-05  1.24499E+00 
4.09999E+01 1.24999E+00  6.30341E-05  1.25002E+00 
4.10999E+01 1.25499E+00  6.32800E-05  1.25502E+00 
4.11999E+01 1.25999E+00  6.35514E-05  1.26002E+00 
4.12999E+01 1.26499E+00  6.38591E-05  1.26502E+00 
4.13999E+01 1.26999E+00  6.42021E-05  1.27004E+00 
4.14999E+01 1.27499E+00  6.45729E-05  1.27506E+00 
4.15999E+01 1.27999E+00  6.49110E-05  1.28004E+00 
4.16999E+01 1.28499E+00  6.52625E-05  1.28504E+00 
4.17999E+01 1.28999E+00  6.55938E-05  1.29005E+00 
4.18999E+01 1.29499E+00  6.58476E-05  1.29505E+00 
4.19999E+01 1.29999E+00  6.60628E-05  1.30005E+00 
4.20999E+01 1.30499E+00  6.62874E-05  1.30505E+00 
4.21999E+01 1.30999E+00  6.65890E-05  1.31006E+00 
4.22999E+01 1.31499E+00  6.69092E-05  1.31506E+00 
4.23999E+01 1.31999E+00  6.72205E-05  1.32006E+00 
4.24999E+01 1.32499E+00  6.75116E-05  1.32505E+00 
4.25999E+01 1.32999E+00  6.77937E-05  1.33006E+00 
4.26999E+01 1.33499E+00  6.80894E-05  1.33508E+00 
4.27999E+01 1.33999E+00  6.84594E-05  1.34007E+00 
4.28999E+01 1.34499E+00  6.88640E-05  1.34508E+00 
4.29999E+01 1.34999E+00  6.92584E-05  1.35006E+00 
4.30999E+01 1.35499E+00  6.97102E-05  1.35507E+00 
4.31999E+01 1.35999E+00  7.02221E-05  1.36008E+00 
4.32999E+01 1.36499E+00  7.06391E-05  1.36505E+00 
4.33999E+01 1.36999E+00  7.10049E-05  1.37007E+00 
4.34999E+01 1.37499E+00  7.15362E-05  1.37510E+00 
4.35999E+01 1.37999E+00  7.20842E-05  1.38011E+00 
4.36999E+01 1.38499E+00  7.26507E-05  1.38512E+00 
4.37999E+01 1.38999E+00  7.32356E-05  1.39011E+00 
4.38999E+01 1.39499E+00  7.38673E-05  1.39511E+00 
4.39999E+01 1.39999E+00  7.45369E-05  1.40013E+00 
4.40999E+01 1.40499E+00  7.52605E-05  1.40513E+00 
4.41999E+01 1.40999E+00  7.59959E-05  1.41011E+00 
4.42999E+01 1.41499E+00  7.67852E-05  1.41512E+00 
4.43999E+01 1.41999E+00  7.76406E-05  1.42016E+00 
4.44999E+01 1.42499E+00  7.85147E-05  1.42514E+00 
4.45999E+01 1.42999E+00  7.94093E-05  1.43013E+00 
4.46999E+01 1.43499E+00  8.03089E-05  1.43514E+00 
4.47999E+01 1.43999E+00  8.12219E-05  1.44014E+00 
4.48999E+01 1.44499E+00  8.21460E-05  1.44514E+00 
4.49999E+01 1.44999E+00  8.30845E-05  1.45015E+00 
4.50999E+01 1.45499E+00  8.40373E-05  1.45518E+00 
4.51999E+01 1.45999E+00  8.50183E-05  1.46016E+00 
4.52999E+01 1.46499E+00  8.60083E-05  1.46517E+00 
4.53999E+01 1.46999E+00  8.70233E-05  1.47018E+00 
4.54999E+01 1.47499E+00  8.80629E-05  1.47516E+00 
4.55999E+01 1.47999E+00  8.91278E-05  1.48015E+00 
4.56999E+01 1.48499E+00  9.02061E-05  1.48515E+00 
4.57999E+01 1.48999E+00  9.13486E-05  1.49016E+00 
4.58999E+01 1.49499E+00  9.24545E-05  1.49517E+00 
4.59999E+01 1.49999E+00  9.36079E-05  1.50018E+00 
4.60999E+01 1.50499E+00  9.47917E-05  1.50516E+00 
4.61999E+01 1.50999E+00  9.60077E-05  1.51020E+00 
4.62999E+01 1.51499E+00  9.72622E-05  1.51520E+00 
4.63999E+01 1.51999E+00  9.85374E-05  1.52018E+00 
4.64999E+01 1.52499E+00  9.98653E-05  1.52518E+00 
4.65999E+01 1.52999E+00  1.01233E-04  1.53019E+00 
4.66999E+01 1.53499E+00  1.02627E-04  1.53520E+00 
4.67999E+01 1.53999E+00  1.04060E-04  1.54020E+00 
4.68999E+01 1.54499E+00  1.05536E-04  1.54518E+00 
4.69999E+01 1.54999E+00  1.07053E-04  1.55020E+00 
4.70999E+01 1.55499E+00  1.08605E-04  1.55524E+00 
4.71999E+01 1.55999E+00  1.10180E-04  1.56022E+00 
4.72999E+01 1.56499E+00  1.11783E-04  1.56519E+00 
4.73999E+01 1.56999E+00  1.13391E-04  1.57020E+00 
4.74999E+01 1.57499E+00  1.15055E-04  1.57521E+00 
4.75999E+01 1.57999E+00  1.16742E-04  1.58021E+00 
4.76999E+01 1.58499E+00  1.18470E-04  1.58523E+00 
4.77999E+01 1.58999E+00  1.20217E-04  1.59019E+00 
4.78999E+01 1.59499E+00  1.22007E-04  1.59522E+00 
4.79999E+01 1.59999E+00  1.23860E-04  1.60022E+00 
4.80999E+01 1.60499E+00  1.25752E-04  1.60525E+00 
4.81999E+01 1.60999E+00  1.27683E-04  1.61026E+00 
4.82999E+01 1.61499E+00  1.29663E-04  1.61524E+00 
4.83999E+01 1.61999E+00  1.31676E-04  1.62025E+00 
4.84999E+01 1.62499E+00  1.33730E-04  1.62526E+00 
4.85999E+01 1.62999E+00  1.35815E-04  1.63025E+00 
4.86999E+01 1.63499E+00  1.37927E-04  1.63525E+00 
4.87999E+01 1.63999E+00  1.40082E-04  1.64025E+00 
4.88999E+01 1.64499E+00  1.42255E-04  1.64525E+00 
4.89999E+01 1.64999E+00  1.44461E-04  1.65028E+00 
4.90999E+01 1.65499E+00  1.46706E-04  1.65530E+00 
4.91999E+01 1.65999E+00  1.48970E-04  1.66027E+00 
4.92999E+01 1.66499E+00  1.51254E-04  1.66527E+00 
4.93999E+01 1.66999E+00  1.53549E-04  1.67030E+00 
4.94999E+01 1.67499E+00  1.55958E-04  1.67527E+00 
4.95999E+01 1.67999E+00  1.58297E-04  1.68026E+00 
4.96999E+01 1.68499E+00  1.60609E-04  1.68527E+00 
4.97999E+01 1.68999E+00  1.62966E-04  1.69029E+00 
4.98999E+01 1.69499E+00  1.65340E-04  1.69529E+00 
4.99999E+01 1.69999E+00  1.67733E-04  1.70028E+00 
5.00999E+01 1.70499E+00  1.70119E-04  1.70529E+00 
5.01999E+01 1.70999E+00  1.72537E-04  1.71030E+00 
5.02999E+01 1.71499E+00  1.74937E-04  1.71529E+00 
5.03999E+01 1.71999E+00  1.77349E-04  1.72028E+00 
5.04999E+01 1.72499E+00  1.79773E-04  1.72530E+00 
5.05999E+01 1.72999E+00  1.82209E-04  1.73030E+00 
5.06999E+01 1.73499E+00  1.84636E-04  1.73528E+00 
5.07999E+01 1.73999E+00  1.87076E-04  1.74030E+00 
5.08999E+01 1.74499E+00  1.89538E-04  1.74532E+00 
5.09999E+01 1.74999E+00  1.92023E-04  1.75032E+00 
5.10999E+01 1.75499E+00  1.94524E-04  1.75531E+00 
5.11999E+01 1.75999E+00  1.97038E-04  1.76032E+00 
5.12999E+01 1.76499E+00  1.99552E-04  1.76534E+00 
5.13999E+01 1.76999E+00  2.02048E-04  1.77034E+00 
5.14999E+01 1.77499E+00  2.04562E-04  1.77532E+00 
5.15999E+01 1.77999E+00  2.07100E-04  1.78033E+00 
5.16999E+01 1.78499E+00  2.09649E-04  1.78536E+00 
5.17999E+01 1.78999E+00  2.12206E-04  1.79035E+00 
5.18999E+01 1.79499E+00  2.15180E-04  1.79534E+00 
5.19999E+01 1.79999E+00  2.17735E-04  1.80036E+00 
5.20999E+01 1.79499E+00  2.13858E-04  1.79536E+00 
5.21999E+01 1.78999E+00  2.10085E-04  1.79034E+00 
5.22999E+01 1.78499E+00  2.06361E-04  1.78536E+00 
5.23999E+01 1.77999E+00  2.02750E-04  1.78035E+00 
5.24999E+01 1.77499E+00  1.99186E-04  1.77535E+00 
5.25999E+01 1.76999E+00  1.95672E-04  1.77035E+00 
5.26999E+01 1.76499E+00  1.92173E-04  1.76535E+00 
5.27999E+01 1.75999E+00  1.88718E-04  1.76033E+00 
5.28999E+01 1.75499E+00  1.85314E-04  1.75532E+00 
5.29999E+01 1.74999E+00  1.81955E-04  1.75030E+00 
5.30999E+01 1.74499E+00  1.78629E-04  1.74531E+00 
5.31999E+01 1.73999E+00  1.75338E-04  1.74029E+00 
5.32999E+01 1.73499E+00  1.72073E-04  1.73530E+00 
5.33999E+01 1.72999E+00  1.68874E-04  1.73030E+00 
5.34999E+01 1.72499E+00  1.65690E-04  1.72529E+00 
5.35999E+01 1.71999E+00  1.62566E-04  1.72026E+00 
5.36999E+01 1.71499E+00  1.59497E-04  1.71528E+00 
5.37999E+01 1.70999E+00  1.56448E-04  1.71030E+00 
5.38999E+01 1.70499E+00  1.53419E-04  1.70528E+00 
5.39999E+01 1.69999E+00  1.50441E-04  1.70027E+00 
5.40999E+01 1.69499E+00  1.47479E-04  1.69529E+00 
5.41999E+01 1.68999E+00  1.44587E-04  1.69029E+00 
5.42999E+01 1.68499E+00  1.41695E-04  1.68529E+00 
5.43999E+01 1.67999E+00  1.38869E-04  1.68026E+00 
5.44999E+01 1.67499E+00  1.36059E-04  1.67528E+00 
5.45999E+01 1.66999E+00  1.33273E-04  1.67030E+00 
5.46999E+01 1.66499E+00  1.30536E-04  1.66530E+00 
5.47999E+01 1.65999E+00  1.27815E-04  1.66026E+00 
5.48999E+01 1.65499E+00  1.25163E-04  1.65527E+00 
5.49999E+01 1.64999E+00  1.22516E-04  1.65029E+00 
5.50999E+01 1.64499E+00  1.19912E-04  1.64527E+00 
5.51999E+01 1.63999E+00  1.17348E-04  1.64027E+00 
5.52999E+01 1.63499E+00  1.14817E-04  1.63525E+00 
5.53999E+01 1.62999E+00  1.12321E-04  1.63028E+00 
5.54999E+01 1.62499E+00  1.09857E-04  1.62527E+00 
5.55999E+01 1.61999E+00  1.07423E-04  1.62026E+00 
5.56999E+01 1.61499E+00  1.05035E-04  1.61526E+00 
5.57999E+01 1.60999E+00  1.02672E-04  1.61026E+00 
5.58999E+01 1.60499E+00  1.00340E-04  1.60525E+00 
5.59999E+01 1.59999E+00  9.80413E-05  1.60023E+00 
5.60999E+01 1.59499E+00  9.57816E-05  1.59520E+00 
5.61999E+01 1.58999E+00  9.35596E-05  1.59021E+00 
5.62999E+01 1.58499E+00  9.13770E-05  1.58522E+00 
5.63999E+01 1.57999E+00  8.92342E-05  1.58020E+00 
5.64999E+01 1.57499E+00  8.71084E-05  1.57520E+00 
5.65999E+01 1.56999E+00  8.50408E-05  1.57020E+00 
5.66999E+01 1.56499E+00  8.29947E-05  1.56518E+00 
5.67999E+01 1.55999E+00  8.09795E-05  1.56019E+00 
5.68999E+01 1.55499E+00  7.90146E-05  1.55520E+00 
5.69999E+01 1.54999E+00  7.70647E-05  1.55018E+00 
5.70999E+01 1.54499E+00  7.51653E-05  1.54516E+00 
5.71999E+01 1.53999E+00  7.33055E-05  1.54016E+00 
5.72999E+01 1.53499E+00  7.14688E-05  1.53517E+00 
5.73999E+01 1.52999E+00  6.96793E-05  1.53018E+00 
5.74999E+01 1.52499E+00  6.79205E-05  1.52516E+00 
5.75999E+01 1.51999E+00  6.61787E-05  1.52017E+00 
5.76999E+01 1.51499E+00  6.45082E-05  1.51518E+00 
5.77999E+01 1.50999E+00  6.28596E-05  1.51016E+00 
5.78999E+01 1.50499E+00  6.12562E-05  1.50514E+00 
5.79999E+01 1.49999E+00  5.96866E-05  1.50015E+00 
5.80999E+01 1.49499E+00  5.81627E-05  1.49516E+00 
5.81999E+01 1.48999E+00  5.66683E-05  1.49015E+00 
5.82999E+01 1.48499E+00  5.52133E-05  1.48515E+00 
5.83999E+01 1.47999E+00  5.37951E-05  1.48017E+00 
5.84999E+01 1.47499E+00  5.24154E-05  1.47517E+00 
5.85999E+01 1.46999E+00  5.10804E-05  1.47014E+00 
5.86999E+01 1.46499E+00  4.97706E-05  1.46513E+00 
5.87999E+01 1.45999E+00  4.84958E-05  1.46015E+00 
5.88999E+01 1.45499E+00  4.72580E-05  1.45516E+00 
5.89999E+01 1.44999E+00  4.60614E-05  1.45014E+00 
5.90999E+01 1.44499E+00  4.48968E-05  1.44515E+00 
5.91999E+01 1.43999E+00  4.37614E-05  1.44013E+00 
5.92999E+01 1.43499E+00  4.26743E-05  1.43510E+00 
5.93999E+01 1.42999E+00  4.16194E-05  1.43012E+00 
5.94999E+01 1.42499E+00  4.05802E-05  1.42511E+00 
5.95999E+01 1.41999E+00  3.95810E-05  1.42009E+00 
5.96999E+01 1.41499E+00  3.86313E-05  1.41507E+00 
5.97999E+01 1.40999E+00  3.73007E-05  1.41006E+00 
5.98999E+01 1.40499E+00  3.64034E-05  1.40510E+00 
5.99998E+01 1.39999E+00  3.55289E-05  1.40011E+00 
6.00998E+01 1.39499E+00  3.46849E-05  1.39510E+00 
6.01998E+01 1.38999E+00  3.38644E-05  1.39010E+00 
6.02998E+01 1.38499E+00  3.30719E-05  1.38510E+00 
6.03998E+01 1.37999E+00  3.23169E-05  1.38010E+00 
6.04998E+01 1.37499E+00  3.15775E-05  1.37511E+00 
6.05998E+01 1.36999E+00  3.08657E-05  1.37010E+00 
6.06998E+01 1.36499E+00  3.01886E-05  1.36513E+00 
6.07998E+01 1.35999E+00  2.95192E-05  1.36011E+00 
6.08998E+01 1.35499E+00  2.88759E-05  1.35510E+00 
6.09998E+01 1.34999E+00  2.82512E-05  1.35009E+00 
6.10998E+01 1.34499E+00  2.76490E-05  1.34509E+00 
6.11998E+01 1.33999E+00  2.70650E-05  1.34008E+00 
6.12998E+01 1.33499E+00  2.65027E-05  1.33507E+00 
6.13998E+01 1.32999E+00  2.59606E-05  1.33007E+00 
6.14998E+01 1.32499E+00  2.54342E-05  1.32505E+00 
6.15998E+01 1.31999E+00  2.49288E-05  1.32007E+00 
6.16998E+01 1.31499E+00  2.44403E-05  1.31509E+00 
6.17998E+01 1.30999E+00  2.39639E-05  1.31006E+00 
6.18998E+01 1.30499E+00  2.35002E-05  1.30505E+00 
6.19998E+01 1.29999E+00  2.30501E-05  1.30007E+00 
6.20998E+01 1.29499E+00  2.26111E-05  1.29508E+00 
6.21998E+01 1.28999E+00  2.21880E-05  1.29007E+00 
6.22998E+01 1.28499E+00  2.17722E-05  1.28504E+00 
6.23998E+01 1.27999E+00  2.13739E-05  1.28004E+00 
6.24998E+01 1.27499E+00  2.09863E-05  1.27505E+00 
6.25998E+01 1.26999E+00  2.06085E-05  1.27003E+00 
6.26998E+01 1.26499E+00  2.02459E-05  1.26502E+00 
6.27998E+01 1.25999E+00  1.98891E-05  1.26000E+00 
6.28998E+01 1.25499E+00  1.95411E-05  1.25502E+00 
6.29998E+01 1.24999E+00  1.92025E-05  1.25002E+00 
6.30998E+01 1.24499E+00  1.88717E-05  1.24499E+00 
6.31998E+01 1.23999E+00  1.85515E-05  1.24000E+00 
6.32998E+01 1.23499E+00  1.82353E-05  1.23500E+00 
6.33998E+01 1.22999E+00  1.79337E-05  1.23000E+00 
6.34998E+01 1.22499E+00  1.76306E-05  1.22499E+00 
6.35998E+01 1.21999E+00  1.73400E-05  1.22000E+00 
6.36998E+01 1.21499E+00  1.70727E-05  1.21500E+00 
6.37998E+01 1.20999E+00  1.67984E-05  1.21002E+00 
6.38998E+01 1.20499E+00  1.65301E-05  1.20500E+00 
6.39998E+01 1.19999E+00  1.62567E-05  1.19996E+00 
6.40998E+01 1.19500E+00  1.59924E-05  1.19499E+00 
6.41998E+01 1.19000E+00  1.57292E-05  1.18999E+00 
6.42998E+01 1.18500E+00  1.54738E-05  1.18497E+00 
6.43998E+01 1.18000E+00  1.52218E-05  1.17995E+00 
6.44998E+01 1.17500E+00  1.49766E-05  1.17498E+00 
6.45998E+01 1.17000E+00  1.47375E-05  1.16999E+00 
6.46998E+01 1.16500E+00  1.45005E-05  1.16495E+00 
6.47998E+01 1.16000E+00  1.42662E-05  1.15997E+00 
6.48998E+01 1.15500E+00  1.40391E-05  1.15496E+00 
6.49998E+01 1.15000E+00  1.38142E-05  1.14995E+00 
6.50998E+01 1.14500E+00  1.35922E-05  1.14496E+00 
6.51998E+01 1.14000E+00  1.33759E-05  1.13996E+00 
6.52998E+01 1.13500E+00  1.31588E-05  1.13498E+00 
6.53998E+01 1.13000E+00  1.29506E-05  1.12997E+00 
6.54998E+01 1.12500E+00  1.27363E-05  1.12496E+00 
6.55998E+01 1.12000E+00  1.25296E-05  1.11995E+00 
6.56998E+01 1.11500E+00  1.23265E-05  1.11495E+00 
6.57998E+01 1.11000E+00  1.21259E-05  1.10992E+00 
6.58998E+01 1.10500E+00  1.19251E-05  1.10494E+00 
6.59998E+01 1.10000E+00  1.17309E-05  1.09991E+00 
6.60998E+01 1.09500E+00  1.15370E-05  1.09493E+00 
6.61998E+01 1.09000E+00  1.13494E-05  1.08992E+00 
6.62998E+01 1.08500E+00  1.11579E-05  1.08490E+00 
6.63998E+01 1.08000E+00  1.09741E-05  1.07994E+00 
6.64998E+01 1.07500E+00  1.07863E-05  1.07494E+00 
6.65998E+01 1.07000E+00  1.06068E-05  1.06990E+00 
6.66998E+01 1.06500E+00  1.04264E-05  1.06490E+00 
6.67998E+01 1.06000E+00  1.02520E-05  1.05991E+00 
6.68998E+01 1.05500E+00  1.00741E-05  1.05493E+00 
6.69998E+01 1.05000E+00  9.89814E-06  1.04992E+00 
6.70998E+01 1.04500E+00  9.72616E-06  1.04490E+00 
6.71998E+01 1.04000E+00  9.55480E-06  1.03988E+00 
6.72998E+01 1.03500E+00  9.38474E-06  1.03490E+00 
6.73998E+01 1.03000E+00  9.21841E-06  1.02993E+00 
6.74998E+01 1.02500E+00  9.04835E-06  1.02488E+00 
6.75998E+01 1.02000E+00  8.88499E-06  1.01989E+00 
6.76998E+01 1.01500E+00  8.71900E-06  1.01488E+00 
6.77998E+01 1.01000E+00  8.55599E-06  1.00989E+00 
6.78998E+01 1.00500E+00  8.39795E-06  1.00488E+00 
6.79998E+01 9.99995E-01  8.23614E-06  9.99872E-01 
6.80998E+01 9.94996E-01  8.07553E-06  9.94875E-01 
6.81998E+01 9.89996E-01  7.91797E-06  9.89882E-01 
6.82998E+01 9.84996E-01  7.76144E-06  9.84869E-01 
6.83998E+01 9.79996E-01  7.60695E-06  9.79851E-01 
6.84998E+01 9.74996E-01  7.45276E-06  9.74870E-01 
6.85998E+01 9.69996E-01  7.29712E-06  9.69856E-01 
6.86998E+01 9.64996E-01  7.14531E-06  9.64858E-01 
6.87998E+01 9.59996E-01  6.99577E-06  9.59836E-01 
6.88998E+01 9.54996E-01  6.84461E-06  9.54842E-01 
6.89998E+01 9.49996E-01  6.69362E-06  9.49837E-01 
6.90998E+01 9.44996E-01  6.54355E-06  9.44836E-01 
6.91998E+01 9.39996E-01  6.39319E-06  9.39839E-01 
6.92998E+01 9.34996E-01  6.24695E-06  9.34812E-01 
6.93998E+01 9.29996E-01  6.09974E-06  9.29821E-01 
6.94998E+01 9.24996E-01  5.95227E-06  9.24817E-01 
6.95998E+01 9.19996E-01  5.80651E-06  9.19833E-01 
6.96998E+01 9.14996E-01  5.66207E-06  9.14833E-01 
6.97998E+01 9.09996E-01  5.51848E-06  9.09817E-01 
6.98998E+01 9.04996E-01  5.37294E-06  9.04816E-01 
6.99998E+01 8.99996E-01  5.22892E-06  8.99838E-01 
7.00998E+01 8.94996E-01  5.08803E-06  8.94818E-01 
7.01998E+01 8.89996E-01  4.94419E-06  8.89828E-01 
7.02998E+01 8.84996E-01  4.80240E-06  8.84811E-01 
7.03998E+01 8.79996E-01  4.66104E-06  8.79805E-01 
7.04998E+01 8.74996E-01  4.51992E-06  8.74826E-01 
7.05998E+01 8.69996E-01  4.37936E-06  8.69797E-01 
7.06998E+01 8.64996E-01  4.23964E-06  8.64793E-01 
7.07998E+01 8.59996E-01  4.10177E-06  8.59807E-01 
7.08998E+01 8.54996E-01  3.96378E-06  8.54789E-01 
7.09998E+01 8.49996E-01  3.82701E-06  8.49785E-01 
7.10998E+01 8.44996E-01  3.68842E-06  8.44785E-01 
7.11998E+01 8.39996E-01  3.51408E-06  8.39772E-01 
7.12998E+01 8.34996E-01  3.38005E-06  8.34802E-01 
7.13998E+01 8.29996E-01  3.24890E-06  8.29783E-01 
7.14998E+01 8.24996E-01  3.11394E-06  8.24775E-01 
7.15998E+01 8.19996E-01  2.97880E-06  8.19793E-01 
7.16998E+01 8.14996E-01  2.85008E-06  8.14790E-01 
7.17998E+01 8.09996E-01  2.71939E-06  8.09786E-01 
7.18998E+01 8.04996E-01  2.58784E-06  8.04786E-01 
7.19998E+01 7.99996E-01  2.45975E-06  7.99791E-01 
7.20998E+01 7.94996E-01  2.32563E-06  7.94770E-01 
7.21998E+01 7.89996E-01  2.19769E-06  7.89785E-01 
7.22998E+01 7.84996E-01  2.06799E-06  7.84769E-01 
7.23998E+01 7.79996E-01  1.93508E-06  7.79712E-01 
7.24998E+01 7.74996E-01  1.79957E-06  7.74727E-01 
7.25998E+01 7.69996E-01  1.66359E-06  7.69724E-01 
7.26998E+01 7.64996E-01  1.52416E-06  7.64745E-01 
7.27998E+01 7.59996E-01  1.39004E-06  7.59718E-01 
7.28998E+01 7.54996E-01  1.25405E-06  7.54714E-01 
7.29998E+01 7.49996E-01  1.11533E-06  7.49736E-01 
7.30998E+01 7.44996E-01  9.78179E-07  7.44736E-01 
7.31998E+01 7.39996E-01  8.34416E-07  7.39726E-01 
7.32998E+01 7.34996E-01  6.95984E-07  7.34699E-01 
7.33998E+01 7.29996E-01  5.51050E-07  7.29704E-01 
7.34998E+01 7.24996E-01  4.08366E-07  7.24709E-01 
7.35998E+01 7.19996E-01  2.61138E-07  7.19702E-01 
7.36998E+01 7.14996E-01  1.16733E-07  7.14678E-01 
7.37998E+01 7.09996E-01  -3.05121E-08 7.09668E-01 
7.38998E+01 7.04996E-01  -1.79714E-07 7.04678E-01 
7.39998E+01 6.99996E-01  -3.30304E-07 6.99675E-01 
7.40998E+01 6.94996E-01  -4.81864E-07 6.94670E-01 
7.41998E+01 6.89996E-01  -6.34666E-07 6.89670E-01 
7.42998E+01 6.84996E-01  -7.92451E-07 6.84649E-01 
7.43998E+01 6.79996E-01  -9.49662E-07 6.79705E-01 
7.44998E+01 6.74996E-01  -1.10976E-06 6.74676E-01 
7.45998E+01 6.69996E-01  -1.27445E-06 6.69686E-01 
7.46998E+01 6.64996E-01  -1.44216E-06 6.64696E-01 
7.47998E+01 6.59996E-01  -1.60764E-06 6.59683E-01 
7.48998E+01 6.54996E-01  -1.78418E-06 6.54693E-01 
7.49998E+01 6.49996E-01  -1.95707E-06 6.49667E-01 
7.50998E+01 6.44996E-01  -2.13270E-06 6.44685E-01 
7.51998E+01 6.39996E-01  -2.31417E-06 6.39680E-01 
7.52998E+01 6.34996E-01  -2.49551E-06 6.34687E-01 
7.53998E+01 6.29996E-01  -2.68169E-06 6.29643E-01 
7.54998E+01 6.24996E-01  -2.86851E-06 6.24639E-01 
7.55998E+01 6.19996E-01  -3.05858E-06 6.19641E-01 
7.56998E+01 6.14996E-01  -3.24947E-06 6.14647E-01 
7.57998E+01 6.09996E-01  -3.44340E-06 6.09635E-01 
7.58998E+01 6.04996E-01  -3.64527E-06 6.04627E-01 
7.59998E+01 5.99996E-01  -3.84466E-06 5.99620E-01 
7.60998E+01 5.94997E-01  -4.04813E-06 5.94617E-01 
7.61998E+01 5.89997E-01  -4.25301E-06 5.89619E-01 
7.62998E+01 5.84997E-01  -4.46327E-06 5.84626E-01 
7.63998E+01 5.79997E-01  -4.67695E-06 5.79636E-01 
7.64998E+01 5.74997E-01  -4.89226E-06 5.74639E-01 
7.65998E+01 5.69997E-01  -5.10856E-06 5.69636E-01 
7.66998E+01 5.64997E-01  -5.32689E-06 5.64615E-01 
7.67998E+01 5.59997E-01  -5.54890E-06 5.59624E-01 
7.68998E+01 5.54997E-01  -5.77978E-06 5.54622E-01 
7.69998E+01 5.49997E-01  -6.00987E-06 5.49620E-01 
7.70998E+01 5.44997E-01  -6.24457E-06 5.44621E-01 
7.71998E+01 5.39997E-01  -6.48620E-06 5.39587E-01 
7.72998E+01 5.34997E-01  -6.72937E-06 5.34605E-01 
7.73998E+01 5.29997E-01  -6.97473E-06 5.29625E-01 
7.74998E+01 5.24997E-01  -7.22470E-06 5.24589E-01 
7.75998E+01 5.19997E-01  -7.47944E-06 5.19610E-01 
7.76998E+01 5.14997E-01  -7.74070E-06 5.14616E-01 
7.77998E+01 5.09997E-01  -8.00417E-06 5.09615E-01 
7.78998E+01 5.04997E-01  -8.27653E-06 5.04593E-01 
7.79998E+01 4.99997E-01  -8.55139E-06 4.99576E-01 
7.80998E+01 4.94997E-01  -8.82796E-06 4.94602E-01 
7.81998E+01 4.89997E-01  -9.11206E-06 4.89589E-01 
7.82998E+01 4.84997E-01  -9.40146E-06 4.84587E-01 
7.83998E+01 4.79997E-01  -9.69511E-06 4.79572E-01 
7.84998E+01 4.74997E-01  -9.99501E-06 4.74555E-01 
7.85998E+01 4.69997E-01  -1.03020E-05 4.69548E-01 
7.86998E+01 4.64997E-01  -1.06138E-05 4.64575E-01 
7.87998E+01 4.59997E-01  -1.09331E-05 4.59574E-01 
7.88998E+01 4.54997E-01  -1.12660E-05 4.54551E-01 
7.89998E+01 4.49997E-01  -1.15980E-05 4.49530E-01 
7.90998E+01 4.44997E-01  -1.19365E-05 4.44550E-01 
7.91998E+01 4.39997E-01  -1.22840E-05 4.39543E-01 
7.92998E+01 4.34997E-01  -1.26417E-05 4.34537E-01 
7.93998E+01 4.29997E-01  -1.30003E-05 4.29513E-01 
7.94998E+01 4.24997E-01  -1.33697E-05 4.24534E-01 
7.95998E+01 4.19997E-01  -1.37465E-05 4.19496E-01 
7.96998E+01 4.14997E-01  -1.41343E-05 4.14524E-01 
7.97998E+01 4.09997E-01  -1.45243E-05 4.09507E-01 
7.98998E+01 4.04997E-01  -1.49296E-05 4.04496E-01 
7.99998E+01 3.99997E-01  -1.53373E-05 3.99480E-01 
8.00998E+01 3.94997E-01  -1.57590E-05 3.94512E-01 
8.01998E+01 3.89997E-01  -1.61852E-05 3.89508E-01 
8.02998E+01 3.84997E-01  -1.66229E-05 3.84481E-01 
8.03998E+01 3.79997E-01  -1.70666E-05 3.79506E-01 
8.04998E+01 3.74997E-01  -1.75215E-05 3.74495E-01 
8.05998E+01 3.69997E-01  -1.79861E-05 3.69472E-01 
8.06998E+01 3.64997E-01  -1.84596E-05 3.64474E-01 
8.07998E+01 3.59997E-01  -1.89345E-05 3.59498E-01 
8.08998E+01 3.54997E-01  -1.94319E-05 3.54507E-01 
8.09998E+01 3.49997E-01  -1.99328E-05 3.49468E-01 
8.10998E+01 3.44997E-01  -2.04406E-05 3.44461E-01 
8.11998E+01 3.39997E-01  -2.09591E-05 3.39474E-01 
8.12998E+01 3.34997E-01  -2.14505E-05 3.34484E-01 
8.13998E+01 3.29997E-01  -2.19908E-05 3.29489E-01 
8.14998E+01 3.24997E-01  -2.25327E-05 3.24470E-01 
8.15998E+01 3.19997E-01  -2.30857E-05 3.19469E-01 
8.16998E+01 3.14997E-01  -2.36422E-05 3.14469E-01 
8.17998E+01 3.09997E-01  -2.42135E-05 3.09487E-01 
8.18998E+01 3.04997E-01  -2.47891E-05 3.04465E-01 
8.19998E+01 2.99997E-01  -2.53699E-05 2.99445E-01 
8.20998E+01 2.94997E-01  -2.59574E-05 2.94446E-01 
8.21998E+01 2.89997E-01  -2.65553E-05 2.89453E-01 
8.22998E+01 2.84997E-01  -2.71581E-05 2.84474E-01 
8.23998E+01 2.79997E-01  -2.77649E-05 2.79452E-01 
8.24998E+01 2.74997E-01  -2.83742E-05 2.74437E-01 
8.25998E+01 2.69997E-01  -2.89943E-05 2.69433E-01 
8.26998E+01 2.64997E-01  -2.96176E-05 2.64442E-01 
8.27998E+01 2.59997E-01  -3.02442E-05 2.59440E-01 
8.28998E+01 2.54997E-01  -3.08723E-05 2.54442E-01 
8.29998E+01 2.49997E-01  -3.15035E-05 2.49420E-01 
8.30998E+01 2.44997E-01  -3.21437E-05 2.44445E-01 
8.31998E+01 2.39997E-01  -3.27784E-05 2.39422E-01 
8.32998E+01 2.34997E-01  -3.34173E-05 2.34440E-01 
8.33998E+01 2.29997E-01  -3.40546E-05 2.29414E-01 
8.34998E+01 2.24997E-01  -3.46975E-05 2.24426E-01 
8.35998E+01 2.19997E-01  -3.53382E-05 2.19427E-01 
8.36998E+01 2.14997E-01  -3.59825E-05 2.14394E-01 
8.37998E+01 2.09997E-01  -3.66280E-05 2.09409E-01 
8.38998E+01 2.04997E-01  -3.72643E-05 2.04404E-01 
8.39998E+01 1.99997E-01  -3.78982E-05 1.99430E-01 
8.40998E+01 1.94998E-01  -3.85346E-05 1.94413E-01 
8.41998E+01 1.89998E-01  -3.91708E-05 1.89381E-01 
8.42998E+01 1.84998E-01  -3.98058E-05 1.84388E-01 
8.43998E+01 1.79998E-01  -4.04330E-05 1.79394E-01 
8.44998E+01 1.74998E-01  -4.10618E-05 1.74371E-01 
8.45998E+01 1.69998E-01  -4.16891E-05 1.69373E-01 
8.46998E+01 1.64998E-01  -4.23164E-05 1.64381E-01 
8.47998E+01 1.59998E-01  -4.29409E-05 1.59398E-01 
8.48998E+01 1.54998E-01  -4.35710E-05 1.54368E-01 
8.49998E+01 1.49998E-01  -4.41973E-05 1.49376E-01 
8.50998E+01 1.44998E-01  -4.48251E-05 1.44372E-01 
8.51998E+01 1.39998E-01  -4.54591E-05 1.39357E-01 
8.52998E+01 1.34998E-01  -4.60934E-05 1.34328E-01 
8.53998E+01 1.29998E-01  -4.67304E-05 1.29341E-01 
8.54998E+01 1.24998E-01  -4.73635E-05 1.24334E-01 
8.55998E+01 1.19998E-01  -4.80074E-05 1.19328E-01 
8.56998E+01 1.14998E-01  -4.86586E-05 1.14315E-01 
8.57998E+01 1.09998E-01  -4.93088E-05 1.09308E-01 
8.58998E+01 1.04998E-01  -4.99691E-05 1.04345E-01 
8.59998E+01 9.99977E-02  -5.06268E-05 9.93346E-02 
8.60998E+01 9.49978E-02  -5.12895E-05 9.43149E-02 
8.61998E+01 8.99978E-02  -5.19556E-05 8.93209E-02 
8.62998E+01 8.49978E-02  -5.26240E-05 8.43499E-02 
8.63998E+01 7.99978E-02  -5.32976E-05 7.93309E-02 
8.64998E+01 7.49978E-02  -5.39762E-05 7.43212E-02 
8.65998E+01 6.99978E-02  -5.46535E-05 6.93060E-02 
8.66998E+01 6.49978E-02  -5.53269E-05 6.43306E-02 
8.67998E+01 5.99978E-02  -5.60028E-05 5.93279E-02 
8.68998E+01 5.49979E-02  -5.66767E-05 5.43132E-02 
8.69998E+01 4.99979E-02  -5.73478E-05 4.92942E-02 
8.70998E+01 4.49979E-02  -5.80132E-05 4.43070E-02 
8.71998E+01 3.99979E-02  -5.86739E-05 3.93198E-02 
8.72998E+01 3.49979E-02  -5.93350E-05 3.42995E-02 
8.73998E+01 2.99979E-02  -5.99878E-05 2.92980E-02 
8.74998E+01 2.49979E-02  -6.06310E-05 2.42858E-02 
8.75998E+01 1.99979E-02  -6.12656E-05 1.92936E-02 
8.76998E+01 1.49980E-02  -6.18950E-05 1.42933E-02 
8.77998E+01 9.99797E-03  -6.25187E-05 9.27310E-03 
8.78998E+01 4.99799E-03  -6.31363E-05 4.26338E-03 
8.79998E+01 -2.00000E-06 -6.37401E-05 -7.14404E-04
8.80998E+01 -5.00199E-03 -6.43343E-05 -5.71782E-03
8.81998E+01 -1.00020E-02 -6.49231E-05 -1.07387E-02
8.82998E+01 -1.50020E-02 -6.55055E-05 -1.57403E-02
8.83998E+01 -2.00020E-02 -6.60742E-05 -2.07662E-02
8.84998E+01 -2.50019E-02 -6.66382E-05 -2.57271E-02
8.85998E+01 -3.00019E-02 -6.71914E-05 -3.07443E-02
8.86998E+01 -3.50019E-02 -6.77367E-05 -3.57539E-02
8.87998E+01 -4.00019E-02 -6.82777E-05 -4.07511E-02
8.88998E+01 -4.50019E-02 -6.88073E-05 -4.57252E-02
8.89998E+01 -5.00019E-02 -6.93347E-05 -5.07349E-02
8.90998E+01 -5.50019E-02 -6.98568E-05 -5.57364E-02
8.91998E+01 -6.00019E-02 -7.03725E-05 -6.07573E-02
8.92998E+01 -6.50018E-02 -7.08925E-05 -6.57457E-02
8.93998E+01 -7.00018E-02 -7.14025E-05 -7.07367E-02
8.94998E+01 -7.50018E-02 -7.19122E-05 -7.57444E-02
8.95998E+01 -8.00018E-02 -7.24180E-05 -8.07716E-02
8.96998E+01 -8.50018E-02 -7.29237E-05 -8.57544E-02
8.97998E+01 -9.00018E-02 -7.34321E-05 -9.07397E-02
8.98998E+01 -9.50018E-02 -7.39397E-05 -9.57662E-02
8.99998E+01 -1.00002E-01 -7.44489E-05 -1.00783E-01
9.00998E+01 -1.05002E-01 -7.49588E-05 -1.05759E-01
9.01998E+01 -1.10002E-01 -7.54769E-05 -1.10775E-01
9.02998E+01 -1.15002E-01 -7.59944E-05 -1.15752E-01
9.03998E+01 -1.20002E-01 -7.65186E-05 -1.20780E-01
9.04998E+01 -1.25002E-01 -7.70493E-05 -1.25782E-01
9.05998E+01 -1.30002E-01 -7.75894E-05 -1.30771E-01
9.06998E+01 -1.35002E-01 -7.81419E-05 -1.35775E-01
9.07998E+01 -1.40002E-01 -7.87035E-05 -1.40783E-01
9.08998E+01 -1.45002E-01 -7.92797E-05 -1.45797E-01
9.09998E+01 -1.50002E-01 -7.98714E-05 -1.50782E-01
9.10998E+01 -1.55002E-01 -8.04863E-05 -1.55810E-01
9.11998E+01 -1.60002E-01 -8.11226E-05 -1.60829E-01
9.12998E+01 -1.65002E-01 -8.17898E-05 -1.65812E-01
9.13998E+01 -1.70002E-01 -8.24824E-05 -1.70817E-01
9.14998E+01 -1.75002E-01 -8.32208E-05 -1.75831E-01
9.15998E+01 -1.80002E-01 -8.39936E-05 -1.80842E-01
9.16998E+01 -1.85002E-01 -8.48260E-05 -1.85843E-01
9.17998E+01 -1.90002E-01 -8.57206E-05 -1.90849E-01
9.18998E+01 -1.95002E-01 -8.66921E-05 -1.95845E-01
9.19998E+01 -2.00002E-01 -8.77499E-05 -2.00841E-01
9.20998E+01 -2.05001E-01 -8.88708E-05 -2.05840E-01
9.21998E+01 -2.10001E-01 -9.00218E-05 -2.10839E-01
9.22998E+01 -2.15001E-01 -9.12460E-05 -2.15846E-01
9.23998E+01 -2.20001E-01 -9.24954E-05 -2.20848E-01
9.24998E+01 -2.25001E-01 -9.37515E-05 -2.25844E-01
9.25998E+01 -2.30001E-01 -9.50043E-05 -2.30840E-01
9.26998E+01 -2.35001E-01 -9.62401E-05 -2.35864E-01
9.27998E+01 -2.40001E-01 -9.74608E-05 -2.40874E-01
9.28998E+01 -2.45001E-01 -9.86496E-05 -2.45864E-01
9.29998E+01 -2.50001E-01 -9.97966E-05 -2.50849E-01
9.30998E+01 -2.55001E-01 -1.00872E-04 -2.55848E-01
9.31998E+01 -2.60001E-01 -1.01841E-04 -2.60877E-01
9.32998E+01 -2.65001E-01 -1.02639E-04 -2.65865E-01
9.33998E+01 -2.70001E-01 -1.03222E-04 -2.70866E-01
9.34998E+01 -2.75001E-01 -1.03513E-04 -2.75886E-01
9.35998E+01 -2.80001E-01 -1.03434E-04 -2.80861E-01
9.36998E+01 -2.85001E-01 -1.02928E-04 -2.85862E-01
9.37998E+01 -2.90001E-01 -1.01895E-04 -2.90856E-01
9.38998E+01 -2.95001E-01 -1.00036E-04 -2.95871E-01
9.39998E+01 -3.00001E-01 -9.69287E-05 -3.00846E-01
9.40998E+01 -3.05001E-01 -9.23158E-05 -3.05879E-01
9.41998E+01 -3.10001E-01 -8.67059E-05 -3.10878E-01
9.42998E+01 -3.15001E-01 -8.07882E-05 -3.15886E-01
9.43998E+01 -3.20001E-01 -7.50607E-05 -3.20874E-01
9.44998E+01 -3.25001E-01 -6.99777E-05 -3.25880E-01
9.45998E+01 -3.30001E-01 -6.57738E-05 -3.30912E-01
9.46998E+01 -3.35001E-01 -6.24412E-05 -3.35878E-01
9.47998E+01 -3.40001E-01 -5.97971E-05 -3.40877E-01
9.48998E+01 -3.45001E-01 -5.76308E-05 -3.45882E-01
9.49998E+01 -3.50001E-01 -5.58305E-05 -3.50892E-01
9.50998E+01 -3.55001E-01 -5.43020E-05 -3.55923E-01
9.51998E+01 -3.60001E-01 -5.30048E-05 -3.60907E-01
9.52998E+01 -3.65001E-01 -5.18305E-05 -3.65883E-01
9.53998E+01 -3.70001E-01 -5.07669E-05 -3.70895E-01
9.54998E+01 -3.75001E-01 -4.98476E-05 -3.75933E-01
9.55998E+01 -3.80001E-01 -4.90310E-05 -3.80912E-01
9.56998E+01 -3.85001E-01 -4.82832E-05 -3.85916E-01
9.57998E+01 -3.90001E-01 -4.75558E-05 -3.90937E-01
9.58998E+01 -3.95001E-01 -4.69633E-05 -3.95935E-01
9.59998E+01 -4.00001E-01 -4.64191E-05 -4.00906E-01
9.60998E+01 -4.05001E-01 -4.58510E-05 -4.05913E-01
9.61998E+01 -4.10001E-01 -4.53492E-05 -4.10915E-01
9.62998E+01 -4.15001E-01 -4.48334E-05 -4.15941E-01
9.63998E+01 -4.20001E-01 -4.43724E-05 -4.20932E-01
9.64998E+01 -4.25001E-01 -4.39544E-05 -4.25955E-01
9.65998E+01 -4.30001E-01 -4.35484E-05 -4.30968E-01
9.66998E+01 -4.35001E-01 -4.31763E-05 -4.35967E-01
9.67998E+01 -4.40001E-01 -4.28070E-05 -4.40964E-01
9.68998E+01 -4.45001E-01 -4.24216E-05 -4.45970E-01
9.69998E+01 -4.50001E-01 -4.20586E-05 -4.50970E-01
9.70998E+01 -4.55001E-01 -4.17304E-05 -4.55989E-01
9.71998E+01 -4.60001E-01 -4.14110E-05 -4.60956E-01
9.72998E+01 -4.65001E-01 -4.10946E-05 -4.65963E-01
9.73998E+01 -4.70001E-01 -4.08075E-05 -4.70970E-01
9.74998E+01 -4.75001E-01 -4.05138E-05 -4.75983E-01
9.75998E+01 -4.80001E-01 -4.02363E-05 -4.80986E-01
9.76998E+01 -4.85001E-01 -3.99546E-05 -4.86008E-01
9.77998E+01 -4.90001E-01 -3.96727E-05 -4.90997E-01
9.78998E+01 -4.95001E-01 -3.94173E-05 -4.95998E-01
9.79998E+01 -5.00001E-01 -3.91399E-05 -5.01009E-01
9.80998E+01 -5.05001E-01 -3.88803E-05 -5.06015E-01
9.81998E+01 -5.10001E-01 -3.86689E-05 -5.11017E-01
9.82998E+01 -5.15001E-01 -3.84677E-05 -5.16015E-01
9.83998E+01 -5.20001E-01 -3.82566E-05 -5.21004E-01
9.84998E+01 -5.25001E-01 -3.80418E-05 -5.26016E-01
9.85998E+01 -5.30001E-01 -3.78340E-05 -5.31014E-01
9.86998E+01 -5.35001E-01 -3.75713E-05 -5.36001E-01
9.87998E+01 -5.40001E-01 -3.73291E-05 -5.41019E-01
9.88998E+01 -5.45001E-01 -3.71384E-05 -5.46014E-01
9.89998E+01 -5.50001E-01 -3.69583E-05 -5.51032E-01
9.90998E+01 -5.55001E-01 -3.68192E-05 -5.56028E-01
9.91998E+01 -5.60001E-01 -3.67455E-05 -5.60997E-01
9.92998E+01 -5.65001E-01 -3.66728E-05 -5.66028E-01
9.93998E+01 -5.70001E-01 -3.65793E-05 -5.71031E-01
9.94998E+01 -5.75001E-01 -3.64982E-05 -5.76025E-01
9.95998E+01 -5.80001E-01 -3.64028E-05 -5.81017E-01
9.96998E+01 -5.85001E-01 -3.63079E-05 -5.86044E-01
9.97998E+01 -5.90001E-01 -3.62262E-05 -5.91041E-01
9.98998E+01 -5.95001E-01 -3.61552E-05 -5.96057E-01
9.99997E+01 -6.00001E-01 -3.60984E-05 -6.01039E-01
1.00100E+02 -6.05000E-01 -3.60596E-05 -6.06055E-01
1.00200E+02 -6.10000E-01 -3.60249E-05 -6.11046E-01
1.00300E+02 -6.15000E-01 -3.59941E-05 -6.16066E-01
1.00400E+02 -6.20000E-01 -3.59761E-05 -6.21046E-01
1.00500E+02 -6.25000E-01 -3.59684E-05 -6.26055E-01
1.00600E+02 -6.30000E-01 -3.59647E-05 -6.31051E-01
1.00700E+02 -6.35000E-01 -3.59766E-05 -6.36059E-01
1.00800E+02 -6.40000E-01 -3.59925E-05 -6.41070E-01
1.00900E+02 -6.45000E-01 -3.60125E-05 -6.46075E-01
1.01000E+02 -6.50000E-01 -3.60333E-05 -6.51072E-01
1.01100E+02 -6.55000E-01 -3.60584E-05 -6.56100E-01
1.01200E+02 -6.60000E-01 -3.60937E-05 -6.61099E-01
1.01300E+02 -6.65000E-01 -3.61301E-05 -6.66096E-01
1.01400E+02 -6.70000E-01 -3.61680E-05 -6.71084E-01
1.01500E+02 -6.75000E-01 -3.62087E-05 -6.76116E-01
1.01600E+02 -6.80000E-01 -3.62521E-05 -6.81125E-01
1.01700E+02 -6.85000E-01 -3.62909E-05 -6.86098E-01
1.01800E+02 -6.90000E-01 -3.63353E-05 -6.91114E-01
1.01900E+02 -6.95000E-01 -3.63783E-05 -6.96113E-01
1.02000E+02 -7.00000E-01 -3.64233E-05 -7.01125E-01
1.02100E+02 -7.05000E-01 -3.64634E-05 -7.06130E-01
1.02200E+02 -7.10000E-01 -3.65070E-05 -7.11124E-01
1.02300E+02 -7.15000E-01 -3.65415E-05 -7.16118E-01
1.02400E+02 -7.20000E-01 -3.65820E-05 -7.21135E-01
1.02500E+02 -7.25000E-01 -3.66210E-05 -7.26113E-01
1.02600E+02 -7.30000E-01 -3.66654E-05 -7.31118E-01
1.02700E+02 -7.35000E-01 -3.66972E-05 -7.36119E-01
1.02800E+02 -7.40000E-01 -3.67365E-05 -7.41142E-01
1.02900E+02 -7.45000E-01 -3.67712E-05 -7.46160E-01
1.03000E+02 -7.50000E-01 -3.68021E-05 -7.51136E-01
1.03100E+02 -7.55000E-01 -3.68247E-05 -7.56148E-01
1.03200E+02 -7.60000E-01 -3.68498E-05 -7.61150E-01
1.03300E+02 -7.65000E-01 -3.68789E-05 -7.66160E-01
1.03400E+02 -7.70000E-01 -3.69059E-05 -7.71129E-01
1.03500E+02 -7.75000E-01 -3.69308E-05 -7.76167E-01
1.03600E+02 -7.80000E-01 -3.69497E-05 -7.81149E-01
1.03700E+02 -7.85000E-01 -3.69755E-05 -7.86158E-01
1.03800E+02 -7.90000E-01 -3.69888E-05 -7.91139E-01
1.03900E+02 -7.95000E-01 -3.70093E-05 -7.96147E-01
