time/s      E/V        I/A
0.00000E+00 -8.00000E-01 -5.05808E-05 -8.01003E-01
9.99997E-02 -7.95000E-01 -4.88635E-05 -7.96015E-01
1.99999E-01 -7.90000E-01 -4.74703E-05 -7.90990E-01
2.99999E-01 -7.85000E-01 -4.62335E-05 -7.86012E-01
3.99999E-01 -7.80000E-01 -4.50908E-05 -7.80993E-01
4.99999E-01 -7.75000E-01 -4.40302E-05 -7.75990E-01
5.99998E-01 -7.70000E-01 -4.30382E-05 -7.70978E-01
6.99998E-01 -7.65000E-01 -4.21012E-05 -7.65985E-01
7.99998E-01 -7.60000E-01 -4.11923E-05 -7.60969E-01
8.99998E-01 -7.55000E-01 -4.03557E-05 -7.55978E-01
9.99997E-01 -7.50000E-01 -3.95372E-05 -7.50972E-01
1.10000E+00 -7.45000E-01 -3.87674E-05 -7.45978E-01
1.20000E+00 -7.40000E-01 -3.85325E-05 -7.40985E-01
1.30000E+00 -7.35000E-01 -3.77977E-05 -7.35977E-01
1.40000E+00 -7.30000E-01 -3.70905E-05 -7.30967E-01
1.50000E+00 -7.25000E-01 -3.64161E-05 -7.25988E-01
1.60000E+00 -7.20000E-01 -3.57574E-05 -7.20985E-01
1.70000E+00 -7.15000E-01 -3.51285E-05 -7.15970E-01
1.80000E+00 -7.10000E-01 -3.45177E-05 -7.10956E-01
1.90000E+00 -7.05000E-01 -3.39325E-05 -7.05973E-01
1.99999E+00 -7.00000E-01 -3.33575E-05 -7.00948E-01
2.09999E+00 -6.95000E-01 -3.27999E-05 -6.95971E-01
2.19999E+00 -6.90000E-01 -3.22671E-05 -6.90969E-01
2.29999E+00 -6.85000E-01 -3.17363E-05 -6.85946E-01
2.39999E+00 -6.80000E-01 -3.12213E-05 -6.80955E-01
2.49999E+00 -6.75000E-01 -3.07205E-05 -6.75972E-01
2.59999E+00 -6.70000E-01 -3.02329E-05 -6.70953E-01
2.69999E+00 -6.65000E-01 -2.97569E-05 -6.65960E-01
2.79999E+00 -6.60000E-01 -2.92934E-05 -6.60961E-01
2.89999E+00 -6.55000E-01 -2.88392E-05 -6.55975E-01
2.99999E+00 -6.50000E-01 -2.83969E-05 -6.50915E-01
3.09999E+00 -6.45000E-01 -2.79667E-05 -6.45932E-01
3.19999E+00 -6.40000E-01 -2.75478E-05 -6.40914E-01
3.29999E+00 -6.35000E-01 -2.71282E-05 -6.35920E-01
3.39999E+00 -6.30000E-01 -2.67228E-05 -6.30918E-01
3.49999E+00 -6.25000E-01 -2.63126E-05 -6.25889E-01
3.59999E+00 -6.20000E-01 -2.59291E-05 -6.20910E-01
3.69999E+00 -6.15000E-01 -2.55368E-05 -6.15915E-01
3.79999E+00 -6.10000E-01 -2.51602E-05 -6.10910E-01
3.89999E+00 -6.05000E-01 -2.47838E-05 -6.05903E-01
3.99999E+00 -6.00001E-01 -2.44150E-05 -6.00880E-01
4.09999E+00 -5.95001E-01 -2.40539E-05 -5.95921E-01
4.19999E+00 -5.90001E-01 -2.36956E-05 -5.90900E-01
4.29999E+00 -5.85001E-01 -2.33378E-05 -5.85873E-01
4.39999E+00 -5.80001E-01 -2.29916E-05 -5.80891E-01
4.49999E+00 -5.75001E-01 -2.26435E-05 -5.75874E-01
4.59999E+00 -5.70001E-01 -2.23056E-05 -5.70879E-01
4.69999E+00 -5.65001E-01 -2.19671E-05 -5.65914E-01
4.79999E+00 -5.60001E-01 -2.16349E-05 -5.60884E-01
4.89999E+00 -5.55001E-01 -2.13018E-05 -5.55881E-01
4.99999E+00 -5.50001E-01 -2.09748E-05 -5.50888E-01
5.09999E+00 -5.45001E-01 -2.06468E-05 -5.45865E-01
5.19999E+00 -5.40001E-01 -2.03263E-05 -5.40868E-01
5.29999E+00 -5.35001E-01 -2.00073E-05 -5.35867E-01
5.39999E+00 -5.30001E-01 -1.96861E-05 -5.30883E-01
5.49999E+00 -5.25001E-01 -1.93373E-05 -5.25854E-01
5.59999E+00 -5.20001E-01 -1.90236E-05 -5.20834E-01
5.69999E+00 -5.15001E-01 -1.87007E-05 -5.15865E-01
5.79999E+00 -5.10001E-01 -1.83729E-05 -5.10871E-01
5.89999E+00 -5.05001E-01 -1.80306E-05 -5.05876E-01
5.99998E+00 -5.00001E-01 -1.77062E-05 -5.00853E-01
6.09998E+00 -4.95001E-01 -1.73597E-05 -4.95880E-01
6.19998E+00 -4.90001E-01 -1.69211E-05 -4.90863E-01
6.29998E+00 -4.85001E-01 -1.65423E-05 -4.85857E-01
6.39998E+00 -4.80001E-01 -1.64407E-05 -4.80841E-01
6.49998E+00 -4.75001E-01 -1.63768E-05 -4.75832E-01
6.59998E+00 -4.70001E-01 -1.62219E-05 -4.70815E-01
6.69998E+00 -4.65001E-01 -1.60121E-05 -4.65807E-01
6.79998E+00 -4.60001E-01 -1.58195E-05 -4.60831E-01
6.89998E+00 -4.55001E-01 -1.55383E-05 -4.55831E-01
6.99998E+00 -4.50001E-01 -1.52395E-05 -4.50827E-01
7.09998E+00 -4.45001E-01 -1.49649E-05 -4.45821E-01
7.19998E+00 -4.40001E-01 -1.46637E-05 -4.40809E-01
7.29998E+00 -4.35001E-01 -1.43973E-05 -4.35824E-01
7.39998E+00 -4.30001E-01 -1.41249E-05 -4.30802E-01
7.49998E+00 -4.25001E-01 -1.38383E-05 -4.25808E-01
7.59998E+00 -4.20001E-01 -1.35513E-05 -4.20819E-01
7.69998E+00 -4.15001E-01 -1.32946E-05 -4.15829E-01
7.79998E+00 -4.10001E-01 -1.30439E-05 -4.10815E-01
7.89998E+00 -4.05001E-01 -1.28130E-05 -4.05804E-01
7.99998E+00 -4.00001E-01 -1.25953E-05 -4.00828E-01
8.09998E+00 -3.95001E-01 -1.23671E-05 -3.95841E-01
8.19998E+00 -3.90001E-01 -1.21239E-05 -3.90825E-01
8.29998E+00 -3.85001E-01 -1.18814E-05 -3.85826E-01
8.39998E+00 -3.80001E-01 -1.16957E-05 -3.80824E-01
8.49998E+00 -3.75001E-01 -1.14447E-05 -3.75826E-01
8.59998E+00 -3.70001E-01 -1.11980E-05 -3.70822E-01
8.69998E+00 -3.65001E-01 -1.09368E-05 -3.65809E-01
8.79998E+00 -3.60001E-01 -1.07620E-05 -3.60812E-01
8.89998E+00 -3.55001E-01 -1.05910E-05 -3.55830E-01
8.99998E+00 -3.50001E-01 -1.04491E-05 -3.50816E-01
9.09998E+00 -3.45001E-01 -1.02711E-05 -3.45790E-01
9.19998E+00 -3.40001E-01 -1.00872E-05 -3.40796E-01
9.29998E+00 -3.35001E-01 -9.88509E-06 -3.35805E-01
9.39998E+00 -3.30001E-01 -9.69633E-06 -3.30793E-01
9.49998E+00 -3.25001E-01 -9.47156E-06 -3.25770E-01
9.59998E+00 -3.20001E-01 -9.19610E-06 -3.20768E-01
9.69998E+00 -3.15001E-01 -9.04869E-06 -3.15769E-01
9.79998E+00 -3.10001E-01 -8.87208E-06 -3.10761E-01
9.89998E+00 -3.05001E-01 -8.67695E-06 -3.05774E-01
9.99997E+00 -3.00001E-01 -8.46858E-06 -3.00757E-01
1.01000E+01 -2.95001E-01 -8.22331E-06 -2.95751E-01
1.02000E+01 -2.90001E-01 -8.01816E-06 -2.90737E-01
1.03000E+01 -2.85001E-01 -7.91389E-06 -2.85738E-01
1.04000E+01 -2.80001E-01 -7.85950E-06 -2.80747E-01
1.05000E+01 -2.75001E-01 -7.72249E-06 -2.75764E-01
1.06000E+01 -2.70001E-01 -7.46602E-06 -2.70726E-01
1.07000E+01 -2.65001E-01 -7.22313E-06 -2.65743E-01
1.08000E+01 -2.60001E-01 -7.02318E-06 -2.60725E-01
1.09000E+01 -2.55001E-01 -6.79936E-06 -2.55727E-01
1.10000E+01 -2.50001E-01 -6.59271E-06 -2.50719E-01
1.11000E+01 -2.45001E-01 -6.38831E-06 -2.45750E-01
1.12000E+01 -2.40001E-01 -6.15709E-06 -2.40725E-01
1.13000E+01 -2.35001E-01 -5.92752E-06 -2.35735E-01
1.14000E+01 -2.30001E-01 -5.68965E-06 -2.30704E-01
1.15000E+01 -2.25001E-01 -5.47870E-06 -2.25708E-01
1.16000E+01 -2.20001E-01 -5.27778E-06 -2.20706E-01
1.17000E+01 -2.15001E-01 -5.10652E-06 -2.15703E-01
1.18000E+01 -2.10001E-01 -4.92591E-06 -2.10692E-01
1.19000E+01 -2.05001E-01 -4.75616E-06 -2.05710E-01
1.20000E+01 -2.00002E-01 -4.55478E-06 -2.00724E-01
1.21000E+01 -1.95002E-01 -4.35470E-06 -1.95696E-01
1.22000E+01 -1.90002E-01 -4.13533E-06 -1.90701E-01
1.23000E+01 -1.85002E-01 -3.94855E-06 -1.85702E-01
1.24000E+01 -1.80002E-01 -3.77662E-06 -1.80693E-01
1.25000E+01 -1.75002E-01 -3.63465E-06 -1.75695E-01
1.26000E+01 -1.70002E-01 -3.50149E-06 -1.70682E-01
1.27000E+01 -1.65002E-01 -3.31669E-06 -1.65717E-01
1.28000E+01 -1.60002E-01 -3.09217E-06 -1.60675E-01
1.29000E+01 -1.55002E-01 -2.90796E-06 -1.55648E-01
1.30000E+01 -1.50002E-01 -2.77123E-06 -1.50654E-01
1.31000E+01 -1.45002E-01 -2.60927E-06 -1.45682E-01
1.32000E+01 -1.40002E-01 -2.45663E-06 -1.40681E-01
1.33000E+01 -1.35002E-01 -2.24722E-06 -1.35665E-01
1.34000E+01 -1.30002E-01 -2.04096E-06 -1.30652E-01
1.35000E+01 -1.25002E-01 -1.83462E-06 -1.25666E-01
1.36000E+01 -1.20002E-01 -1.64780E-06 -1.20655E-01
1.37000E+01 -1.15002E-01 -1.47802E-06 -1.15651E-01
1.38000E+01 -1.10002E-01 -1.30422E-06 -1.10640E-01
1.39000E+01 -1.05002E-01 -1.12429E-06 -1.05661E-01
1.40000E+01 -1.00002E-01 -9.42013E-07 -1.00650E-01
1.41000E+01 -9.50018E-02 -7.66202E-07 -9.56588E-02
1.42000E+01 -9.00018E-02 -5.84411E-07 -9.06342E-02
1.43000E+01 -8.50018E-02 -3.79690E-07 -8.56495E-02
1.44000E+01 -8.00018E-02 -2.01149E-07 -8.06535E-02
1.45000E+01 -7.50018E-02 1.27254E-08  -7.56482E-02
1.46000E+01 -7.00018E-02 2.86386E-07  -7.06255E-02
1.47000E+01 -6.50018E-02 4.49870E-07  -6.56215E-02
1.48000E+01 -6.00019E-02 6.14094E-07  -6.06561E-02
1.49000E+01 -5.50019E-02 7.91443E-07  -5.56452E-02
1.50000E+01 -5.00019E-02 9.81476E-07  -5.06293E-02
1.51000E+01 -4.50019E-02 1.19412E-06  -4.56177E-02
1.52000E+01 -4.00019E-02 1.42310E-06  -4.06518E-02
1.53000E+01 -3.50019E-02 1.58046E-06  -3.56340E-02
1.54000E+01 -3.00019E-02 1.71122E-06  -3.06294E-02
1.55000E+01 -2.50019E-02 1.98090E-06  -2.56172E-02
1.56000E+01 -2.00020E-02 2.31745E-06  -2.06231E-02
1.57000E+01 -1.50020E-02 2.50413E-06  -1.56154E-02
1.58000E+01 -1.00020E-02 2.70735E-06  -1.05920E-02
1.59000E+01 -5.00199E-03 2.93800E-06  -5.59602E-03
1.60000E+01 -2.00000E-06 3.16673E-06  -5.97608E-04
1.61000E+01 4.99799E-03  3.35305E-06  4.39518E-03 
1.62000E+01 9.99797E-03  3.55268E-06  9.39421E-03 
1.63000E+01 1.49980E-02  3.76563E-06  1.44214E-02 
1.64000E+01 1.99979E-02  3.98863E-06  1.94242E-02 
1.65000E+01 2.49979E-02  4.19585E-06  2.44207E-02 
1.66000E+01 2.99979E-02  4.51236E-06  2.93954E-02 
1.67000E+01 3.49979E-02  4.91132E-06  3.44288E-02 
1.68000E+01 3.99979E-02  5.46642E-06  3.94584E-02 
1.69000E+01 4.49979E-02  5.94568E-06  4.44294E-02 
1.70000E+01 4.99979E-02  6.30259E-06  4.94272E-02 
1.71000E+01 5.49979E-02  6.54793E-06  5.44393E-02 
1.72000E+01 5.99978E-02  6.77868E-06  5.94490E-02 
1.73000E+01 6.49978E-02  6.95170E-06  6.44549E-02 
1.74000E+01 6.99978E-02  7.16425E-06  6.94171E-02 
1.75000E+01 7.49978E-02  7.54953E-06  7.44524E-02 
1.76000E+01 7.99978E-02  7.98194E-06  7.94583E-02 
1.77000E+01 8.49978E-02  8.12533E-06  8.44436E-02 
1.78000E+01 8.99978E-02  7.89778E-06  8.94352E-02 
1.79000E+01 9.49978E-02  7.98732E-06  9.44667E-02 
1.80000E+01 9.99977E-02  8.30461E-06  9.94638E-02 
1.81000E+01 1.04998E-01  8.11844E-06  1.04449E-01 
1.82000E+01 1.09998E-01  7.94488E-06  1.09451E-01 
1.83000E+01 1.14998E-01  7.98651E-06  1.14457E-01 
1.84000E+01 1.19998E-01  8.35932E-06  1.19470E-01 
1.85000E+01 1.24998E-01  8.84056E-06  1.24484E-01 
1.86000E+01 1.29998E-01  9.23076E-06  1.29465E-01 
1.87000E+01 1.34998E-01  9.61197E-06  1.34457E-01 
1.88000E+01 1.39998E-01  9.93896E-06  1.39472E-01 
1.89000E+01 1.44998E-01  1.02991E-05  1.44460E-01 
1.90000E+01 1.49998E-01  1.06890E-05  1.49481E-01 
1.91000E+01 1.54998E-01  1.11237E-05  1.54469E-01 
1.92000E+01 1.59998E-01  1.15928E-05  1.59486E-01 
1.93000E+01 1.64998E-01  1.20416E-05  1.64478E-01 
1.94000E+01 1.69998E-01  1.24988E-05  1.69478E-01 
1.95000E+01 1.74998E-01  1.29682E-05  1.74489E-01 
1.96000E+01 1.79998E-01  1.34376E-05  1.79504E-01 
1.97000E+01 1.84998E-01  1.38979E-05  1.84490E-01 
1.98000E+01 1.89998E-01  1.43632E-05  1.89480E-01 
1.99000E+01 1.94998E-01  1.48143E-05  1.94496E-01 
1.99999E+01 1.99997E-01  1.52764E-05  1.99515E-01 
2.00999E+01 2.04997E-01  1.57435E-05  2.04513E-01 
2.01999E+01 2.09997E-01  1.62181E-05  2.09512E-01 
2.02999E+01 2.14997E-01  1.66871E-05  2.14516E-01 
2.03999E+01 2.19997E-01  1.71741E-05  2.19505E-01 
2.04999E+01 2.24997E-01  1.76820E-05  2.24512E-01 
2.05999E+01 2.29997E-01  1.82266E-05  2.29500E-01 
2.06999E+01 2.34997E-01  1.87407E-05  2.34502E-01 
2.07999E+01 2.39997E-01  1.92539E-05  2.39518E-01 
2.08999E+01 2.44997E-01  1.96956E-05  2.44522E-01 
2.09999E+01 2.49997E-01  2.01579E-05  2.49508E-01 
2.10999E+01 2.54997E-01  2.06419E-05  2.54511E-01 
2.11999E+01 2.59997E-01  2.11229E-05  2.59507E-01 
2.12999E+01 2.64997E-01  2.16172E-05  2.64537E-01 
2.13999E+01 2.69997E-01  2.21071E-05  2.69538E-01 
2.14999E+01 2.74997E-01  2.26007E-05  2.74527E-01 
2.15999E+01 2.79997E-01  2.31324E-05  2.79533E-01 
2.16999E+01 2.84997E-01  2.38173E-05  2.84532E-01 
2.17999E+01 2.89997E-01  2.44345E-05  2.89534E-01 
2.18999E+01 2.94997E-01  2.50215E-05  2.94535E-01 
2.19999E+01 2.99997E-01  2.55551E-05  2.99563E-01 
2.20999E+01 3.04997E-01  2.60568E-05  3.04555E-01 
2.21999E+01 3.09997E-01  2.65402E-05  3.09550E-01 
2.22999E+01 3.14997E-01  2.70490E-05  3.14556E-01 
2.23999E+01 3.19997E-01  2.76307E-05  3.19557E-01 
2.24999E+01 3.24997E-01  2.82774E-05  3.24567E-01 
2.25999E+01 3.29997E-01  2.90479E-05  3.29565E-01 
2.26999E+01 3.34997E-01  2.98792E-05  3.34570E-01 
2.27999E+01 3.39997E-01  3.06781E-05  3.39574E-01 
2.28999E+01 3.44997E-01  3.37437E-05  3.44573E-01 
2.29999E+01 3.49997E-01  3.51478E-05  3.49571E-01 
2.30999E+01 3.54997E-01  3.66015E-05  3.54596E-01 
2.31999E+01 3.59997E-01  3.74533E-05  3.59567E-01 
2.32999E+01 3.64997E-01  3.79287E-05  3.64563E-01 
2.33999E+01 3.69997E-01  3.81178E-05  3.69575E-01 
2.34999E+01 3.74997E-01  3.81128E-05  3.74607E-01 
2.35999E+01 3.79997E-01  3.80380E-05  3.79600E-01 
2.36999E+01 3.84997E-01  3.80085E-05  3.84578E-01 
2.37999E+01 3.89997E-01  3.80712E-05  3.89593E-01 
2.38999E+01 3.94997E-01  3.81715E-05  3.94593E-01 
2.39999E+01 3.99997E-01  3.82736E-05  3.99603E-01 
2.40999E+01 4.04997E-01  3.84371E-05  4.04585E-01 
2.41999E+01 4.09997E-01  3.86158E-05  4.09605E-01 
2.42999E+01 4.14997E-01  3.84440E-05  4.14632E-01 
2.43999E+01 4.19997E-01  3.88603E-05  4.19606E-01 
2.44999E+01 4.24997E-01  3.91254E-05  4.24622E-01 
2.45999E+01 4.29997E-01  3.92340E-05  4.29617E-01 
2.46999E+01 4.34997E-01  3.94337E-05  4.34620E-01 
2.47999E+01 4.39997E-01  3.95658E-05  4.39636E-01 
2.48999E+01 4.44997E-01  3.96283E-05  4.44607E-01 
2.49999E+01 4.49997E-01  3.96712E-05  4.49613E-01 
2.50999E+01 4.54997E-01  3.98432E-05  4.54610E-01 
2.51999E+01 4.59997E-01  3.99052E-05  4.59625E-01 
2.52999E+01 4.64997E-01  4.00311E-05  4.64624E-01 
2.53999E+01 4.69997E-01  4.01074E-05  4.69645E-01 
2.54999E+01 4.74997E-01  4.01657E-05  4.74633E-01 
2.55999E+01 4.79997E-01  4.01485E-05  4.79637E-01 
2.56999E+01 4.84997E-01  4.01067E-05  4.84675E-01 
2.57999E+01 4.89997E-01  3.99598E-05  4.89688E-01 
2.58999E+01 4.94997E-01  3.97229E-05  4.94666E-01 
2.59999E+01 4.99997E-01  3.95664E-05  4.99683E-01 
2.60999E+01 5.04997E-01  3.95334E-05  5.04686E-01 
2.61999E+01 5.09997E-01  3.95829E-05  5.09689E-01 
2.62999E+01 5.14997E-01  3.96726E-05  5.14681E-01 
2.63999E+01 5.19997E-01  3.97948E-05  5.19686E-01 
2.64999E+01 5.24997E-01  3.99278E-05  5.24668E-01 
2.65999E+01 5.29997E-01  4.00993E-05  5.29684E-01 
2.66999E+01 5.34997E-01  4.02455E-05  5.34695E-01 
2.67999E+01 5.39997E-01  4.03653E-05  5.39685E-01 
2.68999E+01 5.44997E-01  4.04888E-05  5.44662E-01 
2.69999E+01 5.49997E-01  4.06515E-05  5.49671E-01 
2.70999E+01 5.54997E-01  4.07615E-05  5.54683E-01 
2.71999E+01 5.59997E-01  4.09662E-05  5.59706E-01 
2.72999E+01 5.64997E-01  4.11486E-05  5.64682E-01 
2.73999E+01 5.69997E-01  4.12650E-05  5.69681E-01 
2.74999E+01 5.74997E-01  4.13899E-05  5.74709E-01 
2.75999E+01 5.79997E-01  4.15782E-05  5.79716E-01 
2.76999E+01 5.84997E-01  4.16698E-05  5.84694E-01 
2.77999E+01 5.89997E-01  4.19748E-05  5.89718E-01 
2.78999E+01 5.94997E-01  4.21356E-05  5.94713E-01 
2.79999E+01 5.99996E-01  4.22262E-05  5.99697E-01 
2.80999E+01 6.04996E-01  4.23308E-05  6.04702E-01 
2.81999E+01 6.09996E-01  4.25432E-05  6.09706E-01 
2.82999E+01 6.14996E-01  4.27505E-05  6.14732E-01 
2.83999E+01 6.19996E-01  4.28887E-05  6.19726E-01 
2.84999E+01 6.24996E-01  4.32299E-05  6.24748E-01 
2.85999E+01 6.29996E-01  4.33866E-05  6.29722E-01 
2.86999E+01 6.34996E-01  4.35393E-05  6.34740E-01 
2.87999E+01 6.39996E-01  4.37564E-05  6.39757E-01 
2.88999E+01 6.44996E-01  4.39828E-05  6.44760E-01 
2.89999E+01 6.49996E-01  4.42360E-05  6.49731E-01 
2.90999E+01 6.54996E-01  4.44958E-05  6.54756E-01 
2.91999E+01 6.59996E-01  4.46621E-05  6.59754E-01 
2.92999E+01 6.64996E-01  4.48765E-05  6.64739E-01 
2.93999E+01 6.69996E-01  4.51218E-05  6.69742E-01 
2.94999E+01 6.74996E-01  4.54053E-05  6.74743E-01 
2.95999E+01 6.79996E-01  4.56665E-05  6.79778E-01 
2.96999E+01 6.84996E-01  4.59038E-05  6.84774E-01 
2.97999E+01 6.89996E-01  4.61449E-05  6.89754E-01 
2.98999E+01 6.94996E-01  4.63800E-05  6.94753E-01 
2.99999E+01 6.99996E-01  4.66221E-05  6.99753E-01 
3.00999E+01 7.04996E-01  4.68521E-05  7.04746E-01 
3.01999E+01 7.09996E-01  4.70858E-05  7.09747E-01 
3.02999E+01 7.14996E-01  4.73082E-05  7.14742E-01 
3.03999E+01 7.19996E-01  4.75535E-05  7.19740E-01 
3.04999E+01 7.24996E-01  4.78115E-05  7.24764E-01 
3.05999E+01 7.29996E-01  4.80245E-05  7.29764E-01 
3.06999E+01 7.34996E-01  4.82487E-05  7.34757E-01 
3.07999E+01 7.39996E-01  4.84744E-05  7.39769E-01 
3.08999E+01 7.44996E-01  4.86868E-05  7.44772E-01 
3.09999E+01 7.49996E-01  4.89166E-05  7.49761E-01 
3.10999E+01 7.54996E-01  4.91586E-05  7.54780E-01 
3.11999E+01 7.59996E-01  4.93872E-05  7.59792E-01 
3.12999E+01 7.64996E-01  4.96177E-05  7.64785E-01 
3.13999E+01 7.69996E-01  4.98605E-05  7.69790E-01 
3.14999E+01 7.74996E-01  5.00883E-05  7.74773E-01 
3.15999E+01 7.79996E-01  5.02810E-05  7.79789E-01 
3.16999E+01 7.84996E-01  5.04583E-05  7.84823E-01 
3.17999E+01 7.89996E-01  5.06718E-05  7.89856E-01 
3.18999E+01 7.94996E-01  5.08969E-05  7.94859E-01 
3.19999E+01 7.99996E-01  5.11029E-05  7.99842E-01 
3.20999E+01 8.04996E-01  5.13646E-05  8.04838E-01 
3.21999E+01 8.09996E-01  5.16523E-05  8.09850E-01 
3.22999E+01 8.14996E-01  5.18869E-05  8.14846E-01 
3.23999E+01 8.19996E-01  5.20949E-05  8.19841E-01 
3.24999E+01 8.24996E-01  5.22918E-05  8.24851E-01 
3.25999E+01 8.29996E-01  5.25728E-05  8.29855E-01 
3.26999E+01 8.34996E-01  5.27754E-05  8.34864E-01 
3.27999E+01 8.39996E-01  5.30422E-05  8.39858E-01 
3.28999E+01 8.44996E-01  5.33479E-05  8.44862E-01 
3.29999E+01 8.49996E-01  5.35797E-05  8.49845E-01 
3.30999E+01 8.54996E-01  5.38252E-05  8.54854E-01 
3.31999E+01 8.59996E-01  5.41032E-05  8.59873E-01 
3.32999E+01 8.64996E-01  5.43404E-05  8.64864E-01 
3.33999E+01 8.69996E-01  5.45946E-05  8.69867E-01 
3.34999E+01 8.74996E-01  5.48210E-05  8.74902E-01 
3.35999E+01 8.79996E-01  5.50813E-05  8.79888E-01 
3.36999E+01 8.84996E-01  5.53523E-05  8.84907E-01 
3.37999E+01 8.89996E-01  5.56047E-05  8.89901E-01 
3.38999E+01 8.94996E-01  5.58254E-05  8.94900E-01 
3.39999E+01 8.99996E-01  5.61019E-05  8.99912E-01 
3.40999E+01 9.04996E-01  5.63407E-05  9.04871E-01 
3.41999E+01 9.09996E-01  5.65305E-05  9.09891E-01 
3.42999E+01 9.14996E-01  5.67342E-05  9.14874E-01 
3.43999E+01 9.19996E-01  5.69545E-05  9.19887E-01 
3.44999E+01 9.24996E-01  5.71930E-05  9.24880E-01 
3.45999E+01 9.29996E-01  5.74316E-05  9.29881E-01 
3.46999E+01 9.34996E-01  5.76683E-05  9.34884E-01 
3.47999E+01 9.39996E-01  5.79118E-05  9.39916E-01 
3.48999E+01 9.44996E-01  5.81413E-05  9.44923E-01 
3.49999E+01 9.49996E-01  5.83739E-05  9.49899E-01 
3.50999E+01 9.54996E-01  5.85840E-05  9.54950E-01 
3.51999E+01 9.59996E-01  5.88429E-05  9.59909E-01 
3.52999E+01 9.64996E-01  5.90690E-05  9.64918E-01 
3.53999E+01 9.69996E-01  5.92929E-05  9.69948E-01 
3.54999E+01 9.74996E-01  5.95144E-05  9.74940E-01 
3.55999E+01 9.79996E-01  5.97413E-05  9.79927E-01 
3.56999E+01 9.84996E-01  5.99686E-05  9.84945E-01 
3.57999E+01 9.89996E-01  6.02058E-05  9.89946E-01 
3.58999E+01 9.94996E-01  6.04148E-05  9.94937E-01 
3.59999E+01 9.99995E-01  6.06303E-05  9.99929E-01 
3.60999E+01 1.00500E+00  6.08456E-05  1.00496E+00 
3.61999E+01 1.01000E+00  6.10565E-05  1.00994E+00 
3.62999E+01 1.01500E+00  6.12622E-05  1.01494E+00 
3.63999E+01 1.02000E+00  6.14760E-05  1.01994E+00 
3.64999E+01 1.02500E+00  6.16850E-05  1.02493E+00 
3.65999E+01 1.03000E+00  6.18803E-05  1.02996E+00 
3.66999E+01 1.03500E+00  6.20913E-05  1.03495E+00 
3.67999E+01 1.04000E+00  6.22598E-05  1.03992E+00 
3.68999E+01 1.04500E+00  6.24662E-05  1.04495E+00 
3.69999E+01 1.05000E+00  6.26624E-05  1.04996E+00 
3.70999E+01 1.05500E+00  6.28509E-05  1.05497E+00 
3.71999E+01 1.06000E+00  6.30576E-05  1.05995E+00 
3.72999E+01 1.06500E+00  6.32617E-05  1.06495E+00 
3.73999E+01 1.07000E+00  6.34457E-05  1.06995E+00 
3.74999E+01 1.07500E+00  6.36449E-05  1.07496E+00 
3.75999E+01 1.08000E+00  6.38351E-05  1.07998E+00 
3.76999E+01 1.08500E+00  6.40290E-05  1.08495E+00 
3.77999E+01 1.09000E+00  6.42171E-05  1.08998E+00 
3.78999E+01 1.09500E+00  6.44040E-05  1.09498E+00 
3.79999E+01 1.10000E+00  6.45947E-05  1.09997E+00 
3.80999E+01 1.10500E+00  6.47894E-05  1.10498E+00 
3.81999E+01 1.11000E+00  6.49820E-05  1.11000E+00 
3.82999E+01 1.11500E+00  6.51736E-05  1.11500E+00 
3.83999E+01 1.12000E+00  6.53886E-05  1.12000E+00 
3.84999E+01 1.12500E+00  6.55984E-05  1.12502E+00 
3.85999E+01 1.13000E+00  6.58042E-05  1.13004E+00 
3.86999E+01 1.13500E+00  6.59989E-05  1.13503E+00 
3.87999E+01 1.14000E+00  6.62172E-05  1.14002E+00 
3.88999E+01 1.14500E+00  6.64306E-05  1.14504E+00 
3.89999E+01 1.15000E+00  6.66613E-05  1.15006E+00 
3.90999E+01 1.15500E+00  6.69154E-05  1.15503E+00 
3.91999E+01 1.16000E+00  6.71961E-05  1.16006E+00 
3.92999E+01 1.16500E+00  6.74457E-05  1.16505E+00 
3.93999E+01 1.17000E+00  6.77075E-05  1.17006E+00 
3.94999E+01 1.17500E+00  6.79825E-05  1.17505E+00 
3.95999E+01 1.18000E+00  6.82618E-05  1.18006E+00 
3.96999E+01 1.18500E+00  6.85443E-05  1.18505E+00 
3.97999E+01 1.19000E+00  6.88431E-05  1.19007E+00 
3.98999E+01 1.19500E+00  6.91552E-05  1.19506E+00 
3.99999E+01 1.19999E+00  6.94680E-05  1.20003E+00 
4.00999E+01 1.20499E+00  6.97893E-05  1.20506E+00 
4.01999E+01 1.20999E+00  7.01216E-05  1.21005E+00 
4.02999E+01 1.21499E+00  7.04576E-05  1.21505E+00 
4.03999E+01 1.21999E+00  7.08343E-05  1.22004E+00 
4.04999E+01 1.22499E+00  7.12042E-05  1.22506E+00 
4.05999E+01 1.22999E+00  7.15733E-05  1.23008E+00 
4.06999E+01 1.23499E+00  7.19738E-05  1.23506E+00 
4.07999E+01 1.23999E+00  7.23767E-05  1.24007E+00 
4.08999E+01 1.24499E+00  7.27867E-05  1.24508E+00 
4.09999E+01 1.24999E+00  7.32267E-05  1.25008E+00 
4.10999E+01 1.25499E+00  7.36734E-05  1.25505E+00 
4.11999E+01 1.25999E+00  7.41409E-05  1.26006E+00 
4.12999E+01 1.26499E+00  7.46009E-05  1.26507E+00 
4.13999E+01 1.26999E+00  7.50806E-05  1.27009E+00 
4.14999E+01 1.27499E+00  7.55742E-05  1.27509E+00 
4.15999E+01 1.27999E+00  7.60763E-05  1.28009E+00 
4.16999E+01 1.28499E+00  7.65932E-05  1.28508E+00 
4.17999E+01 1.28999E+00  7.71104E-05  1.29009E+00 
4.18999E+01 1.29499E+00  7.76529E-05  1.29508E+00 
4.19999E+01 1.29999E+00  7.82014E-05  1.30009E+00 
4.20999E+01 1.30499E+00  7.87559E-05  1.30507E+00 
4.21999E+01 1.30999E+00  7.93256E-05  1.31009E+00 
4.22999E+01 1.31499E+00  7.99082E-05  1.31510E+00 
4.23999E+01 1.31999E+00  8.04995E-05  1.32009E+00 
4.24999E+01 1.32499E+00  8.11129E-05  1.32509E+00 
4.25999E+01 1.32999E+00  8.17285E-05  1.33010E+00 
4.26999E+01 1.33499E+00  8.23647E-05  1.33511E+00 
4.27999E+01 1.33999E+00  8.30052E-05  1.34011E+00 
4.28999E+01 1.34499E+00  8.36642E-05  1.34510E+00 
4.29999E+01 1.34999E+00  8.43574E-05  1.35009E+00 
4.30999E+01 1.35499E+00  8.50666E-05  1.35512E+00 
4.31999E+01 1.35999E+00  8.57879E-05  1.36011E+00 
4.32999E+01 1.36499E+00  8.65387E-05  1.36511E+00 
4.33999E+01 1.36999E+00  8.73249E-05  1.37010E+00 
4.34999E+01 1.37499E+00  8.81291E-05  1.37513E+00 
4.35999E+01 1.37999E+00  8.89711E-05  1.38014E+00 
4.36999E+01 1.38499E+00  8.98546E-05  1.38511E+00 
4.37999E+01 1.38999E+00  9.07941E-05  1.39013E+00 
4.38999E+01 1.39499E+00  9.17519E-05  1.39513E+00 
4.39999E+01 1.39999E+00  9.27242E-05  1.40013E+00 
4.40999E+01 1.40499E+00  9.37984E-05  1.40514E+00 
4.41999E+01 1.40999E+00  9.48116E-05  1.41013E+00 
4.42999E+01 1.41499E+00  9.59300E-05  1.41514E+00 
4.43999E+01 1.41999E+00  9.70820E-05  1.42015E+00 
4.44999E+01 1.42499E+00  9.82473E-05  1.42518E+00 
4.45999E+01 1.42999E+00  9.94658E-05  1.43017E+00 
4.46999E+01 1.43499E+00  1.00714E-04  1.43521E+00 
4.47999E+01 1.43999E+00  1.02002E-04  1.44019E+00 
4.48999E+01 1.44499E+00  1.03336E-04  1.44520E+00 
4.49999E+01 1.44999E+00  1.04705E-04  1.45022E+00 
4.50999E+01 1.45499E+00  1.06107E-04  1.45522E+00 
4.51999E+01 1.45999E+00  1.07596E-04  1.46021E+00 
4.52999E+01 1.46499E+00  1.09104E-04  1.46522E+00 
4.53999E+01 1.46999E+00  1.10656E-04  1.47022E+00 
4.54999E+01 1.47499E+00  1.12230E-04  1.47523E+00 
4.55999E+01 1.47999E+00  1.13836E-04  1.48023E+00 
4.56999E+01 1.48499E+00  1.15523E-04  1.48523E+00 
4.57999E+01 1.48999E+00  1.17243E-04  1.49023E+00 
4.58999E+01 1.49499E+00  1.18985E-04  1.49525E+00 
4.59999E+01 1.49999E+00  1.20769E-04  1.50025E+00 
4.60999E+01 1.50499E+00  1.22663E-04  1.50523E+00 
4.61999E+01 1.50999E+00  1.24564E-04  1.51025E+00 
4.62999E+01 1.51499E+00  1.26508E-04  1.51524E+00 
4.63999E+01 1.51999E+00  1.28540E-04  1.52024E+00 
4.64999E+01 1.52499E+00  1.30639E-04  1.52523E+00 
4.65999E+01 1.52999E+00  1.32741E-04  1.53022E+00 
4.66999E+01 1.53499E+00  1.34945E-04  1.53524E+00 
4.67999E+01 1.53999E+00  1.37151E-04  1.54023E+00 
4.68999E+01 1.54499E+00  1.39467E-04  1.54522E+00 
4.69999E+01 1.54999E+00  1.41826E-04  1.55024E+00 
4.70999E+01 1.55499E+00  1.44260E-04  1.55525E+00 
4.71999E+01 1.55999E+00  1.46776E-04  1.56024E+00 
4.72999E+01 1.56499E+00  1.49420E-04  1.56522E+00 
4.73999E+01 1.56999E+00  1.52024E-04  1.57024E+00 
4.74999E+01 1.57499E+00  1.54710E-04  1.57526E+00 
4.75999E+01 1.57999E+00  1.57431E-04  1.58024E+00 
4.76999E+01 1.58499E+00  1.60236E-04  1.58525E+00 
4.77999E+01 1.58999E+00  1.63130E-04  1.59023E+00 
4.78999E+01 1.59499E+00  1.66101E-04  1.59527E+00 
4.79999E+01 1.59999E+00  1.69079E-04  1.60026E+00 
4.80999E+01 1.60499E+00  1.72123E-04  1.60527E+00 
4.81999E+01 1.60999E+00  1.75143E-04  1.61029E+00 
4.82999E+01 1.61499E+00  1.78251E-04  1.61529E+00 
4.83999E+01 1.61999E+00  1.81423E-04  1.62029E+00 
4.84999E+01 1.62499E+00  1.84639E-04  1.62528E+00 
4.85999E+01 1.62999E+00  1.87904E-04  1.63029E+00 
4.86999E+01 1.63499E+00  1.91219E-04  1.63529E+00 
4.87999E+01 1.63999E+00  1.94617E-04  1.64028E+00 
4.88999E+01 1.64499E+00  1.97909E-04  1.64527E+00 
4.89999E+01 1.64999E+00  2.01280E-04  1.65030E+00 
4.90999E+01 1.65499E+00  2.04685E-04  1.65528E+00 
4.91999E+01 1.65999E+00  2.08145E-04  1.66028E+00 
4.92999E+01 1.66499E+00  2.11601E-04  1.66530E+00 
4.93999E+01 1.66999E+00  2.15594E-04  1.67030E+00 
4.94999E+01 1.67499E+00  2.19142E-04  1.67529E+00 
4.95999E+01 1.67999E+00  2.22619E-04  1.68030E+00 
4.96999E+01 1.68499E+00  2.26207E-04  1.68530E+00 
4.97999E+01 1.68999E+00  2.29823E-04  1.69033E+00 
4.98999E+01 1.69499E+00  2.33435E-04  1.69532E+00 
4.99999E+01 1.69999E+00  2.36957E-04  1.70032E+00 
5.00999E+01 1.70499E+00  2.40650E-04  1.70534E+00 
5.01999E+01 1.70999E+00  2.44268E-04  1.71035E+00 
5.02999E+01 1.71499E+00  2.47863E-04  1.71533E+00 
5.03999E+01 1.71999E+00  2.51448E-04  1.72033E+00 
5.04999E+01 1.72499E+00  2.55079E-04  1.72534E+00 
5.05999E+01 1.72999E+00  2.58805E-04  1.73036E+00 
5.06999E+01 1.73499E+00  2.62395E-04  1.73535E+00 
5.07999E+01 1.73999E+00  2.65892E-04  1.74034E+00 
5.08999E+01 1.74499E+00  2.69545E-04  1.74536E+00 
5.09999E+01 1.74999E+00  2.73204E-04  1.75037E+00 
5.10999E+01 1.75499E+00  2.76800E-04  1.75538E+00 
5.11999E+01 1.75999E+00  2.80399E-04  1.76038E+00 
5.12999E+01 1.76499E+00  2.83988E-04  1.76539E+00 
5.13999E+01 1.76999E+00  2.87577E-04  1.77039E+00 
5.14999E+01 1.77499E+00  2.91160E-04  1.77538E+00 
5.15999E+01 1.77999E+00  2.94749E-04  1.78039E+00 
5.16999E+01 1.78499E+00  2.98376E-04  1.78540E+00 
5.17999E+01 1.78999E+00  3.01769E-04  1.79038E+00 
5.18999E+01 1.79499E+00  3.05305E-04  1.79537E+00 
5.19999E+01 1.79999E+00  3.08946E-04  1.80040E+00 
5.20999E+01 1.79499E+00  3.02464E-04  1.79536E+00 
5.21999E+01 1.78999E+00  2.96337E-04  1.79039E+00 
5.22999E+01 1.78499E+00  2.90305E-04  1.78539E+00 
5.23999E+01 1.77999E+00  2.84440E-04  1.78036E+00 
5.24999E+01 1.77499E+00  2.78672E-04  1.77538E+00 
5.25999E+01 1.76999E+00  2.72989E-04  1.77037E+00 
5.26999E+01 1.76499E+00  2.67404E-04  1.76538E+00 
5.27999E+01 1.75999E+00  2.62002E-04  1.76038E+00 
5.28999E+01 1.75499E+00  2.56600E-04  1.75537E+00 
5.29999E+01 1.74999E+00  2.51362E-04  1.75034E+00 
5.30999E+01 1.74499E+00  2.46133E-04  1.74534E+00 
5.31999E+01 1.73999E+00  2.41038E-04  1.74033E+00 
5.32999E+01 1.73499E+00  2.36070E-04  1.73531E+00 
5.33999E+01 1.72999E+00  2.31183E-04  1.73032E+00 
5.34999E+01 1.72499E+00  2.26437E-04  1.72533E+00 
5.35999E+01 1.71999E+00  2.21711E-04  1.72029E+00 
5.36999E+01 1.71499E+00  2.17046E-04  1.71533E+00 
5.37999E+01 1.70999E+00  2.12838E-04  1.71030E+00 
5.38999E+01 1.70499E+00  2.08191E-04  1.70532E+00 
5.39999E+01 1.69999E+00  2.03856E-04  1.70031E+00 
5.40999E+01 1.69499E+00  1.99481E-04  1.69530E+00 
5.41999E+01 1.68999E+00  1.94970E-04  1.69030E+00 
5.42999E+01 1.68499E+00  1.90847E-04  1.68531E+00 
5.43999E+01 1.67999E+00  1.86458E-04  1.68029E+00 
5.44999E+01 1.67499E+00  1.82032E-04  1.67532E+00 
5.45999E+01 1.66999E+00  1.77573E-04  1.67030E+00 
5.46999E+01 1.66499E+00  1.73362E-04  1.66531E+00 
5.47999E+01 1.65999E+00  1.69316E-04  1.66031E+00 
5.48999E+01 1.65499E+00  1.65259E-04  1.65529E+00 
5.49999E+01 1.64999E+00  1.61325E-04  1.65029E+00 
5.50999E+01 1.64499E+00  1.57525E-04  1.64529E+00 
5.51999E+01 1.63999E+00  1.53856E-04  1.64027E+00 
5.52999E+01 1.63499E+00  1.50290E-04  1.63530E+00 
5.53999E+01 1.62999E+00  1.46879E-04  1.63028E+00 
5.54999E+01 1.62499E+00  1.43552E-04  1.62530E+00 
5.55999E+01 1.61999E+00  1.40516E-04  1.62028E+00 
5.56999E+01 1.61499E+00  1.37085E-04  1.61529E+00 
5.57999E+01 1.60999E+00  1.33644E-04  1.61029E+00 
5.58999E+01 1.60499E+00  1.30255E-04  1.60528E+00 
5.59999E+01 1.59999E+00  1.26869E-04  1.60026E+00 
5.60999E+01 1.59499E+00  1.23534E-04  1.59525E+00 
5.61999E+01 1.58999E+00  1.20360E-04  1.59023E+00 
5.62999E+01 1.58499E+00  1.17179E-04  1.58526E+00 
5.63999E+01 1.57999E+00  1.14120E-04  1.58025E+00 
5.64999E+01 1.57499E+00  1.11127E-04  1.57524E+00 
5.65999E+01 1.56999E+00  1.08195E-04  1.57023E+00 
5.66999E+01 1.56499E+00  1.05253E-04  1.56522E+00 
5.67999E+01 1.55999E+00  1.02295E-04  1.56022E+00 
5.68999E+01 1.55499E+00  9.94446E-05  1.55524E+00 
5.69999E+01 1.54999E+00  9.65904E-05  1.55023E+00 
5.70999E+01 1.54499E+00  9.38981E-05  1.54524E+00 
5.71999E+01 1.53999E+00  9.12616E-05  1.54022E+00 
5.72999E+01 1.53499E+00  8.84154E-05  1.53524E+00 
5.73999E+01 1.52999E+00  8.58876E-05  1.53020E+00 
5.74999E+01 1.52499E+00  8.34914E-05  1.52521E+00 
5.75999E+01 1.51999E+00  8.11624E-05  1.52023E+00 
5.76999E+01 1.51499E+00  7.88927E-05  1.51522E+00 
5.77999E+01 1.50999E+00  7.66739E-05  1.51019E+00 
5.78999E+01 1.50499E+00  7.45574E-05  1.50521E+00 
5.79999E+01 1.49999E+00  7.24690E-05  1.50021E+00 
5.80999E+01 1.49499E+00  7.04137E-05  1.49522E+00 
5.81999E+01 1.48999E+00  6.84542E-05  1.49019E+00 
5.82999E+01 1.48499E+00  6.65480E-05  1.48520E+00 
5.83999E+01 1.47999E+00  6.46793E-05  1.48022E+00 
5.84999E+01 1.47499E+00  6.28636E-05  1.47522E+00 
5.85999E+01 1.46999E+00  6.11118E-05  1.47020E+00 
5.86999E+01 1.46499E+00  5.94092E-05  1.46519E+00 
5.87999E+01 1.45999E+00  5.77404E-05  1.46019E+00 
5.88999E+01 1.45499E+00  5.61268E-05  1.45518E+00 
5.89999E+01 1.44999E+00  5.45852E-05  1.45019E+00 
5.90999E+01 1.44499E+00  5.30860E-05  1.44517E+00 
5.91999E+01 1.43999E+00  5.16330E-05  1.44018E+00 
5.92999E+01 1.43499E+00  5.02451E-05  1.43517E+00 
5.93999E+01 1.42999E+00  4.89021E-05  1.43017E+00 
5.94999E+01 1.42499E+00  4.75823E-05  1.42518E+00 
5.95999E+01 1.41999E+00  4.63537E-05  1.42015E+00 
5.96999E+01 1.41499E+00  4.51297E-05  1.41514E+00 
5.97999E+01 1.40999E+00  4.39763E-05  1.41012E+00 
5.98999E+01 1.40499E+00  4.28574E-05  1.40514E+00 
5.99998E+01 1.39999E+00  4.17905E-05  1.40012E+00 
6.00998E+01 1.39499E+00  4.07413E-05  1.39513E+00 
6.01998E+01 1.38999E+00  3.97464E-05  1.39011E+00 
6.02998E+01 1.38499E+00  3.88014E-05  1.38513E+00 
6.03998E+01 1.37999E+00  3.79149E-05  1.38014E+00 
6.04998E+01 1.37499E+00  3.65113E-05  1.37514E+00 
6.05998E+01 1.36999E+00  3.56759E-05  1.37009E+00 
6.06998E+01 1.36499E+00  3.48834E-05  1.36512E+00 
6.07998E+01 1.35999E+00  3.41067E-05  1.36012E+00 
6.08998E+01 1.35499E+00  3.33514E-05  1.35511E+00 
6.09998E+01 1.34999E+00  3.26171E-05  1.35010E+00 
6.10998E+01 1.34499E+00  3.19716E-05  1.34513E+00 
6.11998E+01 1.33999E+00  3.13905E-05  1.34014E+00 
6.12998E+01 1.33499E+00  3.07192E-05  1.33513E+00 
6.13998E+01 1.32999E+00  3.01334E-05  1.33012E+00 
6.14998E+01 1.32499E+00  2.95490E-05  1.32510E+00 
6.15998E+01 1.31999E+00  2.89572E-05  1.32015E+00 
6.16998E+01 1.31499E+00  2.83519E-05  1.31515E+00 
6.17998E+01 1.30999E+00  2.78582E-05  1.31010E+00 
6.18998E+01 1.30499E+00  2.73713E-05  1.30511E+00 
6.19998E+01 1.29999E+00  2.68392E-05  1.30012E+00 
6.20998E+01 1.29499E+00  2.64858E-05  1.29511E+00 
6.21998E+01 1.28999E+00  2.60061E-05  1.29010E+00 
6.22998E+01 1.28499E+00  2.55085E-05  1.28510E+00 
6.23998E+01 1.27999E+00  2.51202E-05  1.28010E+00 
6.24998E+01 1.27499E+00  2.47130E-05  1.27510E+00 
6.25998E+01 1.26999E+00  2.42785E-05  1.27009E+00 
6.26998E+01 1.26499E+00  2.40546E-05  1.26509E+00 
6.27998E+01 1.25999E+00  2.36809E-05  1.26006E+00 
6.28998E+01 1.25499E+00  2.32754E-05  1.25505E+00 
6.29998E+01 1.24999E+00  2.29409E-05  1.25007E+00 
6.30998E+01 1.24499E+00  2.26557E-05  1.24508E+00 
6.31998E+01 1.23999E+00  2.22562E-05  1.24005E+00 
6.32998E+01 1.23499E+00  2.20910E-05  1.23506E+00 
6.33998E+01 1.22999E+00  2.17544E-05  1.23008E+00 
6.34998E+01 1.22499E+00  2.14509E-05  1.22505E+00 
6.35998E+01 1.21999E+00  2.11885E-05  1.22003E+00 
6.36998E+01 1.21499E+00  2.09650E-05  1.21506E+00 
6.37998E+01 1.20999E+00  2.07559E-05  1.21005E+00 
6.38998E+01 1.20499E+00  2.04253E-05  1.20504E+00 
6.39998E+01 1.19999E+00  2.01071E-05  1.20006E+00 
6.40998E+01 1.19500E+00  1.98980E-05  1.19505E+00 
6.41998E+01 1.19000E+00  1.96589E-05  1.19005E+00 
6.42998E+01 1.18500E+00  1.94153E-05  1.18505E+00 
6.43998E+01 1.18000E+00  1.91672E-05  1.18003E+00 
6.44998E+01 1.17500E+00  1.89335E-05  1.17504E+00 
6.45998E+01 1.17000E+00  1.87231E-05  1.17004E+00 
6.46998E+01 1.16500E+00  1.85340E-05  1.16503E+00 
6.47998E+01 1.16000E+00  1.83545E-05  1.16002E+00 
6.48998E+01 1.15500E+00  1.82047E-05  1.15502E+00 
6.49998E+01 1.15000E+00  1.80455E-05  1.15004E+00 
6.50998E+01 1.14500E+00  1.78640E-05  1.14503E+00 
6.51998E+01 1.14000E+00  1.76800E-05  1.14002E+00 
6.52998E+01 1.13500E+00  1.73733E-05  1.13503E+00 
6.53998E+01 1.13000E+00  1.71315E-05  1.13005E+00 
6.54998E+01 1.12500E+00  1.69435E-05  1.12503E+00 
6.55998E+01 1.12000E+00  1.67017E-05  1.12001E+00 
6.56998E+01 1.11500E+00  1.65250E-05  1.11501E+00 
6.57998E+01 1.11000E+00  1.63911E-05  1.10998E+00 
6.58998E+01 1.10500E+00  1.61770E-05  1.10498E+00 
6.59998E+01 1.10000E+00  1.60118E-05  1.09999E+00 
6.60998E+01 1.09500E+00  1.59080E-05  1.09499E+00 
6.61998E+01 1.09000E+00  1.57282E-05  1.08995E+00 
6.62998E+01 1.08500E+00  1.55210E-05  1.08496E+00 
6.63998E+01 1.08000E+00  1.53523E-05  1.07996E+00 
6.64998E+01 1.07500E+00  1.52046E-05  1.07497E+00 
6.65998E+01 1.07000E+00  1.49824E-05  1.06995E+00 
6.66998E+01 1.06500E+00  1.47854E-05  1.06495E+00 
6.67998E+01 1.06000E+00  1.46461E-05  1.05995E+00 
6.68998E+01 1.05500E+00  1.44572E-05  1.05495E+00 
6.69998E+01 1.05000E+00  1.42834E-05  1.04996E+00 
6.70998E+01 1.04500E+00  1.41365E-05  1.04495E+00 
6.71998E+01 1.04000E+00  1.39677E-05  1.03993E+00 
6.72998E+01 1.03500E+00  1.38247E-05  1.03492E+00 
6.73998E+01 1.03000E+00  1.36570E-05  1.02993E+00 
6.74998E+01 1.02500E+00  1.34470E-05  1.02494E+00 
6.75998E+01 1.02000E+00  1.32741E-05  1.01993E+00 
6.76998E+01 1.01500E+00  1.31148E-05  1.01491E+00 
6.77998E+01 1.01000E+00  1.29336E-05  1.00991E+00 
6.78998E+01 1.00500E+00  1.28005E-05  1.00494E+00 
6.79998E+01 9.99995E-01  1.26343E-05  9.99914E-01 
6.80998E+01 9.94996E-01  1.24509E-05  9.94919E-01 
6.81998E+01 9.89996E-01  1.22807E-05  9.89934E-01 
6.82998E+01 9.84996E-01  1.21345E-05  9.84921E-01 
6.83998E+01 9.79996E-01  1.19729E-05  9.79907E-01 
6.84998E+01 9.74996E-01  1.18182E-05  9.74888E-01 
6.85998E+01 9.69996E-01  1.16519E-05  9.69910E-01 
6.86998E+01 9.64996E-01  1.14715E-05  9.64911E-01 
6.87998E+01 9.59996E-01  1.13075E-05  9.59894E-01 
6.88998E+01 9.54996E-01  1.11498E-05  9.54909E-01 
6.89998E+01 9.49996E-01  1.09840E-05  9.49914E-01 
6.90998E+01 9.44996E-01  1.08297E-05  9.44885E-01 
6.91998E+01 9.39996E-01  1.06581E-05  9.39906E-01 
6.92998E+01 9.34996E-01  1.04922E-05  9.34876E-01 
6.93998E+01 9.29996E-01  1.03265E-05  9.29861E-01 
6.94998E+01 9.24996E-01  1.01667E-05  9.24878E-01 
6.95998E+01 9.19996E-01  9.99739E-06  9.19873E-01 
6.96998E+01 9.14996E-01  9.83586E-06  9.14864E-01 
6.97998E+01 9.09996E-01  9.66865E-06  9.09853E-01 
6.98998E+01 9.04996E-01  9.49951E-06  9.04880E-01 
6.99998E+01 8.99996E-01  9.32713E-06  8.99883E-01 
7.00998E+01 8.94996E-01  9.16459E-06  8.94873E-01 
7.01998E+01 8.89996E-01  8.98989E-06  8.89848E-01 
7.02998E+01 8.84996E-01  8.82343E-06  8.84835E-01 
7.03998E+01 8.79996E-01  8.65684E-06  8.79856E-01 
7.04998E+01 8.74996E-01  8.48496E-06  8.74847E-01 
7.05998E+01 8.69996E-01  8.30058E-06  8.69836E-01 
7.06998E+01 8.64996E-01  8.14334E-06  8.64875E-01 
7.07998E+01 8.59996E-01  7.97523E-06  8.59860E-01 
7.08998E+01 8.54996E-01  7.80420E-06  8.54873E-01 
7.09998E+01 8.49996E-01  7.63197E-06  8.49857E-01 
7.10998E+01 8.44996E-01  7.45471E-06  8.44846E-01 
7.11998E+01 8.39996E-01  7.28395E-06  8.39840E-01 
7.12998E+01 8.34996E-01  7.10809E-06  8.34841E-01 
7.13998E+01 8.29996E-01  6.93431E-06  8.29827E-01 
7.14998E+01 8.24996E-01  6.75913E-06  8.24830E-01 
7.15998E+01 8.19996E-01  6.58734E-06  8.19865E-01 
7.16998E+01 8.14996E-01  6.41296E-06  8.14846E-01 
7.17998E+01 8.09996E-01  6.23740E-06  8.09841E-01 
7.18998E+01 8.04996E-01  6.06092E-06  8.04845E-01 
7.19998E+01 7.99996E-01  5.88594E-06  7.99836E-01 
7.20998E+01 7.94996E-01  5.70748E-06  7.94854E-01 
7.21998E+01 7.89996E-01  5.53115E-06  7.89837E-01 
7.22998E+01 7.84996E-01  5.35574E-06  7.84842E-01 
7.23998E+01 7.79996E-01  5.17866E-06  7.79834E-01 
7.24998E+01 7.74996E-01  5.00035E-06  7.74791E-01 
7.25998E+01 7.69996E-01  4.82300E-06  7.69789E-01 
7.26998E+01 7.64996E-01  4.64577E-06  7.64818E-01 
7.27998E+01 7.59996E-01  4.50493E-06  7.59801E-01 
7.28998E+01 7.54996E-01  4.29945E-06  7.54797E-01 
7.29998E+01 7.49996E-01  4.11352E-06  7.49771E-01 
7.30998E+01 7.44996E-01  3.94006E-06  7.44799E-01 
7.31998E+01 7.39996E-01  3.76470E-06  7.39791E-01 
7.32998E+01 7.34996E-01  3.59195E-06  7.34784E-01 
7.33998E+01 7.29996E-01  3.35803E-06  7.29755E-01 
7.34998E+01 7.24996E-01  3.18508E-06  7.24765E-01 
7.35998E+01 7.19996E-01  3.02964E-06  7.19773E-01 
7.36998E+01 7.14996E-01  2.80821E-06  7.14764E-01 
7.37998E+01 7.09996E-01  2.64432E-06  7.09760E-01 
7.38998E+01 7.04996E-01  2.45695E-06  7.04762E-01 
7.39998E+01 6.99996E-01  2.27621E-06  6.99769E-01 
7.40998E+01 6.94996E-01  2.09543E-06  6.94749E-01 
7.41998E+01 6.89996E-01  1.91142E-06  6.89772E-01 
7.42998E+01 6.84996E-01  1.71678E-06  6.84739E-01 
7.43998E+01 6.79996E-01  1.52639E-06  6.79773E-01 
7.44998E+01 6.74996E-01  1.36823E-06  6.74764E-01 
7.45998E+01 6.69996E-01  1.15822E-06  6.69747E-01 
7.46998E+01 6.64996E-01  9.49916E-07  6.64756E-01 
7.47998E+01 6.59996E-01  7.57657E-07  6.59770E-01 
7.48998E+01 6.54996E-01  5.97125E-07  6.54756E-01 
7.49998E+01 6.49996E-01  3.65069E-07  6.49736E-01 
7.50998E+01 6.44996E-01  1.74186E-07  6.44759E-01 
7.51998E+01 6.39996E-01  -2.10063E-08 6.39752E-01 
7.52998E+01 6.34996E-01  -2.22239E-07 6.34751E-01 
7.53998E+01 6.29996E-01  -3.91490E-07 6.29717E-01 
7.54998E+01 6.24996E-01  -6.10680E-07 6.24721E-01 
7.55998E+01 6.19996E-01  -8.39986E-07 6.19717E-01 
7.56998E+01 6.14996E-01  -1.04005E-06 6.14732E-01 
7.57998E+01 6.09996E-01  -1.25216E-06 6.09734E-01 
7.58998E+01 6.04996E-01  -1.46547E-06 6.04681E-01 
7.59998E+01 5.99996E-01  -1.66668E-06 5.99701E-01 
7.60998E+01 5.94997E-01  -1.87119E-06 5.94705E-01 
7.61998E+01 5.89997E-01  -2.11141E-06 5.89716E-01 
7.62998E+01 5.84997E-01  -2.34203E-06 5.84714E-01 
7.63998E+01 5.79997E-01  -2.54108E-06 5.79690E-01 
7.64998E+01 5.74997E-01  -2.79286E-06 5.74722E-01 
7.65998E+01 5.69997E-01  -3.03242E-06 5.69695E-01 
7.66998E+01 5.64997E-01  -3.26409E-06 5.64702E-01 
7.67998E+01 5.59997E-01  -3.51088E-06 5.59706E-01 
7.68998E+01 5.54997E-01  -3.76070E-06 5.54692E-01 
7.69998E+01 5.49997E-01  -4.06421E-06 5.49706E-01 
7.70998E+01 5.44997E-01  -4.26143E-06 5.44672E-01 
7.71998E+01 5.39997E-01  -4.53224E-06 5.39698E-01 
7.72998E+01 5.34997E-01  -4.80344E-06 5.34689E-01 
7.73998E+01 5.29997E-01  -5.07190E-06 5.29685E-01 
7.74998E+01 5.24997E-01  -5.35043E-06 5.24679E-01 
7.75998E+01 5.19997E-01  -5.63262E-06 5.19706E-01 
7.76998E+01 5.14997E-01  -5.95999E-06 5.14678E-01 
7.77998E+01 5.09997E-01  -6.20991E-06 5.09699E-01 
7.78998E+01 5.04997E-01  -6.52922E-06 5.04677E-01 
7.79998E+01 4.99997E-01  -6.83655E-06 4.99699E-01 
7.80998E+01 4.94997E-01  -7.15690E-06 4.94686E-01 
7.81998E+01 4.89997E-01  -7.46584E-06 4.89699E-01 
7.82998E+01 4.84997E-01  -7.84971E-06 4.84688E-01 
7.83998E+01 4.79997E-01  -8.13868E-06 4.79670E-01 
7.84998E+01 4.74997E-01  -8.52558E-06 4.74683E-01 
7.85998E+01 4.69997E-01  -8.86378E-06 4.69693E-01 
7.86998E+01 4.64997E-01  -9.21205E-06 4.64660E-01 
7.87998E+01 4.59997E-01  -9.57529E-06 4.59663E-01 
7.88998E+01 4.54997E-01  -9.95144E-06 4.54643E-01 
7.89998E+01 4.49997E-01  -1.03645E-05 4.49660E-01 
7.90998E+01 4.44997E-01  -1.07708E-05 4.44632E-01 
7.91998E+01 4.39997E-01  -1.11896E-05 4.39638E-01 
7.92998E+01 4.34997E-01  -1.16158E-05 4.34655E-01 
7.93998E+01 4.29997E-01  -1.20488E-05 4.29637E-01 
7.94998E+01 4.24997E-01  -1.24906E-05 4.24639E-01 
7.95998E+01 4.19997E-01  -1.29476E-05 4.19640E-01 
7.96998E+01 4.14997E-01  -1.34073E-05 4.14662E-01 
7.97998E+01 4.09997E-01  -1.39076E-05 4.09638E-01 
7.98998E+01 4.04997E-01  -1.43823E-05 4.04639E-01 
7.99998E+01 3.99997E-01  -1.48930E-05 3.99622E-01 
8.00998E+01 3.94997E-01  -1.54205E-05 3.94631E-01 
8.01998E+01 3.89997E-01  -1.59443E-05 3.89626E-01 
8.02998E+01 3.84997E-01  -1.64853E-05 3.84592E-01 
8.03998E+01 3.79997E-01  -1.70511E-05 3.79622E-01 
8.04998E+01 3.74997E-01  -1.75823E-05 3.74596E-01 
8.05998E+01 3.69997E-01  -1.82033E-05 3.69595E-01 
8.06998E+01 3.64997E-01  -1.88175E-05 3.64597E-01 
8.07998E+01 3.59997E-01  -1.93054E-05 3.59603E-01 
8.08998E+01 3.54997E-01  -2.00014E-05 3.54582E-01 
8.09998E+01 3.49997E-01  -2.06248E-05 3.49594E-01 
8.10998E+01 3.44997E-01  -2.11254E-05 3.44571E-01 
8.11998E+01 3.39997E-01  -2.18315E-05 3.39597E-01 
8.12998E+01 3.34997E-01  -2.24472E-05 3.34588E-01 
8.13998E+01 3.29997E-01  -2.31464E-05 3.29584E-01 
8.14998E+01 3.24997E-01  -2.38023E-05 3.24557E-01 
8.15998E+01 3.19997E-01  -2.44650E-05 3.19540E-01 
8.16998E+01 3.14997E-01  -2.51241E-05 3.14553E-01 
8.17998E+01 3.09997E-01  -2.57610E-05 3.09594E-01 
8.18998E+01 3.04997E-01  -2.64245E-05 3.04558E-01 
8.19998E+01 2.99997E-01  -2.71362E-05 2.99531E-01 
8.20998E+01 2.94997E-01  -2.78645E-05 2.94540E-01 
8.21998E+01 2.89997E-01  -2.86007E-05 2.89504E-01 
8.22998E+01 2.84997E-01  -2.92537E-05 2.84537E-01 
8.23998E+01 2.79997E-01  -3.00341E-05 2.79519E-01 
8.24998E+01 2.74997E-01  -3.07264E-05 2.74526E-01 
8.25998E+01 2.69997E-01  -3.14111E-05 2.69537E-01 
8.26998E+01 2.64997E-01  -3.20969E-05 2.64524E-01 
8.27998E+01 2.59997E-01  -3.27988E-05 2.59553E-01 
8.28998E+01 2.54997E-01  -3.35068E-05 2.54509E-01 
8.29998E+01 2.49997E-01  -3.42080E-05 2.49503E-01 
8.30998E+01 2.44997E-01  -3.49083E-05 2.44542E-01 
8.31998E+01 2.39997E-01  -3.56272E-05 2.39551E-01 
8.32998E+01 2.34997E-01  -3.63162E-05 2.34506E-01 
8.33998E+01 2.29997E-01  -3.70009E-05 2.29492E-01 
8.34998E+01 2.24997E-01  -3.76920E-05 2.24518E-01 
8.35998E+01 2.19997E-01  -3.83781E-05 2.19533E-01 
8.36998E+01 2.14997E-01  -3.90600E-05 2.14506E-01 
8.37998E+01 2.09997E-01  -3.97437E-05 2.09493E-01 
8.38998E+01 2.04997E-01  -4.04262E-05 2.04522E-01 
8.39998E+01 1.99997E-01  -4.10932E-05 1.99538E-01 
8.40998E+01 1.94998E-01  -4.17936E-05 1.94500E-01 
8.41998E+01 1.89998E-01  -4.24270E-05 1.89481E-01 
8.42998E+01 1.84998E-01  -4.31068E-05 1.84493E-01 
8.43998E+01 1.79998E-01  -4.37856E-05 1.79509E-01 
8.44998E+01 1.74998E-01  -4.44694E-05 1.74500E-01 
8.45998E+01 1.69998E-01  -4.51561E-05 1.69497E-01 
8.46998E+01 1.64998E-01  -4.58200E-05 1.64489E-01 
8.47998E+01 1.59998E-01  -4.65051E-05 1.59504E-01 
8.48998E+01 1.54998E-01  -4.72003E-05 1.54481E-01 
8.49998E+01 1.49998E-01  -4.78371E-05 1.49472E-01 
8.50998E+01 1.44998E-01  -4.85518E-05 1.44462E-01 
8.51998E+01 1.39998E-01  -4.92641E-05 1.39465E-01 
8.52998E+01 1.34998E-01  -4.99592E-05 1.34458E-01 
8.53998E+01 1.29998E-01  -5.07840E-05 1.29446E-01 
8.54998E+01 1.24998E-01  -5.15010E-05 1.24444E-01 
8.55998E+01 1.19998E-01  -5.22153E-05 1.19450E-01 
8.56998E+01 1.14998E-01  -5.29692E-05 1.14466E-01 
8.57998E+01 1.09998E-01  -5.37363E-05 1.09433E-01 
8.58998E+01 1.04998E-01  -5.44919E-05 1.04460E-01 
8.59998E+01 9.99977E-02  -5.52490E-05 9.94258E-02 
8.60998E+01 9.49978E-02  -5.60198E-05 9.44236E-02 
8.61998E+01 8.99978E-02  -5.67900E-05 8.94202E-02 
8.62998E+01 8.49978E-02  -5.75667E-05 8.44155E-02 
8.63998E+01 7.99978E-02  -5.83566E-05 7.94458E-02 
8.64998E+01 7.49978E-02  -5.91218E-05 7.44255E-02 
8.65998E+01 6.99978E-02  -5.99071E-05 6.94096E-02 
8.66998E+01 6.49978E-02  -6.06840E-05 6.44150E-02 
8.67998E+01 5.99978E-02  -6.14776E-05 5.93984E-02 
8.68998E+01 5.49979E-02  -6.22631E-05 5.44162E-02 
8.69998E+01 4.99979E-02  -6.30471E-05 4.94203E-02 
8.70998E+01 4.49979E-02  -6.38354E-05 4.44238E-02 
8.71998E+01 3.99979E-02  -6.46256E-05 3.94260E-02 
8.72998E+01 3.49979E-02  -6.54094E-05 3.44063E-02 
8.73998E+01 2.99979E-02  -6.61901E-05 2.94403E-02 
8.74998E+01 2.49979E-02  -6.69812E-05 2.43951E-02 
8.75998E+01 1.99979E-02  -6.77622E-05 1.94310E-02 
8.76998E+01 1.49980E-02  -6.85510E-05 1.44182E-02 
8.77998E+01 9.99797E-03  -6.93439E-05 9.42357E-03 
8.78998E+01 4.99799E-03  -7.01405E-05 4.38207E-03 
8.79998E+01 -2.00000E-06 -7.09438E-05 -5.63280E-04
8.80998E+01 -5.00199E-03 -7.17416E-05 -5.59163E-03
8.81998E+01 -1.00020E-02 -7.25643E-05 -1.05851E-02
8.82998E+01 -1.50020E-02 -7.33830E-05 -1.56179E-02
8.83998E+01 -2.00020E-02 -7.42216E-05 -2.06244E-02
8.84998E+01 -2.50019E-02 -7.50620E-05 -2.55985E-02
8.85998E+01 -3.00019E-02 -7.59106E-05 -3.06113E-02
8.86998E+01 -3.50019E-02 -7.67814E-05 -3.56315E-02
8.87998E+01 -4.00019E-02 -7.76708E-05 -4.06156E-02
8.88998E+01 -4.50019E-02 -7.85637E-05 -4.55947E-02
8.89998E+01 -5.00019E-02 -7.95076E-05 -5.06181E-02
8.90998E+01 -5.50019E-02 -8.04600E-05 -5.56258E-02
8.91998E+01 -6.00019E-02 -8.13612E-05 -6.06424E-02
8.92998E+01 -6.50018E-02 -8.24309E-05 -6.56327E-02
8.93998E+01 -7.00018E-02 -8.35009E-05 -7.06148E-02
8.94998E+01 -7.50018E-02 -8.45546E-05 -7.56320E-02
8.95998E+01 -8.00018E-02 -8.57050E-05 -8.06592E-02
8.96998E+01 -8.50018E-02 -8.69000E-05 -8.56507E-02
8.97998E+01 -9.00018E-02 -8.80642E-05 -9.06229E-02
8.98998E+01 -9.50018E-02 -8.93233E-05 -9.56357E-02
8.99998E+01 -1.00002E-01 -9.06395E-05 -1.00659E-01
9.00998E+01 -1.05002E-01 -9.20642E-05 -1.05645E-01
9.01998E+01 -1.10002E-01 -9.36637E-05 -1.10635E-01
9.02998E+01 -1.15002E-01 -9.52740E-05 -1.15656E-01
9.03998E+01 -1.20002E-01 -9.70464E-05 -1.20651E-01
9.04998E+01 -1.25002E-01 -9.88544E-05 -1.25664E-01
9.05998E+01 -1.30002E-01 -1.00969E-04 -1.30631E-01
9.06998E+01 -1.35002E-01 -1.03195E-04 -1.35649E-01
9.07998E+01 -1.40002E-01 -1.06008E-04 -1.40684E-01
9.08998E+01 -1.45002E-01 -1.08697E-04 -1.45684E-01
9.09998E+01 -1.50002E-01 -1.11373E-04 -1.50640E-01
9.10998E+01 -1.55002E-01 -1.14458E-04 -1.55692E-01
9.11998E+01 -1.60002E-01 -1.17593E-04 -1.60675E-01
9.12998E+01 -1.65002E-01 -1.20702E-04 -1.65694E-01
9.13998E+01 -1.70002E-01 -1.24353E-04 -1.70671E-01
9.14998E+01 -1.75002E-01 -1.27841E-04 -1.75674E-01
9.15998E+01 -1.80002E-01 -1.31500E-04 -1.80698E-01
9.16998E+01 -1.85002E-01 -1.35243E-04 -1.85693E-01
9.17998E+01 -1.90002E-01 -1.38847E-04 -1.90698E-01
9.18998E+01 -1.95002E-01 -1.42503E-04 -1.95705E-01
9.19998E+01 -2.00002E-01 -1.46283E-04 -2.00705E-01
9.20998E+01 -2.05001E-01 -1.49952E-04 -2.05712E-01
9.21998E+01 -2.10001E-01 -1.53662E-04 -2.10684E-01
9.22998E+01 -2.15001E-01 -1.57420E-04 -2.15698E-01
9.23998E+01 -2.20001E-01 -1.60936E-04 -2.20722E-01
9.24998E+01 -2.25001E-01 -1.64597E-04 -2.25705E-01
9.25998E+01 -2.30001E-01 -1.68243E-04 -2.30724E-01
9.26998E+01 -2.35001E-01 -1.71848E-04 -2.35707E-01
9.27998E+01 -2.40001E-01 -1.75283E-04 -2.40700E-01
9.28998E+01 -2.45001E-01 -1.78608E-04 -2.45722E-01
9.29998E+01 -2.50001E-01 -1.81782E-04 -2.50693E-01
9.30998E+01 -2.55001E-01 -1.84859E-04 -2.55723E-01
9.31998E+01 -2.60001E-01 -1.87905E-04 -2.60723E-01
9.32998E+01 -2.65001E-01 -1.90800E-04 -2.65726E-01
9.33998E+01 -2.70001E-01 -1.93507E-04 -2.70698E-01
9.34998E+01 -2.75001E-01 -1.96050E-04 -2.75724E-01
9.35998E+01 -2.80001E-01 -1.98419E-04 -2.80727E-01
9.36998E+01 -2.85001E-01 -2.00540E-04 -2.85719E-01
9.37998E+01 -2.90001E-01 -2.02291E-04 -2.90710E-01
9.38998E+01 -2.95001E-01 -2.03583E-04 -2.95714E-01
9.39998E+01 -3.00001E-01 -2.03995E-04 -3.00736E-01
9.40998E+01 -3.05001E-01 -2.03150E-04 -3.05767E-01
9.41998E+01 -3.10001E-01 -2.00046E-04 -3.10733E-01
9.42998E+01 -3.15001E-01 -1.93477E-04 -3.15731E-01
9.43998E+01 -3.20001E-01 -1.83027E-04 -3.20738E-01
9.44998E+01 -3.25001E-01 -1.69463E-04 -3.25749E-01
9.45998E+01 -3.30001E-01 -1.53865E-04 -3.30753E-01
9.46998E+01 -3.35001E-01 -1.37931E-04 -3.35747E-01
9.47998E+01 -3.40001E-01 -1.24234E-04 -3.40769E-01
9.48998E+01 -3.45001E-01 -1.14002E-04 -3.45744E-01
9.49998E+01 -3.50001E-01 -1.06366E-04 -3.50763E-01
9.50998E+01 -3.55001E-01 -1.00668E-04 -3.55785E-01
9.51998E+01 -3.60001E-01 -9.60066E-05 -3.60767E-01
9.52998E+01 -3.65001E-01 -9.20678E-05 -3.65744E-01
9.53998E+01 -3.70001E-01 -8.87204E-05 -3.70769E-01
9.54998E+01 -3.75001E-01 -8.58349E-05 -3.75778E-01
9.55998E+01 -3.80001E-01 -8.32592E-05 -3.80762E-01
9.56998E+01 -3.85001E-01 -8.11601E-05 -3.85786E-01
9.57998E+01 -3.90001E-01 -7.90169E-05 -3.90772E-01
9.58998E+01 -3.95001E-01 -7.71839E-05 -3.95789E-01
9.59998E+01 -4.00001E-01 -7.57584E-05 -4.00764E-01
9.60998E+01 -4.05001E-01 -7.41130E-05 -4.05761E-01
9.61998E+01 -4.10001E-01 -7.27276E-05 -4.10754E-01
9.62998E+01 -4.15001E-01 -7.23848E-05 -4.15801E-01
9.63998E+01 -4.20001E-01 -7.13662E-05 -4.20791E-01
9.64998E+01 -4.25001E-01 -6.98937E-05 -4.25758E-01
9.65998E+01 -4.30001E-01 -6.85079E-05 -4.30795E-01
9.66998E+01 -4.35001E-01 -6.72628E-05 -4.35804E-01
9.67998E+01 -4.40001E-01 -6.63130E-05 -4.40788E-01
9.68998E+01 -4.45001E-01 -6.53517E-05 -4.45784E-01
9.69998E+01 -4.50001E-01 -6.44896E-05 -4.50793E-01
9.70998E+01 -4.55001E-01 -6.37058E-05 -4.55819E-01
9.71998E+01 -4.60001E-01 -6.29114E-05 -4.60800E-01
9.72998E+01 -4.65001E-01 -6.21378E-05 -4.65771E-01
9.73998E+01 -4.70001E-01 -6.14340E-05 -4.70796E-01
9.74998E+01 -4.75001E-01 -6.07557E-05 -4.75827E-01
9.75998E+01 -4.80001E-01 -6.01222E-05 -4.80813E-01
9.76998E+01 -4.85001E-01 -5.95121E-05 -4.85835E-01
9.77998E+01 -4.90001E-01 -5.89671E-05 -4.90838E-01
9.78998E+01 -4.95001E-01 -5.83530E-05 -4.95852E-01
9.79998E+01 -5.00001E-01 -5.77912E-05 -5.00833E-01
9.80998E+01 -5.05001E-01 -5.72543E-05 -5.05849E-01
9.81998E+01 -5.10001E-01 -5.67573E-05 -5.10852E-01
9.82998E+01 -5.15001E-01 -5.62805E-05 -5.15880E-01
9.83998E+01 -5.20001E-01 -5.58209E-05 -5.20843E-01
9.84998E+01 -5.25001E-01 -5.53997E-05 -5.25817E-01
9.85998E+01 -5.30001E-01 -5.50170E-05 -5.30861E-01
9.86998E+01 -5.35001E-01 -5.45858E-05 -5.35862E-01
9.87998E+01 -5.40001E-01 -5.42471E-05 -5.40871E-01
9.88998E+01 -5.45001E-01 -5.39331E-05 -5.45871E-01
9.89998E+01 -5.50001E-01 -5.36042E-05 -5.50880E-01
9.90998E+01 -5.55001E-01 -5.32841E-05 -5.55875E-01
9.91998E+01 -5.60001E-01 -5.30150E-05 -5.60871E-01
9.92998E+01 -5.65001E-01 -5.27490E-05 -5.65870E-01
9.93998E+01 -5.70001E-01 -5.25120E-05 -5.70888E-01
9.94998E+01 -5.75001E-01 -5.23096E-05 -5.75874E-01
9.95998E+01 -5.80001E-01 -5.21412E-05 -5.80873E-01
9.96998E+01 -5.85001E-01 -5.19803E-05 -5.85892E-01
9.97998E+01 -5.90001E-01 -5.18572E-05 -5.90894E-01
9.98998E+01 -5.95001E-01 -5.17578E-05 -5.95919E-01
9.99997E+01 -6.00001E-01 -5.16607E-05 -6.00894E-01
1.00100E+02 -6.05000E-01 -5.15961E-05 -6.05899E-01
1.00200E+02 -6.10000E-01 -5.15558E-05 -6.10913E-01
1.00300E+02 -6.15000E-01 -5.15340E-05 -6.15900E-01
1.00400E+02 -6.20000E-01 -5.15098E-05 -6.20907E-01
1.00500E+02 -6.25000E-01 -5.15037E-05 -6.25891E-01
1.00600E+02 -6.30000E-01 -5.15301E-05 -6.30919E-01
1.00700E+02 -6.35000E-01 -5.15444E-05 -6.35920E-01
1.00800E+02 -6.40000E-01 -5.15719E-05 -6.40916E-01
1.00900E+02 -6.45000E-01 -5.16171E-05 -6.45920E-01
1.01000E+02 -6.50000E-01 -5.16610E-05 -6.50932E-01
1.01100E+02 -6.55000E-01 -5.17075E-05 -6.55952E-01
1.01200E+02 -6.60000E-01 -5.17586E-05 -6.60946E-01
1.01300E+02 -6.65000E-01 -5.18096E-05 -6.65948E-01
1.01400E+02 -6.70000E-01 -5.18729E-05 -6.70932E-01
1.01500E+02 -6.75000E-01 -5.19204E-05 -6.75969E-01
1.01600E+02 -6.80000E-01 -5.19733E-05 -6.80961E-01
1.01700E+02 -6.85000E-01 -5.20344E-05 -6.85943E-01
1.01800E+02 -6.90000E-01 -5.20603E-05 -6.90929E-01
1.01900E+02 -6.95000E-01 -5.21249E-05 -6.95978E-01
1.02000E+02 -7.00000E-01 -5.21674E-05 -7.00939E-01
1.02100E+02 -7.05000E-01 -5.21990E-05 -7.05969E-01
1.02200E+02 -7.10000E-01 -5.22280E-05 -7.10938E-01
1.02300E+02 -7.15000E-01 -5.22586E-05 -7.15968E-01
1.02400E+02 -7.20000E-01 -5.22861E-05 -7.20975E-01
1.02500E+02 -7.25000E-01 -5.23128E-05 -7.25981E-01
1.02600E+02 -7.30000E-01 -5.23341E-05 -7.30961E-01
1.02700E+02 -7.35000E-01 -5.23516E-05 -7.35992E-01
1.02800E+02 -7.40000E-01 -5.23716E-05 -7.40992E-01
1.02900E+02 -7.45000E-01 -5.23857E-05 -7.45961E-01
1.03000E+02 -7.50000E-01 -5.23972E-05 -7.50945E-01
1.03100E+02 -7.55000E-01 -5.24130E-05 -7.55988E-01
1.03200E+02 -7.60000E-01 -5.24205E-05 -7.61013E-01
1.03300E+02 -7.65000E-01 -5.24395E-05 -7.66001E-01
1.03400E+02 -7.70000E-01 -5.24625E-05 -7.70993E-01
1.03500E+02 -7.75000E-01 -5.24933E-05 -7.76011E-01
1.03600E+02 -7.80000E-01 -5.25015E-05 -7.81018E-01
1.03700E+02 -7.85000E-01 -5.25345E-05 -7.86014E-01
1.03800E+02 -7.90000E-01 -5.25876E-05 -7.90995E-01
1.03900E+02 -7.95000E-01 -5.26274E-05 -7.96000E-01
