time/s      E/V        I/A
0.00000E+00 -8.00000E-01 -4.94800E-05 -8.01009E-01
9.99997E-02 -7.95000E-01 -4.79129E-05 -7.96000E-01
1.99999E-01 -7.90000E-01 -4.66239E-05 -7.90988E-01
2.99999E-01 -7.85000E-01 -4.54936E-05 -7.85989E-01
3.99999E-01 -7.80000E-01 -4.44646E-05 -7.80985E-01
4.99999E-01 -7.75000E-01 -4.35207E-05 -7.75987E-01
5.99998E-01 -7.70000E-01 -4.26451E-05 -7.70983E-01
6.99998E-01 -7.65000E-01 -4.18135E-05 -7.65982E-01
7.99998E-01 -7.60000E-01 -4.09941E-05 -7.60989E-01
8.99998E-01 -7.55000E-01 -4.01695E-05 -7.55969E-01
9.99997E-01 -7.50000E-01 -3.93079E-05 -7.50973E-01
1.10000E+00 -7.45000E-01 -3.86413E-05 -7.45976E-01
1.20000E+00 -7.40000E-01 -3.79729E-05 -7.40994E-01
1.30000E+00 -7.35000E-01 -3.73023E-05 -7.35981E-01
1.40000E+00 -7.30000E-01 -3.66620E-05 -7.30956E-01
1.50000E+00 -7.25000E-01 -3.59998E-05 -7.25986E-01
1.60000E+00 -7.20000E-01 -3.53686E-05 -7.20975E-01
1.70000E+00 -7.15000E-01 -3.47856E-05 -7.15958E-01
1.80000E+00 -7.10000E-01 -3.42485E-05 -7.10957E-01
1.90000E+00 -7.05000E-01 -3.37304E-05 -7.05941E-01
1.99999E+00 -7.00000E-01 -3.31893E-05 -7.00963E-01
2.09999E+00 -6.95000E-01 -3.25509E-05 -6.95963E-01
2.19999E+00 -6.90000E-01 -3.20302E-05 -6.90969E-01
2.29999E+00 -6.85000E-01 -3.15711E-05 -6.85937E-01
2.39999E+00 -6.80000E-01 -3.11070E-05 -6.80963E-01
2.49999E+00 -6.75000E-01 -3.06296E-05 -6.75943E-01
2.59999E+00 -6.70000E-01 -3.01741E-05 -6.70915E-01
2.69999E+00 -6.65000E-01 -2.97813E-05 -6.65880E-01
2.79999E+00 -6.60000E-01 -2.93368E-05 -6.60944E-01
2.89999E+00 -6.55000E-01 -2.89168E-05 -6.55936E-01
2.99999E+00 -6.50000E-01 -2.84660E-05 -6.50944E-01
3.09999E+00 -6.45000E-01 -2.80515E-05 -6.45905E-01
3.19999E+00 -6.40000E-01 -2.75888E-05 -6.40931E-01
3.29999E+00 -6.35000E-01 -2.72493E-05 -6.35864E-01
3.39999E+00 -6.30000E-01 -2.68631E-05 -6.30930E-01
3.49999E+00 -6.25000E-01 -2.64898E-05 -6.25907E-01
3.59999E+00 -6.20000E-01 -2.61283E-05 -6.20946E-01
3.69999E+00 -6.15000E-01 -2.57911E-05 -6.15916E-01
3.79999E+00 -6.10000E-01 -2.54790E-05 -6.10933E-01
3.89999E+00 -6.05000E-01 -2.52052E-05 -6.05916E-01
3.99999E+00 -6.00001E-01 -2.48231E-05 -6.00920E-01
4.09999E+00 -5.95001E-01 -2.45156E-05 -5.95895E-01
4.19999E+00 -5.90001E-01 -2.42084E-05 -5.90913E-01
4.29999E+00 -5.85001E-01 -2.38990E-05 -5.85902E-01
4.39999E+00 -5.80001E-01 -2.36292E-05 -5.80903E-01
4.49999E+00 -5.75001E-01 -2.32676E-05 -5.75884E-01
4.59999E+00 -5.70001E-01 -2.29083E-05 -5.70923E-01
4.69999E+00 -5.65001E-01 -2.25953E-05 -5.65882E-01
4.79999E+00 -5.60001E-01 -2.23424E-05 -5.60911E-01
4.89999E+00 -5.55001E-01 -2.19961E-05 -5.55788E-01
4.99999E+00 -5.50001E-01 -2.16467E-05 -5.50917E-01
5.09999E+00 -5.45001E-01 -2.13109E-05 -5.45862E-01
5.19999E+00 -5.40001E-01 -2.09335E-05 -5.40880E-01
5.29999E+00 -5.35001E-01 -2.05697E-05 -5.35817E-01
5.39999E+00 -5.30001E-01 -2.02805E-05 -5.30903E-01
5.49999E+00 -5.25001E-01 -1.99722E-05 -5.25866E-01
5.59999E+00 -5.20001E-01 -1.96749E-05 -5.20881E-01
5.69999E+00 -5.15001E-01 -1.93919E-05 -5.15766E-01
5.79999E+00 -5.10001E-01 -1.90984E-05 -5.10903E-01
5.89999E+00 -5.05001E-01 -1.88133E-05 -5.05832E-01
5.99998E+00 -5.00001E-01 -1.85313E-05 -5.00863E-01
6.09998E+00 -4.95001E-01 -1.82575E-05 -4.95790E-01
6.19998E+00 -4.90001E-01 -1.79714E-05 -4.90864E-01
6.29998E+00 -4.85001E-01 -1.76921E-05 -4.85838E-01
6.39998E+00 -4.80001E-01 -1.74304E-05 -4.80857E-01
6.49998E+00 -4.75001E-01 -1.71605E-05 -4.75784E-01
6.59998E+00 -4.70001E-01 -1.68807E-05 -4.70833E-01
6.69998E+00 -4.65001E-01 -1.66112E-05 -4.65741E-01
6.79998E+00 -4.60001E-01 -1.63469E-05 -4.60834E-01
6.89998E+00 -4.55001E-01 -1.60928E-05 -4.55709E-01
6.99998E+00 -4.50001E-01 -1.58309E-05 -4.50830E-01
7.09998E+00 -4.45001E-01 -1.55808E-05 -4.45782E-01
7.19998E+00 -4.40001E-01 -1.53259E-05 -4.40833E-01
7.29998E+00 -4.35001E-01 -1.50919E-05 -4.35689E-01
7.39998E+00 -4.30001E-01 -1.48502E-05 -4.30820E-01
7.49998E+00 -4.25001E-01 -1.45774E-05 -4.25774E-01
7.59998E+00 -4.20001E-01 -1.43314E-05 -4.20822E-01
7.69998E+00 -4.15001E-01 -1.41071E-05 -4.15709E-01
7.79998E+00 -4.10001E-01 -1.38784E-05 -4.10820E-01
7.89998E+00 -4.05001E-01 -1.36459E-05 -4.05782E-01
7.99998E+00 -4.00001E-01 -1.34154E-05 -4.00812E-01
8.09998E+00 -3.95001E-01 -1.31957E-05 -3.95725E-01
8.19998E+00 -3.90001E-01 -1.29613E-05 -3.90809E-01
8.29998E+00 -3.85001E-01 -1.27403E-05 -3.85735E-01
8.39998E+00 -3.80001E-01 -1.25220E-05 -3.80796E-01
8.49998E+00 -3.75001E-01 -1.23055E-05 -3.75815E-01
8.59998E+00 -3.70001E-01 -1.20855E-05 -3.70791E-01
8.69998E+00 -3.65001E-01 -1.18820E-05 -3.65710E-01
8.79998E+00 -3.60001E-01 -1.16590E-05 -3.60820E-01
8.89998E+00 -3.55001E-01 -1.14749E-05 -3.55696E-01
8.99998E+00 -3.50001E-01 -1.12159E-05 -3.50796E-01
9.09998E+00 -3.45001E-01 -1.09897E-05 -3.45719E-01
9.19998E+00 -3.40001E-01 -1.08036E-05 -3.40793E-01
9.29998E+00 -3.35001E-01 -1.06183E-05 -3.35695E-01
9.39998E+00 -3.30001E-01 -1.04084E-05 -3.30788E-01
9.49998E+00 -3.25001E-01 -1.02172E-05 -3.25587E-01
9.59998E+00 -3.20001E-01 -1.00126E-05 -3.20781E-01
9.69998E+00 -3.15001E-01 -9.81673E-06 -3.15662E-01
9.79998E+00 -3.10001E-01 -9.62732E-06 -3.10750E-01
9.89998E+00 -3.05001E-01 -9.45834E-06 -3.05711E-01
9.99997E+00 -3.00001E-01 -9.26706E-06 -3.00750E-01
1.01000E+01 -2.95001E-01 -9.07561E-06 -2.95619E-01
1.02000E+01 -2.90001E-01 -8.88060E-06 -2.90760E-01
1.03000E+01 -2.85001E-01 -8.70047E-06 -2.85684E-01
1.04000E+01 -2.80001E-01 -8.51239E-06 -2.80761E-01
1.05000E+01 -2.75001E-01 -8.33379E-06 -2.75637E-01
1.06000E+01 -2.70001E-01 -8.13998E-06 -2.70738E-01
1.07000E+01 -2.65001E-01 -7.96495E-06 -2.65694E-01
1.08000E+01 -2.60001E-01 -7.77297E-06 -2.60760E-01
1.09000E+01 -2.55001E-01 -7.60339E-06 -2.55611E-01
1.10000E+01 -2.50001E-01 -7.41554E-06 -2.50720E-01
1.11000E+01 -2.45001E-01 -7.23026E-06 -2.45695E-01
1.12000E+01 -2.40001E-01 -7.04720E-06 -2.40737E-01
1.13000E+01 -2.35001E-01 -6.87044E-06 -2.35642E-01
1.14000E+01 -2.30001E-01 -6.68731E-06 -2.30717E-01
1.15000E+01 -2.25001E-01 -6.50803E-06 -2.25686E-01
1.16000E+01 -2.20001E-01 -6.32825E-06 -2.20731E-01
1.17000E+01 -2.15001E-01 -6.16059E-06 -2.15627E-01
1.18000E+01 -2.10001E-01 -5.97921E-06 -2.10695E-01
1.19000E+01 -2.05001E-01 -5.79428E-06 -2.05664E-01
1.20000E+01 -2.00002E-01 -5.62019E-06 -2.00701E-01
1.21000E+01 -1.95002E-01 -5.44656E-06 -1.95599E-01
1.22000E+01 -1.90002E-01 -5.26468E-06 -1.90679E-01
1.23000E+01 -1.85002E-01 -5.09315E-06 -1.85665E-01
1.24000E+01 -1.80002E-01 -4.90974E-06 -1.80705E-01
1.25000E+01 -1.75002E-01 -4.74106E-06 -1.75609E-01
1.26000E+01 -1.70002E-01 -4.55598E-06 -1.70684E-01
1.27000E+01 -1.65002E-01 -4.38924E-06 -1.65657E-01
1.28000E+01 -1.60002E-01 -4.21131E-06 -1.60676E-01
1.29000E+01 -1.55002E-01 -4.03985E-06 -1.55596E-01
1.30000E+01 -1.50002E-01 -3.86540E-06 -1.50653E-01
1.31000E+01 -1.45002E-01 -3.68866E-06 -1.45639E-01
1.32000E+01 -1.40002E-01 -3.51211E-06 -1.40668E-01
1.33000E+01 -1.35002E-01 -3.38939E-06 -1.35584E-01
1.34000E+01 -1.30002E-01 -3.21241E-06 -1.30628E-01
1.35000E+01 -1.25002E-01 -3.03954E-06 -1.25642E-01
1.36000E+01 -1.20002E-01 -2.86558E-06 -1.20654E-01
1.37000E+01 -1.15002E-01 -2.69331E-06 -1.15603E-01
1.38000E+01 -1.10002E-01 -2.51529E-06 -1.10662E-01
1.39000E+01 -1.05002E-01 -2.34010E-06 -1.05621E-01
1.40000E+01 -1.00002E-01 -2.17041E-06 -1.00648E-01
1.41000E+01 -9.50018E-02 -1.99450E-06 -9.55832E-02
1.42000E+01 -9.00018E-02 -1.81599E-06 -9.06154E-02
1.43000E+01 -8.50018E-02 -1.64462E-06 -8.55826E-02
1.44000E+01 -8.00018E-02 -1.46956E-06 -8.06642E-02
1.45000E+01 -7.50018E-02 -1.29072E-06 -7.56633E-02
1.46000E+01 -7.00018E-02 -1.10728E-06 -7.06292E-02
1.47000E+01 -6.50018E-02 -9.28907E-07 -6.56514E-02
1.48000E+01 -6.00019E-02 -7.51627E-07 -6.04107E-02
1.49000E+01 -5.50019E-02 -5.81590E-07 -5.56196E-02
1.50000E+01 -5.00019E-02 -4.24609E-07 -5.06262E-02
1.51000E+01 -4.50019E-02 -2.49318E-07 -4.54104E-02
1.52000E+01 -4.00019E-02 -5.62843E-08 -4.06537E-02
1.53000E+01 -3.50019E-02 1.47332E-07  -3.53986E-02
1.54000E+01 -3.00019E-02 3.24799E-07  -3.06106E-02
1.55000E+01 -2.50019E-02 5.13099E-07  -2.55566E-02
1.56000E+01 -2.00020E-02 7.34133E-07  -2.06188E-02
1.57000E+01 -1.50020E-02 8.96313E-07  -1.55223E-02
1.58000E+01 -1.00020E-02 1.10300E-06  -1.06126E-02
1.59000E+01 -5.00199E-03 1.33310E-06  -5.50862E-03
1.60000E+01 -2.00000E-06 1.50694E-06  -6.00085E-04
1.61000E+01 4.99799E-03  1.67263E-06  4.51882E-03 
1.62000E+01 9.99797E-03  1.87614E-06  9.40545E-03 
1.63000E+01 1.49980E-02  2.05584E-06  1.44913E-02 
1.64000E+01 1.99979E-02  2.24092E-06  1.94135E-02 
1.65000E+01 2.49979E-02  2.43031E-06  2.45443E-02 
1.66000E+01 2.99979E-02  2.67828E-06  2.93798E-02 
1.67000E+01 3.49979E-02  2.87544E-06  3.45356E-02 
1.68000E+01 3.99979E-02  3.05775E-06  3.94453E-02 
1.69000E+01 4.49979E-02  3.24820E-06  4.45475E-02 
1.70000E+01 4.99979E-02  3.43452E-06  4.93935E-02 
1.71000E+01 5.49979E-02  3.58111E-06  5.44874E-02 
1.72000E+01 5.99978E-02  3.87798E-06  5.94090E-02 
1.73000E+01 6.49978E-02  4.13307E-06  6.45411E-02 
1.74000E+01 6.99978E-02  4.36529E-06  6.94159E-02 
1.75000E+01 7.49978E-02  4.57840E-06  7.44936E-02 
1.76000E+01 7.99978E-02  4.79743E-06  7.94658E-02 
1.77000E+01 8.49978E-02  5.02341E-06  8.46191E-02 
1.78000E+01 8.99978E-02  5.24222E-06  8.94364E-02 
1.79000E+01 9.49978E-02  5.46707E-06  9.44967E-02 
1.80000E+01 9.99977E-02  5.68460E-06  9.94532E-02 
1.81000E+01 1.04998E-01  5.91676E-06  1.04602E-01 
1.82000E+01 1.09998E-01  6.12501E-06  1.09456E-01 
1.83000E+01 1.14998E-01  6.31329E-06  1.14545E-01 
1.84000E+01 1.19998E-01  6.44779E-06  1.19458E-01 
1.85000E+01 1.24998E-01  6.73070E-06  1.24577E-01 
1.86000E+01 1.29998E-01  7.00565E-06  1.29435E-01 
1.87000E+01 1.34998E-01  7.27608E-06  1.34556E-01 
1.88000E+01 1.39998E-01  7.54305E-06  1.39542E-01 
1.89000E+01 1.44998E-01  7.81732E-06  1.44615E-01 
1.90000E+01 1.49998E-01  8.09322E-06  1.49478E-01 
1.91000E+01 1.54998E-01  8.37680E-06  1.54541E-01 
1.92000E+01 1.59998E-01  8.65207E-06  1.59508E-01 
1.93000E+01 1.64998E-01  8.94632E-06  1.64583E-01 
1.94000E+01 1.69998E-01  9.23161E-06  1.69483E-01 
1.95000E+01 1.74998E-01  9.53725E-06  1.74561E-01 
1.96000E+01 1.79998E-01  9.83285E-06  1.79616E-01 
1.97000E+01 1.84998E-01  1.01315E-05  1.84554E-01 
1.98000E+01 1.89998E-01  1.04312E-05  1.89507E-01 
1.99000E+01 1.94998E-01  1.07076E-05  1.94516E-01 
1.99999E+01 1.99997E-01  1.10471E-05  1.99527E-01 
2.00999E+01 2.04997E-01  1.13707E-05  2.04567E-01 
2.01999E+01 2.09997E-01  1.16814E-05  2.09505E-01 
2.02999E+01 2.14997E-01  1.20019E-05  2.14514E-01 
2.03999E+01 2.19997E-01  1.23248E-05  2.19498E-01 
2.04999E+01 2.24997E-01  1.26514E-05  2.24551E-01 
2.05999E+01 2.29997E-01  1.29796E-05  2.29493E-01 
2.06999E+01 2.34997E-01  1.33147E-05  2.34514E-01 
2.07999E+01 2.39997E-01  1.36460E-05  2.39513E-01 
2.08999E+01 2.44997E-01  1.39756E-05  2.44586E-01 
2.09999E+01 2.49997E-01  1.43120E-05  2.49522E-01 
2.10999E+01 2.54997E-01  1.46552E-05  2.54540E-01 
2.11999E+01 2.59997E-01  1.49835E-05  2.59535E-01 
2.12999E+01 2.64997E-01  1.53144E-05  2.64523E-01 
2.13999E+01 2.69997E-01  1.56607E-05  2.69522E-01 
2.14999E+01 2.74997E-01  1.59763E-05  2.74519E-01 
2.15999E+01 2.79997E-01  1.63122E-05  2.79528E-01 
2.16999E+01 2.84997E-01  1.66464E-05  2.84600E-01 
2.17999E+01 2.89997E-01  1.69679E-05  2.89550E-01 
2.18999E+01 2.94997E-01  1.72864E-05  2.94548E-01 
2.19999E+01 2.99997E-01  1.76156E-05  2.99549E-01 
2.20999E+01 3.04997E-01  1.79294E-05  3.04592E-01 
2.21999E+01 3.09997E-01  1.82341E-05  3.09559E-01 
2.22999E+01 3.14997E-01  1.85297E-05  3.14583E-01 
2.23999E+01 3.19997E-01  1.88345E-05  3.19571E-01 
2.24999E+01 3.24997E-01  1.91228E-05  3.24628E-01 
2.25999E+01 3.29997E-01  1.94104E-05  3.29579E-01 
2.26999E+01 3.34997E-01  1.96852E-05  3.34600E-01 
2.27999E+01 3.39997E-01  1.99616E-05  3.39585E-01 
2.28999E+01 3.44997E-01  2.02176E-05  3.44630E-01 
2.29999E+01 3.49997E-01  2.04940E-05  3.49549E-01 
2.30999E+01 3.54997E-01  2.07538E-05  3.54628E-01 
2.31999E+01 3.59997E-01  2.10062E-05  3.59573E-01 
2.32999E+01 3.64997E-01  2.13080E-05  3.64586E-01 
2.33999E+01 3.69997E-01  2.15609E-05  3.69588E-01 
2.34999E+01 3.74997E-01  2.18127E-05  3.74597E-01 
2.35999E+01 3.79997E-01  2.20761E-05  3.79590E-01 
2.36999E+01 3.84997E-01  2.23238E-05  3.84606E-01 
2.37999E+01 3.89997E-01  2.25749E-05  3.89596E-01 
2.38999E+01 3.94997E-01  2.28343E-05  3.94614E-01 
2.39999E+01 3.99997E-01  2.31029E-05  3.99602E-01 
2.40999E+01 4.04997E-01  2.33711E-05  4.04612E-01 
2.41999E+01 4.09997E-01  2.36459E-05  4.09608E-01 
2.42999E+01 4.14997E-01  2.39162E-05  4.14640E-01 
2.43999E+01 4.19997E-01  2.41939E-05  4.19627E-01 
2.44999E+01 4.24997E-01  2.44864E-05  4.24640E-01 
2.45999E+01 4.29997E-01  2.47730E-05  4.29608E-01 
2.46999E+01 4.34997E-01  2.50658E-05  4.34615E-01 
2.47999E+01 4.39997E-01  2.53606E-05  4.39611E-01 
2.48999E+01 4.44997E-01  2.56683E-05  4.44623E-01 
2.49999E+01 4.49997E-01  2.59743E-05  4.49618E-01 
2.50999E+01 4.54997E-01  2.63028E-05  4.54639E-01 
2.51999E+01 4.59997E-01  2.66263E-05  4.59626E-01 
2.52999E+01 4.64997E-01  2.69401E-05  4.64657E-01 
2.53999E+01 4.69997E-01  2.72533E-05  4.69644E-01 
2.54999E+01 4.74997E-01  2.75866E-05  4.74653E-01 
2.55999E+01 4.79997E-01  2.79367E-05  4.79649E-01 
2.56999E+01 4.84997E-01  2.82699E-05  4.84666E-01 
2.57999E+01 4.89997E-01  2.86097E-05  4.89653E-01 
2.58999E+01 4.94997E-01  2.89541E-05  4.94652E-01 
2.59999E+01 4.99997E-01  2.93017E-05  4.99646E-01 
2.60999E+01 5.04997E-01  2.96411E-05  5.04666E-01 
2.61999E+01 5.09997E-01  3.00057E-05  5.09675E-01 
2.62999E+01 5.14997E-01  3.03606E-05  5.14676E-01 
2.63999E+01 5.19997E-01  3.07204E-05  5.19670E-01 
2.64999E+01 5.24997E-01  3.10843E-05  5.24675E-01 
2.65999E+01 5.29997E-01  3.14485E-05  5.29670E-01 
2.66999E+01 5.34997E-01  3.18182E-05  5.34706E-01 
2.67999E+01 5.39997E-01  3.21877E-05  5.39685E-01 
2.68999E+01 5.44997E-01  3.25552E-05  5.44712E-01 
2.69999E+01 5.49997E-01  3.29290E-05  5.49685E-01 
2.70999E+01 5.54997E-01  3.33050E-05  5.54707E-01 
2.71999E+01 5.59997E-01  3.36884E-05  5.59682E-01 
2.72999E+01 5.64997E-01  3.40650E-05  5.64731E-01 
2.73999E+01 5.69997E-01  3.44446E-05  5.69683E-01 
2.74999E+01 5.74997E-01  3.48269E-05  5.74710E-01 
2.75999E+01 5.79997E-01  3.52088E-05  5.79706E-01 
2.76999E+01 5.84997E-01  3.55959E-05  5.84731E-01 
2.77999E+01 5.89997E-01  3.59788E-05  5.89773E-01 
2.78999E+01 5.94997E-01  3.63594E-05  5.94716E-01 
2.79999E+01 5.99996E-01  3.67546E-05  5.99713E-01 
2.80999E+01 6.04996E-01  3.71398E-05  6.04706E-01 
2.81999E+01 6.09996E-01  3.75219E-05  6.09717E-01 
2.82999E+01 6.14996E-01  3.79033E-05  6.14743E-01 
2.83999E+01 6.19996E-01  3.82890E-05  6.19711E-01 
2.84999E+01 6.24996E-01  3.86712E-05  6.24710E-01 
2.85999E+01 6.29996E-01  3.90385E-05  6.29739E-01 
2.86999E+01 6.34996E-01  3.94355E-05  6.34755E-01 
2.87999E+01 6.39996E-01  3.98150E-05  6.39767E-01 
2.88999E+01 6.44996E-01  4.01781E-05  6.44749E-01 
2.89999E+01 6.49996E-01  4.05654E-05  6.49747E-01 
2.90999E+01 6.54996E-01  4.09200E-05  6.54784E-01 
2.91999E+01 6.59996E-01  4.12736E-05  6.59786E-01 
2.92999E+01 6.64996E-01  4.16250E-05  6.64775E-01 
2.93999E+01 6.69996E-01  4.20038E-05  6.69780E-01 
2.94999E+01 6.74996E-01  4.23692E-05  6.74765E-01 
2.95999E+01 6.79996E-01  4.27135E-05  6.79780E-01 
2.96999E+01 6.84996E-01  4.30472E-05  6.84783E-01 
2.97999E+01 6.89996E-01  4.34013E-05  6.89757E-01 
2.98999E+01 6.94996E-01  4.37302E-05  6.94821E-01 
2.99999E+01 6.99996E-01  4.40889E-05  6.99788E-01 
3.00999E+01 7.04996E-01  4.44060E-05  7.04767E-01 
3.01999E+01 7.09996E-01  4.47251E-05  7.09747E-01 
3.02999E+01 7.14996E-01  4.50172E-05  7.14757E-01 
3.03999E+01 7.19996E-01  4.53283E-05  7.19771E-01 
3.04999E+01 7.24996E-01  4.56314E-05  7.24774E-01 
3.05999E+01 7.29996E-01  4.59624E-05  7.29780E-01 
3.06999E+01 7.34996E-01  4.62558E-05  7.34775E-01 
3.07999E+01 7.39996E-01  4.65436E-05  7.39786E-01 
3.08999E+01 7.44996E-01  4.68033E-05  7.44780E-01 
3.09999E+01 7.49996E-01  4.70696E-05  7.49781E-01 
3.10999E+01 7.54996E-01  4.73270E-05  7.54822E-01 
3.11999E+01 7.59996E-01  4.75714E-05  7.59774E-01 
3.12999E+01 7.64996E-01  4.78891E-05  7.64799E-01 
3.13999E+01 7.69996E-01  4.81218E-05  7.69766E-01 
3.14999E+01 7.74996E-01  4.83520E-05  7.74768E-01 
3.15999E+01 7.79996E-01  4.85254E-05  7.79865E-01 
3.16999E+01 7.84996E-01  4.87259E-05  7.84852E-01 
3.17999E+01 7.89996E-01  4.89708E-05  7.89831E-01 
3.18999E+01 7.94996E-01  4.92686E-05  7.94837E-01 
3.19999E+01 7.99996E-01  4.94408E-05  7.99825E-01 
3.20999E+01 8.04996E-01  4.95786E-05  8.04807E-01 
3.21999E+01 8.09996E-01  4.97545E-05  8.09822E-01 
3.22999E+01 8.14996E-01  4.99365E-05  8.14846E-01 
3.23999E+01 8.19996E-01  5.01205E-05  8.19842E-01 
3.24999E+01 8.24996E-01  5.02971E-05  8.24832E-01 
3.25999E+01 8.29996E-01  5.05260E-05  8.29840E-01 
3.26999E+01 8.34996E-01  5.07346E-05  8.34849E-01 
3.27999E+01 8.39996E-01  5.09256E-05  8.39842E-01 
3.28999E+01 8.44996E-01  5.10999E-05  8.44836E-01 
3.29999E+01 8.49996E-01  5.12904E-05  8.49848E-01 
3.30999E+01 8.54996E-01  5.14762E-05  8.54867E-01 
3.31999E+01 8.59996E-01  5.16745E-05  8.59883E-01 
3.32999E+01 8.64996E-01  5.18600E-05  8.64867E-01 
3.33999E+01 8.69996E-01  5.20365E-05  8.69865E-01 
3.34999E+01 8.74996E-01  5.22100E-05  8.74864E-01 
3.35999E+01 8.79996E-01  5.23912E-05  8.79868E-01 
3.36999E+01 8.84996E-01  5.25482E-05  8.84877E-01 
3.37999E+01 8.89996E-01  5.27178E-05  8.89874E-01 
3.38999E+01 8.94996E-01  5.28817E-05  8.94887E-01 
3.39999E+01 8.99996E-01  5.30216E-05  8.99879E-01 
3.40999E+01 9.04996E-01  5.31775E-05  9.04879E-01 
3.41999E+01 9.09996E-01  5.33537E-05  9.09878E-01 
3.42999E+01 9.14996E-01  5.35185E-05  9.14875E-01 
3.43999E+01 9.19996E-01  5.36986E-05  9.19898E-01 
3.44999E+01 9.24996E-01  5.38529E-05  9.24898E-01 
3.45999E+01 9.29996E-01  5.39984E-05  9.29884E-01 
3.46999E+01 9.34996E-01  5.41857E-05  9.34884E-01 
3.47999E+01 9.39996E-01  5.43264E-05  9.39901E-01 
3.48999E+01 9.44996E-01  5.44828E-05  9.44926E-01 
3.49999E+01 9.49996E-01  5.46647E-05  9.49912E-01 
3.50999E+01 9.54996E-01  5.48515E-05  9.54900E-01 
3.51999E+01 9.59996E-01  5.50252E-05  9.59930E-01 
3.52999E+01 9.64996E-01  5.51674E-05  9.64925E-01 
3.53999E+01 9.69996E-01  5.53282E-05  9.69949E-01 
3.54999E+01 9.74996E-01  5.54967E-05  9.74939E-01 
3.55999E+01 9.79996E-01  5.56865E-05  9.79939E-01 
3.56999E+01 9.84996E-01  5.58560E-05  9.84933E-01 
3.57999E+01 9.89996E-01  5.60407E-05  9.89949E-01 
3.58999E+01 9.94996E-01  5.62051E-05  9.94943E-01 
3.59999E+01 9.99995E-01  5.63847E-05  9.99925E-01 
3.60999E+01 1.00500E+00  5.65765E-05  1.00494E+00 
3.61999E+01 1.01000E+00  5.67418E-05  1.00997E+00 
3.62999E+01 1.01500E+00  5.68909E-05  1.01495E+00 
3.63999E+01 1.02000E+00  5.70970E-05  1.01994E+00 
3.64999E+01 1.02500E+00  5.72763E-05  1.02496E+00 
3.65999E+01 1.03000E+00  5.74544E-05  1.02997E+00 
3.66999E+01 1.03500E+00  5.76509E-05  1.03497E+00 
3.67999E+01 1.04000E+00  5.78511E-05  1.03995E+00 
3.68999E+01 1.04500E+00  5.80495E-05  1.04495E+00 
3.69999E+01 1.05000E+00  5.82188E-05  1.04997E+00 
3.70999E+01 1.05500E+00  5.83910E-05  1.05497E+00 
3.71999E+01 1.06000E+00  5.85869E-05  1.05998E+00 
3.72999E+01 1.06500E+00  5.87852E-05  1.06494E+00 
3.73999E+01 1.07000E+00  5.89831E-05  1.06994E+00 
3.74999E+01 1.07500E+00  5.91789E-05  1.07499E+00 
3.75999E+01 1.08000E+00  5.93683E-05  1.07995E+00 
3.76999E+01 1.08500E+00  5.95649E-05  1.08496E+00 
3.77999E+01 1.09000E+00  5.97736E-05  1.08996E+00 
3.78999E+01 1.09500E+00  5.99727E-05  1.09495E+00 
3.79999E+01 1.10000E+00  6.01825E-05  1.09995E+00 
3.80999E+01 1.10500E+00  6.04041E-05  1.10500E+00 
3.81999E+01 1.11000E+00  6.06359E-05  1.10998E+00 
3.82999E+01 1.11500E+00  6.08621E-05  1.11500E+00 
3.83999E+01 1.12000E+00  6.10841E-05  1.11995E+00 
3.84999E+01 1.12500E+00  6.13258E-05  1.12500E+00 
3.85999E+01 1.13000E+00  6.15537E-05  1.13002E+00 
3.86999E+01 1.13500E+00  6.17915E-05  1.13502E+00 
3.87999E+01 1.14000E+00  6.20443E-05  1.14001E+00 
3.88999E+01 1.14500E+00  6.22927E-05  1.14503E+00 
3.89999E+01 1.15000E+00  6.25627E-05  1.15004E+00 
3.90999E+01 1.15500E+00  6.28451E-05  1.15504E+00 
3.91999E+01 1.16000E+00  6.31142E-05  1.16002E+00 
3.92999E+01 1.16500E+00  6.33856E-05  1.16505E+00 
3.93999E+01 1.17000E+00  6.36837E-05  1.17004E+00 
3.94999E+01 1.17500E+00  6.39543E-05  1.17504E+00 
3.95999E+01 1.18000E+00  6.42474E-05  1.18004E+00 
3.96999E+01 1.18500E+00  6.45497E-05  1.18504E+00 
3.97999E+01 1.19000E+00  6.48708E-05  1.19006E+00 
3.98999E+01 1.19500E+00  6.51803E-05  1.19508E+00 
3.99999E+01 1.19999E+00  6.54863E-05  1.20005E+00 
4.00999E+01 1.20499E+00  6.57895E-05  1.20506E+00 
4.01999E+01 1.20999E+00  6.61646E-05  1.21006E+00 
4.02999E+01 1.21499E+00  6.65535E-05  1.21508E+00 
4.03999E+01 1.21999E+00  6.69056E-05  1.22007E+00 
4.04999E+01 1.22499E+00  6.72782E-05  1.22506E+00 
4.05999E+01 1.22999E+00  6.76289E-05  1.23006E+00 
4.06999E+01 1.23499E+00  6.80114E-05  1.23508E+00 
4.07999E+01 1.23999E+00  6.84060E-05  1.24007E+00 
4.08999E+01 1.24499E+00  6.87902E-05  1.24506E+00 
4.09999E+01 1.24999E+00  6.92571E-05  1.25008E+00 
4.10999E+01 1.25499E+00  6.96906E-05  1.25506E+00 
4.11999E+01 1.25999E+00  7.01363E-05  1.26007E+00 
4.12999E+01 1.26499E+00  7.05873E-05  1.26507E+00 
4.13999E+01 1.26999E+00  7.10786E-05  1.27009E+00 
4.14999E+01 1.27499E+00  7.15860E-05  1.27511E+00 
4.15999E+01 1.27999E+00  7.20981E-05  1.28011E+00 
4.16999E+01 1.28499E+00  7.26115E-05  1.28507E+00 
4.17999E+01 1.28999E+00  7.31335E-05  1.29007E+00 
4.18999E+01 1.29499E+00  7.36243E-05  1.29510E+00 
4.19999E+01 1.29999E+00  7.41622E-05  1.30013E+00 
4.20999E+01 1.30499E+00  7.47359E-05  1.30510E+00 
4.21999E+01 1.30999E+00  7.53211E-05  1.31010E+00 
4.22999E+01 1.31499E+00  7.59083E-05  1.31510E+00 
4.23999E+01 1.31999E+00  7.65045E-05  1.32008E+00 
4.24999E+01 1.32499E+00  7.71010E-05  1.32509E+00 
4.25999E+01 1.32999E+00  7.77206E-05  1.33010E+00 
4.26999E+01 1.33499E+00  7.83343E-05  1.33511E+00 
4.27999E+01 1.33999E+00  7.89736E-05  1.34012E+00 
4.28999E+01 1.34499E+00  7.95894E-05  1.34512E+00 
4.29999E+01 1.34999E+00  8.02212E-05  1.35010E+00 
4.30999E+01 1.35499E+00  8.08609E-05  1.35509E+00 
4.31999E+01 1.35999E+00  8.15543E-05  1.36010E+00 
4.32999E+01 1.36499E+00  8.22572E-05  1.36511E+00 
4.33999E+01 1.36999E+00  8.30093E-05  1.37007E+00 
4.34999E+01 1.37499E+00  8.37120E-05  1.37510E+00 
4.35999E+01 1.37999E+00  8.44289E-05  1.38011E+00 
4.36999E+01 1.38499E+00  8.51390E-05  1.38511E+00 
4.37999E+01 1.38999E+00  8.58761E-05  1.39011E+00 
4.38999E+01 1.39499E+00  8.66531E-05  1.39510E+00 
4.39999E+01 1.39999E+00  8.74325E-05  1.40012E+00 
4.40999E+01 1.40499E+00  8.82326E-05  1.40512E+00 
4.41999E+01 1.40999E+00  8.90538E-05  1.41012E+00 
4.42999E+01 1.41499E+00  8.99549E-05  1.41513E+00 
4.43999E+01 1.41999E+00  9.08512E-05  1.42015E+00 
4.44999E+01 1.42499E+00  9.17227E-05  1.42515E+00 
4.45999E+01 1.42999E+00  9.24999E-05  1.43015E+00 
4.46999E+01 1.43499E+00  9.33301E-05  1.43519E+00 
4.47999E+01 1.43999E+00  9.41740E-05  1.44016E+00 
4.48999E+01 1.44499E+00  9.50373E-05  1.44518E+00 
4.49999E+01 1.44999E+00  9.59683E-05  1.45019E+00 
4.50999E+01 1.45499E+00  9.69122E-05  1.45519E+00 
4.51999E+01 1.45999E+00  9.78617E-05  1.46019E+00 
4.52999E+01 1.46499E+00  9.88290E-05  1.46519E+00 
4.53999E+01 1.46999E+00  9.98519E-05  1.47021E+00 
4.54999E+01 1.47499E+00  1.00884E-04  1.47521E+00 
4.55999E+01 1.47999E+00  1.01914E-04  1.48021E+00 
4.56999E+01 1.48499E+00  1.02966E-04  1.48522E+00 
4.57999E+01 1.48999E+00  1.04066E-04  1.49021E+00 
4.58999E+01 1.49499E+00  1.05224E-04  1.49523E+00 
4.59999E+01 1.49999E+00  1.06384E-04  1.50021E+00 
4.60999E+01 1.50499E+00  1.07578E-04  1.50520E+00 
4.61999E+01 1.50999E+00  1.08806E-04  1.51022E+00 
4.62999E+01 1.51499E+00  1.10082E-04  1.51521E+00 
4.63999E+01 1.51999E+00  1.11325E-04  1.52020E+00 
4.64999E+01 1.52499E+00  1.12608E-04  1.52522E+00 
4.65999E+01 1.52999E+00  1.13921E-04  1.53020E+00 
4.66999E+01 1.53499E+00  1.15430E-04  1.53523E+00 
4.67999E+01 1.53999E+00  1.16774E-04  1.54022E+00 
4.68999E+01 1.54499E+00  1.18051E-04  1.54523E+00 
4.69999E+01 1.54999E+00  1.19571E-04  1.55022E+00 
4.70999E+01 1.55499E+00  1.20987E-04  1.55524E+00 
4.71999E+01 1.55999E+00  1.22743E-04  1.56023E+00 
4.72999E+01 1.56499E+00  1.24154E-04  1.56521E+00 
4.73999E+01 1.56999E+00  1.25680E-04  1.57023E+00 
4.74999E+01 1.57499E+00  1.27174E-04  1.57525E+00 
4.75999E+01 1.57999E+00  1.28985E-04  1.58024E+00 
4.76999E+01 1.58499E+00  1.30631E-04  1.58525E+00 
4.77999E+01 1.58999E+00  1.32366E-04  1.59025E+00 
4.78999E+01 1.59499E+00  1.33892E-04  1.59525E+00 
4.79999E+01 1.59999E+00  1.35576E-04  1.60025E+00 
4.80999E+01 1.60499E+00  1.37456E-04  1.60527E+00 
4.81999E+01 1.60999E+00  1.39232E-04  1.61026E+00 
4.82999E+01 1.61499E+00  1.41241E-04  1.61526E+00 
4.83999E+01 1.61999E+00  1.43175E-04  1.62028E+00 
4.84999E+01 1.62499E+00  1.45113E-04  1.62532E+00 
4.85999E+01 1.62999E+00  1.47062E-04  1.63027E+00 
4.86999E+01 1.63499E+00  1.49193E-04  1.63526E+00 
4.87999E+01 1.63999E+00  1.51351E-04  1.64026E+00 
4.88999E+01 1.64499E+00  1.53475E-04  1.64528E+00 
4.89999E+01 1.64999E+00  1.55557E-04  1.65026E+00 
4.90999E+01 1.65499E+00  1.57847E-04  1.65528E+00 
4.91999E+01 1.65999E+00  1.60352E-04  1.66026E+00 
4.92999E+01 1.66499E+00  1.62797E-04  1.66528E+00 
4.93999E+01 1.66999E+00  1.65177E-04  1.67028E+00 
4.94999E+01 1.67499E+00  1.67483E-04  1.67527E+00 
4.95999E+01 1.67999E+00  1.69998E-04  1.68026E+00 
4.96999E+01 1.68499E+00  1.72629E-04  1.68529E+00 
4.97999E+01 1.68999E+00  1.75224E-04  1.69030E+00 
4.98999E+01 1.69499E+00  1.77759E-04  1.69529E+00 
4.99999E+01 1.69999E+00  1.80183E-04  1.70030E+00 
5.00999E+01 1.70499E+00  1.82591E-04  1.70530E+00 
5.01999E+01 1.70999E+00  1.85121E-04  1.71031E+00 
5.02999E+01 1.71499E+00  1.87704E-04  1.71530E+00 
5.03999E+01 1.71999E+00  1.90325E-04  1.72030E+00 
5.04999E+01 1.72499E+00  1.93043E-04  1.72530E+00 
5.05999E+01 1.72999E+00  1.95789E-04  1.73031E+00 
5.06999E+01 1.73499E+00  1.98460E-04  1.73530E+00 
5.07999E+01 1.73999E+00  2.01198E-04  1.74033E+00 
5.08999E+01 1.74499E+00  2.04032E-04  1.74534E+00 
5.09999E+01 1.74999E+00  2.06777E-04  1.75033E+00 
5.10999E+01 1.75499E+00  2.09454E-04  1.75535E+00 
5.11999E+01 1.75999E+00  2.12189E-04  1.76037E+00 
5.12999E+01 1.76499E+00  2.15483E-04  1.76539E+00 
5.13999E+01 1.76999E+00  2.18265E-04  1.77037E+00 
5.14999E+01 1.77499E+00  2.21147E-04  1.77536E+00 
5.15999E+01 1.77999E+00  2.24096E-04  1.78037E+00 
5.16999E+01 1.78499E+00  2.26913E-04  1.78538E+00 
5.17999E+01 1.78999E+00  2.29633E-04  1.79038E+00 
5.18999E+01 1.79499E+00  2.32403E-04  1.79535E+00 
5.19999E+01 1.79999E+00  2.35128E-04  1.80039E+00 
5.20999E+01 1.79499E+00  2.31301E-04  1.79537E+00 
5.21999E+01 1.78999E+00  2.27623E-04  1.79039E+00 
5.22999E+01 1.78499E+00  2.23885E-04  1.78538E+00 
5.23999E+01 1.77999E+00  2.20095E-04  1.78037E+00 
5.24999E+01 1.77499E+00  2.16207E-04  1.77535E+00 
5.25999E+01 1.76999E+00  2.12341E-04  1.77035E+00 
5.26999E+01 1.76499E+00  2.08423E-04  1.76535E+00 
5.27999E+01 1.75999E+00  2.04640E-04  1.76035E+00 
5.28999E+01 1.75499E+00  2.01015E-04  1.75537E+00 
5.29999E+01 1.74999E+00  1.97895E-04  1.75034E+00 
5.30999E+01 1.74499E+00  1.94835E-04  1.74532E+00 
5.31999E+01 1.73999E+00  1.91361E-04  1.74030E+00 
5.32999E+01 1.73499E+00  1.87798E-04  1.73531E+00 
5.33999E+01 1.72999E+00  1.84389E-04  1.73033E+00 
5.34999E+01 1.72499E+00  1.80650E-04  1.72531E+00 
5.35999E+01 1.71999E+00  1.77298E-04  1.72029E+00 
5.36999E+01 1.71499E+00  1.73950E-04  1.71535E+00 
5.37999E+01 1.70999E+00  1.70656E-04  1.71033E+00 
5.38999E+01 1.70499E+00  1.67450E-04  1.70532E+00 
5.39999E+01 1.69999E+00  1.64209E-04  1.70029E+00 
5.40999E+01 1.69499E+00  1.60954E-04  1.69531E+00 
5.41999E+01 1.68999E+00  1.57799E-04  1.69030E+00 
5.42999E+01 1.68499E+00  1.54642E-04  1.68529E+00 
5.43999E+01 1.67999E+00  1.51549E-04  1.68029E+00 
5.44999E+01 1.67499E+00  1.48501E-04  1.67531E+00 
5.45999E+01 1.66999E+00  1.45277E-04  1.67029E+00 
5.46999E+01 1.66499E+00  1.42348E-04  1.66529E+00 
5.47999E+01 1.65999E+00  1.39397E-04  1.66026E+00 
5.48999E+01 1.65499E+00  1.36278E-04  1.65530E+00 
5.49999E+01 1.64999E+00  1.33372E-04  1.65031E+00 
5.50999E+01 1.64499E+00  1.30494E-04  1.64528E+00 
5.51999E+01 1.63999E+00  1.27602E-04  1.64027E+00 
5.52999E+01 1.63499E+00  1.24793E-04  1.63528E+00 
5.53999E+01 1.62999E+00  1.22052E-04  1.63028E+00 
5.54999E+01 1.62499E+00  1.19426E-04  1.62529E+00 
5.55999E+01 1.61999E+00  1.16739E-04  1.62028E+00 
5.56999E+01 1.61499E+00  1.14109E-04  1.61529E+00 
5.57999E+01 1.60999E+00  1.11543E-04  1.61027E+00 
5.58999E+01 1.60499E+00  1.08994E-04  1.60528E+00 
5.59999E+01 1.59999E+00  1.06531E-04  1.60027E+00 
5.60999E+01 1.59499E+00  1.04127E-04  1.59526E+00 
5.61999E+01 1.58999E+00  1.01713E-04  1.59024E+00 
5.62999E+01 1.58499E+00  9.93314E-05  1.58524E+00 
5.63999E+01 1.57999E+00  9.70054E-05  1.58026E+00 
5.64999E+01 1.57499E+00  9.48051E-05  1.57525E+00 
5.65999E+01 1.56999E+00  9.25726E-05  1.57025E+00 
5.66999E+01 1.56499E+00  9.03466E-05  1.56523E+00 
5.67999E+01 1.55999E+00  8.82128E-05  1.56022E+00 
5.68999E+01 1.55499E+00  8.61039E-05  1.55525E+00 
5.69999E+01 1.54999E+00  8.40438E-05  1.55024E+00 
5.70999E+01 1.54499E+00  8.20282E-05  1.54521E+00 
5.71999E+01 1.53999E+00  8.00743E-05  1.54022E+00 
5.72999E+01 1.53499E+00  7.81881E-05  1.53523E+00 
5.73999E+01 1.52999E+00  7.63494E-05  1.53024E+00 
5.74999E+01 1.52499E+00  7.44821E-05  1.52521E+00 
5.75999E+01 1.51999E+00  7.26469E-05  1.52022E+00 
5.76999E+01 1.51499E+00  7.08684E-05  1.51523E+00 
5.77999E+01 1.50999E+00  6.91836E-05  1.51022E+00 
5.78999E+01 1.50499E+00  6.75055E-05  1.50519E+00 
5.79999E+01 1.49999E+00  6.58507E-05  1.50021E+00 
5.80999E+01 1.49499E+00  6.42533E-05  1.49521E+00 
5.81999E+01 1.48999E+00  6.27094E-05  1.49021E+00 
5.82999E+01 1.48499E+00  6.11703E-05  1.48519E+00 
5.83999E+01 1.47999E+00  5.97323E-05  1.48019E+00 
5.84999E+01 1.47499E+00  5.82914E-05  1.47523E+00 
5.85999E+01 1.46999E+00  5.68971E-05  1.47020E+00 
5.86999E+01 1.46499E+00  5.55182E-05  1.46518E+00 
5.87999E+01 1.45999E+00  5.41971E-05  1.46019E+00 
5.88999E+01 1.45499E+00  5.29216E-05  1.45518E+00 
5.89999E+01 1.44999E+00  5.17055E-05  1.45017E+00 
5.90999E+01 1.44499E+00  5.04802E-05  1.44517E+00 
5.91999E+01 1.43999E+00  4.93311E-05  1.44020E+00 
5.92999E+01 1.43499E+00  4.82839E-05  1.43518E+00 
5.93999E+01 1.42999E+00  4.72240E-05  1.43014E+00 
5.94999E+01 1.42499E+00  4.61631E-05  1.42514E+00 
5.95999E+01 1.41999E+00  4.51259E-05  1.42014E+00 
5.96999E+01 1.41499E+00  4.41440E-05  1.41515E+00 
5.97999E+01 1.40999E+00  4.31935E-05  1.41013E+00 
5.98999E+01 1.40499E+00  4.22795E-05  1.40513E+00 
5.99998E+01 1.39999E+00  4.14422E-05  1.40011E+00 
6.00998E+01 1.39499E+00  4.07501E-05  1.39512E+00 
6.01998E+01 1.38999E+00  3.98046E-05  1.39012E+00 
6.02998E+01 1.38499E+00  3.89833E-05  1.38512E+00 
6.03998E+01 1.37999E+00  3.77272E-05  1.38013E+00 
6.04998E+01 1.37499E+00  3.70050E-05  1.37513E+00 
6.05998E+01 1.36999E+00  3.63216E-05  1.37009E+00 
6.06998E+01 1.36499E+00  3.56316E-05  1.36510E+00 
6.07998E+01 1.35999E+00  3.49830E-05  1.36011E+00 
6.08998E+01 1.35499E+00  3.43595E-05  1.35512E+00 
6.09998E+01 1.34999E+00  3.37611E-05  1.35013E+00 
6.10998E+01 1.34499E+00  3.32255E-05  1.34511E+00 
6.11998E+01 1.33999E+00  3.26466E-05  1.34011E+00 
6.12998E+01 1.33499E+00  3.20952E-05  1.33509E+00 
6.13998E+01 1.32999E+00  3.15637E-05  1.33010E+00 
6.14998E+01 1.32499E+00  3.10768E-05  1.32514E+00 
6.15998E+01 1.31999E+00  3.06259E-05  1.32009E+00 
6.16998E+01 1.31499E+00  3.01346E-05  1.31510E+00 
6.17998E+01 1.30999E+00  2.96834E-05  1.31009E+00 
6.18998E+01 1.30499E+00  2.92856E-05  1.30509E+00 
6.19998E+01 1.29999E+00  2.88532E-05  1.30009E+00 
6.20998E+01 1.29499E+00  2.85141E-05  1.29511E+00 
6.21998E+01 1.28999E+00  2.81522E-05  1.29010E+00 
6.22998E+01 1.28499E+00  2.77643E-05  1.28507E+00 
6.23998E+01 1.27999E+00  2.73668E-05  1.28010E+00 
6.24998E+01 1.27499E+00  2.70252E-05  1.27509E+00 
6.25998E+01 1.26999E+00  2.66742E-05  1.27008E+00 
6.26998E+01 1.26499E+00  2.63250E-05  1.26505E+00 
6.27998E+01 1.25999E+00  2.60585E-05  1.26006E+00 
6.28998E+01 1.25499E+00  2.57275E-05  1.25505E+00 
6.29998E+01 1.24999E+00  2.53722E-05  1.25006E+00 
6.30998E+01 1.24499E+00  2.50633E-05  1.24504E+00 
6.31998E+01 1.23999E+00  2.47909E-05  1.24004E+00 
6.32998E+01 1.23499E+00  2.44822E-05  1.23504E+00 
6.33998E+01 1.22999E+00  2.41843E-05  1.23006E+00 
6.34998E+01 1.22499E+00  2.39351E-05  1.22504E+00 
6.35998E+01 1.21999E+00  2.36555E-05  1.22002E+00 
6.36998E+01 1.21499E+00  2.33752E-05  1.21506E+00 
6.37998E+01 1.20999E+00  2.31142E-05  1.21004E+00 
6.38998E+01 1.20499E+00  2.28666E-05  1.20506E+00 
6.39998E+01 1.19999E+00  2.26250E-05  1.20004E+00 
6.40998E+01 1.19500E+00  2.23804E-05  1.19504E+00 
6.41998E+01 1.19000E+00  2.21505E-05  1.19003E+00 
6.42998E+01 1.18500E+00  2.19231E-05  1.18502E+00 
6.43998E+01 1.18000E+00  2.17109E-05  1.18002E+00 
6.44998E+01 1.17500E+00  2.14830E-05  1.17502E+00 
6.45998E+01 1.17000E+00  2.12664E-05  1.17002E+00 
6.46998E+01 1.16500E+00  2.10399E-05  1.16500E+00 
6.47998E+01 1.16000E+00  2.08212E-05  1.16002E+00 
6.48998E+01 1.15500E+00  2.06058E-05  1.15501E+00 
6.49998E+01 1.15000E+00  2.04049E-05  1.15003E+00 
6.50998E+01 1.14500E+00  2.01685E-05  1.14501E+00 
6.51998E+01 1.14000E+00  1.99759E-05  1.14000E+00 
6.52998E+01 1.13500E+00  1.97755E-05  1.13501E+00 
6.53998E+01 1.13000E+00  1.95796E-05  1.13003E+00 
6.54998E+01 1.12500E+00  1.93652E-05  1.12501E+00 
6.55998E+01 1.12000E+00  1.91660E-05  1.11999E+00 
6.56998E+01 1.11500E+00  1.89751E-05  1.11498E+00 
6.57998E+01 1.11000E+00  1.87907E-05  1.10996E+00 
6.58998E+01 1.10500E+00  1.86110E-05  1.10499E+00 
6.59998E+01 1.10000E+00  1.84218E-05  1.09997E+00 
6.60998E+01 1.09500E+00  1.82385E-05  1.09497E+00 
6.61998E+01 1.09000E+00  1.80589E-05  1.08995E+00 
6.62998E+01 1.08500E+00  1.78688E-05  1.08494E+00 
6.63998E+01 1.08000E+00  1.76880E-05  1.07996E+00 
6.64998E+01 1.07500E+00  1.75033E-05  1.07497E+00 
6.65998E+01 1.07000E+00  1.73201E-05  1.06996E+00 
6.66998E+01 1.06500E+00  1.71325E-05  1.06495E+00 
6.67998E+01 1.06000E+00  1.69499E-05  1.05994E+00 
6.68998E+01 1.05500E+00  1.67736E-05  1.05497E+00 
6.69998E+01 1.05000E+00  1.65966E-05  1.04994E+00 
6.70998E+01 1.04500E+00  1.64142E-05  1.04497E+00 
6.71998E+01 1.04000E+00  1.62211E-05  1.03993E+00 
6.72998E+01 1.03500E+00  1.60478E-05  1.03494E+00 
6.73998E+01 1.03000E+00  1.58819E-05  1.02995E+00 
6.74998E+01 1.02500E+00  1.57146E-05  1.02493E+00 
6.75998E+01 1.02000E+00  1.55510E-05  1.01994E+00 
6.76998E+01 1.01500E+00  1.53830E-05  1.01494E+00 
6.77998E+01 1.01000E+00  1.51973E-05  1.00994E+00 
6.78998E+01 1.00500E+00  1.50223E-05  1.00491E+00 
6.79998E+01 9.99995E-01  1.48432E-05  9.99925E-01 
6.80998E+01 9.94996E-01  1.46671E-05  9.94921E-01 
6.81998E+01 9.89996E-01  1.44810E-05  9.89917E-01 
6.82998E+01 9.84996E-01  1.42967E-05  9.84935E-01 
6.83998E+01 9.79996E-01  1.41249E-05  9.79911E-01 
6.84998E+01 9.74996E-01  1.39543E-05  9.74919E-01 
6.85998E+01 9.69996E-01  1.37838E-05  9.69935E-01 
6.86998E+01 9.64996E-01  1.36221E-05  9.64910E-01 
6.87998E+01 9.59996E-01  1.34474E-05  9.59904E-01 
6.88998E+01 9.54996E-01  1.32594E-05  9.54900E-01 
6.89998E+01 9.49996E-01  1.30862E-05  9.49906E-01 
6.90998E+01 9.44996E-01  1.29110E-05  9.44899E-01 
6.91998E+01 9.39996E-01  1.27281E-05  9.39897E-01 
6.92998E+01 9.34996E-01  1.25553E-05  9.34895E-01 
6.93998E+01 9.29996E-01  1.23701E-05  9.29871E-01 
6.94998E+01 9.24996E-01  1.21978E-05  9.24860E-01 
6.95998E+01 9.19996E-01  1.20261E-05  9.19877E-01 
6.96998E+01 9.14996E-01  1.18471E-05  9.14869E-01 
6.97998E+01 9.09996E-01  1.16537E-05  9.09881E-01 
6.98998E+01 9.04996E-01  1.14832E-05  9.04867E-01 
6.99998E+01 8.99996E-01  1.13087E-05  8.99904E-01 
7.00998E+01 8.94996E-01  1.11246E-05  8.94895E-01 
7.01998E+01 8.89996E-01  1.09366E-05  8.89870E-01 
7.02998E+01 8.84996E-01  1.07673E-05  8.84851E-01 
7.03998E+01 8.79996E-01  1.05826E-05  8.79891E-01 
7.04998E+01 8.74996E-01  1.03997E-05  8.74877E-01 
7.05998E+01 8.69996E-01  1.02118E-05  8.69846E-01 
7.06998E+01 8.64996E-01  1.00332E-05  8.64868E-01 
7.07998E+01 8.59996E-01  9.85245E-06  8.59832E-01 
7.08998E+01 8.54996E-01  9.65867E-06  8.54849E-01 
7.09998E+01 8.49996E-01  9.46717E-06  8.49825E-01 
7.10998E+01 8.44996E-01  9.29364E-06  8.44828E-01 
7.11998E+01 8.39996E-01  9.11378E-06  8.39818E-01 
7.12998E+01 8.34996E-01  8.92485E-06  8.34826E-01 
7.13998E+01 8.29996E-01  8.73792E-06  8.29840E-01 
7.14998E+01 8.24996E-01  8.53447E-06  8.24828E-01 
7.15998E+01 8.19996E-01  8.35771E-06  8.19847E-01 
7.16998E+01 8.14996E-01  8.16551E-06  8.14844E-01 
7.17998E+01 8.09996E-01  7.97668E-06  8.09820E-01 
7.18998E+01 8.04996E-01  7.78903E-06  8.04825E-01 
7.19998E+01 7.99996E-01  7.60690E-06  7.99839E-01 
7.20998E+01 7.94996E-01  7.41032E-06  7.94833E-01 
7.21998E+01 7.89996E-01  7.22231E-06  7.89816E-01 
7.22998E+01 7.84996E-01  7.03229E-06  7.84809E-01 
7.23998E+01 7.79996E-01  6.84338E-06  7.79796E-01 
7.24998E+01 7.74996E-01  6.64923E-06  7.74770E-01 
7.25998E+01 7.69996E-01  6.45408E-06  7.69771E-01 
7.26998E+01 7.64996E-01  6.27367E-06  7.64803E-01 
7.27998E+01 7.59996E-01  6.06762E-06  7.59782E-01 
7.28998E+01 7.54996E-01  5.87404E-06  7.54779E-01 
7.29998E+01 7.49996E-01  5.68404E-06  7.49775E-01 
7.30998E+01 7.44996E-01  5.48419E-06  7.44771E-01 
7.31998E+01 7.39996E-01  5.29323E-06  7.39803E-01 
7.32998E+01 7.34996E-01  5.10665E-06  7.34787E-01 
7.33998E+01 7.29996E-01  4.91760E-06  7.29774E-01 
7.34998E+01 7.24996E-01  4.71120E-06  7.24764E-01 
7.35998E+01 7.19996E-01  4.52032E-06  7.19757E-01 
7.36998E+01 7.14996E-01  4.32572E-06  7.14764E-01 
7.37998E+01 7.09996E-01  4.14236E-06  7.09740E-01 
7.38998E+01 7.04996E-01  3.94076E-06  7.04769E-01 
7.39998E+01 6.99996E-01  3.74436E-06  6.99778E-01 
7.40998E+01 6.94996E-01  3.54311E-06  6.94760E-01 
7.41998E+01 6.89996E-01  3.30687E-06  6.89746E-01 
7.42998E+01 6.84996E-01  3.11879E-06  6.84739E-01 
7.43998E+01 6.79996E-01  2.92817E-06  6.79737E-01 
7.44998E+01 6.74996E-01  2.72893E-06  6.74761E-01 
7.45998E+01 6.69996E-01  2.51978E-06  6.69739E-01 
7.46998E+01 6.64996E-01  2.32834E-06  6.64731E-01 
7.47998E+01 6.59996E-01  2.14525E-06  6.59752E-01 
7.48998E+01 6.54996E-01  1.92977E-06  6.54721E-01 
7.49998E+01 6.49996E-01  1.73106E-06  6.49734E-01 
7.50998E+01 6.44996E-01  1.52156E-06  6.44724E-01 
7.51998E+01 6.39996E-01  1.31474E-06  6.39734E-01 
7.52998E+01 6.34996E-01  1.11470E-06  6.34965E-01 
7.53998E+01 6.29996E-01  9.06931E-07  6.29757E-01 
7.54998E+01 6.24996E-01  7.02432E-07  6.24716E-01 
7.55998E+01 6.19996E-01  4.88733E-07  6.19722E-01 
7.56998E+01 6.14996E-01  2.76223E-07  6.14750E-01 
7.57998E+01 6.09996E-01  7.21393E-08  6.09701E-01 
7.58998E+01 6.04996E-01  -1.29566E-07 6.04684E-01 
7.59998E+01 5.99996E-01  -3.64123E-07 5.99712E-01 
7.60998E+01 5.94997E-01  -5.80326E-07 5.94707E-01 
7.61998E+01 5.89997E-01  -7.92676E-07 5.89678E-01 
7.62998E+01 5.84997E-01  -1.02751E-06 5.84669E-01 
7.63998E+01 5.79997E-01  -1.25200E-06 5.79701E-01 
7.64998E+01 5.74997E-01  -1.48040E-06 5.74695E-01 
7.65998E+01 5.69997E-01  -1.73422E-06 5.69678E-01 
7.66998E+01 5.64997E-01  -1.96184E-06 5.64681E-01 
7.67998E+01 5.59997E-01  -2.20329E-06 5.59663E-01 
7.68998E+01 5.54997E-01  -2.45273E-06 5.54668E-01 
7.69998E+01 5.49997E-01  -2.71672E-06 5.49649E-01 
7.70998E+01 5.44997E-01  -2.95743E-06 5.44649E-01 
7.71998E+01 5.39997E-01  -3.22626E-06 5.39664E-01 
7.72998E+01 5.34997E-01  -3.49352E-06 5.34676E-01 
7.73998E+01 5.29997E-01  -3.75271E-06 5.29678E-01 
7.74998E+01 5.24997E-01  -4.03820E-06 5.24652E-01 
7.75998E+01 5.19997E-01  -4.30333E-06 5.19645E-01 
7.76998E+01 5.14997E-01  -4.59655E-06 5.14640E-01 
7.77998E+01 5.09997E-01  -4.88345E-06 5.09640E-01 
7.78998E+01 5.04997E-01  -5.17049E-06 5.04726E-01 
7.79998E+01 4.99997E-01  -5.47575E-06 4.99691E-01 
7.80998E+01 4.94997E-01  -5.77666E-06 4.94675E-01 
7.81998E+01 4.89997E-01  -6.07587E-06 4.89646E-01 
7.82998E+01 4.84997E-01  -6.40041E-06 4.84645E-01 
7.83998E+01 4.79997E-01  -6.71018E-06 4.79669E-01 
7.84998E+01 4.74997E-01  -7.01919E-06 4.74634E-01 
7.85998E+01 4.69997E-01  -7.34993E-06 4.69636E-01 
7.86998E+01 4.64997E-01  -7.68883E-06 4.64641E-01 
7.87998E+01 4.59997E-01  -8.03371E-06 4.59656E-01 
7.88998E+01 4.54997E-01  -8.36907E-06 4.54660E-01 
7.89998E+01 4.49997E-01  -8.71121E-06 4.49629E-01 
7.90998E+01 4.44997E-01  -9.06779E-06 4.44627E-01 
7.91998E+01 4.39997E-01  -9.41497E-06 4.39643E-01 
7.92998E+01 4.34997E-01  -9.78567E-06 4.34630E-01 
7.93998E+01 4.29997E-01  -1.01592E-05 4.29620E-01 
7.94998E+01 4.24997E-01  -1.05495E-05 4.24619E-01 
7.95998E+01 4.19997E-01  -1.09278E-05 4.19619E-01 
7.96998E+01 4.14997E-01  -1.12849E-05 4.14632E-01 
7.97998E+01 4.09997E-01  -1.16339E-05 4.09610E-01 
7.98998E+01 4.04997E-01  -1.20429E-05 4.04610E-01 
7.99998E+01 3.99997E-01  -1.24787E-05 3.99609E-01 
8.00998E+01 3.94997E-01  -1.29062E-05 3.94595E-01 
8.01998E+01 3.89997E-01  -1.32868E-05 3.89587E-01 
8.02998E+01 3.84997E-01  -1.37120E-05 3.84575E-01 
8.03998E+01 3.79997E-01  -1.40687E-05 3.79590E-01 
8.04998E+01 3.74997E-01  -1.44587E-05 3.74586E-01 
8.05998E+01 3.69997E-01  -1.49382E-05 3.69572E-01 
8.06998E+01 3.64997E-01  -1.55350E-05 3.64574E-01 
8.07998E+01 3.59997E-01  -1.59758E-05 3.59590E-01 
8.08998E+01 3.54997E-01  -1.63312E-05 3.54589E-01 
8.09998E+01 3.49997E-01  -1.66318E-05 3.49594E-01 
8.10998E+01 3.44997E-01  -1.71348E-05 3.44556E-01 
8.11998E+01 3.39997E-01  -1.76772E-05 3.39566E-01 
8.12998E+01 3.34997E-01  -1.82639E-05 3.34572E-01 
8.13998E+01 3.29997E-01  -1.87696E-05 3.29552E-01 
8.14998E+01 3.24997E-01  -1.92362E-05 3.24547E-01 
8.15998E+01 3.19997E-01  -1.96419E-05 3.19547E-01 
8.16998E+01 3.14997E-01  -2.01015E-05 3.14522E-01 
8.17998E+01 3.09997E-01  -2.06109E-05 3.09562E-01 
8.18998E+01 3.04997E-01  -2.11255E-05 3.04527E-01 
8.19998E+01 2.99997E-01  -2.16271E-05 2.99527E-01 
8.20998E+01 2.94997E-01  -2.22320E-05 2.94521E-01 
8.21998E+01 2.89997E-01  -2.27358E-05 2.89524E-01 
8.22998E+01 2.84997E-01  -2.30949E-05 2.84530E-01 
8.23998E+01 2.79997E-01  -2.35931E-05 2.79530E-01 
8.24998E+01 2.74997E-01  -2.41983E-05 2.74525E-01 
8.25998E+01 2.69997E-01  -2.48099E-05 2.69519E-01 
8.26998E+01 2.64997E-01  -2.54358E-05 2.64527E-01 
8.27998E+01 2.59997E-01  -2.59628E-05 2.59514E-01 
8.28998E+01 2.54997E-01  -2.65526E-05 2.54517E-01 
8.29998E+01 2.49997E-01  -2.70524E-05 2.49503E-01 
8.30998E+01 2.44997E-01  -2.75779E-05 2.44520E-01 
8.31998E+01 2.39997E-01  -2.81841E-05 2.39526E-01 
8.32998E+01 2.34997E-01  -2.88094E-05 2.34529E-01 
8.33998E+01 2.29997E-01  -2.93596E-05 2.29481E-01 
8.34998E+01 2.24997E-01  -2.98939E-05 2.24504E-01 
8.35998E+01 2.19997E-01  -3.04682E-05 2.19530E-01 
8.36998E+01 2.14997E-01  -3.09915E-05 2.14536E-01 
8.37998E+01 2.09997E-01  -3.15487E-05 2.09497E-01 
8.38998E+01 2.04997E-01  -3.21480E-05 2.04496E-01 
8.39998E+01 1.99997E-01  -3.27424E-05 1.99525E-01 
8.40998E+01 1.94998E-01  -3.33195E-05 1.94489E-01 
8.41998E+01 1.89998E-01  -3.38901E-05 1.89484E-01 
8.42998E+01 1.84998E-01  -3.44565E-05 1.84510E-01 
8.43998E+01 1.79998E-01  -3.50155E-05 1.79503E-01 
8.44998E+01 1.74998E-01  -3.55989E-05 1.74502E-01 
8.45998E+01 1.69998E-01  -3.61913E-05 1.69492E-01 
8.46998E+01 1.64998E-01  -3.67785E-05 1.64483E-01 
8.47998E+01 1.59998E-01  -3.73725E-05 1.59489E-01 
8.48998E+01 1.54998E-01  -3.79563E-05 1.54493E-01 
8.49998E+01 1.49998E-01  -3.85571E-05 1.49471E-01 
8.50998E+01 1.44998E-01  -3.91732E-05 1.44492E-01 
8.51998E+01 1.39998E-01  -3.97922E-05 1.39461E-01 
8.52998E+01 1.34998E-01  -4.03954E-05 1.34440E-01 
8.53998E+01 1.29998E-01  -4.09907E-05 1.29436E-01 
8.54998E+01 1.24998E-01  -4.15824E-05 1.24463E-01 
8.55998E+01 1.19998E-01  -4.22877E-05 1.19448E-01 
8.56998E+01 1.14998E-01  -4.29257E-05 1.14438E-01 
8.57998E+01 1.09998E-01  -4.33678E-05 1.09438E-01 
8.58998E+01 1.04998E-01  -4.40946E-05 1.04453E-01 
8.59998E+01 9.99977E-02  -4.48896E-05 9.94445E-02 
8.60998E+01 9.49978E-02  -4.55472E-05 9.44461E-02 
8.61998E+01 8.99978E-02  -4.62741E-05 8.94333E-02 
8.62998E+01 8.49978E-02  -4.69557E-05 8.44299E-02 
8.63998E+01 7.99978E-02  -4.76224E-05 7.94296E-02 
8.64998E+01 7.49978E-02  -4.82983E-05 7.44205E-02 
8.65998E+01 6.99978E-02  -4.90496E-05 6.94022E-02 
8.66998E+01 6.49978E-02  -4.97026E-05 6.44249E-02 
8.67998E+01 5.99978E-02  -5.04379E-05 5.94259E-02 
8.68998E+01 5.49979E-02  -5.12065E-05 5.44031E-02 
8.69998E+01 4.99979E-02  -5.20811E-05 4.93891E-02 
8.70998E+01 4.49979E-02  -5.28616E-05 4.43920E-02 
8.71998E+01 3.99979E-02  -5.36757E-05 3.94278E-02 
8.72998E+01 3.49979E-02  -5.45187E-05 3.44057E-02 
8.73998E+01 2.99979E-02  -5.53327E-05 2.93848E-02 
8.74998E+01 2.49979E-02  -5.61640E-05 2.43801E-02 
8.75998E+01 1.99979E-02  -5.70435E-05 1.94036E-02 
8.76998E+01 1.49980E-02  -5.79380E-05 1.43733E-02 
8.77998E+01 9.99797E-03  -5.86807E-05 9.36802E-03 
8.78998E+01 4.99799E-03  -5.94701E-05 4.38392E-03 
8.79998E+01 -2.00000E-06 -6.03905E-05 -6.06371E-04
8.80998E+01 -5.00199E-03 -6.13491E-05 -5.61848E-03
8.81998E+01 -1.00020E-02 -6.24287E-05 -1.06394E-02
8.82998E+01 -1.50020E-02 -6.35987E-05 -1.56322E-02
8.83998E+01 -2.00020E-02 -6.47548E-05 -2.06294E-02
8.84998E+01 -2.50019E-02 -6.59182E-05 -2.56197E-02
8.85998E+01 -3.00019E-02 -6.71151E-05 -3.06219E-02
8.86998E+01 -3.50019E-02 -6.83352E-05 -3.56340E-02
8.87998E+01 -4.00019E-02 -6.95937E-05 -4.06343E-02
8.88998E+01 -4.50019E-02 -7.08809E-05 -4.56433E-02
8.89998E+01 -5.00019E-02 -7.21808E-05 -5.06505E-02
8.90998E+01 -5.50019E-02 -7.35260E-05 -5.56383E-02
8.91998E+01 -6.00019E-02 -7.48434E-05 -6.06780E-02
8.92998E+01 -6.50018E-02 -7.62503E-05 -6.56514E-02
8.93998E+01 -7.00018E-02 -7.76417E-05 -7.06380E-02
8.94998E+01 -7.50018E-02 -7.90503E-05 -7.56539E-02
8.95998E+01 -8.00018E-02 -8.04569E-05 -8.06779E-02
8.96998E+01 -8.50018E-02 -8.19371E-05 -8.56507E-02
8.97998E+01 -9.00018E-02 -8.33974E-05 -9.06591E-02
8.98998E+01 -9.50018E-02 -8.48218E-05 -9.56526E-02
8.99998E+01 -1.00002E-01 -8.62916E-05 -1.00665E-01
9.00998E+01 -1.05002E-01 -8.78131E-05 -1.05661E-01
9.01998E+01 -1.10002E-01 -8.93126E-05 -1.10658E-01
9.02998E+01 -1.15002E-01 -9.08064E-05 -1.15673E-01
9.03998E+01 -1.20002E-01 -9.23079E-05 -1.20667E-01
9.04998E+01 -1.25002E-01 -9.38297E-05 -1.25664E-01
9.05998E+01 -1.30002E-01 -9.53618E-05 -1.30641E-01
9.06998E+01 -1.35002E-01 -9.68652E-05 -1.35660E-01
9.07998E+01 -1.40002E-01 -9.84004E-05 -1.40665E-01
9.08998E+01 -1.45002E-01 -9.99375E-05 -1.45675E-01
9.09998E+01 -1.50002E-01 -1.01498E-04 -1.50672E-01
9.10998E+01 -1.55002E-01 -1.03002E-04 -1.55669E-01
9.11998E+01 -1.60002E-01 -1.04573E-04 -1.60683E-01
9.12998E+01 -1.65002E-01 -1.06168E-04 -1.65692E-01
9.13998E+01 -1.70002E-01 -1.07766E-04 -1.70677E-01
9.14998E+01 -1.75002E-01 -1.09413E-04 -1.75695E-01
9.15998E+01 -1.80002E-01 -1.11088E-04 -1.80703E-01
9.16998E+01 -1.85002E-01 -1.12811E-04 -1.85725E-01
9.17998E+01 -1.90002E-01 -1.14572E-04 -1.90711E-01
9.18998E+01 -1.95002E-01 -1.16323E-04 -1.95710E-01
9.19998E+01 -2.00002E-01 -1.18073E-04 -2.00729E-01
9.20998E+01 -2.05001E-01 -1.19846E-04 -2.05720E-01
9.21998E+01 -2.10001E-01 -1.21571E-04 -2.10706E-01
9.22998E+01 -2.15001E-01 -1.23214E-04 -2.15715E-01
9.23998E+01 -2.20001E-01 -1.24713E-04 -2.20745E-01
9.24998E+01 -2.25001E-01 -1.26059E-04 -2.25710E-01
9.25998E+01 -2.30001E-01 -1.27143E-04 -2.30720E-01
9.26998E+01 -2.35001E-01 -1.27841E-04 -2.35732E-01
9.27998E+01 -2.40001E-01 -1.28069E-04 -2.40753E-01
9.28998E+01 -2.45001E-01 -1.27702E-04 -2.45746E-01
9.29998E+01 -2.50001E-01 -1.26545E-04 -2.50745E-01
9.30998E+01 -2.55001E-01 -1.24365E-04 -2.55747E-01
9.31998E+01 -2.60001E-01 -1.20996E-04 -2.60756E-01
9.32998E+01 -2.65001E-01 -1.16399E-04 -2.65754E-01
9.33998E+01 -2.70001E-01 -1.10684E-04 -2.70738E-01
9.34998E+01 -2.75001E-01 -1.04010E-04 -2.75752E-01
9.35998E+01 -2.80001E-01 -9.69188E-05 -2.80745E-01
9.36998E+01 -2.85001E-01 -9.03597E-05 -2.85739E-01
9.37998E+01 -2.90001E-01 -8.49341E-05 -2.90750E-01
9.38998E+01 -2.95001E-01 -8.06824E-05 -2.95762E-01
9.39998E+01 -3.00001E-01 -7.74280E-05 -3.00750E-01
9.40998E+01 -3.05001E-01 -7.47539E-05 -3.05782E-01
9.41998E+01 -3.10001E-01 -7.24904E-05 -3.10750E-01
9.42998E+01 -3.15001E-01 -7.06422E-05 -3.15764E-01
9.43998E+01 -3.20001E-01 -6.88492E-05 -3.20765E-01
9.44998E+01 -3.25001E-01 -6.73443E-05 -3.25785E-01
9.45998E+01 -3.30001E-01 -6.60332E-05 -3.30790E-01
9.46998E+01 -3.35001E-01 -6.49275E-05 -3.35790E-01
9.47998E+01 -3.40001E-01 -6.38911E-05 -3.40789E-01
9.48998E+01 -3.45001E-01 -6.28581E-05 -3.45795E-01
9.49998E+01 -3.50001E-01 -6.20037E-05 -3.50804E-01
9.50998E+01 -3.55001E-01 -6.11303E-05 -3.55819E-01
9.51998E+01 -3.60001E-01 -6.03103E-05 -3.60806E-01
9.52998E+01 -3.65001E-01 -5.95739E-05 -3.65785E-01
9.53998E+01 -3.70001E-01 -5.88952E-05 -3.70796E-01
9.54998E+01 -3.75001E-01 -5.82495E-05 -3.75801E-01
9.55998E+01 -3.80001E-01 -5.76119E-05 -3.80804E-01
9.56998E+01 -3.85001E-01 -5.68318E-05 -3.85782E-01
9.57998E+01 -3.90001E-01 -5.62031E-05 -3.90784E-01
9.58998E+01 -3.95001E-01 -5.56004E-05 -3.95809E-01
9.59998E+01 -4.00001E-01 -5.50477E-05 -4.00807E-01
9.60998E+01 -4.05001E-01 -5.45220E-05 -4.05802E-01
9.61998E+01 -4.10001E-01 -5.39740E-05 -4.10797E-01
9.62998E+01 -4.15001E-01 -5.35098E-05 -4.15820E-01
9.63998E+01 -4.20001E-01 -5.30496E-05 -4.20816E-01
9.64998E+01 -4.25001E-01 -5.26039E-05 -4.25800E-01
9.65998E+01 -4.30001E-01 -5.21648E-05 -4.30811E-01
9.66998E+01 -4.35001E-01 -5.18248E-05 -4.35831E-01
9.67998E+01 -4.40001E-01 -5.14790E-05 -4.40824E-01
9.68998E+01 -4.45001E-01 -5.11015E-05 -4.45812E-01
9.69998E+01 -4.50001E-01 -5.06621E-05 -4.50829E-01
9.70998E+01 -4.55001E-01 -5.01274E-05 -4.55844E-01
9.71998E+01 -4.60001E-01 -4.97108E-05 -4.60838E-01
9.72998E+01 -4.65001E-01 -4.93237E-05 -4.65827E-01
9.73998E+01 -4.70001E-01 -4.89570E-05 -4.70833E-01
9.74998E+01 -4.75001E-01 -4.85995E-05 -4.75831E-01
9.75998E+01 -4.80001E-01 -4.82728E-05 -4.80846E-01
9.76998E+01 -4.85001E-01 -4.79338E-05 -4.85894E-01
9.77998E+01 -4.90001E-01 -4.76323E-05 -4.90864E-01
9.78998E+01 -4.95001E-01 -4.73237E-05 -4.95869E-01
9.79998E+01 -5.00001E-01 -4.70171E-05 -5.00868E-01
9.80998E+01 -5.05001E-01 -4.67300E-05 -5.05897E-01
9.81998E+01 -5.10001E-01 -4.64634E-05 -5.10901E-01
9.82998E+01 -5.15001E-01 -4.62063E-05 -5.15887E-01
9.83998E+01 -5.20001E-01 -4.59576E-05 -5.20889E-01
9.84998E+01 -5.25001E-01 -4.57034E-05 -5.25915E-01
9.85998E+01 -5.30001E-01 -4.54753E-05 -5.30922E-01
9.86998E+01 -5.35001E-01 -4.52548E-05 -5.35901E-01
9.87998E+01 -5.40001E-01 -4.50555E-05 -5.40902E-01
9.88998E+01 -5.45001E-01 -4.48520E-05 -5.45902E-01
9.89998E+01 -5.50001E-01 -4.46913E-05 -5.50902E-01
9.90998E+01 -5.55001E-01 -4.45398E-05 -5.55900E-01
9.91998E+01 -5.60001E-01 -4.44132E-05 -5.60899E-01
9.92998E+01 -5.65001E-01 -4.42734E-05 -5.65898E-01
9.93998E+01 -5.70001E-01 -4.41905E-05 -5.70899E-01
9.94998E+01 -5.75001E-01 -4.41076E-05 -5.75902E-01
9.95998E+01 -5.80001E-01 -4.40495E-05 -5.80908E-01
9.96998E+01 -5.85001E-01 -4.39961E-05 -5.85921E-01
9.97998E+01 -5.90001E-01 -4.39652E-05 -5.90926E-01
9.98998E+01 -5.95001E-01 -4.39420E-05 -5.95948E-01
9.99997E+01 -6.00001E-01 -4.39383E-05 -6.00925E-01
1.00100E+02 -6.05000E-01 -4.39643E-05 -6.05941E-01
1.00200E+02 -6.10000E-01 -4.39800E-05 -6.10936E-01
1.00300E+02 -6.15000E-01 -4.40247E-05 -6.15933E-01
1.00400E+02 -6.20000E-01 -4.40663E-05 -6.20931E-01
1.00500E+02 -6.25000E-01 -4.41173E-05 -6.25906E-01
1.00600E+02 -6.30000E-01 -4.41928E-05 -6.30923E-01
1.00700E+02 -6.35000E-01 -4.42775E-05 -6.35955E-01
1.00800E+02 -6.40000E-01 -4.43635E-05 -6.40930E-01
1.00900E+02 -6.45000E-01 -4.44580E-05 -6.45923E-01
1.01000E+02 -6.50000E-01 -4.45597E-05 -6.50931E-01
1.01100E+02 -6.55000E-01 -4.46628E-05 -6.55973E-01
1.01200E+02 -6.60000E-01 -4.47683E-05 -6.60951E-01
1.01300E+02 -6.65000E-01 -4.48702E-05 -6.65978E-01
1.01400E+02 -6.70000E-01 -4.49750E-05 -6.70954E-01
1.01500E+02 -6.75000E-01 -4.50938E-05 -6.75958E-01
1.01600E+02 -6.80000E-01 -4.52107E-05 -6.80967E-01
1.01700E+02 -6.85000E-01 -4.53258E-05 -6.85953E-01
1.01800E+02 -6.90000E-01 -4.54446E-05 -6.90945E-01
1.01900E+02 -6.95000E-01 -4.55567E-05 -6.95959E-01
1.02000E+02 -7.00000E-01 -4.56600E-05 -7.00972E-01
1.02100E+02 -7.05000E-01 -4.57602E-05 -7.05980E-01
1.02200E+02 -7.10000E-01 -4.58610E-05 -7.10982E-01
1.02300E+02 -7.15000E-01 -4.59565E-05 -7.15989E-01
1.02400E+02 -7.20000E-01 -4.60597E-05 -7.20987E-01
1.02500E+02 -7.25000E-01 -4.61534E-05 -7.25965E-01
1.02600E+02 -7.30000E-01 -4.62371E-05 -7.30955E-01
1.02700E+02 -7.35000E-01 -4.63274E-05 -7.35969E-01
1.02800E+02 -7.40000E-01 -4.64140E-05 -7.41000E-01
1.02900E+02 -7.45000E-01 -4.65158E-05 -7.45964E-01
1.03000E+02 -7.50000E-01 -4.65935E-05 -7.50982E-01
1.03100E+02 -7.55000E-01 -4.66746E-05 -7.55987E-01
1.03200E+02 -7.60000E-01 -4.67512E-05 -7.61016E-01
1.03300E+02 -7.65000E-01 -4.68507E-05 -7.66002E-01
1.03400E+02 -7.70000E-01 -4.69340E-05 -7.70990E-01
1.03500E+02 -7.75000E-01 -4.70447E-05 -7.75997E-01
1.03600E+02 -7.80000E-01 -4.71488E-05 -7.80991E-01
1.03700E+02 -7.85000E-01 -4.72448E-05 -7.85994E-01
1.03800E+02 -7.90000E-01 -4.73298E-05 -7.91005E-01
1.03900E+02 -7.95000E-01 -4.74360E-05 -7.96010E-01
