time/s      E/V        I/A
0.00000E+00 -8.00000E-01 -9.44791E-05 -8.01259E-01
9.99997E-02 -7.95000E-01 -6.94950E-05 -7.96240E-01
1.99999E-01 -7.90000E-01 -5.87388E-05 -7.91243E-01
2.99999E-01 -7.85000E-01 -5.17834E-05 -7.86249E-01
3.99999E-01 -7.80000E-01 -5.04109E-05 -7.81234E-01
4.99999E-01 -7.75000E-01 -4.66130E-05 -7.76266E-01
5.99998E-01 -7.70000E-01 -4.35784E-05 -7.71221E-01
6.99998E-01 -7.65000E-01 -4.10596E-05 -7.66222E-01
7.99998E-01 -7.60000E-01 -3.88948E-05 -7.61223E-01
8.99998E-01 -7.55000E-01 -3.70053E-05 -7.56232E-01
9.99997E-01 -7.50000E-01 -3.53262E-05 -7.51211E-01
1.10000E+00 -7.45000E-01 -3.41877E-05 -7.46214E-01
1.20000E+00 -7.40000E-01 -3.28314E-05 -7.41223E-01
1.30000E+00 -7.35000E-01 -3.15985E-05 -7.36215E-01
1.40000E+00 -7.30000E-01 -3.04552E-05 -7.31188E-01
1.50000E+00 -7.25000E-01 -2.95223E-05 -7.26212E-01
1.60000E+00 -7.20000E-01 -2.85146E-05 -7.21214E-01
1.70000E+00 -7.15000E-01 -2.76036E-05 -7.16212E-01
1.80000E+00 -7.10000E-01 -2.67744E-05 -7.11199E-01
1.90000E+00 -7.05000E-01 -2.59772E-05 -7.06207E-01
1.99999E+00 -7.00000E-01 -2.52135E-05 -7.01199E-01
2.09999E+00 -6.95000E-01 -2.45079E-05 -6.96205E-01
2.19999E+00 -6.90000E-01 -2.38202E-05 -6.91196E-01
2.29999E+00 -6.85000E-01 -2.31880E-05 -6.86184E-01
2.39999E+00 -6.80000E-01 -2.26070E-05 -6.81192E-01
2.49999E+00 -6.75000E-01 -2.20762E-05 -6.76195E-01
2.59999E+00 -6.70000E-01 -2.15689E-05 -6.71174E-01
2.69999E+00 -6.65000E-01 -2.10933E-05 -6.66190E-01
2.79999E+00 -6.60000E-01 -2.06168E-05 -6.61182E-01
2.89999E+00 -6.55000E-01 -2.01588E-05 -6.56190E-01
2.99999E+00 -6.50000E-01 -1.97186E-05 -6.51169E-01
3.09999E+00 -6.45000E-01 -1.92972E-05 -6.46154E-01
3.19999E+00 -6.40000E-01 -1.88988E-05 -6.41175E-01
3.29999E+00 -6.35000E-01 -1.85057E-05 -6.36173E-01
3.39999E+00 -6.30000E-01 -1.81246E-05 -6.31163E-01
3.49999E+00 -6.25000E-01 -1.77730E-05 -6.26146E-01
3.59999E+00 -6.20000E-01 -1.74606E-05 -6.21150E-01
3.69999E+00 -6.15000E-01 -1.71266E-05 -6.16149E-01
3.79999E+00 -6.10000E-01 -1.67897E-05 -6.11145E-01
3.89999E+00 -6.05000E-01 -1.64511E-05 -6.06132E-01
3.99999E+00 -6.00001E-01 -1.61228E-05 -6.01136E-01
4.09999E+00 -5.95001E-01 -1.58032E-05 -5.96148E-01
4.19999E+00 -5.90001E-01 -1.55260E-05 -5.91143E-01
4.29999E+00 -5.85001E-01 -1.52678E-05 -5.86116E-01
4.39999E+00 -5.80001E-01 -1.50133E-05 -5.81116E-01
4.49999E+00 -5.75001E-01 -1.47455E-05 -5.76129E-01
4.59999E+00 -5.70001E-01 -1.44801E-05 -5.71111E-01
4.69999E+00 -5.65001E-01 -1.42272E-05 -5.66120E-01
4.79999E+00 -5.60001E-01 -1.39876E-05 -5.61125E-01
4.89999E+00 -5.55001E-01 -1.37564E-05 -5.56113E-01
4.99999E+00 -5.50001E-01 -1.35334E-05 -5.51112E-01
5.09999E+00 -5.45001E-01 -1.33072E-05 -5.46103E-01
5.19999E+00 -5.40001E-01 -1.30906E-05 -5.41125E-01
5.29999E+00 -5.35001E-01 -1.28782E-05 -5.36121E-01
5.39999E+00 -5.30001E-01 -1.26683E-05 -5.31153E-01
5.49999E+00 -5.25001E-01 -1.24617E-05 -5.26120E-01
5.59999E+00 -5.20001E-01 -1.22608E-05 -5.21114E-01
5.69999E+00 -5.15001E-01 -1.20700E-05 -5.16120E-01
5.79999E+00 -5.10001E-01 -1.18845E-05 -5.11119E-01
5.89999E+00 -5.05001E-01 -1.17062E-05 -5.06118E-01
5.99998E+00 -5.00001E-01 -1.15206E-05 -5.01097E-01
6.09998E+00 -4.95001E-01 -1.13387E-05 -4.96100E-01
6.19998E+00 -4.90001E-01 -1.11600E-05 -4.91082E-01
6.29998E+00 -4.85001E-01 -1.09839E-05 -4.86088E-01
6.39998E+00 -4.80001E-01 -1.08132E-05 -4.81074E-01
6.49998E+00 -4.75001E-01 -1.06516E-05 -4.76077E-01
6.59998E+00 -4.70001E-01 -1.04865E-05 -4.71049E-01
6.69998E+00 -4.65001E-01 -1.03133E-05 -4.66046E-01
6.79998E+00 -4.60001E-01 -1.01476E-05 -4.61064E-01
6.89998E+00 -4.55001E-01 -9.99021E-06 -4.56064E-01
6.99998E+00 -4.50001E-01 -9.83677E-06 -4.51059E-01
7.09998E+00 -4.45001E-01 -9.68701E-06 -4.46044E-01
7.19998E+00 -4.40001E-01 -9.55899E-06 -4.41048E-01
7.29998E+00 -4.35001E-01 -9.40813E-06 -4.36057E-01
7.39998E+00 -4.30001E-01 -9.25701E-06 -4.31040E-01
7.49998E+00 -4.25001E-01 -9.09993E-06 -4.26034E-01
7.59998E+00 -4.20001E-01 -8.95531E-06 -4.21033E-01
7.69998E+00 -4.15001E-01 -8.80912E-06 -4.16040E-01
7.79998E+00 -4.10001E-01 -8.66786E-06 -4.11015E-01
7.89998E+00 -4.05001E-01 -8.52329E-06 -4.06008E-01
7.99998E+00 -4.00001E-01 -8.38432E-06 -4.01017E-01
8.09998E+00 -3.95001E-01 -8.24486E-06 -3.96031E-01
8.19998E+00 -3.90001E-01 -8.10979E-06 -3.91000E-01
8.29998E+00 -3.85001E-01 -7.97487E-06 -3.86007E-01
8.39998E+00 -3.80001E-01 -7.84091E-06 -3.81014E-01
8.49998E+00 -3.75001E-01 -7.70866E-06 -3.76012E-01
8.59998E+00 -3.70001E-01 -7.57562E-06 -3.71004E-01
8.69998E+00 -3.65001E-01 -7.43575E-06 -3.65992E-01
8.79998E+00 -3.60001E-01 -7.30534E-06 -3.60989E-01
8.89998E+00 -3.55001E-01 -7.17702E-06 -3.56013E-01
8.99998E+00 -3.50001E-01 -7.05177E-06 -3.50994E-01
9.09998E+00 -3.45001E-01 -6.93803E-06 -3.45985E-01
9.19998E+00 -3.40001E-01 -6.82193E-06 -3.40981E-01
9.29998E+00 -3.35001E-01 -6.70146E-06 -3.35990E-01
9.39998E+00 -3.30001E-01 -6.61345E-06 -3.30992E-01
9.49998E+00 -3.25001E-01 -6.45649E-06 -3.25983E-01
9.59998E+00 -3.20001E-01 -6.34252E-06 -3.20965E-01
9.69998E+00 -3.15001E-01 -6.22845E-06 -3.15985E-01
9.79998E+00 -3.10001E-01 -6.09568E-06 -3.10951E-01
9.89998E+00 -3.05001E-01 -5.91035E-06 -3.05973E-01
9.99997E+00 -3.00001E-01 -5.81040E-06 -3.00981E-01
1.01000E+01 -2.95001E-01 -5.70627E-06 -2.95967E-01
1.02000E+01 -2.90001E-01 -5.59440E-06 -2.90988E-01
1.03000E+01 -2.85001E-01 -5.48283E-06 -2.85963E-01
1.04000E+01 -2.80001E-01 -5.37598E-06 -2.80973E-01
1.05000E+01 -2.75001E-01 -5.26648E-06 -2.75940E-01
1.06000E+01 -2.70001E-01 -5.15451E-06 -2.70958E-01
1.07000E+01 -2.65001E-01 -5.04231E-06 -2.65974E-01
1.08000E+01 -2.60001E-01 -4.93071E-06 -2.60967E-01
1.09000E+01 -2.55001E-01 -4.81657E-06 -2.55961E-01
1.10000E+01 -2.50001E-01 -4.70587E-06 -2.50942E-01
1.11000E+01 -2.45001E-01 -4.59684E-06 -2.45950E-01
1.12000E+01 -2.40001E-01 -4.48550E-06 -2.40950E-01
1.13000E+01 -2.35001E-01 -4.37322E-06 -2.35924E-01
1.14000E+01 -2.30001E-01 -4.26130E-06 -2.30922E-01
1.15000E+01 -2.25001E-01 -4.14753E-06 -2.25928E-01
1.16000E+01 -2.20001E-01 -4.03748E-06 -2.20929E-01
1.17000E+01 -2.15001E-01 -3.92726E-06 -2.15916E-01
1.18000E+01 -2.10001E-01 -3.81771E-06 -2.10901E-01
1.19000E+01 -2.05001E-01 -3.73976E-06 -2.05910E-01
1.20000E+01 -2.00002E-01 -3.63012E-06 -2.00917E-01
1.21000E+01 -1.95002E-01 -3.52469E-06 -1.95915E-01
1.22000E+01 -1.90002E-01 -3.41294E-06 -1.90906E-01
1.23000E+01 -1.85002E-01 -3.29964E-06 -1.85910E-01
1.24000E+01 -1.80002E-01 -3.18897E-06 -1.80897E-01
1.25000E+01 -1.75002E-01 -3.07805E-06 -1.75888E-01
1.26000E+01 -1.70002E-01 -2.96457E-06 -1.70875E-01
1.27000E+01 -1.65002E-01 -2.85117E-06 -1.65881E-01
1.28000E+01 -1.60002E-01 -2.74447E-06 -1.60881E-01
1.29000E+01 -1.55002E-01 -2.63310E-06 -1.55865E-01
1.30000E+01 -1.50002E-01 -2.52193E-06 -1.50860E-01
1.31000E+01 -1.45002E-01 -2.41251E-06 -1.45867E-01
1.32000E+01 -1.40002E-01 -2.29713E-06 -1.40861E-01
1.33000E+01 -1.35002E-01 -2.18538E-06 -1.35858E-01
1.34000E+01 -1.30002E-01 -2.07415E-06 -1.30864E-01
1.35000E+01 -1.25002E-01 -1.96008E-06 -1.25829E-01
1.36000E+01 -1.20002E-01 -1.84831E-06 -1.20864E-01
1.37000E+01 -1.15002E-01 -1.73627E-06 -1.15822E-01
1.38000E+01 -1.10002E-01 -1.62277E-06 -1.10830E-01
1.39000E+01 -1.05002E-01 -1.50977E-06 -1.05841E-01
1.40000E+01 -1.00002E-01 -1.39641E-06 -1.00855E-01
1.41000E+01 -9.50018E-02 -1.28420E-06 -9.58331E-02
1.42000E+01 -9.00018E-02 -1.16877E-06 -9.08221E-02
1.43000E+01 -8.50018E-02 -1.05622E-06 -8.58306E-02
1.44000E+01 -8.00018E-02 -9.42972E-07 -8.08384E-02
1.45000E+01 -7.50018E-02 -8.28639E-07 -7.58437E-02
1.46000E+01 -7.00018E-02 -7.17409E-07 -7.08060E-02
1.47000E+01 -6.50018E-02 -6.02810E-07 -6.58257E-02
1.48000E+01 -6.00019E-02 -4.90751E-07 -6.08391E-02
1.49000E+01 -5.50019E-02 -3.78054E-07 -5.58182E-02
1.50000E+01 -5.00019E-02 -2.66076E-07 -5.08085E-02
1.51000E+01 -4.50019E-02 -1.53097E-07 -4.57901E-02
1.52000E+01 -4.00019E-02 -4.00881E-08 -4.08204E-02
1.53000E+01 -3.50019E-02 7.28862E-08  -3.58139E-02
1.54000E+01 -3.00019E-02 1.82860E-07  -3.08061E-02
1.55000E+01 -2.50019E-02 2.97046E-07  -2.57814E-02
1.56000E+01 -2.00020E-02 4.07911E-07  -2.08168E-02
1.57000E+01 -1.50020E-02 5.22759E-07  -1.58221E-02
1.58000E+01 -1.00020E-02 6.33688E-07  -1.08087E-02
1.59000E+01 -5.00199E-03 7.46030E-07  -5.76967E-03
1.60000E+01 -2.00000E-06 8.59516E-07  -7.69360E-04
1.61000E+01 4.99799E-03  9.74052E-07  4.21528E-03 
1.62000E+01 9.99797E-03  1.08895E-06  9.19875E-03 
1.63000E+01 1.49980E-02  1.20208E-06  1.42209E-02 
1.64000E+01 1.99979E-02  1.31866E-06  1.92355E-02 
1.65000E+01 2.49979E-02  1.43434E-06  2.42358E-02 
1.66000E+01 2.99979E-02  1.55102E-06  2.92255E-02 
1.67000E+01 3.49979E-02  1.66840E-06  3.42277E-02 
1.68000E+01 3.99979E-02  1.78769E-06  3.92417E-02 
1.69000E+01 4.49979E-02  1.90782E-06  4.42220E-02 
1.70000E+01 4.99979E-02  2.03022E-06  4.92205E-02 
1.71000E+01 5.49979E-02  2.15053E-06  5.42476E-02 
1.72000E+01 5.99978E-02  2.27486E-06  5.92467E-02 
1.73000E+01 6.49978E-02  2.39595E-06  6.42507E-02 
1.74000E+01 6.99978E-02  2.51764E-06  6.92285E-02 
1.75000E+01 7.49978E-02  2.64484E-06  7.42432E-02 
1.76000E+01 7.99978E-02  2.77029E-06  7.92747E-02 
1.77000E+01 8.49978E-02  2.89805E-06  8.42531E-02 
1.78000E+01 8.99978E-02  3.02655E-06  8.92372E-02 
1.79000E+01 9.49978E-02  3.15611E-06  9.42562E-02 
1.80000E+01 9.99977E-02  3.28767E-06  9.92853E-02 
1.81000E+01 1.04998E-01  3.41877E-06  1.04272E-01 
1.82000E+01 1.09998E-01  3.55246E-06  1.09248E-01 
1.83000E+01 1.14998E-01  3.68583E-06  1.14255E-01 
1.84000E+01 1.19998E-01  3.82211E-06  1.19291E-01 
1.85000E+01 1.24998E-01  3.95776E-06  1.24285E-01 
1.86000E+01 1.29998E-01  4.09707E-06  1.29274E-01 
1.87000E+01 1.34998E-01  4.23564E-06  1.34266E-01 
1.88000E+01 1.39998E-01  4.37724E-06  1.39273E-01 
1.89000E+01 1.44998E-01  4.51981E-06  1.44275E-01 
1.90000E+01 1.49998E-01  4.66570E-06  1.49301E-01 
1.91000E+01 1.54998E-01  4.81186E-06  1.54297E-01 
1.92000E+01 1.59998E-01  4.96051E-06  1.59328E-01 
1.93000E+01 1.64998E-01  5.10972E-06  1.64328E-01 
1.94000E+01 1.69998E-01  5.26384E-06  1.69302E-01 
1.95000E+01 1.74998E-01  5.41902E-06  1.74316E-01 
1.96000E+01 1.79998E-01  5.57460E-06  1.79343E-01 
1.97000E+01 1.84998E-01  5.73400E-06  1.84334E-01 
1.98000E+01 1.89998E-01  5.89541E-06  1.89314E-01 
1.99000E+01 1.94998E-01  6.05865E-06  1.94343E-01 
1.99999E+01 1.99997E-01  6.22454E-06  1.99333E-01 
2.00999E+01 2.04997E-01  6.39341E-06  2.04352E-01 
2.01999E+01 2.09997E-01  6.56468E-06  2.09329E-01 
2.02999E+01 2.14997E-01  6.73834E-06  2.14320E-01 
2.03999E+01 2.19997E-01  6.91486E-06  2.19340E-01 
2.04999E+01 2.24997E-01  7.09876E-06  2.24334E-01 
2.05999E+01 2.29997E-01  7.27793E-06  2.29343E-01 
2.06999E+01 2.34997E-01  7.46321E-06  2.34359E-01 
2.07999E+01 2.39997E-01  7.64990E-06  2.39375E-01 
2.08999E+01 2.44997E-01  7.84040E-06  2.44361E-01 
2.09999E+01 2.49997E-01  8.03487E-06  2.49350E-01 
2.10999E+01 2.54997E-01  8.23049E-06  2.54352E-01 
2.11999E+01 2.59997E-01  8.43080E-06  2.59386E-01 
2.12999E+01 2.64997E-01  8.63249E-06  2.64384E-01 
2.13999E+01 2.69997E-01  8.83880E-06  2.69372E-01 
2.14999E+01 2.74997E-01  9.04628E-06  2.74366E-01 
2.15999E+01 2.79997E-01  9.25898E-06  2.79398E-01 
2.16999E+01 2.84997E-01  9.47217E-06  2.84380E-01 
2.17999E+01 2.89997E-01  9.69226E-06  2.89366E-01 
2.18999E+01 2.94997E-01  9.91379E-06  2.94374E-01 
2.19999E+01 2.99997E-01  1.01433E-05  2.99379E-01 
2.20999E+01 3.04997E-01  1.03733E-05  3.04384E-01 
2.21999E+01 3.09997E-01  1.06081E-05  3.09391E-01 
2.22999E+01 3.14997E-01  1.08446E-05  3.14382E-01 
2.23999E+01 3.19997E-01  1.10918E-05  3.19404E-01 
2.24999E+01 3.24997E-01  1.13414E-05  3.24390E-01 
2.25999E+01 3.29997E-01  1.15942E-05  3.29398E-01 
2.26999E+01 3.34997E-01  1.18515E-05  3.34418E-01 
2.27999E+01 3.39997E-01  1.21171E-05  3.39404E-01 
2.28999E+01 3.44997E-01  1.23867E-05  3.44402E-01 
2.29999E+01 3.49997E-01  1.26647E-05  3.49391E-01 
2.30999E+01 3.54997E-01  1.29463E-05  3.54408E-01 
2.31999E+01 3.59997E-01  1.32353E-05  3.59407E-01 
2.32999E+01 3.64997E-01  1.35293E-05  3.64383E-01 
2.33999E+01 3.69997E-01  1.38322E-05  3.69412E-01 
2.34999E+01 3.74997E-01  1.41409E-05  3.74418E-01 
2.35999E+01 3.79997E-01  1.44540E-05  3.79404E-01 
2.36999E+01 3.84997E-01  1.47799E-05  3.84411E-01 
2.37999E+01 3.89997E-01  1.51081E-05  3.89428E-01 
2.38999E+01 3.94997E-01  1.54437E-05  3.94438E-01 
2.39999E+01 3.99997E-01  1.57876E-05  3.99426E-01 
2.40999E+01 4.04997E-01  1.61384E-05  4.04415E-01 
2.41999E+01 4.09997E-01  1.64965E-05  4.09416E-01 
2.42999E+01 4.14997E-01  1.68618E-05  4.14430E-01 
2.43999E+01 4.19997E-01  1.72352E-05  4.19418E-01 
2.44999E+01 4.24997E-01  1.76155E-05  4.24434E-01 
2.45999E+01 4.29997E-01  1.80024E-05  4.29435E-01 
2.46999E+01 4.34997E-01  1.83951E-05  4.34452E-01 
2.47999E+01 4.39997E-01  1.87962E-05  4.39458E-01 
2.48999E+01 4.44997E-01  1.92008E-05  4.44440E-01 
2.49999E+01 4.49997E-01  1.96179E-05  4.49455E-01 
2.50999E+01 4.54997E-01  2.00393E-05  4.54454E-01 
2.51999E+01 4.59997E-01  2.04654E-05  4.59480E-01 
2.52999E+01 4.64997E-01  2.08987E-05  4.64494E-01 
2.53999E+01 4.69997E-01  2.13369E-05  4.69501E-01 
2.54999E+01 4.74997E-01  2.18249E-05  4.74502E-01 
2.55999E+01 4.79997E-01  2.22746E-05  4.79521E-01 
2.56999E+01 4.84997E-01  2.27292E-05  4.84509E-01 
2.57999E+01 4.89997E-01  2.31883E-05  4.89500E-01 
2.58999E+01 4.94997E-01  2.36534E-05  4.94518E-01 
2.59999E+01 4.99997E-01  2.41228E-05  4.99510E-01 
2.60999E+01 5.04997E-01  2.45962E-05  5.04517E-01 
2.61999E+01 5.09997E-01  2.50684E-05  5.09522E-01 
2.62999E+01 5.14997E-01  2.55494E-05  5.14535E-01 
2.63999E+01 5.19997E-01  2.60330E-05  5.19528E-01 
2.64999E+01 5.24997E-01  2.65187E-05  5.24544E-01 
2.65999E+01 5.29997E-01  2.70069E-05  5.29557E-01 
2.66999E+01 5.34997E-01  2.74934E-05  5.34561E-01 
2.67999E+01 5.39997E-01  2.79858E-05  5.39551E-01 
2.68999E+01 5.44997E-01  2.84713E-05  5.44563E-01 
2.69999E+01 5.49997E-01  2.89610E-05  5.49565E-01 
2.70999E+01 5.54997E-01  2.94492E-05  5.54572E-01 
2.71999E+01 5.59997E-01  2.99435E-05  5.59568E-01 
2.72999E+01 5.64997E-01  3.04307E-05  5.64529E-01 
2.73999E+01 5.69997E-01  3.09203E-05  5.69555E-01 
2.74999E+01 5.74997E-01  3.14047E-05  5.74551E-01 
2.75999E+01 5.79997E-01  3.18906E-05  5.79544E-01 
2.76999E+01 5.84997E-01  3.23729E-05  5.84569E-01 
2.77999E+01 5.89997E-01  3.28529E-05  5.89556E-01 
2.78999E+01 5.94997E-01  3.33288E-05  5.94582E-01 
2.79999E+01 5.99996E-01  3.38046E-05  5.99576E-01 
2.80999E+01 6.04996E-01  3.42712E-05  6.04553E-01 
2.81999E+01 6.09996E-01  3.47387E-05  6.09543E-01 
2.82999E+01 6.14996E-01  3.51951E-05  6.14564E-01 
2.83999E+01 6.19996E-01  3.56581E-05  6.19576E-01 
2.84999E+01 6.24996E-01  3.61095E-05  6.24554E-01 
2.85999E+01 6.29996E-01  3.65592E-05  6.29573E-01 
2.86999E+01 6.34996E-01  3.70067E-05  6.34600E-01 
2.87999E+01 6.39996E-01  3.74524E-05  6.39598E-01 
2.88999E+01 6.44996E-01  3.78842E-05  6.44621E-01 
2.89999E+01 6.49996E-01  3.83175E-05  6.49599E-01 
2.90999E+01 6.54996E-01  3.87458E-05  6.54608E-01 
2.91999E+01 6.59996E-01  3.91735E-05  6.59617E-01 
2.92999E+01 6.64996E-01  3.95884E-05  6.64625E-01 
2.93999E+01 6.69996E-01  4.00094E-05  6.69596E-01 
2.94999E+01 6.74996E-01  4.04159E-05  6.74610E-01 
2.95999E+01 6.79996E-01  4.08200E-05  6.79616E-01 
2.96999E+01 6.84996E-01  4.12214E-05  6.84636E-01 
2.97999E+01 6.89996E-01  4.16210E-05  6.89609E-01 
2.98999E+01 6.94996E-01  4.20099E-05  6.94629E-01 
2.99999E+01 6.99996E-01  4.24003E-05  6.99633E-01 
3.00999E+01 7.04996E-01  4.27833E-05  7.04634E-01 
3.01999E+01 7.09996E-01  4.31658E-05  7.09623E-01 
3.02999E+01 7.14996E-01  4.35411E-05  7.14651E-01 
3.03999E+01 7.19996E-01  4.39112E-05  7.19658E-01 
3.04999E+01 7.24996E-01  4.42780E-05  7.24643E-01 
3.05999E+01 7.29996E-01  4.46422E-05  7.29650E-01 
3.06999E+01 7.34996E-01  4.50027E-05  7.34646E-01 
3.07999E+01 7.39996E-01  4.53567E-05  7.39666E-01 
3.08999E+01 7.44996E-01  4.57081E-05  7.44663E-01 
3.09999E+01 7.49996E-01  4.60574E-05  7.49680E-01 
3.10999E+01 7.54996E-01  4.63997E-05  7.54657E-01 
3.11999E+01 7.59996E-01  4.67376E-05  7.59677E-01 
3.12999E+01 7.64996E-01  4.70705E-05  7.64679E-01 
3.13999E+01 7.69996E-01  4.74049E-05  7.69680E-01 
3.14999E+01 7.74996E-01  4.77309E-05  7.74677E-01 
3.15999E+01 7.79996E-01  4.80576E-05  7.79686E-01 
3.16999E+01 7.84996E-01  4.83743E-05  7.84698E-01 
3.17999E+01 7.89996E-01  4.86923E-05  7.89716E-01 
3.18999E+01 7.94996E-01  4.90028E-05  7.94712E-01 
3.19999E+01 7.99996E-01  4.93119E-05  7.99706E-01 
3.20999E+01 8.04996E-01  4.96158E-05  8.04706E-01 
3.21999E+01 8.09996E-01  4.99157E-05  8.09746E-01 
3.22999E+01 8.14996E-01  5.02099E-05  8.14728E-01 
3.23999E+01 8.19996E-01  5.05038E-05  8.19716E-01 
3.24999E+01 8.24996E-01  5.07893E-05  8.24723E-01 
3.25999E+01 8.29996E-01  5.10754E-05  8.29722E-01 
3.26999E+01 8.34996E-01  5.13559E-05  8.34743E-01 
3.27999E+01 8.39996E-01  5.16415E-05  8.39735E-01 
3.28999E+01 8.44996E-01  5.19174E-05  8.44714E-01 
3.29999E+01 8.49996E-01  5.21988E-05  8.49729E-01 
3.30999E+01 8.54996E-01  5.24768E-05  8.54731E-01 
3.31999E+01 8.59996E-01  5.27558E-05  8.59748E-01 
3.32999E+01 8.64996E-01  5.30354E-05  8.64723E-01 
3.33999E+01 8.69996E-01  5.33189E-05  8.69709E-01 
3.34999E+01 8.74996E-01  5.36056E-05  8.74745E-01 
3.35999E+01 8.79996E-01  5.38927E-05  8.79730E-01 
3.36999E+01 8.84996E-01  5.41849E-05  8.84750E-01 
3.37999E+01 8.89996E-01  5.44841E-05  8.89750E-01 
3.38999E+01 8.94996E-01  5.47830E-05  8.94747E-01 
3.39999E+01 8.99996E-01  5.50892E-05  8.99774E-01 
3.40999E+01 9.04996E-01  5.53985E-05  9.04759E-01 
3.41999E+01 9.09996E-01  5.57182E-05  9.09751E-01 
3.42999E+01 9.14996E-01  5.60402E-05  9.14771E-01 
3.43999E+01 9.19996E-01  5.63716E-05  9.19770E-01 
3.44999E+01 9.24996E-01  5.67048E-05  9.24756E-01 
3.45999E+01 9.29996E-01  5.70524E-05  9.29771E-01 
3.46999E+01 9.34996E-01  5.74180E-05  9.34766E-01 
3.47999E+01 9.39996E-01  5.78037E-05  9.39782E-01 
3.48999E+01 9.44996E-01  5.81345E-05  9.44792E-01 
3.49999E+01 9.49996E-01  5.84773E-05  9.49796E-01 
3.50999E+01 9.54996E-01  5.88309E-05  9.54799E-01 
3.51999E+01 9.59996E-01  5.91927E-05  9.59788E-01 
3.52999E+01 9.64996E-01  5.95440E-05  9.64804E-01 
3.53999E+01 9.69996E-01  5.98966E-05  9.69805E-01 
3.54999E+01 9.74996E-01  6.02444E-05  9.74792E-01 
3.55999E+01 9.79996E-01  6.05803E-05  9.79773E-01 
3.56999E+01 9.84996E-01  6.09038E-05  9.84795E-01 
3.57999E+01 9.89996E-01  6.12185E-05  9.89802E-01 
3.58999E+01 9.94996E-01  6.15163E-05  9.94791E-01 
3.59999E+01 9.99995E-01  6.18127E-05  9.99776E-01 
3.60999E+01 1.00500E+00  6.20982E-05  1.00482E+00 
3.61999E+01 1.01000E+00  6.23772E-05  1.00982E+00 
3.62999E+01 1.01500E+00  6.26435E-05  1.01481E+00 
3.63999E+01 1.02000E+00  6.29136E-05  1.01982E+00 
3.64999E+01 1.02500E+00  6.31835E-05  1.02481E+00 
3.65999E+01 1.03000E+00  6.34579E-05  1.02983E+00 
3.66999E+01 1.03500E+00  6.37345E-05  1.03481E+00 
3.67999E+01 1.04000E+00  6.40128E-05  1.03981E+00 
3.68999E+01 1.04500E+00  6.43003E-05  1.04481E+00 
3.69999E+01 1.05000E+00  6.45900E-05  1.04982E+00 
3.70999E+01 1.05500E+00  6.48828E-05  1.05483E+00 
3.71999E+01 1.06000E+00  6.51912E-05  1.05983E+00 
3.72999E+01 1.06500E+00  6.54989E-05  1.06482E+00 
3.73999E+01 1.07000E+00  6.58259E-05  1.06983E+00 
3.74999E+01 1.07500E+00  6.61598E-05  1.07485E+00 
3.75999E+01 1.08000E+00  6.65033E-05  1.07985E+00 
3.76999E+01 1.08500E+00  6.68568E-05  1.08484E+00 
3.77999E+01 1.09000E+00  6.72266E-05  1.08984E+00 
3.78999E+01 1.09500E+00  6.76116E-05  1.09486E+00 
3.79999E+01 1.10000E+00  6.80146E-05  1.09986E+00 
3.80999E+01 1.10500E+00  6.84328E-05  1.10488E+00 
3.81999E+01 1.11000E+00  6.88750E-05  1.10985E+00 
3.82999E+01 1.11500E+00  6.93166E-05  1.11488E+00 
3.83999E+01 1.12000E+00  6.97811E-05  1.11990E+00 
3.84999E+01 1.12500E+00  7.02658E-05  1.12489E+00 
3.85999E+01 1.13000E+00  7.07827E-05  1.12991E+00 
3.86999E+01 1.13500E+00  7.12942E-05  1.13488E+00 
3.87999E+01 1.14000E+00  7.18231E-05  1.13989E+00 
3.88999E+01 1.14500E+00  7.23679E-05  1.14491E+00 
3.89999E+01 1.15000E+00  7.29251E-05  1.14990E+00 
3.90999E+01 1.15500E+00  7.34919E-05  1.15489E+00 
3.91999E+01 1.16000E+00  7.40954E-05  1.15988E+00 
3.92999E+01 1.16500E+00  7.47111E-05  1.16492E+00 
3.93999E+01 1.17000E+00  7.53769E-05  1.16993E+00 
3.94999E+01 1.17500E+00  7.59995E-05  1.17492E+00 
3.95999E+01 1.18000E+00  7.66694E-05  1.17991E+00 
3.96999E+01 1.18500E+00  7.73706E-05  1.18493E+00 
3.97999E+01 1.19000E+00  7.80928E-05  1.18993E+00 
3.98999E+01 1.19500E+00  7.88487E-05  1.19492E+00 
3.99999E+01 1.19999E+00  7.95986E-05  1.19991E+00 
4.00999E+01 1.20499E+00  8.03611E-05  1.20493E+00 
4.01999E+01 1.20999E+00  8.11526E-05  1.20993E+00 
4.02999E+01 1.21499E+00  8.19572E-05  1.21492E+00 
4.03999E+01 1.21999E+00  8.27665E-05  1.21990E+00 
4.04999E+01 1.22499E+00  8.35962E-05  1.22492E+00 
4.05999E+01 1.22999E+00  8.44259E-05  1.22995E+00 
4.06999E+01 1.23499E+00  8.52594E-05  1.23493E+00 
4.07999E+01 1.23999E+00  8.61245E-05  1.23994E+00 
4.08999E+01 1.24499E+00  8.69781E-05  1.24495E+00 
4.09999E+01 1.24999E+00  8.78331E-05  1.24994E+00 
4.10999E+01 1.25499E+00  8.87129E-05  1.25492E+00 
4.11999E+01 1.25999E+00  8.96110E-05  1.25995E+00 
4.12999E+01 1.26499E+00  9.04978E-05  1.26497E+00 
4.13999E+01 1.26999E+00  9.14375E-05  1.26996E+00 
4.14999E+01 1.27499E+00  9.23744E-05  1.27498E+00 
4.15999E+01 1.27999E+00  9.33087E-05  1.27996E+00 
4.16999E+01 1.28499E+00  9.42417E-05  1.28495E+00 
4.17999E+01 1.28999E+00  9.51990E-05  1.28997E+00 
4.18999E+01 1.29499E+00  9.61822E-05  1.29499E+00 
4.19999E+01 1.29999E+00  9.72099E-05  1.30000E+00 
4.20999E+01 1.30499E+00  9.82062E-05  1.30500E+00 
4.21999E+01 1.30999E+00  9.92524E-05  1.31000E+00 
4.22999E+01 1.31499E+00  1.00299E-04  1.31500E+00 
4.23999E+01 1.31999E+00  1.01365E-04  1.32001E+00 
4.24999E+01 1.32499E+00  1.02440E-04  1.32499E+00 
4.25999E+01 1.32999E+00  1.03551E-04  1.33000E+00 
4.26999E+01 1.33499E+00  1.04668E-04  1.33501E+00 
4.27999E+01 1.33999E+00  1.05802E-04  1.34001E+00 
4.28999E+01 1.34499E+00  1.06941E-04  1.34501E+00 
4.29999E+01 1.34999E+00  1.08108E-04  1.35001E+00 
4.30999E+01 1.35499E+00  1.09297E-04  1.35501E+00 
4.31999E+01 1.35999E+00  1.10450E-04  1.36000E+00 
4.32999E+01 1.36499E+00  1.11620E-04  1.36501E+00 
4.33999E+01 1.36999E+00  1.12793E-04  1.37000E+00 
4.34999E+01 1.37499E+00  1.13967E-04  1.37501E+00 
4.35999E+01 1.37999E+00  1.15163E-04  1.38001E+00 
4.36999E+01 1.38499E+00  1.16378E-04  1.38502E+00 
4.37999E+01 1.38999E+00  1.17550E-04  1.39001E+00 
4.38999E+01 1.39499E+00  1.18740E-04  1.39503E+00 
4.39999E+01 1.39999E+00  1.19941E-04  1.40004E+00 
4.40999E+01 1.40499E+00  1.21160E-04  1.40503E+00 
4.41999E+01 1.40999E+00  1.22356E-04  1.41002E+00 
4.42999E+01 1.41499E+00  1.23561E-04  1.41503E+00 
4.43999E+01 1.41999E+00  1.24787E-04  1.42003E+00 
4.44999E+01 1.42499E+00  1.26018E-04  1.42506E+00 
4.45999E+01 1.42999E+00  1.27269E-04  1.43006E+00 
4.46999E+01 1.43499E+00  1.28534E-04  1.43506E+00 
4.47999E+01 1.43999E+00  1.29833E-04  1.44007E+00 
4.48999E+01 1.44499E+00  1.31152E-04  1.44507E+00 
4.49999E+01 1.44999E+00  1.32531E-04  1.45008E+00 
4.50999E+01 1.45499E+00  1.33940E-04  1.45509E+00 
4.51999E+01 1.45999E+00  1.35377E-04  1.46009E+00 
4.52999E+01 1.46499E+00  1.36844E-04  1.46508E+00 
4.53999E+01 1.46999E+00  1.38361E-04  1.47009E+00 
4.54999E+01 1.47499E+00  1.39911E-04  1.47511E+00 
4.55999E+01 1.47999E+00  1.41533E-04  1.48011E+00 
4.56999E+01 1.48499E+00  1.43168E-04  1.48510E+00 
4.57999E+01 1.48999E+00  1.44802E-04  1.49012E+00 
4.58999E+01 1.49499E+00  1.46471E-04  1.49512E+00 
4.59999E+01 1.49999E+00  1.48171E-04  1.50011E+00 
4.60999E+01 1.50499E+00  1.49919E-04  1.50511E+00 
4.61999E+01 1.50999E+00  1.51677E-04  1.51010E+00 
4.62999E+01 1.51499E+00  1.53774E-04  1.51513E+00 
4.63999E+01 1.51999E+00  1.55612E-04  1.52011E+00 
4.64999E+01 1.52499E+00  1.57453E-04  1.52511E+00 
4.65999E+01 1.52999E+00  1.59314E-04  1.53013E+00 
4.66999E+01 1.53499E+00  1.61126E-04  1.53515E+00 
4.67999E+01 1.53999E+00  1.62945E-04  1.54013E+00 
4.68999E+01 1.54499E+00  1.64805E-04  1.54511E+00 
4.69999E+01 1.54999E+00  1.66674E-04  1.55013E+00 
4.70999E+01 1.55499E+00  1.68655E-04  1.55514E+00 
4.71999E+01 1.55999E+00  1.70497E-04  1.56013E+00 
4.72999E+01 1.56499E+00  1.72429E-04  1.56513E+00 
4.73999E+01 1.56999E+00  1.74398E-04  1.57014E+00 
4.74999E+01 1.57499E+00  1.76416E-04  1.57514E+00 
4.75999E+01 1.57999E+00  1.78472E-04  1.58015E+00 
4.76999E+01 1.58499E+00  1.80558E-04  1.58515E+00 
4.77999E+01 1.58999E+00  1.82666E-04  1.59013E+00 
4.78999E+01 1.59499E+00  1.84847E-04  1.59516E+00 
4.79999E+01 1.59999E+00  1.87096E-04  1.60017E+00 
4.80999E+01 1.60499E+00  1.89392E-04  1.60518E+00 
4.81999E+01 1.60999E+00  1.91773E-04  1.61020E+00 
4.82999E+01 1.61499E+00  1.94266E-04  1.61517E+00 
4.83999E+01 1.61999E+00  1.96756E-04  1.62017E+00 
4.84999E+01 1.62499E+00  1.99247E-04  1.62519E+00 
4.85999E+01 1.62999E+00  2.01839E-04  1.63019E+00 
4.86999E+01 1.63499E+00  2.04472E-04  1.63518E+00 
4.87999E+01 1.63999E+00  2.07178E-04  1.64017E+00 
4.88999E+01 1.64499E+00  2.09961E-04  1.64521E+00 
4.89999E+01 1.64999E+00  2.13190E-04  1.65018E+00 
4.90999E+01 1.65499E+00  2.16062E-04  1.65519E+00 
4.91999E+01 1.65999E+00  2.18979E-04  1.66017E+00 
4.92999E+01 1.66499E+00  2.21937E-04  1.66519E+00 
4.93999E+01 1.66999E+00  2.24976E-04  1.67021E+00 
4.94999E+01 1.67499E+00  2.28033E-04  1.67518E+00 
4.95999E+01 1.67999E+00  2.31094E-04  1.68016E+00 
4.96999E+01 1.68499E+00  2.34185E-04  1.68519E+00 
4.97999E+01 1.68999E+00  2.37364E-04  1.69020E+00 
4.98999E+01 1.69499E+00  2.40499E-04  1.69522E+00 
4.99999E+01 1.69999E+00  2.43645E-04  1.70019E+00 
5.00999E+01 1.70499E+00  2.46833E-04  1.70520E+00 
5.01999E+01 1.70999E+00  2.50078E-04  1.71023E+00 
5.02999E+01 1.71499E+00  2.53414E-04  1.71522E+00 
5.03999E+01 1.71999E+00  2.56654E-04  1.72021E+00 
5.04999E+01 1.72499E+00  2.59898E-04  1.72521E+00 
5.05999E+01 1.72999E+00  2.63161E-04  1.73022E+00 
5.06999E+01 1.73499E+00  2.66472E-04  1.73522E+00 
5.07999E+01 1.73999E+00  2.69799E-04  1.74020E+00 
5.08999E+01 1.74499E+00  2.73095E-04  1.74524E+00 
5.09999E+01 1.74999E+00  2.76418E-04  1.75024E+00 
5.10999E+01 1.75499E+00  2.79670E-04  1.75526E+00 
5.11999E+01 1.75999E+00  2.82976E-04  1.76027E+00 
5.12999E+01 1.76499E+00  2.86248E-04  1.76529E+00 
5.13999E+01 1.76999E+00  2.89526E-04  1.77028E+00 
5.14999E+01 1.77499E+00  2.92776E-04  1.77524E+00 
5.15999E+01 1.77999E+00  2.96036E-04  1.78029E+00 
5.16999E+01 1.78499E+00  2.99291E-04  1.78529E+00 
5.17999E+01 1.78999E+00  3.02524E-04  1.79030E+00 
5.18999E+01 1.79499E+00  3.05811E-04  1.79528E+00 
5.19999E+01 1.79999E+00  3.09083E-04  1.80028E+00 
5.20999E+01 1.79499E+00  3.02583E-04  1.79527E+00 
5.21999E+01 1.78999E+00  2.96162E-04  1.79029E+00 
5.22999E+01 1.78499E+00  2.89955E-04  1.78528E+00 
5.23999E+01 1.77999E+00  2.83786E-04  1.78027E+00 
5.24999E+01 1.77499E+00  2.77841E-04  1.77528E+00 
5.25999E+01 1.76999E+00  2.72063E-04  1.77029E+00 
5.26999E+01 1.76499E+00  2.66525E-04  1.76526E+00 
5.27999E+01 1.75999E+00  2.60993E-04  1.76027E+00 
5.28999E+01 1.75499E+00  2.55565E-04  1.75525E+00 
5.29999E+01 1.74999E+00  2.50146E-04  1.75026E+00 
5.30999E+01 1.74499E+00  2.44858E-04  1.74526E+00 
5.31999E+01 1.73999E+00  2.39668E-04  1.74022E+00 
5.32999E+01 1.73499E+00  2.34620E-04  1.73524E+00 
5.33999E+01 1.72999E+00  2.29755E-04  1.73025E+00 
5.34999E+01 1.72499E+00  2.24877E-04  1.72524E+00 
5.35999E+01 1.71999E+00  2.20183E-04  1.72022E+00 
5.36999E+01 1.71499E+00  2.15616E-04  1.71523E+00 
5.37999E+01 1.70999E+00  2.11204E-04  1.71025E+00 
5.38999E+01 1.70499E+00  2.06570E-04  1.70522E+00 
5.39999E+01 1.69999E+00  2.02060E-04  1.70021E+00 
5.40999E+01 1.69499E+00  1.97629E-04  1.69523E+00 
5.41999E+01 1.68999E+00  1.93356E-04  1.69024E+00 
5.42999E+01 1.68499E+00  1.89143E-04  1.68522E+00 
5.43999E+01 1.67999E+00  1.85008E-04  1.68020E+00 
5.44999E+01 1.67499E+00  1.80946E-04  1.67521E+00 
5.45999E+01 1.66999E+00  1.77018E-04  1.67022E+00 
5.46999E+01 1.66499E+00  1.73191E-04  1.66521E+00 
5.47999E+01 1.65999E+00  1.69608E-04  1.66019E+00 
5.48999E+01 1.65499E+00  1.65738E-04  1.65519E+00 
5.49999E+01 1.64999E+00  1.61951E-04  1.65021E+00 
5.50999E+01 1.64499E+00  1.58559E-04  1.64519E+00 
5.51999E+01 1.63999E+00  1.54867E-04  1.64018E+00 
5.52999E+01 1.63499E+00  1.51327E-04  1.63519E+00 
5.53999E+01 1.62999E+00  1.47908E-04  1.63018E+00 
5.54999E+01 1.62499E+00  1.44573E-04  1.62519E+00 
5.55999E+01 1.61999E+00  1.41326E-04  1.62017E+00 
5.56999E+01 1.61499E+00  1.38095E-04  1.61517E+00 
5.57999E+01 1.60999E+00  1.34946E-04  1.61016E+00 
5.58999E+01 1.60499E+00  1.31868E-04  1.60515E+00 
5.59999E+01 1.59999E+00  1.28894E-04  1.60015E+00 
5.60999E+01 1.59499E+00  1.25904E-04  1.59514E+00 
5.61999E+01 1.58999E+00  1.23022E-04  1.59012E+00 
5.62999E+01 1.58499E+00  1.20226E-04  1.58516E+00 
5.63999E+01 1.57999E+00  1.17450E-04  1.58013E+00 
5.64999E+01 1.57499E+00  1.14662E-04  1.57513E+00 
5.65999E+01 1.56999E+00  1.12048E-04  1.57012E+00 
5.66999E+01 1.56499E+00  1.09379E-04  1.56511E+00 
5.67999E+01 1.55999E+00  1.06847E-04  1.56012E+00 
5.68999E+01 1.55499E+00  1.04411E-04  1.55514E+00 
5.69999E+01 1.54999E+00  1.01827E-04  1.55011E+00 
5.70999E+01 1.54499E+00  9.94143E-05  1.54510E+00 
5.71999E+01 1.53999E+00  9.70916E-05  1.54011E+00 
5.72999E+01 1.53499E+00  9.48416E-05  1.53511E+00 
5.73999E+01 1.52999E+00  9.26051E-05  1.53011E+00 
5.74999E+01 1.52499E+00  9.04311E-05  1.52508E+00 
5.75999E+01 1.51999E+00  8.83050E-05  1.52010E+00 
5.76999E+01 1.51499E+00  8.62589E-05  1.51510E+00 
5.77999E+01 1.50999E+00  8.42472E-05  1.51010E+00 
5.78999E+01 1.50499E+00  8.22631E-05  1.50509E+00 
5.79999E+01 1.49999E+00  8.03571E-05  1.50009E+00 
5.80999E+01 1.49499E+00  7.84749E-05  1.49509E+00 
5.81999E+01 1.48999E+00  7.66952E-05  1.49010E+00 
5.82999E+01 1.48499E+00  7.49424E-05  1.48508E+00 
5.83999E+01 1.47999E+00  7.32611E-05  1.48008E+00 
5.84999E+01 1.47499E+00  7.17042E-05  1.47511E+00 
5.85999E+01 1.46999E+00  7.00503E-05  1.47012E+00 
5.86999E+01 1.46499E+00  6.85352E-05  1.46510E+00 
5.87999E+01 1.45999E+00  6.69825E-05  1.46010E+00 
5.88999E+01 1.45499E+00  6.54674E-05  1.45511E+00 
5.89999E+01 1.44999E+00  6.40389E-05  1.45012E+00 
5.90999E+01 1.44499E+00  6.26862E-05  1.44510E+00 
5.91999E+01 1.43999E+00  6.13444E-05  1.44008E+00 
5.92999E+01 1.43499E+00  6.00329E-05  1.43510E+00 
5.93999E+01 1.42999E+00  5.87589E-05  1.43008E+00 
5.94999E+01 1.42499E+00  5.75768E-05  1.42509E+00 
5.95999E+01 1.41999E+00  5.65598E-05  1.42006E+00 
5.96999E+01 1.41499E+00  5.56966E-05  1.41503E+00 
5.97999E+01 1.40999E+00  5.44310E-05  1.41002E+00 
5.98999E+01 1.40499E+00  5.34066E-05  1.40503E+00 
5.99998E+01 1.39999E+00  5.23889E-05  1.40004E+00 
6.00998E+01 1.39499E+00  5.13565E-05  1.39503E+00 
6.01998E+01 1.38999E+00  5.03190E-05  1.39000E+00 
6.02998E+01 1.38499E+00  4.93318E-05  1.38503E+00 
6.03998E+01 1.37999E+00  4.83779E-05  1.38004E+00 
6.04998E+01 1.37499E+00  4.74666E-05  1.37501E+00 
6.05998E+01 1.36999E+00  4.65886E-05  1.37000E+00 
6.06998E+01 1.36499E+00  4.57476E-05  1.36501E+00 
6.07998E+01 1.35999E+00  4.52653E-05  1.35999E+00 
6.08998E+01 1.35499E+00  4.44815E-05  1.35499E+00 
6.09998E+01 1.34999E+00  4.35873E-05  1.34999E+00 
6.10998E+01 1.34499E+00  4.27897E-05  1.34502E+00 
6.11998E+01 1.33999E+00  4.20586E-05  1.34000E+00 
6.12998E+01 1.33499E+00  4.13707E-05  1.33499E+00 
6.13998E+01 1.32999E+00  4.07256E-05  1.33000E+00 
6.14998E+01 1.32499E+00  4.00917E-05  1.32499E+00 
6.15998E+01 1.31999E+00  3.94616E-05  1.31999E+00 
6.16998E+01 1.31499E+00  3.84996E-05  1.31499E+00 
6.17998E+01 1.30999E+00  3.79194E-05  1.31000E+00 
6.18998E+01 1.30499E+00  3.73157E-05  1.30500E+00 
6.19998E+01 1.29999E+00  3.67554E-05  1.29998E+00 
6.20998E+01 1.29499E+00  3.62047E-05  1.29499E+00 
6.21998E+01 1.28999E+00  3.56941E-05  1.28999E+00 
6.22998E+01 1.28499E+00  3.52396E-05  1.28496E+00 
6.23998E+01 1.27999E+00  3.47561E-05  1.27996E+00 
6.24998E+01 1.27499E+00  3.42809E-05  1.27498E+00 
6.25998E+01 1.26999E+00  3.38254E-05  1.26998E+00 
6.26998E+01 1.26499E+00  3.33199E-05  1.26496E+00 
6.27998E+01 1.25999E+00  3.28370E-05  1.25996E+00 
6.28998E+01 1.25499E+00  3.23771E-05  1.25496E+00 
6.29998E+01 1.24999E+00  3.19355E-05  1.24997E+00 
6.30998E+01 1.24499E+00  3.15158E-05  1.24495E+00 
6.31998E+01 1.23999E+00  3.10866E-05  1.23993E+00 
6.32998E+01 1.23499E+00  3.06660E-05  1.23495E+00 
6.33998E+01 1.22999E+00  3.02609E-05  1.22994E+00 
6.34998E+01 1.22499E+00  2.98591E-05  1.22495E+00 
6.35998E+01 1.21999E+00  2.94692E-05  1.21992E+00 
6.36998E+01 1.21499E+00  2.90905E-05  1.21493E+00 
6.37998E+01 1.20999E+00  2.87303E-05  1.20997E+00 
6.38998E+01 1.20499E+00  2.83779E-05  1.20494E+00 
6.39998E+01 1.19999E+00  2.80407E-05  1.19993E+00 
6.40998E+01 1.19500E+00  2.77142E-05  1.19494E+00 
6.41998E+01 1.19000E+00  2.74012E-05  1.18995E+00 
6.42998E+01 1.18500E+00  2.71017E-05  1.18494E+00 
6.43998E+01 1.18000E+00  2.71198E-05  1.17992E+00 
6.44998E+01 1.17500E+00  2.65775E-05  1.17493E+00 
6.45998E+01 1.17000E+00  2.61802E-05  1.16995E+00 
6.46998E+01 1.16500E+00  2.58264E-05  1.16493E+00 
6.47998E+01 1.16000E+00  2.54928E-05  1.15991E+00 
6.48998E+01 1.15500E+00  2.51822E-05  1.15491E+00 
6.49998E+01 1.15000E+00  2.51017E-05  1.14993E+00 
6.50998E+01 1.14500E+00  2.47263E-05  1.14491E+00 
6.51998E+01 1.14000E+00  2.43699E-05  1.13990E+00 
6.52998E+01 1.13500E+00  2.40437E-05  1.13490E+00 
6.53998E+01 1.13000E+00  2.37341E-05  1.12991E+00 
6.54998E+01 1.12500E+00  2.34394E-05  1.12490E+00 
6.55998E+01 1.12000E+00  2.31569E-05  1.11990E+00 
6.56998E+01 1.11500E+00  2.28772E-05  1.11488E+00 
6.57998E+01 1.11000E+00  2.26040E-05  1.10988E+00 
6.58998E+01 1.10500E+00  2.23348E-05  1.10488E+00 
6.59998E+01 1.10000E+00  2.20628E-05  1.09985E+00 
6.60998E+01 1.09500E+00  2.17917E-05  1.09485E+00 
6.61998E+01 1.09000E+00  2.15253E-05  1.08986E+00 
6.62998E+01 1.08500E+00  2.12694E-05  1.08485E+00 
6.63998E+01 1.08000E+00  2.10157E-05  1.07984E+00 
6.64998E+01 1.07500E+00  2.07663E-05  1.07485E+00 
6.65998E+01 1.07000E+00  2.05173E-05  1.06984E+00 
6.66998E+01 1.06500E+00  2.02778E-05  1.06482E+00 
6.67998E+01 1.06000E+00  2.00259E-05  1.05982E+00 
6.68998E+01 1.05500E+00  1.97819E-05  1.05482E+00 
6.69998E+01 1.05000E+00  1.95338E-05  1.04979E+00 
6.70998E+01 1.04500E+00  1.92970E-05  1.04482E+00 
6.71998E+01 1.04000E+00  1.90568E-05  1.03982E+00 
6.72998E+01 1.03500E+00  1.88254E-05  1.03481E+00 
6.73998E+01 1.03000E+00  1.85943E-05  1.02981E+00 
6.74998E+01 1.02500E+00  1.83651E-05  1.02481E+00 
6.75998E+01 1.02000E+00  1.81323E-05  1.01980E+00 
6.76998E+01 1.01500E+00  1.79076E-05  1.01484E+00 
6.77998E+01 1.01000E+00  1.76786E-05  1.00981E+00 
6.78998E+01 1.00500E+00  1.74576E-05  1.00480E+00 
6.79998E+01 9.99995E-01  1.72334E-05  9.99799E-01 
6.80998E+01 9.94996E-01  1.70144E-05  9.94802E-01 
6.81998E+01 9.89996E-01  1.67970E-05  9.89792E-01 
6.82998E+01 9.84996E-01  1.65760E-05  9.84805E-01 
6.83998E+01 9.79996E-01  1.63645E-05  9.79786E-01 
6.84998E+01 9.74996E-01  1.61483E-05  9.74792E-01 
6.85998E+01 9.69996E-01  1.59338E-05  9.69798E-01 
6.86998E+01 9.64996E-01  1.57231E-05  9.64787E-01 
6.87998E+01 9.59996E-01  1.55123E-05  9.59781E-01 
6.88998E+01 9.54996E-01  1.53058E-05  9.54769E-01 
6.89998E+01 9.49996E-01  1.50940E-05  9.49772E-01 
6.90998E+01 9.44996E-01  1.48796E-05  9.44762E-01 
6.91998E+01 9.39996E-01  1.46640E-05  9.39745E-01 
6.92998E+01 9.34996E-01  1.44500E-05  9.34749E-01 
6.93998E+01 9.29996E-01  1.42385E-05  9.29761E-01 
6.94998E+01 9.24996E-01  1.40280E-05  9.24762E-01 
6.95998E+01 9.19996E-01  1.38133E-05  9.19765E-01 
6.96998E+01 9.14996E-01  1.36021E-05  9.14755E-01 
6.97998E+01 9.09996E-01  1.33868E-05  9.09744E-01 
6.98998E+01 9.04996E-01  1.31787E-05  9.04769E-01 
6.99998E+01 8.99996E-01  1.29667E-05  8.99771E-01 
7.00998E+01 8.94996E-01  1.27566E-05  8.94747E-01 
7.01998E+01 8.89996E-01  1.25440E-05  8.89735E-01 
7.02998E+01 8.84996E-01  1.23316E-05  8.84737E-01 
7.03998E+01 8.79996E-01  1.21211E-05  8.79724E-01 
7.04998E+01 8.74996E-01  1.19099E-05  8.74734E-01 
7.05998E+01 8.69996E-01  1.16980E-05  8.69712E-01 
7.06998E+01 8.64996E-01  1.14861E-05  8.64722E-01 
7.07998E+01 8.59996E-01  1.12720E-05  8.59722E-01 
7.08998E+01 8.54996E-01  1.10604E-05  8.54722E-01 
7.09998E+01 8.49996E-01  1.08440E-05  8.49708E-01 
7.10998E+01 8.44996E-01  1.06332E-05  8.44711E-01 
7.11998E+01 8.39996E-01  1.04181E-05  8.39719E-01 
7.12998E+01 8.34996E-01  1.02014E-05  8.34730E-01 
7.13998E+01 8.29996E-01  9.98652E-06  8.29682E-01 
7.14998E+01 8.24996E-01  9.77190E-06  8.24683E-01 
7.15998E+01 8.19996E-01  9.55220E-06  8.19720E-01 
7.16998E+01 8.14996E-01  9.33558E-06  8.14702E-01 
7.17998E+01 8.09996E-01  9.11753E-06  8.09705E-01 
7.18998E+01 8.04996E-01  8.89883E-06  8.04703E-01 
7.19998E+01 7.99996E-01  8.67621E-06  7.99691E-01 
7.20998E+01 7.94996E-01  8.45639E-06  7.94710E-01 
7.21998E+01 7.89996E-01  8.22877E-06  7.89667E-01 
7.22998E+01 7.84996E-01  8.01072E-06  7.84665E-01 
7.23998E+01 7.79996E-01  7.78110E-06  7.79641E-01 
7.24998E+01 7.74996E-01  7.55478E-06  7.74649E-01 
7.25998E+01 7.69996E-01  7.32487E-06  7.69628E-01 
7.26998E+01 7.64996E-01  7.09772E-06  7.64640E-01 
7.27998E+01 7.59996E-01  6.86570E-06  7.59628E-01 
7.28998E+01 7.54996E-01  6.63766E-06  7.54642E-01 
7.29998E+01 7.49996E-01  6.40152E-06  7.49633E-01 
7.30998E+01 7.44996E-01  6.17080E-06  7.44631E-01 
7.31998E+01 7.39996E-01  5.93348E-06  7.39655E-01 
7.32998E+01 7.34996E-01  5.70183E-06  7.34634E-01 
7.33998E+01 7.29996E-01  5.45897E-06  7.29602E-01 
7.34998E+01 7.24996E-01  5.22255E-06  7.24616E-01 
7.35998E+01 7.19996E-01  4.98338E-06  7.19615E-01 
7.36998E+01 7.14996E-01  4.74507E-06  7.14608E-01 
7.37998E+01 7.09996E-01  4.50328E-06  7.09595E-01 
7.38998E+01 7.04996E-01  4.26331E-06  7.04596E-01 
7.39998E+01 6.99996E-01  4.02059E-06  6.99607E-01 
7.40998E+01 6.94996E-01  3.77800E-06  6.94594E-01 
7.41998E+01 6.89996E-01  3.53573E-06  6.89582E-01 
7.42998E+01 6.84996E-01  3.29574E-06  6.84601E-01 
7.43998E+01 6.79996E-01  3.01328E-06  6.79625E-01 
7.44998E+01 6.74996E-01  2.76803E-06  6.74608E-01 
7.45998E+01 6.69996E-01  2.52103E-06  6.69576E-01 
7.46998E+01 6.64996E-01  2.27139E-06  6.64595E-01 
7.47998E+01 6.59996E-01  2.01872E-06  6.59590E-01 
7.48998E+01 6.54996E-01  1.76769E-06  6.54590E-01 
7.49998E+01 6.49996E-01  1.50480E-06  6.49591E-01 
7.50998E+01 6.44996E-01  1.24500E-06  6.44596E-01 
7.51998E+01 6.39996E-01  9.79198E-07  6.39626E-01 
7.52998E+01 6.34996E-01  7.10744E-07  6.34594E-01 
7.53998E+01 6.29996E-01  4.37174E-07  6.29568E-01 
7.54998E+01 6.24996E-01  1.65015E-07  6.24560E-01 
7.55998E+01 6.19996E-01  -1.09068E-07 6.19566E-01 
7.56998E+01 6.14996E-01  -3.82521E-07 6.14562E-01 
7.57998E+01 6.09996E-01  -6.55561E-07 6.09566E-01 
7.58998E+01 6.04996E-01  -9.27988E-07 6.04549E-01 
7.59998E+01 5.99996E-01  -1.20486E-06 5.99555E-01 
7.60998E+01 5.94997E-01  -1.48161E-06 5.94562E-01 
7.61998E+01 5.89997E-01  -1.76320E-06 5.89558E-01 
7.62998E+01 5.84997E-01  -2.04568E-06 5.84541E-01 
7.63998E+01 5.79997E-01  -2.34653E-06 5.79544E-01 
7.64998E+01 5.74997E-01  -2.64367E-06 5.74561E-01 
7.65998E+01 5.69997E-01  -2.94992E-06 5.69542E-01 
7.66998E+01 5.64997E-01  -3.25778E-06 5.64522E-01 
7.67998E+01 5.59997E-01  -3.57634E-06 5.59514E-01 
7.68998E+01 5.54997E-01  -3.89302E-06 5.54549E-01 
7.69998E+01 5.49997E-01  -4.22205E-06 5.49529E-01 
7.70998E+01 5.44997E-01  -4.55338E-06 5.44507E-01 
7.71998E+01 5.39997E-01  -4.89491E-06 5.39529E-01 
7.72998E+01 5.34997E-01  -5.23630E-06 5.34528E-01 
7.73998E+01 5.29997E-01  -5.58960E-06 5.29525E-01 
7.74998E+01 5.24997E-01  -5.94650E-06 5.24504E-01 
7.75998E+01 5.19997E-01  -6.31237E-06 5.19503E-01 
7.76998E+01 5.14997E-01  -6.67990E-06 5.14526E-01 
7.77998E+01 5.09997E-01  -7.05774E-06 5.09504E-01 
7.78998E+01 5.04997E-01  -7.43555E-06 5.04493E-01 
7.79998E+01 4.99997E-01  -7.82397E-06 4.99499E-01 
7.80998E+01 4.94997E-01  -8.21230E-06 4.94490E-01 
7.81998E+01 4.89997E-01  -8.60947E-06 4.89507E-01 
7.82998E+01 4.84997E-01  -9.00973E-06 4.84494E-01 
7.83998E+01 4.79997E-01  -9.41857E-06 4.79478E-01 
7.84998E+01 4.74997E-01  -9.82599E-06 4.74482E-01 
7.85998E+01 4.69997E-01  -1.02460E-05 4.69483E-01 
7.86998E+01 4.64997E-01  -1.06682E-05 4.64493E-01 
7.87998E+01 4.59997E-01  -1.10992E-05 4.59479E-01 
7.88998E+01 4.54997E-01  -1.15333E-05 4.54432E-01 
7.89998E+01 4.49997E-01  -1.19760E-05 4.49454E-01 
7.90998E+01 4.44997E-01  -1.24213E-05 4.44432E-01 
7.91998E+01 4.39997E-01  -1.28762E-05 4.39450E-01 
7.92998E+01 4.34997E-01  -1.33360E-05 4.34453E-01 
7.93998E+01 4.29997E-01  -1.38043E-05 4.29415E-01 
7.94998E+01 4.24997E-01  -1.42775E-05 4.24433E-01 
7.95998E+01 4.19997E-01  -1.47605E-05 4.19429E-01 
7.96998E+01 4.14997E-01  -1.52458E-05 4.14437E-01 
7.97998E+01 4.09997E-01  -1.57415E-05 4.09410E-01 
7.98998E+01 4.04997E-01  -1.62403E-05 4.04405E-01 
7.99998E+01 3.99997E-01  -1.67518E-05 3.99391E-01 
8.00998E+01 3.94997E-01  -1.72649E-05 3.94408E-01 
8.01998E+01 3.89997E-01  -1.77897E-05 3.89399E-01 
8.02998E+01 3.84997E-01  -1.83174E-05 3.84387E-01 
8.03998E+01 3.79997E-01  -1.88262E-05 3.79375E-01 
8.04998E+01 3.74997E-01  -1.93650E-05 3.74388E-01 
8.05998E+01 3.69997E-01  -1.99134E-05 3.69372E-01 
8.06998E+01 3.64997E-01  -2.04664E-05 3.64363E-01 
8.07998E+01 3.59997E-01  -2.10250E-05 3.59376E-01 
8.08998E+01 3.54997E-01  -2.15914E-05 3.54400E-01 
8.09998E+01 3.49997E-01  -2.21649E-05 3.49382E-01 
8.10998E+01 3.44997E-01  -2.27384E-05 3.44365E-01 
8.11998E+01 3.39997E-01  -2.33234E-05 3.39386E-01 
8.12998E+01 3.34997E-01  -2.39102E-05 3.34383E-01 
8.13998E+01 3.29997E-01  -2.45033E-05 3.29370E-01 
8.14998E+01 3.24997E-01  -2.51035E-05 3.24361E-01 
8.15998E+01 3.19997E-01  -2.57068E-05 3.19402E-01 
8.16998E+01 3.14997E-01  -2.63120E-05 3.14355E-01 
8.17998E+01 3.09997E-01  -2.69277E-05 3.09381E-01 
8.18998E+01 3.04997E-01  -2.75420E-05 3.04363E-01 
8.19998E+01 2.99997E-01  -2.81664E-05 2.99358E-01 
8.20998E+01 2.94997E-01  -2.87915E-05 2.94339E-01 
8.21998E+01 2.89997E-01  -2.94188E-05 2.89341E-01 
8.22998E+01 2.84997E-01  -3.00537E-05 2.84334E-01 
8.23998E+01 2.79997E-01  -3.06878E-05 2.79339E-01 
8.24998E+01 2.74997E-01  -3.13271E-05 2.74335E-01 
8.25998E+01 2.69997E-01  -3.19699E-05 2.69345E-01 
8.26998E+01 2.64997E-01  -3.26114E-05 2.64339E-01 
8.27998E+01 2.59997E-01  -3.32589E-05 2.59340E-01 
8.28998E+01 2.54997E-01  -3.39069E-05 2.54328E-01 
8.29998E+01 2.49997E-01  -3.45589E-05 2.49336E-01 
8.30998E+01 2.44997E-01  -3.52089E-05 2.44320E-01 
8.31998E+01 2.39997E-01  -3.58655E-05 2.39333E-01 
8.32998E+01 2.34997E-01  -3.65187E-05 2.34330E-01 
8.33998E+01 2.29997E-01  -3.71751E-05 2.29305E-01 
8.34998E+01 2.24997E-01  -3.78295E-05 2.24317E-01 
8.35998E+01 2.19997E-01  -3.84910E-05 2.19312E-01 
8.36998E+01 2.14997E-01  -3.91486E-05 2.14291E-01 
8.37998E+01 2.09997E-01  -3.98117E-05 2.09292E-01 
8.38998E+01 2.04997E-01  -4.04681E-05 2.04281E-01 
8.39998E+01 1.99997E-01  -4.11336E-05 1.99294E-01 
8.40998E+01 1.94998E-01  -4.17947E-05 1.94281E-01 
8.41998E+01 1.89998E-01  -4.24628E-05 1.89262E-01 
8.42998E+01 1.84998E-01  -4.31289E-05 1.84273E-01 
8.43998E+01 1.79998E-01  -4.37986E-05 1.79294E-01 
8.44998E+01 1.74998E-01  -4.44654E-05 1.74275E-01 
8.45998E+01 1.69998E-01  -4.51402E-05 1.69248E-01 
8.46998E+01 1.64998E-01  -4.58146E-05 1.64285E-01 
8.47998E+01 1.59998E-01  -4.64980E-05 1.59286E-01 
8.48998E+01 1.54998E-01  -4.71770E-05 1.54273E-01 
8.49998E+01 1.49998E-01  -4.78723E-05 1.49278E-01 
8.50998E+01 1.44998E-01  -4.85664E-05 1.44269E-01 
8.51998E+01 1.39998E-01  -4.92722E-05 1.39243E-01 
8.52998E+01 1.34998E-01  -4.99811E-05 1.34234E-01 
8.53998E+01 1.29998E-01  -5.07035E-05 1.29237E-01 
8.54998E+01 1.24998E-01  -5.14356E-05 1.24249E-01 
8.55998E+01 1.19998E-01  -5.21837E-05 1.19241E-01 
8.56998E+01 1.14998E-01  -5.29369E-05 1.14241E-01 
8.57998E+01 1.09998E-01  -5.37154E-05 1.09218E-01 
8.58998E+01 1.04998E-01  -5.45052E-05 1.04265E-01 
8.59998E+01 9.99977E-02  -5.53201E-05 9.92478E-02 
8.60998E+01 9.49978E-02  -5.61450E-05 9.42406E-02 
8.61998E+01 8.99978E-02  -5.70004E-05 8.92390E-02 
8.62998E+01 8.49978E-02  -5.78740E-05 8.42350E-02 
8.63998E+01 7.99978E-02  -5.87712E-05 7.92391E-02 
8.64998E+01 7.49978E-02  -5.96888E-05 7.42244E-02 
8.65998E+01 6.99978E-02  -6.06427E-05 6.92272E-02 
8.66998E+01 6.49978E-02  -6.16141E-05 6.42219E-02 
8.67998E+01 5.99978E-02  -6.26210E-05 5.92204E-02 
8.68998E+01 5.49979E-02  -6.36447E-05 5.42045E-02 
8.69998E+01 4.99979E-02  -6.47049E-05 4.91880E-02 
8.70998E+01 4.49979E-02  -6.57778E-05 4.42239E-02 
8.71998E+01 3.99979E-02  -6.68863E-05 3.92292E-02 
8.72998E+01 3.49979E-02  -6.80025E-05 3.41971E-02 
8.73998E+01 2.99979E-02  -6.91262E-05 2.91912E-02 
8.74998E+01 2.49979E-02  -7.02737E-05 2.41921E-02 
8.75998E+01 1.99979E-02  -7.14468E-05 1.92168E-02 
8.76998E+01 1.49980E-02  -7.26369E-05 1.41853E-02 
8.77998E+01 9.99797E-03  -7.38516E-05 9.18436E-03 
8.78998E+01 4.99799E-03  -7.50844E-05 4.16348E-03 
8.79998E+01 -2.00000E-06 -7.63476E-05 -8.01853E-04
8.80998E+01 -5.00199E-03 -7.76411E-05 -5.81898E-03
8.81998E+01 -1.00020E-02 -7.89714E-05 -1.08174E-02
8.82998E+01 -1.50020E-02 -8.03437E-05 -1.58365E-02
8.83998E+01 -2.00020E-02 -8.17553E-05 -2.08430E-02
8.84998E+01 -2.50019E-02 -8.32176E-05 -2.58202E-02
8.85998E+01 -3.00019E-02 -8.47277E-05 -3.08523E-02
8.86998E+01 -3.50019E-02 -8.62795E-05 -3.58470E-02
8.87998E+01 -4.00019E-02 -8.78924E-05 -4.08529E-02
8.88998E+01 -4.50019E-02 -8.95584E-05 -4.58301E-02
8.89998E+01 -5.00019E-02 -9.12742E-05 -5.08342E-02
8.90998E+01 -5.50019E-02 -9.30429E-05 -5.58482E-02
8.91998E+01 -6.00019E-02 -9.48621E-05 -6.08653E-02
8.92998E+01 -6.50018E-02 -9.67162E-05 -6.58588E-02
8.93998E+01 -7.00018E-02 -9.86288E-05 -7.08441E-02
8.94998E+01 -7.50018E-02 -1.00575E-04 -7.58637E-02
8.95998E+01 -8.00018E-02 -1.02559E-04 -8.08534E-02
8.96998E+01 -8.50018E-02 -1.04577E-04 -8.58568E-02
8.97998E+01 -9.00018E-02 -1.06638E-04 -9.08552E-02
8.98998E+01 -9.50018E-02 -1.08720E-04 -9.58874E-02
8.99998E+01 -1.00002E-01 -1.10837E-04 -1.00862E-01
9.00998E+01 -1.05002E-01 -1.12980E-04 -1.05898E-01
9.01998E+01 -1.10002E-01 -1.15164E-04 -1.10882E-01
9.02998E+01 -1.15002E-01 -1.17369E-04 -1.15895E-01
9.03998E+01 -1.20002E-01 -1.19621E-04 -1.20903E-01
9.04998E+01 -1.25002E-01 -1.21912E-04 -1.25890E-01
9.05998E+01 -1.30002E-01 -1.24257E-04 -1.30861E-01
9.06998E+01 -1.35002E-01 -1.26664E-04 -1.35880E-01
9.07998E+01 -1.40002E-01 -1.29154E-04 -1.40894E-01
9.08998E+01 -1.45002E-01 -1.31727E-04 -1.45908E-01
9.09998E+01 -1.50002E-01 -1.34422E-04 -1.50885E-01
9.10998E+01 -1.55002E-01 -1.37230E-04 -1.55887E-01
9.11998E+01 -1.60002E-01 -1.40202E-04 -1.60907E-01
9.12998E+01 -1.65002E-01 -1.43324E-04 -1.65928E-01
9.13998E+01 -1.70002E-01 -1.46649E-04 -1.70907E-01
9.14998E+01 -1.75002E-01 -1.50164E-04 -1.75923E-01
9.15998E+01 -1.80002E-01 -1.53892E-04 -1.80921E-01
9.16998E+01 -1.85002E-01 -1.57822E-04 -1.85922E-01
9.17998E+01 -1.90002E-01 -1.61971E-04 -1.90918E-01
9.18998E+01 -1.95002E-01 -1.66299E-04 -1.95941E-01
9.19998E+01 -2.00002E-01 -1.70811E-04 -2.00935E-01
9.20998E+01 -2.05001E-01 -1.75457E-04 -2.05941E-01
9.21998E+01 -2.10001E-01 -1.80237E-04 -2.10925E-01
9.22998E+01 -2.15001E-01 -1.85093E-04 -2.15931E-01
9.23998E+01 -2.20001E-01 -1.90018E-04 -2.20921E-01
9.24998E+01 -2.25001E-01 -1.94947E-04 -2.25918E-01
9.25998E+01 -2.30001E-01 -1.99893E-04 -2.30915E-01
9.26998E+01 -2.35001E-01 -2.04795E-04 -2.35908E-01
9.27998E+01 -2.40001E-01 -2.09661E-04 -2.40950E-01
9.28998E+01 -2.45001E-01 -2.14431E-04 -2.45926E-01
9.29998E+01 -2.50001E-01 -2.18763E-04 -2.50918E-01
9.30998E+01 -2.55001E-01 -2.23296E-04 -2.55954E-01
9.31998E+01 -2.60001E-01 -2.27683E-04 -2.60948E-01
9.32998E+01 -2.65001E-01 -2.31882E-04 -2.65934E-01
9.33998E+01 -2.70001E-01 -2.35857E-04 -2.70933E-01
9.34998E+01 -2.75001E-01 -2.39576E-04 -2.75936E-01
9.35998E+01 -2.80001E-01 -2.43026E-04 -2.80953E-01
9.36998E+01 -2.85001E-01 -2.46141E-04 -2.85959E-01
9.37998E+01 -2.90001E-01 -2.48880E-04 -2.90943E-01
9.38998E+01 -2.95001E-01 -2.51154E-04 -2.95967E-01
9.39998E+01 -3.00001E-01 -2.52881E-04 -3.00957E-01
9.40998E+01 -3.05001E-01 -2.53862E-04 -3.05973E-01
9.41998E+01 -3.10001E-01 -2.53820E-04 -3.10957E-01
9.42998E+01 -3.15001E-01 -2.52160E-04 -3.15980E-01
9.43998E+01 -3.20001E-01 -2.47761E-04 -3.20981E-01
9.44998E+01 -3.25001E-01 -2.38630E-04 -3.25999E-01
9.45998E+01 -3.30001E-01 -2.21811E-04 -3.31009E-01
9.46998E+01 -3.35001E-01 -1.94921E-04 -3.36002E-01
9.47998E+01 -3.40001E-01 -1.62778E-04 -3.41021E-01
9.48998E+01 -3.45001E-01 -1.36835E-04 -3.46040E-01
9.49998E+01 -3.50001E-01 -1.19147E-04 -3.51015E-01
9.50998E+01 -3.55001E-01 -1.07933E-04 -3.56028E-01
9.51998E+01 -3.60001E-01 -9.80090E-05 -3.61017E-01
9.52998E+01 -3.65001E-01 -9.03350E-05 -3.66024E-01
9.53998E+01 -3.70001E-01 -8.43593E-05 -3.71024E-01
9.54998E+01 -3.75001E-01 -7.94371E-05 -3.76046E-01
9.55998E+01 -3.80001E-01 -7.52846E-05 -3.81017E-01
9.56998E+01 -3.85001E-01 -7.16346E-05 -3.86018E-01
9.57998E+01 -3.90001E-01 -6.85304E-05 -3.91040E-01
9.58998E+01 -3.95001E-01 -6.58471E-05 -3.96037E-01
9.59998E+01 -4.00001E-01 -6.34674E-05 -4.01027E-01
9.60998E+01 -4.05001E-01 -6.13853E-05 -4.06034E-01
9.61998E+01 -4.10001E-01 -5.95258E-05 -4.11044E-01
9.62998E+01 -4.15001E-01 -5.78983E-05 -4.16056E-01
9.63998E+01 -4.20001E-01 -5.64373E-05 -4.21052E-01
9.64998E+01 -4.25001E-01 -5.51090E-05 -4.26034E-01
9.65998E+01 -4.30001E-01 -5.39022E-05 -4.31051E-01
9.66998E+01 -4.35001E-01 -5.28480E-05 -4.36054E-01
9.67998E+01 -4.40001E-01 -5.18673E-05 -4.41066E-01
9.68998E+01 -4.45001E-01 -5.09893E-05 -4.46049E-01
9.69998E+01 -4.50001E-01 -5.01345E-05 -4.51054E-01
9.70998E+01 -4.55001E-01 -4.93515E-05 -4.56066E-01
9.71998E+01 -4.60001E-01 -4.86094E-05 -4.61039E-01
9.72998E+01 -4.65001E-01 -4.78830E-05 -4.66040E-01
9.73998E+01 -4.70001E-01 -4.73888E-05 -4.71051E-01
9.74998E+01 -4.75001E-01 -4.66800E-05 -4.76052E-01
9.75998E+01 -4.80001E-01 -4.61140E-05 -4.81069E-01
9.76998E+01 -4.85001E-01 -4.56120E-05 -4.86079E-01
9.77998E+01 -4.90001E-01 -4.51483E-05 -4.91101E-01
9.78998E+01 -4.95001E-01 -4.47298E-05 -4.96093E-01
9.79998E+01 -5.00001E-01 -4.43105E-05 -5.01096E-01
9.80998E+01 -5.05001E-01 -4.39477E-05 -5.06113E-01
9.81998E+01 -5.10001E-01 -4.35872E-05 -5.11125E-01
9.82998E+01 -5.15001E-01 -4.32621E-05 -5.16105E-01
9.83998E+01 -5.20001E-01 -4.29813E-05 -5.21099E-01
9.84998E+01 -5.25001E-01 -4.27172E-05 -5.26109E-01
9.85998E+01 -5.30001E-01 -4.24878E-05 -5.31130E-01
9.86998E+01 -5.35001E-01 -4.22881E-05 -5.36127E-01
9.87998E+01 -5.40001E-01 -4.21050E-05 -5.41117E-01
9.88998E+01 -5.45001E-01 -4.19463E-05 -5.46121E-01
9.89998E+01 -5.50001E-01 -4.18257E-05 -5.51107E-01
9.90998E+01 -5.55001E-01 -4.18022E-05 -5.56113E-01
9.91998E+01 -5.60001E-01 -4.16922E-05 -5.61130E-01
9.92998E+01 -5.65001E-01 -4.16165E-05 -5.66134E-01
9.93998E+01 -5.70001E-01 -4.19500E-05 -5.71136E-01
9.94998E+01 -5.75001E-01 -4.19227E-05 -5.76126E-01
9.95998E+01 -5.80001E-01 -4.19178E-05 -5.81110E-01
9.96998E+01 -5.85001E-01 -4.19238E-05 -5.86111E-01
9.97998E+01 -5.90001E-01 -4.19591E-05 -5.91162E-01
9.98998E+01 -5.95001E-01 -4.19982E-05 -5.96137E-01
9.99997E+01 -6.00001E-01 -4.20571E-05 -6.01142E-01
1.00100E+02 -6.05000E-01 -4.21230E-05 -6.06130E-01
1.00200E+02 -6.10000E-01 -4.21989E-05 -6.11153E-01
1.00300E+02 -6.15000E-01 -4.22803E-05 -6.16184E-01
1.00400E+02 -6.20000E-01 -4.23733E-05 -6.21174E-01
1.00500E+02 -6.25000E-01 -4.24689E-05 -6.26170E-01
1.00600E+02 -6.30000E-01 -4.25635E-05 -6.31174E-01
1.00700E+02 -6.35000E-01 -4.26638E-05 -6.36180E-01
1.00800E+02 -6.40000E-01 -4.27621E-05 -6.41167E-01
1.00900E+02 -6.45000E-01 -4.28601E-05 -6.46166E-01
1.01000E+02 -6.50000E-01 -4.29612E-05 -6.51187E-01
1.01100E+02 -6.55000E-01 -4.30525E-05 -6.56196E-01
1.01200E+02 -6.60000E-01 -4.31364E-05 -6.61192E-01
1.01300E+02 -6.65000E-01 -4.32238E-05 -6.66193E-01
1.01400E+02 -6.70000E-01 -4.32895E-05 -6.71193E-01
1.01500E+02 -6.75000E-01 -4.33637E-05 -6.76196E-01
1.01600E+02 -6.80000E-01 -4.34290E-05 -6.81199E-01
1.01700E+02 -6.85000E-01 -4.34835E-05 -6.86218E-01
1.01800E+02 -6.90000E-01 -4.35394E-05 -6.91187E-01
1.01900E+02 -6.95000E-01 -4.36027E-05 -6.96209E-01
1.02000E+02 -7.00000E-01 -4.36515E-05 -7.01205E-01
1.02100E+02 -7.05000E-01 -4.36660E-05 -7.06226E-01
1.02200E+02 -7.10000E-01 -4.36983E-05 -7.11202E-01
1.02300E+02 -7.15000E-01 -4.37201E-05 -7.16224E-01
1.02400E+02 -7.20000E-01 -4.37418E-05 -7.21198E-01
1.02500E+02 -7.25000E-01 -4.37708E-05 -7.26223E-01
1.02600E+02 -7.30000E-01 -4.37955E-05 -7.31207E-01
1.02700E+02 -7.35000E-01 -4.38125E-05 -7.36217E-01
1.02800E+02 -7.40000E-01 -4.38362E-05 -7.41218E-01
1.02900E+02 -7.45000E-01 -4.38502E-05 -7.46224E-01
1.03000E+02 -7.50000E-01 -4.38686E-05 -7.51216E-01
1.03100E+02 -7.55000E-01 -4.38865E-05 -7.56227E-01
1.03200E+02 -7.60000E-01 -4.39036E-05 -7.61234E-01
1.03300E+02 -7.65000E-01 -4.39253E-05 -7.66227E-01
1.03400E+02 -7.70000E-01 -4.39557E-05 -7.71195E-01
1.03500E+02 -7.75000E-01 -4.39821E-05 -7.76239E-01
1.03600E+02 -7.80000E-01 -4.40084E-05 -7.81239E-01
1.03700E+02 -7.85000E-01 -4.40510E-05 -7.86252E-01
1.03800E+02 -7.90000E-01 -4.40978E-05 -7.91225E-01
1.03900E+02 -7.95000E-01 -4.41529E-05 -7.96254E-01
