time/s      E/V        I/A
0.00000E+00 -8.00000E-01 -9.32911E-05 -5.27247E-01
9.99997E-02 -7.95000E-01 -6.30063E-05 -5.22214E-01
1.99999E-01 -7.90000E-01 -5.01960E-05 -5.17211E-01
2.99999E-01 -7.85000E-01 -4.18480E-05 -5.12244E-01
3.99999E-01 -7.80000E-01 -4.06616E-05 -5.07213E-01
4.99999E-01 -7.75000E-01 -3.62138E-05 -5.02214E-01
5.99998E-01 -7.70000E-01 -3.27194E-05 -4.97215E-01
6.99998E-01 -7.65000E-01 -2.98720E-05 -4.92207E-01
7.99998E-01 -7.60000E-01 -2.80485E-05 -4.87212E-01
8.99998E-01 -7.55000E-01 -2.61499E-05 -4.82185E-01
9.99997E-01 -7.50000E-01 -2.47767E-05 -4.77199E-01
1.10000E+00 -7.45000E-01 -2.31937E-05 -4.72214E-01
1.20000E+00 -7.40000E-01 -2.15171E-05 -4.67185E-01
1.30000E+00 -7.35000E-01 -2.07856E-05 -4.62181E-01
1.40000E+00 -7.30000E-01 -1.95394E-05 -4.57198E-01
1.50000E+00 -7.25000E-01 -1.82929E-05 -4.52161E-01
1.60000E+00 -7.20000E-01 -1.70951E-05 -4.47173E-01
1.70000E+00 -7.15000E-01 -1.61180E-05 -4.42176E-01
1.80000E+00 -7.10000E-01 -1.57201E-05 -4.37178E-01
1.90000E+00 -7.05000E-01 -1.53409E-05 -4.32174E-01
1.99999E+00 -7.00000E-01 -1.48086E-05 -4.27158E-01
2.09999E+00 -6.95000E-01 -1.42820E-05 -4.22168E-01
2.19999E+00 -6.90000E-01 -1.37881E-05 -4.17195E-01
2.29999E+00 -6.85000E-01 -1.33669E-05 -4.12186E-01
2.39999E+00 -6.80000E-01 -1.30062E-05 -4.07166E-01
2.49999E+00 -6.75000E-01 -1.26622E-05 -4.02182E-01
2.59999E+00 -6.70000E-01 -1.22329E-05 -3.97195E-01
2.69999E+00 -6.65000E-01 -1.17896E-05 -3.92171E-01
2.79999E+00 -6.60000E-01 -1.13905E-05 -3.87150E-01
2.89999E+00 -6.55000E-01 -1.09505E-05 -3.82173E-01
2.99999E+00 -6.50000E-01 -1.05823E-05 -3.77184E-01
3.09999E+00 -6.45000E-01 -1.02409E-05 -3.72173E-01
3.19999E+00 -6.40000E-01 -9.92732E-06 -3.67157E-01
3.29999E+00 -6.35000E-01 -9.62950E-06 -3.62165E-01
3.39999E+00 -6.30000E-01 -9.32530E-06 -3.57175E-01
3.49999E+00 -6.25000E-01 -9.04022E-06 -3.52161E-01
3.59999E+00 -6.20000E-01 -8.75134E-06 -3.47141E-01
3.69999E+00 -6.15000E-01 -8.47123E-06 -3.42142E-01
3.79999E+00 -6.10000E-01 -8.19899E-06 -3.37129E-01
3.89999E+00 -6.05000E-01 -7.94973E-06 -3.32145E-01
3.99999E+00 -6.00001E-01 -7.69624E-06 -3.27138E-01
4.09999E+00 -5.95001E-01 -7.45855E-06 -3.22129E-01
4.19999E+00 -5.90001E-01 -7.23003E-06 -3.17117E-01
4.29999E+00 -5.85001E-01 -7.02058E-06 -3.12110E-01
4.39999E+00 -5.80001E-01 -6.79706E-06 -3.07115E-01
4.49999E+00 -5.75001E-01 -6.58219E-06 -3.02119E-01
4.59999E+00 -5.70001E-01 -6.39296E-06 -2.97133E-01
4.69999E+00 -5.65001E-01 -6.18901E-06 -2.92106E-01
4.79999E+00 -5.60001E-01 -5.98083E-06 -2.87105E-01
4.89999E+00 -5.55001E-01 -5.76553E-06 -2.82108E-01
4.99999E+00 -5.50001E-01 -5.55659E-06 -2.77096E-01
5.09999E+00 -5.45001E-01 -5.37640E-06 -2.72077E-01
5.19999E+00 -5.40001E-01 -5.20652E-06 -2.67058E-01
5.29999E+00 -5.35001E-01 -5.03839E-06 -2.62075E-01
5.39999E+00 -5.30001E-01 -4.88615E-06 -2.57076E-01
5.49999E+00 -5.25001E-01 -4.74103E-06 -2.52061E-01
5.59999E+00 -5.20001E-01 -4.58720E-06 -2.47064E-01
5.69999E+00 -5.15001E-01 -4.42398E-06 -2.42070E-01
5.79999E+00 -5.10001E-01 -4.26145E-06 -2.37055E-01
5.89999E+00 -5.05001E-01 -4.09309E-06 -2.32045E-01
5.99998E+00 -5.00001E-01 -3.93603E-06 -2.27054E-01
6.09998E+00 -4.95001E-01 -3.78469E-06 -2.22041E-01
6.19998E+00 -4.90001E-01 -3.64562E-06 -2.17052E-01
6.29998E+00 -4.85001E-01 -3.54802E-06 -2.12029E-01
6.39998E+00 -4.80001E-01 -3.39421E-06 -2.07046E-01
6.49998E+00 -4.75001E-01 -3.24805E-06 -2.02053E-01
6.59998E+00 -4.70001E-01 -3.08406E-06 -1.97058E-01
6.69998E+00 -4.65001E-01 -2.94062E-06 -1.92031E-01
6.79998E+00 -4.60001E-01 -2.80832E-06 -1.87044E-01
6.89998E+00 -4.55001E-01 -2.65917E-06 -1.82033E-01
6.99998E+00 -4.50001E-01 -2.52070E-06 -1.77046E-01
7.09998E+00 -4.45001E-01 -2.37408E-06 -1.72030E-01
7.19998E+00 -4.40001E-01 -2.18460E-06 -1.67021E-01
7.29998E+00 -4.35001E-01 -2.00415E-06 -1.62017E-01
7.39998E+00 -4.30001E-01 -1.81918E-06 -1.57016E-01
7.49998E+00 -4.25001E-01 -1.65120E-06 -1.52005E-01
7.59998E+00 -4.20001E-01 -1.48737E-06 -1.47006E-01
7.69998E+00 -4.15001E-01 -1.34772E-06 -1.41999E-01
7.79998E+00 -4.10001E-01 -1.24220E-06 -1.37008E-01
7.89998E+00 -4.05001E-01 -1.15271E-06 -1.32001E-01
7.99998E+00 -4.00001E-01 -1.05910E-06 -1.27020E-01
8.09998E+00 -3.95001E-01 -9.69983E-07 -1.22011E-01
8.19998E+00 -3.90001E-01 -8.71589E-07 -1.17034E-01
8.29998E+00 -3.85001E-01 -7.77140E-07 -1.12001E-01
8.39998E+00 -3.80001E-01 -6.86492E-07 -1.06988E-01
8.49998E+00 -3.75001E-01 -5.95011E-07 -1.02014E-01
8.59998E+00 -3.70001E-01 -5.07861E-07 -9.70079E-02
8.69998E+00 -3.65001E-01 -3.88442E-07 -9.19839E-02
8.79998E+00 -3.60001E-01 -2.55396E-07 -8.69680E-02
8.89998E+00 -3.55001E-01 -1.85120E-07 -8.20045E-02
8.99998E+00 -3.50001E-01 -8.42300E-08 -7.70073E-02
9.09998E+00 -3.45001E-01 1.47664E-08  -7.19845E-02
9.19998E+00 -3.40001E-01 1.42068E-07  -6.69980E-02
9.29998E+00 -3.35001E-01 2.70327E-07  -6.19915E-02
9.39998E+00 -3.30001E-01 3.74597E-07  -5.69974E-02
9.49998E+00 -3.25001E-01 4.88296E-07  -5.19584E-02
9.59998E+00 -3.20001E-01 5.37292E-07  -4.69705E-02
9.69998E+00 -3.15001E-01 6.11480E-07  -4.19622E-02
9.79998E+00 -3.10001E-01 6.86376E-07  -3.69638E-02
9.89998E+00 -3.05001E-01 7.64152E-07  -3.19634E-02
9.99997E+00 -3.00001E-01 8.40949E-07  -2.69544E-02
1.01000E+01 -2.95001E-01 9.24019E-07  -2.19816E-02
1.02000E+01 -2.90001E-01 1.00363E-06  -1.69938E-02
1.03000E+01 -2.85001E-01 1.09494E-06  -1.19579E-02
1.04000E+01 -2.80001E-01 1.18681E-06  -6.96945E-03
1.05000E+01 -2.75001E-01 1.28641E-06  -1.94357E-03
1.06000E+01 -2.70001E-01 1.40986E-06  3.05549E-03 
1.07000E+01 -2.65001E-01 1.52103E-06  8.03954E-03 
1.08000E+01 -2.60001E-01 1.60104E-06  1.30686E-02 
1.09000E+01 -2.55001E-01 1.65166E-06  1.80601E-02 
1.10000E+01 -2.50001E-01 1.73830E-06  2.30679E-02 
1.11000E+01 -2.45001E-01 1.83852E-06  2.80538E-02 
1.12000E+01 -2.40001E-01 1.94385E-06  3.30704E-02 
1.13000E+01 -2.35001E-01 2.07173E-06  3.80850E-02 
1.14000E+01 -2.30001E-01 2.18615E-06  4.30622E-02 
1.15000E+01 -2.25001E-01 2.28893E-06  4.80763E-02 
1.16000E+01 -2.20001E-01 2.35946E-06  5.30840E-02 
1.17000E+01 -2.15001E-01 2.43225E-06  5.80968E-02 
1.18000E+01 -2.10001E-01 2.50293E-06  6.31015E-02 
1.19000E+01 -2.05001E-01 2.61565E-06  6.80649E-02 
1.20000E+01 -2.00002E-01 2.69437E-06  7.30846E-02 
1.21000E+01 -1.95002E-01 2.76292E-06  7.80855E-02 
1.22000E+01 -1.90002E-01 2.86185E-06  8.30958E-02 
1.23000E+01 -1.85002E-01 2.99168E-06  8.81023E-02 
1.24000E+01 -1.80002E-01 3.12910E-06  9.31057E-02 
1.25000E+01 -1.75002E-01 3.23008E-06  9.81042E-02 
1.26000E+01 -1.70002E-01 3.31612E-06  1.03098E-01 
1.27000E+01 -1.65002E-01 3.40807E-06  1.08103E-01 
1.28000E+01 -1.60002E-01 3.45882E-06  1.13114E-01 
1.29000E+01 -1.55002E-01 3.60070E-06  1.18114E-01 
1.30000E+01 -1.50002E-01 3.76986E-06  1.23136E-01 
1.31000E+01 -1.45002E-01 3.88747E-06  1.28125E-01 
1.32000E+01 -1.40002E-01 3.98583E-06  1.33112E-01 
1.33000E+01 -1.35002E-01 4.09408E-06  1.38118E-01 
1.34000E+01 -1.30002E-01 4.18255E-06  1.43134E-01 
1.35000E+01 -1.25002E-01 4.26000E-06  1.48133E-01 
1.36000E+01 -1.20002E-01 4.33810E-06  1.53139E-01 
1.37000E+01 -1.15002E-01 4.44406E-06  1.58151E-01 
1.38000E+01 -1.10002E-01 4.56376E-06  1.63134E-01 
1.39000E+01 -1.05002E-01 4.69475E-06  1.68106E-01 
1.40000E+01 -1.00002E-01 4.81902E-06  1.73140E-01 
1.41000E+01 -9.50018E-02 4.94586E-06  1.78161E-01 
1.42000E+01 -9.00018E-02 5.07463E-06  1.83155E-01 
1.43000E+01 -8.50018E-02 5.21369E-06  1.88146E-01 
1.44000E+01 -8.00018E-02 5.37350E-06  1.93147E-01 
1.45000E+01 -7.50018E-02 5.52670E-06  1.98172E-01 
1.46000E+01 -7.00018E-02 5.66523E-06  2.03149E-01 
1.47000E+01 -6.50018E-02 5.79609E-06  2.08144E-01 
1.48000E+01 -6.00019E-02 5.94275E-06  2.13135E-01 
1.49000E+01 -5.50019E-02 6.07974E-06  2.18153E-01 
1.50000E+01 -5.00019E-02 6.21947E-06  2.23164E-01 
1.51000E+01 -4.50019E-02 6.36667E-06  2.28191E-01 
1.52000E+01 -4.00019E-02 6.52409E-06  2.33178E-01 
1.53000E+01 -3.50019E-02 6.70052E-06  2.38186E-01 
1.54000E+01 -3.00019E-02 6.88706E-06  2.43179E-01 
1.55000E+01 -2.50019E-02 7.05568E-06  2.48180E-01 
1.56000E+01 -2.00020E-02 7.20265E-06  2.53184E-01 
1.57000E+01 -1.50020E-02 7.38369E-06  2.58190E-01 
1.58000E+01 -1.00020E-02 7.54869E-06  2.63211E-01 
1.59000E+01 -5.00199E-03 7.67553E-06  2.68192E-01 
1.60000E+01 -2.00000E-06 7.81528E-06  2.73183E-01 
1.61000E+01 4.99799E-03  7.98725E-06  2.78189E-01 
1.62000E+01 9.99797E-03  8.11359E-06  2.83194E-01 
1.63000E+01 1.49980E-02  8.19032E-06  2.88197E-01 
1.64000E+01 1.99979E-02  8.57713E-06  2.93174E-01 
1.65000E+01 2.49979E-02  9.01521E-06  2.98188E-01 
1.66000E+01 2.99979E-02  9.35286E-06  3.03194E-01 
1.67000E+01 3.49979E-02  9.32126E-06  3.08221E-01 
1.68000E+01 3.99979E-02  9.57927E-06  3.13194E-01 
1.69000E+01 4.49979E-02  9.62324E-06  3.18220E-01 
1.70000E+01 4.99979E-02  9.69280E-06  3.23195E-01 
1.71000E+01 5.49979E-02  9.69261E-06  3.28213E-01 
1.72000E+01 5.99978E-02  9.70300E-06  3.33227E-01 
1.73000E+01 6.49978E-02  1.00327E-05  3.38225E-01 
1.74000E+01 6.99978E-02  1.02356E-05  3.43241E-01 
1.75000E+01 7.49978E-02  1.03930E-05  3.48235E-01 
1.76000E+01 7.99978E-02  1.07069E-05  3.53247E-01 
1.77000E+01 8.49978E-02  1.07651E-05  3.58241E-01 
1.78000E+01 8.99978E-02  1.12477E-05  3.63235E-01 
1.79000E+01 9.49978E-02  1.17679E-05  3.68234E-01 
1.80000E+01 9.99977E-02  1.22393E-05  3.73268E-01 
1.81000E+01 1.04998E-01  1.27395E-05  3.78256E-01 
1.82000E+01 1.09998E-01  1.30834E-05  3.83244E-01 
1.83000E+01 1.14998E-01  1.32639E-05  3.88254E-01 
1.84000E+01 1.19998E-01  1.33015E-05  3.93271E-01 
1.85000E+01 1.24998E-01  1.35238E-05  3.98272E-01 
1.86000E+01 1.29998E-01  1.39182E-05  4.03255E-01 
1.87000E+01 1.34998E-01  1.39388E-05  4.08261E-01 
1.88000E+01 1.39998E-01  1.47007E-05  4.13283E-01 
1.89000E+01 1.44998E-01  1.55592E-05  4.18289E-01 
1.90000E+01 1.49998E-01  1.61111E-05  4.23301E-01 
1.91000E+01 1.54998E-01  1.64337E-05  4.28280E-01 
1.92000E+01 1.59998E-01  1.68307E-05  4.33283E-01 
1.93000E+01 1.64998E-01  1.71485E-05  4.38288E-01 
1.94000E+01 1.69998E-01  1.74084E-05  4.43278E-01 
1.95000E+01 1.74998E-01  1.77018E-05  4.48260E-01 
1.96000E+01 1.79998E-01  1.81121E-05  4.53276E-01 
1.97000E+01 1.84998E-01  1.85263E-05  4.58300E-01 
1.98000E+01 1.89998E-01  1.89151E-05  4.63292E-01 
1.99000E+01 1.94998E-01  1.93356E-05  4.68317E-01 
1.99999E+01 1.99997E-01  1.97334E-05  4.73307E-01 
2.00999E+01 2.04997E-01  2.00568E-05  4.78322E-01 
2.01999E+01 2.09997E-01  2.02799E-05  4.83311E-01 
2.02999E+01 2.14997E-01  2.05996E-05  4.88329E-01 
2.03999E+01 2.19997E-01  2.08625E-05  4.93338E-01 
2.04999E+01 2.24997E-01  2.12211E-05  4.98336E-01 
2.05999E+01 2.29997E-01  2.15131E-05  5.03324E-01 
2.06999E+01 2.34997E-01  2.19506E-05  5.08348E-01 
2.07999E+01 2.39997E-01  2.22405E-05  5.13352E-01 
2.08999E+01 2.44997E-01  2.29941E-05  5.18329E-01 
2.09999E+01 2.49997E-01  2.35187E-05  5.23355E-01 
2.10999E+01 2.54997E-01  2.40052E-05  5.28338E-01 
2.11999E+01 2.59997E-01  2.44364E-05  5.33360E-01 
2.12999E+01 2.64997E-01  2.47409E-05  5.38344E-01 
2.13999E+01 2.69997E-01  2.50412E-05  5.43347E-01 
2.14999E+01 2.74997E-01  2.53387E-05  5.48347E-01 
2.15999E+01 2.79997E-01  2.57206E-05  5.53371E-01 
2.16999E+01 2.84997E-01  2.61836E-05  5.58339E-01 
2.17999E+01 2.89997E-01  2.66267E-05  5.63336E-01 
2.18999E+01 2.94997E-01  2.70561E-05  5.68355E-01 
2.19999E+01 2.99997E-01  2.74399E-05  5.73376E-01 
2.20999E+01 3.04997E-01  2.78083E-05  5.78380E-01 
2.21999E+01 3.09997E-01  2.81638E-05  5.83351E-01 
2.22999E+01 3.14997E-01  2.85528E-05  5.88352E-01 
2.23999E+01 3.19997E-01  2.89541E-05  5.93372E-01 
2.24999E+01 3.24997E-01  2.93221E-05  5.98365E-01 
2.25999E+01 3.29997E-01  2.96469E-05  6.03360E-01 
2.26999E+01 3.34997E-01  2.99430E-05  6.08387E-01 
2.27999E+01 3.39997E-01  3.02160E-05  6.13381E-01 
2.28999E+01 3.44997E-01  3.05303E-05  6.18387E-01 
2.29999E+01 3.49997E-01  3.08427E-05  6.23376E-01 
2.30999E+01 3.54997E-01  3.11742E-05  6.28392E-01 
2.31999E+01 3.59997E-01  3.15241E-05  6.33402E-01 
2.32999E+01 3.64997E-01  3.18889E-05  6.38421E-01 
2.33999E+01 3.69997E-01  3.22675E-05  6.43404E-01 
2.34999E+01 3.74997E-01  3.26128E-05  6.48416E-01 
2.35999E+01 3.79997E-01  3.28984E-05  6.53434E-01 
2.36999E+01 3.84997E-01  3.31087E-05  6.58429E-01 
2.37999E+01 3.89997E-01  3.33258E-05  6.63434E-01 
2.38999E+01 3.94997E-01  3.35522E-05  6.68416E-01 
2.39999E+01 3.99997E-01  3.38110E-05  6.73416E-01 
2.40999E+01 4.04997E-01  3.42217E-05  6.78414E-01 
2.41999E+01 4.09997E-01  3.47136E-05  6.83432E-01 
2.42999E+01 4.14997E-01  3.51880E-05  6.88422E-01 
2.43999E+01 4.19997E-01  3.53922E-05  6.93402E-01 
2.44999E+01 4.24997E-01  3.55782E-05  6.98448E-01 
2.45999E+01 4.29997E-01  3.59315E-05  7.03424E-01 
2.46999E+01 4.34997E-01  3.64760E-05  7.08428E-01 
2.47999E+01 4.39997E-01  3.70833E-05  7.13423E-01 
2.48999E+01 4.44997E-01  3.77329E-05  7.18421E-01 
2.49999E+01 4.49997E-01  3.79795E-05  7.23423E-01 
2.50999E+01 4.54997E-01  3.80173E-05  7.28444E-01 
2.51999E+01 4.59997E-01  3.82126E-05  7.33442E-01 
2.52999E+01 4.64997E-01  3.83751E-05  7.38440E-01 
2.53999E+01 4.69997E-01  3.85486E-05  7.43456E-01 
2.54999E+01 4.74997E-01  3.86627E-05  7.48454E-01 
2.55999E+01 4.79997E-01  3.87370E-05  7.53439E-01 
2.56999E+01 4.84997E-01  3.88479E-05  7.58440E-01 
2.57999E+01 4.89997E-01  3.90062E-05  7.63471E-01 
2.58999E+01 4.94997E-01  3.91936E-05  7.68451E-01 
2.59999E+01 4.99997E-01  3.93972E-05  7.73460E-01 
2.60999E+01 5.04997E-01  3.96134E-05  7.78483E-01 
2.61999E+01 5.09997E-01  3.98478E-05  7.83480E-01 
2.62999E+01 5.14997E-01  4.01271E-05  7.88493E-01 
2.63999E+01 5.19997E-01  4.03561E-05  7.93496E-01 
2.64999E+01 5.24997E-01  4.05246E-05  7.98503E-01 
2.65999E+01 5.29997E-01  4.06705E-05  8.03507E-01 
2.66999E+01 5.34997E-01  4.08548E-05  8.08501E-01 
2.67999E+01 5.39997E-01  4.11014E-05  8.13509E-01 
2.68999E+01 5.44997E-01  4.13329E-05  8.18516E-01 
2.69999E+01 5.49997E-01  4.15357E-05  8.23497E-01 
2.70999E+01 5.54997E-01  4.17077E-05  8.28514E-01 
2.71999E+01 5.59997E-01  4.18477E-05  8.33529E-01 
2.72999E+01 5.64997E-01  4.19933E-05  8.38544E-01 
2.73999E+01 5.69997E-01  4.21810E-05  8.43514E-01 
2.74999E+01 5.74997E-01  4.23763E-05  8.48524E-01 
2.75999E+01 5.79997E-01  4.25370E-05  8.53533E-01 
2.76999E+01 5.84997E-01  4.26900E-05  8.58537E-01 
2.77999E+01 5.89997E-01  4.28833E-05  8.63536E-01 
2.78999E+01 5.94997E-01  4.30679E-05  8.68539E-01 
2.79999E+01 5.99996E-01  4.32246E-05  8.73532E-01 
2.80999E+01 6.04996E-01  4.33272E-05  8.78538E-01 
2.81999E+01 6.09996E-01  4.34179E-05  8.83536E-01 
2.82999E+01 6.14996E-01  4.35746E-05  8.88526E-01 
2.83999E+01 6.19996E-01  4.38185E-05  8.93546E-01 
2.84999E+01 6.24996E-01  4.41024E-05  8.98562E-01 
2.85999E+01 6.29996E-01  4.43320E-05  9.03540E-01 
2.86999E+01 6.34996E-01  4.45297E-05  9.08544E-01 
2.87999E+01 6.39996E-01  4.47711E-05  9.13534E-01 
2.88999E+01 6.44996E-01  4.50475E-05  9.18550E-01 
2.89999E+01 6.49996E-01  4.53291E-05  9.23564E-01 
2.90999E+01 6.54996E-01  4.56469E-05  9.28559E-01 
2.91999E+01 6.59996E-01  4.59600E-05  9.33560E-01 
2.92999E+01 6.64996E-01  4.62987E-05  9.38565E-01 
2.93999E+01 6.69996E-01  4.66701E-05  9.43584E-01 
2.94999E+01 6.74996E-01  4.70442E-05  9.48575E-01 
2.95999E+01 6.79996E-01  4.74289E-05  9.53555E-01 
2.96999E+01 6.84996E-01  4.78609E-05  9.58580E-01 
2.97999E+01 6.89996E-01  4.83182E-05  9.63587E-01 
2.98999E+01 6.94996E-01  4.87703E-05  9.68583E-01 
2.99999E+01 6.99996E-01  4.91785E-05  9.73595E-01 
3.00999E+01 7.04996E-01  4.95487E-05  9.78587E-01 
3.01999E+01 7.09996E-01  4.98869E-05  9.83605E-01 
3.02999E+01 7.14996E-01  5.02028E-05  9.88601E-01 
3.03999E+01 7.19996E-01  5.04884E-05  9.93607E-01 
3.04999E+01 7.24996E-01  5.07124E-05  9.98591E-01 
3.05999E+01 7.29996E-01  5.09071E-05  1.00358E+00 
3.06999E+01 7.34996E-01  5.10916E-05  1.00859E+00 
3.07999E+01 7.39996E-01  5.12601E-05  1.01361E+00 
3.08999E+01 7.44996E-01  5.14350E-05  1.01861E+00 
3.09999E+01 7.49996E-01  5.15643E-05  1.02360E+00 
3.10999E+01 7.54996E-01  5.16322E-05  1.02860E+00 
3.11999E+01 7.59996E-01  5.17100E-05  1.03363E+00 
3.12999E+01 7.64996E-01  5.18343E-05  1.03861E+00 
3.13999E+01 7.69996E-01  5.20375E-05  1.04360E+00 
3.14999E+01 7.74996E-01  5.22520E-05  1.04861E+00 
3.15999E+01 7.79996E-01  5.24171E-05  1.05364E+00 
3.16999E+01 7.84996E-01  5.27174E-05  1.05861E+00 
3.17999E+01 7.89996E-01  5.31323E-05  1.06361E+00 
3.18999E+01 7.94996E-01  5.32307E-05  1.06863E+00 
3.19999E+01 7.99996E-01  5.34243E-05  1.07364E+00 
3.20999E+01 8.04996E-01  5.36300E-05  1.07861E+00 
3.21999E+01 8.09996E-01  5.38094E-05  1.08362E+00 
3.22999E+01 8.14996E-01  5.42045E-05  1.08864E+00 
3.23999E+01 8.19996E-01  5.45563E-05  1.09367E+00 
3.24999E+01 8.24996E-01  5.50514E-05  1.09865E+00 
3.25999E+01 8.29996E-01  5.50142E-05  1.10366E+00 
3.26999E+01 8.34996E-01  5.49740E-05  1.10866E+00 
3.27999E+01 8.39996E-01  5.47139E-05  1.11367E+00 
3.28999E+01 8.44996E-01  5.45711E-05  1.11867E+00 
3.29999E+01 8.49996E-01  5.46292E-05  1.12369E+00 
3.30999E+01 8.54996E-01  5.52427E-05  1.12870E+00 
3.31999E+01 8.59996E-01  5.55075E-05  1.13370E+00 
3.32999E+01 8.64996E-01  5.60932E-05  1.13870E+00 
3.33999E+01 8.69996E-01  5.70365E-05  1.14370E+00 
3.34999E+01 8.74996E-01  5.80167E-05  1.14871E+00 
3.35999E+01 8.79996E-01  5.84111E-05  1.15371E+00 
3.36999E+01 8.84996E-01  5.90867E-05  1.15871E+00 
3.37999E+01 8.89996E-01  5.94454E-05  1.16370E+00 
3.38999E+01 8.94996E-01  6.01158E-05  1.16872E+00 
3.39999E+01 8.99996E-01  6.09541E-05  1.17370E+00 
3.40999E+01 9.04996E-01  6.20863E-05  1.17870E+00 
3.41999E+01 9.09996E-01  6.30997E-05  1.18370E+00 
3.42999E+01 9.14996E-01  6.33026E-05  1.18872E+00 
3.43999E+01 9.19996E-01  6.30471E-05  1.19371E+00 
3.44999E+01 9.24996E-01  6.28364E-05  1.19870E+00 
3.45999E+01 9.29996E-01  6.36870E-05  1.20371E+00 
3.46999E+01 9.34996E-01  6.52435E-05  1.20873E+00 
3.47999E+01 9.39996E-01  6.52825E-05  1.21372E+00 
3.48999E+01 9.44996E-01  6.42218E-05  1.21874E+00 
3.49999E+01 9.49996E-01  6.27637E-05  1.22372E+00 
3.50999E+01 9.54996E-01  6.22954E-05  1.22873E+00 
3.51999E+01 9.59996E-01  6.26200E-05  1.23374E+00 
3.52999E+01 9.64996E-01  6.28641E-05  1.23873E+00 
3.53999E+01 9.69996E-01  6.32579E-05  1.24373E+00 
3.54999E+01 9.74996E-01  6.39068E-05  1.24874E+00 
3.55999E+01 9.79996E-01  6.45061E-05  1.25374E+00 
3.56999E+01 9.84996E-01  6.50072E-05  1.25874E+00 
3.57999E+01 9.89996E-01  6.56559E-05  1.26375E+00 
3.58999E+01 9.94996E-01  6.65735E-05  1.26876E+00 
3.59999E+01 9.99995E-01  6.73301E-05  1.27378E+00 
3.60999E+01 1.00500E+00  6.80784E-05  1.27878E+00 
3.61999E+01 1.01000E+00  6.87935E-05  1.28374E+00 
3.62999E+01 1.01500E+00  6.96827E-05  1.28876E+00 
3.63999E+01 1.02000E+00  7.08765E-05  1.29377E+00 
3.64999E+01 1.02500E+00  7.20324E-05  1.29878E+00 
3.65999E+01 1.03000E+00  7.33459E-05  1.30376E+00 
3.66999E+01 1.03500E+00  7.48130E-05  1.30877E+00 
3.67999E+01 1.04000E+00  7.59653E-05  1.31376E+00 
3.68999E+01 1.04500E+00  7.68949E-05  1.31878E+00 
3.69999E+01 1.05000E+00  7.72503E-05  1.32378E+00 
3.70999E+01 1.05500E+00  7.63028E-05  1.32876E+00 
3.71999E+01 1.06000E+00  7.55366E-05  1.33377E+00 
3.72999E+01 1.06500E+00  7.61134E-05  1.33878E+00 
3.73999E+01 1.07000E+00  7.71113E-05  1.34378E+00 
3.74999E+01 1.07500E+00  7.66999E-05  1.34877E+00 
3.75999E+01 1.08000E+00  7.50340E-05  1.35379E+00 
3.76999E+01 1.08500E+00  7.61645E-05  1.35879E+00 
3.77999E+01 1.09000E+00  7.75237E-05  1.36379E+00 
3.78999E+01 1.09500E+00  8.00213E-05  1.36877E+00 
3.79999E+01 1.10000E+00  8.27997E-05  1.37378E+00 
3.80999E+01 1.10500E+00  8.51177E-05  1.37879E+00 
3.81999E+01 1.11000E+00  8.77925E-05  1.38380E+00 
3.82999E+01 1.11500E+00  8.99343E-05  1.38878E+00 
3.83999E+01 1.12000E+00  9.15921E-05  1.39379E+00 
3.84999E+01 1.12500E+00  9.26881E-05  1.39882E+00 
3.85999E+01 1.13000E+00  9.32253E-05  1.40382E+00 
3.86999E+01 1.13500E+00  9.27117E-05  1.40879E+00 
3.87999E+01 1.14000E+00  9.28506E-05  1.41383E+00 
3.88999E+01 1.14500E+00  9.43148E-05  1.41884E+00 
3.89999E+01 1.15000E+00  9.59709E-05  1.42386E+00 
3.90999E+01 1.15500E+00  9.72025E-05  1.42886E+00 
3.91999E+01 1.16000E+00  9.83880E-05  1.43386E+00 
3.92999E+01 1.16500E+00  9.95159E-05  1.43887E+00 
3.93999E+01 1.17000E+00  1.00236E-04  1.44386E+00 
3.94999E+01 1.17500E+00  1.00886E-04  1.44887E+00 
3.95999E+01 1.18000E+00  1.02174E-04  1.45390E+00 
3.96999E+01 1.18500E+00  1.04071E-04  1.45890E+00 
3.97999E+01 1.19000E+00  1.06092E-04  1.46388E+00 
3.98999E+01 1.19500E+00  1.07886E-04  1.46888E+00 
3.99999E+01 1.19999E+00  1.09799E-04  1.47389E+00 
4.00999E+01 1.20499E+00  1.11882E-04  1.47889E+00 
4.01999E+01 1.20999E+00  1.14144E-04  1.48387E+00 
4.02999E+01 1.21499E+00  1.16571E-04  1.48890E+00 
4.03999E+01 1.21999E+00  1.19182E-04  1.49390E+00 
4.04999E+01 1.22499E+00  1.21847E-04  1.49890E+00 
4.05999E+01 1.22999E+00  1.25110E-04  1.50390E+00 
4.06999E+01 1.23499E+00  1.27658E-04  1.50889E+00 
4.07999E+01 1.23999E+00  1.30128E-04  1.51391E+00 
4.08999E+01 1.24499E+00  1.32122E-04  1.51891E+00 
4.09999E+01 1.24999E+00  1.34227E-04  1.52389E+00 
4.10999E+01 1.25499E+00  1.37578E-04  1.52891E+00 
4.11999E+01 1.25999E+00  1.40689E-04  1.53391E+00 
4.12999E+01 1.26499E+00  1.43440E-04  1.53891E+00 
4.13999E+01 1.26999E+00  1.46263E-04  1.54391E+00 
4.14999E+01 1.27499E+00  1.48917E-04  1.54893E+00 
4.15999E+01 1.27999E+00  1.51928E-04  1.55392E+00 
4.16999E+01 1.28499E+00  1.54906E-04  1.55891E+00 
4.17999E+01 1.28999E+00  1.57654E-04  1.56389E+00 
4.18999E+01 1.29499E+00  1.60359E-04  1.56893E+00 
4.19999E+01 1.29999E+00  1.63330E-04  1.57395E+00 
4.20999E+01 1.30499E+00  1.66250E-04  1.57896E+00 
4.21999E+01 1.30999E+00  1.69017E-04  1.58395E+00 
4.22999E+01 1.31499E+00  1.71858E-04  1.58893E+00 
4.23999E+01 1.31999E+00  1.75009E-04  1.59393E+00 
4.24999E+01 1.32499E+00  1.78128E-04  1.59893E+00 
4.25999E+01 1.32999E+00  1.81320E-04  1.60394E+00 
4.26999E+01 1.33499E+00  1.84583E-04  1.60895E+00 
4.27999E+01 1.33999E+00  1.88002E-04  1.61394E+00 
4.28999E+01 1.34499E+00  1.91295E-04  1.61893E+00 
4.29999E+01 1.34999E+00  1.94701E-04  1.62395E+00 
4.30999E+01 1.35499E+00  1.98150E-04  1.62897E+00 
4.31999E+01 1.35999E+00  2.01720E-04  1.63395E+00 
4.32999E+01 1.36499E+00  2.05371E-04  1.63894E+00 
4.33999E+01 1.36999E+00  2.09136E-04  1.64394E+00 
4.34999E+01 1.37499E+00  2.13020E-04  1.64895E+00 
4.35999E+01 1.37999E+00  2.17414E-04  1.65397E+00 
4.36999E+01 1.38499E+00  2.21401E-04  1.65897E+00 
4.37999E+01 1.38999E+00  2.25450E-04  1.66398E+00 
4.38999E+01 1.39499E+00  2.29635E-04  1.66899E+00 
4.39999E+01 1.39999E+00  2.33804E-04  1.67397E+00 
4.40999E+01 1.40499E+00  2.38169E-04  1.67897E+00 
4.41999E+01 1.40999E+00  2.42799E-04  1.68398E+00 
4.42999E+01 1.41499E+00  2.47314E-04  1.68901E+00 
4.43999E+01 1.41999E+00  2.51576E-04  1.69402E+00 
4.44999E+01 1.42499E+00  2.55996E-04  1.69900E+00 
4.45999E+01 1.42999E+00  2.60457E-04  1.70401E+00 
4.46999E+01 1.43499E+00  2.64625E-04  1.70903E+00 
4.47999E+01 1.43999E+00  2.68319E-04  1.71404E+00 
4.48999E+01 1.44499E+00  2.71756E-04  1.71903E+00 
4.49999E+01 1.44999E+00  2.75421E-04  1.72401E+00 
4.50999E+01 1.45499E+00  2.79280E-04  1.72903E+00 
4.51999E+01 1.45999E+00  2.83249E-04  1.73402E+00 
4.52999E+01 1.46499E+00  2.87157E-04  1.73903E+00 
4.53999E+01 1.46999E+00  2.91508E-04  1.74403E+00 
4.54999E+01 1.47499E+00  2.95714E-04  1.74902E+00 
4.55999E+01 1.47999E+00  3.00230E-04  1.75403E+00 
4.56999E+01 1.48499E+00  3.05800E-04  1.75904E+00 
4.57999E+01 1.48999E+00  3.10700E-04  1.76406E+00 
4.58999E+01 1.49499E+00  3.14746E-04  1.76907E+00 
4.59999E+01 1.49999E+00  3.16368E-04  1.77406E+00 
4.60999E+01 1.50499E+00  3.18249E-04  1.77906E+00 
4.61999E+01 1.50999E+00  3.21432E-04  1.78405E+00 
4.62999E+01 1.51499E+00  3.24920E-04  1.78905E+00 
4.63999E+01 1.51999E+00  3.31281E-04  1.79406E+00 
4.64999E+01 1.52499E+00  3.37368E-04  1.79904E+00 
4.65999E+01 1.52999E+00  3.41951E-04  1.80410E+00 
4.66999E+01 1.53499E+00  3.46278E-04  1.80909E+00 
4.67999E+01 1.53999E+00  3.50661E-04  1.81407E+00 
4.68999E+01 1.54499E+00  3.54505E-04  1.81907E+00 
4.69999E+01 1.54999E+00  3.57337E-04  1.82408E+00 
4.70999E+01 1.55499E+00  3.59631E-04  1.82909E+00 
4.71999E+01 1.55999E+00  3.61669E-04  1.83410E+00 
4.72999E+01 1.56499E+00  3.64630E-04  1.83908E+00 
4.73999E+01 1.56999E+00  3.68110E-04  1.84409E+00 
4.74999E+01 1.57499E+00  3.71688E-04  1.84910E+00 
4.75999E+01 1.57999E+00  3.75128E-04  1.85409E+00 
4.76999E+01 1.58499E+00  3.78514E-04  1.85910E+00 
4.77999E+01 1.58999E+00  3.82532E-04  1.86411E+00 
4.78999E+01 1.59499E+00  3.86755E-04  1.86912E+00 
4.79999E+01 1.59999E+00  3.90248E-04  1.87411E+00 
4.80999E+01 1.60499E+00  3.93647E-04  1.87910E+00 
4.81999E+01 1.60999E+00  3.96655E-04  1.88412E+00 
4.82999E+01 1.61499E+00  3.99735E-04  1.88910E+00 
4.83999E+01 1.61999E+00  4.02637E-04  1.89411E+00 
4.84999E+01 1.62499E+00  4.04920E-04  1.89910E+00 
4.85999E+01 1.62999E+00  4.06480E-04  1.90411E+00 
4.86999E+01 1.63499E+00  4.07036E-04  1.90916E+00 
4.87999E+01 1.63999E+00  4.09952E-04  1.91413E+00 
4.88999E+01 1.64499E+00  4.13649E-04  1.91914E+00 
4.89999E+01 1.64999E+00  4.17038E-04  1.92414E+00 
4.90999E+01 1.65499E+00  4.20278E-04  1.92915E+00 
4.91999E+01 1.65999E+00  4.23360E-04  1.93418E+00 
4.92999E+01 1.66499E+00  4.25790E-04  1.93917E+00 
4.93999E+01 1.66999E+00  4.28496E-04  1.94413E+00 
4.94999E+01 1.67499E+00  4.31346E-04  1.94915E+00 
4.95999E+01 1.67999E+00  4.34038E-04  1.95417E+00 
4.96999E+01 1.68499E+00  4.36521E-04  1.95916E+00 
4.97999E+01 1.68999E+00  4.39263E-04  1.96417E+00 
4.98999E+01 1.69499E+00  4.41972E-04  1.96918E+00 
4.99999E+01 1.69999E+00  4.44466E-04  1.97421E+00 
5.00999E+01 1.70499E+00  4.47532E-04  1.97919E+00 
5.01999E+01 1.70999E+00  4.50271E-04  1.98419E+00 
5.02999E+01 1.71499E+00  4.51104E-04  1.98917E+00 
5.03999E+01 1.71999E+00  4.49677E-04  1.99421E+00 
5.04999E+01 1.72499E+00  4.47830E-04  1.99920E+00 
5.05999E+01 1.72999E+00  4.47326E-04  2.00420E+00 
5.06999E+01 1.73499E+00  4.49234E-04  2.00920E+00 
5.07999E+01 1.73999E+00  4.53701E-04  2.01420E+00 
5.08999E+01 1.74499E+00  4.57404E-04  2.01922E+00 
5.09999E+01 1.74999E+00  4.59501E-04  2.02418E+00 
5.10999E+01 1.75499E+00  4.61788E-04  2.02920E+00 
5.11999E+01 1.75999E+00  4.66397E-04  2.03420E+00 
5.12999E+01 1.76499E+00  4.70485E-04  2.03918E+00 
5.13999E+01 1.76999E+00  4.74869E-04  2.04418E+00 
5.14999E+01 1.77499E+00  4.79496E-04  2.04920E+00 
5.15999E+01 1.77999E+00  4.84472E-04  2.05422E+00 
5.16999E+01 1.78499E+00  4.89477E-04  2.05919E+00 
5.17999E+01 1.78999E+00  4.92847E-04  2.06422E+00 
5.18999E+01 1.79499E+00  4.95734E-04  2.06921E+00 
5.19999E+01 1.79999E+00  4.98102E-04  2.07422E+00 
5.20999E+01 1.79499E+00  4.89571E-04  2.06923E+00 
5.21999E+01 1.78999E+00  4.81058E-04  2.06421E+00 
5.22999E+01 1.78499E+00  4.73382E-04  2.05921E+00 
5.23999E+01 1.77999E+00  4.65752E-04  2.05420E+00 
5.24999E+01 1.77499E+00  4.58677E-04  2.04918E+00 
5.25999E+01 1.76999E+00  4.51851E-04  2.04420E+00 
5.26999E+01 1.76499E+00  4.45328E-04  2.03919E+00 
5.27999E+01 1.75999E+00  4.39336E-04  2.03421E+00 
5.28999E+01 1.75499E+00  4.33527E-04  2.02919E+00 
5.29999E+01 1.74999E+00  4.27873E-04  2.02417E+00 
5.30999E+01 1.74499E+00  4.22050E-04  2.01916E+00 
5.31999E+01 1.73999E+00  4.15676E-04  2.01420E+00 
5.32999E+01 1.73499E+00  4.08817E-04  2.00919E+00 
5.33999E+01 1.72999E+00  4.02816E-04  2.00416E+00 
5.34999E+01 1.72499E+00  3.97285E-04  1.99918E+00 
5.35999E+01 1.71999E+00  3.91468E-04  1.99420E+00 
5.36999E+01 1.71499E+00  3.85899E-04  1.98919E+00 
5.37999E+01 1.70999E+00  3.80946E-04  1.98417E+00 
5.38999E+01 1.70499E+00  3.76565E-04  1.97918E+00 
5.39999E+01 1.69999E+00  3.71990E-04  1.97417E+00 
5.40999E+01 1.69499E+00  3.66864E-04  1.96916E+00 
5.41999E+01 1.68999E+00  3.61182E-04  1.96416E+00 
5.42999E+01 1.68499E+00  3.55371E-04  1.95916E+00 
5.43999E+01 1.67999E+00  3.49569E-04  1.95417E+00 
5.44999E+01 1.67499E+00  3.44099E-04  1.94915E+00 
5.45999E+01 1.66999E+00  3.38733E-04  1.94414E+00 
5.46999E+01 1.66499E+00  3.33381E-04  1.93914E+00 
5.47999E+01 1.65999E+00  3.27984E-04  1.93416E+00 
5.48999E+01 1.65499E+00  3.22781E-04  1.92917E+00 
5.49999E+01 1.64999E+00  3.17561E-04  1.92415E+00 
5.50999E+01 1.64499E+00  3.12542E-04  1.91914E+00 
5.51999E+01 1.63999E+00  3.07546E-04  1.91414E+00 
5.52999E+01 1.63499E+00  3.02708E-04  1.90914E+00 
5.53999E+01 1.62999E+00  2.97878E-04  1.90412E+00 
5.54999E+01 1.62499E+00  2.93167E-04  1.89912E+00 
5.55999E+01 1.61999E+00  2.88673E-04  1.89413E+00 
5.56999E+01 1.61499E+00  2.84035E-04  1.88914E+00 
5.57999E+01 1.60999E+00  2.79400E-04  1.88414E+00 
5.58999E+01 1.60499E+00  2.74887E-04  1.87913E+00 
5.59999E+01 1.59999E+00  2.70433E-04  1.87414E+00 
5.60999E+01 1.59499E+00  2.66035E-04  1.86911E+00 
5.61999E+01 1.58999E+00  2.61665E-04  1.86411E+00 
5.62999E+01 1.58499E+00  2.57190E-04  1.85912E+00 
5.63999E+01 1.57999E+00  2.52850E-04  1.85412E+00 
5.64999E+01 1.57499E+00  2.48510E-04  1.84911E+00 
5.65999E+01 1.56999E+00  2.44213E-04  1.84409E+00 
5.66999E+01 1.56499E+00  2.39994E-04  1.83909E+00 
5.67999E+01 1.55999E+00  2.35786E-04  1.83410E+00 
5.68999E+01 1.55499E+00  2.31521E-04  1.82912E+00 
5.69999E+01 1.54999E+00  2.27145E-04  1.82410E+00 
5.70999E+01 1.54499E+00  2.22911E-04  1.81908E+00 
5.71999E+01 1.53999E+00  2.18752E-04  1.81409E+00 
5.72999E+01 1.53499E+00  2.14656E-04  1.80907E+00 
5.73999E+01 1.52999E+00  2.10606E-04  1.80408E+00 
5.74999E+01 1.52499E+00  2.06531E-04  1.79908E+00 
5.75999E+01 1.51999E+00  2.02468E-04  1.79405E+00 
5.76999E+01 1.51499E+00  1.98424E-04  1.78906E+00 
5.77999E+01 1.50999E+00  1.94477E-04  1.78406E+00 
5.78999E+01 1.50499E+00  1.90524E-04  1.77906E+00 
5.79999E+01 1.49999E+00  1.86670E-04  1.77405E+00 
5.80999E+01 1.49499E+00  1.82752E-04  1.76906E+00 
5.81999E+01 1.48999E+00  1.78999E-04  1.76407E+00 
5.82999E+01 1.48499E+00  1.75279E-04  1.75907E+00 
5.83999E+01 1.47999E+00  1.71674E-04  1.75404E+00 
5.84999E+01 1.47499E+00  1.68066E-04  1.74901E+00 
5.85999E+01 1.46999E+00  1.64549E-04  1.74401E+00 
5.86999E+01 1.46499E+00  1.61105E-04  1.73899E+00 
5.87999E+01 1.45999E+00  1.57635E-04  1.73399E+00 
5.88999E+01 1.45499E+00  1.54240E-04  1.72901E+00 
5.89999E+01 1.44999E+00  1.50819E-04  1.72398E+00 
5.90999E+01 1.44499E+00  1.47469E-04  1.71898E+00 
5.91999E+01 1.43999E+00  1.44158E-04  1.71399E+00 
5.92999E+01 1.43499E+00  1.40921E-04  1.70897E+00 
5.93999E+01 1.42999E+00  1.37721E-04  1.70398E+00 
5.94999E+01 1.42499E+00  1.34718E-04  1.69896E+00 
5.95999E+01 1.41999E+00  1.31705E-04  1.69397E+00 
5.96999E+01 1.41499E+00  1.28628E-04  1.68900E+00 
5.97999E+01 1.40999E+00  1.25654E-04  1.68397E+00 
5.98999E+01 1.40499E+00  1.22769E-04  1.67896E+00 
5.99998E+01 1.39999E+00  1.19858E-04  1.67396E+00 
6.00998E+01 1.39499E+00  1.17019E-04  1.66898E+00 
6.01998E+01 1.38999E+00  1.14204E-04  1.66398E+00 
6.02998E+01 1.38499E+00  1.11392E-04  1.65896E+00 
6.03998E+01 1.37999E+00  1.08692E-04  1.65397E+00 
6.04998E+01 1.37499E+00  1.06040E-04  1.64898E+00 
6.05998E+01 1.36999E+00  1.03461E-04  1.64398E+00 
6.06998E+01 1.36499E+00  1.00914E-04  1.63895E+00 
6.07998E+01 1.35999E+00  9.84041E-05  1.63397E+00 
6.08998E+01 1.35499E+00  9.58898E-05  1.62898E+00 
6.09998E+01 1.34999E+00  9.33817E-05  1.62396E+00 
6.10998E+01 1.34499E+00  9.09423E-05  1.61894E+00 
6.11998E+01 1.33999E+00  8.85583E-05  1.61397E+00 
6.12998E+01 1.33499E+00  8.61672E-05  1.60898E+00 
6.13998E+01 1.32999E+00  8.38852E-05  1.60396E+00 
6.14998E+01 1.32499E+00  8.15635E-05  1.59895E+00 
6.15998E+01 1.31999E+00  7.92955E-05  1.59395E+00 
6.16998E+01 1.31499E+00  7.70527E-05  1.58893E+00 
6.17998E+01 1.30999E+00  7.48462E-05  1.58394E+00 
6.18998E+01 1.30499E+00  7.27046E-05  1.57894E+00 
6.19998E+01 1.29999E+00  7.06558E-05  1.57393E+00 
6.20998E+01 1.29499E+00  6.85904E-05  1.56889E+00 
6.21998E+01 1.28999E+00  6.65425E-05  1.56391E+00 
6.22998E+01 1.28499E+00  6.45327E-05  1.55891E+00 
6.23998E+01 1.27999E+00  6.25682E-05  1.55389E+00 
6.24998E+01 1.27499E+00  6.06031E-05  1.54890E+00 
6.25998E+01 1.26999E+00  5.87056E-05  1.54391E+00 
6.26998E+01 1.26499E+00  5.68691E-05  1.53890E+00 
6.27998E+01 1.25999E+00  5.50634E-05  1.53389E+00 
6.28998E+01 1.25499E+00  5.33139E-05  1.52890E+00 
6.29998E+01 1.24999E+00  5.15783E-05  1.52389E+00 
6.30998E+01 1.24499E+00  4.98875E-05  1.51890E+00 
6.31998E+01 1.23999E+00  4.82454E-05  1.51391E+00 
6.32998E+01 1.23499E+00  4.66306E-05  1.50889E+00 
6.33998E+01 1.22999E+00  4.50817E-05  1.50388E+00 
6.34998E+01 1.22499E+00  4.35435E-05  1.49889E+00 
6.35998E+01 1.21999E+00  4.20229E-05  1.49387E+00 
6.36998E+01 1.21499E+00  4.05594E-05  1.48886E+00 
6.37998E+01 1.20999E+00  3.91380E-05  1.48388E+00 
6.38998E+01 1.20499E+00  3.77817E-05  1.47887E+00 
6.39998E+01 1.19999E+00  3.64395E-05  1.47388E+00 
6.40998E+01 1.19500E+00  3.46394E-05  1.46886E+00 
6.41998E+01 1.19000E+00  3.33612E-05  1.46384E+00 
6.42998E+01 1.18500E+00  3.21180E-05  1.45885E+00 
6.43998E+01 1.18000E+00  3.09261E-05  1.45385E+00 
6.44998E+01 1.17500E+00  2.96660E-05  1.44886E+00 
6.45998E+01 1.17000E+00  2.82692E-05  1.44385E+00 
6.46998E+01 1.16500E+00  2.69865E-05  1.43884E+00 
6.47998E+01 1.16000E+00  2.59426E-05  1.43383E+00 
6.48998E+01 1.15500E+00  2.49583E-05  1.42884E+00 
6.49998E+01 1.15000E+00  2.40603E-05  1.42383E+00 
6.50998E+01 1.14500E+00  2.31672E-05  1.41883E+00 
6.51998E+01 1.14000E+00  2.24137E-05  1.41380E+00 
6.52998E+01 1.13500E+00  2.18931E-05  1.40880E+00 
6.53998E+01 1.13000E+00  2.10453E-05  1.40380E+00 
6.54998E+01 1.12500E+00  2.02329E-05  1.39881E+00 
6.55998E+01 1.12000E+00  1.93912E-05  1.39381E+00 
6.56998E+01 1.11500E+00  1.84436E-05  1.38880E+00 
6.57998E+01 1.11000E+00  1.75257E-05  1.38380E+00 
6.58998E+01 1.10500E+00  1.67563E-05  1.37882E+00 
6.59998E+01 1.10000E+00  1.60610E-05  1.37380E+00 
6.60998E+01 1.09500E+00  1.55234E-05  1.36880E+00 
6.61998E+01 1.09000E+00  1.53119E-05  1.36381E+00 
6.62998E+01 1.08500E+00  1.48270E-05  1.35880E+00 
6.63998E+01 1.08000E+00  1.42956E-05  1.35380E+00 
6.64998E+01 1.07500E+00  1.36749E-05  1.34878E+00 
6.65998E+01 1.07000E+00  1.30160E-05  1.34379E+00 
6.66998E+01 1.06500E+00  1.25436E-05  1.33881E+00 
6.67998E+01 1.06000E+00  1.19245E-05  1.33379E+00 
6.68998E+01 1.05500E+00  1.15533E-05  1.32881E+00 
6.69998E+01 1.05000E+00  1.12737E-05  1.32379E+00 
6.70998E+01 1.04500E+00  1.08877E-05  1.31881E+00 
6.71998E+01 1.04000E+00  1.05194E-05  1.31378E+00 
6.72998E+01 1.03500E+00  1.02229E-05  1.30877E+00 
6.73998E+01 1.03000E+00  9.88839E-06  1.30379E+00 
6.74998E+01 1.02500E+00  9.48299E-06  1.29878E+00 
6.75998E+01 1.02000E+00  9.28154E-06  1.29378E+00 
6.76998E+01 1.01500E+00  9.12945E-06  1.28876E+00 
6.77998E+01 1.01000E+00  8.91218E-06  1.28377E+00 
6.78998E+01 1.00500E+00  8.68209E-06  1.27876E+00 
6.79998E+01 9.99995E-01  8.37449E-06  1.27376E+00 
6.80998E+01 9.94996E-01  7.94394E-06  1.26875E+00 
6.81998E+01 9.89996E-01  7.53894E-06  1.26374E+00 
6.82998E+01 9.84996E-01  7.42729E-06  1.25873E+00 
6.83998E+01 9.79996E-01  7.35448E-06  1.25374E+00 
6.84998E+01 9.74996E-01  7.30350E-06  1.24874E+00 
6.85998E+01 9.69996E-01  7.22064E-06  1.24371E+00 
6.86998E+01 9.64996E-01  6.99770E-06  1.23873E+00 
6.87998E+01 9.59996E-01  6.83791E-06  1.23373E+00 
6.88998E+01 9.54996E-01  6.60436E-06  1.22872E+00 
6.89998E+01 9.49996E-01  6.42793E-06  1.22372E+00 
6.90998E+01 9.44996E-01  6.26605E-06  1.21871E+00 
6.91998E+01 9.39996E-01  6.14790E-06  1.21371E+00 
6.92998E+01 9.34996E-01  5.99646E-06  1.20872E+00 
6.93998E+01 9.29996E-01  5.88027E-06  1.20370E+00 
6.94998E+01 9.24996E-01  5.75750E-06  1.19870E+00 
6.95998E+01 9.19996E-01  5.66862E-06  1.19371E+00 
6.96998E+01 9.14996E-01  5.63605E-06  1.18870E+00 
6.97998E+01 9.09996E-01  5.59683E-06  1.18371E+00 
6.98998E+01 9.04996E-01  5.53675E-06  1.17869E+00 
6.99998E+01 8.99996E-01  5.44537E-06  1.17369E+00 
7.00998E+01 8.94996E-01  5.33242E-06  1.16871E+00 
7.01998E+01 8.89996E-01  5.19963E-06  1.16369E+00 
7.02998E+01 8.84996E-01  5.08204E-06  1.15865E+00 
7.03998E+01 8.79996E-01  4.95832E-06  1.15367E+00 
7.04998E+01 8.74996E-01  4.88206E-06  1.14868E+00 
7.05998E+01 8.69996E-01  4.79370E-06  1.14367E+00 
7.06998E+01 8.64996E-01  4.71302E-06  1.13867E+00 
7.07998E+01 8.59996E-01  4.70865E-06  1.13366E+00 
7.08998E+01 8.54996E-01  4.61625E-06  1.12868E+00 
7.09998E+01 8.49996E-01  4.56838E-06  1.12368E+00 
7.10998E+01 8.44996E-01  4.51912E-06  1.11866E+00 
7.11998E+01 8.39996E-01  4.42067E-06  1.11364E+00 
7.12998E+01 8.34996E-01  4.34611E-06  1.10864E+00 
7.13998E+01 8.29996E-01  4.27676E-06  1.10363E+00 
7.14998E+01 8.24996E-01  4.16231E-06  1.09861E+00 
7.15998E+01 8.19996E-01  4.10307E-06  1.09363E+00 
7.16998E+01 8.14996E-01  4.10255E-06  1.08861E+00 
7.17998E+01 8.09996E-01  4.05288E-06  1.08359E+00 
7.18998E+01 8.04996E-01  3.95048E-06  1.07861E+00 
7.19998E+01 7.99996E-01  3.92279E-06  1.07359E+00 
7.20998E+01 7.94996E-01  3.81040E-06  1.06861E+00 
7.21998E+01 7.89996E-01  3.68892E-06  1.06360E+00 
7.22998E+01 7.84996E-01  3.63272E-06  1.05863E+00 
7.23998E+01 7.79996E-01  3.59819E-06  1.05363E+00 
7.24998E+01 7.74996E-01  3.51511E-06  1.04862E+00 
7.25998E+01 7.69996E-01  3.42982E-06  1.04362E+00 
7.26998E+01 7.64996E-01  3.38379E-06  1.03863E+00 
7.27998E+01 7.59996E-01  3.32760E-06  1.03362E+00 
7.28998E+01 7.54996E-01  3.26609E-06  1.02861E+00 
7.29998E+01 7.49996E-01  3.21879E-06  1.02364E+00 
7.30998E+01 7.44996E-01  3.17127E-06  1.01863E+00 
7.31998E+01 7.39996E-01  3.09549E-06  1.01362E+00 
7.32998E+01 7.34996E-01  3.03031E-06  1.00861E+00 
7.33998E+01 7.29996E-01  2.95821E-06  1.00359E+00 
7.34998E+01 7.24996E-01  2.87572E-06  9.98606E-01 
7.35998E+01 7.19996E-01  2.83012E-06  9.93619E-01 
7.36998E+01 7.14996E-01  2.78775E-06  9.88612E-01 
7.37998E+01 7.09996E-01  2.73572E-06  9.83597E-01 
7.38998E+01 7.04996E-01  2.65545E-06  9.78599E-01 
7.39998E+01 6.99996E-01  2.57160E-06  9.73610E-01 
7.40998E+01 6.94996E-01  2.50861E-06  9.68623E-01 
7.41998E+01 6.89996E-01  2.43301E-06  9.63612E-01 
7.42998E+01 6.84996E-01  2.35420E-06  9.58580E-01 
7.43998E+01 6.79996E-01  2.28813E-06  9.53574E-01 
7.44998E+01 6.74996E-01  2.21316E-06  9.48593E-01 
7.45998E+01 6.69996E-01  2.12705E-06  9.43584E-01 
7.46998E+01 6.64996E-01  2.05059E-06  9.38587E-01 
7.47998E+01 6.59996E-01  1.99483E-06  9.33573E-01 
7.48998E+01 6.54996E-01  1.92259E-06  9.28563E-01 
7.49998E+01 6.49996E-01  1.85367E-06  9.23579E-01 
7.50998E+01 6.44996E-01  1.79572E-06  9.18587E-01 
7.51998E+01 6.39996E-01  1.74392E-06  9.13561E-01 
7.52998E+01 6.34996E-01  1.67929E-06  9.08540E-01 
7.53998E+01 6.29996E-01  1.62584E-06  9.03537E-01 
7.54998E+01 6.24996E-01  1.58867E-06  8.98559E-01 
7.55998E+01 6.19996E-01  1.55367E-06  8.93546E-01 
7.56998E+01 6.14996E-01  1.49146E-06  8.88543E-01 
7.57998E+01 6.09996E-01  1.41901E-06  8.83538E-01 
7.58998E+01 6.04996E-01  1.32722E-06  8.78531E-01 
7.59998E+01 5.99996E-01  1.23649E-06  8.73530E-01 
7.60998E+01 5.94997E-01  1.15110E-06  8.68507E-01 
7.61998E+01 5.89997E-01  1.07171E-06  8.63526E-01 
7.62998E+01 5.84997E-01  9.92044E-07  8.58507E-01 
7.63998E+01 5.79997E-01  9.14428E-07  8.53531E-01 
7.64998E+01 5.74997E-01  8.36005E-07  8.48519E-01 
7.65998E+01 5.69997E-01  7.59243E-07  8.43501E-01 
7.66998E+01 5.64997E-01  6.81544E-07  8.38510E-01 
7.67998E+01 5.59997E-01  5.95791E-07  8.33510E-01 
7.68998E+01 5.54997E-01  5.10875E-07  8.28511E-01 
7.69998E+01 5.49997E-01  4.41566E-07  8.23527E-01 
7.70998E+01 5.44997E-01  3.38187E-07  8.18523E-01 
7.71998E+01 5.39997E-01  1.87469E-07  8.13499E-01 
7.72998E+01 5.34997E-01  1.50737E-08  8.08503E-01 
7.73998E+01 5.29997E-01  -1.79686E-07 8.03496E-01 
7.74998E+01 5.24997E-01  -3.57583E-07 7.98485E-01 
7.75998E+01 5.19997E-01  -5.07981E-07 7.93488E-01 
7.76998E+01 5.14997E-01  -5.57667E-07 7.88487E-01 
7.77998E+01 5.09997E-01  -5.46652E-07 7.83491E-01 
7.78998E+01 5.04997E-01  -5.91746E-07 7.78478E-01 
7.79998E+01 4.99997E-01  -6.61088E-07 7.73459E-01 
7.80998E+01 4.94997E-01  -7.11565E-07 7.68485E-01 
7.81998E+01 4.89997E-01  -6.81593E-07 7.63474E-01 
7.82998E+01 4.84997E-01  -7.04168E-07 7.58462E-01 
7.83998E+01 4.79997E-01  -8.02864E-07 7.53439E-01 
7.84998E+01 4.74997E-01  -9.22721E-07 7.48462E-01 
7.85998E+01 4.69997E-01  -1.32104E-06 7.43457E-01 
7.86998E+01 4.64997E-01  -1.29349E-06 7.38449E-01 
7.87998E+01 4.59997E-01  -1.05976E-06 7.33453E-01 
7.88998E+01 4.54997E-01  -1.35365E-06 7.28447E-01 
7.89998E+01 4.49997E-01  -1.36819E-06 7.23420E-01 
7.90998E+01 4.44997E-01  -1.49043E-06 7.18459E-01 
7.91998E+01 4.39997E-01  -1.58975E-06 7.13427E-01 
7.92998E+01 4.34997E-01  -1.60561E-06 7.08414E-01 
7.93998E+01 4.29997E-01  -1.71699E-06 7.03421E-01 
7.94998E+01 4.24997E-01  -1.85743E-06 6.98429E-01 
7.95998E+01 4.19997E-01  -2.02543E-06 6.93421E-01 
7.96998E+01 4.14997E-01  -2.20710E-06 6.88418E-01 
7.97998E+01 4.09997E-01  -2.40534E-06 6.83440E-01 
7.98998E+01 4.04997E-01  -2.57863E-06 6.78424E-01 
7.99998E+01 3.99997E-01  -2.71546E-06 6.73426E-01 
8.00998E+01 3.94997E-01  -2.77629E-06 6.68387E-01 
8.01998E+01 3.89997E-01  -2.84254E-06 6.63409E-01 
8.02998E+01 3.84997E-01  -2.95255E-06 6.58432E-01 
8.03998E+01 3.79997E-01  -3.06654E-06 6.53399E-01 
8.04998E+01 3.74997E-01  -3.18712E-06 6.48395E-01 
8.05998E+01 3.69997E-01  -3.30441E-06 6.43397E-01 
8.06998E+01 3.64997E-01  -3.40598E-06 6.38401E-01 
8.07998E+01 3.59997E-01  -3.51013E-06 6.33375E-01 
8.08998E+01 3.54997E-01  -3.62253E-06 6.28377E-01 
8.09998E+01 3.49997E-01  -3.71557E-06 6.23357E-01 
8.10998E+01 3.44997E-01  -3.83549E-06 6.18363E-01 
8.11998E+01 3.39997E-01  -3.97724E-06 6.13379E-01 
8.12998E+01 3.34997E-01  -4.14350E-06 6.08353E-01 
8.13998E+01 3.29997E-01  -4.30438E-06 6.03346E-01 
8.14998E+01 3.24997E-01  -4.46870E-06 5.98370E-01 
8.15998E+01 3.19997E-01  -4.65820E-06 5.93359E-01 
8.16998E+01 3.14997E-01  -4.86143E-06 5.88359E-01 
8.17998E+01 3.09997E-01  -5.06000E-06 5.83359E-01 
8.18998E+01 3.04997E-01  -5.21146E-06 5.78362E-01 
8.19998E+01 2.99997E-01  -5.35237E-06 5.73352E-01 
8.20998E+01 2.94997E-01  -5.52960E-06 5.68356E-01 
8.21998E+01 2.89997E-01  -5.68928E-06 5.63325E-01 
8.22998E+01 2.84997E-01  -5.84556E-06 5.58366E-01 
8.23998E+01 2.79997E-01  -6.01077E-06 5.53358E-01 
8.24998E+01 2.74997E-01  -6.19552E-06 5.48352E-01 
8.25998E+01 2.69997E-01  -6.41184E-06 5.43365E-01 
8.26998E+01 2.64997E-01  -6.61238E-06 5.38351E-01 
8.27998E+01 2.59997E-01  -6.82301E-06 5.33365E-01 
8.28998E+01 2.54997E-01  -7.02000E-06 5.28339E-01 
8.29998E+01 2.49997E-01  -7.22575E-06 5.23324E-01 
8.30998E+01 2.44997E-01  -7.43077E-06 5.18322E-01 
8.31998E+01 2.39997E-01  -7.65975E-06 5.13345E-01 
8.32998E+01 2.34997E-01  -7.87749E-06 5.08306E-01 
8.33998E+01 2.29997E-01  -8.10165E-06 5.03313E-01 
8.34998E+01 2.24997E-01  -8.34391E-06 4.98341E-01 
8.35998E+01 2.19997E-01  -8.59472E-06 4.93342E-01 
8.36998E+01 2.14997E-01  -8.85881E-06 4.88326E-01 
8.37998E+01 2.09997E-01  -9.14615E-06 4.83324E-01 
8.38998E+01 2.04997E-01  -9.41574E-06 4.78328E-01 
8.39998E+01 1.99997E-01  -9.70933E-06 4.73284E-01 
8.40998E+01 1.94998E-01  -1.00496E-05 4.68300E-01 
8.41998E+01 1.89998E-01  -1.04089E-05 4.63269E-01 
8.42998E+01 1.84998E-01  -1.08046E-05 4.58276E-01 
8.43998E+01 1.79998E-01  -1.12187E-05 4.53281E-01 
8.44998E+01 1.74998E-01  -1.17315E-05 4.48259E-01 
8.45998E+01 1.69998E-01  -1.24189E-05 4.43271E-01 
8.46998E+01 1.64998E-01  -1.27413E-05 4.38282E-01 
8.47998E+01 1.59998E-01  -1.29186E-05 4.33246E-01 
8.48998E+01 1.54998E-01  -1.32156E-05 4.28244E-01 
8.49998E+01 1.49998E-01  -1.35628E-05 4.23243E-01 
8.50998E+01 1.44998E-01  -1.38633E-05 4.18273E-01 
8.51998E+01 1.39998E-01  -1.41706E-05 4.13265E-01 
8.52998E+01 1.34998E-01  -1.45547E-05 4.08252E-01 
8.53998E+01 1.29998E-01  -1.50031E-05 4.03270E-01 
8.54998E+01 1.24998E-01  -1.54980E-05 3.98246E-01 
8.55998E+01 1.19998E-01  -1.60125E-05 3.93235E-01 
8.56998E+01 1.14998E-01  -1.65505E-05 3.88231E-01 
8.57998E+01 1.09998E-01  -1.70490E-05 3.83266E-01 
8.58998E+01 1.04998E-01  -1.75746E-05 3.78252E-01 
8.59998E+01 9.99977E-02  -1.81251E-05 3.73231E-01 
8.60998E+01 9.49978E-02  -1.86217E-05 3.68241E-01 
8.61998E+01 8.99978E-02  -1.91092E-05 3.63227E-01 
8.62998E+01 8.49978E-02  -1.94623E-05 3.58214E-01 
8.63998E+01 7.99978E-02  -1.99122E-05 3.53237E-01 
8.64998E+01 7.49978E-02  -2.04204E-05 3.48196E-01 
8.65998E+01 6.99978E-02  -2.09054E-05 3.43211E-01 
8.66998E+01 6.49978E-02  -2.14095E-05 3.38218E-01 
8.67998E+01 5.99978E-02  -2.19161E-05 3.33222E-01 
8.68998E+01 5.49979E-02  -2.25550E-05 3.28216E-01 
8.69998E+01 4.99979E-02  -2.32007E-05 3.23199E-01 
8.70998E+01 4.49979E-02  -2.37622E-05 3.18196E-01 
8.71998E+01 3.99979E-02  -2.42522E-05 3.13199E-01 
8.72998E+01 3.49979E-02  -2.47202E-05 3.08208E-01 
8.73998E+01 2.99979E-02  -2.52389E-05 3.03177E-01 
8.74998E+01 2.49979E-02  -2.57955E-05 2.98175E-01 
8.75998E+01 1.99979E-02  -2.63562E-05 2.93171E-01 
8.76998E+01 1.49980E-02  -2.69095E-05 2.88203E-01 
8.77998E+01 9.99797E-03  -2.74923E-05 2.83197E-01 
8.78998E+01 4.99799E-03  -2.80857E-05 2.78185E-01 
8.79998E+01 -2.00000E-06 -2.86627E-05 2.73171E-01 
8.80998E+01 -5.00199E-03 -2.92089E-05 2.68174E-01 
8.81998E+01 -1.00020E-02 -2.97879E-05 2.63175E-01 
8.82998E+01 -1.50020E-02 -3.03788E-05 2.58191E-01 
8.83998E+01 -2.00020E-02 -3.09649E-05 2.53162E-01 
8.84998E+01 -2.50019E-02 -3.15451E-05 2.48167E-01 
8.85998E+01 -3.00019E-02 -3.21106E-05 2.43179E-01 
8.86998E+01 -3.50019E-02 -3.26778E-05 2.38177E-01 
8.87998E+01 -4.00019E-02 -3.32296E-05 2.33165E-01 
8.88998E+01 -4.50019E-02 -3.37733E-05 2.28167E-01 
8.89998E+01 -5.00019E-02 -3.43110E-05 2.23161E-01 
8.90998E+01 -5.50019E-02 -3.48512E-05 2.18174E-01 
8.91998E+01 -6.00019E-02 -3.53953E-05 2.13178E-01 
8.92998E+01 -6.50018E-02 -3.59265E-05 2.08143E-01 
8.93998E+01 -7.00018E-02 -3.64605E-05 2.03173E-01 
8.94998E+01 -7.50018E-02 -3.70117E-05 1.98151E-01 
8.95998E+01 -8.00018E-02 -3.75926E-05 1.93145E-01 
8.96998E+01 -8.50018E-02 -3.81715E-05 1.88145E-01 
8.97998E+01 -9.00018E-02 -3.87241E-05 1.83145E-01 
8.98998E+01 -9.50018E-02 -3.92926E-05 1.78156E-01 
8.99998E+01 -1.00002E-01 -3.98881E-05 1.73145E-01 
9.00998E+01 -1.05002E-01 -4.05180E-05 1.68137E-01 
9.01998E+01 -1.10002E-01 -4.11563E-05 1.63134E-01 
9.02998E+01 -1.15002E-01 -4.17886E-05 1.58155E-01 
9.03998E+01 -1.20002E-01 -4.24369E-05 1.53126E-01 
9.04998E+01 -1.25002E-01 -4.31905E-05 1.48112E-01 
9.05998E+01 -1.30002E-01 -4.44496E-05 1.43114E-01 
9.06998E+01 -1.35002E-01 -4.43459E-05 1.38127E-01 
9.07998E+01 -1.40002E-01 -4.45834E-05 1.33099E-01 
9.08998E+01 -1.45002E-01 -4.47576E-05 1.28112E-01 
9.09998E+01 -1.50002E-01 -4.53607E-05 1.23116E-01 
9.10998E+01 -1.55002E-01 -4.59551E-05 1.18108E-01 
9.11998E+01 -1.60002E-01 -4.65887E-05 1.13090E-01 
9.12998E+01 -1.65002E-01 -4.71534E-05 1.08065E-01 
9.13998E+01 -1.70002E-01 -4.77357E-05 1.03129E-01 
9.14998E+01 -1.75002E-01 -4.80173E-05 9.80767E-02 
9.15998E+01 -1.80002E-01 -4.83597E-05 9.30814E-02 
9.16998E+01 -1.85002E-01 -4.89293E-05 8.80774E-02 
9.17998E+01 -1.90002E-01 -4.95304E-05 8.30870E-02 
9.18998E+01 -1.95002E-01 -4.97060E-05 7.80756E-02 
9.19998E+01 -2.00002E-01 -4.98223E-05 7.30652E-02 
9.20998E+01 -2.05001E-01 -5.02112E-05 6.80343E-02 
9.21998E+01 -2.10001E-01 -5.04503E-05 6.30628E-02 
9.22998E+01 -2.15001E-01 -5.05425E-05 5.80594E-02 
9.23998E+01 -2.20001E-01 -5.07950E-05 5.30728E-02 
9.24998E+01 -2.25001E-01 -5.11144E-05 4.80388E-02 
9.25998E+01 -2.30001E-01 -5.14784E-05 4.30560E-02 
9.26998E+01 -2.35001E-01 -5.16975E-05 3.80713E-02 
9.27998E+01 -2.40001E-01 -5.20897E-05 3.30404E-02 
9.28998E+01 -2.45001E-01 -5.26223E-05 2.80376E-02 
9.29998E+01 -2.50001E-01 -5.31544E-05 2.30473E-02 
9.30998E+01 -2.55001E-01 -5.35962E-05 1.80526E-02 
9.31998E+01 -2.60001E-01 -5.39840E-05 1.30417E-02 
9.32998E+01 -2.65001E-01 -5.44355E-05 8.04392E-03 
9.33998E+01 -2.70001E-01 -5.48973E-05 3.04550E-03 
9.34998E+01 -2.75001E-01 -5.53620E-05 -1.96667E-03
9.35998E+01 -2.80001E-01 -5.59292E-05 -6.95947E-03
9.36998E+01 -2.85001E-01 -5.65927E-05 -1.19822E-02
9.37998E+01 -2.90001E-01 -5.72680E-05 -1.69825E-02
9.38998E+01 -2.95001E-01 -5.79365E-05 -2.19704E-02
9.39998E+01 -3.00001E-01 -5.86498E-05 -2.70037E-02
9.40998E+01 -3.05001E-01 -5.94545E-05 -3.19641E-02
9.41998E+01 -3.10001E-01 -6.03260E-05 -3.69825E-02
9.42998E+01 -3.15001E-01 -6.13177E-05 -4.19990E-02
9.43998E+01 -3.20001E-01 -6.23690E-05 -4.69718E-02
9.44998E+01 -3.25001E-01 -6.33410E-05 -5.19765E-02
9.45998E+01 -3.30001E-01 -6.43291E-05 -5.69905E-02
9.46998E+01 -3.35001E-01 -6.54411E-05 -6.20139E-02
9.47998E+01 -3.40001E-01 -6.66708E-05 -6.69774E-02
9.48998E+01 -3.45001E-01 -6.79797E-05 -7.19983E-02
9.49998E+01 -3.50001E-01 -6.93690E-05 -7.70017E-02
9.50998E+01 -3.55001E-01 -7.08605E-05 -8.20101E-02
9.51998E+01 -3.60001E-01 -7.25434E-05 -8.69960E-02
9.52998E+01 -3.65001E-01 -7.44921E-05 -9.20001E-02
9.53998E+01 -3.70001E-01 -7.67055E-05 -9.69904E-02
9.54998E+01 -3.75001E-01 -7.91553E-05 -1.02011E-01
9.55998E+01 -3.80001E-01 -8.18503E-05 -1.06982E-01
9.56998E+01 -3.85001E-01 -8.48938E-05 -1.11995E-01
9.57998E+01 -3.90001E-01 -8.83127E-05 -1.17011E-01
9.58998E+01 -3.95001E-01 -9.20605E-05 -1.22018E-01
9.59998E+01 -4.00001E-01 -9.60008E-05 -1.27007E-01
9.60998E+01 -4.05001E-01 -1.00076E-04 -1.32020E-01
9.61998E+01 -4.10001E-01 -1.04250E-04 -1.37018E-01
9.62998E+01 -4.15001E-01 -1.08520E-04 -1.42023E-01
9.63998E+01 -4.20001E-01 -1.12767E-04 -1.47040E-01
9.64998E+01 -4.25001E-01 -1.16986E-04 -1.52019E-01
9.65998E+01 -4.30001E-01 -1.21138E-04 -1.57033E-01
9.66998E+01 -4.35001E-01 -1.25176E-04 -1.62045E-01
9.67998E+01 -4.40001E-01 -1.29115E-04 -1.67039E-01
9.68998E+01 -4.45001E-01 -1.33002E-04 -1.72045E-01
9.69998E+01 -4.50001E-01 -1.36847E-04 -1.77067E-01
9.70998E+01 -4.55001E-01 -1.40585E-04 -1.82066E-01
9.71998E+01 -4.60001E-01 -1.44254E-04 -1.87062E-01
9.72998E+01 -4.65001E-01 -1.47842E-04 -1.92065E-01
9.73998E+01 -4.70001E-01 -1.51452E-04 -1.97089E-01
9.74998E+01 -4.75001E-01 -1.55108E-04 -2.02087E-01
9.75998E+01 -4.80001E-01 -1.58676E-04 -2.07084E-01
9.76998E+01 -4.85001E-01 -1.62180E-04 -2.12088E-01
9.77998E+01 -4.90001E-01 -1.65635E-04 -2.17080E-01
9.78998E+01 -4.95001E-01 -1.69141E-04 -2.22091E-01
9.79998E+01 -5.00001E-01 -1.72647E-04 -2.27083E-01
9.80998E+01 -5.05001E-01 -1.76023E-04 -2.32105E-01
9.81998E+01 -5.10001E-01 -1.79297E-04 -2.37097E-01
9.82998E+01 -5.15001E-01 -1.82468E-04 -2.42113E-01
9.83998E+01 -5.20001E-01 -1.85604E-04 -2.47110E-01
9.84998E+01 -5.25001E-01 -1.88698E-04 -2.52101E-01
9.85998E+01 -5.30001E-01 -1.91727E-04 -2.57116E-01
9.86998E+01 -5.35001E-01 -1.94699E-04 -2.62132E-01
9.87998E+01 -5.40001E-01 -1.97619E-04 -2.67115E-01
9.88998E+01 -5.45001E-01 -2.00533E-04 -2.72093E-01
9.89998E+01 -5.50001E-01 -2.03391E-04 -2.77108E-01
9.90998E+01 -5.55001E-01 -2.06045E-04 -2.82106E-01
9.91998E+01 -5.60001E-01 -2.08615E-04 -2.87105E-01
9.92998E+01 -5.65001E-01 -2.11038E-04 -2.92100E-01
9.93998E+01 -5.70001E-01 -2.12698E-04 -2.97107E-01
9.94998E+01 -5.75001E-01 -2.15104E-04 -3.02124E-01
9.95998E+01 -5.80001E-01 -2.17433E-04 -3.07115E-01
9.96998E+01 -5.85001E-01 -2.19538E-04 -3.12101E-01
9.97998E+01 -5.90001E-01 -2.21477E-04 -3.17128E-01
9.98998E+01 -5.95001E-01 -2.23422E-04 -3.22136E-01
9.99997E+01 -6.00001E-01 -2.25351E-04 -3.27144E-01
1.00100E+02 -6.05000E-01 -2.27187E-04 -3.32129E-01
1.00200E+02 -6.10000E-01 -2.28993E-04 -3.37151E-01
1.00300E+02 -6.15000E-01 -2.30864E-04 -3.42144E-01
1.00400E+02 -6.20000E-01 -2.32703E-04 -3.47128E-01
1.00500E+02 -6.25000E-01 -2.34388E-04 -3.52172E-01
1.00600E+02 -6.30000E-01 -2.36039E-04 -3.57155E-01
1.00700E+02 -6.35000E-01 -2.37703E-04 -3.62152E-01
1.00800E+02 -6.40000E-01 -2.39380E-04 -3.67174E-01
1.00900E+02 -6.45000E-01 -2.40979E-04 -3.72162E-01
1.01000E+02 -6.50000E-01 -2.42545E-04 -3.77154E-01
1.01100E+02 -6.55000E-01 -2.44046E-04 -3.82168E-01
1.01200E+02 -6.60000E-01 -2.45461E-04 -3.87130E-01
1.01300E+02 -6.65000E-01 -2.46795E-04 -3.92158E-01
1.01400E+02 -6.70000E-01 -2.48074E-04 -3.97175E-01
1.01500E+02 -6.75000E-01 -2.49326E-04 -4.02166E-01
1.01600E+02 -6.80000E-01 -2.50492E-04 -4.07168E-01
1.01700E+02 -6.85000E-01 -2.51593E-04 -4.12179E-01
1.01800E+02 -6.90000E-01 -2.52680E-04 -4.17183E-01
1.01900E+02 -6.95000E-01 -2.53752E-04 -4.22166E-01
1.02000E+02 -7.00000E-01 -2.54766E-04 -4.27165E-01
1.02100E+02 -7.05000E-01 -2.55781E-04 -4.32181E-01
1.02200E+02 -7.10000E-01 -2.56787E-04 -4.37173E-01
1.02300E+02 -7.15000E-01 -2.57863E-04 -4.42182E-01
1.02400E+02 -7.20000E-01 -2.59002E-04 -4.47174E-01
1.02500E+02 -7.25000E-01 -2.60048E-04 -4.52203E-01
1.02600E+02 -7.30000E-01 -2.61199E-04 -4.57214E-01
1.02700E+02 -7.35000E-01 -2.62350E-04 -4.62196E-01
1.02800E+02 -7.40000E-01 -2.63561E-04 -4.67186E-01
1.02900E+02 -7.45000E-01 -2.64794E-04 -4.72190E-01
1.03000E+02 -7.50000E-01 -2.66101E-04 -4.77229E-01
1.03100E+02 -7.55000E-01 -2.67455E-04 -4.82229E-01
1.03200E+02 -7.60000E-01 -2.68892E-04 -4.87236E-01
1.03300E+02 -7.65000E-01 -2.70375E-04 -4.92237E-01
1.03400E+02 -7.70000E-01 -2.71901E-04 -4.97266E-01
1.03500E+02 -7.75000E-01 -2.73475E-04 -5.02262E-01
1.03600E+02 -7.80000E-01 -2.75125E-04 -5.07266E-01
1.03700E+02 -7.85000E-01 -2.76825E-04 -5.12275E-01
1.03800E+02 -7.90000E-01 -2.78569E-04 -5.17247E-01
1.03900E+02 -7.95000E-01 -2.80329E-04 -5.22245E-01
