time/s      E/V        I/A
0.00000E+00 -8.00000E-01 -8.51252E-05 -7.17654E-01
9.99997E-02 -7.95000E-01 -6.06827E-05 -7.12636E-01
1.99999E-01 -7.90000E-01 -5.00988E-05 -7.07629E-01
2.99999E-01 -7.85000E-01 -4.31084E-05 -7.02649E-01
3.99999E-01 -7.80000E-01 -4.25965E-05 -6.97629E-01
4.99999E-01 -7.75000E-01 -3.86884E-05 -6.92624E-01
5.99998E-01 -7.70000E-01 -3.55581E-05 -6.87605E-01
6.99998E-01 -7.65000E-01 -3.29883E-05 -6.82611E-01
7.99998E-01 -7.60000E-01 -3.08397E-05 -6.77607E-01
8.99998E-01 -7.55000E-01 -2.94667E-05 -6.72598E-01
9.99997E-01 -7.50000E-01 -2.78685E-05 -6.67591E-01
1.10000E+00 -7.45000E-01 -2.64654E-05 -6.62586E-01
1.20000E+00 -7.40000E-01 -2.52214E-05 -6.57584E-01
1.30000E+00 -7.35000E-01 -2.41305E-05 -6.52566E-01
1.40000E+00 -7.30000E-01 -2.31538E-05 -6.47554E-01
1.50000E+00 -7.25000E-01 -2.22604E-05 -6.42548E-01
1.60000E+00 -7.20000E-01 -2.14209E-05 -6.37572E-01
1.70000E+00 -7.15000E-01 -2.06310E-05 -6.32570E-01
1.80000E+00 -7.10000E-01 -1.98966E-05 -6.27564E-01
1.90000E+00 -7.05000E-01 -1.92044E-05 -6.22541E-01
1.99999E+00 -7.00000E-01 -1.85549E-05 -6.17556E-01
2.09999E+00 -6.95000E-01 -1.79481E-05 -6.12572E-01
2.19999E+00 -6.90000E-01 -1.73703E-05 -6.07558E-01
2.29999E+00 -6.85000E-01 -1.69541E-05 -6.02559E-01
2.39999E+00 -6.80000E-01 -1.64956E-05 -5.97550E-01
2.49999E+00 -6.75000E-01 -1.59768E-05 -5.92554E-01
2.59999E+00 -6.70000E-01 -1.54891E-05 -5.87543E-01
2.69999E+00 -6.65000E-01 -1.50660E-05 -5.82527E-01
2.79999E+00 -6.60000E-01 -1.46439E-05 -5.77548E-01
2.89999E+00 -6.55000E-01 -1.42019E-05 -5.72568E-01
2.99999E+00 -6.50000E-01 -1.37986E-05 -5.67547E-01
3.09999E+00 -6.45000E-01 -1.34453E-05 -5.62551E-01
3.19999E+00 -6.40000E-01 -1.31149E-05 -5.57550E-01
3.29999E+00 -6.35000E-01 -1.27776E-05 -5.52562E-01
3.39999E+00 -6.30000E-01 -1.24377E-05 -5.47562E-01
3.49999E+00 -6.25000E-01 -1.21244E-05 -5.42545E-01
3.59999E+00 -6.20000E-01 -1.18196E-05 -5.37537E-01
3.69999E+00 -6.15000E-01 -1.15226E-05 -5.32556E-01
3.79999E+00 -6.10000E-01 -1.12397E-05 -5.27543E-01
3.89999E+00 -6.05000E-01 -1.09776E-05 -5.22535E-01
3.99999E+00 -6.00001E-01 -1.07300E-05 -5.17537E-01
4.09999E+00 -5.95001E-01 -1.04784E-05 -5.12545E-01
4.19999E+00 -5.90001E-01 -1.02293E-05 -5.07536E-01
4.29999E+00 -5.85001E-01 -9.99294E-06 -5.02525E-01
4.39999E+00 -5.80001E-01 -9.76684E-06 -4.97522E-01
4.49999E+00 -5.75001E-01 -9.53982E-06 -4.92495E-01
4.59999E+00 -5.70001E-01 -9.33417E-06 -4.87527E-01
4.69999E+00 -5.65001E-01 -9.10580E-06 -4.82499E-01
4.79999E+00 -5.60001E-01 -8.86943E-06 -4.77497E-01
4.89999E+00 -5.55001E-01 -8.66433E-06 -4.72474E-01
4.99999E+00 -5.50001E-01 -8.47645E-06 -4.67473E-01
5.09999E+00 -5.45001E-01 -8.28630E-06 -4.62490E-01
5.19999E+00 -5.40001E-01 -8.11224E-06 -4.57496E-01
5.29999E+00 -5.35001E-01 -7.90669E-06 -4.52494E-01
5.39999E+00 -5.30001E-01 -7.71799E-06 -4.47461E-01
5.49999E+00 -5.25001E-01 -7.53213E-06 -4.42482E-01
5.59999E+00 -5.20001E-01 -7.36457E-06 -4.37473E-01
5.69999E+00 -5.15001E-01 -7.19506E-06 -4.32481E-01
5.79999E+00 -5.10001E-01 -7.02006E-06 -4.27452E-01
5.89999E+00 -5.05001E-01 -6.85775E-06 -4.22476E-01
5.99998E+00 -5.00001E-01 -6.69358E-06 -4.17479E-01
6.09998E+00 -4.95001E-01 -6.53350E-06 -4.12477E-01
6.19998E+00 -4.90001E-01 -6.37431E-06 -4.07441E-01
6.29998E+00 -4.85001E-01 -6.22020E-06 -4.02460E-01
6.39998E+00 -4.80001E-01 -6.06851E-06 -3.97464E-01
6.49998E+00 -4.75001E-01 -5.92055E-06 -3.92459E-01
6.59998E+00 -4.70001E-01 -5.77251E-06 -3.87437E-01
6.69998E+00 -4.65001E-01 -5.63062E-06 -3.82461E-01
6.79998E+00 -4.60001E-01 -5.48738E-06 -3.77452E-01
6.89998E+00 -4.55001E-01 -5.34786E-06 -3.72439E-01
6.99998E+00 -4.50001E-01 -5.20744E-06 -3.67429E-01
7.09998E+00 -4.45001E-01 -5.06933E-06 -3.62455E-01
7.19998E+00 -4.40001E-01 -4.93286E-06 -3.57459E-01
7.29998E+00 -4.35001E-01 -4.79854E-06 -3.52441E-01
7.39998E+00 -4.30001E-01 -4.66560E-06 -3.47444E-01
7.49998E+00 -4.25001E-01 -4.53196E-06 -3.42421E-01
7.59998E+00 -4.20001E-01 -4.39449E-06 -3.37462E-01
7.69998E+00 -4.15001E-01 -4.26922E-06 -3.32434E-01
7.79998E+00 -4.10001E-01 -4.12546E-06 -3.27434E-01
7.89998E+00 -4.05001E-01 -4.00744E-06 -3.22426E-01
7.99998E+00 -4.00001E-01 -3.88077E-06 -3.17409E-01
8.09998E+00 -3.95001E-01 -3.75882E-06 -3.12391E-01
8.19998E+00 -3.90001E-01 -3.68297E-06 -3.07411E-01
8.29998E+00 -3.85001E-01 -3.55995E-06 -3.02420E-01
8.39998E+00 -3.80001E-01 -3.43726E-06 -2.97388E-01
8.49998E+00 -3.75001E-01 -3.31436E-06 -2.92379E-01
8.59998E+00 -3.70001E-01 -3.19298E-06 -2.87388E-01
8.69998E+00 -3.65001E-01 -3.07142E-06 -2.82402E-01
8.79998E+00 -3.60001E-01 -2.95124E-06 -2.77399E-01
8.89998E+00 -3.55001E-01 -2.83097E-06 -2.72380E-01
8.99998E+00 -3.50001E-01 -2.70818E-06 -2.67396E-01
9.09998E+00 -3.45001E-01 -2.58841E-06 -2.62422E-01
9.19998E+00 -3.40001E-01 -2.46874E-06 -2.57413E-01
9.29998E+00 -3.35001E-01 -2.34862E-06 -2.52385E-01
9.39998E+00 -3.30001E-01 -2.22922E-06 -2.47400E-01
9.49998E+00 -3.25001E-01 -2.11065E-06 -2.42404E-01
9.59998E+00 -3.20001E-01 -1.99244E-06 -2.37378E-01
9.69998E+00 -3.15001E-01 -1.87450E-06 -2.32379E-01
9.79998E+00 -3.10001E-01 -1.75884E-06 -2.27380E-01
9.89998E+00 -3.05001E-01 -1.64069E-06 -2.22378E-01
9.99997E+00 -3.00001E-01 -1.52553E-06 -2.17364E-01
1.01000E+01 -2.95001E-01 -1.40950E-06 -2.12354E-01
1.02000E+01 -2.90001E-01 -1.29541E-06 -2.07360E-01
1.03000E+01 -2.85001E-01 -1.18475E-06 -2.02341E-01
1.04000E+01 -2.80001E-01 -1.07129E-06 -1.97359E-01
1.05000E+01 -2.75001E-01 -9.61584E-07 -1.92352E-01
1.06000E+01 -2.70001E-01 -8.49262E-07 -1.87335E-01
1.07000E+01 -2.65001E-01 -7.41217E-07 -1.82341E-01
1.08000E+01 -2.60001E-01 -6.34478E-07 -1.77353E-01
1.09000E+01 -2.55001E-01 -5.29974E-07 -1.72340E-01
1.10000E+01 -2.50001E-01 -4.26505E-07 -1.67327E-01
1.11000E+01 -2.45001E-01 -3.26517E-07 -1.62319E-01
1.12000E+01 -2.40001E-01 -2.28173E-07 -1.57342E-01
1.13000E+01 -2.35001E-01 -1.29056E-07 -1.52303E-01
1.14000E+01 -2.30001E-01 -3.43844E-08 -1.47309E-01
1.15000E+01 -2.25001E-01 5.93855E-08  -1.42330E-01
1.16000E+01 -2.20001E-01 1.49248E-07  -1.37308E-01
1.17000E+01 -2.15001E-01 2.40028E-07  -1.32309E-01
1.18000E+01 -2.10001E-01 3.27772E-07  -1.27308E-01
1.19000E+01 -2.05001E-01 4.14182E-07  -1.22314E-01
1.20000E+01 -2.00002E-01 5.00415E-07  -1.17289E-01
1.21000E+01 -1.95002E-01 5.83720E-07  -1.12280E-01
1.22000E+01 -1.90002E-01 6.66690E-07  -1.07288E-01
1.23000E+01 -1.85002E-01 7.49610E-07  -1.02307E-01
1.24000E+01 -1.80002E-01 8.29789E-07  -9.72983E-02
1.25000E+01 -1.75002E-01 9.12402E-07  -9.22974E-02
1.26000E+01 -1.70002E-01 9.92661E-07  -8.72640E-02
1.27000E+01 -1.65002E-01 1.07230E-06  -8.22837E-02
1.28000E+01 -1.60002E-01 1.15140E-06  -7.72771E-02
1.29000E+01 -1.55002E-01 1.23044E-06  -7.22762E-02
1.30000E+01 -1.50002E-01 1.31114E-06  -6.72847E-02
1.31000E+01 -1.45002E-01 1.39056E-06  -6.22856E-02
1.32000E+01 -1.40002E-01 1.46883E-06  -5.72716E-02
1.33000E+01 -1.35002E-01 1.54812E-06  -5.22688E-02
1.34000E+01 -1.30002E-01 1.63031E-06  -4.72504E-02
1.35000E+01 -1.25002E-01 1.71238E-06  -4.22732E-02
1.36000E+01 -1.20002E-01 1.79515E-06  -3.72741E-02
1.37000E+01 -1.15002E-01 1.87732E-06  -3.22564E-02
1.38000E+01 -1.10002E-01 1.96249E-06  -2.72611E-02
1.39000E+01 -1.05002E-01 2.04748E-06  -2.22602E-02
1.40000E+01 -1.00002E-01 2.13443E-06  -1.72811E-02
1.41000E+01 -9.50018E-02 2.22178E-06  -1.22702E-02
1.42000E+01 -9.00018E-02 2.31068E-06  -7.24367E-03
1.43000E+01 -8.50018E-02 2.40048E-06  -2.23587E-03
1.44000E+01 -8.00018E-02 2.48901E-06  2.75068E-03 
1.45000E+01 -7.50018E-02 2.57869E-06  7.74969E-03 
1.46000E+01 -7.00018E-02 2.66942E-06  1.27544E-02 
1.47000E+01 -6.50018E-02 2.76160E-06  1.77603E-02 
1.48000E+01 -6.00019E-02 2.84959E-06  2.27643E-02 
1.49000E+01 -5.50019E-02 2.94561E-06  2.77491E-02 
1.50000E+01 -5.00019E-02 3.02187E-06  3.27581E-02 
1.51000E+01 -4.50019E-02 3.12626E-06  3.77721E-02 
1.52000E+01 -4.00019E-02 3.23117E-06  4.27686E-02 
1.53000E+01 -3.50019E-02 3.33853E-06  4.77665E-02 
1.54000E+01 -3.00019E-02 3.44658E-06  5.27693E-02 
1.55000E+01 -2.50019E-02 3.53938E-06  5.77771E-02 
1.56000E+01 -2.00020E-02 3.65223E-06  6.27936E-02 
1.57000E+01 -1.50020E-02 3.76761E-06  6.77577E-02 
1.58000E+01 -1.00020E-02 3.87839E-06  7.27842E-02 
1.59000E+01 -5.00199E-03 3.98722E-06  7.78020E-02 
1.60000E+01 -2.00000E-06 4.09706E-06  8.28197E-02 
1.61000E+01 4.99799E-03  4.20656E-06  8.77807E-02 
1.62000E+01 9.99797E-03  4.31721E-06  9.27922E-02 
1.63000E+01 1.49980E-02  4.43052E-06  9.78019E-02 
1.64000E+01 1.99979E-02  4.54514E-06  1.02827E-01 
1.65000E+01 2.49979E-02  4.66199E-06  1.07799E-01 
1.66000E+01 2.99979E-02  4.78061E-06  1.12800E-01 
1.67000E+01 3.49979E-02  4.89990E-06  1.17812E-01 
1.68000E+01 3.99979E-02  5.02064E-06  1.22830E-01 
1.69000E+01 4.49979E-02  5.14155E-06  1.27814E-01 
1.70000E+01 4.99979E-02  5.26387E-06  1.32822E-01 
1.71000E+01 5.49979E-02  5.37711E-06  1.37835E-01 
1.72000E+01 5.99978E-02  5.50196E-06  1.42826E-01 
1.73000E+01 6.49978E-02  5.63542E-06  1.47835E-01 
1.74000E+01 6.99978E-02  5.77928E-06  1.52841E-01 
1.75000E+01 7.49978E-02  5.91586E-06  1.57853E-01 
1.76000E+01 7.99978E-02  6.04860E-06  1.62859E-01 
1.77000E+01 8.49978E-02  6.16251E-06  1.67838E-01 
1.78000E+01 8.99978E-02  6.30166E-06  1.72860E-01 
1.79000E+01 9.49978E-02  6.44068E-06  1.77880E-01 
1.80000E+01 9.99977E-02  6.59673E-06  1.82871E-01 
1.81000E+01 1.04998E-01  6.74713E-06  1.87849E-01 
1.82000E+01 1.09998E-01  6.90713E-06  1.92862E-01 
1.83000E+01 1.14998E-01  7.06386E-06  1.97866E-01 
1.84000E+01 1.19998E-01  7.22110E-06  2.02875E-01 
1.85000E+01 1.24998E-01  7.37802E-06  2.07869E-01 
1.86000E+01 1.29998E-01  7.53966E-06  2.12851E-01 
1.87000E+01 1.34998E-01  7.70375E-06  2.17884E-01 
1.88000E+01 1.39998E-01  7.87196E-06  2.22872E-01 
1.89000E+01 1.44998E-01  8.04259E-06  2.27897E-01 
1.90000E+01 1.49998E-01  8.21983E-06  2.32890E-01 
1.91000E+01 1.54998E-01  8.40019E-06  2.37884E-01 
1.92000E+01 1.59998E-01  8.58213E-06  2.42898E-01 
1.93000E+01 1.64998E-01  8.77072E-06  2.47898E-01 
1.94000E+01 1.69998E-01  8.96287E-06  2.52874E-01 
1.95000E+01 1.74998E-01  9.15859E-06  2.57916E-01 
1.96000E+01 1.79998E-01  9.35974E-06  2.62915E-01 
1.97000E+01 1.84998E-01  9.56400E-06  2.67912E-01 
1.98000E+01 1.89998E-01  9.77204E-06  2.72893E-01 
1.99000E+01 1.94998E-01  9.98482E-06  2.77889E-01 
1.99999E+01 1.99997E-01  1.02019E-05  2.82903E-01 
2.00999E+01 2.04997E-01  1.04256E-05  2.87896E-01 
2.01999E+01 2.09997E-01  1.06521E-05  2.92863E-01 
2.02999E+01 2.14997E-01  1.08815E-05  2.97892E-01 
2.03999E+01 2.19997E-01  1.11169E-05  3.02907E-01 
2.04999E+01 2.24997E-01  1.13573E-05  3.07914E-01 
2.05999E+01 2.29997E-01  1.16025E-05  3.12924E-01 
2.06999E+01 2.34997E-01  1.18515E-05  3.17946E-01 
2.07999E+01 2.39997E-01  1.21046E-05  3.22933E-01 
2.08999E+01 2.44997E-01  1.23636E-05  3.27934E-01 
2.09999E+01 2.49997E-01  1.26253E-05  3.32950E-01 
2.10999E+01 2.54997E-01  1.28925E-05  3.37953E-01 
2.11999E+01 2.59997E-01  1.31657E-05  3.42936E-01 
2.12999E+01 2.64997E-01  1.34395E-05  3.47933E-01 
2.13999E+01 2.69997E-01  1.37167E-05  3.52952E-01 
2.14999E+01 2.74997E-01  1.39992E-05  3.57941E-01 
2.15999E+01 2.79997E-01  1.42856E-05  3.62942E-01 
2.16999E+01 2.84997E-01  1.45744E-05  3.67951E-01 
2.17999E+01 2.89997E-01  1.48681E-05  3.72959E-01 
2.18999E+01 2.94997E-01  1.51671E-05  3.77976E-01 
2.19999E+01 2.99997E-01  1.54695E-05  3.82962E-01 
2.20999E+01 3.04997E-01  1.57754E-05  3.87946E-01 
2.21999E+01 3.09997E-01  1.60872E-05  3.92967E-01 
2.22999E+01 3.14997E-01  1.64013E-05  3.97991E-01 
2.23999E+01 3.19997E-01  1.67209E-05  4.02975E-01 
2.24999E+01 3.24997E-01  1.70434E-05  4.07973E-01 
2.25999E+01 3.29997E-01  1.73710E-05  4.12984E-01 
2.26999E+01 3.34997E-01  1.77035E-05  4.18007E-01 
2.27999E+01 3.39997E-01  1.80396E-05  4.23001E-01 
2.28999E+01 3.44997E-01  1.83816E-05  4.27986E-01 
2.29999E+01 3.49997E-01  1.87213E-05  4.32980E-01 
2.30999E+01 3.54997E-01  1.90675E-05  4.37984E-01 
2.31999E+01 3.59997E-01  1.94134E-05  4.42988E-01 
2.32999E+01 3.64997E-01  1.97695E-05  4.47997E-01 
2.33999E+01 3.69997E-01  2.01273E-05  4.53001E-01 
2.34999E+01 3.74997E-01  2.05449E-05  4.58027E-01 
2.35999E+01 3.79997E-01  2.09074E-05  4.62983E-01 
2.36999E+01 3.84997E-01  2.12733E-05  4.68009E-01 
2.37999E+01 3.89997E-01  2.16384E-05  4.73011E-01 
2.38999E+01 3.94997E-01  2.20090E-05  4.78025E-01 
2.39999E+01 3.99997E-01  2.23821E-05  4.83023E-01 
2.40999E+01 4.04997E-01  2.27539E-05  4.88045E-01 
2.41999E+01 4.09997E-01  2.31289E-05  4.93057E-01 
2.42999E+01 4.14997E-01  2.35032E-05  4.98030E-01 
2.43999E+01 4.19997E-01  2.38796E-05  5.03034E-01 
2.44999E+01 4.24997E-01  2.42431E-05  5.08055E-01 
2.45999E+01 4.29997E-01  2.45996E-05  5.13059E-01 
2.46999E+01 4.34997E-01  2.49792E-05  5.18039E-01 
2.47999E+01 4.39997E-01  2.53660E-05  5.23049E-01 
2.48999E+01 4.44997E-01  2.57540E-05  5.28038E-01 
2.49999E+01 4.49997E-01  2.61342E-05  5.33056E-01 
2.50999E+01 4.54997E-01  2.64758E-05  5.38044E-01 
2.51999E+01 4.59997E-01  2.68702E-05  5.43046E-01 
2.52999E+01 4.64997E-01  2.72257E-05  5.48062E-01 
2.53999E+01 4.69997E-01  2.75865E-05  5.53052E-01 
2.54999E+01 4.74997E-01  2.79504E-05  5.58046E-01 
2.55999E+01 4.79997E-01  2.83090E-05  5.63049E-01 
2.56999E+01 4.84997E-01  2.86593E-05  5.68062E-01 
2.57999E+01 4.89997E-01  2.90091E-05  5.73029E-01 
2.58999E+01 4.94997E-01  2.93559E-05  5.78056E-01 
2.59999E+01 4.99997E-01  2.96981E-05  5.83033E-01 
2.60999E+01 5.04997E-01  3.00379E-05  5.88059E-01 
2.61999E+01 5.09997E-01  3.03781E-05  5.93062E-01 
2.62999E+01 5.14997E-01  3.07148E-05  5.98056E-01 
2.63999E+01 5.19997E-01  3.10468E-05  6.03041E-01 
2.64999E+01 5.24997E-01  3.13720E-05  6.08062E-01 
2.65999E+01 5.29997E-01  3.16945E-05  6.13066E-01 
2.66999E+01 5.34997E-01  3.20204E-05  6.18057E-01 
2.67999E+01 5.39997E-01  3.23375E-05  6.23034E-01 
2.68999E+01 5.44997E-01  3.26591E-05  6.28067E-01 
2.69999E+01 5.49997E-01  3.29757E-05  6.33065E-01 
2.70999E+01 5.54997E-01  3.32880E-05  6.38087E-01 
2.71999E+01 5.59997E-01  3.35986E-05  6.43063E-01 
2.72999E+01 5.64997E-01  3.38991E-05  6.48096E-01 
2.73999E+01 5.69997E-01  3.41980E-05  6.53092E-01 
2.74999E+01 5.74997E-01  3.44912E-05  6.58100E-01 
2.75999E+01 5.79997E-01  3.47851E-05  6.63076E-01 
2.76999E+01 5.84997E-01  3.50750E-05  6.68081E-01 
2.77999E+01 5.89997E-01  3.53600E-05  6.73082E-01 
2.78999E+01 5.94997E-01  3.56200E-05  6.78117E-01 
2.79999E+01 5.99996E-01  3.58913E-05  6.83106E-01 
2.80999E+01 6.04996E-01  3.61825E-05  6.88106E-01 
2.81999E+01 6.09996E-01  3.64481E-05  6.93097E-01 
2.82999E+01 6.14996E-01  3.67119E-05  6.98111E-01 
2.83999E+01 6.19996E-01  3.69891E-05  7.03122E-01 
2.84999E+01 6.24996E-01  3.72846E-05  7.08121E-01 
2.85999E+01 6.29996E-01  3.74790E-05  7.13120E-01 
2.86999E+01 6.34996E-01  3.77543E-05  7.18126E-01 
2.87999E+01 6.39996E-01  3.80159E-05  7.23134E-01 
2.88999E+01 6.44996E-01  3.82758E-05  7.28133E-01 
2.89999E+01 6.49996E-01  3.85245E-05  7.33124E-01 
2.90999E+01 6.54996E-01  3.87575E-05  7.38126E-01 
2.91999E+01 6.59996E-01  3.89960E-05  7.43130E-01 
2.92999E+01 6.64996E-01  3.92377E-05  7.48136E-01 
2.93999E+01 6.69996E-01  3.94649E-05  7.53145E-01 
2.94999E+01 6.74996E-01  3.96875E-05  7.58148E-01 
2.95999E+01 6.79996E-01  3.99110E-05  7.63155E-01 
2.96999E+01 6.84996E-01  4.01302E-05  7.68145E-01 
2.97999E+01 6.89996E-01  4.03377E-05  7.73121E-01 
2.98999E+01 6.94996E-01  4.05441E-05  7.78148E-01 
2.99999E+01 6.99996E-01  4.07505E-05  7.83150E-01 
3.00999E+01 7.04996E-01  4.09412E-05  7.88182E-01 
3.01999E+01 7.09996E-01  4.11256E-05  7.93163E-01 
3.02999E+01 7.14996E-01  4.13092E-05  7.98184E-01 
3.03999E+01 7.19996E-01  4.14887E-05  8.03176E-01 
3.04999E+01 7.24996E-01  4.16596E-05  8.08180E-01 
3.05999E+01 7.29996E-01  4.18257E-05  8.13190E-01 
3.06999E+01 7.34996E-01  4.19888E-05  8.18183E-01 
3.07999E+01 7.39996E-01  4.21471E-05  8.23170E-01 
3.08999E+01 7.44996E-01  4.23125E-05  8.28180E-01 
3.09999E+01 7.49996E-01  4.24857E-05  8.33170E-01 
3.10999E+01 7.54996E-01  4.26557E-05  8.38198E-01 
3.11999E+01 7.59996E-01  4.28253E-05  8.43188E-01 
3.12999E+01 7.64996E-01  4.29982E-05  8.48167E-01 
3.13999E+01 7.69996E-01  4.31755E-05  8.53172E-01 
3.14999E+01 7.74996E-01  4.33644E-05  8.58186E-01 
3.15999E+01 7.79996E-01  4.35578E-05  8.63177E-01 
3.16999E+01 7.84996E-01  4.37578E-05  8.68165E-01 
3.17999E+01 7.89996E-01  4.39702E-05  8.73188E-01 
3.18999E+01 7.94996E-01  4.41910E-05  8.78209E-01 
3.19999E+01 7.99996E-01  4.44349E-05  8.83179E-01 
3.20999E+01 8.04996E-01  4.46906E-05  8.88168E-01 
3.21999E+01 8.09996E-01  4.49642E-05  8.93185E-01 
3.22999E+01 8.14996E-01  4.53289E-05  8.98211E-01 
3.23999E+01 8.19996E-01  4.55671E-05  9.03183E-01 
3.24999E+01 8.24996E-01  4.58931E-05  9.08202E-01 
3.25999E+01 8.29996E-01  4.62347E-05  9.13196E-01 
3.26999E+01 8.34996E-01  4.65966E-05  9.18204E-01 
3.27999E+01 8.39996E-01  4.69805E-05  9.23195E-01 
3.28999E+01 8.44996E-01  4.73700E-05  9.28197E-01 
3.29999E+01 8.49996E-01  4.77721E-05  9.33198E-01 
3.30999E+01 8.54996E-01  4.81852E-05  9.38231E-01 
3.31999E+01 8.59996E-01  4.85884E-05  9.43230E-01 
3.32999E+01 8.64996E-01  4.89851E-05  9.48235E-01 
3.33999E+01 8.69996E-01  4.93632E-05  9.53230E-01 
3.34999E+01 8.74996E-01  4.97302E-05  9.58251E-01 
3.35999E+01 8.79996E-01  5.00754E-05  9.63245E-01 
3.36999E+01 8.84996E-01  5.03654E-05  9.68263E-01 
3.37999E+01 8.89996E-01  5.06385E-05  9.73243E-01 
3.38999E+01 8.94996E-01  5.08910E-05  9.78269E-01 
3.39999E+01 8.99996E-01  5.10539E-05  9.83276E-01 
3.40999E+01 9.04996E-01  5.12124E-05  9.88254E-01 
3.41999E+01 9.09996E-01  5.13444E-05  9.93264E-01 
3.42999E+01 9.14996E-01  5.14496E-05  9.98280E-01 
3.43999E+01 9.19996E-01  5.15239E-05  1.00329E+00 
3.44999E+01 9.24996E-01  5.15905E-05  1.00829E+00 
3.45999E+01 9.29996E-01  5.16763E-05  1.01330E+00 
3.46999E+01 9.34996E-01  5.17070E-05  1.01829E+00 
3.47999E+01 9.39996E-01  5.17346E-05  1.02329E+00 
3.48999E+01 9.44996E-01  5.17051E-05  1.02827E+00 
3.49999E+01 9.49996E-01  5.16236E-05  1.03331E+00 
3.50999E+01 9.54996E-01  5.15936E-05  1.03827E+00 
3.51999E+01 9.59996E-01  5.15330E-05  1.04327E+00 
3.52999E+01 9.64996E-01  5.15339E-05  1.04829E+00 
3.53999E+01 9.69996E-01  5.14417E-05  1.05332E+00 
3.54999E+01 9.74996E-01  5.14423E-05  1.05832E+00 
3.55999E+01 9.79996E-01  5.13069E-05  1.06329E+00 
3.56999E+01 9.84996E-01  5.11630E-05  1.06830E+00 
3.57999E+01 9.89996E-01  5.10848E-05  1.07331E+00 
3.58999E+01 9.94996E-01  5.09546E-05  1.07830E+00 
3.59999E+01 9.99995E-01  5.09506E-05  1.08330E+00 
3.60999E+01 1.00500E+00  5.09861E-05  1.08832E+00 
3.61999E+01 1.01000E+00  5.10447E-05  1.09333E+00 
3.62999E+01 1.01500E+00  5.12925E-05  1.09833E+00 
3.63999E+01 1.02000E+00  5.14048E-05  1.10334E+00 
3.64999E+01 1.02500E+00  5.15440E-05  1.10837E+00 
3.65999E+01 1.03000E+00  5.17743E-05  1.11335E+00 
3.66999E+01 1.03500E+00  5.19315E-05  1.11838E+00 
3.67999E+01 1.04000E+00  5.20084E-05  1.12337E+00 
3.68999E+01 1.04500E+00  5.22341E-05  1.12836E+00 
3.69999E+01 1.05000E+00  5.25811E-05  1.13336E+00 
3.70999E+01 1.05500E+00  5.27965E-05  1.13836E+00 
3.71999E+01 1.06000E+00  5.27494E-05  1.14338E+00 
3.72999E+01 1.06500E+00  5.27710E-05  1.14838E+00 
3.73999E+01 1.07000E+00  5.31711E-05  1.15340E+00 
3.74999E+01 1.07500E+00  5.36052E-05  1.15836E+00 
3.75999E+01 1.08000E+00  5.40960E-05  1.16339E+00 
3.76999E+01 1.08500E+00  5.45395E-05  1.16839E+00 
3.77999E+01 1.09000E+00  5.50029E-05  1.17338E+00 
3.78999E+01 1.09500E+00  5.55426E-05  1.17838E+00 
3.79999E+01 1.10000E+00  5.60703E-05  1.18338E+00 
3.80999E+01 1.10500E+00  5.65233E-05  1.18840E+00 
3.81999E+01 1.11000E+00  5.70727E-05  1.19339E+00 
3.82999E+01 1.11500E+00  5.74715E-05  1.19837E+00 
3.83999E+01 1.12000E+00  5.80601E-05  1.20341E+00 
3.84999E+01 1.12500E+00  5.84733E-05  1.20842E+00 
3.85999E+01 1.13000E+00  5.89777E-05  1.21341E+00 
3.86999E+01 1.13500E+00  5.95080E-05  1.21840E+00 
3.87999E+01 1.14000E+00  6.00527E-05  1.22339E+00 
3.88999E+01 1.14500E+00  6.05453E-05  1.22842E+00 
3.89999E+01 1.15000E+00  6.10614E-05  1.23340E+00 
3.90999E+01 1.15500E+00  6.16227E-05  1.23842E+00 
3.91999E+01 1.16000E+00  6.21848E-05  1.24342E+00 
3.92999E+01 1.16500E+00  6.28104E-05  1.24843E+00 
3.93999E+01 1.17000E+00  6.34457E-05  1.25345E+00 
3.94999E+01 1.17500E+00  6.42535E-05  1.25846E+00 
3.95999E+01 1.18000E+00  6.50061E-05  1.26344E+00 
3.96999E+01 1.18500E+00  6.57317E-05  1.26842E+00 
3.97999E+01 1.19000E+00  6.65060E-05  1.27346E+00 
3.98999E+01 1.19500E+00  6.72714E-05  1.27844E+00 
3.99999E+01 1.19999E+00  6.80521E-05  1.28342E+00 
4.00999E+01 1.20499E+00  6.88638E-05  1.28842E+00 
4.01999E+01 1.20999E+00  6.96995E-05  1.29346E+00 
4.02999E+01 1.21499E+00  7.05186E-05  1.29848E+00 
4.03999E+01 1.21999E+00  7.15244E-05  1.30346E+00 
4.04999E+01 1.22499E+00  7.23243E-05  1.30845E+00 
4.05999E+01 1.22999E+00  7.32313E-05  1.31345E+00 
4.06999E+01 1.23499E+00  7.41200E-05  1.31846E+00 
4.07999E+01 1.23999E+00  7.50283E-05  1.32347E+00 
4.08999E+01 1.24499E+00  7.60067E-05  1.32846E+00 
4.09999E+01 1.24999E+00  7.71480E-05  1.33345E+00 
4.10999E+01 1.25499E+00  7.81510E-05  1.33847E+00 
4.11999E+01 1.25999E+00  7.91246E-05  1.34345E+00 
4.12999E+01 1.26499E+00  8.01262E-05  1.34846E+00 
4.13999E+01 1.26999E+00  8.12246E-05  1.35346E+00 
4.14999E+01 1.27499E+00  8.22656E-05  1.35849E+00 
4.15999E+01 1.27999E+00  8.33636E-05  1.36347E+00 
4.16999E+01 1.28499E+00  8.44959E-05  1.36849E+00 
4.17999E+01 1.28999E+00  8.56741E-05  1.37348E+00 
4.18999E+01 1.29499E+00  8.68600E-05  1.37848E+00 
4.19999E+01 1.29999E+00  8.81294E-05  1.38349E+00 
4.20999E+01 1.30499E+00  8.94007E-05  1.38847E+00 
4.21999E+01 1.30999E+00  9.06971E-05  1.39349E+00 
4.22999E+01 1.31499E+00  9.19731E-05  1.39851E+00 
4.23999E+01 1.31999E+00  9.33884E-05  1.40351E+00 
4.24999E+01 1.32499E+00  9.46805E-05  1.40849E+00 
4.25999E+01 1.32999E+00  9.64598E-05  1.41348E+00 
4.26999E+01 1.33499E+00  9.79622E-05  1.41851E+00 
4.27999E+01 1.33999E+00  9.95774E-05  1.42351E+00 
4.28999E+01 1.34499E+00  1.01084E-04  1.42852E+00 
4.29999E+01 1.34999E+00  1.02560E-04  1.43353E+00 
4.30999E+01 1.35499E+00  1.04013E-04  1.43855E+00 
4.31999E+01 1.35999E+00  1.05595E-04  1.44353E+00 
4.32999E+01 1.36499E+00  1.07353E-04  1.44855E+00 
4.33999E+01 1.36999E+00  1.09157E-04  1.45356E+00 
4.34999E+01 1.37499E+00  1.11030E-04  1.45856E+00 
4.35999E+01 1.37999E+00  1.13022E-04  1.46356E+00 
4.36999E+01 1.38499E+00  1.15377E-04  1.46857E+00 
4.37999E+01 1.38999E+00  1.17380E-04  1.47358E+00 
4.38999E+01 1.39499E+00  1.19384E-04  1.47857E+00 
4.39999E+01 1.39999E+00  1.21528E-04  1.48356E+00 
4.40999E+01 1.40499E+00  1.23755E-04  1.48859E+00 
4.41999E+01 1.40999E+00  1.26030E-04  1.49358E+00 
4.42999E+01 1.41499E+00  1.28319E-04  1.49858E+00 
4.43999E+01 1.41999E+00  1.30699E-04  1.50357E+00 
4.44999E+01 1.42499E+00  1.33129E-04  1.50860E+00 
4.45999E+01 1.42999E+00  1.35601E-04  1.51360E+00 
4.46999E+01 1.43499E+00  1.38130E-04  1.51858E+00 
4.47999E+01 1.43999E+00  1.40700E-04  1.52358E+00 
4.48999E+01 1.44499E+00  1.43354E-04  1.52859E+00 
4.49999E+01 1.44999E+00  1.46032E-04  1.53362E+00 
4.50999E+01 1.45499E+00  1.48750E-04  1.53861E+00 
4.51999E+01 1.45999E+00  1.51534E-04  1.54358E+00 
4.52999E+01 1.46499E+00  1.54282E-04  1.54860E+00 
4.53999E+01 1.46999E+00  1.57068E-04  1.55363E+00 
4.54999E+01 1.47499E+00  1.59892E-04  1.55861E+00 
4.55999E+01 1.47999E+00  1.62763E-04  1.56361E+00 
4.56999E+01 1.48499E+00  1.65660E-04  1.56859E+00 
4.57999E+01 1.48999E+00  1.68556E-04  1.57361E+00 
4.58999E+01 1.49499E+00  1.71451E-04  1.57865E+00 
4.59999E+01 1.49999E+00  1.74442E-04  1.58364E+00 
4.60999E+01 1.50499E+00  1.77463E-04  1.58862E+00 
4.61999E+01 1.50999E+00  1.80522E-04  1.59363E+00 
4.62999E+01 1.51499E+00  1.83694E-04  1.59862E+00 
4.63999E+01 1.51999E+00  1.86862E-04  1.60364E+00 
4.64999E+01 1.52499E+00  1.89946E-04  1.60866E+00 
4.65999E+01 1.52999E+00  1.93289E-04  1.61364E+00 
4.66999E+01 1.53499E+00  1.96717E-04  1.61863E+00 
4.67999E+01 1.53999E+00  2.00192E-04  1.62365E+00 
4.68999E+01 1.54499E+00  2.03721E-04  1.62863E+00 
4.69999E+01 1.54999E+00  2.07328E-04  1.63366E+00 
4.70999E+01 1.55499E+00  2.10969E-04  1.63865E+00 
4.71999E+01 1.55999E+00  2.15143E-04  1.64366E+00 
4.72999E+01 1.56499E+00  2.18876E-04  1.64867E+00 
4.73999E+01 1.56999E+00  2.22692E-04  1.65366E+00 
4.74999E+01 1.57499E+00  2.26607E-04  1.65864E+00 
4.75999E+01 1.57999E+00  2.30554E-04  1.66366E+00 
4.76999E+01 1.58499E+00  2.34457E-04  1.66868E+00 
4.77999E+01 1.58999E+00  2.38429E-04  1.67366E+00 
4.78999E+01 1.59499E+00  2.42451E-04  1.67867E+00 
4.79999E+01 1.59999E+00  2.46433E-04  1.68368E+00 
4.80999E+01 1.60499E+00  2.50557E-04  1.68867E+00 
4.81999E+01 1.60999E+00  2.54535E-04  1.69366E+00 
4.82999E+01 1.61499E+00  2.58582E-04  1.69866E+00 
4.83999E+01 1.61999E+00  2.62652E-04  1.70367E+00 
4.84999E+01 1.62499E+00  2.66659E-04  1.70869E+00 
4.85999E+01 1.62999E+00  2.70713E-04  1.71370E+00 
4.86999E+01 1.63499E+00  2.74754E-04  1.71868E+00 
4.87999E+01 1.63999E+00  2.78800E-04  1.72368E+00 
4.88999E+01 1.64499E+00  2.82847E-04  1.72870E+00 
4.89999E+01 1.64999E+00  2.86870E-04  1.73371E+00 
4.90999E+01 1.65499E+00  2.90813E-04  1.73870E+00 
4.91999E+01 1.65999E+00  2.94743E-04  1.74370E+00 
4.92999E+01 1.66499E+00  2.98706E-04  1.74871E+00 
4.93999E+01 1.66999E+00  3.02586E-04  1.75372E+00 
4.94999E+01 1.67499E+00  3.06268E-04  1.75873E+00 
4.95999E+01 1.67999E+00  3.10083E-04  1.76376E+00 
4.96999E+01 1.68499E+00  3.14032E-04  1.76873E+00 
4.97999E+01 1.68999E+00  3.17923E-04  1.77374E+00 
4.98999E+01 1.69499E+00  3.21664E-04  1.77876E+00 
4.99999E+01 1.69999E+00  3.25372E-04  1.78375E+00 
5.00999E+01 1.70499E+00  3.29042E-04  1.78876E+00 
5.01999E+01 1.70999E+00  3.32565E-04  1.79375E+00 
5.02999E+01 1.71499E+00  3.36027E-04  1.79874E+00 
5.03999E+01 1.71999E+00  3.39528E-04  1.80377E+00 
5.04999E+01 1.72499E+00  3.43011E-04  1.80878E+00 
5.05999E+01 1.72999E+00  3.46556E-04  1.81378E+00 
5.06999E+01 1.73499E+00  3.49955E-04  1.81877E+00 
5.07999E+01 1.73999E+00  3.53217E-04  1.82381E+00 
5.08999E+01 1.74499E+00  3.56469E-04  1.82878E+00 
5.09999E+01 1.74999E+00  3.59676E-04  1.83379E+00 
5.10999E+01 1.75499E+00  3.62788E-04  1.83878E+00 
5.11999E+01 1.75999E+00  3.65936E-04  1.84380E+00 
5.12999E+01 1.76499E+00  3.68957E-04  1.84881E+00 
5.13999E+01 1.76999E+00  3.72032E-04  1.85381E+00 
5.14999E+01 1.77499E+00  3.74985E-04  1.85879E+00 
5.15999E+01 1.77999E+00  3.77968E-04  1.86380E+00 
5.16999E+01 1.78499E+00  3.80845E-04  1.86882E+00 
5.17999E+01 1.78999E+00  3.83697E-04  1.87379E+00 
5.18999E+01 1.79499E+00  3.86589E-04  1.87880E+00 
5.19999E+01 1.79999E+00  3.89199E-04  1.88381E+00 
5.20999E+01 1.79499E+00  3.80532E-04  1.87881E+00 
5.21999E+01 1.78999E+00  3.72245E-04  1.87380E+00 
5.22999E+01 1.78499E+00  3.64295E-04  1.86880E+00 
5.23999E+01 1.77999E+00  3.56491E-04  1.86381E+00 
5.24999E+01 1.77499E+00  3.48920E-04  1.85880E+00 
5.25999E+01 1.76999E+00  3.41508E-04  1.85380E+00 
5.26999E+01 1.76499E+00  3.34287E-04  1.84881E+00 
5.27999E+01 1.75999E+00  3.27169E-04  1.84379E+00 
5.28999E+01 1.75499E+00  3.20133E-04  1.83878E+00 
5.29999E+01 1.74999E+00  3.13289E-04  1.83380E+00 
5.30999E+01 1.74499E+00  3.06541E-04  1.82879E+00 
5.31999E+01 1.73999E+00  3.00076E-04  1.82378E+00 
5.32999E+01 1.73499E+00  2.93450E-04  1.81877E+00 
5.33999E+01 1.72999E+00  2.87100E-04  1.81380E+00 
5.34999E+01 1.72499E+00  2.80905E-04  1.80879E+00 
5.35999E+01 1.71999E+00  2.74735E-04  1.80378E+00 
5.36999E+01 1.71499E+00  2.68731E-04  1.79876E+00 
5.37999E+01 1.70999E+00  2.62890E-04  1.79374E+00 
5.38999E+01 1.70499E+00  2.57148E-04  1.78877E+00 
5.39999E+01 1.69999E+00  2.51502E-04  1.78379E+00 
5.40999E+01 1.69499E+00  2.45973E-04  1.77876E+00 
5.41999E+01 1.68999E+00  2.40562E-04  1.77375E+00 
5.42999E+01 1.68499E+00  2.35197E-04  1.76875E+00 
5.43999E+01 1.67999E+00  2.29945E-04  1.76375E+00 
5.44999E+01 1.67499E+00  2.24869E-04  1.75874E+00 
5.45999E+01 1.66999E+00  2.19870E-04  1.75371E+00 
5.46999E+01 1.66499E+00  2.14951E-04  1.74870E+00 
5.47999E+01 1.65999E+00  2.10116E-04  1.74371E+00 
5.48999E+01 1.65499E+00  2.05331E-04  1.73870E+00 
5.49999E+01 1.64999E+00  2.00644E-04  1.73369E+00 
5.50999E+01 1.64499E+00  1.96034E-04  1.72870E+00 
5.51999E+01 1.63999E+00  1.91585E-04  1.72369E+00 
5.52999E+01 1.63499E+00  1.87104E-04  1.71869E+00 
5.53999E+01 1.62999E+00  1.82714E-04  1.71369E+00 
5.54999E+01 1.62499E+00  1.78429E-04  1.70868E+00 
5.55999E+01 1.61999E+00  1.74226E-04  1.70367E+00 
5.56999E+01 1.61499E+00  1.70037E-04  1.69866E+00 
5.57999E+01 1.60999E+00  1.65976E-04  1.69368E+00 
5.58999E+01 1.60499E+00  1.61923E-04  1.68867E+00 
5.59999E+01 1.59999E+00  1.58012E-04  1.68367E+00 
5.60999E+01 1.59499E+00  1.54150E-04  1.67867E+00 
5.61999E+01 1.58999E+00  1.50360E-04  1.67367E+00 
5.62999E+01 1.58499E+00  1.46588E-04  1.66869E+00 
5.63999E+01 1.57999E+00  1.42927E-04  1.66368E+00 
5.64999E+01 1.57499E+00  1.39326E-04  1.65867E+00 
5.65999E+01 1.56999E+00  1.35756E-04  1.65368E+00 
5.66999E+01 1.56499E+00  1.32285E-04  1.64868E+00 
5.67999E+01 1.55999E+00  1.28845E-04  1.64365E+00 
5.68999E+01 1.55499E+00  1.25457E-04  1.63865E+00 
5.69999E+01 1.54999E+00  1.22126E-04  1.63366E+00 
5.70999E+01 1.54499E+00  1.18892E-04  1.62866E+00 
5.71999E+01 1.53999E+00  1.15728E-04  1.62367E+00 
5.72999E+01 1.53499E+00  1.12569E-04  1.61864E+00 
5.73999E+01 1.52999E+00  1.09468E-04  1.61366E+00 
5.74999E+01 1.52499E+00  1.06413E-04  1.60865E+00 
5.75999E+01 1.51999E+00  1.03460E-04  1.60366E+00 
5.76999E+01 1.51499E+00  1.00563E-04  1.59864E+00 
5.77999E+01 1.50999E+00  9.76948E-05  1.59363E+00 
5.78999E+01 1.50499E+00  9.48686E-05  1.58863E+00 
5.79999E+01 1.49999E+00  9.20916E-05  1.58365E+00 
5.80999E+01 1.49499E+00  8.93864E-05  1.57862E+00 
5.81999E+01 1.48999E+00  8.67234E-05  1.57361E+00 
5.82999E+01 1.48499E+00  8.40916E-05  1.56859E+00 
5.83999E+01 1.47999E+00  8.16084E-05  1.56361E+00 
5.84999E+01 1.47499E+00  7.90216E-05  1.55859E+00 
5.85999E+01 1.46999E+00  7.65485E-05  1.55360E+00 
5.86999E+01 1.46499E+00  7.41783E-05  1.54859E+00 
5.87999E+01 1.45999E+00  7.17916E-05  1.54358E+00 
5.88999E+01 1.45499E+00  6.94882E-05  1.53860E+00 
5.89999E+01 1.44999E+00  6.72669E-05  1.53360E+00 
5.90999E+01 1.44499E+00  6.50496E-05  1.52859E+00 
5.91999E+01 1.43999E+00  6.28688E-05  1.52356E+00 
5.92999E+01 1.43499E+00  6.07665E-05  1.51859E+00 
5.93999E+01 1.42999E+00  5.87351E-05  1.51359E+00 
5.94999E+01 1.42499E+00  5.67697E-05  1.50856E+00 
5.95999E+01 1.41999E+00  5.48303E-05  1.50356E+00 
5.96999E+01 1.41499E+00  5.29953E-05  1.49857E+00 
5.97999E+01 1.40999E+00  5.11358E-05  1.49357E+00 
5.98999E+01 1.40499E+00  4.93223E-05  1.48857E+00 
5.99998E+01 1.39999E+00  4.75623E-05  1.48354E+00 
6.00998E+01 1.39499E+00  4.59020E-05  1.47856E+00 
6.01998E+01 1.38999E+00  4.44081E-05  1.47356E+00 
6.02998E+01 1.38499E+00  4.28257E-05  1.46855E+00 
6.03998E+01 1.37999E+00  4.11184E-05  1.46355E+00 
6.04998E+01 1.37499E+00  3.96020E-05  1.45853E+00 
6.05998E+01 1.36999E+00  3.81598E-05  1.45353E+00 
6.06998E+01 1.36499E+00  3.67595E-05  1.44855E+00 
6.07998E+01 1.35999E+00  3.49361E-05  1.44353E+00 
6.08998E+01 1.35499E+00  3.36473E-05  1.43855E+00 
6.09998E+01 1.34999E+00  3.23629E-05  1.43354E+00 
6.10998E+01 1.34499E+00  3.11375E-05  1.42850E+00 
6.11998E+01 1.33999E+00  2.99589E-05  1.42349E+00 
6.12998E+01 1.33499E+00  2.88216E-05  1.41850E+00 
6.13998E+01 1.32999E+00  2.77202E-05  1.41347E+00 
6.14998E+01 1.32499E+00  2.68077E-05  1.40848E+00 
6.15998E+01 1.31999E+00  2.57795E-05  1.40349E+00 
6.16998E+01 1.31499E+00  2.47339E-05  1.39852E+00 
6.17998E+01 1.30999E+00  2.37759E-05  1.39350E+00 
6.18998E+01 1.30499E+00  2.28689E-05  1.38848E+00 
6.19998E+01 1.29999E+00  2.20205E-05  1.38350E+00 
6.20998E+01 1.29499E+00  2.12273E-05  1.37852E+00 
6.21998E+01 1.28999E+00  2.04397E-05  1.37347E+00 
6.22998E+01 1.28499E+00  1.96938E-05  1.36849E+00 
6.23998E+01 1.27999E+00  1.89844E-05  1.36348E+00 
6.24998E+01 1.27499E+00  1.83108E-05  1.35849E+00 
6.25998E+01 1.26999E+00  1.76635E-05  1.35347E+00 
6.26998E+01 1.26499E+00  1.70464E-05  1.34847E+00 
6.27998E+01 1.25999E+00  1.64638E-05  1.34348E+00 
6.28998E+01 1.25499E+00  1.59148E-05  1.33848E+00 
6.29998E+01 1.24999E+00  1.54086E-05  1.33346E+00 
6.30998E+01 1.24499E+00  1.49526E-05  1.32844E+00 
6.31998E+01 1.23999E+00  1.45238E-05  1.32347E+00 
6.32998E+01 1.23499E+00  1.40537E-05  1.31845E+00 
6.33998E+01 1.22999E+00  1.35961E-05  1.31347E+00 
6.34998E+01 1.22499E+00  1.31800E-05  1.30846E+00 
6.35998E+01 1.21999E+00  1.27871E-05  1.30345E+00 
6.36998E+01 1.21499E+00  1.24320E-05  1.29845E+00 
6.37998E+01 1.20999E+00  1.20715E-05  1.29345E+00 
6.38998E+01 1.20499E+00  1.17315E-05  1.28845E+00 
6.39998E+01 1.19999E+00  1.14210E-05  1.28344E+00 
6.40998E+01 1.19500E+00  1.11284E-05  1.27845E+00 
6.41998E+01 1.19000E+00  1.08757E-05  1.27344E+00 
6.42998E+01 1.18500E+00  1.06513E-05  1.26844E+00 
6.43998E+01 1.18000E+00  1.05527E-05  1.26341E+00 
6.44998E+01 1.17500E+00  1.03042E-05  1.25844E+00 
6.45998E+01 1.17000E+00  1.00059E-05  1.25343E+00 
6.46998E+01 1.16500E+00  9.72626E-06  1.24844E+00 
6.47998E+01 1.16000E+00  9.47100E-06  1.24341E+00 
6.48998E+01 1.15500E+00  9.24450E-06  1.23839E+00 
6.49998E+01 1.15000E+00  9.03198E-06  1.23340E+00 
6.50998E+01 1.14500E+00  8.83732E-06  1.22841E+00 
6.51998E+01 1.14000E+00  8.65217E-06  1.22338E+00 
6.52998E+01 1.13500E+00  8.47564E-06  1.21838E+00 
6.53998E+01 1.13000E+00  8.30965E-06  1.21337E+00 
6.54998E+01 1.12500E+00  8.15174E-06  1.20838E+00 
6.55998E+01 1.12000E+00  8.00402E-06  1.20338E+00 
6.56998E+01 1.11500E+00  7.85909E-06  1.19837E+00 
6.57998E+01 1.11000E+00  7.72789E-06  1.19336E+00 
6.58998E+01 1.10500E+00  7.59225E-06  1.18835E+00 
6.59998E+01 1.10000E+00  7.46366E-06  1.18337E+00 
6.60998E+01 1.09500E+00  7.34589E-06  1.17834E+00 
6.61998E+01 1.09000E+00  7.23279E-06  1.17336E+00 
6.62998E+01 1.08500E+00  7.12354E-06  1.16836E+00 
6.63998E+01 1.08000E+00  7.01927E-06  1.16338E+00 
6.64998E+01 1.07500E+00  6.91634E-06  1.15836E+00 
6.65998E+01 1.07000E+00  6.82101E-06  1.15335E+00 
6.66998E+01 1.06500E+00  6.72229E-06  1.14836E+00 
6.67998E+01 1.06000E+00  6.62414E-06  1.14337E+00 
6.68998E+01 1.05500E+00  6.53523E-06  1.13832E+00 
6.69998E+01 1.05000E+00  6.44438E-06  1.13333E+00 
6.70998E+01 1.04500E+00  6.35660E-06  1.12836E+00 
6.71998E+01 1.04000E+00  6.27232E-06  1.12334E+00 
6.72998E+01 1.03500E+00  6.19137E-06  1.11835E+00 
6.73998E+01 1.03000E+00  6.11188E-06  1.11333E+00 
6.74998E+01 1.02500E+00  6.03443E-06  1.10834E+00 
6.75998E+01 1.02000E+00  5.95440E-06  1.10333E+00 
6.76998E+01 1.01500E+00  5.87882E-06  1.09832E+00 
6.77998E+01 1.01000E+00  6.21281E-06  1.09331E+00 
6.78998E+01 1.00500E+00  6.36435E-06  1.08831E+00 
6.79998E+01 9.99995E-01  5.90286E-06  1.08329E+00 
6.80998E+01 9.94996E-01  5.71633E-06  1.07832E+00 
6.81998E+01 9.89996E-01  5.58841E-06  1.07330E+00 
6.82998E+01 9.84996E-01  5.47396E-06  1.06833E+00 
6.83998E+01 9.79996E-01  5.37839E-06  1.06329E+00 
6.84998E+01 9.74996E-01  5.28551E-06  1.05830E+00 
6.85998E+01 9.69996E-01  5.20401E-06  1.05332E+00 
6.86998E+01 9.64996E-01  5.12432E-06  1.04830E+00 
6.87998E+01 9.59996E-01  5.04397E-06  1.04328E+00 
6.88998E+01 9.54996E-01  4.96529E-06  1.03830E+00 
6.89998E+01 9.49996E-01  4.88663E-06  1.03329E+00 
6.90998E+01 9.44996E-01  4.80755E-06  1.02828E+00 
6.91998E+01 9.39996E-01  4.73234E-06  1.02327E+00 
6.92998E+01 9.34996E-01  4.66079E-06  1.01828E+00 
6.93998E+01 9.29996E-01  4.58798E-06  1.01328E+00 
6.94998E+01 9.24996E-01  4.51775E-06  1.00829E+00 
6.95998E+01 9.19996E-01  4.44699E-06  1.00327E+00 
6.96998E+01 9.14996E-01  4.37208E-06  9.98275E-01 
6.97998E+01 9.09996E-01  4.30012E-06  9.93271E-01 
6.98998E+01 9.04996E-01  4.23174E-06  9.88274E-01 
6.99998E+01 8.99996E-01  4.16641E-06  9.83253E-01 
7.00998E+01 8.94996E-01  4.09775E-06  9.78284E-01 
7.01998E+01 8.89996E-01  4.02009E-06  9.73244E-01 
7.02998E+01 8.84996E-01  3.93394E-06  9.68260E-01 
7.03998E+01 8.79996E-01  3.82099E-06  9.63243E-01 
7.04998E+01 8.74996E-01  3.75436E-06  9.58225E-01 
7.05998E+01 8.69996E-01  3.69361E-06  9.53214E-01 
7.06998E+01 8.64996E-01  3.63608E-06  9.48228E-01 
7.07998E+01 8.59996E-01  3.56773E-06  9.43225E-01 
7.08998E+01 8.54996E-01  3.50040E-06  9.38234E-01 
7.09998E+01 8.49996E-01  3.42707E-06  9.33194E-01 
7.10998E+01 8.44996E-01  3.35027E-06  9.28190E-01 
7.11998E+01 8.39996E-01  3.27479E-06  9.23193E-01 
7.12998E+01 8.34996E-01  3.19687E-06  9.18214E-01 
7.13998E+01 8.29996E-01  3.12073E-06  9.13178E-01 
7.14998E+01 8.24996E-01  3.04768E-06  9.08173E-01 
7.15998E+01 8.19996E-01  2.97170E-06  9.03179E-01 
7.16998E+01 8.14996E-01  2.89802E-06  8.98204E-01 
7.17998E+01 8.09996E-01  2.82513E-06  8.93197E-01 
7.18998E+01 8.04996E-01  2.75396E-06  8.88178E-01 
7.19998E+01 7.99996E-01  2.68081E-06  8.83194E-01 
7.20998E+01 7.94996E-01  2.60294E-06  8.78205E-01 
7.21998E+01 7.89996E-01  2.52941E-06  8.73185E-01 
7.22998E+01 7.84996E-01  2.45189E-06  8.68184E-01 
7.23998E+01 7.79996E-01  2.37767E-06  8.63205E-01 
7.24998E+01 7.74996E-01  2.29973E-06  8.58199E-01 
7.25998E+01 7.69996E-01  2.22210E-06  8.53194E-01 
7.26998E+01 7.64996E-01  2.14265E-06  8.48175E-01 
7.27998E+01 7.59996E-01  2.06347E-06  8.43184E-01 
7.28998E+01 7.54996E-01  1.98219E-06  8.38185E-01 
7.29998E+01 7.49996E-01  1.90407E-06  8.33184E-01 
7.30998E+01 7.44996E-01  1.82493E-06  8.28175E-01 
7.31998E+01 7.39996E-01  1.74636E-06  8.23178E-01 
7.32998E+01 7.34996E-01  1.66848E-06  8.18201E-01 
7.33998E+01 7.29996E-01  1.58445E-06  8.13206E-01 
7.34998E+01 7.24996E-01  1.50323E-06  8.08169E-01 
7.35998E+01 7.19996E-01  1.42081E-06  8.03168E-01 
7.36998E+01 7.14996E-01  1.33888E-06  7.98171E-01 
7.37998E+01 7.09996E-01  1.25406E-06  7.93146E-01 
7.38998E+01 7.04996E-01  1.16306E-06  7.88160E-01 
7.39998E+01 6.99996E-01  1.07155E-06  7.83151E-01 
7.40998E+01 6.94996E-01  9.81269E-07  7.78122E-01 
7.41998E+01 6.89996E-01  8.93870E-07  7.73113E-01 
7.42998E+01 6.84996E-01  8.08434E-07  7.68136E-01 
7.43998E+01 6.79996E-01  7.19173E-07  7.63145E-01 
7.44998E+01 6.74996E-01  6.23010E-07  7.58132E-01 
7.45998E+01 6.69996E-01  5.27781E-07  7.53110E-01 
7.46998E+01 6.64996E-01  4.34171E-07  7.48096E-01 
7.47998E+01 6.59996E-01  3.41088E-07  7.43120E-01 
7.48998E+01 6.54996E-01  2.44672E-07  7.38122E-01 
7.49998E+01 6.49996E-01  1.46982E-07  7.33099E-01 
7.50998E+01 6.44996E-01  4.82583E-08  7.28083E-01 
7.51998E+01 6.39996E-01  -5.04533E-08 7.23112E-01 
7.52998E+01 6.34996E-01  -1.43189E-07 7.18099E-01 
7.53998E+01 6.29996E-01  -2.42485E-07 7.13100E-01 
7.54998E+01 6.24996E-01  -3.42426E-07 7.08098E-01 
7.55998E+01 6.19996E-01  -4.50361E-07 7.03098E-01 
7.56998E+01 6.14996E-01  -5.60660E-07 6.98086E-01 
7.57998E+01 6.09996E-01  -6.66391E-07 6.93084E-01 
7.58998E+01 6.04996E-01  -7.75009E-07 6.88070E-01 
7.59998E+01 5.99996E-01  -8.83803E-07 6.83062E-01 
7.60998E+01 5.94997E-01  -9.94327E-07 6.78075E-01 
7.61998E+01 5.89997E-01  -1.10415E-06 6.73074E-01 
7.62998E+01 5.84997E-01  -1.21709E-06 6.68057E-01 
7.63998E+01 5.79997E-01  -1.32777E-06 6.63048E-01 
7.64998E+01 5.74997E-01  -1.44299E-06 6.58069E-01 
7.65998E+01 5.69997E-01  -1.55598E-06 6.53075E-01 
7.66998E+01 5.64997E-01  -1.67193E-06 6.48041E-01 
7.67998E+01 5.59997E-01  -1.78604E-06 6.43068E-01 
7.68998E+01 5.54997E-01  -1.90559E-06 6.38067E-01 
7.69998E+01 5.49997E-01  -2.02475E-06 6.33062E-01 
7.70998E+01 5.44997E-01  -2.14554E-06 6.28049E-01 
7.71998E+01 5.39997E-01  -2.26793E-06 6.23026E-01 
7.72998E+01 5.34997E-01  -2.38705E-06 6.18026E-01 
7.73998E+01 5.29997E-01  -2.51540E-06 6.13037E-01 
7.74998E+01 5.24997E-01  -2.63992E-06 6.08033E-01 
7.75998E+01 5.19997E-01  -2.76868E-06 6.03009E-01 
7.76998E+01 5.14997E-01  -2.89605E-06 5.98048E-01 
7.77998E+01 5.09997E-01  -3.02758E-06 5.93035E-01 
7.78998E+01 5.04997E-01  -3.15636E-06 5.88018E-01 
7.79998E+01 4.99997E-01  -3.29237E-06 5.83014E-01 
7.80998E+01 4.94997E-01  -3.43029E-06 5.78022E-01 
7.81998E+01 4.89997E-01  -3.57126E-06 5.73027E-01 
7.82998E+01 4.84997E-01  -3.71467E-06 5.68030E-01 
7.83998E+01 4.79997E-01  -3.86007E-06 5.63022E-01 
7.84998E+01 4.74997E-01  -4.01085E-06 5.58020E-01 
7.85998E+01 4.69997E-01  -4.16258E-06 5.53011E-01 
7.86998E+01 4.64997E-01  -4.32129E-06 5.48001E-01 
7.87998E+01 4.59997E-01  -4.48505E-06 5.42989E-01 
7.88998E+01 4.54997E-01  -4.65240E-06 5.38011E-01 
7.89998E+01 4.49997E-01  -4.82636E-06 5.33012E-01 
7.90998E+01 4.44997E-01  -5.00302E-06 5.28006E-01 
7.91998E+01 4.39997E-01  -5.18942E-06 5.22972E-01 
7.92998E+01 4.34997E-01  -5.37823E-06 5.17976E-01 
7.93998E+01 4.29997E-01  -5.57343E-06 5.12996E-01 
7.94998E+01 4.24997E-01  -5.77445E-06 5.08007E-01 
7.95998E+01 4.19997E-01  -5.98240E-06 5.02974E-01 
7.96998E+01 4.14997E-01  -6.19566E-06 4.97981E-01 
7.97998E+01 4.09997E-01  -6.41576E-06 4.93008E-01 
7.98998E+01 4.04997E-01  -6.64062E-06 4.87989E-01 
7.99998E+01 3.99997E-01  -6.87354E-06 4.82961E-01 
8.00998E+01 3.94997E-01  -7.11005E-06 4.77958E-01 
8.01998E+01 3.89997E-01  -7.35526E-06 4.72947E-01 
8.02998E+01 3.84997E-01  -7.60837E-06 4.67957E-01 
8.03998E+01 3.79997E-01  -7.86768E-06 4.62948E-01 
8.04998E+01 3.74997E-01  -8.12673E-06 4.57956E-01 
8.05998E+01 3.69997E-01  -8.40048E-06 4.52935E-01 
8.06998E+01 3.64997E-01  -8.67526E-06 4.47944E-01 
8.07998E+01 3.59997E-01  -8.96506E-06 4.42918E-01 
8.08998E+01 3.54997E-01  -9.25171E-06 4.37933E-01 
8.09998E+01 3.49997E-01  -9.54621E-06 4.32951E-01 
8.10998E+01 3.44997E-01  -9.84296E-06 4.27938E-01 
8.11998E+01 3.39997E-01  -1.01496E-05 4.22956E-01 
8.12998E+01 3.34997E-01  -1.04562E-05 4.17955E-01 
8.13998E+01 3.29997E-01  -1.07699E-05 4.12924E-01 
8.14998E+01 3.24997E-01  -1.10877E-05 4.07909E-01 
8.15998E+01 3.19997E-01  -1.14127E-05 4.02894E-01 
8.16998E+01 3.14997E-01  -1.17415E-05 3.97916E-01 
8.17998E+01 3.09997E-01  -1.20735E-05 3.92894E-01 
8.18998E+01 3.04997E-01  -1.24180E-05 3.87901E-01 
8.19998E+01 2.99997E-01  -1.27681E-05 3.82897E-01 
8.20998E+01 2.94997E-01  -1.31174E-05 3.77903E-01 
8.21998E+01 2.89997E-01  -1.34771E-05 3.72881E-01 
8.22998E+01 2.84997E-01  -1.38435E-05 3.67894E-01 
8.23998E+01 2.79997E-01  -1.42105E-05 3.62890E-01 
8.24998E+01 2.74997E-01  -1.45837E-05 3.57887E-01 
8.25998E+01 2.69997E-01  -1.49640E-05 3.52904E-01 
8.26998E+01 2.64997E-01  -1.53504E-05 3.47878E-01 
8.27998E+01 2.59997E-01  -1.57381E-05 3.42873E-01 
8.28998E+01 2.54997E-01  -1.61337E-05 3.37893E-01 
8.29998E+01 2.49997E-01  -1.65329E-05 3.32898E-01 
8.30998E+01 2.44997E-01  -1.69325E-05 3.27888E-01 
8.31998E+01 2.39997E-01  -1.73374E-05 3.22868E-01 
8.32998E+01 2.34997E-01  -1.77442E-05 3.17894E-01 
8.33998E+01 2.29997E-01  -1.81570E-05 3.12883E-01 
8.34998E+01 2.24997E-01  -1.85757E-05 3.07895E-01 
8.35998E+01 2.19997E-01  -1.89939E-05 3.02876E-01 
8.36998E+01 2.14997E-01  -1.94160E-05 2.97874E-01 
8.37998E+01 2.09997E-01  -1.98415E-05 2.92840E-01 
8.38998E+01 2.04997E-01  -2.02724E-05 2.87861E-01 
8.39998E+01 1.99997E-01  -2.07052E-05 2.82858E-01 
8.40998E+01 1.94998E-01  -2.11424E-05 2.77842E-01 
8.41998E+01 1.89998E-01  -2.15471E-05 2.72829E-01 
8.42998E+01 1.84998E-01  -2.19892E-05 2.67882E-01 
8.43998E+01 1.79998E-01  -2.24359E-05 2.62852E-01 
8.44998E+01 1.74998E-01  -2.28896E-05 2.57855E-01 
8.45998E+01 1.69998E-01  -2.33409E-05 2.52839E-01 
8.46998E+01 1.64998E-01  -2.37961E-05 2.47851E-01 
8.47998E+01 1.59998E-01  -2.42580E-05 2.42849E-01 
8.48998E+01 1.54998E-01  -2.47220E-05 2.37850E-01 
8.49998E+01 1.49998E-01  -2.51865E-05 2.32845E-01 
8.50998E+01 1.44998E-01  -2.56532E-05 2.27831E-01 
8.51998E+01 1.39998E-01  -2.61265E-05 2.22846E-01 
8.52998E+01 1.34998E-01  -2.66005E-05 2.17840E-01 
8.53998E+01 1.29998E-01  -2.70789E-05 2.12832E-01 
8.54998E+01 1.24998E-01  -2.75619E-05 2.07845E-01 
8.55998E+01 1.19998E-01  -2.80518E-05 2.02844E-01 
8.56998E+01 1.14998E-01  -2.85439E-05 1.97842E-01 
8.57998E+01 1.09998E-01  -2.90341E-05 1.92834E-01 
8.58998E+01 1.04998E-01  -2.95297E-05 1.87822E-01 
8.59998E+01 9.99977E-02  -3.00318E-05 1.82825E-01 
8.60998E+01 9.49978E-02  -3.05388E-05 1.77816E-01 
8.61998E+01 8.99978E-02  -3.10537E-05 1.72835E-01 
8.62998E+01 8.49978E-02  -3.15788E-05 1.67805E-01 
8.63998E+01 7.99978E-02  -3.21104E-05 1.62804E-01 
8.64998E+01 7.49978E-02  -3.26851E-05 1.57803E-01 
8.65998E+01 6.99978E-02  -3.36310E-05 1.52790E-01 
8.66998E+01 6.49978E-02  -3.39374E-05 1.47780E-01 
8.67998E+01 5.99978E-02  -3.43151E-05 1.42790E-01 
8.68998E+01 5.49979E-02  -3.49138E-05 1.37777E-01 
8.69998E+01 4.99979E-02  -3.55102E-05 1.32763E-01 
8.70998E+01 4.49979E-02  -3.61663E-05 1.27774E-01 
8.71998E+01 3.99979E-02  -3.67972E-05 1.22772E-01 
8.72998E+01 3.49979E-02  -3.74432E-05 1.17781E-01 
8.73998E+01 2.99979E-02  -3.80752E-05 1.12752E-01 
8.74998E+01 2.49979E-02  -3.87412E-05 1.07761E-01 
8.75998E+01 1.99979E-02  -3.93758E-05 1.02779E-01 
8.76998E+01 1.49980E-02  -4.00296E-05 9.77813E-02 
8.77998E+01 9.99797E-03  -4.07071E-05 9.27579E-02 
8.78998E+01 4.99799E-03  -4.14852E-05 8.77757E-02 
8.79998E+01 -2.00000E-06 -4.24408E-05 8.27704E-02 
8.80998E+01 -5.00199E-03 -4.33628E-05 7.77745E-02 
8.81998E+01 -1.00020E-02 -4.30715E-05 7.27561E-02 
8.82998E+01 -1.50020E-02 -4.36399E-05 6.77470E-02 
8.83998E+01 -2.00020E-02 -4.43876E-05 6.27642E-02 
8.84998E+01 -2.50019E-02 -4.51605E-05 5.77496E-02 
8.85998E+01 -3.00019E-02 -4.59292E-05 5.27405E-02 
8.86998E+01 -3.50019E-02 -4.67038E-05 4.77496E-02 
8.87998E+01 -4.00019E-02 -4.74846E-05 4.27493E-02 
8.88998E+01 -4.50019E-02 -4.82910E-05 3.77546E-02 
8.89998E+01 -5.00019E-02 -4.90873E-05 3.27393E-02 
8.90998E+01 -5.50019E-02 -4.99172E-05 2.77334E-02 
8.91998E+01 -6.00019E-02 -5.07775E-05 2.27232E-02 
8.92998E+01 -6.50018E-02 -5.16624E-05 1.77316E-02 
8.93998E+01 -7.00018E-02 -5.25870E-05 1.27456E-02 
8.94998E+01 -7.50018E-02 -5.35570E-05 7.74473E-03 
8.95998E+01 -8.00018E-02 -5.45603E-05 2.73693E-03 
8.96998E+01 -8.50018E-02 -5.55900E-05 -2.23710E-03
8.97998E+01 -9.00018E-02 -5.66923E-05 -7.27050E-03
8.98998E+01 -9.50018E-02 -5.78364E-05 -1.22633E-02
8.99998E+01 -1.00002E-01 -5.90184E-05 -1.72855E-02
9.00998E+01 -1.05002E-01 -6.02736E-05 -2.22764E-02
9.01998E+01 -1.10002E-01 -6.15275E-05 -2.72711E-02
9.02998E+01 -1.15002E-01 -6.28077E-05 -3.22976E-02
9.03998E+01 -1.20002E-01 -6.42193E-05 -3.72804E-02
9.04998E+01 -1.25002E-01 -6.56992E-05 -4.22963E-02
9.05998E+01 -1.30002E-01 -6.72311E-05 -4.72916E-02
9.06998E+01 -1.35002E-01 -6.88264E-05 -5.22944E-02
9.07998E+01 -1.40002E-01 -7.04913E-05 -5.72966E-02
9.08998E+01 -1.45002E-01 -7.22183E-05 -6.23181E-02
9.09998E+01 -1.50002E-01 -7.40655E-05 -6.72959E-02
9.10998E+01 -1.55002E-01 -7.59227E-05 -7.23024E-02
9.11998E+01 -1.60002E-01 -7.78599E-05 -7.73102E-02
9.12998E+01 -1.65002E-01 -7.99282E-05 -8.23174E-02
9.13998E+01 -1.70002E-01 -8.20800E-05 -8.72665E-02
9.14998E+01 -1.75002E-01 -8.43452E-05 -9.22899E-02
9.15998E+01 -1.80002E-01 -8.67450E-05 -9.73083E-02
9.16998E+01 -1.85002E-01 -8.92797E-05 -1.02338E-01
9.17998E+01 -1.90002E-01 -9.19973E-05 -1.07323E-01
9.18998E+01 -1.95002E-01 -9.49373E-05 -1.12310E-01
9.19998E+01 -2.00002E-01 -9.81914E-05 -1.17309E-01
9.20998E+01 -2.05001E-01 -1.01721E-04 -1.22356E-01
9.21998E+01 -2.10001E-01 -1.05572E-04 -1.27320E-01
9.22998E+01 -2.15001E-01 -1.09775E-04 -1.32325E-01
9.23998E+01 -2.20001E-01 -1.14302E-04 -1.37320E-01
9.24998E+01 -2.25001E-01 -1.19185E-04 -1.42334E-01
9.25998E+01 -2.30001E-01 -1.24368E-04 -1.47331E-01
9.26998E+01 -2.35001E-01 -1.29797E-04 -1.52328E-01
9.27998E+01 -2.40001E-01 -1.35440E-04 -1.57336E-01
9.28998E+01 -2.45001E-01 -1.41201E-04 -1.62361E-01
9.29998E+01 -2.50001E-01 -1.47094E-04 -1.67345E-01
9.30998E+01 -2.55001E-01 -1.53026E-04 -1.72357E-01
9.31998E+01 -2.60001E-01 -1.58950E-04 -1.77365E-01
9.32998E+01 -2.65001E-01 -1.64858E-04 -1.82355E-01
9.33998E+01 -2.70001E-01 -1.70735E-04 -1.87357E-01
9.34998E+01 -2.75001E-01 -1.76576E-04 -1.92350E-01
9.35998E+01 -2.80001E-01 -1.82365E-04 -1.97397E-01
9.36998E+01 -2.85001E-01 -1.88102E-04 -2.02396E-01
9.37998E+01 -2.90001E-01 -1.93806E-04 -2.07386E-01
9.38998E+01 -2.95001E-01 -1.99461E-04 -2.12372E-01
9.39998E+01 -3.00001E-01 -2.05092E-04 -2.17382E-01
9.40998E+01 -3.05001E-01 -2.10647E-04 -2.22382E-01
9.41998E+01 -3.10001E-01 -2.15712E-04 -2.27379E-01
9.42998E+01 -3.15001E-01 -2.21176E-04 -2.32381E-01
9.43998E+01 -3.20001E-01 -2.26519E-04 -2.37395E-01
9.44998E+01 -3.25001E-01 -2.31859E-04 -2.42394E-01
9.45998E+01 -3.30001E-01 -2.37128E-04 -2.47373E-01
9.46998E+01 -3.35001E-01 -2.42325E-04 -2.52369E-01
9.47998E+01 -3.40001E-01 -2.47446E-04 -2.57393E-01
9.48998E+01 -3.45001E-01 -2.52477E-04 -2.62389E-01
9.49998E+01 -3.50001E-01 -2.57445E-04 -2.67402E-01
9.50998E+01 -3.55001E-01 -2.62321E-04 -2.72380E-01
9.51998E+01 -3.60001E-01 -2.67115E-04 -2.77388E-01
9.52998E+01 -3.65001E-01 -2.71835E-04 -2.82408E-01
9.53998E+01 -3.70001E-01 -2.76519E-04 -2.87395E-01
9.54998E+01 -3.75001E-01 -2.81116E-04 -2.92389E-01
9.55998E+01 -3.80001E-01 -2.85671E-04 -2.97410E-01
9.56998E+01 -3.85001E-01 -2.90194E-04 -3.02420E-01
9.57998E+01 -3.90001E-01 -2.94676E-04 -3.07397E-01
9.58998E+01 -3.95001E-01 -2.99115E-04 -3.12404E-01
9.59998E+01 -4.00001E-01 -3.03526E-04 -3.17399E-01
9.60998E+01 -4.05001E-01 -3.07882E-04 -3.22421E-01
9.61998E+01 -4.10001E-01 -3.12197E-04 -3.27442E-01
9.62998E+01 -4.15001E-01 -3.16422E-04 -3.32446E-01
9.63998E+01 -4.20001E-01 -3.20543E-04 -3.37425E-01
9.64998E+01 -4.25001E-01 -3.24520E-04 -3.42440E-01
9.65998E+01 -4.30001E-01 -3.28382E-04 -3.47445E-01
9.66998E+01 -4.35001E-01 -3.32013E-04 -3.52465E-01
9.67998E+01 -4.40001E-01 -3.35463E-04 -3.57446E-01
9.68998E+01 -4.45001E-01 -3.38648E-04 -3.62446E-01
9.69998E+01 -4.50001E-01 -3.41494E-04 -3.67437E-01
9.70998E+01 -4.55001E-01 -3.43897E-04 -3.72468E-01
9.71998E+01 -4.60001E-01 -3.45753E-04 -3.77455E-01
9.72998E+01 -4.65001E-01 -3.46786E-04 -3.82444E-01
9.73998E+01 -4.70001E-01 -3.46675E-04 -3.87435E-01
9.74998E+01 -4.75001E-01 -3.44647E-04 -3.92473E-01
9.75998E+01 -4.80001E-01 -3.39367E-04 -3.97476E-01
9.76998E+01 -4.85001E-01 -3.28315E-04 -4.02487E-01
9.77998E+01 -4.90001E-01 -3.06351E-04 -4.07461E-01
9.78998E+01 -4.95001E-01 -2.60509E-04 -4.12470E-01
9.79998E+01 -5.00001E-01 -1.83809E-04 -4.17467E-01
9.80998E+01 -5.05001E-01 -1.37777E-04 -4.22484E-01
9.81998E+01 -5.10001E-01 -1.15555E-04 -4.27488E-01
9.82998E+01 -5.15001E-01 -1.02383E-04 -4.32480E-01
9.83998E+01 -5.20001E-01 -9.35325E-05 -4.37508E-01
9.84998E+01 -5.25001E-01 -8.70576E-05 -4.42501E-01
9.85998E+01 -5.30001E-01 -8.20644E-05 -4.47516E-01
9.86998E+01 -5.35001E-01 -7.77640E-05 -4.52520E-01
9.87998E+01 -5.40001E-01 -7.42000E-05 -4.57519E-01
9.88998E+01 -5.45001E-01 -7.11492E-05 -4.62511E-01
9.89998E+01 -5.50001E-01 -6.84776E-05 -4.67506E-01
9.90998E+01 -5.55001E-01 -6.61269E-05 -4.72533E-01
9.91998E+01 -5.60001E-01 -6.40251E-05 -4.77534E-01
9.92998E+01 -5.65001E-01 -6.21509E-05 -4.82517E-01
9.93998E+01 -5.70001E-01 -6.04158E-05 -4.87548E-01
9.94998E+01 -5.75001E-01 -5.88537E-05 -4.92551E-01
9.95998E+01 -5.80001E-01 -5.74123E-05 -4.97557E-01
9.96998E+01 -5.85001E-01 -5.60875E-05 -5.02525E-01
9.97998E+01 -5.90001E-01 -5.48802E-05 -5.07560E-01
9.98998E+01 -5.95001E-01 -5.37450E-05 -5.12586E-01
9.99997E+01 -6.00001E-01 -5.27256E-05 -5.17574E-01
1.00100E+02 -6.05000E-01 -5.17689E-05 -5.22562E-01
1.00200E+02 -6.10000E-01 -5.08836E-05 -5.27571E-01
1.00300E+02 -6.15000E-01 -5.00501E-05 -5.32570E-01
1.00400E+02 -6.20000E-01 -4.92998E-05 -5.37581E-01
1.00500E+02 -6.25000E-01 -4.85712E-05 -5.42568E-01
1.00600E+02 -6.30000E-01 -4.80310E-05 -5.47571E-01
1.00700E+02 -6.35000E-01 -4.74378E-05 -5.52579E-01
1.00800E+02 -6.40000E-01 -4.68126E-05 -5.57583E-01
1.00900E+02 -6.45000E-01 -4.63294E-05 -5.62565E-01
1.01000E+02 -6.50000E-01 -4.58489E-05 -5.67569E-01
1.01100E+02 -6.55000E-01 -4.56185E-05 -5.72561E-01
1.01200E+02 -6.60000E-01 -4.52602E-05 -5.77570E-01
1.01300E+02 -6.65000E-01 -4.47093E-05 -5.82545E-01
1.01400E+02 -6.70000E-01 -4.44997E-05 -5.87562E-01
1.01500E+02 -6.75000E-01 -4.39292E-05 -5.92581E-01
1.01600E+02 -6.80000E-01 -4.42845E-05 -5.97560E-01
1.01700E+02 -6.85000E-01 -4.37913E-05 -6.02556E-01
1.01800E+02 -6.90000E-01 -4.32644E-05 -6.07561E-01
1.01900E+02 -6.95000E-01 -4.30820E-05 -6.12582E-01
1.02000E+02 -7.00000E-01 -4.27876E-05 -6.17578E-01
1.02100E+02 -7.05000E-01 -4.30455E-05 -6.22581E-01
1.02200E+02 -7.10000E-01 -4.26799E-05 -6.27569E-01
1.02300E+02 -7.15000E-01 -4.24888E-05 -6.32588E-01
1.02400E+02 -7.20000E-01 -4.23718E-05 -6.37590E-01
1.02500E+02 -7.25000E-01 -4.23199E-05 -6.42604E-01
1.02600E+02 -7.30000E-01 -4.23094E-05 -6.47599E-01
1.02700E+02 -7.35000E-01 -4.23401E-05 -6.52605E-01
1.02800E+02 -7.40000E-01 -4.23059E-05 -6.57636E-01
1.02900E+02 -7.45000E-01 -4.25815E-05 -6.62610E-01
1.03000E+02 -7.50000E-01 -4.25080E-05 -6.67606E-01
1.03100E+02 -7.55000E-01 -4.25293E-05 -6.72645E-01
1.03200E+02 -7.60000E-01 -4.25540E-05 -6.77638E-01
1.03300E+02 -7.65000E-01 -4.26067E-05 -6.82641E-01
1.03400E+02 -7.70000E-01 -4.26659E-05 -6.87630E-01
1.03500E+02 -7.75000E-01 -4.28321E-05 -6.92638E-01
1.03600E+02 -7.80000E-01 -4.28711E-05 -6.97633E-01
1.03700E+02 -7.85000E-01 -4.29111E-05 -7.02666E-01
1.03800E+02 -7.90000E-01 -4.29483E-05 -7.07640E-01
1.03900E+02 -7.95000E-01 -4.30370E-05 -7.12644E-01
