time/s      E/V        I/A
0.00000E+00 -8.00000E-01 -5.34202E-05 -7.49648E-01
9.99997E-02 -7.95000E-01 -5.14668E-05 -7.44655E-01
1.99999E-01 -7.90000E-01 -4.98150E-05 -7.39647E-01
2.99999E-01 -7.85000E-01 -4.82998E-05 -7.34638E-01
3.99999E-01 -7.80000E-01 -4.69106E-05 -7.29638E-01
4.99999E-01 -7.75000E-01 -4.56565E-05 -7.24650E-01
5.99998E-01 -7.70000E-01 -4.44527E-05 -7.19651E-01
6.99998E-01 -7.65000E-01 -4.33096E-05 -7.14639E-01
7.99998E-01 -7.60000E-01 -4.22012E-05 -7.09625E-01
8.99998E-01 -7.55000E-01 -4.11660E-05 -7.04642E-01
9.99997E-01 -7.50000E-01 -4.01713E-05 -6.99653E-01
1.10000E+00 -7.45000E-01 -3.92268E-05 -6.94661E-01
1.20000E+00 -7.40000E-01 -3.83018E-05 -6.89623E-01
1.30000E+00 -7.35000E-01 -3.78828E-05 -6.84636E-01
1.40000E+00 -7.30000E-01 -3.70408E-05 -6.79620E-01
1.50000E+00 -7.25000E-01 -3.62186E-05 -6.74642E-01
1.60000E+00 -7.20000E-01 -3.54279E-05 -6.69619E-01
1.70000E+00 -7.15000E-01 -3.46666E-05 -6.64623E-01
1.80000E+00 -7.10000E-01 -3.39338E-05 -6.59634E-01
1.90000E+00 -7.05000E-01 -3.32166E-05 -6.54630E-01
1.99999E+00 -7.00000E-01 -3.25258E-05 -6.49599E-01
2.09999E+00 -6.95000E-01 -3.18608E-05 -6.44570E-01
2.19999E+00 -6.90000E-01 -3.12052E-05 -6.39599E-01
2.29999E+00 -6.85000E-01 -3.05637E-05 -6.34620E-01
2.39999E+00 -6.80000E-01 -2.99486E-05 -6.29571E-01
2.49999E+00 -6.75000E-01 -2.93489E-05 -6.24573E-01
2.59999E+00 -6.70000E-01 -2.87622E-05 -6.19577E-01
2.69999E+00 -6.65000E-01 -2.81945E-05 -6.14612E-01
2.79999E+00 -6.60000E-01 -2.76458E-05 -6.09591E-01
2.89999E+00 -6.55000E-01 -2.71102E-05 -6.04602E-01
2.99999E+00 -6.50000E-01 -2.65872E-05 -5.99579E-01
3.09999E+00 -6.45000E-01 -2.60675E-05 -5.94606E-01
3.19999E+00 -6.40000E-01 -2.55585E-05 -5.89587E-01
3.29999E+00 -6.35000E-01 -2.50526E-05 -5.84552E-01
3.39999E+00 -6.30000E-01 -2.45689E-05 -5.79577E-01
3.49999E+00 -6.25000E-01 -2.40989E-05 -5.74585E-01
3.59999E+00 -6.20000E-01 -2.36361E-05 -5.69561E-01
3.69999E+00 -6.15000E-01 -2.31784E-05 -5.64556E-01
3.79999E+00 -6.10000E-01 -2.27157E-05 -5.59591E-01
3.89999E+00 -6.05000E-01 -2.22746E-05 -5.54582E-01
3.99999E+00 -6.00001E-01 -2.18515E-05 -5.49586E-01
4.09999E+00 -5.95001E-01 -2.14086E-05 -5.44563E-01
4.19999E+00 -5.90001E-01 -2.09814E-05 -5.39561E-01
4.29999E+00 -5.85001E-01 -2.05653E-05 -5.34549E-01
4.39999E+00 -5.80001E-01 -2.01511E-05 -5.29553E-01
4.49999E+00 -5.75001E-01 -1.97474E-05 -5.24562E-01
4.59999E+00 -5.70001E-01 -1.93282E-05 -5.19552E-01
4.69999E+00 -5.65001E-01 -1.89904E-05 -5.14554E-01
4.79999E+00 -5.60001E-01 -1.85864E-05 -5.09551E-01
4.89999E+00 -5.55001E-01 -1.81736E-05 -5.04534E-01
4.99999E+00 -5.50001E-01 -1.78114E-05 -4.99517E-01
5.09999E+00 -5.45001E-01 -1.74529E-05 -4.94514E-01
5.19999E+00 -5.40001E-01 -1.70962E-05 -4.89530E-01
5.29999E+00 -5.35001E-01 -1.67397E-05 -4.84523E-01
5.39999E+00 -5.30001E-01 -1.63819E-05 -4.79527E-01
5.49999E+00 -5.25001E-01 -1.60413E-05 -4.74500E-01
5.59999E+00 -5.20001E-01 -1.56978E-05 -4.69500E-01
5.69999E+00 -5.15001E-01 -1.53532E-05 -4.64506E-01
5.79999E+00 -5.10001E-01 -1.50220E-05 -4.59501E-01
5.89999E+00 -5.05001E-01 -1.46991E-05 -4.54503E-01
5.99998E+00 -5.00001E-01 -1.43742E-05 -4.49502E-01
6.09998E+00 -4.95001E-01 -1.40757E-05 -4.44503E-01
6.19998E+00 -4.90001E-01 -1.37764E-05 -4.39502E-01
6.29998E+00 -4.85001E-01 -1.34640E-05 -4.34491E-01
6.39998E+00 -4.80001E-01 -1.32081E-05 -4.29506E-01
6.49998E+00 -4.75001E-01 -1.29137E-05 -4.24488E-01
6.59998E+00 -4.70001E-01 -1.26536E-05 -4.19483E-01
6.69998E+00 -4.65001E-01 -1.23311E-05 -4.14469E-01
6.79998E+00 -4.60001E-01 -1.19861E-05 -4.09472E-01
6.89998E+00 -4.55001E-01 -1.17179E-05 -4.04463E-01
6.99998E+00 -4.50001E-01 -1.15500E-05 -3.99481E-01
7.09998E+00 -4.45001E-01 -1.13263E-05 -3.94483E-01
7.19998E+00 -4.40001E-01 -1.10505E-05 -3.89465E-01
7.29998E+00 -4.35001E-01 -1.07652E-05 -3.84455E-01
7.39998E+00 -4.30001E-01 -1.05174E-05 -3.79468E-01
7.49998E+00 -4.25001E-01 -1.03909E-05 -3.74474E-01
7.59998E+00 -4.20001E-01 -1.00412E-05 -3.69468E-01
7.69998E+00 -4.15001E-01 -9.99031E-06 -3.64456E-01
7.79998E+00 -4.10001E-01 -9.83415E-06 -3.59441E-01
7.89998E+00 -4.05001E-01 -9.59621E-06 -3.54461E-01
7.99998E+00 -4.00001E-01 -9.26214E-06 -3.49442E-01
8.09998E+00 -3.95001E-01 -8.95269E-06 -3.44449E-01
8.19998E+00 -3.90001E-01 -8.85061E-06 -3.39450E-01
8.29998E+00 -3.85001E-01 -8.83611E-06 -3.34426E-01
8.39998E+00 -3.80001E-01 -8.79330E-06 -3.29457E-01
8.49998E+00 -3.75001E-01 -9.47081E-06 -3.24440E-01
8.59998E+00 -3.70001E-01 -9.92090E-06 -3.19447E-01
8.69998E+00 -3.65001E-01 -1.00715E-05 -3.14424E-01
8.79998E+00 -3.60001E-01 -9.75032E-06 -3.09419E-01
8.89998E+00 -3.55001E-01 -9.80493E-06 -3.04444E-01
8.99998E+00 -3.50001E-01 -1.05422E-05 -2.99436E-01
9.09998E+00 -3.45001E-01 -1.18985E-05 -2.94428E-01
9.19998E+00 -3.40001E-01 -1.42991E-05 -2.89424E-01
9.29998E+00 -3.35001E-01 -1.50672E-05 -2.84427E-01
9.39998E+00 -3.30001E-01 -1.98468E-05 -2.79438E-01
9.49998E+00 -3.25001E-01 -1.55170E-05 -2.74422E-01
9.59998E+00 -3.20001E-01 -1.03157E-05 -2.69401E-01
9.69998E+00 -3.15001E-01 -6.17634E-06 -2.64393E-01
9.79998E+00 -3.10001E-01 -2.90400E-06 -2.59401E-01
9.89998E+00 -3.05001E-01 -1.78825E-06 -2.54392E-01
9.99997E+00 -3.00001E-01 -5.46225E-07 -2.49378E-01
1.01000E+01 -2.95001E-01 8.84902E-07  -2.44388E-01
1.02000E+01 -2.90001E-01 2.82671E-08  -2.39388E-01
1.03000E+01 -2.85001E-01 7.25114E-08  -2.34384E-01
1.04000E+01 -2.80001E-01 2.12572E-07  -2.29366E-01
1.05000E+01 -2.75001E-01 5.35348E-07  -2.24385E-01
1.06000E+01 -2.70001E-01 7.69361E-07  -2.19386E-01
1.07000E+01 -2.65001E-01 6.71204E-07  -2.14382E-01
1.08000E+01 -2.60001E-01 8.90807E-07  -2.09348E-01
1.09000E+01 -2.55001E-01 5.20206E-07  -2.04364E-01
1.10000E+01 -2.50001E-01 4.71630E-07  -1.99369E-01
1.11000E+01 -2.45001E-01 1.03261E-06  -1.94354E-01
1.12000E+01 -2.40001E-01 1.26853E-06  -1.89367E-01
1.13000E+01 -2.35001E-01 1.30247E-06  -1.84363E-01
1.14000E+01 -2.30001E-01 1.44439E-06  -1.79378E-01
1.15000E+01 -2.25001E-01 1.55020E-06  -1.74359E-01
1.16000E+01 -2.20001E-01 1.74843E-06  -1.69349E-01
1.17000E+01 -2.15001E-01 1.85132E-06  -1.64343E-01
1.18000E+01 -2.10001E-01 2.01722E-06  -1.59329E-01
1.19000E+01 -2.05001E-01 2.05193E-06  -1.54329E-01
1.20000E+01 -2.00002E-01 2.31915E-06  -1.49325E-01
1.21000E+01 -1.95002E-01 2.43395E-06  -1.44328E-01
1.22000E+01 -1.90002E-01 2.49865E-06  -1.39312E-01
1.23000E+01 -1.85002E-01 2.49171E-06  -1.34306E-01
1.24000E+01 -1.80002E-01 2.84572E-06  -1.29296E-01
1.25000E+01 -1.75002E-01 3.84607E-06  -1.24319E-01
1.26000E+01 -1.70002E-01 2.21810E-06  -1.19324E-01
1.27000E+01 -1.65002E-01 9.38256E-07  -1.14295E-01
1.28000E+01 -1.60002E-01 1.99606E-06  -1.09293E-01
1.29000E+01 -1.55002E-01 2.60007E-06  -1.04328E-01
1.30000E+01 -1.50002E-01 3.44842E-06  -9.93188E-02
1.31000E+01 -1.45002E-01 3.35586E-06  -9.43059E-02
1.32000E+01 -1.40002E-01 1.70768E-06  -8.92801E-02
1.33000E+01 -1.35002E-01 -6.62462E-07 -8.43210E-02
1.34000E+01 -1.30002E-01 2.91051E-06  -7.93039E-02
1.35000E+01 -1.25002E-01 2.36811E-06  -7.42923E-02
1.36000E+01 -1.20002E-01 3.01335E-06  -6.92783E-02
1.37000E+01 -1.15002E-01 5.78624E-06  -6.42867E-02
1.38000E+01 -1.10002E-01 7.98406E-06  -5.92690E-02
1.39000E+01 -1.05002E-01 8.42190E-06  -5.42680E-02
1.40000E+01 -1.00002E-01 9.50569E-06  -4.92765E-02
1.41000E+01 -9.50018E-02 9.86934E-06  -4.42818E-02
1.42000E+01 -9.00018E-02 1.03728E-05  -3.92934E-02
1.43000E+01 -8.50018E-02 1.07390E-05  -3.42781E-02
1.44000E+01 -8.00018E-02 1.13169E-05  -2.92497E-02
1.45000E+01 -7.50018E-02 1.19549E-05  -2.42675E-02
1.46000E+01 -7.00018E-02 1.23943E-05  -1.92828E-02
1.47000E+01 -6.50018E-02 1.27840E-05  -1.42725E-02
1.48000E+01 -6.00019E-02 1.31493E-05  -9.26727E-03
1.49000E+01 -5.50019E-02 1.35516E-05  -4.25637E-03
1.50000E+01 -5.00019E-02 1.39747E-05  7.44567E-04 
1.51000E+01 -4.50019E-02 1.47647E-05  5.73424E-03 
1.52000E+01 -4.00019E-02 1.59352E-05  1.07171E-02 
1.53000E+01 -3.50019E-02 1.69123E-05  1.57336E-02 
1.54000E+01 -3.00019E-02 1.77644E-05  2.07582E-02 
1.55000E+01 -2.50019E-02 1.89198E-05  2.57286E-02 
1.56000E+01 -2.00020E-02 2.01739E-05  3.07638E-02 
1.57000E+01 -1.50020E-02 2.14004E-05  3.57542E-02 
1.58000E+01 -1.00020E-02 2.28061E-05  4.07613E-02 
1.59000E+01 -5.00199E-03 2.40828E-05  4.57566E-02 
1.60000E+01 -2.00000E-06 2.53642E-05  5.07738E-02 
1.61000E+01 4.99799E-03  2.66615E-05  5.57566E-02 
1.62000E+01 9.99797E-03  2.81743E-05  6.07669E-02 
1.63000E+01 1.49980E-02  2.97661E-05  6.57659E-02 
1.64000E+01 1.99979E-02  3.14097E-05  7.07706E-02 
1.65000E+01 2.49979E-02  3.29520E-05  7.57621E-02 
1.66000E+01 2.99979E-02  3.44514E-05  8.07793E-02 
1.67000E+01 3.49979E-02  3.59754E-05  8.57783E-02 
1.68000E+01 3.99979E-02  3.75652E-05  9.07711E-02 
1.69000E+01 4.49979E-02  3.91825E-05  9.57702E-02 
1.70000E+01 4.99979E-02  4.07005E-05  1.00807E-01 
1.71000E+01 5.49979E-02  4.21165E-05  1.05791E-01 
1.72000E+01 5.99978E-02  4.35044E-05  1.10783E-01 
1.73000E+01 6.49978E-02  4.51937E-05  1.15791E-01 
1.74000E+01 6.99978E-02  4.66443E-05  1.20793E-01 
1.75000E+01 7.49978E-02  4.77787E-05  1.25780E-01 
1.76000E+01 7.99978E-02  4.91248E-05  1.30788E-01 
1.77000E+01 8.49978E-02  5.05966E-05  1.35804E-01 
1.78000E+01 8.99978E-02  5.20094E-05  1.40807E-01 
1.79000E+01 9.49978E-02  5.32701E-05  1.45803E-01 
1.80000E+01 9.99977E-02  5.43386E-05  1.50826E-01 
1.81000E+01 1.04998E-01  5.54449E-05  1.55822E-01 
1.82000E+01 1.09998E-01  5.70266E-05  1.60855E-01 
1.83000E+01 1.14998E-01  5.85038E-05  1.65842E-01 
1.84000E+01 1.19998E-01  5.98847E-05  1.70845E-01 
1.85000E+01 1.24998E-01  6.13666E-05  1.75849E-01 
1.86000E+01 1.29998E-01  6.28524E-05  1.80863E-01 
1.87000E+01 1.34998E-01  6.45164E-05  1.85855E-01 
1.88000E+01 1.39998E-01  6.63273E-05  1.90840E-01 
1.89000E+01 1.44998E-01  6.74878E-05  1.95858E-01 
1.90000E+01 1.49998E-01  6.82247E-05  2.00866E-01 
1.91000E+01 1.54998E-01  6.89466E-05  2.05856E-01 
1.92000E+01 1.59998E-01  6.97087E-05  2.10879E-01 
1.93000E+01 1.64998E-01  7.04009E-05  2.15882E-01 
1.94000E+01 1.69998E-01  7.06276E-05  2.20890E-01 
1.95000E+01 1.74998E-01  7.08193E-05  2.25875E-01 
1.96000E+01 1.79998E-01  7.08570E-05  2.30861E-01 
1.97000E+01 1.84998E-01  7.05751E-05  2.35891E-01 
1.98000E+01 1.89998E-01  7.01330E-05  2.40885E-01 
1.99000E+01 1.94998E-01  6.98863E-05  2.45879E-01 
1.99999E+01 1.99997E-01  6.94285E-05  2.50867E-01 
2.00999E+01 2.04997E-01  6.81098E-05  2.55872E-01 
2.01999E+01 2.09997E-01  6.67416E-05  2.60884E-01 
2.02999E+01 2.14997E-01  6.55081E-05  2.65886E-01 
2.03999E+01 2.19997E-01  6.43481E-05  2.70869E-01 
2.04999E+01 2.24997E-01  6.32858E-05  2.75884E-01 
2.05999E+01 2.29997E-01  6.25696E-05  2.80897E-01 
2.06999E+01 2.34997E-01  6.21622E-05  2.85886E-01 
2.07999E+01 2.39997E-01  6.19790E-05  2.90873E-01 
2.08999E+01 2.44997E-01  6.19426E-05  2.95880E-01 
2.09999E+01 2.49997E-01  6.15508E-05  3.00899E-01 
2.10999E+01 2.54997E-01  6.07514E-05  3.05906E-01 
2.11999E+01 2.59997E-01  6.10616E-05  3.10931E-01 
2.12999E+01 2.64997E-01  6.25162E-05  3.15921E-01 
2.13999E+01 2.69997E-01  6.32939E-05  3.20917E-01 
2.14999E+01 2.74997E-01  6.33695E-05  3.25909E-01 
2.15999E+01 2.79997E-01  6.37849E-05  3.30918E-01 
2.16999E+01 2.84997E-01  6.38409E-05  3.35930E-01 
2.17999E+01 2.89997E-01  6.37149E-05  3.40923E-01 
2.18999E+01 2.94997E-01  6.33506E-05  3.45917E-01 
2.19999E+01 2.99997E-01  6.31238E-05  3.50922E-01 
2.20999E+01 3.04997E-01  6.32698E-05  3.55950E-01 
2.21999E+01 3.09997E-01  6.36161E-05  3.60954E-01 
2.22999E+01 3.14997E-01  6.39613E-05  3.65928E-01 
2.23999E+01 3.19997E-01  6.41662E-05  3.70947E-01 
2.24999E+01 3.24997E-01  6.45215E-05  3.75957E-01 
2.25999E+01 3.29997E-01  6.45662E-05  3.80950E-01 
2.26999E+01 3.34997E-01  6.44819E-05  3.85942E-01 
2.27999E+01 3.39997E-01  6.42335E-05  3.90934E-01 
2.28999E+01 3.44997E-01  6.36837E-05  3.95968E-01 
2.29999E+01 3.49997E-01  6.35064E-05  4.00977E-01 
2.30999E+01 3.54997E-01  6.34159E-05  4.05951E-01 
2.31999E+01 3.59997E-01  6.31193E-05  4.10986E-01 
2.32999E+01 3.64997E-01  6.28648E-05  4.15988E-01 
2.33999E+01 3.69997E-01  6.26235E-05  4.20977E-01 
2.34999E+01 3.74997E-01  6.24211E-05  4.25965E-01 
2.35999E+01 3.79997E-01  6.22503E-05  4.30974E-01 
2.36999E+01 3.84997E-01  6.20185E-05  4.36001E-01 
2.37999E+01 3.89997E-01  6.17634E-05  4.40951E-01 
2.38999E+01 3.94997E-01  6.15490E-05  4.45963E-01 
2.39999E+01 3.99997E-01  6.13098E-05  4.50960E-01 
2.40999E+01 4.04997E-01  6.11089E-05  4.55973E-01 
2.41999E+01 4.09997E-01  6.08705E-05  4.60982E-01 
2.42999E+01 4.14997E-01  6.05704E-05  4.65987E-01 
2.43999E+01 4.19997E-01  6.02532E-05  4.71001E-01 
2.44999E+01 4.24997E-01  6.00594E-05  4.76021E-01 
2.45999E+01 4.29997E-01  5.97222E-05  4.80993E-01 
2.46999E+01 4.34997E-01  5.93370E-05  4.86012E-01 
2.47999E+01 4.39997E-01  5.89390E-05  4.91033E-01 
2.48999E+01 4.44997E-01  5.85956E-05  4.96039E-01 
2.49999E+01 4.49997E-01  5.82689E-05  5.01027E-01 
2.50999E+01 4.54997E-01  5.79955E-05  5.06039E-01 
2.51999E+01 4.59997E-01  5.79285E-05  5.11032E-01 
2.52999E+01 4.64997E-01  5.75130E-05  5.16046E-01 
2.53999E+01 4.69997E-01  5.70322E-05  5.21023E-01 
2.54999E+01 4.74997E-01  5.68308E-05  5.26052E-01 
2.55999E+01 4.79997E-01  5.64021E-05  5.31033E-01 
2.56999E+01 4.84997E-01  5.60271E-05  5.36059E-01 
2.57999E+01 4.89997E-01  5.56263E-05  5.41025E-01 
2.58999E+01 4.94997E-01  5.51600E-05  5.46028E-01 
2.59999E+01 4.99997E-01  5.46921E-05  5.51047E-01 
2.60999E+01 5.04997E-01  5.41997E-05  5.56050E-01 
2.61999E+01 5.09997E-01  5.38450E-05  5.61047E-01 
2.62999E+01 5.14997E-01  5.36129E-05  5.66032E-01 
2.63999E+01 5.19997E-01  5.32427E-05  5.71044E-01 
2.64999E+01 5.24997E-01  5.29876E-05  5.76058E-01 
2.65999E+01 5.29997E-01  5.27933E-05  5.81049E-01 
2.66999E+01 5.34997E-01  5.26426E-05  5.86047E-01 
2.67999E+01 5.39997E-01  5.24759E-05  5.91061E-01 
2.68999E+01 5.44997E-01  5.23295E-05  5.96041E-01 
2.69999E+01 5.49997E-01  5.22196E-05  6.01032E-01 
2.70999E+01 5.54997E-01  5.19250E-05  6.06044E-01 
2.71999E+01 5.59997E-01  5.17063E-05  6.11065E-01 
2.72999E+01 5.64997E-01  5.14674E-05  6.16078E-01 
2.73999E+01 5.69997E-01  5.13447E-05  6.21062E-01 
2.74999E+01 5.74997E-01  5.11911E-05  6.26066E-01 
2.75999E+01 5.79997E-01  5.11042E-05  6.31067E-01 
2.76999E+01 5.84997E-01  5.10371E-05  6.36101E-01 
2.77999E+01 5.89997E-01  5.09788E-05  6.41081E-01 
2.78999E+01 5.94997E-01  5.08494E-05  6.46077E-01 
2.79999E+01 5.99996E-01  5.08464E-05  6.51092E-01 
2.80999E+01 6.04996E-01  5.10421E-05  6.56108E-01 
2.81999E+01 6.09996E-01  5.12629E-05  6.61121E-01 
2.82999E+01 6.14996E-01  5.14284E-05  6.66098E-01 
2.83999E+01 6.19996E-01  5.16097E-05  6.71096E-01 
2.84999E+01 6.24996E-01  5.16508E-05  6.76094E-01 
2.85999E+01 6.29996E-01  5.16162E-05  6.81103E-01 
2.86999E+01 6.34996E-01  5.16306E-05  6.86114E-01 
2.87999E+01 6.39996E-01  5.17119E-05  6.91093E-01 
2.88999E+01 6.44996E-01  5.19442E-05  6.96146E-01 
2.89999E+01 6.49996E-01  5.22013E-05  7.01147E-01 
2.90999E+01 6.54996E-01  5.24106E-05  7.06113E-01 
2.91999E+01 6.59996E-01  5.25847E-05  7.11137E-01 
2.92999E+01 6.64996E-01  5.27243E-05  7.16142E-01 
2.93999E+01 6.69996E-01  5.28793E-05  7.21158E-01 
2.94999E+01 6.74996E-01  5.30829E-05  7.26141E-01 
2.95999E+01 6.79996E-01  5.33281E-05  7.31126E-01 
2.96999E+01 6.84996E-01  5.36176E-05  7.36145E-01 
2.97999E+01 6.89996E-01  5.38553E-05  7.41174E-01 
2.98999E+01 6.94996E-01  5.41356E-05  7.46151E-01 
2.99999E+01 6.99996E-01  5.43646E-05  7.51152E-01 
3.00999E+01 7.04996E-01  5.46328E-05  7.56168E-01 
3.01999E+01 7.09996E-01  5.48841E-05  7.61170E-01 
3.02999E+01 7.14996E-01  5.50656E-05  7.66161E-01 
3.03999E+01 7.19996E-01  5.53036E-05  7.71150E-01 
3.04999E+01 7.24996E-01  5.55198E-05  7.76176E-01 
3.05999E+01 7.29996E-01  5.57186E-05  7.81193E-01 
3.06999E+01 7.34996E-01  5.58873E-05  7.86202E-01 
3.07999E+01 7.39996E-01  5.60247E-05  7.91181E-01 
3.08999E+01 7.44996E-01  5.61821E-05  7.96196E-01 
3.09999E+01 7.49996E-01  5.63476E-05  8.01204E-01 
3.10999E+01 7.54996E-01  5.64968E-05  8.06196E-01 
3.11999E+01 7.59996E-01  5.66506E-05  8.11225E-01 
3.12999E+01 7.64996E-01  5.67629E-05  8.16220E-01 
3.13999E+01 7.69996E-01  5.68998E-05  8.21215E-01 
3.14999E+01 7.74996E-01  5.68996E-05  8.26209E-01 
3.15999E+01 7.79996E-01  1.92565E-06  8.31213E-01 
3.16999E+01 7.84996E-01  7.54034E-06  8.36208E-01 
3.17999E+01 7.89996E-01  4.74685E-05  8.41192E-01 
3.18999E+01 7.94996E-01  4.10923E-05  8.46192E-01 
3.19999E+01 7.99996E-01  3.88860E-05  8.51199E-01 
3.20999E+01 8.04996E-01  3.92333E-05  8.56213E-01 
3.21999E+01 8.09996E-01  4.06352E-05  8.61207E-01 
3.22999E+01 8.14996E-01  4.10847E-05  8.66202E-01 
3.23999E+01 8.19996E-01  3.98349E-05  8.71207E-01 
3.24999E+01 8.24996E-01  4.03321E-05  8.76238E-01 
3.25999E+01 8.29996E-01  4.22029E-05  8.81212E-01 
3.26999E+01 8.34996E-01  5.35725E-05  8.86204E-01 
3.27999E+01 8.39996E-01  5.19018E-05  8.91228E-01 
3.28999E+01 8.44996E-01  5.35624E-05  8.96228E-01 
3.29999E+01 8.49996E-01  5.22410E-05  9.01217E-01 
3.30999E+01 8.54996E-01  5.33312E-05  9.06233E-01 
3.31999E+01 8.59996E-01  4.97969E-05  9.11237E-01 
3.32999E+01 8.64996E-01  4.66378E-05  9.16248E-01 
3.33999E+01 8.69996E-01  5.00933E-05  9.21249E-01 
3.34999E+01 8.74996E-01  3.61059E-05  9.26227E-01 
3.35999E+01 8.79996E-01  3.64309E-05  9.31240E-01 
3.36999E+01 8.84996E-01  3.55474E-05  9.36248E-01 
3.37999E+01 8.89996E-01  3.35562E-05  9.41266E-01 
3.38999E+01 8.94996E-01  3.05101E-05  9.46288E-01 
3.39999E+01 8.99996E-01  2.82112E-05  9.51252E-01 
3.40999E+01 9.04996E-01  2.51120E-05  9.56283E-01 
3.41999E+01 9.09996E-01  2.19881E-05  9.61281E-01 
3.42999E+01 9.14996E-01  2.02386E-05  9.66297E-01 
3.43999E+01 9.19996E-01  1.92647E-05  9.71298E-01 
3.44999E+01 9.24996E-01  1.80322E-05  9.76296E-01 
3.45999E+01 9.29996E-01  1.07997E-05  9.81308E-01 
3.46999E+01 9.34996E-01  1.12621E-05  9.86314E-01 
3.47999E+01 9.39996E-01  1.13016E-05  9.91308E-01 
3.48999E+01 9.44996E-01  1.28497E-05  9.96299E-01 
3.49999E+01 9.49996E-01  1.30658E-05  1.00128E+00 
3.50999E+01 9.54996E-01  1.21251E-05  1.00632E+00 
3.51999E+01 9.59996E-01  1.20400E-04  1.01130E+00 
3.52999E+01 9.64996E-01  8.64966E-05  1.01631E+00 
3.53999E+01 9.69996E-01  7.92332E-05  1.02130E+00 
3.54999E+01 9.74996E-01  7.59936E-05  1.02631E+00 
3.55999E+01 9.79996E-01  7.41194E-05  1.03132E+00 
3.56999E+01 9.84996E-01  7.28724E-05  1.03632E+00 
3.57999E+01 9.89996E-01  7.16023E-05  1.04129E+00 
3.58999E+01 9.94996E-01  7.07132E-05  1.04630E+00 
3.59999E+01 9.99995E-01  6.99562E-05  1.05130E+00 
3.60999E+01 1.00500E+00  6.92610E-05  1.05631E+00 
3.61999E+01 1.01000E+00  6.84901E-05  1.06130E+00 
3.62999E+01 1.01500E+00  6.81411E-05  1.06630E+00 
3.63999E+01 1.02000E+00  6.73616E-05  1.07130E+00 
3.64999E+01 1.02500E+00  6.67114E-05  1.07631E+00 
3.65999E+01 1.03000E+00  6.56209E-05  1.08130E+00 
3.66999E+01 1.03500E+00  6.53257E-05  1.08630E+00 
3.67999E+01 1.04000E+00  6.47273E-05  1.09131E+00 
3.68999E+01 1.04500E+00  6.44815E-05  1.09633E+00 
3.69999E+01 1.05000E+00  6.35493E-05  1.10132E+00 
3.70999E+01 1.05500E+00  6.32292E-05  1.10633E+00 
3.71999E+01 1.06000E+00  6.24657E-05  1.11134E+00 
3.72999E+01 1.06500E+00  6.21207E-05  1.11636E+00 
3.73999E+01 1.07000E+00  6.15815E-05  1.12136E+00 
3.74999E+01 1.07500E+00  6.13131E-05  1.12638E+00 
3.75999E+01 1.08000E+00  6.02707E-05  1.13136E+00 
3.76999E+01 1.08500E+00  5.84993E-05  1.13637E+00 
3.77999E+01 1.09000E+00  5.61660E-05  1.14136E+00 
3.78999E+01 1.09500E+00  5.31196E-05  1.14637E+00 
3.79999E+01 1.10000E+00  4.85415E-05  1.15137E+00 
3.80999E+01 1.10500E+00  5.45210E-05  1.15636E+00 
3.81999E+01 1.11000E+00  5.21537E-05  1.16138E+00 
3.82999E+01 1.11500E+00  5.34601E-05  1.16638E+00 
3.83999E+01 1.12000E+00  5.16509E-05  1.17138E+00 
3.84999E+01 1.12500E+00  4.73897E-05  1.17638E+00 
3.85999E+01 1.13000E+00  4.77678E-05  1.18138E+00 
3.86999E+01 1.13500E+00  5.18751E-05  1.18639E+00 
3.87999E+01 1.14000E+00  4.80360E-05  1.19139E+00 
3.88999E+01 1.14500E+00  4.38419E-05  1.19638E+00 
3.89999E+01 1.15000E+00  5.09892E-05  1.20138E+00 
3.90999E+01 1.15500E+00  4.82567E-05  1.20640E+00 
3.91999E+01 1.16000E+00  4.64568E-05  1.21141E+00 
3.92999E+01 1.16500E+00  4.61582E-05  1.21640E+00 
3.93999E+01 1.17000E+00  3.49607E-06  1.22140E+00 
3.94999E+01 1.17500E+00  6.44760E-06  1.22642E+00 
3.95999E+01 1.18000E+00  7.90922E-06  1.23143E+00 
3.96999E+01 1.18500E+00  9.16607E-06  1.23642E+00 
3.97999E+01 1.19000E+00  9.78592E-06  1.24142E+00 
3.98999E+01 1.19500E+00  1.04220E-05  1.24643E+00 
3.99999E+01 1.19999E+00  1.10307E-05  1.25143E+00 
4.00999E+01 1.20499E+00  1.39623E-04  1.25642E+00 
4.01999E+01 1.20999E+00  1.13283E-04  1.26142E+00 
4.02999E+01 1.21499E+00  1.06727E-04  1.26642E+00 
4.03999E+01 1.21999E+00  1.03711E-04  1.27144E+00 
4.04999E+01 1.22499E+00  1.01918E-04  1.27644E+00 
4.05999E+01 1.22999E+00  1.01085E-04  1.28144E+00 
4.06999E+01 1.23499E+00  1.00639E-04  1.28643E+00 
4.07999E+01 1.23999E+00  1.00239E-04  1.29145E+00 
4.08999E+01 1.24499E+00  1.00179E-04  1.29646E+00 
4.09999E+01 1.24999E+00  1.00275E-04  1.30145E+00 
4.10999E+01 1.25499E+00  1.00347E-04  1.30644E+00 
4.11999E+01 1.25999E+00  1.00678E-04  1.31144E+00 
4.12999E+01 1.26499E+00  1.00992E-04  1.31647E+00 
4.13999E+01 1.26999E+00  1.01280E-04  1.32146E+00 
4.14999E+01 1.27499E+00  1.01732E-04  1.32646E+00 
4.15999E+01 1.27999E+00  1.02441E-04  1.33145E+00 
4.16999E+01 1.28499E+00  1.02949E-04  1.33646E+00 
4.17999E+01 1.28999E+00  1.03313E-04  1.34145E+00 
4.18999E+01 1.29499E+00  1.03968E-04  1.34643E+00 
4.19999E+01 1.29999E+00  1.04697E-04  1.35145E+00 
4.20999E+01 1.30499E+00  1.05375E-04  1.35644E+00 
4.21999E+01 1.30999E+00  1.05984E-04  1.36144E+00 
4.22999E+01 1.31499E+00  1.06954E-04  1.36645E+00 
4.23999E+01 1.31999E+00  1.07757E-04  1.37145E+00 
4.24999E+01 1.32499E+00  1.08490E-04  1.37646E+00 
4.25999E+01 1.32999E+00  1.09419E-04  1.38147E+00 
4.26999E+01 1.33499E+00  1.10381E-04  1.38647E+00 
4.27999E+01 1.33999E+00  1.11294E-04  1.39149E+00 
4.28999E+01 1.34499E+00  1.12254E-04  1.39648E+00 
4.29999E+01 1.34999E+00  1.13305E-04  1.40148E+00 
4.30999E+01 1.35499E+00  1.14303E-04  1.40646E+00 
4.31999E+01 1.35999E+00  1.15401E-04  1.41144E+00 
4.32999E+01 1.36499E+00  1.16503E-04  1.41646E+00 
4.33999E+01 1.36999E+00  1.17597E-04  1.42147E+00 
4.34999E+01 1.37499E+00  1.18899E-04  1.42649E+00 
4.35999E+01 1.37999E+00  1.20308E-04  1.43149E+00 
4.36999E+01 1.38499E+00  1.21689E-04  1.43650E+00 
4.37999E+01 1.38999E+00  1.22827E-04  1.44150E+00 
4.38999E+01 1.39499E+00  1.24093E-04  1.44652E+00 
4.39999E+01 1.39999E+00  1.25303E-04  1.45152E+00 
4.40999E+01 1.40499E+00  1.26371E-04  1.45654E+00 
4.41999E+01 1.40999E+00  1.27391E-04  1.46152E+00 
4.42999E+01 1.41499E+00  1.28621E-04  1.46654E+00 
4.43999E+01 1.41999E+00  1.29702E-04  1.47155E+00 
4.44999E+01 1.42499E+00  1.30527E-04  1.47653E+00 
4.45999E+01 1.42999E+00  1.31461E-04  1.48153E+00 
4.46999E+01 1.43499E+00  1.32262E-04  1.48652E+00 
4.47999E+01 1.43999E+00  1.33481E-04  1.49155E+00 
4.48999E+01 1.44499E+00  1.34443E-04  1.49657E+00 
4.49999E+01 1.44999E+00  1.35158E-04  1.50156E+00 
4.50999E+01 1.45499E+00  1.36081E-04  1.50653E+00 
4.51999E+01 1.45999E+00  1.36399E-04  1.51156E+00 
4.52999E+01 1.46499E+00  1.37482E-04  1.51655E+00 
4.53999E+01 1.46999E+00  1.38588E-04  1.52155E+00 
4.54999E+01 1.47499E+00  1.39345E-04  1.52653E+00 
4.55999E+01 1.47999E+00  1.40280E-04  1.53156E+00 
4.56999E+01 1.48499E+00  1.39210E-04  1.53657E+00 
4.57999E+01 1.48999E+00  1.38359E-04  1.54159E+00 
4.58999E+01 1.49499E+00  1.38019E-04  1.54659E+00 
4.59999E+01 1.49999E+00  1.39302E-04  1.55159E+00 
4.60999E+01 1.50499E+00  1.40769E-04  1.55659E+00 
4.61999E+01 1.50999E+00  1.41112E-04  1.56158E+00 
4.62999E+01 1.51499E+00  1.45495E-04  1.56657E+00 
4.63999E+01 1.51999E+00  1.53250E-04  1.57160E+00 
4.64999E+01 1.52499E+00  1.57612E-04  1.57660E+00 
4.65999E+01 1.52999E+00  1.58807E-04  1.58159E+00 
4.66999E+01 1.53499E+00  1.61092E-04  1.58660E+00 
4.67999E+01 1.53999E+00  1.64308E-04  1.59160E+00 
4.68999E+01 1.54499E+00  1.65059E-04  1.59660E+00 
4.69999E+01 1.54999E+00  1.67169E-04  1.60161E+00 
4.70999E+01 1.55499E+00  1.68423E-04  1.60663E+00 
4.71999E+01 1.55999E+00  1.72759E-04  1.61161E+00 
4.72999E+01 1.56499E+00  1.75716E-04  1.61662E+00 
4.73999E+01 1.56999E+00  1.80611E-04  1.62163E+00 
4.74999E+01 1.57499E+00  1.83109E-04  1.62663E+00 
4.75999E+01 1.57999E+00  1.88295E-04  1.63163E+00 
4.76999E+01 1.58499E+00  1.92781E-04  1.63663E+00 
4.77999E+01 1.58999E+00  2.00126E-04  1.64163E+00 
4.78999E+01 1.59499E+00  2.04549E-04  1.64664E+00 
4.79999E+01 1.59999E+00  2.09663E-04  1.65163E+00 
4.80999E+01 1.60499E+00  2.15956E-04  1.65663E+00 
4.81999E+01 1.60999E+00  2.20724E-04  1.66163E+00 
4.82999E+01 1.61499E+00  2.26723E-04  1.66663E+00 
4.83999E+01 1.61999E+00  2.31763E-04  1.67165E+00 
4.84999E+01 1.62499E+00  2.37169E-04  1.67666E+00 
4.85999E+01 1.62999E+00  2.41559E-04  1.68164E+00 
4.86999E+01 1.63499E+00  2.46393E-04  1.68665E+00 
4.87999E+01 1.63999E+00  2.50550E-04  1.69166E+00 
4.88999E+01 1.64499E+00  2.54894E-04  1.69667E+00 
4.89999E+01 1.64999E+00  2.59446E-04  1.70164E+00 
4.90999E+01 1.65499E+00  2.63280E-04  1.70666E+00 
4.91999E+01 1.65999E+00  2.67842E-04  1.71168E+00 
4.92999E+01 1.66499E+00  2.72053E-04  1.71667E+00 
4.93999E+01 1.66999E+00  2.75709E-04  1.72166E+00 
4.94999E+01 1.67499E+00  2.80222E-04  1.72666E+00 
4.95999E+01 1.67999E+00  2.84003E-04  1.73167E+00 
4.96999E+01 1.68499E+00  2.87908E-04  1.73668E+00 
4.97999E+01 1.68999E+00  2.91600E-04  1.74165E+00 
4.98999E+01 1.69499E+00  2.95459E-04  1.74667E+00 
4.99999E+01 1.69999E+00  2.98961E-04  1.75168E+00 
5.00999E+01 1.70499E+00  3.02435E-04  1.75669E+00 
5.01999E+01 1.70999E+00  3.06088E-04  1.76172E+00 
5.02999E+01 1.71499E+00  3.09671E-04  1.76673E+00 
5.03999E+01 1.71999E+00  3.13063E-04  1.77171E+00 
5.04999E+01 1.72499E+00  3.16775E-04  1.77670E+00 
5.05999E+01 1.72999E+00  3.20131E-04  1.78173E+00 
5.06999E+01 1.73499E+00  3.23596E-04  1.78674E+00 
5.07999E+01 1.73999E+00  3.26692E-04  1.79173E+00 
5.08999E+01 1.74499E+00  3.29808E-04  1.79673E+00 
5.09999E+01 1.74999E+00  3.32661E-04  1.80172E+00 
5.10999E+01 1.75499E+00  3.35946E-04  1.80676E+00 
5.11999E+01 1.75999E+00  3.38690E-04  1.81175E+00 
5.12999E+01 1.76499E+00  3.41474E-04  1.81674E+00 
5.13999E+01 1.76999E+00  3.44093E-04  1.82175E+00 
5.14999E+01 1.77499E+00  3.46768E-04  1.82678E+00 
5.15999E+01 1.77999E+00  3.49343E-04  1.83176E+00 
5.16999E+01 1.78499E+00  3.51775E-04  1.83674E+00 
5.17999E+01 1.78999E+00  3.54091E-04  1.84176E+00 
5.18999E+01 1.79499E+00  3.56651E-04  1.84675E+00 
5.19999E+01 1.79999E+00  3.58916E-04  1.85176E+00 
5.20999E+01 1.79499E+00  3.51521E-04  1.84677E+00 
5.21999E+01 1.78999E+00  3.44128E-04  1.84174E+00 
5.22999E+01 1.78499E+00  3.36605E-04  1.83675E+00 
5.23999E+01 1.77999E+00  3.29780E-04  1.83175E+00 
5.24999E+01 1.77499E+00  3.23157E-04  1.82677E+00 
5.25999E+01 1.76999E+00  3.16537E-04  1.82175E+00 
5.26999E+01 1.76499E+00  3.10222E-04  1.81673E+00 
5.27999E+01 1.75999E+00  3.03520E-04  1.81174E+00 
5.28999E+01 1.75499E+00  2.97445E-04  1.80672E+00 
5.29999E+01 1.74999E+00  2.91207E-04  1.80172E+00 
5.30999E+01 1.74499E+00  2.85030E-04  1.79672E+00 
5.31999E+01 1.73999E+00  2.79032E-04  1.79172E+00 
5.32999E+01 1.73499E+00  2.72985E-04  1.78674E+00 
5.33999E+01 1.72999E+00  2.66997E-04  1.78173E+00 
5.34999E+01 1.72499E+00  2.61344E-04  1.77671E+00 
5.35999E+01 1.71999E+00  2.55583E-04  1.77174E+00 
5.36999E+01 1.71499E+00  2.50040E-04  1.76673E+00 
5.37999E+01 1.70999E+00  2.44218E-04  1.76173E+00 
5.38999E+01 1.70499E+00  2.39210E-04  1.75669E+00 
5.39999E+01 1.69999E+00  2.33703E-04  1.75170E+00 
5.40999E+01 1.69499E+00  2.28225E-04  1.74669E+00 
5.41999E+01 1.68999E+00  2.22819E-04  1.74167E+00 
5.42999E+01 1.68499E+00  2.17901E-04  1.73667E+00 
5.43999E+01 1.67999E+00  2.13011E-04  1.73168E+00 
5.44999E+01 1.67499E+00  2.08000E-04  1.72665E+00 
5.45999E+01 1.66999E+00  2.03212E-04  1.72165E+00 
5.46999E+01 1.66499E+00  1.98059E-04  1.71665E+00 
5.47999E+01 1.65999E+00  1.93229E-04  1.71167E+00 
5.48999E+01 1.65499E+00  1.88398E-04  1.70666E+00 
5.49999E+01 1.64999E+00  1.83661E-04  1.70166E+00 
5.50999E+01 1.64499E+00  1.78953E-04  1.69664E+00 
5.51999E+01 1.63999E+00  1.74319E-04  1.69167E+00 
5.52999E+01 1.63499E+00  1.69825E-04  1.68666E+00 
5.53999E+01 1.62999E+00  1.65613E-04  1.68163E+00 
5.54999E+01 1.62499E+00  1.61679E-04  1.67664E+00 
5.55999E+01 1.61999E+00  1.57043E-04  1.67165E+00 
5.56999E+01 1.61499E+00  1.52712E-04  1.66666E+00 
5.57999E+01 1.60999E+00  1.48301E-04  1.66163E+00 
5.58999E+01 1.60499E+00  1.44299E-04  1.65665E+00 
5.59999E+01 1.59999E+00  1.40169E-04  1.65164E+00 
5.60999E+01 1.59499E+00  1.35016E-04  1.64664E+00 
5.61999E+01 1.58999E+00  1.30104E-04  1.64163E+00 
5.62999E+01 1.58499E+00  1.26478E-04  1.63663E+00 
5.63999E+01 1.57999E+00  1.22422E-04  1.63163E+00 
5.64999E+01 1.57499E+00  1.18165E-04  1.62664E+00 
5.65999E+01 1.56999E+00  1.10915E-04  1.62162E+00 
5.66999E+01 1.56499E+00  1.07738E-04  1.61662E+00 
5.67999E+01 1.55999E+00  1.03676E-04  1.61162E+00 
5.68999E+01 1.55499E+00  9.96859E-05  1.60664E+00 
5.69999E+01 1.54999E+00  9.45158E-05  1.60162E+00 
5.70999E+01 1.54499E+00  8.95101E-05  1.59660E+00 
5.71999E+01 1.53999E+00  8.40443E-05  1.59157E+00 
5.72999E+01 1.53499E+00  8.27081E-05  1.58660E+00 
5.73999E+01 1.52999E+00  7.85062E-05  1.58160E+00 
5.74999E+01 1.52499E+00  7.61555E-05  1.57660E+00 
5.75999E+01 1.51999E+00  7.22239E-05  1.57158E+00 
5.76999E+01 1.51499E+00  6.43423E-05  1.56658E+00 
5.77999E+01 1.50999E+00  6.15178E-05  1.56158E+00 
5.78999E+01 1.50499E+00  6.37169E-05  1.55660E+00 
5.79999E+01 1.49999E+00  5.97348E-05  1.55158E+00 
5.80999E+01 1.49499E+00  5.77434E-05  1.54655E+00 
5.81999E+01 1.48999E+00  5.46506E-05  1.54156E+00 
5.82999E+01 1.48499E+00  4.72752E-05  1.53659E+00 
5.83999E+01 1.47999E+00  4.81560E-05  1.53158E+00 
5.84999E+01 1.47499E+00  4.63407E-05  1.52656E+00 
5.85999E+01 1.46999E+00  4.69057E-05  1.52156E+00 
5.86999E+01 1.46499E+00  4.23390E-05  1.51658E+00 
5.87999E+01 1.45999E+00  3.09388E-05  1.51156E+00 
5.88999E+01 1.45499E+00  2.30546E-05  1.50655E+00 
5.89999E+01 1.44999E+00  3.00545E-05  1.50154E+00 
5.90999E+01 1.44499E+00  2.94151E-05  1.49655E+00 
5.91999E+01 1.43999E+00  2.72488E-05  1.49155E+00 
5.92999E+01 1.43499E+00  2.50909E-05  1.48652E+00 
5.93999E+01 1.42999E+00  2.72752E-05  1.48153E+00 
5.94999E+01 1.42499E+00  1.81265E-05  1.47654E+00 
5.95999E+01 1.41999E+00  2.04936E-05  1.47153E+00 
5.96999E+01 1.41499E+00  2.13000E-05  1.46654E+00 
5.97999E+01 1.40999E+00  2.21889E-05  1.46153E+00 
5.98999E+01 1.40499E+00  2.24842E-05  1.45651E+00 
5.99998E+01 1.39999E+00  2.24542E-05  1.45152E+00 
6.00998E+01 1.39499E+00  2.23502E-05  1.44652E+00 
6.01998E+01 1.38999E+00  2.21732E-05  1.44151E+00 
6.02998E+01 1.38499E+00  2.25559E-05  1.43651E+00 
6.03998E+01 1.37999E+00  2.35293E-05  1.43150E+00 
6.04998E+01 1.37499E+00  2.30416E-05  1.42650E+00 
6.05998E+01 1.36999E+00  2.31148E-05  1.42151E+00 
6.06998E+01 1.36499E+00  2.27433E-05  1.41650E+00 
6.07998E+01 1.35999E+00  2.26905E-05  1.41146E+00 
6.08998E+01 1.35499E+00  2.31581E-05  1.40647E+00 
6.09998E+01 1.34999E+00  2.24193E-05  1.40146E+00 
6.10998E+01 1.34499E+00  2.27950E-05  1.39647E+00 
6.11998E+01 1.33999E+00  2.24338E-05  1.39145E+00 
6.12998E+01 1.33499E+00  2.21832E-05  1.38648E+00 
6.13998E+01 1.32999E+00  2.21805E-05  1.38146E+00 
6.14998E+01 1.32499E+00  2.22278E-05  1.37646E+00 
6.15998E+01 1.31999E+00  2.18518E-05  1.37145E+00 
6.16998E+01 1.31499E+00  2.21262E-05  1.36645E+00 
6.17998E+01 1.30999E+00  2.23924E-05  1.36145E+00 
6.18998E+01 1.30499E+00  2.19867E-05  1.35646E+00 
6.19998E+01 1.29999E+00  2.13154E-05  1.35145E+00 
6.20998E+01 1.29499E+00  2.10788E-05  1.34643E+00 
6.21998E+01 1.28999E+00  2.13549E-05  1.34145E+00 
6.22998E+01 1.28499E+00  2.10397E-05  1.33647E+00 
6.23998E+01 1.27999E+00  2.14663E-05  1.33146E+00 
6.24998E+01 1.27499E+00  2.13456E-05  1.32646E+00 
6.25998E+01 1.26999E+00  2.12291E-05  1.32145E+00 
6.26998E+01 1.26499E+00  2.09823E-05  1.31648E+00 
6.27998E+01 1.25999E+00  2.12579E-05  1.31146E+00 
6.28998E+01 1.25499E+00  2.07926E-05  1.30646E+00 
6.29998E+01 1.24999E+00  2.06375E-05  1.30147E+00 
6.30998E+01 1.24499E+00  2.06833E-05  1.29648E+00 
6.31998E+01 1.23999E+00  2.02585E-05  1.29147E+00 
6.32998E+01 1.23499E+00  2.02599E-05  1.28645E+00 
6.33998E+01 1.22999E+00  2.03861E-05  1.28145E+00 
6.34998E+01 1.22499E+00  2.00209E-05  1.27646E+00 
6.35998E+01 1.21999E+00  2.02892E-05  1.27145E+00 
6.36998E+01 1.21499E+00  1.96749E-05  1.26643E+00 
6.37998E+01 1.20999E+00  1.94970E-05  1.26143E+00 
6.38998E+01 1.20499E+00  1.99648E-05  1.25643E+00 
6.39998E+01 1.19999E+00  2.07550E-05  1.25143E+00 
6.40998E+01 1.19500E+00  2.85766E-05  1.24643E+00 
6.41998E+01 1.19000E+00  2.51902E-05  1.24142E+00 
6.42998E+01 1.18500E+00  2.26511E-05  1.23641E+00 
6.43998E+01 1.18000E+00  2.69815E-05  1.23143E+00 
6.44998E+01 1.17500E+00  2.58555E-05  1.22641E+00 
6.45998E+01 1.17000E+00  2.41827E-05  1.22141E+00 
6.46998E+01 1.16500E+00  2.43751E-05  1.21642E+00 
6.47998E+01 1.16000E+00  1.89663E-05  1.21142E+00 
6.48998E+01 1.15500E+00  2.18880E-05  1.20642E+00 
6.49998E+01 1.15000E+00  2.49281E-05  1.20141E+00 
6.50998E+01 1.14500E+00  2.09709E-05  1.19642E+00 
6.51998E+01 1.14000E+00  2.09969E-05  1.19141E+00 
6.52998E+01 1.13500E+00  1.84495E-05  1.18640E+00 
6.53998E+01 1.13000E+00  1.98407E-05  1.18138E+00 
6.54998E+01 1.12500E+00  2.33744E-05  1.17638E+00 
6.55998E+01 1.12000E+00  2.23549E-05  1.17138E+00 
6.56998E+01 1.11500E+00  2.01273E-05  1.16639E+00 
6.57998E+01 1.11000E+00  2.02236E-05  1.16136E+00 
6.58998E+01 1.10500E+00  1.96502E-05  1.15638E+00 
6.59998E+01 1.10000E+00  2.05765E-05  1.15137E+00 
6.60998E+01 1.09500E+00  1.95784E-05  1.14639E+00 
6.61998E+01 1.09000E+00  1.93688E-05  1.14136E+00 
6.62998E+01 1.08500E+00  2.28100E-05  1.13635E+00 
6.63998E+01 1.08000E+00  2.18720E-05  1.13138E+00 
6.64998E+01 1.07500E+00  2.21958E-05  1.12637E+00 
6.65998E+01 1.07000E+00  2.17953E-05  1.12136E+00 
6.66998E+01 1.06500E+00  2.12239E-05  1.11633E+00 
6.67998E+01 1.06000E+00  2.03849E-05  1.11133E+00 
6.68998E+01 1.05500E+00  2.05721E-05  1.10634E+00 
6.69998E+01 1.05000E+00  2.14671E-05  1.10131E+00 
6.70998E+01 1.04500E+00  2.13725E-05  1.09634E+00 
6.71998E+01 1.04000E+00  2.06659E-05  1.09130E+00 
6.72998E+01 1.03500E+00  1.99822E-05  1.08629E+00 
6.73998E+01 1.03000E+00  2.01616E-05  1.08130E+00 
6.74998E+01 1.02500E+00  1.95608E-05  1.07630E+00 
6.75998E+01 1.02000E+00  1.96819E-05  1.07131E+00 
6.76998E+01 1.01500E+00  1.93693E-05  1.06629E+00 
6.77998E+01 1.01000E+00  1.91770E-05  1.06129E+00 
6.78998E+01 1.00500E+00  1.87645E-05  1.05630E+00 
6.79998E+01 9.99995E-01  1.87515E-05  1.05129E+00 
6.80998E+01 9.94996E-01  1.84490E-05  1.04629E+00 
6.81998E+01 9.89996E-01  1.84301E-05  1.04127E+00 
6.82998E+01 9.84996E-01  1.83150E-05  1.03631E+00 
6.83998E+01 9.79996E-01  1.81376E-05  1.03132E+00 
6.84998E+01 9.74996E-01  1.78630E-05  1.02631E+00 
6.85998E+01 9.69996E-01  1.76587E-05  1.02128E+00 
6.86998E+01 9.64996E-01  1.74942E-05  1.01630E+00 
6.87998E+01 9.59996E-01  1.72921E-05  1.01129E+00 
6.88998E+01 9.54996E-01  1.71227E-05  1.00629E+00 
6.89998E+01 9.49996E-01  1.69275E-05  1.00127E+00 
6.90998E+01 9.44996E-01  1.75372E-05  9.96284E-01 
6.91998E+01 9.39996E-01  1.68819E-05  9.91294E-01 
6.92998E+01 9.34996E-01  1.66168E-05  9.86272E-01 
6.93998E+01 9.29996E-01  1.63638E-05  9.81260E-01 
6.94998E+01 9.24996E-01  1.60516E-05  9.76275E-01 
6.95998E+01 9.19996E-01  1.58375E-05  9.71291E-01 
6.96998E+01 9.14996E-01  1.56923E-05  9.66266E-01 
6.97998E+01 9.09996E-01  1.54648E-05  9.61243E-01 
6.98998E+01 9.04996E-01  1.51757E-05  9.56251E-01 
6.99998E+01 8.99996E-01  1.50301E-05  9.51252E-01 
7.00998E+01 8.94996E-01  1.48319E-05  9.46266E-01 
7.01998E+01 8.89996E-01  1.46514E-05  9.41257E-01 
7.02998E+01 8.84996E-01  1.44567E-05  9.36237E-01 
7.03998E+01 8.79996E-01  1.42441E-05  9.31225E-01 
7.04998E+01 8.74996E-01  1.40685E-05  9.26246E-01 
7.05998E+01 8.69996E-01  1.38559E-05  9.21232E-01 
7.06998E+01 8.64996E-01  1.36708E-05  9.16244E-01 
7.07998E+01 8.59996E-01  1.34959E-05  9.11212E-01 
7.08998E+01 8.54996E-01  1.32831E-05  9.06238E-01 
7.09998E+01 8.49996E-01  1.31234E-05  9.01208E-01 
7.10998E+01 8.44996E-01  1.29018E-05  8.96222E-01 
7.11998E+01 8.39996E-01  1.27384E-05  8.91196E-01 
7.12998E+01 8.34996E-01  1.25360E-05  8.86192E-01 
7.13998E+01 8.29996E-01  1.23700E-05  8.81218E-01 
7.14998E+01 8.24996E-01  1.21796E-05  8.76219E-01 
7.15998E+01 8.19996E-01  1.20330E-05  8.71202E-01 
7.16998E+01 8.14996E-01  1.18334E-05  8.66195E-01 
7.17998E+01 8.09996E-01  1.16554E-05  8.61198E-01 
7.18998E+01 8.04996E-01  1.14624E-05  8.56213E-01 
7.19998E+01 7.99996E-01  1.12853E-05  8.51200E-01 
7.20998E+01 7.94996E-01  1.11004E-05  8.46183E-01 
7.21998E+01 7.89996E-01  1.09171E-05  8.41210E-01 
7.22998E+01 7.84996E-01  1.07473E-05  8.36204E-01 
7.23998E+01 7.79996E-01  1.05632E-05  8.31199E-01 
7.24998E+01 7.74996E-01  1.03710E-05  8.26177E-01 
7.25998E+01 7.69996E-01  1.01892E-05  8.21195E-01 
7.26998E+01 7.64996E-01  9.98612E-06  8.16229E-01 
7.27998E+01 7.59996E-01  9.80829E-06  8.11186E-01 
7.28998E+01 7.54996E-01  9.61209E-06  8.06185E-01 
7.29998E+01 7.49996E-01  9.42708E-06  8.01194E-01 
7.30998E+01 7.44996E-01  9.23295E-06  7.96188E-01 
7.31998E+01 7.39996E-01  9.03987E-06  7.91175E-01 
7.32998E+01 7.34996E-01  8.83690E-06  7.86166E-01 
7.33998E+01 7.29996E-01  8.64582E-06  7.81175E-01 
7.34998E+01 7.24996E-01  8.44447E-06  7.76152E-01 
7.35998E+01 7.19996E-01  8.22700E-06  7.71155E-01 
7.36998E+01 7.14996E-01  8.02905E-06  7.66129E-01 
7.37998E+01 7.09996E-01  7.81740E-06  7.61155E-01 
7.38998E+01 7.04996E-01  7.61400E-06  7.56121E-01 
7.39998E+01 6.99996E-01  7.41064E-06  7.51130E-01 
7.40998E+01 6.94996E-01  7.21169E-06  7.46144E-01 
7.41998E+01 6.89996E-01  6.99797E-06  7.41122E-01 
7.42998E+01 6.84996E-01  6.77612E-06  7.36129E-01 
7.43998E+01 6.79996E-01  6.56163E-06  7.31127E-01 
7.44998E+01 6.74996E-01  6.35355E-06  7.26130E-01 
7.45998E+01 6.69996E-01  6.13591E-06  7.21147E-01 
7.46998E+01 6.64996E-01  5.92268E-06  7.16129E-01 
7.47998E+01 6.59996E-01  5.69738E-06  7.11127E-01 
7.48998E+01 6.54996E-01  5.47194E-06  7.06121E-01 
7.49998E+01 6.49996E-01  5.24147E-06  7.01129E-01 
7.50998E+01 6.44996E-01  5.02135E-06  6.96111E-01 
7.51998E+01 6.39996E-01  4.79230E-06  6.91110E-01 
7.52998E+01 6.34996E-01  4.56518E-06  6.86088E-01 
7.53998E+01 6.29996E-01  4.33499E-06  6.81112E-01 
7.54998E+01 6.24996E-01  4.09775E-06  6.76095E-01 
7.55998E+01 6.19996E-01  3.86658E-06  6.71098E-01 
7.56998E+01 6.14996E-01  3.62831E-06  6.66104E-01 
7.57998E+01 6.09996E-01  3.38685E-06  6.61093E-01 
7.58998E+01 6.04996E-01  3.11341E-06  6.56104E-01 
7.59998E+01 5.99996E-01  2.87909E-06  6.51086E-01 
7.60998E+01 5.94997E-01  2.64600E-06  6.46102E-01 
7.61998E+01 5.89997E-01  2.41049E-06  6.41093E-01 
7.62998E+01 5.84997E-01  2.18125E-06  6.36084E-01 
7.63998E+01 5.79997E-01  1.94509E-06  6.31085E-01 
7.64998E+01 5.74997E-01  1.70444E-06  6.26051E-01 
7.65998E+01 5.69997E-01  1.46734E-06  6.21061E-01 
7.66998E+01 5.64997E-01  1.22902E-06  6.16058E-01 
7.67998E+01 5.59997E-01  9.91112E-07  6.11046E-01 
7.68998E+01 5.54997E-01  7.50649E-07  6.06024E-01 
7.69998E+01 5.49997E-01  5.13898E-07  6.01040E-01 
7.70998E+01 5.44997E-01  2.65380E-07  5.96073E-01 
7.71998E+01 5.39997E-01  1.69625E-08  5.91045E-01 
7.72998E+01 5.34997E-01  -2.33954E-07 5.86037E-01 
7.73998E+01 5.29997E-01  -4.83221E-07 5.81053E-01 
7.74998E+01 5.24997E-01  -7.47920E-07 5.76043E-01 
7.75998E+01 5.19997E-01  -1.00744E-06 5.71037E-01 
7.76998E+01 5.14997E-01  -1.26501E-06 5.66021E-01 
7.77998E+01 5.09997E-01  -1.53398E-06 5.61046E-01 
7.78998E+01 5.04997E-01  -1.79780E-06 5.56013E-01 
7.79998E+01 4.99997E-01  -2.05939E-06 5.51041E-01 
7.80998E+01 4.94997E-01  -2.32753E-06 5.46012E-01 
7.81998E+01 4.89997E-01  -2.59604E-06 5.41015E-01 
7.82998E+01 4.84997E-01  -2.87279E-06 5.36038E-01 
7.83998E+01 4.79997E-01  -3.15305E-06 5.31028E-01 
7.84998E+01 4.74997E-01  -3.44805E-06 5.26016E-01 
7.85998E+01 4.69997E-01  -3.75079E-06 5.21002E-01 
7.86998E+01 4.64997E-01  -4.04835E-06 5.16017E-01 
7.87998E+01 4.59997E-01  -4.35467E-06 5.11022E-01 
7.88998E+01 4.54997E-01  -4.67065E-06 5.05999E-01 
7.89998E+01 4.49997E-01  -4.99479E-06 5.01014E-01 
7.90998E+01 4.44997E-01  -5.32025E-06 4.96037E-01 
7.91998E+01 4.39997E-01  -5.66024E-06 4.91040E-01 
7.92998E+01 4.34997E-01  -6.01065E-06 4.86020E-01 
7.93998E+01 4.29997E-01  -6.36140E-06 4.81000E-01 
7.94998E+01 4.24997E-01  -6.72132E-06 4.76026E-01 
7.95998E+01 4.19997E-01  -7.09140E-06 4.70990E-01 
7.96998E+01 4.14997E-01  -7.47207E-06 4.66001E-01 
7.97998E+01 4.09997E-01  -7.85781E-06 4.60978E-01 
7.98998E+01 4.04997E-01  -8.25975E-06 4.55984E-01 
7.99998E+01 3.99997E-01  -8.65803E-06 4.50967E-01 
8.00998E+01 3.94997E-01  -9.07770E-06 4.45971E-01 
8.01998E+01 3.89997E-01  -9.50858E-06 4.40977E-01 
8.02998E+01 3.84997E-01  -9.93406E-06 4.35966E-01 
8.03998E+01 3.79997E-01  -1.03791E-05 4.30975E-01 
8.04998E+01 3.74997E-01  -1.07965E-05 4.25955E-01 
8.05998E+01 3.69997E-01  -1.11932E-05 4.20966E-01 
8.06998E+01 3.64997E-01  -1.17149E-05 4.15966E-01 
8.07998E+01 3.59997E-01  -1.21844E-05 4.10938E-01 
8.08998E+01 3.54997E-01  -1.26428E-05 4.05925E-01 
8.09998E+01 3.49997E-01  -1.31088E-05 4.00954E-01 
8.10998E+01 3.44997E-01  -1.36037E-05 3.95966E-01 
8.11998E+01 3.39997E-01  -1.41030E-05 3.90943E-01 
8.12998E+01 3.34997E-01  -1.46284E-05 3.85927E-01 
8.13998E+01 3.29997E-01  -1.51437E-05 3.80941E-01 
8.14998E+01 3.24997E-01  -1.56624E-05 3.75941E-01 
8.15998E+01 3.19997E-01  -1.62060E-05 3.70930E-01 
8.16998E+01 3.14997E-01  -1.67584E-05 3.65923E-01 
8.17998E+01 3.09997E-01  -1.73333E-05 3.60931E-01 
8.18998E+01 3.04997E-01  -1.78987E-05 3.55929E-01 
8.19998E+01 2.99997E-01  -1.84888E-05 3.50917E-01 
8.20998E+01 2.94997E-01  -1.90831E-05 3.45902E-01 
8.21998E+01 2.89997E-01  -1.96844E-05 3.40932E-01 
8.22998E+01 2.84997E-01  -2.02782E-05 3.35915E-01 
8.23998E+01 2.79997E-01  -2.09030E-05 3.30903E-01 
8.24998E+01 2.74997E-01  -2.15326E-05 3.25889E-01 
8.25998E+01 2.69997E-01  -2.21270E-05 3.20911E-01 
8.26998E+01 2.64997E-01  -2.27950E-05 3.15904E-01 
8.27998E+01 2.59997E-01  -2.34397E-05 3.10890E-01 
8.28998E+01 2.54997E-01  -2.40780E-05 3.05890E-01 
8.29998E+01 2.49997E-01  -2.47554E-05 3.00887E-01 
8.30998E+01 2.44997E-01  -2.54461E-05 2.95879E-01 
8.31998E+01 2.39997E-01  -2.61506E-05 2.90869E-01 
8.32998E+01 2.34997E-01  -2.68614E-05 2.85878E-01 
8.33998E+01 2.29997E-01  -2.75517E-05 2.80874E-01 
8.34998E+01 2.24997E-01  -2.82701E-05 2.75863E-01 
8.35998E+01 2.19997E-01  -2.89456E-05 2.70854E-01 
8.36998E+01 2.14997E-01  -2.96740E-05 2.65878E-01 
8.37998E+01 2.09997E-01  -3.04757E-05 2.60862E-01 
8.38998E+01 2.04997E-01  -3.12310E-05 2.55866E-01 
8.39998E+01 1.99997E-01  -3.18686E-05 2.50826E-01 
8.40998E+01 1.94998E-01  -3.25594E-05 2.45838E-01 
8.41998E+01 1.89998E-01  -3.32906E-05 2.40856E-01 
8.42998E+01 1.84998E-01  -3.40151E-05 2.35843E-01 
8.43998E+01 1.79998E-01  -3.47436E-05 2.30829E-01 
8.44998E+01 1.74998E-01  -3.54410E-05 2.25850E-01 
8.45998E+01 1.69998E-01  -3.61247E-05 2.20875E-01 
8.46998E+01 1.64998E-01  -3.68200E-05 2.15857E-01 
8.47998E+01 1.59998E-01  -3.75005E-05 2.10818E-01 
8.48998E+01 1.54998E-01  -3.81581E-05 2.05832E-01 
8.49998E+01 1.49998E-01  -3.88230E-05 2.00846E-01 
8.50998E+01 1.44998E-01  -3.94969E-05 1.95846E-01 
8.51998E+01 1.39998E-01  -4.01316E-05 1.90818E-01 
8.52998E+01 1.34998E-01  -4.07870E-05 1.85834E-01 
8.53998E+01 1.29998E-01  -4.14180E-05 1.80844E-01 
8.54998E+01 1.24998E-01  -4.20444E-05 1.75828E-01 
8.55998E+01 1.19998E-01  -4.26318E-05 1.70823E-01 
8.56998E+01 1.14998E-01  -4.32139E-05 1.65812E-01 
8.57998E+01 1.09998E-01  -4.38325E-05 1.60832E-01 
8.58998E+01 1.04998E-01  -4.44997E-05 1.55820E-01 
8.59998E+01 9.99977E-02  -4.50905E-05 1.50803E-01 
8.60998E+01 9.49978E-02  -4.56622E-05 1.45811E-01 
8.61998E+01 8.99978E-02  -4.62522E-05 1.40807E-01 
8.62998E+01 8.49978E-02  -4.68513E-05 1.35776E-01 
8.63998E+01 7.99978E-02  -4.74401E-05 1.30763E-01 
8.64998E+01 7.49978E-02  -4.80281E-05 1.25781E-01 
8.65998E+01 6.99978E-02  -4.86446E-05 1.20782E-01 
8.66998E+01 6.49978E-02  -4.92346E-05 1.15781E-01 
8.67998E+01 5.99978E-02  -4.98395E-05 1.10757E-01 
8.68998E+01 5.49979E-02  -5.04484E-05 1.05788E-01 
8.69998E+01 4.99979E-02  -5.10075E-05 1.00772E-01 
8.70998E+01 4.49979E-02  -5.16062E-05 9.57739E-02 
8.71998E+01 3.99979E-02  -5.23115E-05 9.07493E-02 
8.72998E+01 3.49979E-02  -5.29128E-05 8.57783E-02 
8.73998E+01 2.99979E-02  -5.34623E-05 8.07849E-02 
8.74998E+01 2.49979E-02  -5.41108E-05 7.57659E-02 
8.75998E+01 1.99979E-02  -5.48055E-05 7.07412E-02 
8.76998E+01 1.49980E-02  -5.54700E-05 6.57403E-02 
8.77998E+01 9.99797E-03  -5.61212E-05 6.07463E-02 
8.78998E+01 4.99799E-03  -5.67717E-05 5.57522E-02 
8.79998E+01 -2.00000E-06 -5.74786E-05 5.07419E-02 
8.80998E+01 -5.00199E-03 -5.81714E-05 4.57391E-02 
8.81998E+01 -1.00020E-02 -5.88199E-05 4.07588E-02 
8.82998E+01 -1.50020E-02 -5.95142E-05 3.57579E-02 
8.83998E+01 -2.00020E-02 -6.01729E-05 3.07251E-02 
8.84998E+01 -2.50019E-02 -6.09433E-05 2.57136E-02 
8.85998E+01 -3.00019E-02 -6.16386E-05 2.07483E-02 
8.86998E+01 -3.50019E-02 -6.24902E-05 1.57411E-02 
8.87998E+01 -4.00019E-02 -6.32661E-05 1.07246E-02 
8.88998E+01 -4.50019E-02 -6.40563E-05 5.73799E-03 
8.89998E+01 -5.00019E-02 -6.48673E-05 7.45797E-04 
8.90998E+01 -5.50019E-02 -6.56216E-05 -4.25635E-03
8.91998E+01 -6.00019E-02 -6.64639E-05 -9.28347E-03
8.92998E+01 -6.50018E-02 -6.73477E-05 -1.42688E-02
8.93998E+01 -7.00018E-02 -6.82385E-05 -1.92897E-02
8.94998E+01 -7.50018E-02 -6.91781E-05 -2.42700E-02
8.95998E+01 -8.00018E-02 -7.01569E-05 -2.92840E-02
8.96998E+01 -8.50018E-02 -7.11596E-05 -3.42681E-02
8.97998E+01 -9.00018E-02 -7.22115E-05 -3.93046E-02
8.98998E+01 -9.50018E-02 -7.32335E-05 -4.42731E-02
8.99998E+01 -1.00002E-01 -7.43112E-05 -4.92777E-02
9.00998E+01 -1.05002E-01 -7.54545E-05 -5.42974E-02
9.01998E+01 -1.10002E-01 -7.66250E-05 -5.92839E-02
9.02998E+01 -1.15002E-01 -7.77740E-05 -6.43073E-02
9.03998E+01 -1.20002E-01 -7.89970E-05 -6.92727E-02
9.04998E+01 -1.25002E-01 -8.02129E-05 -7.42892E-02
9.05998E+01 -1.30002E-01 -8.12912E-05 -7.93007E-02
9.06998E+01 -1.35002E-01 -8.26938E-05 -8.42979E-02
9.07998E+01 -1.40002E-01 -8.40733E-05 -8.92788E-02
9.08998E+01 -1.45002E-01 -8.55171E-05 -9.43297E-02
9.09998E+01 -1.50002E-01 -8.71866E-05 -9.93050E-02
9.10998E+01 -1.55002E-01 -8.89693E-05 -1.04311E-01
9.11998E+01 -1.60002E-01 -9.06542E-05 -1.09283E-01
9.12998E+01 -1.65002E-01 -9.23890E-05 -1.14322E-01
9.13998E+01 -1.70002E-01 -9.40331E-05 -1.19324E-01
9.14998E+01 -1.75002E-01 -9.59547E-05 -1.24338E-01
9.15998E+01 -1.80002E-01 -9.78720E-05 -1.29309E-01
9.16998E+01 -1.85002E-01 -1.00002E-04 -1.34320E-01
9.17998E+01 -1.90002E-01 -1.02377E-04 -1.39334E-01
9.18998E+01 -1.95002E-01 -1.05161E-04 -1.44356E-01
9.19998E+01 -2.00002E-01 -1.08232E-04 -1.49330E-01
9.20998E+01 -2.05001E-01 -1.11791E-04 -1.54328E-01
9.21998E+01 -2.10001E-01 -1.14828E-04 -1.59339E-01
9.22998E+01 -2.15001E-01 -1.17640E-04 -1.64362E-01
9.23998E+01 -2.20001E-01 -1.22957E-04 -1.69363E-01
9.24998E+01 -2.25001E-01 -1.31066E-04 -1.74358E-01
9.25998E+01 -2.30001E-01 -1.36521E-04 -1.79372E-01
9.26998E+01 -2.35001E-01 -1.40913E-04 -1.84384E-01
9.27998E+01 -2.40001E-01 -1.45159E-04 -1.89360E-01
9.28998E+01 -2.45001E-01 -1.49137E-04 -1.94381E-01
9.29998E+01 -2.50001E-01 -1.51858E-04 -1.99394E-01
9.30998E+01 -2.55001E-01 -1.56314E-04 -2.04396E-01
9.31998E+01 -2.60001E-01 -1.61695E-04 -2.09385E-01
9.32998E+01 -2.65001E-01 -1.60398E-04 -2.14384E-01
9.33998E+01 -2.70001E-01 -1.63673E-04 -2.19415E-01
9.34998E+01 -2.75001E-01 -1.67861E-04 -2.24404E-01
9.35998E+01 -2.80001E-01 -1.71934E-04 -2.29379E-01
9.36998E+01 -2.85001E-01 -1.73617E-04 -2.34410E-01
9.37998E+01 -2.90001E-01 -1.76566E-04 -2.39408E-01
9.38998E+01 -2.95001E-01 -1.80076E-04 -2.44417E-01
9.39998E+01 -3.00001E-01 -1.83806E-04 -2.49407E-01
9.40998E+01 -3.05001E-01 -1.87934E-04 -2.54400E-01
9.41998E+01 -3.10001E-01 -1.92285E-04 -2.59409E-01
9.42998E+01 -3.15001E-01 -1.96151E-04 -2.64418E-01
9.43998E+01 -3.20001E-01 -2.00709E-04 -2.69409E-01
9.44998E+01 -3.25001E-01 -2.04672E-04 -2.74410E-01
9.45998E+01 -3.30001E-01 -2.09193E-04 -2.79437E-01
9.46998E+01 -3.35001E-01 -2.12902E-04 -2.84444E-01
9.47998E+01 -3.40001E-01 -2.15794E-04 -2.89434E-01
9.48998E+01 -3.45001E-01 -2.19175E-04 -2.94417E-01
9.49998E+01 -3.50001E-01 -2.23831E-04 -2.99424E-01
9.50998E+01 -3.55001E-01 -2.27626E-04 -3.04435E-01
9.51998E+01 -3.60001E-01 -2.30872E-04 -3.09416E-01
9.52998E+01 -3.65001E-01 -2.33877E-04 -3.14420E-01
9.53998E+01 -3.70001E-01 -2.37065E-04 -3.19422E-01
9.54998E+01 -3.75001E-01 -2.40172E-04 -3.24439E-01
9.55998E+01 -3.80001E-01 -2.42591E-04 -3.29441E-01
9.56998E+01 -3.85001E-01 -2.45352E-04 -3.34418E-01
9.57998E+01 -3.90001E-01 -2.47882E-04 -3.39453E-01
9.58998E+01 -3.95001E-01 -2.51446E-04 -3.44446E-01
9.59998E+01 -4.00001E-01 -2.55003E-04 -3.49452E-01
9.60998E+01 -4.05001E-01 -2.58091E-04 -3.54431E-01
9.61998E+01 -4.10001E-01 -2.62003E-04 -3.59435E-01
9.62998E+01 -4.15001E-01 -2.63194E-04 -3.64426E-01
9.63998E+01 -4.20001E-01 -2.66900E-04 -3.69432E-01
9.64998E+01 -4.25001E-01 -2.68829E-04 -3.74447E-01
9.65998E+01 -4.30001E-01 -2.70402E-04 -3.79430E-01
9.66998E+01 -4.35001E-01 -2.72749E-04 -3.84426E-01
9.67998E+01 -4.40001E-01 -2.75933E-04 -3.89453E-01
9.68998E+01 -4.45001E-01 -2.78207E-04 -3.94444E-01
9.69998E+01 -4.50001E-01 -2.79553E-04 -3.99461E-01
9.70998E+01 -4.55001E-01 -2.81512E-04 -4.04440E-01
9.71998E+01 -4.60001E-01 -2.83884E-04 -4.09458E-01
9.72998E+01 -4.65001E-01 -2.85612E-04 -4.14455E-01
9.73998E+01 -4.70001E-01 -2.87487E-04 -4.19449E-01
9.74998E+01 -4.75001E-01 -2.88818E-04 -4.24464E-01
9.75998E+01 -4.80001E-01 -2.87528E-04 -4.29468E-01
9.76998E+01 -4.85001E-01 -2.88075E-04 -4.34487E-01
9.77998E+01 -4.90001E-01 -2.85979E-04 -4.39482E-01
9.78998E+01 -4.95001E-01 -2.79438E-04 -4.44475E-01
9.79998E+01 -5.00001E-01 -2.68467E-04 -4.49489E-01
9.80998E+01 -5.05001E-01 -2.49588E-04 -4.54504E-01
9.81998E+01 -5.10001E-01 -2.25284E-04 -4.59492E-01
9.82998E+01 -5.15001E-01 -1.99373E-04 -4.64493E-01
9.83998E+01 -5.20001E-01 -1.78218E-04 -4.69459E-01
9.84998E+01 -5.25001E-01 -1.61608E-04 -4.74484E-01
9.85998E+01 -5.30001E-01 -1.48716E-04 -4.79495E-01
9.86998E+01 -5.35001E-01 -1.37807E-04 -4.84523E-01
9.87998E+01 -5.40001E-01 -1.28471E-04 -4.89511E-01
9.88998E+01 -5.45001E-01 -1.20084E-04 -4.94534E-01
9.89998E+01 -5.50001E-01 -1.12760E-04 -4.99534E-01
9.90998E+01 -5.55001E-01 -1.06535E-04 -5.04531E-01
9.91998E+01 -5.60001E-01 -1.00895E-04 -5.09539E-01
9.92998E+01 -5.65001E-01 -9.59099E-05 -5.14557E-01
9.93998E+01 -5.70001E-01 -9.11338E-05 -5.19518E-01
9.94998E+01 -5.75001E-01 -8.73454E-05 -5.24530E-01
9.95998E+01 -5.80001E-01 -8.40637E-05 -5.29560E-01
9.96998E+01 -5.85001E-01 -8.06931E-05 -5.34577E-01
9.97998E+01 -5.90001E-01 -7.76181E-05 -5.39547E-01
9.98998E+01 -5.95001E-01 -7.48426E-05 -5.44559E-01
9.99997E+01 -6.00001E-01 -7.25259E-05 -5.49545E-01
1.00100E+02 -6.05000E-01 -7.05360E-05 -5.54539E-01
1.00200E+02 -6.10000E-01 -6.86270E-05 -5.59557E-01
1.00300E+02 -6.15000E-01 -6.69602E-05 -5.64545E-01
1.00400E+02 -6.20000E-01 -6.53918E-05 -5.69538E-01
1.00500E+02 -6.25000E-01 -6.40711E-05 -5.74587E-01
1.00600E+02 -6.30000E-01 -6.27141E-05 -5.79541E-01
1.00700E+02 -6.35000E-01 -6.15805E-05 -5.84529E-01
1.00800E+02 -6.40000E-01 -6.04476E-05 -5.89562E-01
1.00900E+02 -6.45000E-01 -5.94364E-05 -5.94582E-01
1.01000E+02 -6.50000E-01 -5.83907E-05 -5.99569E-01
1.01100E+02 -6.55000E-01 -5.75312E-05 -6.04554E-01
1.01200E+02 -6.60000E-01 -5.69020E-05 -6.09575E-01
1.01300E+02 -6.65000E-01 -5.62539E-05 -6.14597E-01
1.01400E+02 -6.70000E-01 -5.52220E-05 -6.19580E-01
1.01500E+02 -6.75000E-01 -5.49486E-05 -6.24561E-01
1.01600E+02 -6.80000E-01 -5.42218E-05 -6.29560E-01
1.01700E+02 -6.85000E-01 -5.35724E-05 -6.34575E-01
1.01800E+02 -6.90000E-01 -5.29707E-05 -6.39570E-01
1.01900E+02 -6.95000E-01 -5.27016E-05 -6.44583E-01
1.02000E+02 -7.00000E-01 -5.23306E-05 -6.49605E-01
1.02100E+02 -7.05000E-01 -5.19281E-05 -6.54609E-01
1.02200E+02 -7.10000E-01 -5.15875E-05 -6.59620E-01
1.02300E+02 -7.15000E-01 -5.12045E-05 -6.64609E-01
1.02400E+02 -7.20000E-01 -5.09056E-05 -6.69616E-01
1.02500E+02 -7.25000E-01 -5.05641E-05 -6.74619E-01
1.02600E+02 -7.30000E-01 -5.02785E-05 -6.79622E-01
1.02700E+02 -7.35000E-01 -5.01226E-05 -6.84619E-01
1.02800E+02 -7.40000E-01 -4.99572E-05 -6.89619E-01
1.02900E+02 -7.45000E-01 -4.98047E-05 -6.94621E-01
1.03000E+02 -7.50000E-01 -4.96068E-05 -6.99610E-01
1.03100E+02 -7.55000E-01 -4.94679E-05 -7.04625E-01
1.03200E+02 -7.60000E-01 -4.93257E-05 -7.09621E-01
1.03300E+02 -7.65000E-01 -4.88825E-05 -7.14630E-01
1.03400E+02 -7.70000E-01 -4.91111E-05 -7.19637E-01
1.03500E+02 -7.75000E-01 -4.91199E-05 -7.24645E-01
1.03600E+02 -7.80000E-01 -4.90384E-05 -7.29638E-01
1.03700E+02 -7.85000E-01 -4.92380E-05 -7.34637E-01
1.03800E+02 -7.90000E-01 -4.91783E-05 -7.39671E-01
1.03900E+02 -7.95000E-01 -4.94232E-05 -7.44661E-01
