time/s      E/V        I/A
0.00000E+00 -8.00000E-01 -4.22785E-05 -7.05416E-01
9.99997E-02 -7.95000E-01 -4.06695E-05 -7.00428E-01
1.99999E-01 -7.90000E-01 -3.93701E-05 -6.95408E-01
2.99999E-01 -7.85000E-01 -3.82157E-05 -6.90399E-01
3.99999E-01 -7.80000E-01 -3.71623E-05 -6.85393E-01
4.99999E-01 -7.75000E-01 -3.61795E-05 -6.80403E-01
5.99998E-01 -7.70000E-01 -3.52715E-05 -6.75402E-01
6.99998E-01 -7.65000E-01 -3.44088E-05 -6.70389E-01
7.99998E-01 -7.60000E-01 -3.35934E-05 -6.65393E-01
8.99998E-01 -7.55000E-01 -3.28185E-05 -6.60375E-01
9.99997E-01 -7.50000E-01 -3.20792E-05 -6.55391E-01
1.10000E+00 -7.45000E-01 -3.13668E-05 -6.50368E-01
1.20000E+00 -7.40000E-01 -3.06872E-05 -6.45360E-01
1.30000E+00 -7.35000E-01 -3.00329E-05 -6.40383E-01
1.40000E+00 -7.30000E-01 -2.93987E-05 -6.35383E-01
1.50000E+00 -7.25000E-01 -2.87871E-05 -6.30387E-01
1.60000E+00 -7.20000E-01 -2.81931E-05 -6.25360E-01
1.70000E+00 -7.15000E-01 -2.76177E-05 -6.20367E-01
1.80000E+00 -7.10000E-01 -2.70639E-05 -6.15383E-01
1.90000E+00 -7.05000E-01 -2.65227E-05 -6.10378E-01
1.99999E+00 -7.00000E-01 -2.59968E-05 -6.05368E-01
2.09999E+00 -6.95000E-01 -2.54824E-05 -6.00386E-01
2.19999E+00 -6.90000E-01 -2.49816E-05 -5.95384E-01
2.29999E+00 -6.85000E-01 -2.44944E-05 -5.90367E-01
2.39999E+00 -6.80000E-01 -2.40167E-05 -5.85357E-01
2.49999E+00 -6.75000E-01 -2.35504E-05 -5.80350E-01
2.59999E+00 -6.70000E-01 -2.30936E-05 -5.75352E-01
2.69999E+00 -6.65000E-01 -2.26426E-05 -5.70377E-01
2.79999E+00 -6.60000E-01 -2.22040E-05 -5.65342E-01
2.89999E+00 -6.55000E-01 -2.17705E-05 -5.60340E-01
2.99999E+00 -6.50000E-01 -2.13446E-05 -5.55346E-01
3.09999E+00 -6.45000E-01 -2.09337E-05 -5.50347E-01
3.19999E+00 -6.40000E-01 -2.05229E-05 -5.45353E-01
3.29999E+00 -6.35000E-01 -2.01175E-05 -5.40330E-01
3.39999E+00 -6.30000E-01 -1.97258E-05 -5.35321E-01
3.49999E+00 -6.25000E-01 -1.93356E-05 -5.30347E-01
3.59999E+00 -6.20000E-01 -1.89500E-05 -5.25334E-01
3.69999E+00 -6.15000E-01 -1.85740E-05 -5.20308E-01
3.79999E+00 -6.10000E-01 -1.82008E-05 -5.15311E-01
3.89999E+00 -6.05000E-01 -1.78352E-05 -5.10337E-01
3.99999E+00 -6.00001E-01 -1.74816E-05 -5.05313E-01
4.09999E+00 -5.95001E-01 -1.71251E-05 -5.00320E-01
4.19999E+00 -5.90001E-01 -1.67761E-05 -4.95298E-01
4.29999E+00 -5.85001E-01 -1.64393E-05 -4.90282E-01
4.39999E+00 -5.80001E-01 -1.61031E-05 -4.85298E-01
4.49999E+00 -5.75001E-01 -1.57676E-05 -4.80286E-01
4.59999E+00 -5.70001E-01 -1.54474E-05 -4.75259E-01
4.69999E+00 -5.65001E-01 -1.51250E-05 -4.70257E-01
4.79999E+00 -5.60001E-01 -1.48109E-05 -4.65260E-01
4.89999E+00 -5.55001E-01 -1.45045E-05 -4.60270E-01
4.99999E+00 -5.50001E-01 -1.42023E-05 -4.55260E-01
5.09999E+00 -5.45001E-01 -1.39044E-05 -4.50263E-01
5.19999E+00 -5.40001E-01 -1.36100E-05 -4.45252E-01
5.29999E+00 -5.35001E-01 -1.33229E-05 -4.40263E-01
5.39999E+00 -5.30001E-01 -1.30345E-05 -4.35270E-01
5.49999E+00 -5.25001E-01 -1.27570E-05 -4.30237E-01
5.59999E+00 -5.20001E-01 -1.24876E-05 -4.25225E-01
5.69999E+00 -5.15001E-01 -1.22168E-05 -4.20239E-01
5.79999E+00 -5.10001E-01 -1.19552E-05 -4.15249E-01
5.89999E+00 -5.05001E-01 -1.16953E-05 -4.10255E-01
5.99998E+00 -5.00001E-01 -1.14375E-05 -4.05224E-01
6.09998E+00 -4.95001E-01 -1.11851E-05 -4.00231E-01
6.19998E+00 -4.90001E-01 -1.09344E-05 -3.95239E-01
6.29998E+00 -4.85001E-01 -1.06907E-05 -3.90244E-01
6.39998E+00 -4.80001E-01 -1.04403E-05 -3.85229E-01
6.49998E+00 -4.75001E-01 -1.02035E-05 -3.80237E-01
6.59998E+00 -4.70001E-01 -9.95832E-06 -3.75250E-01
6.69998E+00 -4.65001E-01 -9.72697E-06 -3.70230E-01
6.79998E+00 -4.60001E-01 -9.49238E-06 -3.65235E-01
6.89998E+00 -4.55001E-01 -9.25779E-06 -3.60219E-01
6.99998E+00 -4.50001E-01 -9.02869E-06 -3.55236E-01
7.09998E+00 -4.45001E-01 -8.79952E-06 -3.50225E-01
7.19998E+00 -4.40001E-01 -8.57240E-06 -3.45221E-01
7.29998E+00 -4.35001E-01 -8.34831E-06 -3.40245E-01
7.39998E+00 -4.30001E-01 -8.12394E-06 -3.35220E-01
7.49998E+00 -4.25001E-01 -7.90262E-06 -3.30247E-01
7.59998E+00 -4.20001E-01 -7.68899E-06 -3.25228E-01
7.69998E+00 -4.15001E-01 -7.47020E-06 -3.20228E-01
7.79998E+00 -4.10001E-01 -7.25175E-06 -3.15213E-01
7.89998E+00 -4.05001E-01 -7.03957E-06 -3.10182E-01
7.99998E+00 -4.00001E-01 -6.82790E-06 -3.05214E-01
8.09998E+00 -3.95001E-01 -6.61680E-06 -3.00200E-01
8.19998E+00 -3.90001E-01 -6.41240E-06 -2.95203E-01
8.29998E+00 -3.85001E-01 -6.20633E-06 -2.90196E-01
8.39998E+00 -3.80001E-01 -6.00183E-06 -2.85198E-01
8.49998E+00 -3.75001E-01 -5.80088E-06 -2.80196E-01
8.59998E+00 -3.70001E-01 -5.60163E-06 -2.75171E-01
8.69998E+00 -3.65001E-01 -5.40185E-06 -2.70165E-01
8.79998E+00 -3.60001E-01 -5.20372E-06 -2.65189E-01
8.89998E+00 -3.55001E-01 -5.00944E-06 -2.60182E-01
8.99998E+00 -3.50001E-01 -4.80832E-06 -2.55164E-01
9.09998E+00 -3.45001E-01 -4.61761E-06 -2.50178E-01
9.19998E+00 -3.40001E-01 -4.42296E-06 -2.45169E-01
9.29998E+00 -3.35001E-01 -4.22751E-06 -2.40158E-01
9.39998E+00 -3.30001E-01 -4.03386E-06 -2.35149E-01
9.49998E+00 -3.25001E-01 -3.84483E-06 -2.30151E-01
9.59998E+00 -3.20001E-01 -3.64425E-06 -2.25156E-01
9.69998E+00 -3.15001E-01 -3.45032E-06 -2.20174E-01
9.79998E+00 -3.10001E-01 -3.29548E-06 -2.15167E-01
9.89998E+00 -3.05001E-01 -3.09708E-06 -2.10155E-01
9.99997E+00 -3.00001E-01 -2.89681E-06 -2.05173E-01
1.01000E+01 -2.95001E-01 -2.70010E-06 -2.00173E-01
1.02000E+01 -2.90001E-01 -2.49813E-06 -1.95139E-01
1.03000E+01 -2.85001E-01 -2.29447E-06 -1.90136E-01
1.04000E+01 -2.80001E-01 -2.09254E-06 -1.85156E-01
1.05000E+01 -2.75001E-01 -1.88550E-06 -1.80147E-01
1.06000E+01 -2.70001E-01 -1.67749E-06 -1.75121E-01
1.07000E+01 -2.65001E-01 -1.46623E-06 -1.70123E-01
1.08000E+01 -2.60001E-01 -1.24745E-06 -1.65141E-01
1.09000E+01 -2.55001E-01 -1.03360E-06 -1.60114E-01
1.10000E+01 -2.50001E-01 -8.20502E-07 -1.55113E-01
1.11000E+01 -2.45001E-01 -6.02706E-07 -1.50117E-01
1.12000E+01 -2.40001E-01 -3.85229E-07 -1.45110E-01
1.13000E+01 -2.35001E-01 -1.68939E-07 -1.40097E-01
1.14000E+01 -2.30001E-01 5.27227E-08  -1.35085E-01
1.15000E+01 -2.25001E-01 2.76672E-07  -1.30073E-01
1.16000E+01 -2.20001E-01 5.00395E-07  -1.25082E-01
1.17000E+01 -2.15001E-01 7.27582E-07  -1.20104E-01
1.18000E+01 -2.10001E-01 9.57038E-07  -1.15086E-01
1.19000E+01 -2.05001E-01 1.19273E-06  -1.10073E-01
1.20000E+01 -2.00002E-01 1.42075E-06  -1.05089E-01
1.21000E+01 -1.95002E-01 1.65745E-06  -1.00098E-01
1.22000E+01 -1.90002E-01 1.89574E-06  -9.50792E-02
1.23000E+01 -1.85002E-01 2.13456E-06  -9.00846E-02
1.24000E+01 -1.80002E-01 2.37831E-06  -8.50718E-02
1.25000E+01 -1.75002E-01 2.62605E-06  -8.00721E-02
1.26000E+01 -1.70002E-01 2.87560E-06  -7.50849E-02
1.27000E+01 -1.65002E-01 3.13088E-06  -7.00465E-02
1.28000E+01 -1.60002E-01 3.39439E-06  -6.50693E-02
1.29000E+01 -1.55002E-01 3.67101E-06  -6.00696E-02
1.30000E+01 -1.50002E-01 3.94668E-06  -5.50931E-02
1.31000E+01 -1.45002E-01 4.24002E-06  -5.00716E-02
1.32000E+01 -1.40002E-01 4.54411E-06  -4.50737E-02
1.33000E+01 -1.35002E-01 4.86387E-06  -4.00872E-02
1.34000E+01 -1.30002E-01 5.19713E-06  -3.50863E-02
1.35000E+01 -1.25002E-01 5.55086E-06  -3.00560E-02
1.36000E+01 -1.20002E-01 5.93212E-06  -2.50582E-02
1.37000E+01 -1.15002E-01 6.32695E-06  -2.00866E-02
1.38000E+01 -1.10002E-01 6.75364E-06  -1.50739E-02
1.39000E+01 -1.05002E-01 7.21480E-06  -1.00486E-02
1.40000E+01 -1.00002E-01 7.69636E-06  -5.05077E-03
1.41000E+01 -9.50018E-02 8.21886E-06  -2.24006E-05
1.42000E+01 -9.00018E-02 8.77763E-06  4.96415E-03 
1.43000E+01 -8.50018E-02 9.37255E-06  9.95949E-03 
1.44000E+01 -8.00018E-02 1.00129E-05  1.49573E-02 
1.45000E+01 -7.50018E-02 1.07025E-05  2.00162E-02 
1.46000E+01 -7.00018E-02 1.14522E-05  2.49772E-02 
1.47000E+01 -6.50018E-02 1.22451E-05  2.99812E-02 
1.48000E+01 -6.00019E-02 1.31035E-05  3.49897E-02 
1.49000E+01 -5.50019E-02 1.40313E-05  4.00162E-02 
1.50000E+01 -5.00019E-02 1.50087E-05  4.49840E-02 
1.51000E+01 -4.50019E-02 1.60679E-05  4.99955E-02 
1.52000E+01 -4.00019E-02 1.72048E-05  5.49784E-02 
1.53000E+01 -3.50019E-02 1.84185E-05  6.00067E-02 
1.54000E+01 -3.00019E-02 1.97110E-05  6.49796E-02 
1.55000E+01 -2.50019E-02 2.10925E-05  7.00036E-02 
1.56000E+01 -2.00020E-02 2.25929E-05  7.50058E-02 
1.57000E+01 -1.50020E-02 2.41259E-05  8.00373E-02 
1.58000E+01 -1.00020E-02 2.57380E-05  8.50151E-02 
1.59000E+01 -5.00199E-03 2.74076E-05  9.00079E-02 
1.60000E+01 -2.00000E-06 2.91533E-05  9.50213E-02 
1.61000E+01 4.99799E-03  3.09586E-05  1.00043E-01 
1.62000E+01 9.99797E-03  3.28205E-05  1.05047E-01 
1.63000E+01 1.49980E-02  3.47186E-05  1.10024E-01 
1.64000E+01 1.99979E-02  3.66687E-05  1.15025E-01 
1.65000E+01 2.49979E-02  3.86510E-05  1.20052E-01 
1.66000E+01 2.99979E-02  4.06450E-05  1.25042E-01 
1.67000E+01 3.49979E-02  4.26769E-05  1.30025E-01 
1.68000E+01 3.99979E-02  4.46817E-05  1.35024E-01 
1.69000E+01 4.49979E-02  4.66548E-05  1.40069E-01 
1.70000E+01 4.99979E-02  4.86084E-05  1.45042E-01 
1.71000E+01 5.49979E-02  5.05431E-05  1.50058E-01 
1.72000E+01 5.99978E-02  5.24382E-05  1.55039E-01 
1.73000E+01 6.49978E-02  5.42625E-05  1.60086E-01 
1.74000E+01 6.99978E-02  5.59971E-05  1.65079E-01 
1.75000E+01 7.49978E-02  5.76127E-05  1.70075E-01 
1.76000E+01 7.99978E-02  5.91368E-05  1.75090E-01 
1.77000E+01 8.49978E-02  6.05245E-05  1.80098E-01 
1.78000E+01 8.99978E-02  6.18046E-05  1.85091E-01 
1.79000E+01 9.49978E-02  6.29625E-05  1.90057E-01 
1.80000E+01 9.99977E-02  6.39685E-05  1.95084E-01 
1.81000E+01 1.04998E-01  6.48480E-05  2.00097E-01 
1.82000E+01 1.09998E-01  6.55922E-05  2.05093E-01 
1.83000E+01 1.14998E-01  6.62097E-05  2.10066E-01 
1.84000E+01 1.19998E-01  6.67061E-05  2.15099E-01 
1.85000E+01 1.24998E-01  6.71000E-05  2.20102E-01 
1.86000E+01 1.29998E-01  6.73758E-05  2.25107E-01 
1.87000E+01 1.34998E-01  6.75579E-05  2.30072E-01 
1.88000E+01 1.39998E-01  6.75951E-05  2.35083E-01 
1.89000E+01 1.44998E-01  6.75064E-05  2.40102E-01 
1.90000E+01 1.49998E-01  6.72694E-05  2.45109E-01 
1.91000E+01 1.54998E-01  6.68872E-05  2.50090E-01 
1.92000E+01 1.59998E-01  6.63993E-05  2.55105E-01 
1.93000E+01 1.64998E-01  6.58129E-05  2.60110E-01 
1.94000E+01 1.69998E-01  6.50808E-05  2.65115E-01 
1.95000E+01 1.74998E-01  6.41609E-05  2.70110E-01 
1.96000E+01 1.79998E-01  6.28773E-05  2.75099E-01 
1.97000E+01 1.84998E-01  6.11251E-05  2.80133E-01 
1.98000E+01 1.89998E-01  5.89839E-05  2.85143E-01 
1.99000E+01 1.94998E-01  5.67045E-05  2.90123E-01 
1.99999E+01 1.99997E-01  5.46547E-05  2.95127E-01 
2.00999E+01 2.04997E-01  5.30425E-05  3.00124E-01 
2.01999E+01 2.09997E-01  5.19853E-05  3.05132E-01 
2.02999E+01 2.14997E-01  5.14636E-05  3.10141E-01 
2.03999E+01 2.19997E-01  5.13675E-05  3.15130E-01 
2.04999E+01 2.24997E-01  5.15776E-05  3.20131E-01 
2.05999E+01 2.29997E-01  5.19904E-05  3.25136E-01 
2.06999E+01 2.34997E-01  5.25101E-05  3.30151E-01 
2.07999E+01 2.39997E-01  5.31004E-05  3.35158E-01 
2.08999E+01 2.44997E-01  5.37156E-05  3.40166E-01 
2.09999E+01 2.49997E-01  5.43355E-05  3.45145E-01 
2.10999E+01 2.54997E-01  5.49559E-05  3.50154E-01 
2.11999E+01 2.59997E-01  5.55441E-05  3.55187E-01 
2.12999E+01 2.64997E-01  5.61168E-05  3.60181E-01 
2.13999E+01 2.69997E-01  5.66607E-05  3.65166E-01 
2.14999E+01 2.74997E-01  5.71688E-05  3.70160E-01 
2.15999E+01 2.79997E-01  5.76492E-05  3.75176E-01 
2.16999E+01 2.84997E-01  5.81022E-05  3.80189E-01 
2.17999E+01 2.89997E-01  5.85262E-05  3.85185E-01 
2.18999E+01 2.94997E-01  5.89150E-05  3.90194E-01 
2.19999E+01 2.99997E-01  5.92751E-05  3.95189E-01 
2.20999E+01 3.04997E-01  5.96129E-05  4.00200E-01 
2.21999E+01 3.09997E-01  5.99352E-05  4.05198E-01 
2.22999E+01 3.14997E-01  6.02155E-05  4.10204E-01 
2.23999E+01 3.19997E-01  6.04899E-05  4.15225E-01 
2.24999E+01 3.24997E-01  6.07396E-05  4.20205E-01 
2.25999E+01 3.29997E-01  6.09666E-05  4.25198E-01 
2.26999E+01 3.34997E-01  6.11882E-05  4.30199E-01 
2.27999E+01 3.39997E-01  6.13990E-05  4.35229E-01 
2.28999E+01 3.44997E-01  6.15833E-05  4.40207E-01 
2.29999E+01 3.49997E-01  6.17673E-05  4.45225E-01 
2.30999E+01 3.54997E-01  6.19382E-05  4.50207E-01 
2.31999E+01 3.59997E-01  6.20921E-05  4.55221E-01 
2.32999E+01 3.64997E-01  6.22347E-05  4.60240E-01 
2.33999E+01 3.69997E-01  6.23681E-05  4.65249E-01 
2.34999E+01 3.74997E-01  6.24910E-05  4.70254E-01 
2.35999E+01 3.79997E-01  6.25945E-05  4.75250E-01 
2.36999E+01 3.84997E-01  6.26798E-05  4.80249E-01 
2.37999E+01 3.89997E-01  6.27393E-05  4.85276E-01 
2.38999E+01 3.94997E-01  6.27696E-05  4.90275E-01 
2.39999E+01 3.99997E-01  6.27670E-05  4.95276E-01 
2.40999E+01 4.04997E-01  6.27334E-05  5.00251E-01 
2.41999E+01 4.09997E-01  6.26559E-05  5.05260E-01 
2.42999E+01 4.14997E-01  6.25441E-05  5.10283E-01 
2.43999E+01 4.19997E-01  6.23972E-05  5.15271E-01 
2.44999E+01 4.24997E-01  6.21646E-05  5.20255E-01 
2.45999E+01 4.29997E-01  6.18948E-05  5.25274E-01 
2.46999E+01 4.34997E-01  6.15796E-05  5.30272E-01 
2.47999E+01 4.39997E-01  6.12287E-05  5.35266E-01 
2.48999E+01 4.44997E-01  6.08302E-05  5.40269E-01 
2.49999E+01 4.49997E-01  6.04075E-05  5.45265E-01 
2.50999E+01 4.54997E-01  5.99753E-05  5.50274E-01 
2.51999E+01 4.59997E-01  5.95286E-05  5.55296E-01 
2.52999E+01 4.64997E-01  5.90251E-05  5.60285E-01 
2.53999E+01 4.69997E-01  5.85016E-05  5.65274E-01 
2.54999E+01 4.74997E-01  5.79707E-05  5.70275E-01 
2.55999E+01 4.79997E-01  5.74316E-05  5.75304E-01 
2.56999E+01 4.84997E-01  5.68765E-05  5.80281E-01 
2.57999E+01 4.89997E-01  5.63253E-05  5.85274E-01 
2.58999E+01 4.94997E-01  5.57817E-05  5.90300E-01 
2.59999E+01 4.99997E-01  5.52311E-05  5.95309E-01 
2.60999E+01 5.04997E-01  5.46872E-05  6.00287E-01 
2.61999E+01 5.09997E-01  5.41692E-05  6.05277E-01 
2.62999E+01 5.14997E-01  5.36640E-05  6.10288E-01 
2.63999E+01 5.19997E-01  5.31834E-05  6.15304E-01 
2.64999E+01 5.24997E-01  5.27355E-05  6.20301E-01 
2.65999E+01 5.29997E-01  5.23154E-05  6.25288E-01 
2.66999E+01 5.34997E-01  5.19299E-05  6.30306E-01 
2.67999E+01 5.39997E-01  5.15802E-05  6.35350E-01 
2.68999E+01 5.44997E-01  5.12618E-05  6.40350E-01 
2.69999E+01 5.49997E-01  5.09915E-05  6.45362E-01 
2.70999E+01 5.54997E-01  5.07394E-05  6.50361E-01 
2.71999E+01 5.59997E-01  5.05272E-05  6.55355E-01 
2.72999E+01 5.64997E-01  5.03425E-05  6.60372E-01 
2.73999E+01 5.69997E-01  5.01836E-05  6.65367E-01 
2.74999E+01 5.74997E-01  5.00538E-05  6.70367E-01 
2.75999E+01 5.79997E-01  4.99324E-05  6.75373E-01 
2.76999E+01 5.84997E-01  4.98531E-05  6.80396E-01 
2.77999E+01 5.89997E-01  4.98164E-05  6.85380E-01 
2.78999E+01 5.94997E-01  4.97969E-05  6.90376E-01 
2.79999E+01 5.99996E-01  4.97796E-05  6.95385E-01 
2.80999E+01 6.04996E-01  4.97949E-05  7.00391E-01 
2.81999E+01 6.09996E-01  4.98204E-05  7.05367E-01 
2.82999E+01 6.14996E-01  4.98458E-05  7.10363E-01 
2.83999E+01 6.19996E-01  4.98777E-05  7.15373E-01 
2.84999E+01 6.24996E-01  4.99077E-05  7.20400E-01 
2.85999E+01 6.29996E-01  4.99238E-05  7.25372E-01 
2.86999E+01 6.34996E-01  4.99708E-05  7.30379E-01 
2.87999E+01 6.39996E-01  4.99888E-05  7.35386E-01 
2.88999E+01 6.44996E-01  5.00365E-05  7.40397E-01 
2.89999E+01 6.49996E-01  5.00868E-05  7.45387E-01 
2.90999E+01 6.54996E-01  5.01317E-05  7.50392E-01 
2.91999E+01 6.59996E-01  5.02090E-05  7.55388E-01 
2.92999E+01 6.64996E-01  5.02794E-05  7.60397E-01 
2.93999E+01 6.69996E-01  5.03521E-05  7.65397E-01 
2.94999E+01 6.74996E-01  5.04432E-05  7.70386E-01 
2.95999E+01 6.79996E-01  5.05381E-05  7.75391E-01 
2.96999E+01 6.84996E-01  5.06431E-05  7.80408E-01 
2.97999E+01 6.89996E-01  5.07560E-05  7.85432E-01 
2.98999E+01 6.94996E-01  5.08839E-05  7.90428E-01 
2.99999E+01 6.99996E-01  5.10086E-05  7.95436E-01 
3.00999E+01 7.04996E-01  5.11470E-05  8.00436E-01 
3.01999E+01 7.09996E-01  5.12948E-05  8.05432E-01 
3.02999E+01 7.14996E-01  5.14500E-05  8.10457E-01 
3.03999E+01 7.19996E-01  5.16028E-05  8.15460E-01 
3.04999E+01 7.24996E-01  5.17702E-05  8.20450E-01 
3.05999E+01 7.29996E-01  5.19408E-05  8.25440E-01 
3.06999E+01 7.34996E-01  5.21183E-05  8.30464E-01 
3.07999E+01 7.39996E-01  5.22991E-05  8.35474E-01 
3.08999E+01 7.44996E-01  5.24881E-05  8.40470E-01 
3.09999E+01 7.49996E-01  5.26732E-05  8.45455E-01 
3.10999E+01 7.54996E-01  5.28727E-05  8.50456E-01 
3.11999E+01 7.59996E-01  5.30663E-05  8.55468E-01 
3.12999E+01 7.64996E-01  5.32647E-05  8.60469E-01 
3.13999E+01 7.69996E-01  5.34763E-05  8.65456E-01 
3.14999E+01 7.74996E-01  5.36778E-05  8.70482E-01 
3.15999E+01 7.79996E-01  5.38884E-05  8.75481E-01 
3.16999E+01 7.84996E-01  5.41002E-05  8.80483E-01 
3.17999E+01 7.89996E-01  5.43258E-05  8.85466E-01 
3.18999E+01 7.94996E-01  5.45397E-05  8.90480E-01 
3.19999E+01 7.99996E-01  5.47636E-05  8.95496E-01 
3.20999E+01 8.04996E-01  5.49787E-05  9.00495E-01 
3.21999E+01 8.09996E-01  5.52075E-05  9.05490E-01 
3.22999E+01 8.14996E-01  5.54389E-05  9.10493E-01 
3.23999E+01 8.19996E-01  5.56572E-05  9.15508E-01 
3.24999E+01 8.24996E-01  5.58795E-05  9.20528E-01 
3.25999E+01 8.29996E-01  5.61049E-05  9.25504E-01 
3.26999E+01 8.34996E-01  5.63250E-05  9.30505E-01 
3.27999E+01 8.39996E-01  5.65436E-05  9.35512E-01 
3.28999E+01 8.44996E-01  5.67657E-05  9.40525E-01 
3.29999E+01 8.49996E-01  5.69855E-05  9.45544E-01 
3.30999E+01 8.54996E-01  5.72028E-05  9.50533E-01 
3.31999E+01 8.59996E-01  5.74096E-05  9.55555E-01 
3.32999E+01 8.64996E-01  5.76168E-05  9.60525E-01 
3.33999E+01 8.69996E-01  5.78360E-05  9.65542E-01 
3.34999E+01 8.74996E-01  5.81560E-05  9.70548E-01 
3.35999E+01 8.79996E-01  5.82210E-05  9.75552E-01 
3.36999E+01 8.84996E-01  5.84038E-05  9.80556E-01 
3.37999E+01 8.89996E-01  5.85642E-05  9.85562E-01 
3.38999E+01 8.94996E-01  5.87308E-05  9.90566E-01 
3.39999E+01 8.99996E-01  5.88907E-05  9.95570E-01 
3.40999E+01 9.04996E-01  5.90410E-05  1.00053E+00 
3.41999E+01 9.09996E-01  5.91784E-05  1.00556E+00 
3.42999E+01 9.14996E-01  5.93045E-05  1.01055E+00 
3.43999E+01 9.19996E-01  5.94224E-05  1.01556E+00 
3.44999E+01 9.24996E-01  5.95374E-05  1.02054E+00 
3.45999E+01 9.29996E-01  5.96294E-05  1.02557E+00 
3.46999E+01 9.34996E-01  5.97082E-05  1.03056E+00 
3.47999E+01 9.39996E-01  5.97671E-05  1.03555E+00 
3.48999E+01 9.44996E-01  5.98087E-05  1.04056E+00 
3.49999E+01 9.49996E-01  5.98358E-05  1.04557E+00 
3.50999E+01 9.54996E-01  5.98495E-05  1.05058E+00 
3.51999E+01 9.59996E-01  5.98375E-05  1.05558E+00 
3.52999E+01 9.64996E-01  5.98168E-05  1.06057E+00 
3.53999E+01 9.69996E-01  5.97912E-05  1.06557E+00 
3.54999E+01 9.74996E-01  5.97429E-05  1.07057E+00 
3.55999E+01 9.79996E-01  5.96831E-05  1.07558E+00 
3.56999E+01 9.84996E-01  5.96189E-05  1.08057E+00 
3.57999E+01 9.89996E-01  5.95370E-05  1.08557E+00 
3.58999E+01 9.94996E-01  5.94423E-05  1.09060E+00 
3.59999E+01 9.99995E-01  5.93450E-05  1.09560E+00 
3.60999E+01 1.00500E+00  5.92726E-05  1.10062E+00 
3.61999E+01 1.01000E+00  5.92156E-05  1.10561E+00 
3.62999E+01 1.01500E+00  5.91834E-05  1.11061E+00 
3.63999E+01 1.02000E+00  5.91791E-05  1.11563E+00 
3.64999E+01 1.02500E+00  5.91998E-05  1.12065E+00 
3.65999E+01 1.03000E+00  5.92208E-05  1.12564E+00 
3.66999E+01 1.03500E+00  5.92585E-05  1.13064E+00 
3.67999E+01 1.04000E+00  5.93143E-05  1.13564E+00 
3.68999E+01 1.04500E+00  5.93888E-05  1.14064E+00 
3.69999E+01 1.05000E+00  5.94554E-05  1.14564E+00 
3.70999E+01 1.05500E+00  5.95440E-05  1.15064E+00 
3.71999E+01 1.06000E+00  5.96570E-05  1.15563E+00 
3.72999E+01 1.06500E+00  5.97660E-05  1.16063E+00 
3.73999E+01 1.07000E+00  5.98936E-05  1.16565E+00 
3.74999E+01 1.07500E+00  6.00307E-05  1.17066E+00 
3.75999E+01 1.08000E+00  6.01751E-05  1.17565E+00 
3.76999E+01 1.08500E+00  6.03192E-05  1.18065E+00 
3.77999E+01 1.09000E+00  6.04883E-05  1.18566E+00 
3.78999E+01 1.09500E+00  6.06718E-05  1.19065E+00 
3.79999E+01 1.10000E+00  6.08455E-05  1.19565E+00 
3.80999E+01 1.10500E+00  6.10356E-05  1.20065E+00 
3.81999E+01 1.11000E+00  6.12316E-05  1.20569E+00 
3.82999E+01 1.11500E+00  6.14297E-05  1.21068E+00 
3.83999E+01 1.12000E+00  6.16388E-05  1.21567E+00 
3.84999E+01 1.12500E+00  6.18577E-05  1.22066E+00 
3.85999E+01 1.13000E+00  6.20663E-05  1.22568E+00 
3.86999E+01 1.13500E+00  6.22968E-05  1.23069E+00 
3.87999E+01 1.14000E+00  6.25538E-05  1.23569E+00 
3.88999E+01 1.14500E+00  6.28327E-05  1.24067E+00 
3.89999E+01 1.15000E+00  6.31580E-05  1.24571E+00 
3.90999E+01 1.15500E+00  6.34922E-05  1.25070E+00 
3.91999E+01 1.16000E+00  6.38980E-05  1.25569E+00 
3.92999E+01 1.16500E+00  6.43144E-05  1.26069E+00 
3.93999E+01 1.17000E+00  6.47544E-05  1.26570E+00 
3.94999E+01 1.17500E+00  6.52082E-05  1.27070E+00 
3.95999E+01 1.18000E+00  6.56888E-05  1.27571E+00 
3.96999E+01 1.18500E+00  6.61864E-05  1.28071E+00 
3.97999E+01 1.19000E+00  6.67046E-05  1.28569E+00 
3.98999E+01 1.19500E+00  6.72534E-05  1.29070E+00 
3.99999E+01 1.19999E+00  6.78269E-05  1.29572E+00 
4.00999E+01 1.20499E+00  6.84395E-05  1.30071E+00 
4.01999E+01 1.20999E+00  6.90613E-05  1.30570E+00 
4.02999E+01 1.21499E+00  6.96973E-05  1.31071E+00 
4.03999E+01 1.21999E+00  7.03676E-05  1.31573E+00 
4.04999E+01 1.22499E+00  7.10718E-05  1.32073E+00 
4.05999E+01 1.22999E+00  7.18123E-05  1.32570E+00 
4.06999E+01 1.23499E+00  7.25694E-05  1.33071E+00 
4.07999E+01 1.23999E+00  7.33682E-05  1.33574E+00 
4.08999E+01 1.24499E+00  7.41764E-05  1.34074E+00 
4.09999E+01 1.24999E+00  7.50017E-05  1.34573E+00 
4.10999E+01 1.25499E+00  7.58514E-05  1.35071E+00 
4.11999E+01 1.25999E+00  7.67410E-05  1.35572E+00 
4.12999E+01 1.26499E+00  7.76651E-05  1.36073E+00 
4.13999E+01 1.26999E+00  7.85983E-05  1.36574E+00 
4.14999E+01 1.27499E+00  7.95687E-05  1.37074E+00 
4.15999E+01 1.27999E+00  8.05589E-05  1.37576E+00 
4.16999E+01 1.28499E+00  8.16000E-05  1.38074E+00 
4.17999E+01 1.28999E+00  8.26897E-05  1.38574E+00 
4.18999E+01 1.29499E+00  8.38097E-05  1.39075E+00 
4.19999E+01 1.29999E+00  8.49768E-05  1.39573E+00 
4.20999E+01 1.30499E+00  8.61772E-05  1.40076E+00 
4.21999E+01 1.30999E+00  8.74091E-05  1.40576E+00 
4.22999E+01 1.31499E+00  8.86959E-05  1.41074E+00 
4.23999E+01 1.31999E+00  9.00356E-05  1.41576E+00 
4.24999E+01 1.32499E+00  9.14320E-05  1.42079E+00 
4.25999E+01 1.32999E+00  9.28325E-05  1.42581E+00 
4.26999E+01 1.33499E+00  9.43151E-05  1.43077E+00 
4.27999E+01 1.33999E+00  9.58515E-05  1.43580E+00 
4.28999E+01 1.34499E+00  9.74607E-05  1.44078E+00 
4.29999E+01 1.34999E+00  9.91233E-05  1.44579E+00 
4.30999E+01 1.35499E+00  1.00820E-04  1.45082E+00 
4.31999E+01 1.35999E+00  1.02582E-04  1.45581E+00 
4.32999E+01 1.36499E+00  1.04412E-04  1.46080E+00 
4.33999E+01 1.36999E+00  1.06339E-04  1.46580E+00 
4.34999E+01 1.37499E+00  1.08291E-04  1.47082E+00 
4.35999E+01 1.37999E+00  1.10331E-04  1.47581E+00 
4.36999E+01 1.38499E+00  1.12490E-04  1.48082E+00 
4.37999E+01 1.38999E+00  1.14686E-04  1.48582E+00 
4.38999E+01 1.39499E+00  1.16916E-04  1.49084E+00 
4.39999E+01 1.39999E+00  1.19229E-04  1.49585E+00 
4.40999E+01 1.40499E+00  1.21608E-04  1.50084E+00 
4.41999E+01 1.40999E+00  1.24029E-04  1.50582E+00 
4.42999E+01 1.41499E+00  1.26494E-04  1.51084E+00 
4.43999E+01 1.41999E+00  1.29012E-04  1.51586E+00 
4.44999E+01 1.42499E+00  1.31601E-04  1.52083E+00 
4.45999E+01 1.42999E+00  1.34250E-04  1.52583E+00 
4.46999E+01 1.43499E+00  1.36922E-04  1.53083E+00 
4.47999E+01 1.43999E+00  1.39680E-04  1.53586E+00 
4.48999E+01 1.44499E+00  1.42587E-04  1.54086E+00 
4.49999E+01 1.44999E+00  1.45575E-04  1.54585E+00 
4.50999E+01 1.45499E+00  1.48669E-04  1.55087E+00 
4.51999E+01 1.45999E+00  1.51840E-04  1.55587E+00 
4.52999E+01 1.46499E+00  1.55014E-04  1.56085E+00 
4.53999E+01 1.46999E+00  1.58283E-04  1.56585E+00 
4.54999E+01 1.47499E+00  1.61593E-04  1.57085E+00 
4.55999E+01 1.47999E+00  1.64932E-04  1.57587E+00 
4.56999E+01 1.48499E+00  1.68336E-04  1.58088E+00 
4.57999E+01 1.48999E+00  1.71825E-04  1.58589E+00 
4.58999E+01 1.49499E+00  1.75269E-04  1.59087E+00 
4.59999E+01 1.49999E+00  1.78764E-04  1.59587E+00 
4.60999E+01 1.50499E+00  1.82244E-04  1.60089E+00 
4.61999E+01 1.50999E+00  1.85768E-04  1.60591E+00 
4.62999E+01 1.51499E+00  1.89373E-04  1.61091E+00 
4.63999E+01 1.51999E+00  1.93002E-04  1.61591E+00 
4.64999E+01 1.52499E+00  1.96672E-04  1.62091E+00 
4.65999E+01 1.52999E+00  2.00377E-04  1.62592E+00 
4.66999E+01 1.53499E+00  2.04264E-04  1.63091E+00 
4.67999E+01 1.53999E+00  2.08262E-04  1.63590E+00 
4.68999E+01 1.54499E+00  2.12003E-04  1.64091E+00 
4.69999E+01 1.54999E+00  2.16154E-04  1.64591E+00 
4.70999E+01 1.55499E+00  2.19925E-04  1.65094E+00 
4.71999E+01 1.55999E+00  2.23697E-04  1.65592E+00 
4.72999E+01 1.56499E+00  2.27487E-04  1.66091E+00 
4.73999E+01 1.56999E+00  2.31318E-04  1.66593E+00 
4.74999E+01 1.57499E+00  2.35138E-04  1.67094E+00 
4.75999E+01 1.57999E+00  2.38981E-04  1.67592E+00 
4.76999E+01 1.58499E+00  2.42834E-04  1.68091E+00 
4.77999E+01 1.58999E+00  2.46703E-04  1.68595E+00 
4.78999E+01 1.59499E+00  2.50563E-04  1.69096E+00 
4.79999E+01 1.59999E+00  2.54483E-04  1.69593E+00 
4.80999E+01 1.60499E+00  2.58344E-04  1.70092E+00 
4.81999E+01 1.60999E+00  2.62204E-04  1.70595E+00 
4.82999E+01 1.61499E+00  2.66040E-04  1.71093E+00 
4.83999E+01 1.61999E+00  2.69909E-04  1.71594E+00 
4.84999E+01 1.62499E+00  2.73785E-04  1.72094E+00 
4.85999E+01 1.62999E+00  2.77585E-04  1.72595E+00 
4.86999E+01 1.63499E+00  2.81370E-04  1.73095E+00 
4.87999E+01 1.63999E+00  2.85157E-04  1.73595E+00 
4.88999E+01 1.64499E+00  2.88986E-04  1.74094E+00 
4.89999E+01 1.64999E+00  2.92727E-04  1.74598E+00 
4.90999E+01 1.65499E+00  2.96431E-04  1.75097E+00 
4.91999E+01 1.65999E+00  3.00164E-04  1.75600E+00 
4.92999E+01 1.66499E+00  3.03857E-04  1.76103E+00 
4.93999E+01 1.66999E+00  3.07486E-04  1.76602E+00 
4.94999E+01 1.67499E+00  3.11051E-04  1.77101E+00 
4.95999E+01 1.67999E+00  3.14600E-04  1.77601E+00 
4.96999E+01 1.68499E+00  3.18154E-04  1.78102E+00 
4.97999E+01 1.68999E+00  3.21595E-04  1.78605E+00 
4.98999E+01 1.69499E+00  3.25085E-04  1.79104E+00 
4.99999E+01 1.69999E+00  3.28532E-04  1.79602E+00 
5.00999E+01 1.70499E+00  3.31933E-04  1.80103E+00 
5.01999E+01 1.70999E+00  3.35209E-04  1.80605E+00 
5.02999E+01 1.71499E+00  3.38508E-04  1.81103E+00 
5.03999E+01 1.71999E+00  3.41700E-04  1.81602E+00 
5.04999E+01 1.72499E+00  3.44883E-04  1.82104E+00 
5.05999E+01 1.72999E+00  3.48013E-04  1.82606E+00 
5.06999E+01 1.73499E+00  3.51056E-04  1.83106E+00 
5.07999E+01 1.73999E+00  3.54074E-04  1.83604E+00 
5.08999E+01 1.74499E+00  3.57010E-04  1.84104E+00 
5.09999E+01 1.74999E+00  3.59902E-04  1.84606E+00 
5.10999E+01 1.75499E+00  3.62791E-04  1.85105E+00 
5.11999E+01 1.75999E+00  3.65564E-04  1.85605E+00 
5.12999E+01 1.76499E+00  3.68350E-04  1.86103E+00 
5.13999E+01 1.76999E+00  3.70967E-04  1.86604E+00 
5.14999E+01 1.77499E+00  3.73573E-04  1.87107E+00 
5.15999E+01 1.77999E+00  3.76107E-04  1.87605E+00 
5.16999E+01 1.78499E+00  3.78573E-04  1.88105E+00 
5.17999E+01 1.78999E+00  3.80978E-04  1.88608E+00 
5.18999E+01 1.79499E+00  3.83336E-04  1.89108E+00 
5.19999E+01 1.79999E+00  3.85553E-04  1.89607E+00 
5.20999E+01 1.79499E+00  3.77378E-04  1.89108E+00 
5.21999E+01 1.78999E+00  3.69608E-04  1.88607E+00 
5.22999E+01 1.78499E+00  3.62164E-04  1.88105E+00 
5.23999E+01 1.77999E+00  3.55018E-04  1.87608E+00 
5.24999E+01 1.77499E+00  3.48104E-04  1.87105E+00 
5.25999E+01 1.76999E+00  3.41372E-04  1.86607E+00 
5.26999E+01 1.76499E+00  3.34813E-04  1.86104E+00 
5.27999E+01 1.75999E+00  3.28427E-04  1.85605E+00 
5.28999E+01 1.75499E+00  3.22173E-04  1.85105E+00 
5.29999E+01 1.74999E+00  3.15993E-04  1.84605E+00 
5.30999E+01 1.74499E+00  3.10074E-04  1.84105E+00 
5.31999E+01 1.73999E+00  3.03940E-04  1.83604E+00 
5.32999E+01 1.73499E+00  2.98049E-04  1.83103E+00 
5.33999E+01 1.72999E+00  2.92288E-04  1.82606E+00 
5.34999E+01 1.72499E+00  2.86590E-04  1.82104E+00 
5.35999E+01 1.71999E+00  2.80965E-04  1.81602E+00 
5.36999E+01 1.71499E+00  2.75427E-04  1.81102E+00 
5.37999E+01 1.70999E+00  2.69943E-04  1.80603E+00 
5.38999E+01 1.70499E+00  2.64552E-04  1.80102E+00 
5.39999E+01 1.69999E+00  2.59289E-04  1.79601E+00 
5.40999E+01 1.69499E+00  2.54102E-04  1.79103E+00 
5.41999E+01 1.68999E+00  2.48919E-04  1.78604E+00 
5.42999E+01 1.68499E+00  2.43871E-04  1.78102E+00 
5.43999E+01 1.67999E+00  2.38866E-04  1.77601E+00 
5.44999E+01 1.67499E+00  2.33889E-04  1.77102E+00 
5.45999E+01 1.66999E+00  2.29030E-04  1.76602E+00 
5.46999E+01 1.66499E+00  2.24304E-04  1.76102E+00 
5.47999E+01 1.65999E+00  2.19535E-04  1.75599E+00 
5.48999E+01 1.65499E+00  2.14895E-04  1.75100E+00 
5.49999E+01 1.64999E+00  2.10346E-04  1.74600E+00 
5.50999E+01 1.64499E+00  2.05829E-04  1.74097E+00 
5.51999E+01 1.63999E+00  2.01456E-04  1.73598E+00 
5.52999E+01 1.63499E+00  1.97082E-04  1.73098E+00 
5.53999E+01 1.62999E+00  1.92756E-04  1.72598E+00 
5.54999E+01 1.62499E+00  1.88517E-04  1.72098E+00 
5.55999E+01 1.61999E+00  1.84332E-04  1.71597E+00 
5.56999E+01 1.61499E+00  1.80267E-04  1.71097E+00 
5.57999E+01 1.60999E+00  1.76246E-04  1.70598E+00 
5.58999E+01 1.60499E+00  1.72264E-04  1.70095E+00 
5.59999E+01 1.59999E+00  1.68333E-04  1.69597E+00 
5.60999E+01 1.59499E+00  1.64469E-04  1.69095E+00 
5.61999E+01 1.58999E+00  1.60702E-04  1.68595E+00 
5.62999E+01 1.58499E+00  1.56971E-04  1.68094E+00 
5.63999E+01 1.57999E+00  1.53287E-04  1.67594E+00 
5.64999E+01 1.57499E+00  1.49654E-04  1.67095E+00 
5.65999E+01 1.56999E+00  1.46106E-04  1.66593E+00 
5.66999E+01 1.56499E+00  1.42606E-04  1.66092E+00 
5.67999E+01 1.55999E+00  1.39184E-04  1.65595E+00 
5.68999E+01 1.55499E+00  1.35832E-04  1.65094E+00 
5.69999E+01 1.54999E+00  1.32521E-04  1.64593E+00 
5.70999E+01 1.54499E+00  1.29247E-04  1.64094E+00 
5.71999E+01 1.53999E+00  1.26009E-04  1.63592E+00 
5.72999E+01 1.53499E+00  1.22840E-04  1.63092E+00 
5.73999E+01 1.52999E+00  1.19699E-04  1.62594E+00 
5.74999E+01 1.52499E+00  1.16620E-04  1.62092E+00 
5.75999E+01 1.51999E+00  1.13558E-04  1.61591E+00 
5.76999E+01 1.51499E+00  1.10557E-04  1.61091E+00 
5.77999E+01 1.50999E+00  1.07658E-04  1.60593E+00 
5.78999E+01 1.50499E+00  1.04788E-04  1.60091E+00 
5.79999E+01 1.49999E+00  1.01940E-04  1.59588E+00 
5.80999E+01 1.49499E+00  9.91497E-05  1.59088E+00 
5.81999E+01 1.48999E+00  9.64017E-05  1.58590E+00 
5.82999E+01 1.48499E+00  9.37177E-05  1.58087E+00 
5.83999E+01 1.47999E+00  9.10667E-05  1.57588E+00 
5.84999E+01 1.47499E+00  8.84564E-05  1.57085E+00 
5.85999E+01 1.46999E+00  8.59183E-05  1.56586E+00 
5.86999E+01 1.46499E+00  8.34434E-05  1.56087E+00 
5.87999E+01 1.45999E+00  8.09755E-05  1.55589E+00 
5.88999E+01 1.45499E+00  7.85921E-05  1.55085E+00 
5.89999E+01 1.44999E+00  7.62369E-05  1.54585E+00 
5.90999E+01 1.44499E+00  7.39115E-05  1.54086E+00 
5.91999E+01 1.43999E+00  7.16330E-05  1.53585E+00 
5.92999E+01 1.43499E+00  6.93725E-05  1.53085E+00 
5.93999E+01 1.42999E+00  6.71342E-05  1.52582E+00 
5.94999E+01 1.42499E+00  6.49672E-05  1.52085E+00 
5.95999E+01 1.41999E+00  6.28831E-05  1.51585E+00 
5.96999E+01 1.41499E+00  6.08310E-05  1.51085E+00 
5.97999E+01 1.40999E+00  5.88596E-05  1.50583E+00 
5.98999E+01 1.40499E+00  5.69856E-05  1.50083E+00 
5.99998E+01 1.39999E+00  5.50591E-05  1.49585E+00 
6.00998E+01 1.39499E+00  5.31552E-05  1.49083E+00 
6.01998E+01 1.38999E+00  5.12937E-05  1.48583E+00 
6.02998E+01 1.38499E+00  4.94528E-05  1.48082E+00 
6.03998E+01 1.37999E+00  4.76980E-05  1.47584E+00 
6.04998E+01 1.37499E+00  4.60516E-05  1.47087E+00 
6.05998E+01 1.36999E+00  4.43808E-05  1.46585E+00 
6.06998E+01 1.36499E+00  4.28005E-05  1.46084E+00 
6.07998E+01 1.35999E+00  4.12078E-05  1.45585E+00 
6.08998E+01 1.35499E+00  3.97536E-05  1.45084E+00 
6.09998E+01 1.34999E+00  3.84501E-05  1.44586E+00 
6.10998E+01 1.34499E+00  3.70306E-05  1.44082E+00 
6.11998E+01 1.33999E+00  3.52208E-05  1.43583E+00 
6.12998E+01 1.33499E+00  3.38166E-05  1.43082E+00 
6.13998E+01 1.32999E+00  3.25050E-05  1.42583E+00 
6.14998E+01 1.32499E+00  3.11948E-05  1.42079E+00 
6.15998E+01 1.31999E+00  2.99677E-05  1.41578E+00 
6.16998E+01 1.31499E+00  2.87727E-05  1.41078E+00 
6.17998E+01 1.30999E+00  2.76037E-05  1.40579E+00 
6.18998E+01 1.30499E+00  2.64909E-05  1.40078E+00 
6.19998E+01 1.29999E+00  2.54141E-05  1.39579E+00 
6.20998E+01 1.29499E+00  2.43608E-05  1.39078E+00 
6.21998E+01 1.28999E+00  2.33542E-05  1.38577E+00 
6.22998E+01 1.28499E+00  2.24415E-05  1.38075E+00 
6.23998E+01 1.27999E+00  2.15475E-05  1.37576E+00 
6.24998E+01 1.27499E+00  2.08109E-05  1.37073E+00 
6.25998E+01 1.26999E+00  1.99578E-05  1.36573E+00 
6.26998E+01 1.26499E+00  1.91514E-05  1.36075E+00 
6.27998E+01 1.25999E+00  1.83801E-05  1.35577E+00 
6.28998E+01 1.25499E+00  1.76293E-05  1.35075E+00 
6.29998E+01 1.24999E+00  1.69168E-05  1.34575E+00 
6.30998E+01 1.24499E+00  1.62733E-05  1.34074E+00 
6.31998E+01 1.23999E+00  1.56673E-05  1.33575E+00 
6.32998E+01 1.23499E+00  1.50708E-05  1.33073E+00 
6.33998E+01 1.22999E+00  1.45150E-05  1.32573E+00 
6.34998E+01 1.22499E+00  1.39434E-05  1.32075E+00 
6.35998E+01 1.21999E+00  1.34478E-05  1.31573E+00 
6.36998E+01 1.21499E+00  1.29680E-05  1.31075E+00 
6.37998E+01 1.20999E+00  1.25132E-05  1.30572E+00 
6.38998E+01 1.20499E+00  1.20758E-05  1.30073E+00 
6.39998E+01 1.19999E+00  1.16678E-05  1.29573E+00 
6.40998E+01 1.19500E+00  1.13307E-05  1.29072E+00 
6.41998E+01 1.19000E+00  1.09510E-05  1.28570E+00 
6.42998E+01 1.18500E+00  1.05704E-05  1.28074E+00 
6.43998E+01 1.18000E+00  1.02203E-05  1.27573E+00 
6.44998E+01 1.17500E+00  9.89377E-06  1.27070E+00 
6.45998E+01 1.17000E+00  9.58437E-06  1.26570E+00 
6.46998E+01 1.16500E+00  9.29801E-06  1.26068E+00 
6.47998E+01 1.16000E+00  9.02323E-06  1.25569E+00 
6.48998E+01 1.15500E+00  8.76174E-06  1.25069E+00 
6.49998E+01 1.15000E+00  8.51083E-06  1.24568E+00 
6.50998E+01 1.14500E+00  8.27926E-06  1.24067E+00 
6.51998E+01 1.14000E+00  8.05621E-06  1.23568E+00 
6.52998E+01 1.13500E+00  7.83152E-06  1.23069E+00 
6.53998E+01 1.13000E+00  7.63602E-06  1.22567E+00 
6.54998E+01 1.12500E+00  7.44826E-06  1.22065E+00 
6.55998E+01 1.12000E+00  7.26888E-06  1.21566E+00 
6.56998E+01 1.11500E+00  7.10462E-06  1.21065E+00 
6.57998E+01 1.11000E+00  6.94473E-06  1.20566E+00 
6.58998E+01 1.10500E+00  6.79130E-06  1.20066E+00 
6.59998E+01 1.10000E+00  6.63963E-06  1.19565E+00 
6.60998E+01 1.09500E+00  6.49052E-06  1.19067E+00 
6.61998E+01 1.09000E+00  6.35728E-06  1.18568E+00 
6.62998E+01 1.08500E+00  6.22548E-06  1.18065E+00 
6.63998E+01 1.08000E+00  6.09596E-06  1.17567E+00 
6.64998E+01 1.07500E+00  5.97622E-06  1.17069E+00 
6.65998E+01 1.07000E+00  5.86195E-06  1.16567E+00 
6.66998E+01 1.06500E+00  5.83693E-06  1.16066E+00 
6.67998E+01 1.06000E+00  5.71830E-06  1.15567E+00 
6.68998E+01 1.05500E+00  5.59613E-06  1.15068E+00 
6.69998E+01 1.05000E+00  5.47216E-06  1.14568E+00 
6.70998E+01 1.04500E+00  5.36172E-06  1.14066E+00 
6.71998E+01 1.04000E+00  5.25419E-06  1.13564E+00 
6.72998E+01 1.03500E+00  5.14604E-06  1.13065E+00 
6.73998E+01 1.03000E+00  5.04889E-06  1.12563E+00 
6.74998E+01 1.02500E+00  4.96669E-06  1.12063E+00 
6.75998E+01 1.02000E+00  4.87069E-06  1.11563E+00 
6.76998E+01 1.01500E+00  4.78026E-06  1.11060E+00 
6.77998E+01 1.01000E+00  4.69563E-06  1.10560E+00 
6.78998E+01 1.00500E+00  4.61097E-06  1.10057E+00 
6.79998E+01 9.99995E-01  4.52242E-06  1.09560E+00 
6.80998E+01 9.94996E-01  4.44464E-06  1.09059E+00 
6.81998E+01 9.89996E-01  4.39278E-06  1.08559E+00 
6.82998E+01 9.84996E-01  4.32992E-06  1.08058E+00 
6.83998E+01 9.79996E-01  4.24771E-06  1.07557E+00 
6.84998E+01 9.74996E-01  4.16256E-06  1.07057E+00 
6.85998E+01 9.69996E-01  4.08093E-06  1.06557E+00 
6.86998E+01 9.64996E-01  4.00075E-06  1.06055E+00 
6.87998E+01 9.59996E-01  3.91874E-06  1.05559E+00 
6.88998E+01 9.54996E-01  3.80758E-06  1.05057E+00 
6.89998E+01 9.49996E-01  3.74192E-06  1.04554E+00 
6.90998E+01 9.44996E-01  3.66552E-06  1.04052E+00 
6.91998E+01 9.39996E-01  3.58887E-06  1.03555E+00 
6.92998E+01 9.34996E-01  3.51765E-06  1.03056E+00 
6.93998E+01 9.29996E-01  3.44483E-06  1.02554E+00 
6.94998E+01 9.24996E-01  3.36915E-06  1.02055E+00 
6.95998E+01 9.19996E-01  3.30064E-06  1.01557E+00 
6.96998E+01 9.14996E-01  3.22827E-06  1.01056E+00 
6.97998E+01 9.09996E-01  3.15848E-06  1.00553E+00 
6.98998E+01 9.04996E-01  3.09027E-06  1.00051E+00 
6.99998E+01 8.99996E-01  3.02186E-06  9.95550E-01 
7.00998E+01 8.94996E-01  2.95136E-06  9.90541E-01 
7.01998E+01 8.89996E-01  2.88215E-06  9.85537E-01 
7.02998E+01 8.84996E-01  2.80929E-06  9.80526E-01 
7.03998E+01 8.79996E-01  2.74216E-06  9.75541E-01 
7.04998E+01 8.74996E-01  2.68273E-06  9.70546E-01 
7.05998E+01 8.69996E-01  2.62230E-06  9.65524E-01 
7.06998E+01 8.64996E-01  2.56177E-06  9.60515E-01 
7.07998E+01 8.59996E-01  2.49296E-06  9.55531E-01 
7.08998E+01 8.54996E-01  2.41680E-06  9.50520E-01 
7.09998E+01 8.49996E-01  2.35299E-06  9.45537E-01 
7.10998E+01 8.44996E-01  2.28209E-06  9.40533E-01 
7.11998E+01 8.39996E-01  2.21236E-06  9.35480E-01 
7.12998E+01 8.34996E-01  2.14489E-06  9.30486E-01 
7.13998E+01 8.29996E-01  2.08263E-06  9.25489E-01 
7.14998E+01 8.24996E-01  2.00851E-06  9.20484E-01 
7.15998E+01 8.19996E-01  1.94058E-06  9.15507E-01 
7.16998E+01 8.14996E-01  1.86806E-06  9.10495E-01 
7.17998E+01 8.09996E-01  1.79985E-06  9.05516E-01 
7.18998E+01 8.04996E-01  1.72805E-06  9.00493E-01 
7.19998E+01 7.99996E-01  1.65330E-06  8.95504E-01 
7.20998E+01 7.94996E-01  1.58541E-06  8.90487E-01 
7.21998E+01 7.89996E-01  1.51202E-06  8.85491E-01 
7.22998E+01 7.84996E-01  1.43394E-06  8.80476E-01 
7.23998E+01 7.79996E-01  1.36506E-06  8.75501E-01 
7.24998E+01 7.74996E-01  1.29026E-06  8.70468E-01 
7.25998E+01 7.69996E-01  1.21372E-06  8.65484E-01 
7.26998E+01 7.64996E-01  1.13968E-06  8.60461E-01 
7.27998E+01 7.59996E-01  1.06475E-06  8.55459E-01 
7.28998E+01 7.54996E-01  9.88417E-07  8.50463E-01 
7.29998E+01 7.49996E-01  9.09551E-07  8.45422E-01 
7.30998E+01 7.44996E-01  8.35123E-07  8.40463E-01 
7.31998E+01 7.39996E-01  7.53592E-07  8.35475E-01 
7.32998E+01 7.34996E-01  6.69628E-07  8.30456E-01 
7.33998E+01 7.29996E-01  5.82995E-07  8.25450E-01 
7.34998E+01 7.24996E-01  5.05566E-07  8.20464E-01 
7.35998E+01 7.19996E-01  4.22741E-07  8.15467E-01 
7.36998E+01 7.14996E-01  3.36853E-07  8.10460E-01 
7.37998E+01 7.09996E-01  2.48182E-07  8.05443E-01 
7.38998E+01 7.04996E-01  1.63216E-07  8.00427E-01 
7.39998E+01 6.99996E-01  7.46175E-08  7.95453E-01 
7.40998E+01 6.94996E-01  -1.46282E-08 7.90431E-01 
7.41998E+01 6.89996E-01  -1.11976E-07 7.85410E-01 
7.42998E+01 6.84996E-01  -1.96969E-07 7.80398E-01 
7.43998E+01 6.79996E-01  -2.90440E-07 7.75394E-01 
7.44998E+01 6.74996E-01  -3.88819E-07 7.70378E-01 
7.45998E+01 6.69996E-01  -4.79741E-07 7.65401E-01 
7.46998E+01 6.64996E-01  -5.78850E-07 7.60399E-01 
7.47998E+01 6.59996E-01  -6.76444E-07 7.55387E-01 
7.48998E+01 6.54996E-01  -7.83355E-07 7.50370E-01 
7.49998E+01 6.49996E-01  -8.77160E-07 7.45389E-01 
7.50998E+01 6.44996E-01  -9.80074E-07 7.40385E-01 
7.51998E+01 6.39996E-01  -1.08794E-06 7.35399E-01 
7.52998E+01 6.34996E-01  -1.18860E-06 7.30367E-01 
7.53998E+01 6.29996E-01  -1.29618E-06 7.25376E-01 
7.54998E+01 6.24996E-01  -1.40719E-06 7.20360E-01 
7.55998E+01 6.19996E-01  -1.51773E-06 7.15376E-01 
7.56998E+01 6.14996E-01  -1.62906E-06 7.10366E-01 
7.57998E+01 6.09996E-01  -1.73363E-06 7.05360E-01 
7.58998E+01 6.04996E-01  -1.85161E-06 7.00370E-01 
7.59998E+01 5.99996E-01  -1.97522E-06 6.95368E-01 
7.60998E+01 5.94997E-01  -2.08494E-06 6.90363E-01 
7.61998E+01 5.89997E-01  -2.20576E-06 6.85349E-01 
7.62998E+01 5.84997E-01  -2.32490E-06 6.80367E-01 
7.63998E+01 5.79997E-01  -2.44026E-06 6.75354E-01 
7.64998E+01 5.74997E-01  -2.56253E-06 6.70334E-01 
7.65998E+01 5.69997E-01  -2.68813E-06 6.65351E-01 
7.66998E+01 5.64997E-01  -2.80611E-06 6.60367E-01 
7.67998E+01 5.59997E-01  -2.93826E-06 6.55362E-01 
7.68998E+01 5.54997E-01  -3.05743E-06 6.50356E-01 
7.69998E+01 5.49997E-01  -3.18805E-06 6.45353E-01 
7.70998E+01 5.44997E-01  -3.31960E-06 6.40379E-01 
7.71998E+01 5.39997E-01  -3.44610E-06 6.35361E-01 
7.72998E+01 5.34997E-01  -3.57382E-06 6.30335E-01 
7.73998E+01 5.29997E-01  -3.71033E-06 6.25332E-01 
7.74998E+01 5.24997E-01  -3.84415E-06 6.20330E-01 
7.75998E+01 5.19997E-01  -3.98003E-06 6.15330E-01 
7.76998E+01 5.14997E-01  -4.11528E-06 6.10331E-01 
7.77998E+01 5.09997E-01  -4.25333E-06 6.05312E-01 
7.78998E+01 5.04997E-01  -4.39219E-06 6.00341E-01 
7.79998E+01 4.99997E-01  -4.53324E-06 5.95336E-01 
7.80998E+01 4.94997E-01  -4.68088E-06 5.90336E-01 
7.81998E+01 4.89997E-01  -4.83106E-06 5.85325E-01 
7.82998E+01 4.84997E-01  -4.97592E-06 5.80302E-01 
7.83998E+01 4.79997E-01  -5.13245E-06 5.75315E-01 
7.84998E+01 4.74997E-01  -5.29149E-06 5.70295E-01 
7.85998E+01 4.69997E-01  -5.45190E-06 5.65285E-01 
7.86998E+01 4.64997E-01  -5.62182E-06 5.60300E-01 
7.87998E+01 4.59997E-01  -5.79520E-06 5.55290E-01 
7.88998E+01 4.54997E-01  -5.97557E-06 5.50288E-01 
7.89998E+01 4.49997E-01  -6.15693E-06 5.45296E-01 
7.90998E+01 4.44997E-01  -6.35512E-06 5.40310E-01 
7.91998E+01 4.39997E-01  -6.56080E-06 5.35293E-01 
7.92998E+01 4.34997E-01  -6.77643E-06 5.30294E-01 
7.93998E+01 4.29997E-01  -6.99201E-06 5.25267E-01 
7.94998E+01 4.24997E-01  -7.22646E-06 5.20268E-01 
7.95998E+01 4.19997E-01  -7.46364E-06 5.15274E-01 
7.96998E+01 4.14997E-01  -7.71337E-06 5.10290E-01 
7.97998E+01 4.09997E-01  -7.97169E-06 5.05268E-01 
7.98998E+01 4.04997E-01  -8.24761E-06 5.00266E-01 
7.99998E+01 3.99997E-01  -8.52536E-06 4.95279E-01 
8.00998E+01 3.94997E-01  -8.82316E-06 4.90278E-01 
8.01998E+01 3.89997E-01  -9.13409E-06 4.85263E-01 
8.02998E+01 3.84997E-01  -9.45057E-06 4.80220E-01 
8.03998E+01 3.79997E-01  -9.78088E-06 4.75228E-01 
8.04998E+01 3.74997E-01  -1.01223E-05 4.70235E-01 
8.05998E+01 3.69997E-01  -1.04423E-05 4.65249E-01 
8.06998E+01 3.64997E-01  -1.08119E-05 4.60233E-01 
8.07998E+01 3.59997E-01  -1.12250E-05 4.55215E-01 
8.08998E+01 3.54997E-01  -1.16359E-05 4.50209E-01 
8.09998E+01 3.49997E-01  -1.20501E-05 4.45207E-01 
8.10998E+01 3.44997E-01  -1.24883E-05 4.40198E-01 
8.11998E+01 3.39997E-01  -1.29443E-05 4.35219E-01 
8.12998E+01 3.34997E-01  -1.34223E-05 4.30190E-01 
8.13998E+01 3.29997E-01  -1.39285E-05 4.25196E-01 
8.14998E+01 3.24997E-01  -1.44542E-05 4.20186E-01 
8.15998E+01 3.19997E-01  -1.50092E-05 4.15185E-01 
8.16998E+01 3.14997E-01  -1.55401E-05 4.10187E-01 
8.17998E+01 3.09997E-01  -1.60960E-05 4.05158E-01 
8.18998E+01 3.04997E-01  -1.67820E-05 4.00193E-01 
8.19998E+01 2.99997E-01  -1.73860E-05 3.95184E-01 
8.20998E+01 2.94997E-01  -1.80066E-05 3.90195E-01 
8.21998E+01 2.89997E-01  -1.86595E-05 3.85175E-01 
8.22998E+01 2.84997E-01  -1.94855E-05 3.80169E-01 
8.23998E+01 2.79997E-01  -2.01313E-05 3.75188E-01 
8.24998E+01 2.74997E-01  -2.06954E-05 3.70165E-01 
8.25998E+01 2.69997E-01  -2.13698E-05 3.65158E-01 
8.26998E+01 2.64997E-01  -2.20638E-05 3.60179E-01 
8.27998E+01 2.59997E-01  -2.29202E-05 3.55172E-01 
8.28998E+01 2.54997E-01  -2.40212E-05 3.50151E-01 
8.29998E+01 2.49997E-01  -2.44738E-05 3.45158E-01 
8.30998E+01 2.44997E-01  -2.51270E-05 3.40154E-01 
8.31998E+01 2.39997E-01  -2.58354E-05 3.35164E-01 
8.32998E+01 2.34997E-01  -2.65520E-05 3.30179E-01 
8.33998E+01 2.29997E-01  -2.72864E-05 3.25161E-01 
8.34998E+01 2.24997E-01  -2.81452E-05 3.20144E-01 
8.35998E+01 2.19997E-01  -2.90289E-05 3.15153E-01 
8.36998E+01 2.14997E-01  -2.97610E-05 3.10150E-01 
8.37998E+01 2.09997E-01  -3.04599E-05 3.05129E-01 
8.38998E+01 2.04997E-01  -3.12121E-05 3.00145E-01 
8.39998E+01 1.99997E-01  -3.19632E-05 2.95103E-01 
8.40998E+01 1.94998E-01  -3.27266E-05 2.90123E-01 
8.41998E+01 1.89998E-01  -3.34945E-05 2.85141E-01 
8.42998E+01 1.84998E-01  -3.43876E-05 2.80124E-01 
8.43998E+01 1.79998E-01  -3.50751E-05 2.75118E-01 
8.44998E+01 1.74998E-01  -3.57568E-05 2.70139E-01 
8.45998E+01 1.69998E-01  -3.63844E-05 2.65124E-01 
8.46998E+01 1.64998E-01  -3.71102E-05 2.60130E-01 
8.47998E+01 1.59998E-01  -3.78279E-05 2.55138E-01 
8.48998E+01 1.54998E-01  -3.85402E-05 2.50097E-01 
8.49998E+01 1.49998E-01  -3.91882E-05 2.45129E-01 
8.50998E+01 1.44998E-01  -3.98030E-05 2.40145E-01 
8.51998E+01 1.39998E-01  -4.04431E-05 2.35115E-01 
8.52998E+01 1.34998E-01  -4.10742E-05 2.30081E-01 
8.53998E+01 1.29998E-01  -4.17100E-05 2.25110E-01 
8.54998E+01 1.24998E-01  -4.22995E-05 2.20107E-01 
8.55998E+01 1.19998E-01  -4.28781E-05 2.15105E-01 
8.56998E+01 1.14998E-01  -4.34400E-05 2.10088E-01 
8.57998E+01 1.09998E-01  -4.40058E-05 2.05078E-01 
8.58998E+01 1.04998E-01  -4.45697E-05 2.00091E-01 
8.59998E+01 9.99977E-02  -4.51120E-05 1.95092E-01 
8.60998E+01 9.49978E-02  -4.56403E-05 1.90084E-01 
8.61998E+01 8.99978E-02  -4.61943E-05 1.85093E-01 
8.62998E+01 8.49978E-02  -4.67392E-05 1.80087E-01 
8.63998E+01 7.99978E-02  -4.72772E-05 1.75080E-01 
8.64998E+01 7.49978E-02  -4.77896E-05 1.70086E-01 
8.65998E+01 6.99978E-02  -4.83148E-05 1.65082E-01 
8.66998E+01 6.49978E-02  -4.88276E-05 1.60073E-01 
8.67998E+01 5.99978E-02  -4.93373E-05 1.55077E-01 
8.68998E+01 5.49979E-02  -4.98376E-05 1.50063E-01 
8.69998E+01 4.99979E-02  -5.03152E-05 1.45074E-01 
8.70998E+01 4.49979E-02  -5.07807E-05 1.40035E-01 
8.71998E+01 3.99979E-02  -5.12258E-05 1.35041E-01 
8.72998E+01 3.49979E-02  -5.16430E-05 1.30027E-01 
8.73998E+01 2.99979E-02  -5.20372E-05 1.25026E-01 
8.74998E+01 2.49979E-02  -5.24154E-05 1.20054E-01 
8.75998E+01 1.99979E-02  -5.27989E-05 1.15037E-01 
8.76998E+01 1.49980E-02  -5.31436E-05 1.10031E-01 
8.77998E+01 9.99797E-03  -5.34433E-05 1.05048E-01 
8.78998E+01 4.99799E-03  -5.37256E-05 1.00042E-01 
8.79998E+01 -2.00000E-06 -5.39868E-05 9.50282E-02 
8.80998E+01 -5.00199E-03 -5.42401E-05 9.00329E-02 
8.81998E+01 -1.00020E-02 -5.44580E-05 8.50170E-02 
8.82998E+01 -1.50020E-02 -5.46657E-05 8.00098E-02 
8.83998E+01 -2.00020E-02 -5.49361E-05 7.50220E-02 
8.84998E+01 -2.50019E-02 -5.51513E-05 6.99961E-02 
8.85998E+01 -3.00019E-02 -5.53286E-05 6.50077E-02 
8.86998E+01 -3.50019E-02 -5.55143E-05 6.00299E-02 
8.87998E+01 -4.00019E-02 -5.57013E-05 5.50058E-02 
8.88998E+01 -4.50019E-02 -5.59264E-05 4.99937E-02 
8.89998E+01 -5.00019E-02 -5.62538E-05 4.50109E-02 
8.90998E+01 -5.50019E-02 -5.65519E-05 3.99987E-02 
8.91998E+01 -6.00019E-02 -5.66892E-05 3.50046E-02 
8.92998E+01 -6.50018E-02 -5.68342E-05 3.00100E-02 
8.93998E+01 -7.00018E-02 -5.69965E-05 2.49585E-02 
8.94998E+01 -7.50018E-02 -5.72659E-05 1.99869E-02 
8.95998E+01 -8.00018E-02 -5.74591E-05 1.49791E-02 
8.96998E+01 -8.50018E-02 -5.77681E-05 9.96883E-03 
8.97998E+01 -9.00018E-02 -5.82168E-05 4.94795E-03 
8.98998E+01 -9.50018E-02 -5.84953E-05 -6.15172E-06
8.99998E+01 -1.00002E-01 -5.87526E-05 -5.01457E-03
9.00998E+01 -1.05002E-01 -5.89893E-05 -1.00467E-02
9.01998E+01 -1.10002E-01 -5.91439E-05 -1.50489E-02
9.02998E+01 -1.15002E-01 -5.94177E-05 -2.00623E-02
9.03998E+01 -1.20002E-01 -5.96562E-05 -2.50388E-02
9.04998E+01 -1.25002E-01 -5.98225E-05 -3.00447E-02
9.05998E+01 -1.30002E-01 -6.01059E-05 -3.50688E-02
9.06998E+01 -1.35002E-01 -6.02790E-05 -4.00635E-02
9.07998E+01 -1.40002E-01 -6.06901E-05 -4.50644E-02
9.08998E+01 -1.45002E-01 -6.11021E-05 -5.00328E-02
9.09998E+01 -1.50002E-01 -6.16378E-05 -5.50631E-02
9.10998E+01 -1.55002E-01 -6.17786E-05 -6.00790E-02
9.11998E+01 -1.60002E-01 -6.21133E-05 -6.50631E-02
9.12998E+01 -1.65002E-01 -6.24859E-05 -7.00640E-02
9.13998E+01 -1.70002E-01 -6.28932E-05 -7.50768E-02
9.14998E+01 -1.75002E-01 -6.32320E-05 -8.00890E-02
9.15998E+01 -1.80002E-01 -6.37907E-05 -8.50830E-02
9.16998E+01 -1.85002E-01 -6.43281E-05 -9.00708E-02
9.17998E+01 -1.90002E-01 -6.46784E-05 -9.50892E-02
9.18998E+01 -1.95002E-01 -6.49598E-05 -1.00085E-01
9.19998E+01 -2.00002E-01 -6.55589E-05 -1.05089E-01
9.20998E+01 -2.05001E-01 -6.63869E-05 -1.10083E-01
9.21998E+01 -2.10001E-01 -6.70187E-05 -1.15077E-01
9.22998E+01 -2.15001E-01 -6.76014E-05 -1.20100E-01
9.23998E+01 -2.20001E-01 -6.83052E-05 -1.25111E-01
9.24998E+01 -2.25001E-01 -6.88248E-05 -1.30090E-01
9.25998E+01 -2.30001E-01 -6.93476E-05 -1.35092E-01
9.26998E+01 -2.35001E-01 -7.02987E-05 -1.40127E-01
9.27998E+01 -2.40001E-01 -7.20159E-05 -1.45118E-01
9.28998E+01 -2.45001E-01 -7.34686E-05 -1.50114E-01
9.29998E+01 -2.50001E-01 -7.44233E-05 -1.55107E-01
9.30998E+01 -2.55001E-01 -7.55028E-05 -1.60116E-01
9.31998E+01 -2.60001E-01 -7.64187E-05 -1.65136E-01
9.32998E+01 -2.65001E-01 -7.74309E-05 -1.70142E-01
9.33998E+01 -2.70001E-01 -7.82739E-05 -1.75148E-01
9.34998E+01 -2.75001E-01 -7.94165E-05 -1.80167E-01
9.35998E+01 -2.80001E-01 -8.07335E-05 -1.85163E-01
9.36998E+01 -2.85001E-01 -8.19057E-05 -1.90139E-01
9.37998E+01 -2.90001E-01 -8.31414E-05 -1.95174E-01
9.38998E+01 -2.95001E-01 -8.43427E-05 -2.00159E-01
9.39998E+01 -3.00001E-01 -8.56088E-05 -2.05147E-01
9.40998E+01 -3.05001E-01 -8.69050E-05 -2.10120E-01
9.41998E+01 -3.10001E-01 -8.82033E-05 -2.15127E-01
9.42998E+01 -3.15001E-01 -8.94705E-05 -2.20152E-01
9.43998E+01 -3.20001E-01 -9.07580E-05 -2.25140E-01
9.44998E+01 -3.25001E-01 -9.20704E-05 -2.30136E-01
9.45998E+01 -3.30001E-01 -9.33597E-05 -2.35152E-01
9.46998E+01 -3.35001E-01 -9.46389E-05 -2.40146E-01
9.47998E+01 -3.40001E-01 -9.59170E-05 -2.45132E-01
9.48998E+01 -3.45001E-01 -9.71639E-05 -2.50145E-01
9.49998E+01 -3.50001E-01 -9.83923E-05 -2.55147E-01
9.50998E+01 -3.55001E-01 -9.96006E-05 -2.60167E-01
9.51998E+01 -3.60001E-01 -1.00830E-04 -2.65162E-01
9.52998E+01 -3.65001E-01 -1.02046E-04 -2.70143E-01
9.53998E+01 -3.70001E-01 -1.03234E-04 -2.75161E-01
9.54998E+01 -3.75001E-01 -1.04349E-04 -2.80168E-01
9.55998E+01 -3.80001E-01 -1.05500E-04 -2.85149E-01
9.56998E+01 -3.85001E-01 -1.06637E-04 -2.90162E-01
9.57998E+01 -3.90001E-01 -1.07727E-04 -2.95160E-01
9.58998E+01 -3.95001E-01 -1.08793E-04 -3.00161E-01
9.59998E+01 -4.00001E-01 -1.09816E-04 -3.05170E-01
9.60998E+01 -4.05001E-01 -1.10840E-04 -3.10166E-01
9.61998E+01 -4.10001E-01 -1.11858E-04 -3.15183E-01
9.62998E+01 -4.15001E-01 -1.12806E-04 -3.20184E-01
9.63998E+01 -4.20001E-01 -1.13772E-04 -3.25193E-01
9.64998E+01 -4.25001E-01 -1.14702E-04 -3.30206E-01
9.65998E+01 -4.30001E-01 -1.15606E-04 -3.35200E-01
9.66998E+01 -4.35001E-01 -1.16542E-04 -3.40213E-01
9.67998E+01 -4.40001E-01 -1.17445E-04 -3.45215E-01
9.68998E+01 -4.45001E-01 -1.18380E-04 -3.50214E-01
9.69998E+01 -4.50001E-01 -1.19321E-04 -3.55246E-01
9.70998E+01 -4.55001E-01 -1.20318E-04 -3.60237E-01
9.71998E+01 -4.60001E-01 -1.21050E-04 -3.65223E-01
9.72998E+01 -4.65001E-01 -1.21936E-04 -3.70231E-01
9.73998E+01 -4.70001E-01 -1.22750E-04 -3.75241E-01
9.74998E+01 -4.75001E-01 -1.23526E-04 -3.80234E-01
9.75998E+01 -4.80001E-01 -1.24317E-04 -3.85241E-01
9.76998E+01 -4.85001E-01 -1.25075E-04 -3.90257E-01
9.77998E+01 -4.90001E-01 -1.25625E-04 -3.95252E-01
9.78998E+01 -4.95001E-01 -1.26155E-04 -4.00257E-01
9.79998E+01 -5.00001E-01 -1.26838E-04 -4.05231E-01
9.80998E+01 -5.05001E-01 -1.27492E-04 -4.10268E-01
9.81998E+01 -5.10001E-01 -1.28088E-04 -4.15284E-01
9.82998E+01 -5.15001E-01 -1.28929E-04 -4.20283E-01
9.83998E+01 -5.20001E-01 -1.29487E-04 -4.25256E-01
9.84998E+01 -5.25001E-01 -1.30042E-04 -4.30263E-01
9.85998E+01 -5.30001E-01 -1.30696E-04 -4.35273E-01
9.86998E+01 -5.35001E-01 -1.31351E-04 -4.40264E-01
9.87998E+01 -5.40001E-01 -1.32030E-04 -4.45285E-01
9.88998E+01 -5.45001E-01 -1.32375E-04 -4.50244E-01
9.89998E+01 -5.50001E-01 -1.33000E-04 -4.55278E-01
9.90998E+01 -5.55001E-01 -1.33331E-04 -4.60265E-01
9.91998E+01 -5.60001E-01 -1.33700E-04 -4.65261E-01
9.92998E+01 -5.65001E-01 -1.34466E-04 -4.70284E-01
9.93998E+01 -5.70001E-01 -1.35516E-04 -4.75280E-01
9.94998E+01 -5.75001E-01 -1.36189E-04 -4.80287E-01
9.95998E+01 -5.80001E-01 -1.36987E-04 -4.85273E-01
9.96998E+01 -5.85001E-01 -1.37777E-04 -4.90302E-01
9.97998E+01 -5.90001E-01 -1.38665E-04 -4.95298E-01
9.98998E+01 -5.95001E-01 -1.39558E-04 -5.00304E-01
9.99997E+01 -6.00001E-01 -1.40395E-04 -5.05311E-01
1.00100E+02 -6.05000E-01 -1.41162E-04 -5.10317E-01
1.00200E+02 -6.10000E-01 -1.42082E-04 -5.15320E-01
1.00300E+02 -6.15000E-01 -1.43180E-04 -5.20333E-01
1.00400E+02 -6.20000E-01 -1.44091E-04 -5.25326E-01
1.00500E+02 -6.25000E-01 -1.44873E-04 -5.30346E-01
1.00600E+02 -6.30000E-01 -1.45844E-04 -5.35337E-01
1.00700E+02 -6.35000E-01 -1.46756E-04 -5.40318E-01
1.00800E+02 -6.40000E-01 -1.47786E-04 -5.45323E-01
1.00900E+02 -6.45000E-01 -1.48799E-04 -5.50348E-01
1.01000E+02 -6.50000E-01 -1.50144E-04 -5.55352E-01
1.01100E+02 -6.55000E-01 -1.51035E-04 -5.60361E-01
1.01200E+02 -6.60000E-01 -1.52001E-04 -5.65339E-01
1.01300E+02 -6.65000E-01 -1.53079E-04 -5.70333E-01
1.01400E+02 -6.70000E-01 -1.54171E-04 -5.75363E-01
1.01500E+02 -6.75000E-01 -1.55251E-04 -5.80349E-01
1.01600E+02 -6.80000E-01 -1.56456E-04 -5.85325E-01
1.01700E+02 -6.85000E-01 -1.57525E-04 -5.90354E-01
1.01800E+02 -6.90000E-01 -1.58693E-04 -5.95388E-01
1.01900E+02 -6.95000E-01 -1.60029E-04 -6.00349E-01
1.02000E+02 -7.00000E-01 -1.60929E-04 -6.05348E-01
1.02100E+02 -7.05000E-01 -1.62067E-04 -6.10352E-01
1.02200E+02 -7.10000E-01 -1.63424E-04 -6.15373E-01
1.02300E+02 -7.15000E-01 -1.64514E-04 -6.20390E-01
1.02400E+02 -7.20000E-01 -1.65657E-04 -6.25357E-01
1.02500E+02 -7.25000E-01 -1.66915E-04 -6.30387E-01
1.02600E+02 -7.30000E-01 -1.67841E-04 -6.35403E-01
1.02700E+02 -7.35000E-01 -1.68923E-04 -6.40402E-01
1.02800E+02 -7.40000E-01 -1.70224E-04 -6.45388E-01
1.02900E+02 -7.45000E-01 -1.71384E-04 -6.50420E-01
1.03000E+02 -7.50000E-01 -1.72882E-04 -6.55410E-01
1.03100E+02 -7.55000E-01 -1.74283E-04 -6.60409E-01
1.03200E+02 -7.60000E-01 -1.75360E-04 -6.65409E-01
1.03300E+02 -7.65000E-01 -1.76539E-04 -6.70416E-01
1.03400E+02 -7.70000E-01 -1.77655E-04 -6.75427E-01
1.03500E+02 -7.75000E-01 -1.78791E-04 -6.80433E-01
1.03600E+02 -7.80000E-01 -1.79926E-04 -6.85407E-01
1.03700E+02 -7.85000E-01 -1.81245E-04 -6.90405E-01
1.03800E+02 -7.90000E-01 -1.82386E-04 -6.95428E-01
1.03900E+02 -7.95000E-01 -1.83648E-04 -7.00433E-01
