time/s      E/V        I/A
0.00000E+00 -8.00000E-01 -4.15793E-05 -7.40676E-01
9.99997E-02 -7.95000E-01 -3.99235E-05 -7.35675E-01
1.99999E-01 -7.90000E-01 -3.86084E-05 -7.30637E-01
2.99999E-01 -7.85000E-01 -3.74587E-05 -7.25652E-01
3.99999E-01 -7.80000E-01 -3.64131E-05 -7.20660E-01
4.99999E-01 -7.75000E-01 -3.54489E-05 -7.15660E-01
5.99998E-01 -7.70000E-01 -3.45474E-05 -7.10638E-01
6.99998E-01 -7.65000E-01 -3.37124E-05 -7.05657E-01
7.99998E-01 -7.60000E-01 -3.29108E-05 -7.00664E-01
8.99998E-01 -7.55000E-01 -3.21437E-05 -6.95653E-01
9.99997E-01 -7.50000E-01 -3.14190E-05 -6.90626E-01
1.10000E+00 -7.45000E-01 -3.07280E-05 -6.85648E-01
1.20000E+00 -7.40000E-01 -3.00629E-05 -6.80656E-01
1.30000E+00 -7.35000E-01 -2.94245E-05 -6.75611E-01
1.40000E+00 -7.30000E-01 -2.88132E-05 -6.70634E-01
1.50000E+00 -7.25000E-01 -2.82193E-05 -6.65626E-01
1.60000E+00 -7.20000E-01 -2.76506E-05 -6.60630E-01
1.70000E+00 -7.15000E-01 -2.70989E-05 -6.55632E-01
1.80000E+00 -7.10000E-01 -2.65628E-05 -6.50628E-01
1.90000E+00 -7.05000E-01 -2.60429E-05 -6.45616E-01
1.99999E+00 -7.00000E-01 -2.55369E-05 -6.40610E-01
2.09999E+00 -6.95000E-01 -2.50459E-05 -6.35606E-01
2.19999E+00 -6.90000E-01 -2.45693E-05 -6.30599E-01
2.29999E+00 -6.85000E-01 -2.41061E-05 -6.25599E-01
2.39999E+00 -6.80000E-01 -2.36550E-05 -6.20582E-01
2.49999E+00 -6.75000E-01 -2.32092E-05 -6.15608E-01
2.59999E+00 -6.70000E-01 -2.27860E-05 -6.10602E-01
2.69999E+00 -6.65000E-01 -2.23546E-05 -6.05551E-01
2.79999E+00 -6.60000E-01 -2.19383E-05 -6.00559E-01
2.89999E+00 -6.55000E-01 -2.15252E-05 -5.95595E-01
2.99999E+00 -6.50000E-01 -2.11195E-05 -5.90561E-01
3.09999E+00 -6.45000E-01 -2.07254E-05 -5.85565E-01
3.19999E+00 -6.40000E-01 -2.03406E-05 -5.80575E-01
3.29999E+00 -6.35000E-01 -1.99605E-05 -5.75571E-01
3.39999E+00 -6.30000E-01 -1.95792E-05 -5.70581E-01
3.49999E+00 -6.25000E-01 -1.92074E-05 -5.65550E-01
3.59999E+00 -6.20000E-01 -1.88374E-05 -5.60568E-01
3.69999E+00 -6.15000E-01 -1.84758E-05 -5.55567E-01
3.79999E+00 -6.10000E-01 -1.81184E-05 -5.50567E-01
3.89999E+00 -6.05000E-01 -1.77707E-05 -5.45552E-01
3.99999E+00 -6.00001E-01 -1.74163E-05 -5.40543E-01
4.09999E+00 -5.95001E-01 -1.70780E-05 -5.35545E-01
4.19999E+00 -5.90001E-01 -1.67405E-05 -5.30573E-01
4.29999E+00 -5.85001E-01 -1.64058E-05 -5.25552E-01
4.39999E+00 -5.80001E-01 -1.60755E-05 -5.20563E-01
4.49999E+00 -5.75001E-01 -1.57475E-05 -5.15566E-01
4.59999E+00 -5.70001E-01 -1.54270E-05 -5.10575E-01
4.69999E+00 -5.65001E-01 -1.51073E-05 -5.05580E-01
4.79999E+00 -5.60001E-01 -1.47975E-05 -5.00550E-01
4.89999E+00 -5.55001E-01 -1.44894E-05 -4.95532E-01
4.99999E+00 -5.50001E-01 -1.41864E-05 -4.90548E-01
5.09999E+00 -5.45001E-01 -1.38857E-05 -4.85509E-01
5.19999E+00 -5.40001E-01 -1.35908E-05 -4.80525E-01
5.29999E+00 -5.35001E-01 -1.33017E-05 -4.75513E-01
5.39999E+00 -5.30001E-01 -1.30189E-05 -4.70504E-01
5.49999E+00 -5.25001E-01 -1.27409E-05 -4.65490E-01
5.59999E+00 -5.20001E-01 -1.24621E-05 -4.60482E-01
5.69999E+00 -5.15001E-01 -1.21910E-05 -4.55480E-01
5.79999E+00 -5.10001E-01 -1.19272E-05 -4.50498E-01
5.89999E+00 -5.05001E-01 -1.16664E-05 -4.45478E-01
5.99998E+00 -5.00001E-01 -1.14097E-05 -4.40492E-01
6.09998E+00 -4.95001E-01 -1.11560E-05 -4.35516E-01
6.19998E+00 -4.90001E-01 -1.09086E-05 -4.30508E-01
6.29998E+00 -4.85001E-01 -1.06667E-05 -4.25517E-01
6.39998E+00 -4.80001E-01 -1.04295E-05 -4.20496E-01
6.49998E+00 -4.75001E-01 -1.01913E-05 -4.15507E-01
6.59998E+00 -4.70001E-01 -9.95734E-06 -4.10468E-01
6.69998E+00 -4.65001E-01 -9.72512E-06 -4.05465E-01
6.79998E+00 -4.60001E-01 -9.49558E-06 -4.00504E-01
6.89998E+00 -4.55001E-01 -9.26561E-06 -3.95492E-01
6.99998E+00 -4.50001E-01 -9.04344E-06 -3.90501E-01
7.09998E+00 -4.45001E-01 -8.81987E-06 -3.85469E-01
7.19998E+00 -4.40001E-01 -8.60047E-06 -3.80479E-01
7.29998E+00 -4.35001E-01 -8.38465E-06 -3.75502E-01
7.39998E+00 -4.30001E-01 -8.17043E-06 -3.70472E-01
7.49998E+00 -4.25001E-01 -7.95715E-06 -3.65464E-01
7.59998E+00 -4.20001E-01 -7.74401E-06 -3.60491E-01
7.69998E+00 -4.15001E-01 -7.53248E-06 -3.55474E-01
7.79998E+00 -4.10001E-01 -7.32088E-06 -3.50483E-01
7.89998E+00 -4.05001E-01 -7.11121E-06 -3.45477E-01
7.99998E+00 -4.00001E-01 -6.90523E-06 -3.40463E-01
8.09998E+00 -3.95001E-01 -6.69898E-06 -3.35470E-01
8.19998E+00 -3.90001E-01 -6.49413E-06 -3.30459E-01
8.29998E+00 -3.85001E-01 -6.28588E-06 -3.25448E-01
8.39998E+00 -3.80001E-01 -6.07951E-06 -3.20430E-01
8.49998E+00 -3.75001E-01 -5.87846E-06 -3.15425E-01
8.59998E+00 -3.70001E-01 -5.67691E-06 -3.10426E-01
8.69998E+00 -3.65001E-01 -5.47546E-06 -3.05458E-01
8.79998E+00 -3.60001E-01 -5.27555E-06 -3.00439E-01
8.89998E+00 -3.55001E-01 -5.08023E-06 -2.95423E-01
8.99998E+00 -3.50001E-01 -4.88227E-06 -2.90433E-01
9.09998E+00 -3.45001E-01 -4.68525E-06 -2.85424E-01
9.19998E+00 -3.40001E-01 -4.48954E-06 -2.80426E-01
9.29998E+00 -3.35001E-01 -4.29249E-06 -2.75426E-01
9.39998E+00 -3.30001E-01 -4.09772E-06 -2.70382E-01
9.49998E+00 -3.25001E-01 -3.90709E-06 -2.65413E-01
9.59998E+00 -3.20001E-01 -3.71818E-06 -2.60427E-01
9.69998E+00 -3.15001E-01 -3.52323E-06 -2.55406E-01
9.79998E+00 -3.10001E-01 -3.37969E-06 -2.50393E-01
9.89998E+00 -3.05001E-01 -3.19128E-06 -2.45407E-01
9.99997E+00 -3.00001E-01 -3.00079E-06 -2.40414E-01
1.01000E+01 -2.95001E-01 -2.81446E-06 -2.35416E-01
1.02000E+01 -2.90001E-01 -2.62474E-06 -2.30402E-01
1.03000E+01 -2.85001E-01 -2.43538E-06 -2.25418E-01
1.04000E+01 -2.80001E-01 -2.24597E-06 -2.20407E-01
1.05000E+01 -2.75001E-01 -2.05449E-06 -2.15396E-01
1.06000E+01 -2.70001E-01 -1.86297E-06 -2.10395E-01
1.07000E+01 -2.65001E-01 -1.67157E-06 -2.05391E-01
1.08000E+01 -2.60001E-01 -1.47687E-06 -2.00399E-01
1.09000E+01 -2.55001E-01 -1.27935E-06 -1.95394E-01
1.10000E+01 -2.50001E-01 -1.08424E-06 -1.90391E-01
1.11000E+01 -2.45001E-01 -8.82274E-07 -1.85397E-01
1.12000E+01 -2.40001E-01 -6.81713E-07 -1.80400E-01
1.13000E+01 -2.35001E-01 -4.79886E-07 -1.75359E-01
1.14000E+01 -2.30001E-01 -2.76207E-07 -1.70375E-01
1.15000E+01 -2.25001E-01 -6.96975E-08 -1.65376E-01
1.16000E+01 -2.20001E-01 1.37651E-07  -1.60362E-01
1.17000E+01 -2.15001E-01 3.46019E-07  -1.55346E-01
1.18000E+01 -2.10001E-01 5.56791E-07  -1.50344E-01
1.19000E+01 -2.05001E-01 7.68252E-07  -1.45347E-01
1.20000E+01 -2.00002E-01 9.89056E-07  -1.40367E-01
1.21000E+01 -1.95002E-01 1.21578E-06  -1.35353E-01
1.22000E+01 -1.90002E-01 1.44424E-06  -1.30345E-01
1.23000E+01 -1.85002E-01 1.67435E-06  -1.25346E-01
1.24000E+01 -1.80002E-01 1.90101E-06  -1.20340E-01
1.25000E+01 -1.75002E-01 2.12960E-06  -1.15348E-01
1.26000E+01 -1.70002E-01 2.36399E-06  -1.10317E-01
1.27000E+01 -1.65002E-01 2.60145E-06  -1.05325E-01
1.28000E+01 -1.60002E-01 2.84017E-06  -1.00337E-01
1.29000E+01 -1.55002E-01 3.08193E-06  -9.53284E-02
1.30000E+01 -1.50002E-01 3.33172E-06  -9.03387E-02
1.31000E+01 -1.45002E-01 3.58622E-06  -8.53291E-02
1.32000E+01 -1.40002E-01 3.84570E-06  -8.03275E-02
1.33000E+01 -1.35002E-01 4.11279E-06  -7.53110E-02
1.34000E+01 -1.30002E-01 4.38983E-06  -7.02894E-02
1.35000E+01 -1.25002E-01 4.67241E-06  -6.53079E-02
1.36000E+01 -1.20002E-01 4.96637E-06  -6.03170E-02
1.37000E+01 -1.15002E-01 5.27355E-06  -5.53042E-02
1.38000E+01 -1.10002E-01 5.59151E-06  -5.02983E-02
1.39000E+01 -1.05002E-01 5.92578E-06  -4.53061E-02
1.40000E+01 -1.00002E-01 6.27735E-06  -4.03083E-02
1.41000E+01 -9.50018E-02 6.64318E-06  -3.52993E-02
1.42000E+01 -9.00018E-02 7.02822E-06  -3.02833E-02
1.43000E+01 -8.50018E-02 7.44252E-06  -2.52768E-02
1.44000E+01 -8.00018E-02 7.87825E-06  -2.03115E-02
1.45000E+01 -7.50018E-02 8.34485E-06  -1.53018E-02
1.46000E+01 -7.00018E-02 8.83730E-06  -1.02947E-02
1.47000E+01 -6.50018E-02 9.35992E-06  -5.28874E-03
1.48000E+01 -6.00019E-02 9.91507E-06  -2.84051E-04
1.49000E+01 -5.50019E-02 1.05003E-05  4.69062E-03 
1.50000E+01 -5.00019E-02 1.11249E-05  9.71340E-03 
1.51000E+01 -4.50019E-02 1.17787E-05  1.47181E-02 
1.52000E+01 -4.00019E-02 1.24744E-05  1.97358E-02 
1.53000E+01 -3.50019E-02 1.32066E-05  2.47074E-02 
1.54000E+01 -3.00019E-02 1.39803E-05  2.97339E-02 
1.55000E+01 -2.50019E-02 1.47991E-05  3.47511E-02 
1.56000E+01 -2.00020E-02 1.56591E-05  3.97339E-02 
1.57000E+01 -1.50020E-02 1.65688E-05  4.47192E-02 
1.58000E+01 -1.00020E-02 1.75251E-05  4.97207E-02 
1.59000E+01 -5.00199E-03 1.85312E-05  5.47360E-02 
1.60000E+01 -2.00000E-06 1.95707E-05  5.97226E-02 
1.61000E+01 4.99799E-03  2.06509E-05  6.47409E-02 
1.62000E+01 9.99797E-03  2.17722E-05  6.97269E-02 
1.63000E+01 1.49980E-02  2.29792E-05  7.47472E-02 
1.64000E+01 1.99979E-02  2.41552E-05  7.97600E-02 
1.65000E+01 2.49979E-02  2.53590E-05  8.47553E-02 
1.66000E+01 2.99979E-02  2.65729E-05  8.97399E-02 
1.67000E+01 3.49979E-02  2.77868E-05  9.47621E-02 
1.68000E+01 3.99979E-02  2.89949E-05  9.97543E-02 
1.69000E+01 4.49979E-02  3.02041E-05  1.04756E-01 
1.70000E+01 4.99979E-02  3.13862E-05  1.09738E-01 
1.71000E+01 5.49979E-02  3.25390E-05  1.14765E-01 
1.72000E+01 5.99978E-02  3.36732E-05  1.19777E-01 
1.73000E+01 6.49978E-02  3.47748E-05  1.24788E-01 
1.74000E+01 6.99978E-02  3.58643E-05  1.29751E-01 
1.75000E+01 7.49978E-02  3.68956E-05  1.34779E-01 
1.76000E+01 7.99978E-02  3.79008E-05  1.39785E-01 
1.77000E+01 8.49978E-02  3.88433E-05  1.44774E-01 
1.78000E+01 8.99978E-02  3.97344E-05  1.49785E-01 
1.79000E+01 9.49978E-02  4.06284E-05  1.54808E-01 
1.80000E+01 9.99977E-02  4.14227E-05  1.59822E-01 
1.81000E+01 1.04998E-01  4.22325E-05  1.64817E-01 
1.82000E+01 1.09998E-01  4.29516E-05  1.69823E-01 
1.83000E+01 1.14998E-01  4.35677E-05  1.74840E-01 
1.84000E+01 1.19998E-01  4.41227E-05  1.79850E-01 
1.85000E+01 1.24998E-01  4.45135E-05  1.84817E-01 
1.86000E+01 1.29998E-01  4.48960E-05  1.89826E-01 
1.87000E+01 1.34998E-01  4.51536E-05  1.94802E-01 
1.88000E+01 1.39998E-01  4.53167E-05  1.99821E-01 
1.89000E+01 1.44998E-01  4.53149E-05  2.04807E-01 
1.90000E+01 1.49998E-01  4.52733E-05  2.09822E-01 
1.91000E+01 1.54998E-01  4.53841E-05  2.14829E-01 
1.92000E+01 1.59998E-01  4.53938E-05  2.19821E-01 
1.93000E+01 1.64998E-01  4.54185E-05  2.24841E-01 
1.94000E+01 1.69998E-01  4.54813E-05  2.29832E-01 
1.95000E+01 1.74998E-01  4.55956E-05  2.34857E-01 
1.96000E+01 1.79998E-01  4.57973E-05  2.39847E-01 
1.97000E+01 1.84998E-01  4.59536E-05  2.44827E-01 
1.98000E+01 1.89998E-01  4.63190E-05  2.49841E-01 
1.99000E+01 1.94998E-01  4.67711E-05  2.54840E-01 
1.99999E+01 1.99997E-01  4.73245E-05  2.59859E-01 
2.00999E+01 2.04997E-01  4.80384E-05  2.64853E-01 
2.01999E+01 2.09997E-01  4.87643E-05  2.69856E-01 
2.02999E+01 2.14997E-01  4.94267E-05  2.74850E-01 
2.03999E+01 2.19997E-01  5.02834E-05  2.79848E-01 
2.04999E+01 2.24997E-01  5.11711E-05  2.84850E-01 
2.05999E+01 2.29997E-01  5.20423E-05  2.89841E-01 
2.06999E+01 2.34997E-01  5.28194E-05  2.94841E-01 
2.07999E+01 2.39997E-01  5.36119E-05  2.99847E-01 
2.08999E+01 2.44997E-01  5.43365E-05  3.04870E-01 
2.09999E+01 2.49997E-01  5.50196E-05  3.09872E-01 
2.10999E+01 2.54997E-01  5.56783E-05  3.14882E-01 
2.11999E+01 2.59997E-01  5.63209E-05  3.19895E-01 
2.12999E+01 2.64997E-01  5.68871E-05  3.24849E-01 
2.13999E+01 2.69997E-01  5.74094E-05  3.29876E-01 
2.14999E+01 2.74997E-01  5.79524E-05  3.34892E-01 
2.15999E+01 2.79997E-01  5.84416E-05  3.39892E-01 
2.16999E+01 2.84997E-01  5.88980E-05  3.44864E-01 
2.17999E+01 2.89997E-01  5.92918E-05  3.49902E-01 
2.18999E+01 2.94997E-01  5.96270E-05  3.54864E-01 
2.19999E+01 2.99997E-01  5.99283E-05  3.59878E-01 
2.20999E+01 3.04997E-01  6.02112E-05  3.64897E-01 
2.21999E+01 3.09997E-01  6.04600E-05  3.69899E-01 
2.22999E+01 3.14997E-01  6.06781E-05  3.74924E-01 
2.23999E+01 3.19997E-01  6.08551E-05  3.79909E-01 
2.24999E+01 3.24997E-01  6.10013E-05  3.84920E-01 
2.25999E+01 3.29997E-01  6.11044E-05  3.89906E-01 
2.26999E+01 3.34997E-01  6.11747E-05  3.94943E-01 
2.27999E+01 3.39997E-01  6.12112E-05  3.99937E-01 
2.28999E+01 3.44997E-01  6.12215E-05  4.04930E-01 
2.29999E+01 3.49997E-01  6.11765E-05  4.09946E-01 
2.30999E+01 3.54997E-01  6.11051E-05  4.14946E-01 
2.31999E+01 3.59997E-01  6.09826E-05  4.19913E-01 
2.32999E+01 3.64997E-01  6.08259E-05  4.24915E-01 
2.33999E+01 3.69997E-01  6.06293E-05  4.29932E-01 
2.34999E+01 3.74997E-01  6.03886E-05  4.34953E-01 
2.35999E+01 3.79997E-01  6.01108E-05  4.39929E-01 
2.36999E+01 3.84997E-01  5.97978E-05  4.44951E-01 
2.37999E+01 3.89997E-01  5.94272E-05  4.49941E-01 
2.38999E+01 3.94997E-01  5.90269E-05  4.54973E-01 
2.39999E+01 3.99997E-01  5.86027E-05  4.59970E-01 
2.40999E+01 4.04997E-01  5.81563E-05  4.64954E-01 
2.41999E+01 4.09997E-01  5.76822E-05  4.69970E-01 
2.42999E+01 4.14997E-01  5.71825E-05  4.74974E-01 
2.43999E+01 4.19997E-01  5.66635E-05  4.79981E-01 
2.44999E+01 4.24997E-01  5.61327E-05  4.84981E-01 
2.45999E+01 4.29997E-01  5.55881E-05  4.90003E-01 
2.46999E+01 4.34997E-01  5.50392E-05  4.95014E-01 
2.47999E+01 4.39997E-01  5.44819E-05  4.99998E-01 
2.48999E+01 4.44997E-01  5.39286E-05  5.05001E-01 
2.49999E+01 4.49997E-01  5.33957E-05  5.10016E-01 
2.50999E+01 4.54997E-01  5.28598E-05  5.15004E-01 
2.51999E+01 4.59997E-01  5.23372E-05  5.19994E-01 
2.52999E+01 4.64997E-01  5.18257E-05  5.25000E-01 
2.53999E+01 4.69997E-01  5.13337E-05  5.29982E-01 
2.54999E+01 4.74997E-01  5.08593E-05  5.35022E-01 
2.55999E+01 4.79997E-01  5.04043E-05  5.40004E-01 
2.56999E+01 4.84997E-01  4.99748E-05  5.44994E-01 
2.57999E+01 4.89997E-01  4.95677E-05  5.50030E-01 
2.58999E+01 4.94997E-01  4.91805E-05  5.55040E-01 
2.59999E+01 4.99997E-01  4.88172E-05  5.60036E-01 
2.60999E+01 5.04997E-01  4.84779E-05  5.65015E-01 
2.61999E+01 5.09997E-01  4.81511E-05  5.70024E-01 
2.62999E+01 5.14997E-01  4.78612E-05  5.75020E-01 
2.63999E+01 5.19997E-01  4.75931E-05  5.80037E-01 
2.64999E+01 5.24997E-01  4.73458E-05  5.85041E-01 
2.65999E+01 5.29997E-01  4.71318E-05  5.90039E-01 
2.66999E+01 5.34997E-01  4.69363E-05  5.95038E-01 
2.67999E+01 5.39997E-01  4.67603E-05  6.00022E-01 
2.68999E+01 5.44997E-01  4.66118E-05  6.05005E-01 
2.69999E+01 5.49997E-01  4.64868E-05  6.10012E-01 
2.70999E+01 5.54997E-01  4.63801E-05  6.15028E-01 
2.71999E+01 5.59997E-01  4.62988E-05  6.20014E-01 
2.72999E+01 5.64997E-01  4.62255E-05  6.25013E-01 
2.73999E+01 5.69997E-01  4.61653E-05  6.30033E-01 
2.74999E+01 5.74997E-01  4.61236E-05  6.35060E-01 
2.75999E+01 5.79997E-01  4.60957E-05  6.40070E-01 
2.76999E+01 5.84997E-01  4.60735E-05  6.45074E-01 
2.77999E+01 5.89997E-01  4.60630E-05  6.50075E-01 
2.78999E+01 5.94997E-01  4.60557E-05  6.55051E-01 
2.79999E+01 5.99996E-01  4.60516E-05  6.60071E-01 
2.80999E+01 6.04996E-01  4.60634E-05  6.65062E-01 
2.81999E+01 6.09996E-01  4.60864E-05  6.70060E-01 
2.82999E+01 6.14996E-01  4.61360E-05  6.75047E-01 
2.83999E+01 6.19996E-01  4.61977E-05  6.80067E-01 
2.84999E+01 6.24996E-01  4.62931E-05  6.85072E-01 
2.85999E+01 6.29996E-01  4.63969E-05  6.90078E-01 
2.86999E+01 6.34996E-01  4.65009E-05  6.95067E-01 
2.87999E+01 6.39996E-01  4.66111E-05  7.00091E-01 
2.88999E+01 6.44996E-01  4.67172E-05  7.05062E-01 
2.89999E+01 6.49996E-01  4.68397E-05  7.10066E-01 
2.90999E+01 6.54996E-01  4.69672E-05  7.15083E-01 
2.91999E+01 6.59996E-01  4.70976E-05  7.20098E-01 
2.92999E+01 6.64996E-01  4.72330E-05  7.25115E-01 
2.93999E+01 6.69996E-01  4.73702E-05  7.30079E-01 
2.94999E+01 6.74996E-01  4.75164E-05  7.35080E-01 
2.95999E+01 6.79996E-01  4.76672E-05  7.40125E-01 
2.96999E+01 6.84996E-01  4.78182E-05  7.45123E-01 
2.97999E+01 6.89996E-01  4.79661E-05  7.50099E-01 
2.98999E+01 6.94996E-01  4.81237E-05  7.55127E-01 
2.99999E+01 6.99996E-01  4.82945E-05  7.60127E-01 
3.00999E+01 7.04996E-01  4.84498E-05  7.65152E-01 
3.01999E+01 7.09996E-01  4.86076E-05  7.70127E-01 
3.02999E+01 7.14996E-01  4.87839E-05  7.75126E-01 
3.03999E+01 7.19996E-01  4.89641E-05  7.80153E-01 
3.04999E+01 7.24996E-01  4.91376E-05  7.85178E-01 
3.05999E+01 7.29996E-01  4.93034E-05  7.90175E-01 
3.06999E+01 7.34996E-01  4.94735E-05  7.95182E-01 
3.07999E+01 7.39996E-01  4.96472E-05  8.00177E-01 
3.08999E+01 7.44996E-01  4.98041E-05  8.05181E-01 
3.09999E+01 7.49996E-01  4.99670E-05  8.10202E-01 
3.10999E+01 7.54996E-01  5.01365E-05  8.15216E-01 
3.11999E+01 7.59996E-01  5.02964E-05  8.20218E-01 
3.12999E+01 7.64996E-01  5.04591E-05  8.25191E-01 
3.13999E+01 7.69996E-01  5.06240E-05  8.30186E-01 
3.14999E+01 7.74996E-01  5.07873E-05  8.35197E-01 
3.15999E+01 7.79996E-01  5.09513E-05  8.40190E-01 
3.16999E+01 7.84996E-01  5.11207E-05  8.45182E-01 
3.17999E+01 7.89996E-01  5.12811E-05  8.50197E-01 
3.18999E+01 7.94996E-01  5.14452E-05  8.55223E-01 
3.19999E+01 7.99996E-01  5.16201E-05  8.60208E-01 
3.20999E+01 8.04996E-01  5.17826E-05  8.65195E-01 
3.21999E+01 8.09996E-01  5.19384E-05  8.70204E-01 
3.22999E+01 8.14996E-01  5.20988E-05  8.75215E-01 
3.23999E+01 8.19996E-01  5.22484E-05  8.80199E-01 
3.24999E+01 8.24996E-01  5.24027E-05  8.85201E-01 
3.25999E+01 8.29996E-01  5.25526E-05  8.90192E-01 
3.26999E+01 8.34996E-01  5.26974E-05  8.95208E-01 
3.27999E+01 8.39996E-01  5.28389E-05  9.00214E-01 
3.28999E+01 8.44996E-01  5.29752E-05  9.05211E-01 
3.29999E+01 8.49996E-01  5.31116E-05  9.10227E-01 
3.30999E+01 8.54996E-01  5.32468E-05  9.15210E-01 
3.31999E+01 8.59996E-01  5.33809E-05  9.20227E-01 
3.32999E+01 8.64996E-01  5.35078E-05  9.25223E-01 
3.33999E+01 8.69996E-01  5.36305E-05  9.30200E-01 
3.34999E+01 8.74996E-01  5.37483E-05  9.35228E-01 
3.35999E+01 8.79996E-01  5.38698E-05  9.40242E-01 
3.36999E+01 8.84996E-01  5.39919E-05  9.45224E-01 
3.37999E+01 8.89996E-01  5.41095E-05  9.50222E-01 
3.38999E+01 8.94996E-01  5.42228E-05  9.55243E-01 
3.39999E+01 8.99996E-01  5.43256E-05  9.60240E-01 
3.40999E+01 9.04996E-01  5.44305E-05  9.65241E-01 
3.41999E+01 9.09996E-01  5.45346E-05  9.70262E-01 
3.42999E+01 9.14996E-01  5.46280E-05  9.75255E-01 
3.43999E+01 9.19996E-01  5.47167E-05  9.80271E-01 
3.44999E+01 9.24996E-01  5.48067E-05  9.85259E-01 
3.45999E+01 9.29996E-01  5.49051E-05  9.90282E-01 
3.46999E+01 9.34996E-01  5.49946E-05  9.95270E-01 
3.47999E+01 9.39996E-01  5.50861E-05  1.00024E+00 
3.48999E+01 9.44996E-01  5.51701E-05  1.00523E+00 
3.49999E+01 9.49996E-01  5.52637E-05  1.01027E+00 
3.50999E+01 9.54996E-01  5.53597E-05  1.01526E+00 
3.51999E+01 9.59996E-01  5.54471E-05  1.02024E+00 
3.52999E+01 9.64996E-01  5.55323E-05  1.02528E+00 
3.53999E+01 9.69996E-01  5.56141E-05  1.03029E+00 
3.54999E+01 9.74996E-01  5.56972E-05  1.03528E+00 
3.55999E+01 9.79996E-01  5.57734E-05  1.04025E+00 
3.56999E+01 9.84996E-01  5.58475E-05  1.04527E+00 
3.57999E+01 9.89996E-01  5.59195E-05  1.05027E+00 
3.58999E+01 9.94996E-01  5.59882E-05  1.05530E+00 
3.59999E+01 9.99995E-01  5.60419E-05  1.06028E+00 
3.60999E+01 1.00500E+00  5.60994E-05  1.06528E+00 
3.61999E+01 1.01000E+00  5.61631E-05  1.07031E+00 
3.62999E+01 1.01500E+00  5.62331E-05  1.07531E+00 
3.63999E+01 1.02000E+00  5.63076E-05  1.08027E+00 
3.64999E+01 1.02500E+00  5.63825E-05  1.08530E+00 
3.65999E+01 1.03000E+00  5.64713E-05  1.09029E+00 
3.66999E+01 1.03500E+00  5.65637E-05  1.09530E+00 
3.67999E+01 1.04000E+00  5.66669E-05  1.10026E+00 
3.68999E+01 1.04500E+00  5.67811E-05  1.10530E+00 
3.69999E+01 1.05000E+00  5.68931E-05  1.11031E+00 
3.70999E+01 1.05500E+00  5.70154E-05  1.11533E+00 
3.71999E+01 1.06000E+00  5.71378E-05  1.12032E+00 
3.72999E+01 1.06500E+00  5.72618E-05  1.12534E+00 
3.73999E+01 1.07000E+00  5.73900E-05  1.13032E+00 
3.74999E+01 1.07500E+00  5.75212E-05  1.13532E+00 
3.75999E+01 1.08000E+00  5.76534E-05  1.14034E+00 
3.76999E+01 1.08500E+00  5.77832E-05  1.14534E+00 
3.77999E+01 1.09000E+00  5.79030E-05  1.15034E+00 
3.78999E+01 1.09500E+00  5.80424E-05  1.15535E+00 
3.79999E+01 1.10000E+00  5.82160E-05  1.16035E+00 
3.80999E+01 1.10500E+00  5.84011E-05  1.16536E+00 
3.81999E+01 1.11000E+00  5.86119E-05  1.17034E+00 
3.82999E+01 1.11500E+00  5.88424E-05  1.17534E+00 
3.83999E+01 1.12000E+00  5.90753E-05  1.18035E+00 
3.84999E+01 1.12500E+00  5.93255E-05  1.18538E+00 
3.85999E+01 1.13000E+00  5.96056E-05  1.19034E+00 
3.86999E+01 1.13500E+00  5.99195E-05  1.19536E+00 
3.87999E+01 1.14000E+00  6.02520E-05  1.20036E+00 
3.88999E+01 1.14500E+00  6.06090E-05  1.20536E+00 
3.89999E+01 1.15000E+00  6.09743E-05  1.21036E+00 
3.90999E+01 1.15500E+00  6.13525E-05  1.21539E+00 
3.91999E+01 1.16000E+00  6.17545E-05  1.22038E+00 
3.92999E+01 1.16500E+00  6.21691E-05  1.22539E+00 
3.93999E+01 1.17000E+00  6.26116E-05  1.23039E+00 
3.94999E+01 1.17500E+00  6.30735E-05  1.23538E+00 
3.95999E+01 1.18000E+00  6.35659E-05  1.24036E+00 
3.96999E+01 1.18500E+00  6.40853E-05  1.24538E+00 
3.97999E+01 1.19000E+00  6.46324E-05  1.25040E+00 
3.98999E+01 1.19500E+00  6.52012E-05  1.25539E+00 
3.99999E+01 1.19999E+00  6.58051E-05  1.26039E+00 
4.00999E+01 1.20499E+00  6.64336E-05  1.26537E+00 
4.01999E+01 1.20999E+00  6.71012E-05  1.27041E+00 
4.02999E+01 1.21499E+00  6.78282E-05  1.27543E+00 
4.03999E+01 1.21999E+00  6.85044E-05  1.28043E+00 
4.04999E+01 1.22499E+00  6.92288E-05  1.28540E+00 
4.05999E+01 1.22999E+00  6.99854E-05  1.29042E+00 
4.06999E+01 1.23499E+00  7.07756E-05  1.29542E+00 
4.07999E+01 1.23999E+00  7.16007E-05  1.30043E+00 
4.08999E+01 1.24499E+00  7.24496E-05  1.30543E+00 
4.09999E+01 1.24999E+00  7.33282E-05  1.31044E+00 
4.10999E+01 1.25499E+00  7.42349E-05  1.31545E+00 
4.11999E+01 1.25999E+00  7.51697E-05  1.32044E+00 
4.12999E+01 1.26499E+00  7.61223E-05  1.32546E+00 
4.13999E+01 1.26999E+00  7.71088E-05  1.33043E+00 
4.14999E+01 1.27499E+00  7.81425E-05  1.33544E+00 
4.15999E+01 1.27999E+00  7.93425E-05  1.34046E+00 
4.16999E+01 1.28499E+00  8.03605E-05  1.34544E+00 
4.17999E+01 1.28999E+00  8.14407E-05  1.35046E+00 
4.18999E+01 1.29499E+00  8.25526E-05  1.35544E+00 
4.19999E+01 1.29999E+00  8.37057E-05  1.36046E+00 
4.20999E+01 1.30499E+00  8.48970E-05  1.36546E+00 
4.21999E+01 1.30999E+00  8.61280E-05  1.37044E+00 
4.22999E+01 1.31499E+00  8.74041E-05  1.37546E+00 
4.23999E+01 1.31999E+00  8.87193E-05  1.38047E+00 
4.24999E+01 1.32499E+00  9.00573E-05  1.38545E+00 
4.25999E+01 1.32999E+00  9.14258E-05  1.39045E+00 
4.26999E+01 1.33499E+00  9.28202E-05  1.39547E+00 
4.27999E+01 1.33999E+00  9.42587E-05  1.40046E+00 
4.28999E+01 1.34499E+00  9.57074E-05  1.40545E+00 
4.29999E+01 1.34999E+00  9.72117E-05  1.41046E+00 
4.30999E+01 1.35499E+00  9.87571E-05  1.41546E+00 
4.31999E+01 1.35999E+00  1.00315E-04  1.42051E+00 
4.32999E+01 1.36499E+00  1.01877E-04  1.42551E+00 
4.33999E+01 1.36999E+00  1.03470E-04  1.43049E+00 
4.34999E+01 1.37499E+00  1.05090E-04  1.43551E+00 
4.35999E+01 1.37999E+00  1.06791E-04  1.44051E+00 
4.36999E+01 1.38499E+00  1.08530E-04  1.44550E+00 
4.37999E+01 1.38999E+00  1.10306E-04  1.45055E+00 
4.38999E+01 1.39499E+00  1.12152E-04  1.45551E+00 
4.39999E+01 1.39999E+00  1.14046E-04  1.46051E+00 
4.40999E+01 1.40499E+00  1.15995E-04  1.46554E+00 
4.41999E+01 1.40999E+00  1.18021E-04  1.47053E+00 
4.42999E+01 1.41499E+00  1.20083E-04  1.47552E+00 
4.43999E+01 1.41999E+00  1.22236E-04  1.48053E+00 
4.44999E+01 1.42499E+00  1.24476E-04  1.48552E+00 
4.45999E+01 1.42999E+00  1.26748E-04  1.49054E+00 
4.46999E+01 1.43499E+00  1.29146E-04  1.49554E+00 
4.47999E+01 1.43999E+00  1.31578E-04  1.50056E+00 
4.48999E+01 1.44499E+00  1.34054E-04  1.50553E+00 
4.49999E+01 1.44999E+00  1.36657E-04  1.51053E+00 
4.50999E+01 1.45499E+00  1.39329E-04  1.51555E+00 
4.51999E+01 1.45999E+00  1.42086E-04  1.52057E+00 
4.52999E+01 1.46499E+00  1.44957E-04  1.52554E+00 
4.53999E+01 1.46999E+00  1.47891E-04  1.53055E+00 
4.54999E+01 1.47499E+00  1.50926E-04  1.53556E+00 
4.55999E+01 1.47999E+00  1.54032E-04  1.54055E+00 
4.56999E+01 1.48499E+00  1.57213E-04  1.54557E+00 
4.57999E+01 1.48999E+00  1.60468E-04  1.55056E+00 
4.58999E+01 1.49499E+00  1.63802E-04  1.55559E+00 
4.59999E+01 1.49999E+00  1.67187E-04  1.56058E+00 
4.60999E+01 1.50499E+00  1.70619E-04  1.56556E+00 
4.61999E+01 1.50999E+00  1.74100E-04  1.57058E+00 
4.62999E+01 1.51499E+00  1.77655E-04  1.57560E+00 
4.63999E+01 1.51999E+00  1.81277E-04  1.58060E+00 
4.64999E+01 1.52499E+00  1.84939E-04  1.58561E+00 
4.65999E+01 1.52999E+00  1.88643E-04  1.59057E+00 
4.66999E+01 1.53499E+00  1.92400E-04  1.59560E+00 
4.67999E+01 1.53999E+00  1.96192E-04  1.60061E+00 
4.68999E+01 1.54499E+00  2.00024E-04  1.60560E+00 
4.69999E+01 1.54999E+00  2.03886E-04  1.61061E+00 
4.70999E+01 1.55499E+00  2.07790E-04  1.61561E+00 
4.71999E+01 1.55999E+00  2.11771E-04  1.62063E+00 
4.72999E+01 1.56499E+00  2.16198E-04  1.62561E+00 
4.73999E+01 1.56999E+00  2.20165E-04  1.63062E+00 
4.74999E+01 1.57499E+00  2.24223E-04  1.63561E+00 
4.75999E+01 1.57999E+00  2.28212E-04  1.64060E+00 
4.76999E+01 1.58499E+00  2.32235E-04  1.64561E+00 
4.77999E+01 1.58999E+00  2.36289E-04  1.65063E+00 
4.78999E+01 1.59499E+00  2.40368E-04  1.65564E+00 
4.79999E+01 1.59999E+00  2.44449E-04  1.66061E+00 
4.80999E+01 1.60499E+00  2.48565E-04  1.66562E+00 
4.81999E+01 1.60999E+00  2.52726E-04  1.67063E+00 
4.82999E+01 1.61499E+00  2.56829E-04  1.67563E+00 
4.83999E+01 1.61999E+00  2.60989E-04  1.68063E+00 
4.84999E+01 1.62499E+00  2.65130E-04  1.68565E+00 
4.85999E+01 1.62999E+00  2.69311E-04  1.69063E+00 
4.86999E+01 1.63499E+00  2.73407E-04  1.69563E+00 
4.87999E+01 1.63999E+00  2.77557E-04  1.70064E+00 
4.88999E+01 1.64499E+00  2.81691E-04  1.70564E+00 
4.89999E+01 1.64999E+00  2.85895E-04  1.71067E+00 
4.90999E+01 1.65499E+00  2.90010E-04  1.71565E+00 
4.91999E+01 1.65999E+00  2.94233E-04  1.72064E+00 
4.92999E+01 1.66499E+00  2.98289E-04  1.72563E+00 
4.93999E+01 1.66999E+00  3.02341E-04  1.73067E+00 
4.94999E+01 1.67499E+00  3.06274E-04  1.73566E+00 
4.95999E+01 1.67999E+00  3.10302E-04  1.74067E+00 
4.96999E+01 1.68499E+00  3.14396E-04  1.74568E+00 
4.97999E+01 1.68999E+00  3.18373E-04  1.75069E+00 
4.98999E+01 1.69499E+00  3.22358E-04  1.75570E+00 
4.99999E+01 1.69999E+00  3.26269E-04  1.76072E+00 
5.00999E+01 1.70499E+00  3.30135E-04  1.76571E+00 
5.01999E+01 1.70999E+00  3.34019E-04  1.77071E+00 
5.02999E+01 1.71499E+00  3.37890E-04  1.77568E+00 
5.03999E+01 1.71999E+00  3.41656E-04  1.78070E+00 
5.04999E+01 1.72499E+00  3.45431E-04  1.78572E+00 
5.05999E+01 1.72999E+00  3.49150E-04  1.79073E+00 
5.06999E+01 1.73499E+00  3.52919E-04  1.79571E+00 
5.07999E+01 1.73999E+00  3.56662E-04  1.80071E+00 
5.08999E+01 1.74499E+00  3.60291E-04  1.80575E+00 
5.09999E+01 1.74999E+00  3.63969E-04  1.81074E+00 
5.10999E+01 1.75499E+00  3.67637E-04  1.81575E+00 
5.11999E+01 1.75999E+00  3.71403E-04  1.82074E+00 
5.12999E+01 1.76499E+00  3.74932E-04  1.82575E+00 
5.13999E+01 1.76999E+00  3.78454E-04  1.83075E+00 
5.14999E+01 1.77499E+00  3.81925E-04  1.83575E+00 
5.15999E+01 1.77999E+00  3.85410E-04  1.84077E+00 
5.16999E+01 1.78499E+00  3.88806E-04  1.84574E+00 
5.17999E+01 1.78999E+00  3.92187E-04  1.85077E+00 
5.18999E+01 1.79499E+00  3.95560E-04  1.85577E+00 
5.19999E+01 1.79999E+00  3.98893E-04  1.86074E+00 
5.20999E+01 1.79499E+00  3.90558E-04  1.85577E+00 
5.21999E+01 1.78999E+00  3.82659E-04  1.85075E+00 
5.22999E+01 1.78499E+00  3.74941E-04  1.84578E+00 
5.23999E+01 1.77999E+00  3.67558E-04  1.84075E+00 
5.24999E+01 1.77499E+00  3.60208E-04  1.83574E+00 
5.25999E+01 1.76999E+00  3.52980E-04  1.83074E+00 
5.26999E+01 1.76499E+00  3.45942E-04  1.82576E+00 
5.27999E+01 1.75999E+00  3.38978E-04  1.82076E+00 
5.28999E+01 1.75499E+00  3.32187E-04  1.81572E+00 
5.29999E+01 1.74999E+00  3.25501E-04  1.81073E+00 
5.30999E+01 1.74499E+00  3.18888E-04  1.80575E+00 
5.31999E+01 1.73999E+00  3.12425E-04  1.80073E+00 
5.32999E+01 1.73499E+00  3.05968E-04  1.79571E+00 
5.33999E+01 1.72999E+00  2.99647E-04  1.79074E+00 
5.34999E+01 1.72499E+00  2.93473E-04  1.78573E+00 
5.35999E+01 1.71999E+00  2.87385E-04  1.78071E+00 
5.36999E+01 1.71499E+00  2.81434E-04  1.77570E+00 
5.37999E+01 1.70999E+00  2.75582E-04  1.77072E+00 
5.38999E+01 1.70499E+00  2.69993E-04  1.76574E+00 
5.39999E+01 1.69999E+00  2.64142E-04  1.76071E+00 
5.40999E+01 1.69499E+00  2.58571E-04  1.75569E+00 
5.41999E+01 1.68999E+00  2.53041E-04  1.75069E+00 
5.42999E+01 1.68499E+00  2.47601E-04  1.74568E+00 
5.43999E+01 1.67999E+00  2.42238E-04  1.74065E+00 
5.44999E+01 1.67499E+00  2.36935E-04  1.73567E+00 
5.45999E+01 1.66999E+00  2.31751E-04  1.73066E+00 
5.46999E+01 1.66499E+00  2.26666E-04  1.72566E+00 
5.47999E+01 1.65999E+00  2.21634E-04  1.72065E+00 
5.48999E+01 1.65499E+00  2.16714E-04  1.71562E+00 
5.49999E+01 1.64999E+00  2.11894E-04  1.71066E+00 
5.50999E+01 1.64499E+00  2.07108E-04  1.70563E+00 
5.51999E+01 1.63999E+00  2.02405E-04  1.70064E+00 
5.52999E+01 1.63499E+00  1.97746E-04  1.69564E+00 
5.53999E+01 1.62999E+00  1.93132E-04  1.69064E+00 
5.54999E+01 1.62499E+00  1.88590E-04  1.68561E+00 
5.55999E+01 1.61999E+00  1.84146E-04  1.68063E+00 
5.56999E+01 1.61499E+00  1.79728E-04  1.67563E+00 
5.57999E+01 1.60999E+00  1.75391E-04  1.67064E+00 
5.58999E+01 1.60499E+00  1.71163E-04  1.66564E+00 
5.59999E+01 1.59999E+00  1.67012E-04  1.66060E+00 
5.60999E+01 1.59499E+00  1.62857E-04  1.65560E+00 
5.61999E+01 1.58999E+00  1.58791E-04  1.65064E+00 
5.62999E+01 1.58499E+00  1.54816E-04  1.64566E+00 
5.63999E+01 1.57999E+00  1.50877E-04  1.64064E+00 
5.64999E+01 1.57499E+00  1.46991E-04  1.63563E+00 
5.65999E+01 1.56999E+00  1.43173E-04  1.63061E+00 
5.66999E+01 1.56499E+00  1.39402E-04  1.62561E+00 
5.67999E+01 1.55999E+00  1.35746E-04  1.62062E+00 
5.68999E+01 1.55499E+00  1.32101E-04  1.61563E+00 
5.69999E+01 1.54999E+00  1.28525E-04  1.61061E+00 
5.70999E+01 1.54499E+00  1.24994E-04  1.60561E+00 
5.71999E+01 1.53999E+00  1.21562E-04  1.60060E+00 
5.72999E+01 1.53499E+00  1.18124E-04  1.59559E+00 
5.73999E+01 1.52999E+00  1.14793E-04  1.59058E+00 
5.74999E+01 1.52499E+00  1.11508E-04  1.58562E+00 
5.75999E+01 1.51999E+00  1.08273E-04  1.58060E+00 
5.76999E+01 1.51499E+00  1.05090E-04  1.57563E+00 
5.77999E+01 1.50999E+00  1.01966E-04  1.57061E+00 
5.78999E+01 1.50499E+00  9.89501E-05  1.56556E+00 
5.79999E+01 1.49999E+00  9.58730E-05  1.56059E+00 
5.80999E+01 1.49499E+00  9.29404E-05  1.55558E+00 
5.81999E+01 1.48999E+00  9.00055E-05  1.55058E+00 
5.82999E+01 1.48499E+00  8.71464E-05  1.54555E+00 
5.83999E+01 1.47999E+00  8.43549E-05  1.54057E+00 
5.84999E+01 1.47499E+00  8.16459E-05  1.53558E+00 
5.85999E+01 1.46999E+00  7.89649E-05  1.53057E+00 
5.86999E+01 1.46499E+00  7.63469E-05  1.52554E+00 
5.87999E+01 1.45999E+00  7.37880E-05  1.52056E+00 
5.88999E+01 1.45499E+00  7.12919E-05  1.51556E+00 
5.89999E+01 1.44999E+00  6.89062E-05  1.51055E+00 
5.90999E+01 1.44499E+00  6.65013E-05  1.50554E+00 
5.91999E+01 1.43999E+00  6.41823E-05  1.50055E+00 
5.92999E+01 1.43499E+00  6.19051E-05  1.49556E+00 
5.93999E+01 1.42999E+00  5.96536E-05  1.49056E+00 
5.94999E+01 1.42499E+00  5.75190E-05  1.48553E+00 
5.95999E+01 1.41999E+00  5.53882E-05  1.48053E+00 
5.96999E+01 1.41499E+00  5.33454E-05  1.47556E+00 
5.97999E+01 1.40999E+00  5.13754E-05  1.47053E+00 
5.98999E+01 1.40499E+00  4.94573E-05  1.46551E+00 
5.99998E+01 1.39999E+00  4.75576E-05  1.46054E+00 
6.00998E+01 1.39499E+00  4.57061E-05  1.45552E+00 
6.01998E+01 1.38999E+00  4.39413E-05  1.45053E+00 
6.02998E+01 1.38499E+00  4.21968E-05  1.44552E+00 
6.03998E+01 1.37999E+00  4.05250E-05  1.44052E+00 
6.04998E+01 1.37499E+00  3.89211E-05  1.43551E+00 
6.05998E+01 1.36999E+00  3.73794E-05  1.43050E+00 
6.06998E+01 1.36499E+00  3.59258E-05  1.42551E+00 
6.07998E+01 1.35999E+00  3.39864E-05  1.42048E+00 
6.08998E+01 1.35499E+00  3.25535E-05  1.41547E+00 
6.09998E+01 1.34999E+00  3.12026E-05  1.41044E+00 
6.10998E+01 1.34499E+00  2.99129E-05  1.40545E+00 
6.11998E+01 1.33999E+00  2.86765E-05  1.40047E+00 
6.12998E+01 1.33499E+00  2.74866E-05  1.39547E+00 
6.13998E+01 1.32999E+00  2.63167E-05  1.39045E+00 
6.14998E+01 1.32499E+00  2.51896E-05  1.38546E+00 
6.15998E+01 1.31999E+00  2.41344E-05  1.38047E+00 
6.16998E+01 1.31499E+00  2.31259E-05  1.37544E+00 
6.17998E+01 1.30999E+00  2.21373E-05  1.37042E+00 
6.18998E+01 1.30499E+00  2.11926E-05  1.36543E+00 
6.19998E+01 1.29999E+00  2.02838E-05  1.36044E+00 
6.20998E+01 1.29499E+00  1.94192E-05  1.35543E+00 
6.21998E+01 1.28999E+00  1.86597E-05  1.35044E+00 
6.22998E+01 1.28499E+00  1.78395E-05  1.34543E+00 
6.23998E+01 1.27999E+00  1.70800E-05  1.34044E+00 
6.24998E+01 1.27499E+00  1.63405E-05  1.33543E+00 
6.25998E+01 1.26999E+00  1.56499E-05  1.33045E+00 
6.26998E+01 1.26499E+00  1.50015E-05  1.32543E+00 
6.27998E+01 1.25999E+00  1.43811E-05  1.32045E+00 
6.28998E+01 1.25499E+00  1.38026E-05  1.31545E+00 
6.29998E+01 1.24999E+00  1.32369E-05  1.31044E+00 
6.30998E+01 1.24499E+00  1.27159E-05  1.30544E+00 
6.31998E+01 1.23999E+00  1.22452E-05  1.30045E+00 
6.32998E+01 1.23499E+00  1.17851E-05  1.29544E+00 
6.33998E+01 1.22999E+00  1.13276E-05  1.29042E+00 
6.34998E+01 1.22499E+00  1.09002E-05  1.28544E+00 
6.35998E+01 1.21999E+00  1.05027E-05  1.28044E+00 
6.36998E+01 1.21499E+00  1.01362E-05  1.27543E+00 
6.37998E+01 1.20999E+00  9.78275E-06  1.27044E+00 
6.38998E+01 1.20499E+00  9.46812E-06  1.26542E+00 
6.39998E+01 1.19999E+00  9.13623E-06  1.26040E+00 
6.40998E+01 1.19500E+00  8.83610E-06  1.25542E+00 
6.41998E+01 1.19000E+00  8.54745E-06  1.25041E+00 
6.42998E+01 1.18500E+00  8.27219E-06  1.24541E+00 
6.43998E+01 1.18000E+00  8.01827E-06  1.24039E+00 
6.44998E+01 1.17500E+00  7.76678E-06  1.23540E+00 
6.45998E+01 1.17000E+00  7.59485E-06  1.23039E+00 
6.46998E+01 1.16500E+00  7.43166E-06  1.22539E+00 
6.47998E+01 1.16000E+00  7.18377E-06  1.22038E+00 
6.48998E+01 1.15500E+00  6.96765E-06  1.21539E+00 
6.49998E+01 1.15000E+00  6.76425E-06  1.21039E+00 
6.50998E+01 1.14500E+00  6.58060E-06  1.20539E+00 
6.51998E+01 1.14000E+00  6.40669E-06  1.20036E+00 
6.52998E+01 1.13500E+00  6.24898E-06  1.19536E+00 
6.53998E+01 1.13000E+00  6.09606E-06  1.19038E+00 
6.54998E+01 1.12500E+00  5.95432E-06  1.18537E+00 
6.55998E+01 1.12000E+00  5.81361E-06  1.18035E+00 
6.56998E+01 1.11500E+00  5.67646E-06  1.17538E+00 
6.57998E+01 1.11000E+00  5.55302E-06  1.17034E+00 
6.58998E+01 1.10500E+00  5.42833E-06  1.16536E+00 
6.59998E+01 1.10000E+00  5.31680E-06  1.16035E+00 
6.60998E+01 1.09500E+00  5.20903E-06  1.15535E+00 
6.61998E+01 1.09000E+00  5.10143E-06  1.15035E+00 
6.62998E+01 1.08500E+00  4.99888E-06  1.14536E+00 
6.63998E+01 1.08000E+00  4.90473E-06  1.14032E+00 
6.64998E+01 1.07500E+00  4.80785E-06  1.13534E+00 
6.65998E+01 1.07000E+00  4.71945E-06  1.13034E+00 
6.66998E+01 1.06500E+00  4.62969E-06  1.12537E+00 
6.67998E+01 1.06000E+00  4.54732E-06  1.12032E+00 
6.68998E+01 1.05500E+00  4.46658E-06  1.11532E+00 
6.69998E+01 1.05000E+00  4.38715E-06  1.11030E+00 
6.70998E+01 1.04500E+00  4.31017E-06  1.10532E+00 
6.71998E+01 1.04000E+00  4.23596E-06  1.10029E+00 
6.72998E+01 1.03500E+00  4.15856E-06  1.09531E+00 
6.73998E+01 1.03000E+00  4.08853E-06  1.09032E+00 
6.74998E+01 1.02500E+00  4.01834E-06  1.08528E+00 
6.75998E+01 1.02000E+00  3.95601E-06  1.08030E+00 
6.76998E+01 1.01500E+00  3.84120E-06  1.07531E+00 
6.77998E+01 1.01000E+00  3.77134E-06  1.07028E+00 
6.78998E+01 1.00500E+00  3.70910E-06  1.06528E+00 
6.79998E+01 9.99995E-01  3.64079E-06  1.06028E+00 
6.80998E+01 9.94996E-01  3.57327E-06  1.05530E+00 
6.81998E+01 9.89996E-01  3.50685E-06  1.05029E+00 
6.82998E+01 9.84996E-01  3.44577E-06  1.04527E+00 
6.83998E+01 9.79996E-01  3.37888E-06  1.04027E+00 
6.84998E+01 9.74996E-01  3.31586E-06  1.03527E+00 
6.85998E+01 9.69996E-01  3.25206E-06  1.03028E+00 
6.86998E+01 9.64996E-01  3.18918E-06  1.02528E+00 
6.87998E+01 9.59996E-01  3.12275E-06  1.02029E+00 
6.88998E+01 9.54996E-01  3.06428E-06  1.01527E+00 
6.89998E+01 9.49996E-01  3.00024E-06  1.01026E+00 
6.90998E+01 9.44996E-01  2.94166E-06  1.00527E+00 
6.91998E+01 9.39996E-01  2.87469E-06  1.00026E+00 
6.92998E+01 9.34996E-01  2.81021E-06  9.95270E-01 
6.93998E+01 9.29996E-01  2.75253E-06  9.90278E-01 
6.94998E+01 9.24996E-01  2.68912E-06  9.85286E-01 
6.95998E+01 9.19996E-01  2.62987E-06  9.80272E-01 
6.96998E+01 9.14996E-01  2.57793E-06  9.75267E-01 
6.97998E+01 9.09996E-01  2.51470E-06  9.70303E-01 
6.98998E+01 9.04996E-01  2.45120E-06  9.65259E-01 
6.99998E+01 8.99996E-01  2.38699E-06  9.60243E-01 
7.00998E+01 8.94996E-01  2.32269E-06  9.55222E-01 
7.01998E+01 8.89996E-01  2.25428E-06  9.50228E-01 
7.02998E+01 8.84996E-01  2.19512E-06  9.45213E-01 
7.03998E+01 8.79996E-01  2.13004E-06  9.40210E-01 
7.04998E+01 8.74996E-01  2.06828E-06  9.35213E-01 
7.05998E+01 8.69996E-01  2.00651E-06  9.30207E-01 
7.06998E+01 8.64996E-01  1.94462E-06  9.25231E-01 
7.07998E+01 8.59996E-01  1.87929E-06  9.20250E-01 
7.08998E+01 8.54996E-01  1.81593E-06  9.15249E-01 
7.09998E+01 8.49996E-01  1.75080E-06  9.10212E-01 
7.10998E+01 8.44996E-01  1.68752E-06  9.05225E-01 
7.11998E+01 8.39996E-01  1.61838E-06  9.00224E-01 
7.12998E+01 8.34996E-01  1.55302E-06  8.95210E-01 
7.13998E+01 8.29996E-01  1.48367E-06  8.90203E-01 
7.14998E+01 8.24996E-01  1.42289E-06  8.85192E-01 
7.15998E+01 8.19996E-01  1.35690E-06  8.80202E-01 
7.16998E+01 8.14996E-01  1.28803E-06  8.75175E-01 
7.17998E+01 8.09996E-01  1.21718E-06  8.70178E-01 
7.18998E+01 8.04996E-01  1.15062E-06  8.65178E-01 
7.19998E+01 7.99996E-01  1.07804E-06  8.60198E-01 
7.20998E+01 7.94996E-01  1.01378E-06  8.55190E-01 
7.21998E+01 7.89996E-01  9.54273E-07  8.50176E-01 
7.22998E+01 7.84996E-01  8.98202E-07  8.45173E-01 
7.23998E+01 7.79996E-01  8.46235E-07  8.40190E-01 
7.24998E+01 7.74996E-01  8.07097E-07  8.35209E-01 
7.25998E+01 7.69996E-01  7.65576E-07  8.30195E-01 
7.26998E+01 7.64996E-01  7.23450E-07  8.25165E-01 
7.27998E+01 7.59996E-01  6.70859E-07  8.20161E-01 
7.28998E+01 7.54996E-01  6.08520E-07  8.15184E-01 
7.29998E+01 7.49996E-01  5.35071E-07  8.10145E-01 
7.30998E+01 7.44996E-01  4.57747E-07  8.05161E-01 
7.31998E+01 7.39996E-01  3.69853E-07  8.00163E-01 
7.32998E+01 7.34996E-01  2.73525E-07  7.95171E-01 
7.33998E+01 7.29996E-01  1.80864E-07  7.90164E-01 
7.34998E+01 7.24996E-01  8.48328E-08  7.85149E-01 
7.35998E+01 7.19996E-01  -1.75036E-08 7.80120E-01 
7.36998E+01 7.14996E-01  -1.14259E-07 7.75130E-01 
7.37998E+01 7.09996E-01  -2.07007E-07 7.70117E-01 
7.38998E+01 7.04996E-01  -2.97010E-07 7.65125E-01 
7.39998E+01 6.99996E-01  -3.78491E-07 7.60130E-01 
7.40998E+01 6.94996E-01  -4.67412E-07 7.55106E-01 
7.41998E+01 6.89996E-01  -5.58676E-07 7.50119E-01 
7.42998E+01 6.84996E-01  -6.50945E-07 7.45110E-01 
7.43998E+01 6.79996E-01  -7.48772E-07 7.40125E-01 
7.44998E+01 6.74996E-01  -8.42762E-07 7.35124E-01 
7.45998E+01 6.69996E-01  -9.44546E-07 7.30085E-01 
7.46998E+01 6.64996E-01  -1.04973E-06 7.25098E-01 
7.47998E+01 6.59996E-01  -1.15384E-06 7.20099E-01 
7.48998E+01 6.54996E-01  -1.26265E-06 7.15092E-01 
7.49998E+01 6.49996E-01  -1.36695E-06 7.10059E-01 
7.50998E+01 6.44996E-01  -1.47272E-06 7.05090E-01 
7.51998E+01 6.39996E-01  -1.58452E-06 7.00104E-01 
7.52998E+01 6.34996E-01  -1.69566E-06 6.95080E-01 
7.53998E+01 6.29996E-01  -1.80450E-06 6.90083E-01 
7.54998E+01 6.24996E-01  -1.91524E-06 6.85095E-01 
7.55998E+01 6.19996E-01  -2.02913E-06 6.80071E-01 
7.56998E+01 6.14996E-01  -2.14191E-06 6.75072E-01 
7.57998E+01 6.09996E-01  -2.25446E-06 6.70080E-01 
7.58998E+01 6.04996E-01  -2.36851E-06 6.65073E-01 
7.59998E+01 5.99996E-01  -2.48165E-06 6.60108E-01 
7.60998E+01 5.94997E-01  -2.59833E-06 6.55093E-01 
7.61998E+01 5.89997E-01  -2.71327E-06 6.50047E-01 
7.62998E+01 5.84997E-01  -2.82868E-06 6.45060E-01 
7.63998E+01 5.79997E-01  -2.93917E-06 6.40057E-01 
7.64998E+01 5.74997E-01  -3.05525E-06 6.35051E-01 
7.65998E+01 5.69997E-01  -3.16846E-06 6.30044E-01 
7.66998E+01 5.64997E-01  -3.28949E-06 6.25039E-01 
7.67998E+01 5.59997E-01  -3.40784E-06 6.20047E-01 
7.68998E+01 5.54997E-01  -3.52324E-06 6.15035E-01 
7.69998E+01 5.49997E-01  -3.64621E-06 6.10028E-01 
7.70998E+01 5.44997E-01  -3.76600E-06 6.05022E-01 
7.71998E+01 5.39997E-01  -3.88674E-06 6.00037E-01 
7.72998E+01 5.34997E-01  -4.01584E-06 5.95033E-01 
7.73998E+01 5.29997E-01  -4.14282E-06 5.90012E-01 
7.74998E+01 5.24997E-01  -4.27212E-06 5.84993E-01 
7.75998E+01 5.19997E-01  -4.40754E-06 5.80017E-01 
7.76998E+01 5.14997E-01  -4.54327E-06 5.75043E-01 
7.77998E+01 5.09997E-01  -4.68458E-06 5.70043E-01 
7.78998E+01 5.04997E-01  -4.82762E-06 5.65011E-01 
7.79998E+01 4.99997E-01  -4.96965E-06 5.59989E-01 
7.80998E+01 4.94997E-01  -5.12271E-06 5.55032E-01 
7.81998E+01 4.89997E-01  -5.28397E-06 5.50004E-01 
7.82998E+01 4.84997E-01  -5.44702E-06 5.44990E-01 
7.83998E+01 4.79997E-01  -5.61652E-06 5.39982E-01 
7.84998E+01 4.74997E-01  -5.79694E-06 5.35000E-01 
7.85998E+01 4.69997E-01  -5.98000E-06 5.29979E-01 
7.86998E+01 4.64997E-01  -6.17051E-06 5.24980E-01 
7.87998E+01 4.59997E-01  -6.37778E-06 5.19997E-01 
7.88998E+01 4.54997E-01  -6.59017E-06 5.15004E-01 
7.89998E+01 4.49997E-01  -6.81030E-06 5.09991E-01 
7.90998E+01 4.44997E-01  -7.03801E-06 5.05002E-01 
7.91998E+01 4.39997E-01  -7.27879E-06 4.99991E-01 
7.92998E+01 4.34997E-01  -7.52978E-06 4.94993E-01 
7.93998E+01 4.29997E-01  -7.79620E-06 4.89992E-01 
7.94998E+01 4.24997E-01  -8.06723E-06 4.84970E-01 
7.95998E+01 4.19997E-01  -8.35074E-06 4.79968E-01 
7.96998E+01 4.14997E-01  -8.64715E-06 4.74977E-01 
7.97998E+01 4.09997E-01  -8.95738E-06 4.69958E-01 
7.98998E+01 4.04997E-01  -9.27951E-06 4.64973E-01 
7.99998E+01 3.99997E-01  -9.61532E-06 4.59977E-01 
8.00998E+01 3.94997E-01  -9.95402E-06 4.54973E-01 
8.01998E+01 3.89997E-01  -1.03175E-05 4.49942E-01 
8.02998E+01 3.84997E-01  -1.06903E-05 4.44938E-01 
8.03998E+01 3.79997E-01  -1.10787E-05 4.39932E-01 
8.04998E+01 3.74997E-01  -1.14713E-05 4.34927E-01 
8.05998E+01 3.69997E-01  -1.18870E-05 4.29929E-01 
8.06998E+01 3.64997E-01  -1.23189E-05 4.24941E-01 
8.07998E+01 3.59997E-01  -1.27683E-05 4.19946E-01 
8.08998E+01 3.54997E-01  -1.32224E-05 4.14913E-01 
8.09998E+01 3.49997E-01  -1.36927E-05 4.09922E-01 
8.10998E+01 3.44997E-01  -1.41775E-05 4.04923E-01 
8.11998E+01 3.39997E-01  -1.46827E-05 3.99919E-01 
8.12998E+01 3.34997E-01  -1.51955E-05 3.94943E-01 
8.13998E+01 3.29997E-01  -1.57258E-05 3.89913E-01 
8.14998E+01 3.24997E-01  -1.62653E-05 3.84920E-01 
8.15998E+01 3.19997E-01  -1.68246E-05 3.79913E-01 
8.16998E+01 3.14997E-01  -1.73972E-05 3.74927E-01 
8.17998E+01 3.09997E-01  -1.79905E-05 3.69901E-01 
8.18998E+01 3.04997E-01  -1.85835E-05 3.64875E-01 
8.19998E+01 2.99997E-01  -1.92054E-05 3.59909E-01 
8.20998E+01 2.94997E-01  -1.98343E-05 3.54904E-01 
8.21998E+01 2.89997E-01  -2.04703E-05 3.49891E-01 
8.22998E+01 2.84997E-01  -2.10824E-05 3.44902E-01 
8.23998E+01 2.79997E-01  -2.17426E-05 3.39901E-01 
8.24998E+01 2.74997E-01  -2.24147E-05 3.34910E-01 
8.25998E+01 2.69997E-01  -2.30921E-05 3.29903E-01 
8.26998E+01 2.64997E-01  -2.37727E-05 3.24894E-01 
8.27998E+01 2.59997E-01  -2.44695E-05 3.19869E-01 
8.28998E+01 2.54997E-01  -2.51652E-05 3.14846E-01 
8.29998E+01 2.49997E-01  -2.58623E-05 3.09860E-01 
8.30998E+01 2.44997E-01  -2.65650E-05 3.04850E-01 
8.31998E+01 2.39997E-01  -2.72621E-05 2.99847E-01 
8.32998E+01 2.34997E-01  -2.79588E-05 2.94838E-01 
8.33998E+01 2.29997E-01  -2.86676E-05 2.89852E-01 
8.34998E+01 2.24997E-01  -2.93587E-05 2.84846E-01 
8.35998E+01 2.19997E-01  -3.00462E-05 2.79863E-01 
8.36998E+01 2.14997E-01  -3.07346E-05 2.74851E-01 
8.37998E+01 2.09997E-01  -3.14130E-05 2.69846E-01 
8.38998E+01 2.04997E-01  -3.20939E-05 2.64850E-01 
8.39998E+01 1.99997E-01  -3.27582E-05 2.59880E-01 
8.40998E+01 1.94998E-01  -3.34114E-05 2.54841E-01 
8.41998E+01 1.89998E-01  -3.40550E-05 2.49819E-01 
8.42998E+01 1.84998E-01  -3.46920E-05 2.44844E-01 
8.43998E+01 1.79998E-01  -3.53118E-05 2.39859E-01 
8.44998E+01 1.74998E-01  -3.59251E-05 2.34830E-01 
8.45998E+01 1.69998E-01  -3.65185E-05 2.29817E-01 
8.46998E+01 1.64998E-01  -3.71046E-05 2.24837E-01 
8.47998E+01 1.59998E-01  -3.76674E-05 2.19822E-01 
8.48998E+01 1.54998E-01  -3.82263E-05 2.14818E-01 
8.49998E+01 1.49998E-01  -3.87692E-05 2.09799E-01 
8.50998E+01 1.44998E-01  -3.93009E-05 2.04812E-01 
8.51998E+01 1.39998E-01  -3.98204E-05 1.99836E-01 
8.52998E+01 1.34998E-01  -4.03429E-05 1.94829E-01 
8.53998E+01 1.29998E-01  -4.08588E-05 1.89818E-01 
8.54998E+01 1.24998E-01  -4.13706E-05 1.84803E-01 
8.55998E+01 1.19998E-01  -4.18812E-05 1.79816E-01 
8.56998E+01 1.14998E-01  -4.23914E-05 1.74804E-01 
8.57998E+01 1.09998E-01  -4.28965E-05 1.69787E-01 
8.58998E+01 1.04998E-01  -4.34055E-05 1.64813E-01 
8.59998E+01 9.99977E-02  -4.39166E-05 1.59823E-01 
8.60998E+01 9.49978E-02  -4.44278E-05 1.54803E-01 
8.61998E+01 8.99978E-02  -4.49346E-05 1.49788E-01 
8.62998E+01 8.49978E-02  -4.54471E-05 1.44809E-01 
8.63998E+01 7.99978E-02  -4.59487E-05 1.39770E-01 
8.64998E+01 7.49978E-02  -4.64466E-05 1.34782E-01 
8.65998E+01 6.99978E-02  -4.69437E-05 1.29779E-01 
8.66998E+01 6.49978E-02  -4.74227E-05 1.24782E-01 
8.67998E+01 5.99978E-02  -4.78947E-05 1.19769E-01 
8.68998E+01 5.49979E-02  -4.83467E-05 1.14778E-01 
8.69998E+01 4.99979E-02  -4.87906E-05 1.09747E-01 
8.70998E+01 4.49979E-02  -4.92097E-05 1.04790E-01 
8.71998E+01 3.99979E-02  -4.96161E-05 9.97587E-02 
8.72998E+01 3.49979E-02  -4.99976E-05 9.47603E-02 
8.73998E+01 2.99979E-02  -5.03640E-05 8.97456E-02 
8.74998E+01 2.49979E-02  -5.07128E-05 8.47584E-02 
8.75998E+01 1.99979E-02  -5.10452E-05 7.97675E-02 
8.76998E+01 1.49980E-02  -5.13640E-05 7.47722E-02 
8.77998E+01 9.99797E-03  -5.16583E-05 6.97432E-02 
8.78998E+01 4.99799E-03  -5.19469E-05 6.47472E-02 
8.79998E+01 -2.00000E-06 -5.22272E-05 5.97788E-02 
8.80998E+01 -5.00199E-03 -5.24966E-05 5.47479E-02 
8.81998E+01 -1.00020E-02 -5.27558E-05 4.97195E-02 
8.82998E+01 -1.50020E-02 -5.30128E-05 4.47354E-02 
8.83998E+01 -2.00020E-02 -5.32643E-05 3.97208E-02 
8.84998E+01 -2.50019E-02 -5.35154E-05 3.47211E-02 
8.85998E+01 -3.00019E-02 -5.37664E-05 2.97102E-02 
8.86998E+01 -3.50019E-02 -5.40144E-05 2.47230E-02 
8.87998E+01 -4.00019E-02 -5.42720E-05 1.97496E-02 
8.88998E+01 -4.50019E-02 -5.45307E-05 1.47193E-02 
8.89998E+01 -5.00019E-02 -5.47943E-05 9.71401E-03 
8.90998E+01 -5.50019E-02 -5.50667E-05 4.70558E-03 
8.91998E+01 -6.00019E-02 -5.53431E-05 -2.74102E-04
8.92998E+01 -6.50018E-02 -5.56251E-05 -5.28312E-03
8.93998E+01 -7.00018E-02 -5.59242E-05 -1.02909E-02
8.94998E+01 -7.50018E-02 -5.62320E-05 -1.53025E-02
8.95998E+01 -8.00018E-02 -5.65463E-05 -2.03227E-02
8.96998E+01 -8.50018E-02 -5.68743E-05 -2.52930E-02
8.97998E+01 -9.00018E-02 -5.72138E-05 -3.02971E-02
8.98998E+01 -9.50018E-02 -5.75669E-05 -3.53248E-02
8.99998E+01 -1.00002E-01 -5.79336E-05 -4.03239E-02
9.00998E+01 -1.05002E-01 -5.83097E-05 -4.53005E-02
9.01998E+01 -1.10002E-01 -5.87125E-05 -5.03070E-02
9.02998E+01 -1.15002E-01 -5.91215E-05 -5.53173E-02
9.03998E+01 -1.20002E-01 -5.95559E-05 -6.03176E-02
9.04998E+01 -1.25002E-01 -6.00022E-05 -6.53004E-02
9.05998E+01 -1.30002E-01 -6.04559E-05 -7.03225E-02
9.06998E+01 -1.35002E-01 -6.09482E-05 -7.53297E-02
9.07998E+01 -1.40002E-01 -6.14543E-05 -8.03506E-02
9.08998E+01 -1.45002E-01 -6.19862E-05 -8.53347E-02
9.09998E+01 -1.50002E-01 -6.25497E-05 -9.03256E-02
9.10998E+01 -1.55002E-01 -6.31580E-05 -9.53190E-02
9.11998E+01 -1.60002E-01 -6.38179E-05 -1.00314E-01
9.12998E+01 -1.65002E-01 -6.45756E-05 -1.05340E-01
9.13998E+01 -1.70002E-01 -6.54547E-05 -1.10328E-01
9.14998E+01 -1.75002E-01 -6.65023E-05 -1.15326E-01
9.15998E+01 -1.80002E-01 -6.77360E-05 -1.20339E-01
9.16998E+01 -1.85002E-01 -6.91409E-05 -1.25337E-01
9.17998E+01 -1.90002E-01 -7.07143E-05 -1.30357E-01
9.18998E+01 -1.95002E-01 -7.23921E-05 -1.35326E-01
9.19998E+01 -2.00002E-01 -7.41346E-05 -1.40356E-01
9.20998E+01 -2.05001E-01 -7.59724E-05 -1.45363E-01
9.21998E+01 -2.10001E-01 -7.79011E-05 -1.50347E-01
9.22998E+01 -2.15001E-01 -7.99378E-05 -1.55353E-01
9.23998E+01 -2.20001E-01 -8.20785E-05 -1.60363E-01
9.24998E+01 -2.25001E-01 -8.43156E-05 -1.65395E-01
9.25998E+01 -2.30001E-01 -8.66583E-05 -1.70392E-01
9.26998E+01 -2.35001E-01 -8.91052E-05 -1.75394E-01
9.27998E+01 -2.40001E-01 -9.16451E-05 -1.80405E-01
9.28998E+01 -2.45001E-01 -9.42753E-05 -1.85412E-01
9.29998E+01 -2.50001E-01 -9.69729E-05 -1.90390E-01
9.30998E+01 -2.55001E-01 -9.97470E-05 -1.95396E-01
9.31998E+01 -2.60001E-01 -1.02572E-04 -2.00419E-01
9.32998E+01 -2.65001E-01 -1.05448E-04 -2.05397E-01
9.33998E+01 -2.70001E-01 -1.08350E-04 -2.10366E-01
9.34998E+01 -2.75001E-01 -1.11287E-04 -2.15386E-01
9.35998E+01 -2.80001E-01 -1.14249E-04 -2.20412E-01
9.36998E+01 -2.85001E-01 -1.17212E-04 -2.25405E-01
9.37998E+01 -2.90001E-01 -1.20191E-04 -2.30409E-01
9.38998E+01 -2.95001E-01 -1.23164E-04 -2.35409E-01
9.39998E+01 -3.00001E-01 -1.26142E-04 -2.40443E-01
9.40998E+01 -3.05001E-01 -1.29097E-04 -2.45444E-01
9.41998E+01 -3.10001E-01 -1.32048E-04 -2.50421E-01
9.42998E+01 -3.15001E-01 -1.34979E-04 -2.55439E-01
9.43998E+01 -3.20001E-01 -1.37868E-04 -2.60421E-01
9.44998E+01 -3.25001E-01 -1.40725E-04 -2.65426E-01
9.45998E+01 -3.30001E-01 -1.43562E-04 -2.70424E-01
9.46998E+01 -3.35001E-01 -1.46337E-04 -2.75434E-01
9.47998E+01 -3.40001E-01 -1.49100E-04 -2.80434E-01
9.48998E+01 -3.45001E-01 -1.51812E-04 -2.85439E-01
9.49998E+01 -3.50001E-01 -1.54488E-04 -2.90442E-01
9.50998E+01 -3.55001E-01 -1.57114E-04 -2.95446E-01
9.51998E+01 -3.60001E-01 -1.59709E-04 -3.00450E-01
9.52998E+01 -3.65001E-01 -1.62256E-04 -3.05458E-01
9.53998E+01 -3.70001E-01 -1.64763E-04 -3.10465E-01
9.54998E+01 -3.75001E-01 -1.67226E-04 -3.15454E-01
9.55998E+01 -3.80001E-01 -1.69648E-04 -3.20450E-01
9.56998E+01 -3.85001E-01 -1.72055E-04 -3.25472E-01
9.57998E+01 -3.90001E-01 -1.74391E-04 -3.30497E-01
9.58998E+01 -3.95001E-01 -1.76698E-04 -3.35490E-01
9.59998E+01 -4.00001E-01 -1.78943E-04 -3.40495E-01
9.60998E+01 -4.05001E-01 -1.81121E-04 -3.45485E-01
9.61998E+01 -4.10001E-01 -1.83261E-04 -3.50482E-01
9.62998E+01 -4.15001E-01 -1.85360E-04 -3.55499E-01
9.63998E+01 -4.20001E-01 -1.87374E-04 -3.60496E-01
9.64998E+01 -4.25001E-01 -1.89351E-04 -3.65480E-01
9.65998E+01 -4.30001E-01 -1.91297E-04 -3.70486E-01
9.66998E+01 -4.35001E-01 -1.93205E-04 -3.75482E-01
9.67998E+01 -4.40001E-01 -1.95071E-04 -3.80491E-01
9.68998E+01 -4.45001E-01 -1.96882E-04 -3.85497E-01
9.69998E+01 -4.50001E-01 -1.98660E-04 -3.90509E-01
9.70998E+01 -4.55001E-01 -2.00384E-04 -3.95520E-01
9.71998E+01 -4.60001E-01 -2.02053E-04 -4.00506E-01
9.72998E+01 -4.65001E-01 -2.03691E-04 -4.05472E-01
9.73998E+01 -4.70001E-01 -2.05259E-04 -4.10481E-01
9.74998E+01 -4.75001E-01 -2.06803E-04 -4.15512E-01
9.75998E+01 -4.80001E-01 -2.08327E-04 -4.20482E-01
9.76998E+01 -4.85001E-01 -2.09797E-04 -4.25495E-01
9.77998E+01 -4.90001E-01 -2.10772E-04 -4.30506E-01
9.78998E+01 -4.95001E-01 -2.12168E-04 -4.35498E-01
9.79998E+01 -5.00001E-01 -2.13551E-04 -4.40476E-01
9.80998E+01 -5.05001E-01 -2.14919E-04 -4.45495E-01
9.81998E+01 -5.10001E-01 -2.16236E-04 -4.50485E-01
9.82998E+01 -5.15001E-01 -2.17502E-04 -4.55535E-01
9.83998E+01 -5.20001E-01 -2.18751E-04 -4.60503E-01
9.84998E+01 -5.25001E-01 -2.19989E-04 -4.65526E-01
9.85998E+01 -5.30001E-01 -2.21342E-04 -4.70507E-01
9.86998E+01 -5.35001E-01 -2.22387E-04 -4.75535E-01
9.87998E+01 -5.40001E-01 -2.23511E-04 -4.80541E-01
9.88998E+01 -5.45001E-01 -2.24541E-04 -4.85544E-01
9.89998E+01 -5.50001E-01 -2.25593E-04 -4.90541E-01
9.90998E+01 -5.55001E-01 -2.26599E-04 -4.95544E-01
9.91998E+01 -5.60001E-01 -2.27573E-04 -5.00565E-01
9.92998E+01 -5.65001E-01 -2.28636E-04 -5.05561E-01
9.93998E+01 -5.70001E-01 -2.29514E-04 -5.10583E-01
9.94998E+01 -5.75001E-01 -2.30377E-04 -5.15574E-01
9.95998E+01 -5.80001E-01 -2.31262E-04 -5.20593E-01
9.96998E+01 -5.85001E-01 -2.32025E-04 -5.25590E-01
9.97998E+01 -5.90001E-01 -2.32712E-04 -5.30583E-01
9.98998E+01 -5.95001E-01 -2.33306E-04 -5.35582E-01
9.99997E+01 -6.00001E-01 -2.33649E-04 -5.40560E-01
1.00100E+02 -6.05000E-01 -2.33664E-04 -5.45580E-01
1.00200E+02 -6.10000E-01 -2.33111E-04 -5.50595E-01
1.00300E+02 -6.15000E-01 -2.31719E-04 -5.55602E-01
1.00400E+02 -6.20000E-01 -2.28891E-04 -5.60589E-01
1.00500E+02 -6.25000E-01 -2.23591E-04 -5.65578E-01
1.00600E+02 -6.30000E-01 -2.14735E-04 -5.70609E-01
1.00700E+02 -6.35000E-01 -1.99271E-04 -5.75595E-01
1.00800E+02 -6.40000E-01 -1.72405E-04 -5.80599E-01
1.00900E+02 -6.45000E-01 -1.44590E-04 -5.85582E-01
1.01000E+02 -6.50000E-01 -1.27246E-04 -5.90581E-01
1.01100E+02 -6.55000E-01 -1.16169E-04 -5.95610E-01
1.01200E+02 -6.60000E-01 -1.08346E-04 -6.00607E-01
1.01300E+02 -6.65000E-01 -1.02318E-04 -6.05595E-01
1.01400E+02 -6.70000E-01 -9.74613E-05 -6.10604E-01
1.01500E+02 -6.75000E-01 -9.33326E-05 -6.15627E-01
1.01600E+02 -6.80000E-01 -8.99952E-05 -6.20608E-01
1.01700E+02 -6.85000E-01 -8.69039E-05 -6.25625E-01
1.01800E+02 -6.90000E-01 -8.41465E-05 -6.30631E-01
1.01900E+02 -6.95000E-01 -8.17645E-05 -6.35634E-01
1.02000E+02 -7.00000E-01 -7.94373E-05 -6.40616E-01
1.02100E+02 -7.05000E-01 -7.72145E-05 -6.45606E-01
1.02200E+02 -7.10000E-01 -7.51142E-05 -6.50628E-01
1.02300E+02 -7.15000E-01 -7.31558E-05 -6.55647E-01
1.02400E+02 -7.20000E-01 -7.14452E-05 -6.60646E-01
1.02500E+02 -7.25000E-01 -6.99041E-05 -6.65651E-01
1.02600E+02 -7.30000E-01 -6.84936E-05 -6.70661E-01
1.02700E+02 -7.35000E-01 -6.72161E-05 -6.75668E-01
1.02800E+02 -7.40000E-01 -6.61062E-05 -6.80643E-01
1.02900E+02 -7.45000E-01 -6.50535E-05 -6.85665E-01
1.03000E+02 -7.50000E-01 -6.41513E-05 -6.90659E-01
1.03100E+02 -7.55000E-01 -6.33522E-05 -6.95685E-01
1.03200E+02 -7.60000E-01 -6.25509E-05 -7.00653E-01
1.03300E+02 -7.65000E-01 -6.18668E-05 -7.05675E-01
1.03400E+02 -7.70000E-01 -6.12164E-05 -7.10679E-01
1.03500E+02 -7.75000E-01 -6.06425E-05 -7.15698E-01
1.03600E+02 -7.80000E-01 -6.01173E-05 -7.20673E-01
1.03700E+02 -7.85000E-01 -5.96403E-05 -7.25677E-01
1.03800E+02 -7.90000E-01 -5.92170E-05 -7.30679E-01
1.03900E+02 -7.95000E-01 -5.88132E-05 -7.35683E-01
