time/s      E/V        I/A
0.00000E+00 -8.00000E-01 -5.69998E-05 -7.31396E-01
9.99997E-02 -7.95000E-01 -5.48222E-05 -7.26379E-01
1.99999E-01 -7.90000E-01 -5.30399E-05 -7.21394E-01
2.99999E-01 -7.85000E-01 -5.14523E-05 -7.16389E-01
3.99999E-01 -7.80000E-01 -4.99886E-05 -7.11373E-01
4.99999E-01 -7.75000E-01 -4.86381E-05 -7.06377E-01
5.99998E-01 -7.70000E-01 -4.73608E-05 -7.01387E-01
6.99998E-01 -7.65000E-01 -4.61470E-05 -6.96379E-01
7.99998E-01 -7.60000E-01 -4.50134E-05 -6.91376E-01
8.99998E-01 -7.55000E-01 -4.39093E-05 -6.86369E-01
9.99997E-01 -7.50000E-01 -4.28578E-05 -6.81370E-01
1.10000E+00 -7.45000E-01 -4.18501E-05 -6.76379E-01
1.20000E+00 -7.40000E-01 -4.08667E-05 -6.71348E-01
1.30000E+00 -7.35000E-01 -3.99334E-05 -6.66363E-01
1.40000E+00 -7.30000E-01 -3.90285E-05 -6.61346E-01
1.50000E+00 -7.25000E-01 -3.85764E-05 -6.56379E-01
1.60000E+00 -7.20000E-01 -3.77280E-05 -6.51361E-01
1.70000E+00 -7.15000E-01 -3.69145E-05 -6.46368E-01
1.80000E+00 -7.10000E-01 -3.61299E-05 -6.41342E-01
1.90000E+00 -7.05000E-01 -3.53681E-05 -6.36365E-01
1.99999E+00 -7.00000E-01 -3.46225E-05 -6.31359E-01
2.09999E+00 -6.95000E-01 -3.38944E-05 -6.26360E-01
2.19999E+00 -6.90000E-01 -3.31869E-05 -6.21349E-01
2.29999E+00 -6.85000E-01 -3.25010E-05 -6.16366E-01
2.39999E+00 -6.80000E-01 -3.18304E-05 -6.11347E-01
2.49999E+00 -6.75000E-01 -3.11724E-05 -6.06336E-01
2.59999E+00 -6.70000E-01 -3.05312E-05 -6.01330E-01
2.69999E+00 -6.65000E-01 -2.99105E-05 -5.96353E-01
2.79999E+00 -6.60000E-01 -2.93151E-05 -5.91364E-01
2.89999E+00 -6.55000E-01 -2.87445E-05 -5.86320E-01
2.99999E+00 -6.50000E-01 -2.81755E-05 -5.81336E-01
3.09999E+00 -6.45000E-01 -2.76191E-05 -5.76292E-01
3.19999E+00 -6.40000E-01 -2.70427E-05 -5.71328E-01
3.29999E+00 -6.35000E-01 -2.64817E-05 -5.66302E-01
3.39999E+00 -6.30000E-01 -2.59480E-05 -5.61316E-01
3.49999E+00 -6.25000E-01 -2.54164E-05 -5.56321E-01
3.59999E+00 -6.20000E-01 -2.48913E-05 -5.51316E-01
3.69999E+00 -6.15000E-01 -2.43761E-05 -5.46300E-01
3.79999E+00 -6.10000E-01 -2.38728E-05 -5.41292E-01
3.89999E+00 -6.05000E-01 -2.33901E-05 -5.36319E-01
3.99999E+00 -6.00001E-01 -2.29073E-05 -5.31328E-01
4.09999E+00 -5.95001E-01 -2.24352E-05 -5.26299E-01
4.19999E+00 -5.90001E-01 -2.19799E-05 -5.21300E-01
4.29999E+00 -5.85001E-01 -2.15270E-05 -5.16291E-01
4.39999E+00 -5.80001E-01 -2.10874E-05 -5.11303E-01
4.49999E+00 -5.75001E-01 -2.06460E-05 -5.06286E-01
4.59999E+00 -5.70001E-01 -2.02244E-05 -5.01260E-01
4.69999E+00 -5.65001E-01 -1.98046E-05 -4.96271E-01
4.79999E+00 -5.60001E-01 -1.93981E-05 -4.91279E-01
4.89999E+00 -5.55001E-01 -1.89918E-05 -4.86263E-01
4.99999E+00 -5.50001E-01 -1.86004E-05 -4.81254E-01
5.09999E+00 -5.45001E-01 -1.82158E-05 -4.76240E-01
5.19999E+00 -5.40001E-01 -1.78382E-05 -4.71225E-01
5.29999E+00 -5.35001E-01 -1.74652E-05 -4.66210E-01
5.39999E+00 -5.30001E-01 -1.70998E-05 -4.61229E-01
5.49999E+00 -5.25001E-01 -1.67432E-05 -4.56230E-01
5.59999E+00 -5.20001E-01 -1.63934E-05 -4.51209E-01
5.69999E+00 -5.15001E-01 -1.60446E-05 -4.46229E-01
5.79999E+00 -5.10001E-01 -1.57030E-05 -4.41215E-01
5.89999E+00 -5.05001E-01 -1.53649E-05 -4.36238E-01
5.99998E+00 -5.00001E-01 -1.50374E-05 -4.31244E-01
6.09998E+00 -4.95001E-01 -1.47089E-05 -4.26190E-01
6.19998E+00 -4.90001E-01 -1.43866E-05 -4.21209E-01
6.29998E+00 -4.85001E-01 -1.40685E-05 -4.16219E-01
6.39998E+00 -4.80001E-01 -1.37529E-05 -4.11204E-01
6.49998E+00 -4.75001E-01 -1.34439E-05 -4.06191E-01
6.59998E+00 -4.70001E-01 -1.31394E-05 -4.01220E-01
6.69998E+00 -4.65001E-01 -1.28333E-05 -3.96216E-01
6.79998E+00 -4.60001E-01 -1.25323E-05 -3.91185E-01
6.89998E+00 -4.55001E-01 -1.22340E-05 -3.86204E-01
6.99998E+00 -4.50001E-01 -1.19380E-05 -3.81181E-01
7.09998E+00 -4.45001E-01 -1.16462E-05 -3.76208E-01
7.19998E+00 -4.40001E-01 -1.13557E-05 -3.71197E-01
7.29998E+00 -4.35001E-01 -1.10670E-05 -3.66197E-01
7.39998E+00 -4.30001E-01 -1.07783E-05 -3.61193E-01
7.49998E+00 -4.25001E-01 -1.04999E-05 -3.56235E-01
7.59998E+00 -4.20001E-01 -1.02185E-05 -3.51198E-01
7.69998E+00 -4.15001E-01 -9.94302E-06 -3.46203E-01
7.79998E+00 -4.10001E-01 -9.66371E-06 -3.41211E-01
7.89998E+00 -4.05001E-01 -9.39185E-06 -3.36186E-01
7.99998E+00 -4.00001E-01 -9.12022E-06 -3.31189E-01
8.09998E+00 -3.95001E-01 -8.85251E-06 -3.26196E-01
8.19998E+00 -3.90001E-01 -8.58600E-06 -3.21199E-01
8.29998E+00 -3.85001E-01 -8.32534E-06 -3.16164E-01
8.39998E+00 -3.80001E-01 -8.06000E-06 -3.11162E-01
8.49998E+00 -3.75001E-01 -7.79929E-06 -3.06179E-01
8.59998E+00 -3.70001E-01 -7.53626E-06 -3.01159E-01
8.69998E+00 -3.65001E-01 -7.28114E-06 -2.96151E-01
8.79998E+00 -3.60001E-01 -7.02475E-06 -2.91140E-01
8.89998E+00 -3.55001E-01 -6.76734E-06 -2.86142E-01
8.99998E+00 -3.50001E-01 -6.50641E-06 -2.81146E-01
9.09998E+00 -3.45001E-01 -6.25082E-06 -2.76144E-01
9.19998E+00 -3.40001E-01 -6.00005E-06 -2.71129E-01
9.29998E+00 -3.35001E-01 -5.74417E-06 -2.66122E-01
9.39998E+00 -3.30001E-01 -5.47740E-06 -2.61138E-01
9.49998E+00 -3.25001E-01 -5.22419E-06 -2.56140E-01
9.59998E+00 -3.20001E-01 -4.95796E-06 -2.51121E-01
9.69998E+00 -3.15001E-01 -4.69230E-06 -2.46140E-01
9.79998E+00 -3.10001E-01 -4.42811E-06 -2.41136E-01
9.89998E+00 -3.05001E-01 -4.16530E-06 -2.36119E-01
9.99997E+00 -3.00001E-01 -3.90211E-06 -2.31116E-01
1.01000E+01 -2.95001E-01 -3.64128E-06 -2.26127E-01
1.02000E+01 -2.90001E-01 -3.37082E-06 -2.21133E-01
1.03000E+01 -2.85001E-01 -3.14329E-06 -2.16128E-01
1.04000E+01 -2.80001E-01 -2.86889E-06 -2.11113E-01
1.05000E+01 -2.75001E-01 -2.59909E-06 -2.06126E-01
1.06000E+01 -2.70001E-01 -2.32189E-06 -2.01116E-01
1.07000E+01 -2.65001E-01 -2.03894E-06 -1.96128E-01
1.08000E+01 -2.60001E-01 -1.75906E-06 -1.91116E-01
1.09000E+01 -2.55001E-01 -1.47404E-06 -1.86126E-01
1.10000E+01 -2.50001E-01 -1.18918E-06 -1.81099E-01
1.11000E+01 -2.45001E-01 -9.01341E-07 -1.76118E-01
1.12000E+01 -2.40001E-01 -6.12161E-07 -1.71095E-01
1.13000E+01 -2.35001E-01 -3.18990E-07 -1.66091E-01
1.14000E+01 -2.30001E-01 -1.77585E-08 -1.61108E-01
1.15000E+01 -2.25001E-01 2.83965E-07  -1.56073E-01
1.16000E+01 -2.20001E-01 5.73722E-07  -1.51092E-01
1.17000E+01 -2.15001E-01 8.71735E-07  -1.46064E-01
1.18000E+01 -2.10001E-01 1.17403E-06  -1.41086E-01
1.19000E+01 -2.05001E-01 1.48289E-06  -1.36072E-01
1.20000E+01 -2.00002E-01 1.79040E-06  -1.31060E-01
1.21000E+01 -1.95002E-01 2.09771E-06  -1.26078E-01
1.22000E+01 -1.90002E-01 2.40538E-06  -1.21080E-01
1.23000E+01 -1.85002E-01 2.71867E-06  -1.16068E-01
1.24000E+01 -1.80002E-01 3.02661E-06  -1.11044E-01
1.25000E+01 -1.75002E-01 3.35202E-06  -1.06034E-01
1.26000E+01 -1.70002E-01 3.67295E-06  -1.01050E-01
1.27000E+01 -1.65002E-01 4.00053E-06  -9.60560E-02
1.28000E+01 -1.60002E-01 4.33006E-06  -9.10557E-02
1.29000E+01 -1.55002E-01 4.66622E-06  -8.60442E-02
1.30000E+01 -1.50002E-01 5.00537E-06  -8.10433E-02
1.31000E+01 -1.45002E-01 5.36328E-06  -7.60461E-02
1.32000E+01 -1.40002E-01 5.73099E-06  -7.10514E-02
1.33000E+01 -1.35002E-01 6.09960E-06  -6.60399E-02
1.34000E+01 -1.30002E-01 6.48198E-06  -6.10721E-02
1.35000E+01 -1.25002E-01 6.88027E-06  -5.60350E-02
1.36000E+01 -1.20002E-01 7.29035E-06  -5.10222E-02
1.37000E+01 -1.15002E-01 7.72519E-06  -4.60281E-02
1.38000E+01 -1.10002E-01 8.17875E-06  -4.10459E-02
1.39000E+01 -1.05002E-01 8.65251E-06  -3.60232E-02
1.40000E+01 -1.00002E-01 9.15157E-06  -3.10491E-02
1.41000E+01 -9.50018E-02 9.68303E-06  -2.60075E-02
1.42000E+01 -9.00018E-02 1.02407E-05  -2.10335E-02
1.43000E+01 -8.50018E-02 1.08336E-05  -1.60145E-02
1.44000E+01 -8.00018E-02 1.14644E-05  -1.10123E-02
1.45000E+01 -7.50018E-02 1.21276E-05  -5.99579E-03
1.46000E+01 -7.00018E-02 1.28368E-05  -9.81730E-04
1.47000E+01 -6.50018E-02 1.35847E-05  3.99982E-03 
1.48000E+01 -6.00019E-02 1.43872E-05  8.99329E-03 
1.49000E+01 -5.50019E-02 1.52290E-05  1.40304E-02 
1.50000E+01 -5.00019E-02 1.61306E-05  1.90270E-02 
1.51000E+01 -4.50019E-02 1.70878E-05  2.40167E-02 
1.52000E+01 -4.00019E-02 1.81061E-05  2.90051E-02 
1.53000E+01 -3.50019E-02 1.91846E-05  3.40409E-02 
1.54000E+01 -3.00019E-02 2.03794E-05  3.90300E-02 
1.55000E+01 -2.50019E-02 2.15854E-05  4.40428E-02 
1.56000E+01 -2.00020E-02 2.28760E-05  4.90331E-02 
1.57000E+01 -1.50020E-02 2.42243E-05  5.40521E-02 
1.58000E+01 -1.00020E-02 2.56625E-05  5.90549E-02 
1.59000E+01 -5.00199E-03 2.71639E-05  6.40465E-02 
1.60000E+01 -2.00000E-06 2.87487E-05  6.90361E-02 
1.61000E+01 4.99799E-03  3.03937E-05  7.40477E-02 
1.62000E+01 9.99797E-03  3.21189E-05  7.90392E-02 
1.63000E+01 1.49980E-02  3.39075E-05  8.40383E-02 
1.64000E+01 1.99979E-02  3.57666E-05  8.90479E-02 
1.65000E+01 2.49979E-02  3.76867E-05  9.40632E-02 
1.66000E+01 2.99979E-02  3.96765E-05  9.90748E-02 
1.67000E+01 3.49979E-02  4.17048E-05  1.04076E-01 
1.68000E+01 3.99979E-02  4.37878E-05  1.09040E-01 
1.69000E+01 4.49979E-02  4.59041E-05  1.14058E-01 
1.70000E+01 4.99979E-02  4.80612E-05  1.19090E-01 
1.71000E+01 5.49979E-02  5.02420E-05  1.24072E-01 
1.72000E+01 5.99978E-02  5.24588E-05  1.29053E-01 
1.73000E+01 6.49978E-02  5.46815E-05  1.34067E-01 
1.74000E+01 6.99978E-02  5.69198E-05  1.39081E-01 
1.75000E+01 7.49978E-02  5.91503E-05  1.44095E-01 
1.76000E+01 7.99978E-02  6.13715E-05  1.49095E-01 
1.77000E+01 8.49978E-02  6.35437E-05  1.54090E-01 
1.78000E+01 8.99978E-02  6.56704E-05  1.59099E-01 
1.79000E+01 9.49978E-02  6.77342E-05  1.64092E-01 
1.80000E+01 9.99977E-02  6.97395E-05  1.69091E-01 
1.81000E+01 1.04998E-01  7.17381E-05  1.74107E-01 
1.82000E+01 1.09998E-01  7.35689E-05  1.79104E-01 
1.83000E+01 1.14998E-01  7.52424E-05  1.84109E-01 
1.84000E+01 1.19998E-01  7.69017E-05  1.89101E-01 
1.85000E+01 1.24998E-01  7.83720E-05  1.94104E-01 
1.86000E+01 1.29998E-01  7.87523E-05  1.99107E-01 
1.87000E+01 1.34998E-01  7.93860E-05  2.04085E-01 
1.88000E+01 1.39998E-01  8.09155E-05  2.09084E-01 
1.89000E+01 1.44998E-01  8.23521E-05  2.14090E-01 
1.90000E+01 1.49998E-01  8.35980E-05  2.19112E-01 
1.91000E+01 1.54998E-01  8.50954E-05  2.24116E-01 
1.92000E+01 1.59998E-01  8.64700E-05  2.29102E-01 
1.93000E+01 1.64998E-01  8.75454E-05  2.34115E-01 
1.94000E+01 1.69998E-01  8.84384E-05  2.39127E-01 
1.95000E+01 1.74998E-01  8.93426E-05  2.44135E-01 
1.96000E+01 1.79998E-01  9.05049E-05  2.49122E-01 
1.97000E+01 1.84998E-01  9.15056E-05  2.54151E-01 
1.98000E+01 1.89998E-01  9.25146E-05  2.59142E-01 
1.99000E+01 1.94998E-01  9.35341E-05  2.64160E-01 
1.99999E+01 1.99997E-01  9.46161E-05  2.69144E-01 
2.00999E+01 2.04997E-01  9.58462E-05  2.74133E-01 
2.01999E+01 2.09997E-01  9.72392E-05  2.79130E-01 
2.02999E+01 2.14997E-01  9.88792E-05  2.84176E-01 
2.03999E+01 2.19997E-01  1.00785E-04  2.89154E-01 
2.04999E+01 2.24997E-01  1.02993E-04  2.94142E-01 
2.05999E+01 2.29997E-01  1.05372E-04  2.99139E-01 
2.06999E+01 2.34997E-01  1.07886E-04  3.04180E-01 
2.07999E+01 2.39997E-01  1.10415E-04  3.09165E-01 
2.08999E+01 2.44997E-01  1.12889E-04  3.14174E-01 
2.09999E+01 2.49997E-01  1.15234E-04  3.19183E-01 
2.10999E+01 2.54997E-01  1.17369E-04  3.24174E-01 
2.11999E+01 2.59997E-01  1.19179E-04  3.29217E-01 
2.12999E+01 2.64997E-01  1.20578E-04  3.34200E-01 
2.13999E+01 2.69997E-01  1.21333E-04  3.39190E-01 
2.14999E+01 2.74997E-01  1.21293E-04  3.44191E-01 
2.15999E+01 2.79997E-01  1.20174E-04  3.49211E-01 
2.16999E+01 2.84997E-01  1.17815E-04  3.54222E-01 
2.17999E+01 2.89997E-01  1.14134E-04  3.59215E-01 
2.18999E+01 2.94997E-01  1.09125E-04  3.64215E-01 
2.19999E+01 2.99997E-01  1.02778E-04  3.69222E-01 
2.20999E+01 3.04997E-01  9.51926E-05  3.74240E-01 
2.21999E+01 3.09997E-01  8.73471E-05  3.79214E-01 
2.22999E+01 3.14997E-01  8.10113E-05  3.84195E-01 
2.23999E+01 3.19997E-01  7.69234E-05  3.89247E-01 
2.24999E+01 3.24997E-01  7.44412E-05  3.94243E-01 
2.25999E+01 3.29997E-01  7.24794E-05  3.99240E-01 
2.26999E+01 3.34997E-01  7.11916E-05  4.04228E-01 
2.27999E+01 3.39997E-01  7.05183E-05  4.09223E-01 
2.28999E+01 3.44997E-01  6.98884E-05  4.14244E-01 
2.29999E+01 3.49997E-01  6.92083E-05  4.19207E-01 
2.30999E+01 3.54997E-01  6.84173E-05  4.24241E-01 
2.31999E+01 3.59997E-01  6.78224E-05  4.29238E-01 
2.32999E+01 3.64997E-01  6.74209E-05  4.34258E-01 
2.33999E+01 3.69997E-01  6.70829E-05  4.39250E-01 
2.34999E+01 3.74997E-01  6.67999E-05  4.44253E-01 
2.35999E+01 3.79997E-01  6.67207E-05  4.49253E-01 
2.36999E+01 3.84997E-01  6.66328E-05  4.54278E-01 
2.37999E+01 3.89997E-01  6.62360E-05  4.59273E-01 
2.38999E+01 3.94997E-01  6.60170E-05  4.64279E-01 
2.39999E+01 3.99997E-01  6.60042E-05  4.69289E-01 
2.40999E+01 4.04997E-01  6.61056E-05  4.74282E-01 
2.41999E+01 4.09997E-01  6.62614E-05  4.79280E-01 
2.42999E+01 4.14997E-01  6.56741E-05  4.84279E-01 
2.43999E+01 4.19997E-01  6.51573E-05  4.89294E-01 
2.44999E+01 4.24997E-01  6.50040E-05  4.94283E-01 
2.45999E+01 4.29997E-01  6.53150E-05  4.99303E-01 
2.46999E+01 4.34997E-01  6.56277E-05  5.04294E-01 
2.47999E+01 4.39997E-01  6.58611E-05  5.09295E-01 
2.48999E+01 4.44997E-01  6.61728E-05  5.14310E-01 
2.49999E+01 4.49997E-01  6.67906E-05  5.19301E-01 
2.50999E+01 4.54997E-01  6.60925E-05  5.24313E-01 
2.51999E+01 4.59997E-01  6.63868E-05  5.29329E-01 
2.52999E+01 4.64997E-01  6.69777E-05  5.34322E-01 
2.53999E+01 4.69997E-01  6.76865E-05  5.39332E-01 
2.54999E+01 4.74997E-01  6.74683E-05  5.44310E-01 
2.55999E+01 4.79997E-01  6.79247E-05  5.49319E-01 
2.56999E+01 4.84997E-01  6.73379E-05  5.54338E-01 
2.57999E+01 4.89997E-01  6.73766E-05  5.59329E-01 
2.58999E+01 4.94997E-01  6.77325E-05  5.64317E-01 
2.59999E+01 4.99997E-01  6.80991E-05  5.69339E-01 
2.60999E+01 5.04997E-01  6.81381E-05  5.74355E-01 
2.61999E+01 5.09997E-01  6.81485E-05  5.79330E-01 
2.62999E+01 5.14997E-01  6.82966E-05  5.84343E-01 
2.63999E+01 5.19997E-01  6.78197E-05  5.89348E-01 
2.64999E+01 5.24997E-01  6.77793E-05  5.94339E-01 
2.65999E+01 5.29997E-01  6.78482E-05  5.99327E-01 
2.66999E+01 5.34997E-01  6.78499E-05  6.04331E-01 
2.67999E+01 5.39997E-01  6.75349E-05  6.09372E-01 
2.68999E+01 5.44997E-01  6.72302E-05  6.14375E-01 
2.69999E+01 5.49997E-01  6.70141E-05  6.19368E-01 
2.70999E+01 5.54997E-01  6.64229E-05  6.24351E-01 
2.71999E+01 5.59997E-01  6.60389E-05  6.29378E-01 
2.72999E+01 5.64997E-01  6.57287E-05  6.34394E-01 
2.73999E+01 5.69997E-01  6.53235E-05  6.39416E-01 
2.74999E+01 5.74997E-01  6.47417E-05  6.44387E-01 
2.75999E+01 5.79997E-01  6.41901E-05  6.49378E-01 
2.76999E+01 5.84997E-01  6.37008E-05  6.54424E-01 
2.77999E+01 5.89997E-01  6.30486E-05  6.59401E-01 
2.78999E+01 5.94997E-01  6.24618E-05  6.64398E-01 
2.79999E+01 5.99996E-01  6.19895E-05  6.69369E-01 
2.80999E+01 6.04996E-01  6.15246E-05  6.74401E-01 
2.81999E+01 6.09996E-01  6.09834E-05  6.79415E-01 
2.82999E+01 6.14996E-01  6.04177E-05  6.84410E-01 
2.83999E+01 6.19996E-01  5.99770E-05  6.89379E-01 
2.84999E+01 6.24996E-01  5.94185E-05  6.94416E-01 
2.85999E+01 6.29996E-01  5.87919E-05  6.99402E-01 
2.86999E+01 6.34996E-01  5.84139E-05  7.04400E-01 
2.87999E+01 6.39996E-01  5.81052E-05  7.09418E-01 
2.88999E+01 6.44996E-01  5.77125E-05  7.14416E-01 
2.89999E+01 6.49996E-01  5.73282E-05  7.19404E-01 
2.90999E+01 6.54996E-01  5.69734E-05  7.24408E-01 
2.91999E+01 6.59996E-01  5.66934E-05  7.29379E-01 
2.92999E+01 6.64996E-01  5.63887E-05  7.34400E-01 
2.93999E+01 6.69996E-01  5.60712E-05  7.39422E-01 
2.94999E+01 6.74996E-01  5.58143E-05  7.44429E-01 
2.95999E+01 6.79996E-01  5.56455E-05  7.49427E-01 
2.96999E+01 6.84996E-01  5.54940E-05  7.54421E-01 
2.97999E+01 6.89996E-01  5.53235E-05  7.59433E-01 
2.98999E+01 6.94996E-01  5.51555E-05  7.64429E-01 
2.99999E+01 6.99996E-01  5.50304E-05  7.69416E-01 
3.00999E+01 7.04996E-01  5.49359E-05  7.74422E-01 
3.01999E+01 7.09996E-01  5.48639E-05  7.79448E-01 
3.02999E+01 7.14996E-01  5.47948E-05  7.84431E-01 
3.03999E+01 7.19996E-01  5.47421E-05  7.89433E-01 
3.04999E+01 7.24996E-01  5.47197E-05  7.94467E-01 
3.05999E+01 7.29996E-01  5.47533E-05  7.99478E-01 
3.06999E+01 7.34996E-01  5.47877E-05  8.04456E-01 
3.07999E+01 7.39996E-01  5.48385E-05  8.09491E-01 
3.08999E+01 7.44996E-01  5.49030E-05  8.14502E-01 
3.09999E+01 7.49996E-01  5.49747E-05  8.19458E-01 
3.10999E+01 7.54996E-01  5.50585E-05  8.24461E-01 
3.11999E+01 7.59996E-01  5.51617E-05  8.29483E-01 
3.12999E+01 7.64996E-01  5.52674E-05  8.34500E-01 
3.13999E+01 7.69996E-01  5.53848E-05  8.39486E-01 
3.14999E+01 7.74996E-01  5.55075E-05  8.44470E-01 
3.15999E+01 7.79996E-01  5.56403E-05  8.49491E-01 
3.16999E+01 7.84996E-01  5.57668E-05  8.54501E-01 
3.17999E+01 7.89996E-01  5.59061E-05  8.59507E-01 
3.18999E+01 7.94996E-01  5.60736E-05  8.64518E-01 
3.19999E+01 7.99996E-01  5.62275E-05  8.69497E-01 
3.20999E+01 8.04996E-01  5.63882E-05  8.74515E-01 
3.21999E+01 8.09996E-01  5.65489E-05  8.79515E-01 
3.22999E+01 8.14996E-01  5.67219E-05  8.84519E-01 
3.23999E+01 8.19996E-01  5.68877E-05  8.89520E-01 
3.24999E+01 8.24996E-01  5.70653E-05  8.94545E-01 
3.25999E+01 8.29996E-01  5.72445E-05  8.99570E-01 
3.26999E+01 8.34996E-01  5.74232E-05  9.04531E-01 
3.27999E+01 8.39996E-01  5.76058E-05  9.09533E-01 
3.28999E+01 8.44996E-01  5.77835E-05  9.14539E-01 
3.29999E+01 8.49996E-01  5.79682E-05  9.19565E-01 
3.30999E+01 8.54996E-01  5.81470E-05  9.24542E-01 
3.31999E+01 8.59996E-01  5.83315E-05  9.29548E-01 
3.32999E+01 8.64996E-01  5.85134E-05  9.34554E-01 
3.33999E+01 8.69996E-01  5.86966E-05  9.39548E-01 
3.34999E+01 8.74996E-01  5.88700E-05  9.44564E-01 
3.35999E+01 8.79996E-01  5.90525E-05  9.49551E-01 
3.36999E+01 8.84996E-01  5.92241E-05  9.54572E-01 
3.37999E+01 8.89996E-01  5.94002E-05  9.59547E-01 
3.38999E+01 8.94996E-01  5.95696E-05  9.64570E-01 
3.39999E+01 8.99996E-01  5.97407E-05  9.69555E-01 
3.40999E+01 9.04996E-01  5.99103E-05  9.74573E-01 
3.41999E+01 9.09996E-01  6.00755E-05  9.79573E-01 
3.42999E+01 9.14996E-01  6.02328E-05  9.84573E-01 
3.43999E+01 9.19996E-01  6.03899E-05  9.89580E-01 
3.44999E+01 9.24996E-01  6.05373E-05  9.94570E-01 
3.45999E+01 9.29996E-01  6.06817E-05  9.99559E-01 
3.46999E+01 9.34996E-01  6.08177E-05  1.00458E+00 
3.47999E+01 9.39996E-01  6.09525E-05  1.00959E+00 
3.48999E+01 9.44996E-01  6.10558E-05  1.01460E+00 
3.49999E+01 9.49996E-01  6.11698E-05  1.01959E+00 
3.50999E+01 9.54996E-01  6.12676E-05  1.02458E+00 
3.51999E+01 9.59996E-01  6.13627E-05  1.02960E+00 
3.52999E+01 9.64996E-01  6.14361E-05  1.03457E+00 
3.53999E+01 9.69996E-01  6.15053E-05  1.03956E+00 
3.54999E+01 9.74996E-01  6.15614E-05  1.04458E+00 
3.55999E+01 9.79996E-01  6.16245E-05  1.04957E+00 
3.56999E+01 9.84996E-01  6.16766E-05  1.05461E+00 
3.57999E+01 9.89996E-01  6.17299E-05  1.05960E+00 
3.58999E+01 9.94996E-01  6.17716E-05  1.06458E+00 
3.59999E+01 9.99995E-01  6.18289E-05  1.06959E+00 
3.60999E+01 1.00500E+00  6.18645E-05  1.07463E+00 
3.61999E+01 1.01000E+00  6.19059E-05  1.07959E+00 
3.62999E+01 1.01500E+00  6.19371E-05  1.08461E+00 
3.63999E+01 1.02000E+00  6.19758E-05  1.08958E+00 
3.64999E+01 1.02500E+00  6.20332E-05  1.09459E+00 
3.65999E+01 1.03000E+00  6.20701E-05  1.09960E+00 
3.66999E+01 1.03500E+00  6.21099E-05  1.10461E+00 
3.67999E+01 1.04000E+00  6.21511E-05  1.10961E+00 
3.68999E+01 1.04500E+00  6.21924E-05  1.11465E+00 
3.69999E+01 1.05000E+00  6.22288E-05  1.11967E+00 
3.70999E+01 1.05500E+00  6.22790E-05  1.12469E+00 
3.71999E+01 1.06000E+00  6.23144E-05  1.12966E+00 
3.72999E+01 1.06500E+00  6.23515E-05  1.13466E+00 
3.73999E+01 1.07000E+00  6.23953E-05  1.13968E+00 
3.74999E+01 1.07500E+00  6.24582E-05  1.14468E+00 
3.75999E+01 1.08000E+00  6.24925E-05  1.14968E+00 
3.76999E+01 1.08500E+00  6.25544E-05  1.15467E+00 
3.77999E+01 1.09000E+00  6.26085E-05  1.15967E+00 
3.78999E+01 1.09500E+00  6.26730E-05  1.16466E+00 
3.79999E+01 1.10000E+00  6.27307E-05  1.16970E+00 
3.80999E+01 1.10500E+00  6.27994E-05  1.17470E+00 
3.81999E+01 1.11000E+00  6.28629E-05  1.17970E+00 
3.82999E+01 1.11500E+00  6.29361E-05  1.18470E+00 
3.83999E+01 1.12000E+00  6.29961E-05  1.18972E+00 
3.84999E+01 1.12500E+00  6.30714E-05  1.19471E+00 
3.85999E+01 1.13000E+00  6.31339E-05  1.19972E+00 
3.86999E+01 1.13500E+00  6.31990E-05  1.20472E+00 
3.87999E+01 1.14000E+00  6.32671E-05  1.20973E+00 
3.88999E+01 1.14500E+00  6.33479E-05  1.21473E+00 
3.89999E+01 1.15000E+00  6.34508E-05  1.21972E+00 
3.90999E+01 1.15500E+00  6.35492E-05  1.22472E+00 
3.91999E+01 1.16000E+00  6.36951E-05  1.22975E+00 
3.92999E+01 1.16500E+00  6.38582E-05  1.23474E+00 
3.93999E+01 1.17000E+00  6.40361E-05  1.23972E+00 
3.94999E+01 1.17500E+00  6.42533E-05  1.24471E+00 
3.95999E+01 1.18000E+00  6.45181E-05  1.24972E+00 
3.96999E+01 1.18500E+00  6.48096E-05  1.25471E+00 
3.97999E+01 1.19000E+00  6.51467E-05  1.25971E+00 
3.98999E+01 1.19500E+00  6.55028E-05  1.26473E+00 
3.99999E+01 1.19999E+00  6.59281E-05  1.26974E+00 
4.00999E+01 1.20499E+00  6.63287E-05  1.27475E+00 
4.01999E+01 1.20999E+00  6.67442E-05  1.27975E+00 
4.02999E+01 1.21499E+00  6.71996E-05  1.28476E+00 
4.03999E+01 1.21999E+00  6.77215E-05  1.28978E+00 
4.04999E+01 1.22499E+00  6.82935E-05  1.29478E+00 
4.05999E+01 1.22999E+00  6.88411E-05  1.29977E+00 
4.06999E+01 1.23499E+00  6.94466E-05  1.30473E+00 
4.07999E+01 1.23999E+00  7.00352E-05  1.30974E+00 
4.08999E+01 1.24499E+00  7.06554E-05  1.31478E+00 
4.09999E+01 1.24999E+00  7.14000E-05  1.31977E+00 
4.10999E+01 1.25499E+00  7.22012E-05  1.32475E+00 
4.11999E+01 1.25999E+00  7.29758E-05  1.32975E+00 
4.12999E+01 1.26499E+00  7.37568E-05  1.33476E+00 
4.13999E+01 1.26999E+00  7.47461E-05  1.33978E+00 
4.14999E+01 1.27499E+00  7.54308E-05  1.34475E+00 
4.15999E+01 1.27999E+00  7.63664E-05  1.34977E+00 
4.16999E+01 1.28499E+00  7.74922E-05  1.35480E+00 
4.17999E+01 1.28999E+00  7.86279E-05  1.35978E+00 
4.18999E+01 1.29499E+00  7.96391E-05  1.36479E+00 
4.19999E+01 1.29999E+00  8.07937E-05  1.36977E+00 
4.20999E+01 1.30499E+00  8.17959E-05  1.37478E+00 
4.21999E+01 1.30999E+00  8.29794E-05  1.37978E+00 
4.22999E+01 1.31499E+00  8.42715E-05  1.38478E+00 
4.23999E+01 1.31999E+00  8.54976E-05  1.38977E+00 
4.24999E+01 1.32499E+00  8.68183E-05  1.39477E+00 
4.25999E+01 1.32999E+00  8.77018E-05  1.39980E+00 
4.26999E+01 1.33499E+00  8.89656E-05  1.40478E+00 
4.27999E+01 1.33999E+00  9.04379E-05  1.40975E+00 
4.28999E+01 1.34499E+00  9.23478E-05  1.41479E+00 
4.29999E+01 1.34999E+00  9.35397E-05  1.41980E+00 
4.30999E+01 1.35499E+00  9.52069E-05  1.42481E+00 
4.31999E+01 1.35999E+00  9.63976E-05  1.42982E+00 
4.32999E+01 1.36499E+00  9.80893E-05  1.43483E+00 
4.33999E+01 1.36999E+00  1.00121E-04  1.43982E+00 
4.34999E+01 1.37499E+00  1.01802E-04  1.44482E+00 
4.35999E+01 1.37999E+00  1.03489E-04  1.44985E+00 
4.36999E+01 1.38499E+00  1.04590E-04  1.45486E+00 
4.37999E+01 1.38999E+00  1.06475E-04  1.45984E+00 
4.38999E+01 1.39499E+00  1.08607E-04  1.46485E+00 
4.39999E+01 1.39999E+00  1.10818E-04  1.46987E+00 
4.40999E+01 1.40499E+00  1.12586E-04  1.47489E+00 
4.41999E+01 1.40999E+00  1.12063E-04  1.47986E+00 
4.42999E+01 1.41499E+00  1.15290E-04  1.48487E+00 
4.43999E+01 1.41999E+00  1.19137E-04  1.48989E+00 
4.44999E+01 1.42499E+00  1.22758E-04  1.49488E+00 
4.45999E+01 1.42999E+00  1.24762E-04  1.49987E+00 
4.46999E+01 1.43499E+00  1.27117E-04  1.50486E+00 
4.47999E+01 1.43999E+00  1.29937E-04  1.50986E+00 
4.48999E+01 1.44499E+00  1.32831E-04  1.51490E+00 
4.49999E+01 1.44999E+00  1.35676E-04  1.51987E+00 
4.50999E+01 1.45499E+00  1.38545E-04  1.52488E+00 
4.51999E+01 1.45999E+00  1.41403E-04  1.52987E+00 
4.52999E+01 1.46499E+00  1.44321E-04  1.53488E+00 
4.53999E+01 1.46999E+00  1.47374E-04  1.53989E+00 
4.54999E+01 1.47499E+00  1.50413E-04  1.54488E+00 
4.55999E+01 1.47999E+00  1.53375E-04  1.54986E+00 
4.56999E+01 1.48499E+00  1.56386E-04  1.55489E+00 
4.57999E+01 1.48999E+00  1.59468E-04  1.55988E+00 
4.58999E+01 1.49499E+00  1.62175E-04  1.56487E+00 
4.59999E+01 1.49999E+00  1.64726E-04  1.56988E+00 
4.60999E+01 1.50499E+00  1.67836E-04  1.57491E+00 
4.61999E+01 1.50999E+00  1.70925E-04  1.57991E+00 
4.62999E+01 1.51499E+00  1.74363E-04  1.58493E+00 
4.63999E+01 1.51999E+00  1.78107E-04  1.58991E+00 
4.64999E+01 1.52499E+00  1.81728E-04  1.59495E+00 
4.65999E+01 1.52999E+00  1.85146E-04  1.59994E+00 
4.66999E+01 1.53499E+00  1.88566E-04  1.60495E+00 
4.67999E+01 1.53999E+00  1.91907E-04  1.60993E+00 
4.68999E+01 1.54499E+00  1.95268E-04  1.61492E+00 
4.69999E+01 1.54999E+00  1.98726E-04  1.61994E+00 
4.70999E+01 1.55499E+00  2.02180E-04  1.62496E+00 
4.71999E+01 1.55999E+00  2.05643E-04  1.62995E+00 
4.72999E+01 1.56499E+00  2.09131E-04  1.63495E+00 
4.73999E+01 1.56999E+00  2.12657E-04  1.63993E+00 
4.74999E+01 1.57499E+00  2.16633E-04  1.64495E+00 
4.75999E+01 1.57999E+00  2.20158E-04  1.64997E+00 
4.76999E+01 1.58499E+00  2.23669E-04  1.65496E+00 
4.77999E+01 1.58999E+00  2.27204E-04  1.65997E+00 
4.78999E+01 1.59499E+00  2.30726E-04  1.66497E+00 
4.79999E+01 1.59999E+00  2.34256E-04  1.66998E+00 
4.80999E+01 1.60499E+00  2.37817E-04  1.67497E+00 
4.81999E+01 1.60999E+00  2.41377E-04  1.67998E+00 
4.82999E+01 1.61499E+00  2.44922E-04  1.68497E+00 
4.83999E+01 1.61999E+00  2.48533E-04  1.68997E+00 
4.84999E+01 1.62499E+00  2.52113E-04  1.69496E+00 
4.85999E+01 1.62999E+00  2.55652E-04  1.69996E+00 
4.86999E+01 1.63499E+00  2.59279E-04  1.70498E+00 
4.87999E+01 1.63999E+00  2.62873E-04  1.70999E+00 
4.88999E+01 1.64499E+00  2.66353E-04  1.71497E+00 
4.89999E+01 1.64999E+00  2.69958E-04  1.71998E+00 
4.90999E+01 1.65499E+00  2.73539E-04  1.72498E+00 
4.91999E+01 1.65999E+00  2.77153E-04  1.73001E+00 
4.92999E+01 1.66499E+00  2.80759E-04  1.73499E+00 
4.93999E+01 1.66999E+00  2.84313E-04  1.73999E+00 
4.94999E+01 1.67499E+00  2.87904E-04  1.74503E+00 
4.95999E+01 1.67999E+00  2.91427E-04  1.75004E+00 
4.96999E+01 1.68499E+00  2.95007E-04  1.75503E+00 
4.97999E+01 1.68999E+00  2.98514E-04  1.76003E+00 
4.98999E+01 1.69499E+00  3.02033E-04  1.76505E+00 
4.99999E+01 1.69999E+00  3.05523E-04  1.77003E+00 
5.00999E+01 1.70499E+00  3.09064E-04  1.77504E+00 
5.01999E+01 1.70999E+00  3.12565E-04  1.78006E+00 
5.02999E+01 1.71499E+00  3.16079E-04  1.78504E+00 
5.03999E+01 1.71999E+00  3.19510E-04  1.79005E+00 
5.04999E+01 1.72499E+00  3.22955E-04  1.79503E+00 
5.05999E+01 1.72999E+00  3.26362E-04  1.80004E+00 
5.06999E+01 1.73499E+00  3.29823E-04  1.80507E+00 
5.07999E+01 1.73999E+00  3.33205E-04  1.81005E+00 
5.08999E+01 1.74499E+00  3.36590E-04  1.81505E+00 
5.09999E+01 1.74999E+00  3.39912E-04  1.82005E+00 
5.10999E+01 1.75499E+00  3.43211E-04  1.82508E+00 
5.11999E+01 1.75999E+00  3.46428E-04  1.83005E+00 
5.12999E+01 1.76499E+00  3.49620E-04  1.83505E+00 
5.13999E+01 1.76999E+00  3.52813E-04  1.84004E+00 
5.14999E+01 1.77499E+00  3.55933E-04  1.84509E+00 
5.15999E+01 1.77999E+00  3.59119E-04  1.85006E+00 
5.16999E+01 1.78499E+00  3.62191E-04  1.85506E+00 
5.17999E+01 1.78999E+00  3.65298E-04  1.86005E+00 
5.18999E+01 1.79499E+00  3.68366E-04  1.86508E+00 
5.19999E+01 1.79999E+00  3.71338E-04  1.87009E+00 
5.20999E+01 1.79499E+00  3.64492E-04  1.86507E+00 
5.21999E+01 1.78999E+00  3.57834E-04  1.86005E+00 
5.22999E+01 1.78499E+00  3.51385E-04  1.85507E+00 
5.23999E+01 1.77999E+00  3.45137E-04  1.85007E+00 
5.24999E+01 1.77499E+00  3.38972E-04  1.84507E+00 
5.25999E+01 1.76999E+00  3.32929E-04  1.84006E+00 
5.26999E+01 1.76499E+00  3.27004E-04  1.83506E+00 
5.27999E+01 1.75999E+00  3.21114E-04  1.83005E+00 
5.28999E+01 1.75499E+00  3.15334E-04  1.82506E+00 
5.29999E+01 1.74999E+00  3.09563E-04  1.82005E+00 
5.30999E+01 1.74499E+00  3.03913E-04  1.81506E+00 
5.31999E+01 1.73999E+00  2.98312E-04  1.81003E+00 
5.32999E+01 1.73499E+00  2.92800E-04  1.80507E+00 
5.33999E+01 1.72999E+00  2.87370E-04  1.80005E+00 
5.34999E+01 1.72499E+00  2.82006E-04  1.79504E+00 
5.35999E+01 1.71999E+00  2.76701E-04  1.79001E+00 
5.36999E+01 1.71499E+00  2.71453E-04  1.78503E+00 
5.37999E+01 1.70999E+00  2.66243E-04  1.78001E+00 
5.38999E+01 1.70499E+00  2.61175E-04  1.77502E+00 
5.39999E+01 1.69999E+00  2.56188E-04  1.77001E+00 
5.40999E+01 1.69499E+00  2.51227E-04  1.76503E+00 
5.41999E+01 1.68999E+00  2.46338E-04  1.76002E+00 
5.42999E+01 1.68499E+00  2.41506E-04  1.75500E+00 
5.43999E+01 1.67999E+00  2.36771E-04  1.74999E+00 
5.44999E+01 1.67499E+00  2.32101E-04  1.74498E+00 
5.45999E+01 1.66999E+00  2.27495E-04  1.73999E+00 
5.46999E+01 1.66499E+00  2.22921E-04  1.73499E+00 
5.47999E+01 1.65999E+00  2.18394E-04  1.72996E+00 
5.48999E+01 1.65499E+00  2.13946E-04  1.72498E+00 
5.49999E+01 1.64999E+00  2.09569E-04  1.71996E+00 
5.50999E+01 1.64499E+00  2.05279E-04  1.71498E+00 
5.51999E+01 1.63999E+00  2.01034E-04  1.71002E+00 
5.52999E+01 1.63499E+00  1.96836E-04  1.70497E+00 
5.53999E+01 1.62999E+00  1.92709E-04  1.69998E+00 
5.54999E+01 1.62499E+00  1.88621E-04  1.69499E+00 
5.55999E+01 1.61999E+00  1.84585E-04  1.68999E+00 
5.56999E+01 1.61499E+00  1.80637E-04  1.68501E+00 
5.57999E+01 1.60999E+00  1.76726E-04  1.67998E+00 
5.58999E+01 1.60499E+00  1.72859E-04  1.67500E+00 
5.59999E+01 1.59999E+00  1.69061E-04  1.66998E+00 
5.60999E+01 1.59499E+00  1.65291E-04  1.66498E+00 
5.61999E+01 1.58999E+00  1.61583E-04  1.65995E+00 
5.62999E+01 1.58499E+00  1.57918E-04  1.65497E+00 
5.63999E+01 1.57999E+00  1.54348E-04  1.64997E+00 
5.64999E+01 1.57499E+00  1.50831E-04  1.64497E+00 
5.65999E+01 1.56999E+00  1.47318E-04  1.63992E+00 
5.66999E+01 1.56499E+00  1.43874E-04  1.63495E+00 
5.67999E+01 1.55999E+00  1.40484E-04  1.62995E+00 
5.68999E+01 1.55499E+00  1.37145E-04  1.62494E+00 
5.69999E+01 1.54999E+00  1.33856E-04  1.61993E+00 
5.70999E+01 1.54499E+00  1.30594E-04  1.61494E+00 
5.71999E+01 1.53999E+00  1.27359E-04  1.60995E+00 
5.72999E+01 1.53499E+00  1.24171E-04  1.60493E+00 
5.73999E+01 1.52999E+00  1.21036E-04  1.59991E+00 
5.74999E+01 1.52499E+00  1.17931E-04  1.59491E+00 
5.75999E+01 1.51999E+00  1.14908E-04  1.58994E+00 
5.76999E+01 1.51499E+00  1.11919E-04  1.58492E+00 
5.77999E+01 1.50999E+00  1.08991E-04  1.57991E+00 
5.78999E+01 1.50499E+00  1.06094E-04  1.57490E+00 
5.79999E+01 1.49999E+00  1.03238E-04  1.56989E+00 
5.80999E+01 1.49499E+00  1.00445E-04  1.56488E+00 
5.81999E+01 1.48999E+00  9.76903E-05  1.55989E+00 
5.82999E+01 1.48499E+00  9.49855E-05  1.55491E+00 
5.83999E+01 1.47999E+00  9.23318E-05  1.54986E+00 
5.84999E+01 1.47499E+00  8.96982E-05  1.54487E+00 
5.85999E+01 1.46999E+00  8.70864E-05  1.53987E+00 
5.86999E+01 1.46499E+00  8.45416E-05  1.53487E+00 
5.87999E+01 1.45999E+00  8.20397E-05  1.52988E+00 
5.88999E+01 1.45499E+00  7.95960E-05  1.52486E+00 
5.89999E+01 1.44999E+00  7.72004E-05  1.51990E+00 
5.90999E+01 1.44499E+00  7.48140E-05  1.51489E+00 
5.91999E+01 1.43999E+00  7.24765E-05  1.50987E+00 
5.92999E+01 1.43499E+00  7.02125E-05  1.50487E+00 
5.93999E+01 1.42999E+00  6.79555E-05  1.49988E+00 
5.94999E+01 1.42499E+00  6.57657E-05  1.49489E+00 
5.95999E+01 1.41999E+00  6.36234E-05  1.48986E+00 
5.96999E+01 1.41499E+00  6.15408E-05  1.48486E+00 
5.97999E+01 1.40999E+00  5.94869E-05  1.47988E+00 
5.98999E+01 1.40499E+00  5.74908E-05  1.47488E+00 
5.99998E+01 1.39999E+00  5.55127E-05  1.46986E+00 
6.00998E+01 1.39499E+00  5.35967E-05  1.46486E+00 
6.01998E+01 1.38999E+00  5.17133E-05  1.45987E+00 
6.02998E+01 1.38499E+00  4.98623E-05  1.45485E+00 
6.03998E+01 1.37999E+00  4.80813E-05  1.44986E+00 
6.04998E+01 1.37499E+00  4.63662E-05  1.44484E+00 
6.05998E+01 1.36999E+00  4.46854E-05  1.43985E+00 
6.06998E+01 1.36499E+00  4.30311E-05  1.43485E+00 
6.07998E+01 1.35999E+00  4.14012E-05  1.42983E+00 
6.08998E+01 1.35499E+00  3.98363E-05  1.42483E+00 
6.09998E+01 1.34999E+00  3.83297E-05  1.41983E+00 
6.10998E+01 1.34499E+00  3.68255E-05  1.41482E+00 
6.11998E+01 1.33999E+00  3.49721E-05  1.40980E+00 
6.12998E+01 1.33499E+00  3.35980E-05  1.40478E+00 
6.13998E+01 1.32999E+00  3.22690E-05  1.39981E+00 
6.14998E+01 1.32499E+00  3.09756E-05  1.39479E+00 
6.15998E+01 1.31999E+00  2.97395E-05  1.38978E+00 
6.16998E+01 1.31499E+00  2.85798E-05  1.38479E+00 
6.17998E+01 1.30999E+00  2.73235E-05  1.37981E+00 
6.18998E+01 1.30499E+00  2.61593E-05  1.37479E+00 
6.19998E+01 1.29999E+00  2.50610E-05  1.36978E+00 
6.20998E+01 1.29499E+00  2.39954E-05  1.36479E+00 
6.21998E+01 1.28999E+00  2.29883E-05  1.35978E+00 
6.22998E+01 1.28499E+00  2.20117E-05  1.35479E+00 
6.23998E+01 1.27999E+00  2.10800E-05  1.34978E+00 
6.24998E+01 1.27499E+00  2.01851E-05  1.34476E+00 
6.25998E+01 1.26999E+00  1.93222E-05  1.33978E+00 
6.26998E+01 1.26499E+00  1.84975E-05  1.33476E+00 
6.27998E+01 1.25999E+00  1.77128E-05  1.32976E+00 
6.28998E+01 1.25499E+00  1.69601E-05  1.32474E+00 
6.29998E+01 1.24999E+00  1.62466E-05  1.31975E+00 
6.30998E+01 1.24499E+00  1.55584E-05  1.31478E+00 
6.31998E+01 1.23999E+00  1.49062E-05  1.30976E+00 
6.32998E+01 1.23499E+00  1.42755E-05  1.30472E+00 
6.33998E+01 1.22999E+00  1.36857E-05  1.29977E+00 
6.34998E+01 1.22499E+00  1.31174E-05  1.29474E+00 
6.35998E+01 1.21999E+00  1.25822E-05  1.28976E+00 
6.36998E+01 1.21499E+00  1.20659E-05  1.28475E+00 
6.37998E+01 1.20999E+00  1.15771E-05  1.27974E+00 
6.38998E+01 1.20499E+00  1.11161E-05  1.27474E+00 
6.39998E+01 1.19999E+00  1.06807E-05  1.26974E+00 
6.40998E+01 1.19500E+00  1.02631E-05  1.26471E+00 
6.41998E+01 1.19000E+00  9.87107E-06  1.25973E+00 
6.42998E+01 1.18500E+00  9.49434E-06  1.25473E+00 
6.43998E+01 1.18000E+00  9.14105E-06  1.24972E+00 
6.44998E+01 1.17500E+00  8.80918E-06  1.24471E+00 
6.45998E+01 1.17000E+00  8.50178E-06  1.23970E+00 
6.46998E+01 1.16500E+00  8.19206E-06  1.23471E+00 
6.47998E+01 1.16000E+00  7.89963E-06  1.22972E+00 
6.48998E+01 1.15500E+00  7.64496E-06  1.22471E+00 
6.49998E+01 1.15000E+00  7.37375E-06  1.21970E+00 
6.50998E+01 1.14500E+00  7.13079E-06  1.21470E+00 
6.51998E+01 1.14000E+00  6.89442E-06  1.20971E+00 
6.52998E+01 1.13500E+00  6.67897E-06  1.20471E+00 
6.53998E+01 1.13000E+00  6.47032E-06  1.19969E+00 
6.54998E+01 1.12500E+00  6.27060E-06  1.19470E+00 
6.55998E+01 1.12000E+00  6.07687E-06  1.18969E+00 
6.56998E+01 1.11500E+00  5.90054E-06  1.18470E+00 
6.57998E+01 1.11000E+00  5.72713E-06  1.17968E+00 
6.58998E+01 1.10500E+00  5.56412E-06  1.17468E+00 
6.59998E+01 1.10000E+00  5.40751E-06  1.16968E+00 
6.60998E+01 1.09500E+00  5.26192E-06  1.16467E+00 
6.61998E+01 1.09000E+00  5.11358E-06  1.15968E+00 
6.62998E+01 1.08500E+00  4.98251E-06  1.15468E+00 
6.63998E+01 1.08000E+00  4.85262E-06  1.14970E+00 
6.64998E+01 1.07500E+00  4.72705E-06  1.14472E+00 
6.65998E+01 1.07000E+00  4.60045E-06  1.13968E+00 
6.66998E+01 1.06500E+00  4.48760E-06  1.13468E+00 
6.67998E+01 1.06000E+00  4.37568E-06  1.12968E+00 
6.68998E+01 1.05500E+00  4.26403E-06  1.12467E+00 
6.69998E+01 1.05000E+00  4.15149E-06  1.11970E+00 
6.70998E+01 1.04500E+00  4.04939E-06  1.11468E+00 
6.71998E+01 1.04000E+00  3.94316E-06  1.10966E+00 
6.72998E+01 1.03500E+00  3.84783E-06  1.10466E+00 
6.73998E+01 1.03000E+00  3.71209E-06  1.09963E+00 
6.74998E+01 1.02500E+00  3.61477E-06  1.09464E+00 
6.75998E+01 1.02000E+00  3.52168E-06  1.08963E+00 
6.76998E+01 1.01500E+00  3.43439E-06  1.08462E+00 
6.77998E+01 1.01000E+00  3.34557E-06  1.07962E+00 
6.78998E+01 1.00500E+00  3.26227E-06  1.07464E+00 
6.79998E+01 9.99995E-01  3.17701E-06  1.06961E+00 
6.80998E+01 9.94996E-01  3.09415E-06  1.06460E+00 
6.81998E+01 9.89996E-01  3.01362E-06  1.05961E+00 
6.82998E+01 9.84996E-01  2.93050E-06  1.05462E+00 
6.83998E+01 9.79996E-01  2.85249E-06  1.04962E+00 
6.84998E+01 9.74996E-01  2.77701E-06  1.04459E+00 
6.85998E+01 9.69996E-01  2.70382E-06  1.03960E+00 
6.86998E+01 9.64996E-01  2.62593E-06  1.03460E+00 
6.87998E+01 9.59996E-01  2.54883E-06  1.02961E+00 
6.88998E+01 9.54996E-01  2.46850E-06  1.02460E+00 
6.89998E+01 9.49996E-01  2.39871E-06  1.01957E+00 
6.90998E+01 9.44996E-01  2.32358E-06  1.01459E+00 
6.91998E+01 9.39996E-01  2.24916E-06  1.00959E+00 
6.92998E+01 9.34996E-01  2.17379E-06  1.00458E+00 
6.93998E+01 9.29996E-01  2.09609E-06  9.99574E-01 
6.94998E+01 9.24996E-01  2.02649E-06  9.94573E-01 
6.95998E+01 9.19996E-01  1.95719E-06  9.89576E-01 
6.96998E+01 9.14996E-01  1.87550E-06  9.84564E-01 
6.97998E+01 9.09996E-01  1.80209E-06  9.79551E-01 
6.98998E+01 9.04996E-01  1.72841E-06  9.74592E-01 
6.99998E+01 8.99996E-01  1.65212E-06  9.69559E-01 
7.00998E+01 8.94996E-01  1.57899E-06  9.64558E-01 
7.01998E+01 8.89996E-01  1.50222E-06  9.59540E-01 
7.02998E+01 8.84996E-01  1.43015E-06  9.54582E-01 
7.03998E+01 8.79996E-01  1.35231E-06  9.49548E-01 
7.04998E+01 8.74996E-01  1.27828E-06  9.44560E-01 
7.05998E+01 8.69996E-01  1.20565E-06  9.39560E-01 
7.06998E+01 8.64996E-01  1.13035E-06  9.34548E-01 
7.07998E+01 8.59996E-01  1.05297E-06  9.29517E-01 
7.08998E+01 8.54996E-01  9.75845E-07  9.24518E-01 
7.09998E+01 8.49996E-01  8.99019E-07  9.19541E-01 
7.10998E+01 8.44996E-01  8.24648E-07  9.14544E-01 
7.11998E+01 8.39996E-01  7.46967E-07  9.09505E-01 
7.12998E+01 8.34996E-01  6.68723E-07  9.04533E-01 
7.13998E+01 8.29996E-01  5.90487E-07  8.99547E-01 
7.14998E+01 8.24996E-01  5.13681E-07  8.94517E-01 
7.15998E+01 8.19996E-01  4.42920E-07  8.89525E-01 
7.16998E+01 8.14996E-01  3.55078E-07  8.84541E-01 
7.17998E+01 8.09996E-01  2.73797E-07  8.79537E-01 
7.18998E+01 8.04996E-01  1.90410E-07  8.74523E-01 
7.19998E+01 7.99996E-01  1.14082E-07  8.69515E-01 
7.20998E+01 7.94996E-01  3.28114E-08  8.64536E-01 
7.21998E+01 7.89996E-01  -5.12028E-08 8.59517E-01 
7.22998E+01 7.84996E-01  -1.37630E-07 8.54520E-01 
7.23998E+01 7.79996E-01  -2.19896E-07 8.49523E-01 
7.24998E+01 7.74996E-01  -3.02106E-07 8.44512E-01 
7.25998E+01 7.69996E-01  -3.77896E-07 8.39507E-01 
7.26998E+01 7.64996E-01  -4.74832E-07 8.34533E-01 
7.27998E+01 7.59996E-01  -5.59008E-07 8.29509E-01 
7.28998E+01 7.54996E-01  -6.47252E-07 8.24487E-01 
7.29998E+01 7.49996E-01  -7.34519E-07 8.19501E-01 
7.30998E+01 7.44996E-01  -8.25049E-07 8.14507E-01 
7.31998E+01 7.39996E-01  -9.13770E-07 8.09494E-01 
7.32998E+01 7.34996E-01  -1.00847E-06 8.04479E-01 
7.33998E+01 7.29996E-01  -1.09799E-06 7.99485E-01 
7.34998E+01 7.24996E-01  -1.18825E-06 7.94471E-01 
7.35998E+01 7.19996E-01  -1.27703E-06 7.89480E-01 
7.36998E+01 7.14996E-01  -1.38132E-06 7.84472E-01 
7.37998E+01 7.09996E-01  -1.47644E-06 7.79461E-01 
7.38998E+01 7.04996E-01  -1.56886E-06 7.74432E-01 
7.39998E+01 6.99996E-01  -1.67039E-06 7.69441E-01 
7.40998E+01 6.94996E-01  -1.76805E-06 7.64441E-01 
7.41998E+01 6.89996E-01  -1.86535E-06 7.59440E-01 
7.42998E+01 6.84996E-01  -1.96666E-06 7.54417E-01 
7.43998E+01 6.79996E-01  -2.06735E-06 7.49419E-01 
7.44998E+01 6.74996E-01  -2.18042E-06 7.44440E-01 
7.45998E+01 6.69996E-01  -2.27192E-06 7.39424E-01 
7.46998E+01 6.64996E-01  -2.38133E-06 7.34421E-01 
7.47998E+01 6.59996E-01  -2.48834E-06 7.29400E-01 
7.48998E+01 6.54996E-01  -2.59828E-06 7.24397E-01 
7.49998E+01 6.49996E-01  -2.70649E-06 7.19409E-01 
7.50998E+01 6.44996E-01  -2.81810E-06 7.14404E-01 
7.51998E+01 6.39996E-01  -2.92624E-06 7.09377E-01 
7.52998E+01 6.34996E-01  -3.03715E-06 7.04399E-01 
7.53998E+01 6.29996E-01  -3.15169E-06 6.99411E-01 
7.54998E+01 6.24996E-01  -3.27187E-06 6.94406E-01 
7.55998E+01 6.19996E-01  -3.37870E-06 6.89399E-01 
7.56998E+01 6.14996E-01  -3.50241E-06 6.84387E-01 
7.57998E+01 6.09996E-01  -3.62364E-06 6.79399E-01 
7.58998E+01 6.04996E-01  -3.74176E-06 6.74382E-01 
7.59998E+01 5.99996E-01  -3.86143E-06 6.69369E-01 
7.60998E+01 5.94997E-01  -3.98108E-06 6.64369E-01 
7.61998E+01 5.89997E-01  -4.10882E-06 6.59393E-01 
7.62998E+01 5.84997E-01  -4.22767E-06 6.54386E-01 
7.63998E+01 5.79997E-01  -4.35067E-06 6.49368E-01 
7.64998E+01 5.74997E-01  -4.47525E-06 6.44367E-01 
7.65998E+01 5.69997E-01  -4.59152E-06 6.39375E-01 
7.66998E+01 5.64997E-01  -4.72249E-06 6.34370E-01 
7.67998E+01 5.59997E-01  -4.84568E-06 6.29335E-01 
7.68998E+01 5.54997E-01  -4.97129E-06 6.24346E-01 
7.69998E+01 5.49997E-01  -5.09558E-06 6.19353E-01 
7.70998E+01 5.44997E-01  -5.22255E-06 6.14358E-01 
7.71998E+01 5.39997E-01  -5.34866E-06 6.09350E-01 
7.72998E+01 5.34997E-01  -5.47637E-06 6.04348E-01 
7.73998E+01 5.29997E-01  -5.60561E-06 5.99346E-01 
7.74998E+01 5.24997E-01  -5.73691E-06 5.94359E-01 
7.75998E+01 5.19997E-01  -5.85845E-06 5.89375E-01 
7.76998E+01 5.14997E-01  -5.99485E-06 5.84353E-01 
7.77998E+01 5.09997E-01  -6.12326E-06 5.79344E-01 
7.78998E+01 5.04997E-01  -6.26230E-06 5.74320E-01 
7.79998E+01 4.99997E-01  -6.39615E-06 5.69327E-01 
7.80998E+01 4.94997E-01  -6.53280E-06 5.64328E-01 
7.81998E+01 4.89997E-01  -6.67363E-06 5.59330E-01 
7.82998E+01 4.84997E-01  -6.82158E-06 5.54330E-01 
7.83998E+01 4.79997E-01  -6.96891E-06 5.49294E-01 
7.84998E+01 4.74997E-01  -7.12105E-06 5.44306E-01 
7.85998E+01 4.69997E-01  -7.27983E-06 5.39312E-01 
7.86998E+01 4.64997E-01  -7.45418E-06 5.34313E-01 
7.87998E+01 4.59997E-01  -7.62544E-06 5.29309E-01 
7.88998E+01 4.54997E-01  -7.81033E-06 5.24305E-01 
7.89998E+01 4.49997E-01  -8.00599E-06 5.19289E-01 
7.90998E+01 4.44997E-01  -8.20304E-06 5.14288E-01 
7.91998E+01 4.39997E-01  -8.41373E-06 5.09293E-01 
7.92998E+01 4.34997E-01  -8.63502E-06 5.04278E-01 
7.93998E+01 4.29997E-01  -8.86777E-06 4.99298E-01 
7.94998E+01 4.24997E-01  -9.12012E-06 4.94300E-01 
7.95998E+01 4.19997E-01  -9.37285E-06 4.89309E-01 
7.96998E+01 4.14997E-01  -9.65367E-06 4.84288E-01 
7.97998E+01 4.09997E-01  -9.92261E-06 4.79294E-01 
7.98998E+01 4.04997E-01  -1.02258E-05 4.74268E-01 
7.99998E+01 3.99997E-01  -1.05370E-05 4.69273E-01 
8.00998E+01 3.94997E-01  -1.08475E-05 4.64270E-01 
8.01998E+01 3.89997E-01  -1.11901E-05 4.59255E-01 
8.02998E+01 3.84997E-01  -1.15496E-05 4.54228E-01 
8.03998E+01 3.79997E-01  -1.19299E-05 4.49227E-01 
8.04998E+01 3.74997E-01  -1.23251E-05 4.44214E-01 
8.05998E+01 3.69997E-01  -1.27284E-05 4.39245E-01 
8.06998E+01 3.64997E-01  -1.31614E-05 4.34252E-01 
8.07998E+01 3.59997E-01  -1.36150E-05 4.29230E-01 
8.08998E+01 3.54997E-01  -1.40772E-05 4.24229E-01 
8.09998E+01 3.49997E-01  -1.45518E-05 4.19240E-01 
8.10998E+01 3.44997E-01  -1.50508E-05 4.14260E-01 
8.11998E+01 3.39997E-01  -1.55670E-05 4.09239E-01 
8.12998E+01 3.34997E-01  -1.61003E-05 4.04233E-01 
8.13998E+01 3.29997E-01  -1.66471E-05 3.99218E-01 
8.14998E+01 3.24997E-01  -1.72207E-05 3.94249E-01 
8.15998E+01 3.19997E-01  -1.78074E-05 3.89214E-01 
8.16998E+01 3.14997E-01  -1.84041E-05 3.84208E-01 
8.17998E+01 3.09997E-01  -1.90193E-05 3.79219E-01 
8.18998E+01 3.04997E-01  -1.96164E-05 3.74225E-01 
8.19998E+01 2.99997E-01  -2.02630E-05 3.69214E-01 
8.20998E+01 2.94997E-01  -2.09299E-05 3.64193E-01 
8.21998E+01 2.89997E-01  -2.16087E-05 3.59214E-01 
8.22998E+01 2.84997E-01  -2.23029E-05 3.54219E-01 
8.23998E+01 2.79997E-01  -2.30037E-05 3.49196E-01 
8.24998E+01 2.74997E-01  -2.37211E-05 3.44179E-01 
8.25998E+01 2.69997E-01  -2.44602E-05 3.39176E-01 
8.26998E+01 2.64997E-01  -2.52034E-05 3.34179E-01 
8.27998E+01 2.59997E-01  -2.59554E-05 3.29203E-01 
8.28998E+01 2.54997E-01  -2.67310E-05 3.24192E-01 
8.29998E+01 2.49997E-01  -2.75038E-05 3.19180E-01 
8.30998E+01 2.44997E-01  -2.82834E-05 3.14182E-01 
8.31998E+01 2.39997E-01  -2.90827E-05 3.09163E-01 
8.32998E+01 2.34997E-01  -2.98783E-05 3.04181E-01 
8.33998E+01 2.29997E-01  -3.06804E-05 2.99169E-01 
8.34998E+01 2.24997E-01  -3.14877E-05 2.94156E-01 
8.35998E+01 2.19997E-01  -3.22943E-05 2.89143E-01 
8.36998E+01 2.14997E-01  -3.30958E-05 2.84174E-01 
8.37998E+01 2.09997E-01  -3.39048E-05 2.79149E-01 
8.38998E+01 2.04997E-01  -3.47049E-05 2.74149E-01 
8.39998E+01 1.99997E-01  -3.54926E-05 2.69135E-01 
8.40998E+01 1.94998E-01  -3.62876E-05 2.64151E-01 
8.41998E+01 1.89998E-01  -3.70599E-05 2.59152E-01 
8.42998E+01 1.84998E-01  -3.78242E-05 2.54128E-01 
8.43998E+01 1.79998E-01  -3.86063E-05 2.49132E-01 
8.44998E+01 1.74998E-01  -3.93942E-05 2.44145E-01 
8.45998E+01 1.69998E-01  -4.01661E-05 2.39164E-01 
8.46998E+01 1.64998E-01  -4.08877E-05 2.34135E-01 
8.47998E+01 1.59998E-01  -4.16065E-05 2.29149E-01 
8.48998E+01 1.54998E-01  -4.23103E-05 2.24135E-01 
8.49998E+01 1.49998E-01  -4.29752E-05 2.19145E-01 
8.50998E+01 1.44998E-01  -4.36296E-05 2.14117E-01 
8.51998E+01 1.39998E-01  -4.42789E-05 2.09111E-01 
8.52998E+01 1.34998E-01  -4.49107E-05 2.04114E-01 
8.53998E+01 1.29998E-01  -4.55519E-05 1.99131E-01 
8.54998E+01 1.24998E-01  -4.61461E-05 1.94123E-01 
8.55998E+01 1.19998E-01  -4.67519E-05 1.89122E-01 
8.56998E+01 1.14998E-01  -4.73519E-05 1.84132E-01 
8.57998E+01 1.09998E-01  -4.79038E-05 1.79122E-01 
8.58998E+01 1.04998E-01  -4.84437E-05 1.74100E-01 
8.59998E+01 9.99977E-02  -4.90084E-05 1.69093E-01 
8.60998E+01 9.49978E-02  -4.95594E-05 1.64109E-01 
8.61998E+01 8.99978E-02  -5.00662E-05 1.59103E-01 
8.62998E+01 8.49978E-02  -5.05482E-05 1.54100E-01 
8.63998E+01 7.99978E-02  -5.10268E-05 1.49077E-01 
8.64998E+01 7.49978E-02  -5.15179E-05 1.44096E-01 
8.65998E+01 6.99978E-02  -5.20044E-05 1.39080E-01 
8.66998E+01 6.49978E-02  -5.24938E-05 1.34083E-01 
8.67998E+01 5.99978E-02  -5.29978E-05 1.29083E-01 
8.68998E+01 5.49979E-02  -5.34753E-05 1.24072E-01 
8.69998E+01 4.99979E-02  -5.39301E-05 1.19086E-01 
8.70998E+01 4.49979E-02  -5.43710E-05 1.14056E-01 
8.71998E+01 3.99979E-02  -5.48136E-05 1.09042E-01 
8.72998E+01 3.49979E-02  -5.52549E-05 1.04049E-01 
8.73998E+01 2.99979E-02  -5.56666E-05 9.90510E-02 
8.74998E+01 2.49979E-02  -5.60592E-05 9.40901E-02 
8.75998E+01 1.99979E-02  -5.64554E-05 8.90548E-02 
8.76998E+01 1.49980E-02  -5.68411E-05 8.40458E-02 
8.77998E+01 9.99797E-03  -5.72070E-05 7.90336E-02 
8.78998E+01 4.99799E-03  -5.75626E-05 7.40227E-02 
8.79998E+01 -2.00000E-06 -5.79073E-05 6.90305E-02 
8.80998E+01 -5.00199E-03 -5.82173E-05 6.40639E-02 
8.81998E+01 -1.00020E-02 -5.85216E-05 5.90524E-02 
8.82998E+01 -1.50020E-02 -5.87930E-05 5.40484E-02 
8.83998E+01 -2.00020E-02 -5.90656E-05 4.90531E-02 
8.84998E+01 -2.50019E-02 -5.93097E-05 4.40372E-02 
8.85998E+01 -3.00019E-02 -5.95671E-05 3.90512E-02 
8.86998E+01 -3.50019E-02 -5.98467E-05 3.40359E-02 
8.87998E+01 -4.00019E-02 -6.01273E-05 2.90288E-02 
8.88998E+01 -4.50019E-02 -6.03790E-05 2.40310E-02 
8.89998E+01 -5.00019E-02 -6.06263E-05 1.90525E-02 
8.90998E+01 -5.50019E-02 -6.08892E-05 1.40410E-02 
8.91998E+01 -6.00019E-02 -6.11398E-05 9.03257E-03 
8.92998E+01 -6.50018E-02 -6.13925E-05 4.01669E-03 
8.93998E+01 -7.00018E-02 -6.16489E-05 -9.67335E-04
8.94998E+01 -7.50018E-02 -6.19105E-05 -5.98638E-03
8.95998E+01 -8.00018E-02 -6.21769E-05 -1.09705E-02
8.96998E+01 -8.50018E-02 -6.24494E-05 -1.60038E-02
8.97998E+01 -9.00018E-02 -6.27216E-05 -2.10191E-02
8.98998E+01 -9.50018E-02 -6.30045E-05 -2.59907E-02
8.99998E+01 -1.00002E-01 -6.32889E-05 -3.09841E-02
9.00998E+01 -1.05002E-01 -6.35909E-05 -3.60263E-02
9.01998E+01 -1.10002E-01 -6.39023E-05 -4.10172E-02
9.02998E+01 -1.15002E-01 -6.42100E-05 -4.60012E-02
9.03998E+01 -1.20002E-01 -6.45240E-05 -5.09891E-02
9.04998E+01 -1.25002E-01 -6.48525E-05 -5.60181E-02
9.05998E+01 -1.30002E-01 -6.51906E-05 -6.10389E-02
9.06998E+01 -1.35002E-01 -6.55380E-05 -6.59987E-02
9.07998E+01 -1.40002E-01 -6.58913E-05 -7.10102E-02
9.08998E+01 -1.45002E-01 -6.62755E-05 -7.60105E-02
9.09998E+01 -1.50002E-01 -6.66649E-05 -8.10189E-02
9.10998E+01 -1.55002E-01 -6.70598E-05 -8.60292E-02
9.11998E+01 -1.60002E-01 -6.74934E-05 -9.10201E-02
9.12998E+01 -1.65002E-01 -6.79382E-05 -9.60304E-02
9.13998E+01 -1.70002E-01 -6.83910E-05 -1.01057E-01
9.14998E+01 -1.75002E-01 -6.88695E-05 -1.06054E-01
9.15998E+01 -1.80002E-01 -6.93884E-05 -1.11033E-01
9.16998E+01 -1.85002E-01 -6.99330E-05 -1.16065E-01
9.17998E+01 -1.90002E-01 -7.05220E-05 -1.21072E-01
9.18998E+01 -1.95002E-01 -7.11811E-05 -1.26046E-01
9.19998E+01 -2.00002E-01 -7.19056E-05 -1.31044E-01
9.20998E+01 -2.05001E-01 -7.27754E-05 -1.36051E-01
9.21998E+01 -2.10001E-01 -7.37776E-05 -1.41059E-01
9.22998E+01 -2.15001E-01 -7.49688E-05 -1.46071E-01
9.23998E+01 -2.20001E-01 -7.63816E-05 -1.51052E-01
9.24998E+01 -2.25001E-01 -7.79535E-05 -1.56058E-01
9.25998E+01 -2.30001E-01 -7.96801E-05 -1.61059E-01
9.26998E+01 -2.35001E-01 -8.15316E-05 -1.66083E-01
9.27998E+01 -2.40001E-01 -8.35076E-05 -1.71055E-01
9.28998E+01 -2.45001E-01 -8.55509E-05 -1.76067E-01
9.29998E+01 -2.50001E-01 -8.76453E-05 -1.81079E-01
9.30998E+01 -2.55001E-01 -8.97578E-05 -1.86068E-01
9.31998E+01 -2.60001E-01 -9.19163E-05 -1.91058E-01
9.32998E+01 -2.65001E-01 -9.41102E-05 -1.96084E-01
9.33998E+01 -2.70001E-01 -9.63891E-05 -2.01097E-01
9.34998E+01 -2.75001E-01 -9.86547E-05 -2.06095E-01
9.35998E+01 -2.80001E-01 -1.00777E-04 -2.11090E-01
9.36998E+01 -2.85001E-01 -1.02991E-04 -2.16086E-01
9.37998E+01 -2.90001E-01 -1.05310E-04 -2.21110E-01
9.38998E+01 -2.95001E-01 -1.07670E-04 -2.26120E-01
9.39998E+01 -3.00001E-01 -1.09900E-04 -2.31105E-01
9.40998E+01 -3.05001E-01 -1.12238E-04 -2.36119E-01
9.41998E+01 -3.10001E-01 -1.14094E-04 -2.41128E-01
9.42998E+01 -3.15001E-01 -1.16064E-04 -2.46119E-01
9.43998E+01 -3.20001E-01 -1.17904E-04 -2.51121E-01
9.44998E+01 -3.25001E-01 -1.19963E-04 -2.56132E-01
9.45998E+01 -3.30001E-01 -1.21473E-04 -2.61160E-01
9.46998E+01 -3.35001E-01 -1.23179E-04 -2.66132E-01
9.47998E+01 -3.40001E-01 -1.25137E-04 -2.71103E-01
9.48998E+01 -3.45001E-01 -1.26732E-04 -2.76145E-01
9.49998E+01 -3.50001E-01 -1.28319E-04 -2.81146E-01
9.50998E+01 -3.55001E-01 -1.29266E-04 -2.86135E-01
9.51998E+01 -3.60001E-01 -1.31022E-04 -2.91133E-01
9.52998E+01 -3.65001E-01 -1.34770E-04 -2.96138E-01
9.53998E+01 -3.70001E-01 -1.37592E-04 -3.01145E-01
9.54998E+01 -3.75001E-01 -1.39033E-04 -3.06168E-01
9.55998E+01 -3.80001E-01 -1.41236E-04 -3.11156E-01
9.56998E+01 -3.85001E-01 -1.44381E-04 -3.16148E-01
9.57998E+01 -3.90001E-01 -1.48200E-04 -3.21150E-01
9.58998E+01 -3.95001E-01 -1.50924E-04 -3.26164E-01
9.59998E+01 -4.00001E-01 -1.53431E-04 -3.31193E-01
9.60998E+01 -4.05001E-01 -1.54634E-04 -3.36189E-01
9.61998E+01 -4.10001E-01 -1.55818E-04 -3.41169E-01
9.62998E+01 -4.15001E-01 -1.57324E-04 -3.46188E-01
9.63998E+01 -4.20001E-01 -1.58039E-04 -3.51175E-01
9.64998E+01 -4.25001E-01 -1.58235E-04 -3.56202E-01
9.65998E+01 -4.30001E-01 -1.59079E-04 -3.61211E-01
9.66998E+01 -4.35001E-01 -1.55677E-04 -3.66196E-01
9.67998E+01 -4.40001E-01 -1.53262E-04 -3.71203E-01
9.68998E+01 -4.45001E-01 -1.52646E-04 -3.76209E-01
9.69998E+01 -4.50001E-01 -1.58773E-04 -3.81221E-01
9.70998E+01 -4.55001E-01 -1.63561E-04 -3.86207E-01
9.71998E+01 -4.60001E-01 -1.64864E-04 -3.91230E-01
9.72998E+01 -4.65001E-01 -1.69096E-04 -3.96230E-01
9.73998E+01 -4.70001E-01 -1.71040E-04 -4.01224E-01
9.74998E+01 -4.75001E-01 -1.74811E-04 -4.06221E-01
9.75998E+01 -4.80001E-01 -1.78643E-04 -4.11221E-01
9.76998E+01 -4.85001E-01 -1.81406E-04 -4.16254E-01
9.77998E+01 -4.90001E-01 -1.82365E-04 -4.21222E-01
9.78998E+01 -4.95001E-01 -1.82897E-04 -4.26212E-01
9.79998E+01 -5.00001E-01 -1.84356E-04 -4.31221E-01
9.80998E+01 -5.05001E-01 -1.85964E-04 -4.36231E-01
9.81998E+01 -5.10001E-01 -1.87380E-04 -4.41232E-01
9.82998E+01 -5.15001E-01 -1.89021E-04 -4.46232E-01
9.83998E+01 -5.20001E-01 -1.90602E-04 -4.51251E-01
9.84998E+01 -5.25001E-01 -1.92001E-04 -4.56252E-01
9.85998E+01 -5.30001E-01 -1.93370E-04 -4.61239E-01
9.86998E+01 -5.35001E-01 -1.94754E-04 -4.66222E-01
9.87998E+01 -5.40001E-01 -1.96110E-04 -4.71271E-01
9.88998E+01 -5.45001E-01 -1.97494E-04 -4.76240E-01
9.89998E+01 -5.50001E-01 -1.98883E-04 -4.81239E-01
9.90998E+01 -5.55001E-01 -2.00131E-04 -4.86270E-01
9.91998E+01 -5.60001E-01 -2.01320E-04 -4.91266E-01
9.92998E+01 -5.65001E-01 -2.02584E-04 -4.96290E-01
9.93998E+01 -5.70001E-01 -2.03741E-04 -5.01249E-01
9.94998E+01 -5.75001E-01 -2.04973E-04 -5.06278E-01
9.95998E+01 -5.80001E-01 -2.06153E-04 -5.11277E-01
9.96998E+01 -5.85001E-01 -2.07390E-04 -5.16291E-01
9.97998E+01 -5.90001E-01 -2.08688E-04 -5.21271E-01
9.98998E+01 -5.95001E-01 -2.10009E-04 -5.26289E-01
9.99997E+01 -6.00001E-01 -2.10853E-04 -5.31302E-01
1.00100E+02 -6.05000E-01 -2.12157E-04 -5.36294E-01
1.00200E+02 -6.10000E-01 -2.13338E-04 -5.41279E-01
1.00300E+02 -6.15000E-01 -2.14585E-04 -5.46294E-01
1.00400E+02 -6.20000E-01 -2.15949E-04 -5.51310E-01
1.00500E+02 -6.25000E-01 -2.17200E-04 -5.56315E-01
1.00600E+02 -6.30000E-01 -2.18442E-04 -5.61286E-01
1.00700E+02 -6.35000E-01 -2.19707E-04 -5.66282E-01
1.00800E+02 -6.40000E-01 -2.20990E-04 -5.71295E-01
1.00900E+02 -6.45000E-01 -2.22176E-04 -5.76314E-01
1.01000E+02 -6.50000E-01 -2.23446E-04 -5.81301E-01
1.01100E+02 -6.55000E-01 -2.24656E-04 -5.86309E-01
1.01200E+02 -6.60000E-01 -2.25802E-04 -5.91298E-01
1.01300E+02 -6.65000E-01 -2.26889E-04 -5.96310E-01
1.01400E+02 -6.70000E-01 -2.27829E-04 -6.01326E-01
1.01500E+02 -6.75000E-01 -2.28676E-04 -6.06326E-01
1.01600E+02 -6.80000E-01 -2.29300E-04 -6.11326E-01
1.01700E+02 -6.85000E-01 -2.29589E-04 -6.16330E-01
1.01800E+02 -6.90000E-01 -2.29257E-04 -6.21347E-01
1.01900E+02 -6.95000E-01 -2.28011E-04 -6.26325E-01
1.02000E+02 -7.00000E-01 -2.25254E-04 -6.31329E-01
1.02100E+02 -7.05000E-01 -2.19932E-04 -6.36353E-01
1.02200E+02 -7.10000E-01 -2.10012E-04 -6.41337E-01
1.02300E+02 -7.15000E-01 -1.91959E-04 -6.46329E-01
1.02400E+02 -7.20000E-01 -1.68839E-04 -6.51350E-01
1.02500E+02 -7.25000E-01 -1.47669E-04 -6.56397E-01
1.02600E+02 -7.30000E-01 -1.34562E-04 -6.61391E-01
1.02700E+02 -7.35000E-01 -1.26177E-04 -6.66403E-01
1.02800E+02 -7.40000E-01 -1.19974E-04 -6.71365E-01
1.02900E+02 -7.45000E-01 -1.15041E-04 -6.76403E-01
1.03000E+02 -7.50000E-01 -1.10542E-04 -6.81407E-01
1.03100E+02 -7.55000E-01 -1.06989E-04 -6.86400E-01
1.03200E+02 -7.60000E-01 -1.03876E-04 -6.91397E-01
1.03300E+02 -7.65000E-01 -1.00629E-04 -6.96411E-01
1.03400E+02 -7.70000E-01 -9.75455E-05 -7.01413E-01
1.03500E+02 -7.75000E-01 -9.47908E-05 -7.06406E-01
1.03600E+02 -7.80000E-01 -9.23441E-05 -7.11395E-01
1.03700E+02 -7.85000E-01 -9.00894E-05 -7.16417E-01
1.03800E+02 -7.90000E-01 -8.80031E-05 -7.21421E-01
1.03900E+02 -7.95000E-01 -8.60909E-05 -7.26394E-01
