time/s      E/V        I/A
0.00000E+00 -8.00000E-01 -4.27856E-05 -7.17701E-01
9.99997E-02 -7.95000E-01 -4.11420E-05 -7.12671E-01
1.99999E-01 -7.90000E-01 -3.98133E-05 -7.07687E-01
2.99999E-01 -7.85000E-01 -3.86234E-05 -7.02664E-01
3.99999E-01 -7.80000E-01 -3.75325E-05 -6.97694E-01
4.99999E-01 -7.75000E-01 -3.69883E-05 -6.92669E-01
5.99998E-01 -7.70000E-01 -3.60477E-05 -6.87667E-01
6.99998E-01 -7.65000E-01 -3.51586E-05 -6.82697E-01
7.99998E-01 -7.60000E-01 -3.43231E-05 -6.77701E-01
8.99998E-01 -7.55000E-01 -3.35222E-05 -6.72681E-01
9.99997E-01 -7.50000E-01 -3.27656E-05 -6.67671E-01
1.10000E+00 -7.45000E-01 -3.20251E-05 -6.62681E-01
1.20000E+00 -7.40000E-01 -3.13296E-05 -6.57683E-01
1.30000E+00 -7.35000E-01 -3.06401E-05 -6.52650E-01
1.40000E+00 -7.30000E-01 -2.99768E-05 -6.47622E-01
1.50000E+00 -7.25000E-01 -2.93370E-05 -6.42640E-01
1.60000E+00 -7.20000E-01 -2.87335E-05 -6.37648E-01
1.70000E+00 -7.15000E-01 -2.81349E-05 -6.32638E-01
1.80000E+00 -7.10000E-01 -2.75453E-05 -6.27628E-01
1.90000E+00 -7.05000E-01 -2.69810E-05 -6.22627E-01
1.99999E+00 -7.00000E-01 -2.64256E-05 -6.17630E-01
2.09999E+00 -6.95000E-01 -2.58882E-05 -6.12624E-01
2.19999E+00 -6.90000E-01 -2.53740E-05 -6.07599E-01
2.29999E+00 -6.85000E-01 -2.48646E-05 -6.02596E-01
2.39999E+00 -6.80000E-01 -2.43759E-05 -5.97586E-01
2.49999E+00 -6.75000E-01 -2.38827E-05 -5.92597E-01
2.59999E+00 -6.70000E-01 -2.34047E-05 -5.87601E-01
2.69999E+00 -6.65000E-01 -2.29461E-05 -5.82589E-01
2.79999E+00 -6.60000E-01 -2.24930E-05 -5.77579E-01
2.89999E+00 -6.55000E-01 -2.20413E-05 -5.72594E-01
2.99999E+00 -6.50000E-01 -2.16081E-05 -5.67581E-01
3.09999E+00 -6.45000E-01 -2.11630E-05 -5.62574E-01
3.19999E+00 -6.40000E-01 -2.07214E-05 -5.57581E-01
3.29999E+00 -6.35000E-01 -2.03012E-05 -5.52594E-01
3.39999E+00 -6.30000E-01 -1.99161E-05 -5.47580E-01
3.49999E+00 -6.25000E-01 -1.94898E-05 -5.42558E-01
3.59999E+00 -6.20000E-01 -1.90838E-05 -5.37573E-01
3.69999E+00 -6.15000E-01 -1.86849E-05 -5.32566E-01
3.79999E+00 -6.10000E-01 -1.82943E-05 -5.27580E-01
3.89999E+00 -6.05000E-01 -1.79380E-05 -5.22576E-01
3.99999E+00 -6.00001E-01 -1.75541E-05 -5.17564E-01
4.09999E+00 -5.95001E-01 -1.71808E-05 -5.12564E-01
4.19999E+00 -5.90001E-01 -1.68150E-05 -5.07575E-01
4.29999E+00 -5.85001E-01 -1.64692E-05 -5.02551E-01
4.39999E+00 -5.80001E-01 -1.61251E-05 -4.97561E-01
4.49999E+00 -5.75001E-01 -1.57732E-05 -4.92538E-01
4.59999E+00 -5.70001E-01 -1.54330E-05 -4.87518E-01
4.69999E+00 -5.65001E-01 -1.51046E-05 -4.82498E-01
4.79999E+00 -5.60001E-01 -1.47835E-05 -4.77537E-01
4.89999E+00 -5.55001E-01 -1.44734E-05 -4.72533E-01
4.99999E+00 -5.50001E-01 -1.41725E-05 -4.67527E-01
5.09999E+00 -5.45001E-01 -1.38688E-05 -4.62528E-01
5.19999E+00 -5.40001E-01 -1.35715E-05 -4.57531E-01
5.29999E+00 -5.35001E-01 -1.32802E-05 -4.52523E-01
5.39999E+00 -5.30001E-01 -1.29903E-05 -4.47508E-01
5.49999E+00 -5.25001E-01 -1.27090E-05 -4.42542E-01
5.59999E+00 -5.20001E-01 -1.24344E-05 -4.37532E-01
5.69999E+00 -5.15001E-01 -1.21591E-05 -4.32517E-01
5.79999E+00 -5.10001E-01 -1.18920E-05 -4.27526E-01
5.89999E+00 -5.05001E-01 -1.16313E-05 -4.22526E-01
5.99998E+00 -5.00001E-01 -1.13721E-05 -4.17528E-01
6.09998E+00 -4.95001E-01 -1.11161E-05 -4.12507E-01
6.19998E+00 -4.90001E-01 -1.08624E-05 -4.07496E-01
6.29998E+00 -4.85001E-01 -1.06155E-05 -4.02517E-01
6.39998E+00 -4.80001E-01 -1.03670E-05 -3.97494E-01
6.49998E+00 -4.75001E-01 -1.01211E-05 -3.92479E-01
6.59998E+00 -4.70001E-01 -9.87711E-06 -3.87462E-01
6.69998E+00 -4.65001E-01 -9.63785E-06 -3.82479E-01
6.79998E+00 -4.60001E-01 -9.40200E-06 -3.77500E-01
6.89998E+00 -4.55001E-01 -9.17221E-06 -3.72485E-01
6.99998E+00 -4.50001E-01 -8.94056E-06 -3.67469E-01
7.09998E+00 -4.45001E-01 -8.71055E-06 -3.62453E-01
7.19998E+00 -4.40001E-01 -8.48270E-06 -3.57498E-01
7.29998E+00 -4.35001E-01 -8.25811E-06 -3.52483E-01
7.39998E+00 -4.30001E-01 -8.03463E-06 -3.47475E-01
7.49998E+00 -4.25001E-01 -7.80722E-06 -3.42458E-01
7.59998E+00 -4.20001E-01 -7.58672E-06 -3.37459E-01
7.69998E+00 -4.15001E-01 -7.36530E-06 -3.32443E-01
7.79998E+00 -4.10001E-01 -7.14892E-06 -3.27460E-01
7.89998E+00 -4.05001E-01 -6.93308E-06 -3.22453E-01
7.99998E+00 -4.00001E-01 -6.72163E-06 -3.17451E-01
8.09998E+00 -3.95001E-01 -6.51108E-06 -3.12448E-01
8.19998E+00 -3.90001E-01 -6.30230E-06 -3.07454E-01
8.29998E+00 -3.85001E-01 -6.09608E-06 -3.02464E-01
8.39998E+00 -3.80001E-01 -5.89005E-06 -2.97433E-01
8.49998E+00 -3.75001E-01 -5.68720E-06 -2.92448E-01
8.59998E+00 -3.70001E-01 -5.48988E-06 -2.87458E-01
8.69998E+00 -3.65001E-01 -5.29365E-06 -2.82446E-01
8.79998E+00 -3.60001E-01 -5.10007E-06 -2.77438E-01
8.89998E+00 -3.55001E-01 -4.90667E-06 -2.72422E-01
8.99998E+00 -3.50001E-01 -4.71437E-06 -2.67430E-01
9.09998E+00 -3.45001E-01 -4.52351E-06 -2.62430E-01
9.19998E+00 -3.40001E-01 -4.33308E-06 -2.57421E-01
9.29998E+00 -3.35001E-01 -4.14550E-06 -2.52404E-01
9.39998E+00 -3.30001E-01 -3.95215E-06 -2.47410E-01
9.49998E+00 -3.25001E-01 -3.75760E-06 -2.42420E-01
9.59998E+00 -3.20001E-01 -3.56139E-06 -2.37413E-01
9.69998E+00 -3.15001E-01 -3.40715E-06 -2.32381E-01
9.79998E+00 -3.10001E-01 -3.20928E-06 -2.27390E-01
9.89998E+00 -3.05001E-01 -3.00984E-06 -2.22414E-01
9.99997E+00 -3.00001E-01 -2.80814E-06 -2.17403E-01
1.01000E+01 -2.95001E-01 -2.60705E-06 -2.12379E-01
1.02000E+01 -2.90001E-01 -2.39784E-06 -2.07404E-01
1.03000E+01 -2.85001E-01 -2.19026E-06 -2.02426E-01
1.04000E+01 -2.80001E-01 -1.98500E-06 -1.97437E-01
1.05000E+01 -2.75001E-01 -1.80468E-06 -1.92405E-01
1.06000E+01 -2.70001E-01 -1.58762E-06 -1.87419E-01
1.07000E+01 -2.65001E-01 -1.37696E-06 -1.82434E-01
1.08000E+01 -2.60001E-01 -1.16265E-06 -1.77414E-01
1.09000E+01 -2.55001E-01 -9.40249E-07 -1.72397E-01
1.10000E+01 -2.50001E-01 -7.53411E-07 -1.67380E-01
1.11000E+01 -2.45001E-01 -5.20775E-07 -1.62381E-01
1.12000E+01 -2.40001E-01 -3.05332E-07 -1.57375E-01
1.13000E+01 -2.35001E-01 -9.44702E-08 -1.52370E-01
1.14000E+01 -2.30001E-01 1.08859E-07  -1.47381E-01
1.15000E+01 -2.25001E-01 3.45682E-07  -1.42394E-01
1.16000E+01 -2.20001E-01 5.15284E-07  -1.37366E-01
1.17000E+01 -2.15001E-01 7.34627E-07  -1.32352E-01
1.18000E+01 -2.10001E-01 9.59122E-07  -1.27369E-01
1.19000E+01 -2.05001E-01 1.20061E-06  -1.22387E-01
1.20000E+01 -2.00002E-01 1.44413E-06  -1.17364E-01
1.21000E+01 -1.95002E-01 1.66775E-06  -1.12347E-01
1.22000E+01 -1.90002E-01 1.84722E-06  -1.07365E-01
1.23000E+01 -1.85002E-01 2.11517E-06  -1.02344E-01
1.24000E+01 -1.80002E-01 2.41087E-06  -9.73482E-02
1.25000E+01 -1.75002E-01 2.66098E-06  -9.23392E-02
1.26000E+01 -1.70002E-01 2.92699E-06  -8.73377E-02
1.27000E+01 -1.65002E-01 3.19424E-06  -8.23355E-02
1.28000E+01 -1.60002E-01 3.46026E-06  -7.73296E-02
1.29000E+01 -1.55002E-01 3.72110E-06  -7.23287E-02
1.30000E+01 -1.50002E-01 3.98958E-06  -6.73146E-02
1.31000E+01 -1.45002E-01 4.26860E-06  -6.23481E-02
1.32000E+01 -1.40002E-01 4.56373E-06  -5.73334E-02
1.33000E+01 -1.35002E-01 4.87954E-06  -5.22944E-02
1.34000E+01 -1.30002E-01 5.21093E-06  -4.72910E-02
1.35000E+01 -1.25002E-01 5.55528E-06  -4.23176E-02
1.36000E+01 -1.20002E-01 5.92241E-06  -3.73141E-02
1.37000E+01 -1.15002E-01 6.33388E-06  -3.23282E-02
1.38000E+01 -1.10002E-01 6.77058E-06  -2.72998E-02
1.39000E+01 -1.05002E-01 7.20606E-06  -2.23032E-02
1.40000E+01 -1.00002E-01 7.68603E-06  -1.73186E-02
1.41000E+01 -9.50018E-02 8.21131E-06  -1.23002E-02
1.42000E+01 -9.00018E-02 8.77001E-06  -7.29984E-03
1.43000E+01 -8.50018E-02 9.36166E-06  -2.29646E-03
1.44000E+01 -8.00018E-02 1.00024E-05  2.70697E-03 
1.45000E+01 -7.50018E-02 1.06917E-05  7.71229E-03 
1.46000E+01 -7.00018E-02 1.13821E-05  1.27026E-02 
1.47000E+01 -6.50018E-02 1.22188E-05  1.77272E-02 
1.48000E+01 -6.00019E-02 1.30735E-05  2.26901E-02 
1.49000E+01 -5.50019E-02 1.40165E-05  2.77191E-02 
1.50000E+01 -5.00019E-02 1.50311E-05  3.27237E-02 
1.51000E+01 -4.50019E-02 1.61228E-05  3.77334E-02 
1.52000E+01 -4.00019E-02 1.73028E-05  4.27268E-02 
1.53000E+01 -3.50019E-02 1.85828E-05  4.77377E-02 
1.54000E+01 -3.00019E-02 1.99515E-05  5.27499E-02 
1.55000E+01 -2.50019E-02 2.14001E-05  5.77539E-02 
1.56000E+01 -2.00020E-02 2.29748E-05  6.27542E-02 
1.57000E+01 -1.50020E-02 2.45365E-05  6.77333E-02 
1.58000E+01 -1.00020E-02 2.62046E-05  7.27286E-02 
1.59000E+01 -5.00199E-03 2.79413E-05  7.77339E-02 
1.60000E+01 -2.00000E-06 2.97521E-05  8.27604E-02 
1.61000E+01 4.99799E-03  3.16825E-05  8.77426E-02 
1.62000E+01 9.99797E-03  3.36543E-05  9.27317E-02 
1.63000E+01 1.49980E-02  3.57081E-05  9.77475E-02 
1.64000E+01 1.99979E-02  3.77762E-05  1.02745E-01 
1.65000E+01 2.49979E-02  3.98453E-05  1.07741E-01 
1.66000E+01 2.99979E-02  4.18993E-05  1.12745E-01 
1.67000E+01 3.49979E-02  4.39389E-05  1.17761E-01 
1.68000E+01 3.99979E-02  4.59949E-05  1.22778E-01 
1.69000E+01 4.49979E-02  4.81240E-05  1.27752E-01 
1.70000E+01 4.99979E-02  5.03472E-05  1.32768E-01 
1.71000E+01 5.49979E-02  5.22785E-05  1.37774E-01 
1.72000E+01 5.99978E-02  5.42922E-05  1.42797E-01 
1.73000E+01 6.49978E-02  5.62999E-05  1.47763E-01 
1.74000E+01 6.99978E-02  5.82445E-05  1.52790E-01 
1.75000E+01 7.49978E-02  6.01851E-05  1.57808E-01 
1.76000E+01 7.99978E-02  6.20646E-05  1.62779E-01 
1.77000E+01 8.49978E-02  6.36878E-05  1.67815E-01 
1.78000E+01 8.99978E-02  6.51621E-05  1.72798E-01 
1.79000E+01 9.49978E-02  6.64749E-05  1.77795E-01 
1.80000E+01 9.99977E-02  6.79241E-05  1.82808E-01 
1.81000E+01 1.04998E-01  6.93364E-05  1.87802E-01 
1.82000E+01 1.09998E-01  7.06119E-05  1.92816E-01 
1.83000E+01 1.14998E-01  7.10652E-05  1.97813E-01 
1.84000E+01 1.19998E-01  7.20270E-05  2.02817E-01 
1.85000E+01 1.24998E-01  7.28258E-05  2.07815E-01 
1.86000E+01 1.29998E-01  7.34900E-05  2.12817E-01 
1.87000E+01 1.34998E-01  7.39392E-05  2.17845E-01 
1.88000E+01 1.39998E-01  7.39791E-05  2.22854E-01 
1.89000E+01 1.44998E-01  7.38875E-05  2.27814E-01 
1.90000E+01 1.49998E-01  7.36618E-05  2.32823E-01 
1.91000E+01 1.54998E-01  7.32529E-05  2.37838E-01 
1.92000E+01 1.59998E-01  7.28173E-05  2.42824E-01 
1.93000E+01 1.64998E-01  7.22075E-05  2.47830E-01 
1.94000E+01 1.69998E-01  7.16215E-05  2.52855E-01 
1.95000E+01 1.74998E-01  7.08605E-05  2.57843E-01 
1.96000E+01 1.79998E-01  7.03027E-05  2.62853E-01 
1.97000E+01 1.84998E-01  6.99038E-05  2.67868E-01 
1.98000E+01 1.89998E-01  6.95144E-05  2.72848E-01 
1.99000E+01 1.94998E-01  6.89047E-05  2.77852E-01 
1.99999E+01 1.99997E-01  6.80239E-05  2.82863E-01 
2.00999E+01 2.04997E-01  6.67895E-05  2.87839E-01 
2.01999E+01 2.09997E-01  6.53703E-05  2.92842E-01 
2.02999E+01 2.14997E-01  6.40171E-05  2.97848E-01 
2.03999E+01 2.19997E-01  6.28127E-05  3.02861E-01 
2.04999E+01 2.24997E-01  6.19108E-05  3.07874E-01 
2.05999E+01 2.29997E-01  6.14717E-05  3.12855E-01 
2.06999E+01 2.34997E-01  6.13967E-05  3.17880E-01 
2.07999E+01 2.39997E-01  6.15615E-05  3.22862E-01 
2.08999E+01 2.44997E-01  6.18488E-05  3.27864E-01 
2.09999E+01 2.49997E-01  6.21485E-05  3.32896E-01 
2.10999E+01 2.54997E-01  6.24812E-05  3.37867E-01 
2.11999E+01 2.59997E-01  6.28339E-05  3.42866E-01 
2.12999E+01 2.64997E-01  6.31604E-05  3.47888E-01 
2.13999E+01 2.69997E-01  6.33829E-05  3.52902E-01 
2.14999E+01 2.74997E-01  6.35835E-05  3.57888E-01 
2.15999E+01 2.79997E-01  6.38138E-05  3.62862E-01 
2.16999E+01 2.84997E-01  6.39624E-05  3.67889E-01 
2.17999E+01 2.89997E-01  6.40683E-05  3.72882E-01 
2.18999E+01 2.94997E-01  6.41345E-05  3.77878E-01 
2.19999E+01 2.99997E-01  6.41486E-05  3.82874E-01 
2.20999E+01 3.04997E-01  6.41259E-05  3.87898E-01 
2.21999E+01 3.09997E-01  6.40608E-05  3.92923E-01 
2.22999E+01 3.14997E-01  6.39905E-05  3.97922E-01 
2.23999E+01 3.19997E-01  6.38883E-05  4.02931E-01 
2.24999E+01 3.24997E-01  6.37588E-05  4.07910E-01 
2.25999E+01 3.29997E-01  6.35961E-05  4.12917E-01 
2.26999E+01 3.34997E-01  6.34251E-05  4.17934E-01 
2.27999E+01 3.39997E-01  6.32519E-05  4.22911E-01 
2.28999E+01 3.44997E-01  6.30395E-05  4.27925E-01 
2.29999E+01 3.49997E-01  6.28122E-05  4.32928E-01 
2.30999E+01 3.54997E-01  6.25487E-05  4.37939E-01 
2.31999E+01 3.59997E-01  6.22787E-05  4.42925E-01 
2.32999E+01 3.64997E-01  6.19923E-05  4.47917E-01 
2.33999E+01 3.69997E-01  6.17124E-05  4.52951E-01 
2.34999E+01 3.74997E-01  6.14328E-05  4.57965E-01 
2.35999E+01 3.79997E-01  6.11459E-05  4.62935E-01 
2.36999E+01 3.84997E-01  6.08490E-05  4.67963E-01 
2.37999E+01 3.89997E-01  6.05388E-05  4.72963E-01 
2.38999E+01 3.94997E-01  6.02175E-05  4.77976E-01 
2.39999E+01 3.99997E-01  5.98838E-05  4.82965E-01 
2.40999E+01 4.04997E-01  5.95374E-05  4.87982E-01 
2.41999E+01 4.09997E-01  5.91719E-05  4.92999E-01 
2.42999E+01 4.14997E-01  5.87976E-05  4.97988E-01 
2.43999E+01 4.19997E-01  5.84139E-05  5.02965E-01 
2.44999E+01 4.24997E-01  5.80036E-05  5.08005E-01 
2.45999E+01 4.29997E-01  5.75857E-05  5.13019E-01 
2.46999E+01 4.34997E-01  5.71453E-05  5.17991E-01 
2.47999E+01 4.39997E-01  5.66911E-05  5.22977E-01 
2.48999E+01 4.44997E-01  5.62144E-05  5.27997E-01 
2.49999E+01 4.49997E-01  5.57272E-05  5.33037E-01 
2.50999E+01 4.54997E-01  5.52213E-05  5.38020E-01 
2.51999E+01 4.59997E-01  5.46816E-05  5.42993E-01 
2.52999E+01 4.64997E-01  5.41421E-05  5.48010E-01 
2.53999E+01 4.69997E-01  5.36302E-05  5.53022E-01 
2.54999E+01 4.74997E-01  5.31122E-05  5.57984E-01 
2.55999E+01 4.79997E-01  5.25961E-05  5.62992E-01 
2.56999E+01 4.84997E-01  5.20771E-05  5.67996E-01 
2.57999E+01 4.89997E-01  5.15705E-05  5.73020E-01 
2.58999E+01 4.94997E-01  5.10763E-05  5.78006E-01 
2.59999E+01 4.99997E-01  5.06037E-05  5.83022E-01 
2.60999E+01 5.04997E-01  5.01457E-05  5.88016E-01 
2.61999E+01 5.09997E-01  4.97173E-05  5.93011E-01 
2.62999E+01 5.14997E-01  4.93169E-05  5.98034E-01 
2.63999E+01 5.19997E-01  4.89339E-05  6.03007E-01 
2.64999E+01 5.24997E-01  4.85698E-05  6.08024E-01 
2.65999E+01 5.29997E-01  4.82495E-05  6.13034E-01 
2.66999E+01 5.34997E-01  4.79590E-05  6.18039E-01 
2.67999E+01 5.39997E-01  4.76982E-05  6.23028E-01 
2.68999E+01 5.44997E-01  4.74550E-05  6.28062E-01 
2.69999E+01 5.49997E-01  4.72371E-05  6.33058E-01 
2.70999E+01 5.54997E-01  4.70372E-05  6.38082E-01 
2.71999E+01 5.59997E-01  4.68359E-05  6.43076E-01 
2.72999E+01 5.64997E-01  4.66921E-05  6.48065E-01 
2.73999E+01 5.69997E-01  4.65639E-05  6.53061E-01 
2.74999E+01 5.74997E-01  4.64428E-05  6.58060E-01 
2.75999E+01 5.79997E-01  4.63479E-05  6.63066E-01 
2.76999E+01 5.84997E-01  4.62576E-05  6.68070E-01 
2.77999E+01 5.89997E-01  4.61646E-05  6.73091E-01 
2.78999E+01 5.94997E-01  4.61041E-05  6.78075E-01 
2.79999E+01 5.99996E-01  4.60537E-05  6.83061E-01 
2.80999E+01 6.04996E-01  4.60125E-05  6.88063E-01 
2.81999E+01 6.09996E-01  4.59790E-05  6.93059E-01 
2.82999E+01 6.14996E-01  4.59514E-05  6.98077E-01 
2.83999E+01 6.19996E-01  4.59299E-05  7.03077E-01 
2.84999E+01 6.24996E-01  4.59141E-05  7.08071E-01 
2.85999E+01 6.29996E-01  4.59140E-05  7.13090E-01 
2.86999E+01 6.34996E-01  4.59178E-05  7.18089E-01 
2.87999E+01 6.39996E-01  4.59356E-05  7.23066E-01 
2.88999E+01 6.44996E-01  4.59463E-05  7.28074E-01 
2.89999E+01 6.49996E-01  4.59671E-05  7.33077E-01 
2.90999E+01 6.54996E-01  4.59914E-05  7.38109E-01 
2.91999E+01 6.59996E-01  4.60271E-05  7.43090E-01 
2.92999E+01 6.64996E-01  4.60658E-05  7.48080E-01 
2.93999E+01 6.69996E-01  4.61113E-05  7.53077E-01 
2.94999E+01 6.74996E-01  4.61569E-05  7.58097E-01 
2.95999E+01 6.79996E-01  4.62244E-05  7.63117E-01 
2.96999E+01 6.84996E-01  4.63194E-05  7.68117E-01 
2.97999E+01 6.89996E-01  4.64029E-05  7.73087E-01 
2.98999E+01 6.94996E-01  4.64789E-05  7.78122E-01 
2.99999E+01 6.99996E-01  4.65542E-05  7.83142E-01 
3.00999E+01 7.04996E-01  4.66533E-05  7.88161E-01 
3.01999E+01 7.09996E-01  4.67589E-05  7.93138E-01 
3.02999E+01 7.14996E-01  4.68682E-05  7.98169E-01 
3.03999E+01 7.19996E-01  4.69528E-05  8.03178E-01 
3.04999E+01 7.24996E-01  4.70696E-05  8.08178E-01 
3.05999E+01 7.29996E-01  4.72167E-05  8.13189E-01 
3.06999E+01 7.34996E-01  4.73310E-05  8.18185E-01 
3.07999E+01 7.39996E-01  4.73931E-05  8.23181E-01 
3.08999E+01 7.44996E-01  4.74990E-05  8.28154E-01 
3.09999E+01 7.49996E-01  4.75884E-05  8.33175E-01 
3.10999E+01 7.54996E-01  4.77360E-05  8.38202E-01 
3.11999E+01 7.59996E-01  4.79775E-05  8.43197E-01 
3.12999E+01 7.64996E-01  4.79894E-05  8.48175E-01 
3.13999E+01 7.69996E-01  4.81774E-05  8.53185E-01 
3.14999E+01 7.74996E-01  4.82050E-05  8.58178E-01 
3.15999E+01 7.79996E-01  4.83929E-05  8.63174E-01 
3.16999E+01 7.84996E-01  4.87984E-05  8.68188E-01 
3.17999E+01 7.89996E-01  4.88532E-05  8.73188E-01 
3.18999E+01 7.94996E-01  4.88625E-05  8.78221E-01 
3.19999E+01 7.99996E-01  4.89333E-05  8.83193E-01 
3.20999E+01 8.04996E-01  4.92248E-05  8.88186E-01 
3.21999E+01 8.09996E-01  4.96547E-05  8.93215E-01 
3.22999E+01 8.14996E-01  4.96609E-05  8.98216E-01 
3.23999E+01 8.19996E-01  4.98045E-05  9.03212E-01 
3.24999E+01 8.24996E-01  4.98804E-05  9.08195E-01 
3.25999E+01 8.29996E-01  5.01537E-05  9.13203E-01 
3.26999E+01 8.34996E-01  5.03990E-05  9.18199E-01 
3.27999E+01 8.39996E-01  5.04631E-05  9.23211E-01 
3.28999E+01 8.44996E-01  5.04118E-05  9.28193E-01 
3.29999E+01 8.49996E-01  5.07009E-05  9.33193E-01 
3.30999E+01 8.54996E-01  5.09423E-05  9.38221E-01 
3.31999E+01 8.59996E-01  5.11515E-05  9.43231E-01 
3.32999E+01 8.64996E-01  5.12972E-05  9.48216E-01 
3.33999E+01 8.69996E-01  5.14741E-05  9.53214E-01 
3.34999E+01 8.74996E-01  5.16323E-05  9.58219E-01 
3.35999E+01 8.79996E-01  5.17479E-05  9.63249E-01 
3.36999E+01 8.84996E-01  5.18847E-05  9.68234E-01 
3.37999E+01 8.89996E-01  5.19916E-05  9.73247E-01 
3.38999E+01 8.94996E-01  5.20466E-05  9.78240E-01 
3.39999E+01 8.99996E-01  5.21624E-05  9.83230E-01 
3.40999E+01 9.04996E-01  5.22829E-05  9.88232E-01 
3.41999E+01 9.09996E-01  5.23728E-05  9.93234E-01 
3.42999E+01 9.14996E-01  5.24318E-05  9.98244E-01 
3.43999E+01 9.19996E-01  5.24943E-05  1.00323E+00 
3.44999E+01 9.24996E-01  5.25462E-05  1.00823E+00 
3.45999E+01 9.29996E-01  5.26239E-05  1.01326E+00 
3.46999E+01 9.34996E-01  5.26959E-05  1.01825E+00 
3.47999E+01 9.39996E-01  5.27447E-05  1.02323E+00 
3.48999E+01 9.44996E-01  5.27896E-05  1.02827E+00 
3.49999E+01 9.49996E-01  5.28618E-05  1.03327E+00 
3.50999E+01 9.54996E-01  5.29189E-05  1.03824E+00 
3.51999E+01 9.59996E-01  5.29289E-05  1.04323E+00 
3.52999E+01 9.64996E-01  5.29337E-05  1.04827E+00 
3.53999E+01 9.69996E-01  5.28867E-05  1.05329E+00 
3.54999E+01 9.74996E-01  5.29009E-05  1.05828E+00 
3.55999E+01 9.79996E-01  5.29058E-05  1.06327E+00 
3.56999E+01 9.84996E-01  5.29023E-05  1.06829E+00 
3.57999E+01 9.89996E-01  5.28804E-05  1.07330E+00 
3.58999E+01 9.94996E-01  5.28631E-05  1.07830E+00 
3.59999E+01 9.99995E-01  5.28480E-05  1.08327E+00 
3.60999E+01 1.00500E+00  5.28462E-05  1.08829E+00 
3.61999E+01 1.01000E+00  5.28516E-05  1.09333E+00 
3.62999E+01 1.01500E+00  5.28631E-05  1.09829E+00 
3.63999E+01 1.02000E+00  5.28902E-05  1.10329E+00 
3.64999E+01 1.02500E+00  5.29145E-05  1.10830E+00 
3.65999E+01 1.03000E+00  5.29336E-05  1.11333E+00 
3.66999E+01 1.03500E+00  5.29566E-05  1.11834E+00 
3.67999E+01 1.04000E+00  5.29819E-05  1.12336E+00 
3.68999E+01 1.04500E+00  5.30050E-05  1.12836E+00 
3.69999E+01 1.05000E+00  5.30408E-05  1.13335E+00 
3.70999E+01 1.05500E+00  5.31078E-05  1.13833E+00 
3.71999E+01 1.06000E+00  5.31655E-05  1.14336E+00 
3.72999E+01 1.06500E+00  5.32246E-05  1.14836E+00 
3.73999E+01 1.07000E+00  5.32962E-05  1.15335E+00 
3.74999E+01 1.07500E+00  5.33783E-05  1.15835E+00 
3.75999E+01 1.08000E+00  5.34836E-05  1.16336E+00 
3.76999E+01 1.08500E+00  5.36047E-05  1.16837E+00 
3.77999E+01 1.09000E+00  5.37582E-05  1.17337E+00 
3.78999E+01 1.09500E+00  5.39664E-05  1.17836E+00 
3.79999E+01 1.10000E+00  5.42105E-05  1.18336E+00 
3.80999E+01 1.10500E+00  5.44126E-05  1.18837E+00 
3.81999E+01 1.11000E+00  5.47462E-05  1.19336E+00 
3.82999E+01 1.11500E+00  5.49908E-05  1.19835E+00 
3.83999E+01 1.12000E+00  5.52896E-05  1.20336E+00 
3.84999E+01 1.12500E+00  5.56502E-05  1.20836E+00 
3.85999E+01 1.13000E+00  5.60129E-05  1.21338E+00 
3.86999E+01 1.13500E+00  5.64135E-05  1.21835E+00 
3.87999E+01 1.14000E+00  5.68437E-05  1.22335E+00 
3.88999E+01 1.14500E+00  5.72996E-05  1.22838E+00 
3.89999E+01 1.15000E+00  5.77831E-05  1.23337E+00 
3.90999E+01 1.15500E+00  5.82763E-05  1.23837E+00 
3.91999E+01 1.16000E+00  5.87853E-05  1.24335E+00 
3.92999E+01 1.16500E+00  5.93157E-05  1.24837E+00 
3.93999E+01 1.17000E+00  5.98631E-05  1.25340E+00 
3.94999E+01 1.17500E+00  6.04326E-05  1.25840E+00 
3.95999E+01 1.18000E+00  6.10272E-05  1.26336E+00 
3.96999E+01 1.18500E+00  6.16485E-05  1.26839E+00 
3.97999E+01 1.19000E+00  6.22938E-05  1.27342E+00 
3.98999E+01 1.19500E+00  6.29667E-05  1.27841E+00 
3.99999E+01 1.19999E+00  6.36737E-05  1.28339E+00 
4.00999E+01 1.20499E+00  6.44106E-05  1.28840E+00 
4.01999E+01 1.20999E+00  6.51759E-05  1.29342E+00 
4.02999E+01 1.21499E+00  6.59599E-05  1.29842E+00 
4.03999E+01 1.21999E+00  6.67703E-05  1.30342E+00 
4.04999E+01 1.22499E+00  6.76199E-05  1.30842E+00 
4.05999E+01 1.22999E+00  6.85134E-05  1.31343E+00 
4.06999E+01 1.23499E+00  6.94355E-05  1.31841E+00 
4.07999E+01 1.23999E+00  7.03898E-05  1.32342E+00 
4.08999E+01 1.24499E+00  7.13647E-05  1.32843E+00 
4.09999E+01 1.24999E+00  7.23744E-05  1.33343E+00 
4.10999E+01 1.25499E+00  7.34276E-05  1.33845E+00 
4.11999E+01 1.25999E+00  7.45097E-05  1.34343E+00 
4.12999E+01 1.26499E+00  7.55714E-05  1.34844E+00 
4.13999E+01 1.26999E+00  7.67360E-05  1.35345E+00 
4.14999E+01 1.27499E+00  7.79205E-05  1.35846E+00 
4.15999E+01 1.27999E+00  7.92158E-05  1.36345E+00 
4.16999E+01 1.28499E+00  8.05768E-05  1.36844E+00 
4.17999E+01 1.28999E+00  8.16671E-05  1.37344E+00 
4.18999E+01 1.29499E+00  8.28390E-05  1.37847E+00 
4.19999E+01 1.29999E+00  8.40836E-05  1.38345E+00 
4.20999E+01 1.30499E+00  8.53856E-05  1.38844E+00 
4.21999E+01 1.30999E+00  8.67241E-05  1.39345E+00 
4.22999E+01 1.31499E+00  8.80768E-05  1.39847E+00 
4.23999E+01 1.31999E+00  8.94364E-05  1.40346E+00 
4.24999E+01 1.32499E+00  9.08474E-05  1.40844E+00 
4.25999E+01 1.32999E+00  9.22769E-05  1.41345E+00 
4.26999E+01 1.33499E+00  9.37580E-05  1.41849E+00 
4.27999E+01 1.33999E+00  9.53018E-05  1.42348E+00 
4.28999E+01 1.34499E+00  9.68791E-05  1.42847E+00 
4.29999E+01 1.34999E+00  9.84935E-05  1.43348E+00 
4.30999E+01 1.35499E+00  1.00153E-04  1.43851E+00 
4.31999E+01 1.35999E+00  1.01849E-04  1.44349E+00 
4.32999E+01 1.36499E+00  1.03572E-04  1.44852E+00 
4.33999E+01 1.36999E+00  1.05409E-04  1.45353E+00 
4.34999E+01 1.37499E+00  1.07324E-04  1.45850E+00 
4.35999E+01 1.37999E+00  1.09255E-04  1.46349E+00 
4.36999E+01 1.38499E+00  1.11273E-04  1.46850E+00 
4.37999E+01 1.38999E+00  1.13360E-04  1.47352E+00 
4.38999E+01 1.39499E+00  1.15521E-04  1.47851E+00 
4.39999E+01 1.39999E+00  1.17758E-04  1.48350E+00 
4.40999E+01 1.40499E+00  1.20078E-04  1.48852E+00 
4.41999E+01 1.40999E+00  1.22464E-04  1.49352E+00 
4.42999E+01 1.41499E+00  1.24927E-04  1.49851E+00 
4.43999E+01 1.41999E+00  1.27506E-04  1.50352E+00 
4.44999E+01 1.42499E+00  1.30163E-04  1.50852E+00 
4.45999E+01 1.42999E+00  1.32915E-04  1.51354E+00 
4.46999E+01 1.43499E+00  1.35736E-04  1.51852E+00 
4.47999E+01 1.43999E+00  1.38642E-04  1.52352E+00 
4.48999E+01 1.44499E+00  1.41614E-04  1.52852E+00 
4.49999E+01 1.44999E+00  1.44664E-04  1.53354E+00 
4.50999E+01 1.45499E+00  1.47785E-04  1.53855E+00 
4.51999E+01 1.45999E+00  1.50964E-04  1.54355E+00 
4.52999E+01 1.46499E+00  1.54167E-04  1.54854E+00 
4.53999E+01 1.46999E+00  1.57480E-04  1.55353E+00 
4.54999E+01 1.47499E+00  1.60879E-04  1.55853E+00 
4.55999E+01 1.47999E+00  1.64316E-04  1.56355E+00 
4.56999E+01 1.48499E+00  1.67799E-04  1.56856E+00 
4.57999E+01 1.48999E+00  1.71315E-04  1.57356E+00 
4.58999E+01 1.49499E+00  1.74886E-04  1.57859E+00 
4.59999E+01 1.49999E+00  1.78472E-04  1.58357E+00 
4.60999E+01 1.50499E+00  1.82111E-04  1.58857E+00 
4.61999E+01 1.50999E+00  1.85780E-04  1.59357E+00 
4.62999E+01 1.51499E+00  1.89478E-04  1.59858E+00 
4.63999E+01 1.51999E+00  1.93208E-04  1.60360E+00 
4.64999E+01 1.52499E+00  1.96994E-04  1.60859E+00 
4.65999E+01 1.52999E+00  2.00785E-04  1.61360E+00 
4.66999E+01 1.53499E+00  2.04596E-04  1.61860E+00 
4.67999E+01 1.53999E+00  2.08428E-04  1.62360E+00 
4.68999E+01 1.54499E+00  2.12338E-04  1.62862E+00 
4.69999E+01 1.54999E+00  2.16760E-04  1.63363E+00 
4.70999E+01 1.55499E+00  2.20714E-04  1.63860E+00 
4.71999E+01 1.55999E+00  2.24654E-04  1.64362E+00 
4.72999E+01 1.56499E+00  2.28620E-04  1.64861E+00 
4.73999E+01 1.56999E+00  2.32620E-04  1.65361E+00 
4.74999E+01 1.57499E+00  2.36604E-04  1.65861E+00 
4.75999E+01 1.57999E+00  2.40559E-04  1.66361E+00 
4.76999E+01 1.58499E+00  2.44573E-04  1.66863E+00 
4.77999E+01 1.58999E+00  2.48572E-04  1.67362E+00 
4.78999E+01 1.59499E+00  2.52664E-04  1.67861E+00 
4.79999E+01 1.59999E+00  2.56627E-04  1.68362E+00 
4.80999E+01 1.60499E+00  2.60717E-04  1.68861E+00 
4.81999E+01 1.60999E+00  2.64711E-04  1.69364E+00 
4.82999E+01 1.61499E+00  2.68708E-04  1.69862E+00 
4.83999E+01 1.61999E+00  2.72776E-04  1.70361E+00 
4.84999E+01 1.62499E+00  2.76787E-04  1.70863E+00 
4.85999E+01 1.62999E+00  2.80785E-04  1.71361E+00 
4.86999E+01 1.63499E+00  2.84746E-04  1.71864E+00 
4.87999E+01 1.63999E+00  2.88565E-04  1.72363E+00 
4.88999E+01 1.64499E+00  2.92652E-04  1.72863E+00 
4.89999E+01 1.64999E+00  2.96680E-04  1.73364E+00 
4.90999E+01 1.65499E+00  3.00604E-04  1.73863E+00 
4.91999E+01 1.65999E+00  3.04525E-04  1.74364E+00 
4.92999E+01 1.66499E+00  3.08429E-04  1.74864E+00 
4.93999E+01 1.66999E+00  3.12233E-04  1.75364E+00 
4.94999E+01 1.67499E+00  3.16103E-04  1.75869E+00 
4.95999E+01 1.67999E+00  3.19927E-04  1.76371E+00 
4.96999E+01 1.68499E+00  3.23710E-04  1.76868E+00 
4.97999E+01 1.68999E+00  3.27472E-04  1.77368E+00 
4.98999E+01 1.69499E+00  3.31186E-04  1.77867E+00 
4.99999E+01 1.69999E+00  3.34926E-04  1.78368E+00 
5.00999E+01 1.70499E+00  3.38614E-04  1.78867E+00 
5.01999E+01 1.70999E+00  3.42257E-04  1.79368E+00 
5.02999E+01 1.71499E+00  3.45823E-04  1.79870E+00 
5.03999E+01 1.71999E+00  3.49384E-04  1.80370E+00 
5.04999E+01 1.72499E+00  3.52932E-04  1.80871E+00 
5.05999E+01 1.72999E+00  3.56409E-04  1.81371E+00 
5.06999E+01 1.73499E+00  3.59841E-04  1.81871E+00 
5.07999E+01 1.73999E+00  3.63246E-04  1.82372E+00 
5.08999E+01 1.74499E+00  3.66600E-04  1.82871E+00 
5.09999E+01 1.74999E+00  3.69898E-04  1.83372E+00 
5.10999E+01 1.75499E+00  3.73145E-04  1.83871E+00 
5.11999E+01 1.75999E+00  3.76347E-04  1.84371E+00 
5.12999E+01 1.76499E+00  3.79520E-04  1.84872E+00 
5.13999E+01 1.76999E+00  3.82673E-04  1.85371E+00 
5.14999E+01 1.77499E+00  3.85745E-04  1.85872E+00 
5.15999E+01 1.77999E+00  3.88824E-04  1.86371E+00 
5.16999E+01 1.78499E+00  3.91846E-04  1.86874E+00 
5.17999E+01 1.78999E+00  3.94831E-04  1.87373E+00 
5.18999E+01 1.79499E+00  3.97819E-04  1.87873E+00 
5.19999E+01 1.79999E+00  4.00667E-04  1.88376E+00 
5.20999E+01 1.79499E+00  3.92595E-04  1.87873E+00 
5.21999E+01 1.78999E+00  3.84915E-04  1.87375E+00 
5.22999E+01 1.78499E+00  3.77505E-04  1.86874E+00 
5.23999E+01 1.77999E+00  3.70397E-04  1.86374E+00 
5.24999E+01 1.77499E+00  3.63453E-04  1.85873E+00 
5.25999E+01 1.76999E+00  3.56577E-04  1.85374E+00 
5.26999E+01 1.76499E+00  3.49692E-04  1.84875E+00 
5.27999E+01 1.75999E+00  3.43188E-04  1.84375E+00 
5.28999E+01 1.75499E+00  3.36616E-04  1.83872E+00 
5.29999E+01 1.74999E+00  3.30463E-04  1.83374E+00 
5.30999E+01 1.74499E+00  3.24140E-04  1.82876E+00 
5.31999E+01 1.73999E+00  3.18102E-04  1.82374E+00 
5.32999E+01 1.73499E+00  3.11658E-04  1.81874E+00 
5.33999E+01 1.72999E+00  3.05230E-04  1.81372E+00 
5.34999E+01 1.72499E+00  2.99062E-04  1.80871E+00 
5.35999E+01 1.71999E+00  2.93036E-04  1.80371E+00 
5.36999E+01 1.71499E+00  2.87127E-04  1.79871E+00 
5.37999E+01 1.70999E+00  2.81429E-04  1.79371E+00 
5.38999E+01 1.70499E+00  2.75945E-04  1.78868E+00 
5.39999E+01 1.69999E+00  2.70556E-04  1.78370E+00 
5.40999E+01 1.69499E+00  2.65133E-04  1.77870E+00 
5.41999E+01 1.68999E+00  2.59710E-04  1.77367E+00 
5.42999E+01 1.68499E+00  2.54245E-04  1.76868E+00 
5.43999E+01 1.67999E+00  2.48569E-04  1.76369E+00 
5.44999E+01 1.67499E+00  2.41692E-04  1.75869E+00 
5.45999E+01 1.66999E+00  2.35587E-04  1.75367E+00 
5.46999E+01 1.66499E+00  2.30694E-04  1.74866E+00 
5.47999E+01 1.65999E+00  2.25977E-04  1.74366E+00 
5.48999E+01 1.65499E+00  2.21784E-04  1.73866E+00 
5.49999E+01 1.64999E+00  2.17004E-04  1.73365E+00 
5.50999E+01 1.64499E+00  2.12358E-04  1.72866E+00 
5.51999E+01 1.63999E+00  2.07793E-04  1.72363E+00 
5.52999E+01 1.63499E+00  2.03292E-04  1.71863E+00 
5.53999E+01 1.62999E+00  1.98833E-04  1.71363E+00 
5.54999E+01 1.62499E+00  1.94427E-04  1.70861E+00 
5.55999E+01 1.61999E+00  1.90175E-04  1.70360E+00 
5.56999E+01 1.61499E+00  1.86066E-04  1.69860E+00 
5.57999E+01 1.60999E+00  1.81967E-04  1.69362E+00 
5.58999E+01 1.60499E+00  1.77926E-04  1.68862E+00 
5.59999E+01 1.59999E+00  1.73841E-04  1.68360E+00 
5.60999E+01 1.59499E+00  1.69715E-04  1.67859E+00 
5.61999E+01 1.58999E+00  1.65693E-04  1.67359E+00 
5.62999E+01 1.58499E+00  1.61900E-04  1.66861E+00 
5.63999E+01 1.57999E+00  1.58125E-04  1.66360E+00 
5.64999E+01 1.57499E+00  1.54307E-04  1.65857E+00 
5.65999E+01 1.56999E+00  1.50534E-04  1.65361E+00 
5.66999E+01 1.56499E+00  1.46830E-04  1.64862E+00 
5.67999E+01 1.55999E+00  1.43334E-04  1.64362E+00 
5.68999E+01 1.55499E+00  1.39773E-04  1.63861E+00 
5.69999E+01 1.54999E+00  1.36155E-04  1.63359E+00 
5.70999E+01 1.54499E+00  1.32612E-04  1.62859E+00 
5.71999E+01 1.53999E+00  1.29165E-04  1.62361E+00 
5.72999E+01 1.53499E+00  1.25815E-04  1.61859E+00 
5.73999E+01 1.52999E+00  1.22481E-04  1.61360E+00 
5.74999E+01 1.52499E+00  1.19234E-04  1.60861E+00 
5.75999E+01 1.51999E+00  1.16015E-04  1.60358E+00 
5.76999E+01 1.51499E+00  1.12861E-04  1.59856E+00 
5.77999E+01 1.50999E+00  1.09756E-04  1.59356E+00 
5.78999E+01 1.50499E+00  1.06724E-04  1.58855E+00 
5.79999E+01 1.49999E+00  1.03762E-04  1.58356E+00 
5.80999E+01 1.49499E+00  1.00808E-04  1.57857E+00 
5.81999E+01 1.48999E+00  9.79149E-05  1.57356E+00 
5.82999E+01 1.48499E+00  9.50665E-05  1.56856E+00 
5.83999E+01 1.47999E+00  9.22438E-05  1.56354E+00 
5.84999E+01 1.47499E+00  8.94958E-05  1.55855E+00 
5.85999E+01 1.46999E+00  8.68250E-05  1.55354E+00 
5.86999E+01 1.46499E+00  8.42545E-05  1.54853E+00 
5.87999E+01 1.45999E+00  8.16936E-05  1.54354E+00 
5.88999E+01 1.45499E+00  7.91583E-05  1.53856E+00 
5.89999E+01 1.44999E+00  7.66467E-05  1.53355E+00 
5.90999E+01 1.44499E+00  7.41786E-05  1.52851E+00 
5.91999E+01 1.43999E+00  7.17642E-05  1.52353E+00 
5.92999E+01 1.43499E+00  6.94067E-05  1.51852E+00 
5.93999E+01 1.42999E+00  6.71125E-05  1.51354E+00 
5.94999E+01 1.42499E+00  6.48670E-05  1.50852E+00 
5.95999E+01 1.41999E+00  6.26647E-05  1.50350E+00 
5.96999E+01 1.41499E+00  6.05154E-05  1.49852E+00 
5.97999E+01 1.40999E+00  5.84103E-05  1.49354E+00 
5.98999E+01 1.40499E+00  5.63647E-05  1.48852E+00 
5.99998E+01 1.39999E+00  5.43658E-05  1.48350E+00 
6.00998E+01 1.39499E+00  5.24206E-05  1.47853E+00 
6.01998E+01 1.38999E+00  5.05032E-05  1.47352E+00 
6.02998E+01 1.38499E+00  4.86452E-05  1.46850E+00 
6.03998E+01 1.37999E+00  4.68397E-05  1.46350E+00 
6.04998E+01 1.37499E+00  4.51009E-05  1.45851E+00 
6.05998E+01 1.36999E+00  4.34016E-05  1.45350E+00 
6.06998E+01 1.36499E+00  4.17585E-05  1.44849E+00 
6.07998E+01 1.35999E+00  4.06054E-05  1.44350E+00 
6.08998E+01 1.35499E+00  3.87812E-05  1.43850E+00 
6.09998E+01 1.34999E+00  3.71481E-05  1.43346E+00 
6.10998E+01 1.34499E+00  3.56569E-05  1.42846E+00 
6.11998E+01 1.33999E+00  3.37602E-05  1.42348E+00 
6.12998E+01 1.33499E+00  3.23780E-05  1.41845E+00 
6.13998E+01 1.32999E+00  3.10480E-05  1.41345E+00 
6.14998E+01 1.32499E+00  2.97647E-05  1.40844E+00 
6.15998E+01 1.31999E+00  2.85262E-05  1.40345E+00 
6.16998E+01 1.31499E+00  2.73819E-05  1.39845E+00 
6.17998E+01 1.30999E+00  2.62190E-05  1.39343E+00 
6.18998E+01 1.30499E+00  2.50995E-05  1.38842E+00 
6.19998E+01 1.29999E+00  2.40362E-05  1.38343E+00 
6.20998E+01 1.29499E+00  2.30058E-05  1.37844E+00 
6.21998E+01 1.28999E+00  2.20193E-05  1.37343E+00 
6.22998E+01 1.28499E+00  2.10948E-05  1.36843E+00 
6.23998E+01 1.27999E+00  2.01966E-05  1.36342E+00 
6.24998E+01 1.27499E+00  1.93507E-05  1.35843E+00 
6.25998E+01 1.26999E+00  1.85212E-05  1.35343E+00 
6.26998E+01 1.26499E+00  1.77172E-05  1.34841E+00 
6.27998E+01 1.25999E+00  1.69458E-05  1.34343E+00 
6.28998E+01 1.25499E+00  1.62114E-05  1.33844E+00 
6.29998E+01 1.24999E+00  1.55193E-05  1.33342E+00 
6.30998E+01 1.24499E+00  1.48661E-05  1.32839E+00 
6.31998E+01 1.23999E+00  1.42279E-05  1.32341E+00 
6.32998E+01 1.23499E+00  1.36257E-05  1.31844E+00 
6.33998E+01 1.22999E+00  1.30467E-05  1.31343E+00 
6.34998E+01 1.22499E+00  1.25021E-05  1.30840E+00 
6.35998E+01 1.21999E+00  1.19881E-05  1.30342E+00 
6.36998E+01 1.21499E+00  1.15032E-05  1.29844E+00 
6.37998E+01 1.20999E+00  1.10439E-05  1.29343E+00 
6.38998E+01 1.20499E+00  1.06331E-05  1.28840E+00 
6.39998E+01 1.19999E+00  1.02222E-05  1.28342E+00 
6.40998E+01 1.19500E+00  9.79024E-06  1.27842E+00 
6.41998E+01 1.19000E+00  9.39464E-06  1.27339E+00 
6.42998E+01 1.18500E+00  9.03950E-06  1.26840E+00 
6.43998E+01 1.18000E+00  8.70126E-06  1.26339E+00 
6.44998E+01 1.17500E+00  8.38346E-06  1.25839E+00 
6.45998E+01 1.17000E+00  8.08036E-06  1.25339E+00 
6.46998E+01 1.16500E+00  7.80472E-06  1.24838E+00 
6.47998E+01 1.16000E+00  7.52844E-06  1.24337E+00 
6.48998E+01 1.15500E+00  7.27998E-06  1.23834E+00 
6.49998E+01 1.15000E+00  7.03883E-06  1.23336E+00 
6.50998E+01 1.14500E+00  6.80972E-06  1.22836E+00 
6.51998E+01 1.14000E+00  6.59844E-06  1.22336E+00 
6.52998E+01 1.13500E+00  6.40114E-06  1.21834E+00 
6.53998E+01 1.13000E+00  6.21216E-06  1.21337E+00 
6.54998E+01 1.12500E+00  6.03438E-06  1.20836E+00 
6.55998E+01 1.12000E+00  5.86922E-06  1.20336E+00 
6.56998E+01 1.11500E+00  5.71491E-06  1.19833E+00 
6.57998E+01 1.11000E+00  5.57234E-06  1.19334E+00 
6.58998E+01 1.10500E+00  5.43298E-06  1.18836E+00 
6.59998E+01 1.10000E+00  5.35049E-06  1.18334E+00 
6.60998E+01 1.09500E+00  5.19356E-06  1.17832E+00 
6.61998E+01 1.09000E+00  5.05287E-06  1.17333E+00 
6.62998E+01 1.08500E+00  4.92500E-06  1.16835E+00 
6.63998E+01 1.08000E+00  4.81010E-06  1.16334E+00 
6.64998E+01 1.07500E+00  4.69370E-06  1.15833E+00 
6.65998E+01 1.07000E+00  4.58283E-06  1.15334E+00 
6.66998E+01 1.06500E+00  4.47473E-06  1.14832E+00 
6.67998E+01 1.06000E+00  4.37128E-06  1.14331E+00 
6.68998E+01 1.05500E+00  4.27786E-06  1.13832E+00 
6.69998E+01 1.05000E+00  4.18158E-06  1.13332E+00 
6.70998E+01 1.04500E+00  4.09415E-06  1.12833E+00 
6.71998E+01 1.04000E+00  4.01394E-06  1.12331E+00 
6.72998E+01 1.03500E+00  3.92981E-06  1.11830E+00 
6.73998E+01 1.03000E+00  3.84124E-06  1.11330E+00 
6.74998E+01 1.02500E+00  3.69924E-06  1.10829E+00 
6.75998E+01 1.02000E+00  3.63218E-06  1.10327E+00 
6.76998E+01 1.01500E+00  3.57019E-06  1.09828E+00 
6.77998E+01 1.01000E+00  3.51621E-06  1.09326E+00 
6.78998E+01 1.00500E+00  3.48001E-06  1.08824E+00 
6.79998E+01 9.99995E-01  3.37557E-06  1.08325E+00 
6.80998E+01 9.94996E-01  3.32502E-06  1.07827E+00 
6.81998E+01 9.89996E-01  3.23585E-06  1.07326E+00 
6.82998E+01 9.84996E-01  3.17950E-06  1.06826E+00 
6.83998E+01 9.79996E-01  3.10613E-06  1.06324E+00 
6.84998E+01 9.74996E-01  3.06193E-06  1.05825E+00 
6.85998E+01 9.69996E-01  2.99133E-06  1.05326E+00 
6.86998E+01 9.64996E-01  2.91199E-06  1.04823E+00 
6.87998E+01 9.59996E-01  2.82944E-06  1.04325E+00 
6.88998E+01 9.54996E-01  2.76080E-06  1.03824E+00 
6.89998E+01 9.49996E-01  2.74412E-06  1.03327E+00 
6.90998E+01 9.44996E-01  2.73236E-06  1.02826E+00 
6.91998E+01 9.39996E-01  2.67055E-06  1.02326E+00 
6.92998E+01 9.34996E-01  2.59866E-06  1.01827E+00 
6.93998E+01 9.29996E-01  2.53951E-06  1.01328E+00 
6.94998E+01 9.24996E-01  2.48284E-06  1.00827E+00 
6.95998E+01 9.19996E-01  2.42695E-06  1.00324E+00 
6.96998E+01 9.14996E-01  2.37153E-06  9.98230E-01 
6.97998E+01 9.09996E-01  2.31425E-06  9.93244E-01 
6.98998E+01 9.04996E-01  2.25984E-06  9.88242E-01 
6.99998E+01 8.99996E-01  2.20715E-06  9.83249E-01 
7.00998E+01 8.94996E-01  2.15154E-06  9.78255E-01 
7.01998E+01 8.89996E-01  2.10154E-06  9.73255E-01 
7.02998E+01 8.84996E-01  2.04799E-06  9.68245E-01 
7.03998E+01 8.79996E-01  1.99344E-06  9.63246E-01 
7.04998E+01 8.74996E-01  1.94017E-06  9.58234E-01 
7.05998E+01 8.69996E-01  1.89580E-06  9.53214E-01 
7.06998E+01 8.64996E-01  1.84173E-06  9.48239E-01 
7.07998E+01 8.59996E-01  1.77198E-06  9.43207E-01 
7.08998E+01 8.54996E-01  1.71028E-06  9.38201E-01 
7.09998E+01 8.49996E-01  1.64306E-06  9.33175E-01 
7.10998E+01 8.44996E-01  1.57628E-06  9.28183E-01 
7.11998E+01 8.39996E-01  1.51136E-06  9.23165E-01 
7.12998E+01 8.34996E-01  1.44928E-06  9.18199E-01 
7.13998E+01 8.29996E-01  1.40065E-06  9.13205E-01 
7.14998E+01 8.24996E-01  1.34157E-06  9.08181E-01 
7.15998E+01 8.19996E-01  1.28672E-06  9.03173E-01 
7.16998E+01 8.14996E-01  1.23545E-06  8.98202E-01 
7.17998E+01 8.09996E-01  1.18677E-06  8.93158E-01 
7.18998E+01 8.04996E-01  1.12711E-06  8.88150E-01 
7.19998E+01 7.99996E-01  1.06920E-06  8.83160E-01 
7.20998E+01 7.94996E-01  1.01094E-06  8.78168E-01 
7.21998E+01 7.89996E-01  9.58225E-07  8.73155E-01 
7.22998E+01 7.84996E-01  9.04198E-07  8.68133E-01 
7.23998E+01 7.79996E-01  8.69347E-07  8.63149E-01 
7.24998E+01 7.74996E-01  8.11901E-07  8.58160E-01 
7.25998E+01 7.69996E-01  7.57362E-07  8.53144E-01 
7.26998E+01 7.64996E-01  7.07871E-07  8.48145E-01 
7.27998E+01 7.59996E-01  6.24871E-07  8.43144E-01 
7.28998E+01 7.54996E-01  5.16773E-07  8.38142E-01 
7.29998E+01 7.49996E-01  4.54172E-07  8.33133E-01 
7.30998E+01 7.44996E-01  3.89751E-07  8.28123E-01 
7.31998E+01 7.39996E-01  3.33553E-07  8.23141E-01 
7.32998E+01 7.34996E-01  2.87310E-07  8.18135E-01 
7.33998E+01 7.29996E-01  2.48877E-07  8.13128E-01 
7.34998E+01 7.24996E-01  1.97780E-07  8.08128E-01 
7.35998E+01 7.19996E-01  1.28470E-07  8.03109E-01 
7.36998E+01 7.14996E-01  5.88360E-08  7.98126E-01 
7.37998E+01 7.09996E-01  2.11694E-08  7.93103E-01 
7.38998E+01 7.04996E-01  -4.22890E-08 7.88133E-01 
7.39998E+01 6.99996E-01  -1.53374E-07 7.83120E-01 
7.40998E+01 6.94996E-01  -2.25767E-07 7.78107E-01 
7.41998E+01 6.89996E-01  -2.92261E-07 7.73073E-01 
7.42998E+01 6.84996E-01  -3.79728E-07 7.68097E-01 
7.43998E+01 6.79996E-01  -4.77225E-07 7.63093E-01 
7.44998E+01 6.74996E-01  -5.80893E-07 7.58088E-01 
7.45998E+01 6.69996E-01  -6.65072E-07 7.53083E-01 
7.46998E+01 6.64996E-01  -7.28626E-07 7.48079E-01 
7.47998E+01 6.59996E-01  -7.97503E-07 7.43086E-01 
7.48998E+01 6.54996E-01  -8.84268E-07 7.38110E-01 
7.49998E+01 6.49996E-01  -9.79519E-07 7.33093E-01 
7.50998E+01 6.44996E-01  -1.08757E-06 7.28087E-01 
7.51998E+01 6.39996E-01  -1.20605E-06 7.23083E-01 
7.52998E+01 6.34996E-01  -1.30356E-06 7.18080E-01 
7.53998E+01 6.29996E-01  -1.40396E-06 7.13054E-01 
7.54998E+01 6.24996E-01  -1.50605E-06 7.08061E-01 
7.55998E+01 6.19996E-01  -1.60022E-06 7.03055E-01 
7.56998E+01 6.14996E-01  -1.69169E-06 6.98071E-01 
7.57998E+01 6.09996E-01  -1.76596E-06 6.93061E-01 
7.58998E+01 6.04996E-01  -1.84981E-06 6.88030E-01 
7.59998E+01 5.99996E-01  -1.94445E-06 6.83056E-01 
7.60998E+01 5.94997E-01  -2.03563E-06 6.78082E-01 
7.61998E+01 5.89997E-01  -2.13143E-06 6.73059E-01 
7.62998E+01 5.84997E-01  -2.22776E-06 6.68042E-01 
7.63998E+01 5.79997E-01  -2.33270E-06 6.63039E-01 
7.64998E+01 5.74997E-01  -2.43376E-06 6.58040E-01 
7.65998E+01 5.69997E-01  -2.54439E-06 6.53028E-01 
7.66998E+01 5.64997E-01  -2.65269E-06 6.48017E-01 
7.67998E+01 5.59997E-01  -2.75562E-06 6.43054E-01 
7.68998E+01 5.54997E-01  -2.84687E-06 6.38049E-01 
7.69998E+01 5.49997E-01  -2.95081E-06 6.33035E-01 
7.70998E+01 5.44997E-01  -3.05205E-06 6.28028E-01 
7.71998E+01 5.39997E-01  -3.15752E-06 6.22990E-01 
7.72998E+01 5.34997E-01  -3.26129E-06 6.17989E-01 
7.73998E+01 5.29997E-01  -3.37280E-06 6.13015E-01 
7.74998E+01 5.24997E-01  -3.47662E-06 6.07985E-01 
7.75998E+01 5.19997E-01  -3.58737E-06 6.02998E-01 
7.76998E+01 5.14997E-01  -3.69767E-06 5.98003E-01 
7.77998E+01 5.09997E-01  -3.82945E-06 5.92990E-01 
7.78998E+01 5.04997E-01  -3.94364E-06 5.87983E-01 
7.79998E+01 4.99997E-01  -4.06675E-06 5.82973E-01 
7.80998E+01 4.94997E-01  -4.17769E-06 5.77996E-01 
7.81998E+01 4.89997E-01  -4.29802E-06 5.73000E-01 
7.82998E+01 4.84997E-01  -4.42080E-06 5.67976E-01 
7.83998E+01 4.79997E-01  -4.54103E-06 5.62964E-01 
7.84998E+01 4.74997E-01  -4.67254E-06 5.57984E-01 
7.85998E+01 4.69997E-01  -4.79957E-06 5.53003E-01 
7.86998E+01 4.64997E-01  -4.94610E-06 5.47976E-01 
7.87998E+01 4.59997E-01  -5.06928E-06 5.42987E-01 
7.88998E+01 4.54997E-01  -5.19150E-06 5.37981E-01 
7.89998E+01 4.49997E-01  -5.33741E-06 5.32947E-01 
7.90998E+01 4.44997E-01  -5.48784E-06 5.27960E-01 
7.91998E+01 4.39997E-01  -5.67326E-06 5.22958E-01 
7.92998E+01 4.34997E-01  -5.86381E-06 5.17962E-01 
7.93998E+01 4.29997E-01  -6.04663E-06 5.12966E-01 
7.94998E+01 4.24997E-01  -6.24210E-06 5.07964E-01 
7.95998E+01 4.19997E-01  -6.45492E-06 5.02954E-01 
7.96998E+01 4.14997E-01  -6.68875E-06 4.97988E-01 
7.97998E+01 4.09997E-01  -6.91343E-06 4.92976E-01 
7.98998E+01 4.04997E-01  -7.15704E-06 4.87972E-01 
7.99998E+01 3.99997E-01  -7.42357E-06 4.82938E-01 
8.00998E+01 3.94997E-01  -7.67587E-06 4.77956E-01 
8.01998E+01 3.89997E-01  -7.88349E-06 4.72936E-01 
8.02998E+01 3.84997E-01  -8.20427E-06 4.67945E-01 
8.03998E+01 3.79997E-01  -8.51870E-06 4.62905E-01 
8.04998E+01 3.74997E-01  -8.88230E-06 4.57936E-01 
8.05998E+01 3.69997E-01  -9.20010E-06 4.52930E-01 
8.06998E+01 3.64997E-01  -9.46976E-06 4.47897E-01 
8.07998E+01 3.59997E-01  -9.82939E-06 4.42909E-01 
8.08998E+01 3.54997E-01  -1.01769E-05 4.37909E-01 
8.09998E+01 3.49997E-01  -1.05517E-05 4.32897E-01 
8.10998E+01 3.44997E-01  -1.09319E-05 4.27893E-01 
8.11998E+01 3.39997E-01  -1.13302E-05 4.22903E-01 
8.12998E+01 3.34997E-01  -1.17393E-05 4.17903E-01 
8.13998E+01 3.29997E-01  -1.21638E-05 4.12895E-01 
8.14998E+01 3.24997E-01  -1.25886E-05 4.07909E-01 
8.15998E+01 3.19997E-01  -1.30299E-05 4.02880E-01 
8.16998E+01 3.14997E-01  -1.35214E-05 3.97877E-01 
8.17998E+01 3.09997E-01  -1.40448E-05 3.92885E-01 
8.18998E+01 3.04997E-01  -1.45811E-05 3.87865E-01 
8.19998E+01 2.99997E-01  -1.51156E-05 3.82857E-01 
8.20998E+01 2.94997E-01  -1.56578E-05 3.77883E-01 
8.21998E+01 2.89997E-01  -1.62271E-05 3.72860E-01 
8.22998E+01 2.84997E-01  -1.67775E-05 3.67856E-01 
8.23998E+01 2.79997E-01  -1.73046E-05 3.62849E-01 
8.24998E+01 2.74997E-01  -1.78852E-05 3.57867E-01 
8.25998E+01 2.69997E-01  -1.84932E-05 3.52868E-01 
8.26998E+01 2.64997E-01  -1.90880E-05 3.47855E-01 
8.27998E+01 2.59997E-01  -1.96778E-05 3.42836E-01 
8.28998E+01 2.54997E-01  -2.03090E-05 3.37854E-01 
8.29998E+01 2.49997E-01  -2.09632E-05 3.32851E-01 
8.30998E+01 2.44997E-01  -2.15757E-05 3.27855E-01 
8.31998E+01 2.39997E-01  -2.22456E-05 3.22839E-01 
8.32998E+01 2.34997E-01  -2.29384E-05 3.17817E-01 
8.33998E+01 2.29997E-01  -2.36592E-05 3.12816E-01 
8.34998E+01 2.24997E-01  -2.44065E-05 3.07817E-01 
8.35998E+01 2.19997E-01  -2.51182E-05 3.02831E-01 
8.36998E+01 2.14997E-01  -2.58345E-05 2.97819E-01 
8.37998E+01 2.09997E-01  -2.65600E-05 2.92800E-01 
8.38998E+01 2.04997E-01  -2.72728E-05 2.87817E-01 
8.39998E+01 1.99997E-01  -2.80974E-05 2.82835E-01 
8.40998E+01 1.94998E-01  -2.87279E-05 2.77814E-01 
8.41998E+01 1.89998E-01  -2.93695E-05 2.72800E-01 
8.42998E+01 1.84998E-01  -3.00425E-05 2.67816E-01 
8.43998E+01 1.79998E-01  -3.07550E-05 2.62814E-01 
8.44998E+01 1.74998E-01  -3.14166E-05 2.57826E-01 
8.45998E+01 1.69998E-01  -3.20095E-05 2.52809E-01 
8.46998E+01 1.64998E-01  -3.26347E-05 2.47812E-01 
8.47998E+01 1.59998E-01  -3.32366E-05 2.42807E-01 
8.48998E+01 1.54998E-01  -3.38454E-05 2.37796E-01 
8.49998E+01 1.49998E-01  -3.44137E-05 2.32799E-01 
8.50998E+01 1.44998E-01  -3.49866E-05 2.27822E-01 
8.51998E+01 1.39998E-01  -3.55423E-05 2.22815E-01 
8.52998E+01 1.34998E-01  -3.60842E-05 2.17828E-01 
8.53998E+01 1.29998E-01  -3.66074E-05 2.12792E-01 
8.54998E+01 1.24998E-01  -3.71206E-05 2.07773E-01 
8.55998E+01 1.19998E-01  -3.76264E-05 2.02809E-01 
8.56998E+01 1.14998E-01  -3.81292E-05 1.97788E-01 
8.57998E+01 1.09998E-01  -3.86069E-05 1.92801E-01 
8.58998E+01 1.04998E-01  -3.90656E-05 1.87778E-01 
8.59998E+01 9.99977E-02  -3.95160E-05 1.82789E-01 
8.60998E+01 9.49978E-02  -3.99499E-05 1.77812E-01 
8.61998E+01 8.99978E-02  -4.03927E-05 1.72778E-01 
8.62998E+01 8.49978E-02  -4.08311E-05 1.67784E-01 
8.63998E+01 7.99978E-02  -4.12681E-05 1.62775E-01 
8.64998E+01 7.49978E-02  -4.17102E-05 1.57801E-01 
8.65998E+01 6.99978E-02  -4.21499E-05 1.52782E-01 
8.66998E+01 6.49978E-02  -4.25828E-05 1.47770E-01 
8.67998E+01 5.99978E-02  -4.30096E-05 1.42762E-01 
8.68998E+01 5.49979E-02  -4.34305E-05 1.37751E-01 
8.69998E+01 4.99979E-02  -4.38474E-05 1.32734E-01 
8.70998E+01 4.49979E-02  -4.42529E-05 1.27754E-01 
8.71998E+01 3.99979E-02  -4.46545E-05 1.22740E-01 
8.72998E+01 3.49979E-02  -4.50518E-05 1.17751E-01 
8.73998E+01 2.99979E-02  -4.54201E-05 1.12745E-01 
8.74998E+01 2.49979E-02  -4.57650E-05 1.07723E-01 
8.75998E+01 1.99979E-02  -4.61105E-05 1.02733E-01 
8.76998E+01 1.49980E-02  -4.64497E-05 9.77301E-02 
8.77998E+01 9.99797E-03  -4.67482E-05 9.27148E-02 
8.78998E+01 4.99799E-03  -4.70372E-05 8.77276E-02 
8.79998E+01 -2.00000E-06 -4.73138E-05 8.27417E-02 
8.80998E+01 -5.00199E-03 -4.75774E-05 7.77133E-02 
8.81998E+01 -1.00020E-02 -4.78260E-05 7.27111E-02 
8.82998E+01 -1.50020E-02 -4.80729E-05 6.77089E-02 
8.83998E+01 -2.00020E-02 -4.83043E-05 6.27442E-02 
8.84998E+01 -2.50019E-02 -4.85383E-05 5.77208E-02 
8.85998E+01 -3.00019E-02 -4.87768E-05 5.26999E-02 
8.86998E+01 -3.50019E-02 -4.90045E-05 4.76896E-02 
8.87998E+01 -4.00019E-02 -4.92395E-05 4.27068E-02 
8.88998E+01 -4.50019E-02 -4.94644E-05 3.77009E-02 
8.89998E+01 -5.00019E-02 -4.96780E-05 3.26888E-02 
8.90998E+01 -5.50019E-02 -4.98944E-05 2.76697E-02 
8.91998E+01 -6.00019E-02 -5.01208E-05 2.26931E-02 
8.92998E+01 -6.50018E-02 -5.03538E-05 1.76966E-02 
8.93998E+01 -7.00018E-02 -5.05916E-05 1.26932E-02 
8.94998E+01 -7.50018E-02 -5.08311E-05 7.67917E-03 
8.95998E+01 -8.00018E-02 -5.10717E-05 2.68823E-03 
8.96998E+01 -8.50018E-02 -5.13235E-05 -2.28958E-03
8.97998E+01 -9.00018E-02 -5.15707E-05 -7.29301E-03
8.98998E+01 -9.50018E-02 -5.18196E-05 -1.23158E-02
8.99998E+01 -1.00002E-01 -5.20817E-05 -1.73467E-02
9.00998E+01 -1.05002E-01 -5.23518E-05 -2.23326E-02
9.01998E+01 -1.10002E-01 -5.26303E-05 -2.73310E-02
9.02998E+01 -1.15002E-01 -5.29227E-05 -3.23207E-02
9.03998E+01 -1.20002E-01 -5.32363E-05 -3.73622E-02
9.04998E+01 -1.25002E-01 -5.35579E-05 -4.23400E-02
9.05998E+01 -1.30002E-01 -5.38910E-05 -4.73203E-02
9.06998E+01 -1.35002E-01 -5.42373E-05 -5.23556E-02
9.07998E+01 -1.40002E-01 -5.46169E-05 -5.73634E-02
9.08998E+01 -1.45002E-01 -5.50151E-05 -6.23468E-02
9.09998E+01 -1.50002E-01 -5.53748E-05 -6.73552E-02
9.10998E+01 -1.55002E-01 -5.56512E-05 -7.23568E-02
9.11998E+01 -1.60002E-01 -5.59567E-05 -7.73690E-02
9.12998E+01 -1.65002E-01 -5.63079E-05 -8.23349E-02
9.13998E+01 -1.70002E-01 -5.68259E-05 -8.73445E-02
9.14998E+01 -1.75002E-01 -5.72924E-05 -9.23505E-02
9.15998E+01 -1.80002E-01 -5.77403E-05 -9.73514E-02
9.16998E+01 -1.85002E-01 -5.82803E-05 -1.02355E-01
9.17998E+01 -1.90002E-01 -5.89153E-05 -1.07373E-01
9.18998E+01 -1.95002E-01 -5.95126E-05 -1.12378E-01
9.19998E+01 -2.00002E-01 -6.01854E-05 -1.17369E-01
9.20998E+01 -2.05001E-01 -6.09639E-05 -1.22380E-01
9.21998E+01 -2.10001E-01 -6.21383E-05 -1.27364E-01
9.22998E+01 -2.15001E-01 -6.34179E-05 -1.32365E-01
9.23998E+01 -2.20001E-01 -6.45639E-05 -1.37372E-01
9.24998E+01 -2.25001E-01 -6.57194E-05 -1.42390E-01
9.25998E+01 -2.30001E-01 -6.69089E-05 -1.47381E-01
9.26998E+01 -2.35001E-01 -6.81752E-05 -1.52373E-01
9.27998E+01 -2.40001E-01 -6.95353E-05 -1.57389E-01
9.28998E+01 -2.45001E-01 -7.09913E-05 -1.62396E-01
9.29998E+01 -2.50001E-01 -7.25319E-05 -1.67391E-01
9.30998E+01 -2.55001E-01 -7.41517E-05 -1.72403E-01
9.31998E+01 -2.60001E-01 -7.58216E-05 -1.77429E-01
9.32998E+01 -2.65001E-01 -7.75478E-05 -1.82409E-01
9.33998E+01 -2.70001E-01 -7.93438E-05 -1.87430E-01
9.34998E+01 -2.75001E-01 -8.11931E-05 -1.92433E-01
9.35998E+01 -2.80001E-01 -8.31664E-05 -1.97421E-01
9.36998E+01 -2.85001E-01 -8.52270E-05 -2.02433E-01
9.37998E+01 -2.90001E-01 -8.71966E-05 -2.07423E-01
9.38998E+01 -2.95001E-01 -8.91637E-05 -2.12431E-01
9.39998E+01 -3.00001E-01 -9.11741E-05 -2.17431E-01
9.40998E+01 -3.05001E-01 -9.32064E-05 -2.22427E-01
9.41998E+01 -3.10001E-01 -9.53271E-05 -2.27422E-01
9.42998E+01 -3.15001E-01 -9.75454E-05 -2.32429E-01
9.43998E+01 -3.20001E-01 -9.96678E-05 -2.37428E-01
9.44998E+01 -3.25001E-01 -1.01636E-04 -2.42439E-01
9.45998E+01 -3.30001E-01 -1.03300E-04 -2.47457E-01
9.46998E+01 -3.35001E-01 -1.05281E-04 -2.52421E-01
9.47998E+01 -3.40001E-01 -1.07235E-04 -2.57451E-01
9.48998E+01 -3.45001E-01 -1.09163E-04 -2.62463E-01
9.49998E+01 -3.50001E-01 -1.11081E-04 -2.67472E-01
9.50998E+01 -3.55001E-01 -1.13005E-04 -2.72452E-01
9.51998E+01 -3.60001E-01 -1.14917E-04 -2.77447E-01
9.52998E+01 -3.65001E-01 -1.16786E-04 -2.82468E-01
9.53998E+01 -3.70001E-01 -1.18631E-04 -2.87449E-01
9.54998E+01 -3.75001E-01 -1.20435E-04 -2.92433E-01
9.55998E+01 -3.80001E-01 -1.22218E-04 -2.97466E-01
9.56998E+01 -3.85001E-01 -1.23953E-04 -3.02457E-01
9.57998E+01 -3.90001E-01 -1.25582E-04 -3.07457E-01
9.58998E+01 -3.95001E-01 -1.27159E-04 -3.12447E-01
9.59998E+01 -4.00001E-01 -1.28735E-04 -3.17487E-01
9.60998E+01 -4.05001E-01 -1.30499E-04 -3.22470E-01
9.61998E+01 -4.10001E-01 -1.32151E-04 -3.27495E-01
9.62998E+01 -4.15001E-01 -1.33519E-04 -3.32476E-01
9.63998E+01 -4.20001E-01 -1.34805E-04 -3.37500E-01
9.64998E+01 -4.25001E-01 -1.36116E-04 -3.42486E-01
9.65998E+01 -4.30001E-01 -1.37389E-04 -3.47495E-01
9.66998E+01 -4.35001E-01 -1.38668E-04 -3.52507E-01
9.67998E+01 -4.40001E-01 -1.39944E-04 -3.57517E-01
9.68998E+01 -4.45001E-01 -1.41205E-04 -3.62496E-01
9.69998E+01 -4.50001E-01 -1.42412E-04 -3.67503E-01
9.70998E+01 -4.55001E-01 -1.43495E-04 -3.72514E-01
9.71998E+01 -4.60001E-01 -1.44589E-04 -3.77527E-01
9.72998E+01 -4.65001E-01 -1.45815E-04 -3.82511E-01
9.73998E+01 -4.70001E-01 -1.46787E-04 -3.87511E-01
9.74998E+01 -4.75001E-01 -1.47638E-04 -3.92524E-01
9.75998E+01 -4.80001E-01 -1.48488E-04 -3.97521E-01
9.76998E+01 -4.85001E-01 -1.49226E-04 -4.02517E-01
9.77998E+01 -4.90001E-01 -1.50017E-04 -4.07525E-01
9.78998E+01 -4.95001E-01 -1.50796E-04 -4.12527E-01
9.79998E+01 -5.00001E-01 -1.51567E-04 -4.17525E-01
9.80998E+01 -5.05001E-01 -1.52337E-04 -4.22542E-01
9.81998E+01 -5.10001E-01 -1.53101E-04 -4.27521E-01
9.82998E+01 -5.15001E-01 -1.53940E-04 -4.32522E-01
9.83998E+01 -5.20001E-01 -1.54712E-04 -4.37546E-01
9.84998E+01 -5.25001E-01 -1.55494E-04 -4.42529E-01
9.85998E+01 -5.30001E-01 -1.56230E-04 -4.47521E-01
9.86998E+01 -5.35001E-01 -1.56947E-04 -4.52542E-01
9.87998E+01 -5.40001E-01 -1.57728E-04 -4.57538E-01
9.88998E+01 -5.45001E-01 -1.58387E-04 -4.62532E-01
9.89998E+01 -5.50001E-01 -1.59165E-04 -4.67540E-01
9.90998E+01 -5.55001E-01 -1.59857E-04 -4.72536E-01
9.91998E+01 -5.60001E-01 -1.60604E-04 -4.77564E-01
9.92998E+01 -5.65001E-01 -1.61219E-04 -4.82546E-01
9.93998E+01 -5.70001E-01 -1.61947E-04 -4.87589E-01
9.94998E+01 -5.75001E-01 -1.62988E-04 -4.92578E-01
9.95998E+01 -5.80001E-01 -1.64366E-04 -4.97577E-01
9.96998E+01 -5.85001E-01 -1.64861E-04 -5.02566E-01
9.97998E+01 -5.90001E-01 -1.65395E-04 -5.07600E-01
9.98998E+01 -5.95001E-01 -1.65541E-04 -5.12609E-01
9.99997E+01 -6.00001E-01 -1.66271E-04 -5.17600E-01
1.00100E+02 -6.05000E-01 -1.67032E-04 -5.22603E-01
1.00200E+02 -6.10000E-01 -1.67912E-04 -5.27606E-01
1.00300E+02 -6.15000E-01 -1.68825E-04 -5.32641E-01
1.00400E+02 -6.20000E-01 -1.69849E-04 -5.37611E-01
1.00500E+02 -6.25000E-01 -1.70798E-04 -5.42580E-01
1.00600E+02 -6.30000E-01 -1.71769E-04 -5.47603E-01
1.00700E+02 -6.35000E-01 -1.72891E-04 -5.52624E-01
1.00800E+02 -6.40000E-01 -1.74082E-04 -5.57617E-01
1.00900E+02 -6.45000E-01 -1.75105E-04 -5.62607E-01
1.01000E+02 -6.50000E-01 -1.76354E-04 -5.67608E-01
1.01100E+02 -6.55000E-01 -1.77493E-04 -5.72629E-01
1.01200E+02 -6.60000E-01 -1.78835E-04 -5.77632E-01
1.01300E+02 -6.65000E-01 -1.80184E-04 -5.82624E-01
1.01400E+02 -6.70000E-01 -1.81627E-04 -5.87614E-01
1.01500E+02 -6.75000E-01 -1.82992E-04 -5.92635E-01
1.01600E+02 -6.80000E-01 -1.84370E-04 -5.97619E-01
1.01700E+02 -6.85000E-01 -1.86213E-04 -6.02636E-01
1.01800E+02 -6.90000E-01 -1.87449E-04 -6.07636E-01
1.01900E+02 -6.95000E-01 -1.88955E-04 -6.12649E-01
1.02000E+02 -7.00000E-01 -1.90383E-04 -6.17636E-01
1.02100E+02 -7.05000E-01 -1.91960E-04 -6.22621E-01
1.02200E+02 -7.10000E-01 -1.93567E-04 -6.27632E-01
1.02300E+02 -7.15000E-01 -1.95392E-04 -6.32634E-01
1.02400E+02 -7.20000E-01 -1.97018E-04 -6.37649E-01
1.02500E+02 -7.25000E-01 -1.98700E-04 -6.42656E-01
1.02600E+02 -7.30000E-01 -2.00506E-04 -6.47649E-01
1.02700E+02 -7.35000E-01 -2.02089E-04 -6.52643E-01
1.02800E+02 -7.40000E-01 -2.03966E-04 -6.57667E-01
1.02900E+02 -7.45000E-01 -2.05457E-04 -6.62640E-01
1.03000E+02 -7.50000E-01 -2.07076E-04 -6.67662E-01
1.03100E+02 -7.55000E-01 -2.08854E-04 -6.72648E-01
1.03200E+02 -7.60000E-01 -2.10117E-04 -6.77665E-01
1.03300E+02 -7.65000E-01 -2.10912E-04 -6.82666E-01
1.03400E+02 -7.70000E-01 -2.11945E-04 -6.87658E-01
1.03500E+02 -7.75000E-01 -2.12147E-04 -6.92666E-01
1.03600E+02 -7.80000E-01 -2.11786E-04 -6.97682E-01
1.03700E+02 -7.85000E-01 -2.09418E-04 -7.02661E-01
1.03800E+02 -7.90000E-01 -2.04337E-04 -7.07649E-01
1.03900E+02 -7.95000E-01 -1.93345E-04 -7.12682E-01
