time/s      E/V        I/A
0.00000E+00 -8.00000E-01 -1.25957E-04 -7.26018E-01
9.99997E-02 -7.95000E-01 -8.01164E-05 -7.21040E-01
1.99999E-01 -7.90000E-01 -6.25945E-05 -7.16013E-01
2.99999E-01 -7.85000E-01 -5.19380E-05 -7.11021E-01
3.99999E-01 -7.80000E-01 -4.89699E-05 -7.06033E-01
4.99999E-01 -7.75000E-01 -4.36589E-05 -7.01028E-01
5.99998E-01 -7.70000E-01 -3.95567E-05 -6.96045E-01
6.99998E-01 -7.65000E-01 -3.63322E-05 -6.91011E-01
7.99998E-01 -7.60000E-01 -3.36592E-05 -6.86026E-01
8.99998E-01 -7.55000E-01 -3.14212E-05 -6.81037E-01
9.99997E-01 -7.50000E-01 -2.99384E-05 -6.76031E-01
1.10000E+00 -7.45000E-01 -2.82748E-05 -6.71002E-01
1.20000E+00 -7.40000E-01 -2.68003E-05 -6.66011E-01
1.30000E+00 -7.35000E-01 -2.54771E-05 -6.60988E-01
1.40000E+00 -7.30000E-01 -2.42721E-05 -6.56010E-01
1.50000E+00 -7.25000E-01 -2.33736E-05 -6.51014E-01
1.60000E+00 -7.20000E-01 -2.26496E-05 -6.46027E-01
1.70000E+00 -7.15000E-01 -2.17435E-05 -6.41011E-01
1.80000E+00 -7.10000E-01 -2.08532E-05 -6.36031E-01
1.90000E+00 -7.05000E-01 -2.08566E-05 -6.31007E-01
1.99999E+00 -7.00000E-01 -1.96602E-05 -6.25984E-01
2.09999E+00 -6.95000E-01 -1.84959E-05 -6.20978E-01
2.19999E+00 -6.90000E-01 -1.79868E-05 -6.15982E-01
2.29999E+00 -6.85000E-01 -1.77950E-05 -6.10977E-01
2.39999E+00 -6.80000E-01 -1.75875E-05 -6.05982E-01
2.49999E+00 -6.75000E-01 -1.68725E-05 -6.00998E-01
2.59999E+00 -6.70000E-01 -1.64011E-05 -5.96009E-01
2.69999E+00 -6.65000E-01 -1.57615E-05 -5.90993E-01
2.79999E+00 -6.60000E-01 -1.51100E-05 -5.85973E-01
2.89999E+00 -6.55000E-01 -1.46201E-05 -5.80953E-01
2.99999E+00 -6.50000E-01 -1.42002E-05 -5.75959E-01
3.09999E+00 -6.45000E-01 -1.39416E-05 -5.70978E-01
3.19999E+00 -6.40000E-01 -1.37502E-05 -5.65941E-01
3.29999E+00 -6.35000E-01 -1.35336E-05 -5.60973E-01
3.39999E+00 -6.30000E-01 -1.30693E-05 -5.55963E-01
3.49999E+00 -6.25000E-01 -1.24141E-05 -5.50953E-01
3.59999E+00 -6.20000E-01 -1.21586E-05 -5.45953E-01
3.69999E+00 -6.15000E-01 -1.20274E-05 -5.40937E-01
3.79999E+00 -6.10000E-01 -1.17164E-05 -5.35949E-01
3.89999E+00 -6.05000E-01 -1.15359E-05 -5.30954E-01
3.99999E+00 -6.00001E-01 -1.14103E-05 -5.25930E-01
4.09999E+00 -5.95001E-01 -1.11032E-05 -5.20930E-01
4.19999E+00 -5.90001E-01 -1.09331E-05 -5.15950E-01
4.29999E+00 -5.85001E-01 -1.08113E-05 -5.10950E-01
4.39999E+00 -5.80001E-01 -1.05263E-05 -5.05962E-01
4.49999E+00 -5.75001E-01 -1.02934E-05 -5.00930E-01
4.59999E+00 -5.70001E-01 -1.01438E-05 -4.95935E-01
4.69999E+00 -5.65001E-01 -1.00224E-05 -4.90922E-01
4.79999E+00 -5.60001E-01 -9.71088E-06 -4.85921E-01
4.89999E+00 -5.55001E-01 -9.41702E-06 -4.80913E-01
4.99999E+00 -5.50001E-01 -9.13094E-06 -4.75879E-01
5.09999E+00 -5.45001E-01 -8.86301E-06 -4.70891E-01
5.19999E+00 -5.40001E-01 -8.75521E-06 -4.65878E-01
5.29999E+00 -5.35001E-01 -8.55364E-06 -4.60876E-01
5.39999E+00 -5.30001E-01 -8.41822E-06 -4.55896E-01
5.49999E+00 -5.25001E-01 -8.19065E-06 -4.50882E-01
5.59999E+00 -5.20001E-01 -8.11869E-06 -4.45872E-01
5.69999E+00 -5.15001E-01 -8.00532E-06 -4.40875E-01
5.79999E+00 -5.10001E-01 -7.73473E-06 -4.35905E-01
5.89999E+00 -5.05001E-01 -7.47517E-06 -4.30866E-01
5.99998E+00 -5.00001E-01 -7.25795E-06 -4.25852E-01
6.09998E+00 -4.95001E-01 -7.09324E-06 -4.20867E-01
6.19998E+00 -4.90001E-01 -6.92600E-06 -4.15870E-01
6.29998E+00 -4.85001E-01 -6.74547E-06 -4.10861E-01
6.39998E+00 -4.80001E-01 -6.59341E-06 -4.05865E-01
6.49998E+00 -4.75001E-01 -6.45247E-06 -4.00850E-01
6.59998E+00 -4.70001E-01 -6.31430E-06 -3.95865E-01
6.69998E+00 -4.65001E-01 -6.20193E-06 -3.90874E-01
6.79998E+00 -4.60001E-01 -6.10330E-06 -3.85840E-01
6.89998E+00 -4.55001E-01 -6.11800E-06 -3.80852E-01
6.99998E+00 -4.50001E-01 -5.65511E-06 -3.75860E-01
7.09998E+00 -4.45001E-01 -5.63619E-06 -3.70867E-01
7.19998E+00 -4.40001E-01 -5.57333E-06 -3.65865E-01
7.29998E+00 -4.35001E-01 -5.30907E-06 -3.60896E-01
7.39998E+00 -4.30001E-01 -5.16441E-06 -3.55896E-01
7.49998E+00 -4.25001E-01 -5.02966E-06 -3.50887E-01
7.59998E+00 -4.20001E-01 -4.89937E-06 -3.45884E-01
7.69998E+00 -4.15001E-01 -4.77382E-06 -3.40867E-01
7.79998E+00 -4.10001E-01 -4.65226E-06 -3.35860E-01
7.89998E+00 -4.05001E-01 -4.52706E-06 -3.30872E-01
7.99998E+00 -4.00001E-01 -4.39289E-06 -3.25860E-01
8.09998E+00 -3.95001E-01 -4.26307E-06 -3.20844E-01
8.19998E+00 -3.90001E-01 -4.13840E-06 -3.15830E-01
8.29998E+00 -3.85001E-01 -4.02646E-06 -3.10844E-01
8.39998E+00 -3.80001E-01 -3.92251E-06 -3.05850E-01
8.49998E+00 -3.75001E-01 -3.78084E-06 -3.00837E-01
8.59998E+00 -3.70001E-01 -3.72213E-06 -2.95838E-01
8.69998E+00 -3.65001E-01 -3.65547E-06 -2.90826E-01
8.79998E+00 -3.60001E-01 -3.54282E-06 -2.85842E-01
8.89998E+00 -3.55001E-01 -3.36019E-06 -2.80838E-01
8.99998E+00 -3.50001E-01 -3.15816E-06 -2.75828E-01
9.09998E+00 -3.45001E-01 -2.99235E-06 -2.70809E-01
9.19998E+00 -3.40001E-01 -2.81285E-06 -2.65806E-01
9.29998E+00 -3.35001E-01 -2.74938E-06 -2.60803E-01
9.39998E+00 -3.30001E-01 -2.59398E-06 -2.55799E-01
9.49998E+00 -3.25001E-01 -2.42809E-06 -2.50788E-01
9.59998E+00 -3.20001E-01 -2.28758E-06 -2.45782E-01
9.69998E+00 -3.15001E-01 -2.14656E-06 -2.40782E-01
9.79998E+00 -3.10001E-01 -2.01601E-06 -2.35793E-01
9.89998E+00 -3.05001E-01 -1.87717E-06 -2.30763E-01
9.99997E+00 -3.00001E-01 -1.72646E-06 -2.25786E-01
1.01000E+01 -2.95001E-01 -1.96334E-06 -2.20775E-01
1.02000E+01 -2.90001E-01 -1.80320E-06 -2.15754E-01
1.03000E+01 -2.85001E-01 -1.23944E-06 -2.10752E-01
1.04000E+01 -2.80001E-01 -1.13980E-06 -2.05754E-01
1.05000E+01 -2.75001E-01 -9.81550E-07 -2.00775E-01
1.06000E+01 -2.70001E-01 -9.21892E-07 -1.95752E-01
1.07000E+01 -2.65001E-01 -8.19133E-07 -1.90731E-01
1.08000E+01 -2.60001E-01 -7.90978E-07 -1.85768E-01
1.09000E+01 -2.55001E-01 -6.50450E-07 -1.80786E-01
1.10000E+01 -2.50001E-01 -4.37598E-07 -1.75751E-01
1.11000E+01 -2.45001E-01 -3.57021E-07 -1.70745E-01
1.12000E+01 -2.40001E-01 -3.49631E-07 -1.65736E-01
1.13000E+01 -2.35001E-01 -2.90742E-07 -1.60741E-01
1.14000E+01 -2.30001E-01 -2.22891E-07 -1.55734E-01
1.15000E+01 -2.25001E-01 -1.55023E-07 -1.50704E-01
1.16000E+01 -2.20001E-01 -5.08555E-08 -1.45728E-01
1.17000E+01 -2.15001E-01 6.42821E-08  -1.40722E-01
1.18000E+01 -2.10001E-01 8.47504E-08  -1.35716E-01
1.19000E+01 -2.05001E-01 1.89708E-07  -1.30702E-01
1.20000E+01 -2.00002E-01 3.38747E-07  -1.25712E-01
1.21000E+01 -1.95002E-01 4.59588E-07  -1.20713E-01
1.22000E+01 -1.90002E-01 5.44479E-07  -1.15719E-01
1.23000E+01 -1.85002E-01 6.17596E-07  -1.10701E-01
1.24000E+01 -1.80002E-01 6.84495E-07  -1.05691E-01
1.25000E+01 -1.75002E-01 7.80938E-07  -1.00693E-01
1.26000E+01 -1.70002E-01 8.91301E-07  -9.57013E-02
1.27000E+01 -1.65002E-01 9.68341E-07  -9.06829E-02
1.28000E+01 -1.60002E-01 1.09354E-06  -8.56863E-02
1.29000E+01 -1.55002E-01 1.18686E-06  -8.07023E-02
1.30000E+01 -1.50002E-01 1.28921E-06  -7.56926E-02
1.31000E+01 -1.45002E-01 1.39274E-06  -7.06992E-02
1.32000E+01 -1.40002E-01 1.49770E-06  -6.57039E-02
1.33000E+01 -1.35002E-01 1.57654E-06  -6.07036E-02
1.34000E+01 -1.30002E-01 1.64036E-06  -5.56870E-02
1.35000E+01 -1.25002E-01 1.73124E-06  -5.06893E-02
1.36000E+01 -1.20002E-01 1.82868E-06  -4.57008E-02
1.37000E+01 -1.15002E-01 1.92206E-06  -4.07180E-02
1.38000E+01 -1.10002E-01 2.01203E-06  -3.57065E-02
1.39000E+01 -1.05002E-01 2.11435E-06  -3.06881E-02
1.40000E+01 -1.00002E-01 2.21762E-06  -2.56609E-02
1.41000E+01 -9.50018E-02 2.31310E-06  -2.06900E-02
1.42000E+01 -9.00018E-02 2.42683E-06  -1.56809E-02
1.43000E+01 -8.50018E-02 2.53860E-06  -1.06713E-02
1.44000E+01 -8.00018E-02 2.64448E-06  -5.65225E-03
1.45000E+01 -7.50018E-02 2.75979E-06  -6.48837E-04
1.46000E+01 -7.00018E-02 2.85868E-06  4.33834E-03 
1.47000E+01 -6.50018E-02 2.95989E-06  9.34614E-03 
1.48000E+01 -6.00019E-02 3.07216E-06  1.43421E-02 
1.49000E+01 -5.50019E-02 3.19166E-06  1.93548E-02 
1.50000E+01 -5.00019E-02 3.31116E-06  2.43595E-02 
1.51000E+01 -4.50019E-02 3.43104E-06  2.93398E-02 
1.52000E+01 -4.00019E-02 3.55498E-06  3.43513E-02 
1.53000E+01 -3.50019E-02 3.67754E-06  3.93698E-02 
1.54000E+01 -3.00019E-02 3.80199E-06  4.43513E-02 
1.55000E+01 -2.50019E-02 3.92968E-06  4.93597E-02 
1.56000E+01 -2.00020E-02 4.05947E-06  5.43582E-02 
1.57000E+01 -1.50020E-02 4.19220E-06  5.93722E-02 
1.58000E+01 -1.00020E-02 4.32453E-06  6.43675E-02 
1.59000E+01 -5.00199E-03 4.45562E-06  6.93772E-02 
1.60000E+01 -2.00000E-06 4.59109E-06  7.43956E-02 
1.61000E+01 4.99799E-03  4.72893E-06  7.93946E-02 
1.62000E+01 9.99797E-03  4.86824E-06  8.43793E-02 
1.63000E+01 1.49980E-02  5.00731E-06  8.93752E-02 
1.64000E+01 1.99979E-02  5.15464E-06  9.43999E-02 
1.65000E+01 2.49979E-02  5.29963E-06  9.93896E-02 
1.66000E+01 2.99979E-02  5.44833E-06  1.04412E-01 
1.67000E+01 3.49979E-02  5.60240E-06  1.09408E-01 
1.68000E+01 3.99979E-02  5.75691E-06  1.14393E-01 
1.69000E+01 4.49979E-02  5.91696E-06  1.19409E-01 
1.70000E+01 4.99979E-02  6.07919E-06  1.24403E-01 
1.71000E+01 5.49979E-02  6.24214E-06  1.29401E-01 
1.72000E+01 5.99978E-02  6.40268E-06  1.34398E-01 
1.73000E+01 6.49978E-02  6.57140E-06  1.39408E-01 
1.74000E+01 6.99978E-02  6.74039E-06  1.44410E-01 
1.75000E+01 7.49978E-02  6.91276E-06  1.49431E-01 
1.76000E+01 7.99978E-02  7.08904E-06  1.54418E-01 
1.77000E+01 8.49978E-02  7.27083E-06  1.59442E-01 
1.78000E+01 8.99978E-02  7.46605E-06  1.64444E-01 
1.79000E+01 9.49978E-02  7.65763E-06  1.69407E-01 
1.80000E+01 9.99977E-02  7.84841E-06  1.74436E-01 
1.81000E+01 1.04998E-01  8.04117E-06  1.79444E-01 
1.82000E+01 1.09998E-01  8.23140E-06  1.84444E-01 
1.83000E+01 1.14998E-01  8.42142E-06  1.89428E-01 
1.84000E+01 1.19998E-01  8.63701E-06  1.94436E-01 
1.85000E+01 1.24998E-01  8.85944E-06  1.99439E-01 
1.86000E+01 1.29998E-01  9.08584E-06  2.04430E-01 
1.87000E+01 1.34998E-01  9.31463E-06  2.09433E-01 
1.88000E+01 1.39998E-01  9.55422E-06  2.14426E-01 
1.89000E+01 1.44998E-01  9.79026E-06  2.19448E-01 
1.90000E+01 1.49998E-01  1.00214E-05  2.24440E-01 
1.91000E+01 1.54998E-01  1.02610E-05  2.29430E-01 
1.92000E+01 1.59998E-01  1.05095E-05  2.34456E-01 
1.93000E+01 1.64998E-01  1.07664E-05  2.39476E-01 
1.94000E+01 1.69998E-01  1.10255E-05  2.44444E-01 
1.95000E+01 1.74998E-01  1.12935E-05  2.49461E-01 
1.96000E+01 1.79998E-01  1.15631E-05  2.54459E-01 
1.97000E+01 1.84998E-01  1.18305E-05  2.59490E-01 
1.98000E+01 1.89998E-01  1.21029E-05  2.64492E-01 
1.99000E+01 1.94998E-01  1.23801E-05  2.69498E-01 
1.99999E+01 1.99997E-01  1.26557E-05  2.74471E-01 
2.00999E+01 2.04997E-01  1.29410E-05  2.79481E-01 
2.01999E+01 2.09997E-01  1.32294E-05  2.84495E-01 
2.02999E+01 2.14997E-01  1.35181E-05  2.89487E-01 
2.03999E+01 2.19997E-01  1.38071E-05  2.94469E-01 
2.04999E+01 2.24997E-01  1.41009E-05  2.99499E-01 
2.05999E+01 2.29997E-01  1.43932E-05  3.04489E-01 
2.06999E+01 2.34997E-01  1.46893E-05  3.09517E-01 
2.07999E+01 2.39997E-01  1.49910E-05  3.14506E-01 
2.08999E+01 2.44997E-01  1.52922E-05  3.19516E-01 
2.09999E+01 2.49997E-01  1.55956E-05  3.24514E-01 
2.10999E+01 2.54997E-01  1.59051E-05  3.29538E-01 
2.11999E+01 2.59997E-01  1.62153E-05  3.34541E-01 
2.12999E+01 2.64997E-01  1.65270E-05  3.39547E-01 
2.13999E+01 2.69997E-01  1.68424E-05  3.44536E-01 
2.14999E+01 2.74997E-01  1.71579E-05  3.49526E-01 
2.15999E+01 2.79997E-01  1.74685E-05  3.54547E-01 
2.16999E+01 2.84997E-01  1.77876E-05  3.59533E-01 
2.17999E+01 2.89997E-01  1.81069E-05  3.64521E-01 
2.18999E+01 2.94997E-01  1.84271E-05  3.69537E-01 
2.19999E+01 2.99997E-01  1.87509E-05  3.74561E-01 
2.20999E+01 3.04997E-01  1.90771E-05  3.79552E-01 
2.21999E+01 3.09997E-01  1.94064E-05  3.84533E-01 
2.22999E+01 3.14997E-01  1.97359E-05  3.89550E-01 
2.23999E+01 3.19997E-01  2.01194E-05  3.94566E-01 
2.24999E+01 3.24997E-01  2.04503E-05  3.99552E-01 
2.25999E+01 3.29997E-01  2.07880E-05  4.04556E-01 
2.26999E+01 3.34997E-01  2.11249E-05  4.09540E-01 
2.27999E+01 3.39997E-01  2.14634E-05  4.14564E-01 
2.28999E+01 3.44997E-01  2.18138E-05  4.19559E-01 
2.29999E+01 3.49997E-01  2.21599E-05  4.24559E-01 
2.30999E+01 3.54997E-01  2.25080E-05  4.29573E-01 
2.31999E+01 3.59997E-01  2.28572E-05  4.34572E-01 
2.32999E+01 3.64997E-01  2.32043E-05  4.39567E-01 
2.33999E+01 3.69997E-01  2.35596E-05  4.44567E-01 
2.34999E+01 3.74997E-01  2.39147E-05  4.49578E-01 
2.35999E+01 3.79997E-01  2.42651E-05  4.54588E-01 
2.36999E+01 3.84997E-01  2.46233E-05  4.59598E-01 
2.37999E+01 3.89997E-01  2.49785E-05  4.64615E-01 
2.38999E+01 3.94997E-01  2.53308E-05  4.69615E-01 
2.39999E+01 3.99997E-01  2.56903E-05  4.74605E-01 
2.40999E+01 4.04997E-01  2.60547E-05  4.79580E-01 
2.41999E+01 4.09997E-01  2.64188E-05  4.84586E-01 
2.42999E+01 4.14997E-01  2.67860E-05  4.89629E-01 
2.43999E+01 4.19997E-01  2.71466E-05  4.94621E-01 
2.44999E+01 4.24997E-01  2.75121E-05  4.99609E-01 
2.45999E+01 4.29997E-01  2.78751E-05  5.04632E-01 
2.46999E+01 4.34997E-01  2.82379E-05  5.09620E-01 
2.47999E+01 4.39997E-01  2.86018E-05  5.14617E-01 
2.48999E+01 4.44997E-01  2.89666E-05  5.19629E-01 
2.49999E+01 4.49997E-01  2.93327E-05  5.24632E-01 
2.50999E+01 4.54997E-01  2.96968E-05  5.29640E-01 
2.51999E+01 4.59997E-01  3.00601E-05  5.34642E-01 
2.52999E+01 4.64997E-01  3.04236E-05  5.39636E-01 
2.53999E+01 4.69997E-01  3.07830E-05  5.44638E-01 
2.54999E+01 4.74997E-01  3.11396E-05  5.49647E-01 
2.55999E+01 4.79997E-01  3.14975E-05  5.54646E-01 
2.56999E+01 4.84997E-01  3.18564E-05  5.59643E-01 
2.57999E+01 4.89997E-01  3.22070E-05  5.64656E-01 
2.58999E+01 4.94997E-01  3.25633E-05  5.69672E-01 
2.59999E+01 4.99997E-01  3.29095E-05  5.74654E-01 
2.60999E+01 5.04997E-01  3.32577E-05  5.79658E-01 
2.61999E+01 5.09997E-01  3.36033E-05  5.84666E-01 
2.62999E+01 5.14997E-01  3.39438E-05  5.89659E-01 
2.63999E+01 5.19997E-01  3.42808E-05  5.94664E-01 
2.64999E+01 5.24997E-01  3.46123E-05  5.99651E-01 
2.65999E+01 5.29997E-01  3.49432E-05  6.04685E-01 
2.66999E+01 5.34997E-01  3.52697E-05  6.09686E-01 
2.67999E+01 5.39997E-01  3.55831E-05  6.14678E-01 
2.68999E+01 5.44997E-01  3.59053E-05  6.19687E-01 
2.69999E+01 5.49997E-01  3.62111E-05  6.24672E-01 
2.70999E+01 5.54997E-01  3.65224E-05  6.29712E-01 
2.71999E+01 5.59997E-01  3.68286E-05  6.34710E-01 
2.72999E+01 5.64997E-01  3.71236E-05  6.39712E-01 
2.73999E+01 5.69997E-01  3.74124E-05  6.44715E-01 
2.74999E+01 5.74997E-01  3.76881E-05  6.49702E-01 
2.75999E+01 5.79997E-01  3.79549E-05  6.54715E-01 
2.76999E+01 5.84997E-01  3.82276E-05  6.59740E-01 
2.77999E+01 5.89997E-01  3.84944E-05  6.64724E-01 
2.78999E+01 5.94997E-01  3.87563E-05  6.69712E-01 
2.79999E+01 5.99996E-01  3.90072E-05  6.74736E-01 
2.80999E+01 6.04996E-01  3.92587E-05  6.79740E-01 
2.81999E+01 6.09996E-01  3.95022E-05  6.84727E-01 
2.82999E+01 6.14996E-01  3.97362E-05  6.89726E-01 
2.83999E+01 6.19996E-01  3.99647E-05  6.94721E-01 
2.84999E+01 6.24996E-01  4.01768E-05  6.99746E-01 
2.85999E+01 6.29996E-01  4.04022E-05  7.04728E-01 
2.86999E+01 6.34996E-01  4.06144E-05  7.09724E-01 
2.87999E+01 6.39996E-01  4.08298E-05  7.14744E-01 
2.88999E+01 6.44996E-01  4.10387E-05  7.19741E-01 
2.89999E+01 6.49996E-01  4.12436E-05  7.24738E-01 
2.90999E+01 6.54996E-01  4.14482E-05  7.29721E-01 
2.91999E+01 6.59996E-01  4.16466E-05  7.34747E-01 
2.92999E+01 6.64996E-01  4.18381E-05  7.39753E-01 
2.93999E+01 6.69996E-01  4.20285E-05  7.44751E-01 
2.94999E+01 6.74996E-01  4.22148E-05  7.49759E-01 
2.95999E+01 6.79996E-01  4.23968E-05  7.54764E-01 
2.96999E+01 6.84996E-01  4.25781E-05  7.59764E-01 
2.97999E+01 6.89996E-01  4.27521E-05  7.64745E-01 
2.98999E+01 6.94996E-01  4.29251E-05  7.69752E-01 
2.99999E+01 6.99996E-01  4.30879E-05  7.74755E-01 
3.00999E+01 7.04996E-01  4.32506E-05  7.79780E-01 
3.01999E+01 7.09996E-01  4.34025E-05  7.84789E-01 
3.02999E+01 7.14996E-01  4.35474E-05  7.89785E-01 
3.03999E+01 7.19996E-01  4.36871E-05  7.94810E-01 
3.04999E+01 7.24996E-01  4.38257E-05  7.99810E-01 
3.05999E+01 7.29996E-01  4.39612E-05  8.04778E-01 
3.06999E+01 7.34996E-01  4.41035E-05  8.09800E-01 
3.07999E+01 7.39996E-01  4.42312E-05  8.14821E-01 
3.08999E+01 7.44996E-01  4.43538E-05  8.19809E-01 
3.09999E+01 7.49996E-01  4.44714E-05  8.24803E-01 
3.10999E+01 7.54996E-01  4.45926E-05  8.29812E-01 
3.11999E+01 7.59996E-01  4.47141E-05  8.34820E-01 
3.12999E+01 7.64996E-01  4.48472E-05  8.39821E-01 
3.13999E+01 7.69996E-01  4.49930E-05  8.44803E-01 
3.14999E+01 7.74996E-01  4.51410E-05  8.49797E-01 
3.15999E+01 7.79996E-01  4.52845E-05  8.54825E-01 
3.16999E+01 7.84996E-01  4.54375E-05  8.59837E-01 
3.17999E+01 7.89996E-01  4.56045E-05  8.64832E-01 
3.18999E+01 7.94996E-01  4.57919E-05  8.69820E-01 
3.19999E+01 7.99996E-01  4.59763E-05  8.74852E-01 
3.20999E+01 8.04996E-01  4.61949E-05  8.79839E-01 
3.21999E+01 8.09996E-01  4.64045E-05  8.84828E-01 
3.22999E+01 8.14996E-01  4.66411E-05  8.89846E-01 
3.23999E+01 8.19996E-01  4.69003E-05  8.94862E-01 
3.24999E+01 8.24996E-01  4.71597E-05  8.99865E-01 
3.25999E+01 8.29996E-01  4.74289E-05  9.04864E-01 
3.26999E+01 8.34996E-01  4.77122E-05  9.09846E-01 
3.27999E+01 8.39996E-01  4.80034E-05  9.14842E-01 
3.28999E+01 8.44996E-01  4.83076E-05  9.19871E-01 
3.29999E+01 8.49996E-01  4.86139E-05  9.24852E-01 
3.30999E+01 8.54996E-01  4.89245E-05  9.29863E-01 
3.31999E+01 8.59996E-01  4.92298E-05  9.34866E-01 
3.32999E+01 8.64996E-01  4.95374E-05  9.39876E-01 
3.33999E+01 8.69996E-01  4.98319E-05  9.44895E-01 
3.34999E+01 8.74996E-01  5.00995E-05  9.49876E-01 
3.35999E+01 8.79996E-01  5.03482E-05  9.54873E-01 
3.36999E+01 8.84996E-01  5.05879E-05  9.59862E-01 
3.37999E+01 8.89996E-01  5.08118E-05  9.64905E-01 
3.38999E+01 8.94996E-01  5.10201E-05  9.69916E-01 
3.39999E+01 8.99996E-01  5.12099E-05  9.74902E-01 
3.40999E+01 9.04996E-01  5.13487E-05  9.79884E-01 
3.41999E+01 9.09996E-01  5.14642E-05  9.84894E-01 
3.42999E+01 9.14996E-01  5.15594E-05  9.89906E-01 
3.43999E+01 9.19996E-01  5.16478E-05  9.94900E-01 
3.44999E+01 9.24996E-01  5.17746E-05  9.99894E-01 
3.45999E+01 9.29996E-01  5.19526E-05  1.00489E+00 
3.46999E+01 9.34996E-01  5.24073E-05  1.00990E+00 
3.47999E+01 9.39996E-01  5.24479E-05  1.01491E+00 
3.48999E+01 9.44996E-01  5.24344E-05  1.01990E+00 
3.49999E+01 9.49996E-01  5.24745E-05  1.02491E+00 
3.50999E+01 9.54996E-01  5.25358E-05  1.02993E+00 
3.51999E+01 9.59996E-01  5.26231E-05  1.03491E+00 
3.52999E+01 9.64996E-01  5.27145E-05  1.03990E+00 
3.53999E+01 9.69996E-01  5.28648E-05  1.04491E+00 
3.54999E+01 9.74996E-01  5.28918E-05  1.04991E+00 
3.55999E+01 9.79996E-01  5.29528E-05  1.05494E+00 
3.56999E+01 9.84996E-01  5.29476E-05  1.05991E+00 
3.57999E+01 9.89996E-01  5.32511E-05  1.06492E+00 
3.58999E+01 9.94996E-01  5.36156E-05  1.06992E+00 
3.59999E+01 9.99995E-01  5.36261E-05  1.07494E+00 
3.60999E+01 1.00500E+00  5.36237E-05  1.07993E+00 
3.61999E+01 1.01000E+00  5.37150E-05  1.08493E+00 
3.62999E+01 1.01500E+00  5.39364E-05  1.08995E+00 
3.63999E+01 1.02000E+00  5.40779E-05  1.09497E+00 
3.64999E+01 1.02500E+00  5.43475E-05  1.09994E+00 
3.65999E+01 1.03000E+00  5.46683E-05  1.10496E+00 
3.66999E+01 1.03500E+00  5.49559E-05  1.10995E+00 
3.67999E+01 1.04000E+00  5.51638E-05  1.11498E+00 
3.68999E+01 1.04500E+00  5.53805E-05  1.11997E+00 
3.69999E+01 1.05000E+00  5.55529E-05  1.12499E+00 
3.70999E+01 1.05500E+00  5.58639E-05  1.13000E+00 
3.71999E+01 1.06000E+00  5.61246E-05  1.13500E+00 
3.72999E+01 1.06500E+00  5.64329E-05  1.13998E+00 
3.73999E+01 1.07000E+00  5.66839E-05  1.14500E+00 
3.74999E+01 1.07500E+00  5.70124E-05  1.15003E+00 
3.75999E+01 1.08000E+00  5.74943E-05  1.15500E+00 
3.76999E+01 1.08500E+00  5.80637E-05  1.16001E+00 
3.77999E+01 1.09000E+00  5.88015E-05  1.16500E+00 
3.78999E+01 1.09500E+00  5.91469E-05  1.17003E+00 
3.79999E+01 1.10000E+00  5.94481E-05  1.17503E+00 
3.80999E+01 1.10500E+00  5.97125E-05  1.18002E+00 
3.81999E+01 1.11000E+00  6.01616E-05  1.18502E+00 
3.82999E+01 1.11500E+00  6.07452E-05  1.19003E+00 
3.83999E+01 1.12000E+00  6.12711E-05  1.19502E+00 
3.84999E+01 1.12500E+00  6.17219E-05  1.20004E+00 
3.85999E+01 1.13000E+00  6.21838E-05  1.20503E+00 
3.86999E+01 1.13500E+00  6.26694E-05  1.21003E+00 
3.87999E+01 1.14000E+00  6.32988E-05  1.21504E+00 
3.88999E+01 1.14500E+00  6.39158E-05  1.22003E+00 
3.89999E+01 1.15000E+00  6.45201E-05  1.22505E+00 
3.90999E+01 1.15500E+00  6.50930E-05  1.23005E+00 
3.91999E+01 1.16000E+00  6.56657E-05  1.23504E+00 
3.92999E+01 1.16500E+00  6.62584E-05  1.24003E+00 
3.93999E+01 1.17000E+00  6.71068E-05  1.24504E+00 
3.94999E+01 1.17500E+00  6.77121E-05  1.25006E+00 
3.95999E+01 1.18000E+00  6.82495E-05  1.25503E+00 
3.96999E+01 1.18500E+00  6.88232E-05  1.26004E+00 
3.97999E+01 1.19000E+00  6.94477E-05  1.26505E+00 
3.98999E+01 1.19500E+00  7.02805E-05  1.27006E+00 
3.99999E+01 1.19999E+00  7.09675E-05  1.27508E+00 
4.00999E+01 1.20499E+00  7.17073E-05  1.28007E+00 
4.01999E+01 1.20999E+00  7.26079E-05  1.28506E+00 
4.02999E+01 1.21499E+00  7.36123E-05  1.29005E+00 
4.03999E+01 1.21999E+00  7.45445E-05  1.29510E+00 
4.04999E+01 1.22499E+00  7.53265E-05  1.30008E+00 
4.05999E+01 1.22999E+00  7.63038E-05  1.30508E+00 
4.06999E+01 1.23499E+00  7.73321E-05  1.31008E+00 
4.07999E+01 1.23999E+00  7.81583E-05  1.31510E+00 
4.08999E+01 1.24499E+00  7.89019E-05  1.32009E+00 
4.09999E+01 1.24999E+00  7.97820E-05  1.32509E+00 
4.10999E+01 1.25499E+00  8.06851E-05  1.33010E+00 
4.11999E+01 1.25999E+00  8.17407E-05  1.33508E+00 
4.12999E+01 1.26499E+00  8.28735E-05  1.34010E+00 
4.13999E+01 1.26999E+00  8.40385E-05  1.34509E+00 
4.14999E+01 1.27499E+00  8.51747E-05  1.35008E+00 
4.15999E+01 1.27999E+00  8.62623E-05  1.35509E+00 
4.16999E+01 1.28499E+00  8.73655E-05  1.36010E+00 
4.17999E+01 1.28999E+00  8.85829E-05  1.36511E+00 
4.18999E+01 1.29499E+00  8.96395E-05  1.37008E+00 
4.19999E+01 1.29999E+00  9.08145E-05  1.37510E+00 
4.20999E+01 1.30499E+00  9.20873E-05  1.38011E+00 
4.21999E+01 1.30999E+00  9.33035E-05  1.38509E+00 
4.22999E+01 1.31499E+00  9.45823E-05  1.39008E+00 
4.23999E+01 1.31999E+00  9.59490E-05  1.39511E+00 
4.24999E+01 1.32499E+00  9.71461E-05  1.40012E+00 
4.25999E+01 1.32999E+00  9.84629E-05  1.40511E+00 
4.26999E+01 1.33499E+00  9.97939E-05  1.41010E+00 
4.27999E+01 1.33999E+00  1.01059E-04  1.41510E+00 
4.28999E+01 1.34499E+00  1.02565E-04  1.42010E+00 
4.29999E+01 1.34999E+00  1.03946E-04  1.42515E+00 
4.30999E+01 1.35499E+00  1.05580E-04  1.43014E+00 
4.31999E+01 1.35999E+00  1.07154E-04  1.43515E+00 
4.32999E+01 1.36499E+00  1.08707E-04  1.44015E+00 
4.33999E+01 1.36999E+00  1.10325E-04  1.44515E+00 
4.34999E+01 1.37499E+00  1.12048E-04  1.45019E+00 
4.35999E+01 1.37999E+00  1.14317E-04  1.45519E+00 
4.36999E+01 1.38499E+00  1.16262E-04  1.46019E+00 
4.37999E+01 1.38999E+00  1.18038E-04  1.46517E+00 
4.38999E+01 1.39499E+00  1.20038E-04  1.47018E+00 
4.39999E+01 1.39999E+00  1.22058E-04  1.47522E+00 
4.40999E+01 1.40499E+00  1.24088E-04  1.48020E+00 
4.41999E+01 1.40999E+00  1.26168E-04  1.48520E+00 
4.42999E+01 1.41499E+00  1.28321E-04  1.49022E+00 
4.43999E+01 1.41999E+00  1.30532E-04  1.49522E+00 
4.44999E+01 1.42499E+00  1.32755E-04  1.50020E+00 
4.45999E+01 1.42999E+00  1.35015E-04  1.50519E+00 
4.46999E+01 1.43499E+00  1.37321E-04  1.51022E+00 
4.47999E+01 1.43999E+00  1.39636E-04  1.51523E+00 
4.48999E+01 1.44499E+00  1.42260E-04  1.52021E+00 
4.49999E+01 1.44999E+00  1.44648E-04  1.52520E+00 
4.50999E+01 1.45499E+00  1.46986E-04  1.53023E+00 
4.51999E+01 1.45999E+00  1.49533E-04  1.53522E+00 
4.52999E+01 1.46499E+00  1.52062E-04  1.54020E+00 
4.53999E+01 1.46999E+00  1.54654E-04  1.54521E+00 
4.54999E+01 1.47499E+00  1.57279E-04  1.55021E+00 
4.55999E+01 1.47999E+00  1.60097E-04  1.55522E+00 
4.56999E+01 1.48499E+00  1.62743E-04  1.56021E+00 
4.57999E+01 1.48999E+00  1.65506E-04  1.56521E+00 
4.58999E+01 1.49499E+00  1.68333E-04  1.57022E+00 
4.59999E+01 1.49999E+00  1.71206E-04  1.57523E+00 
4.60999E+01 1.50499E+00  1.74146E-04  1.58023E+00 
4.61999E+01 1.50999E+00  1.77134E-04  1.58526E+00 
4.62999E+01 1.51499E+00  1.80234E-04  1.59023E+00 
4.63999E+01 1.51999E+00  1.83411E-04  1.59526E+00 
4.64999E+01 1.52499E+00  1.86614E-04  1.60024E+00 
4.65999E+01 1.52999E+00  1.89871E-04  1.60523E+00 
4.66999E+01 1.53499E+00  1.93231E-04  1.61026E+00 
4.67999E+01 1.53999E+00  1.96829E-04  1.61527E+00 
4.68999E+01 1.54499E+00  2.00355E-04  1.62024E+00 
4.69999E+01 1.54999E+00  2.03892E-04  1.62527E+00 
4.70999E+01 1.55499E+00  2.07498E-04  1.63026E+00 
4.71999E+01 1.55999E+00  2.11160E-04  1.63527E+00 
4.72999E+01 1.56499E+00  2.15403E-04  1.64025E+00 
4.73999E+01 1.56999E+00  2.19229E-04  1.64527E+00 
4.74999E+01 1.57499E+00  2.23098E-04  1.65027E+00 
4.75999E+01 1.57999E+00  2.27053E-04  1.65527E+00 
4.76999E+01 1.58499E+00  2.31022E-04  1.66027E+00 
4.77999E+01 1.58999E+00  2.35072E-04  1.66528E+00 
4.78999E+01 1.59499E+00  2.39092E-04  1.67030E+00 
4.79999E+01 1.59999E+00  2.43268E-04  1.67530E+00 
4.80999E+01 1.60499E+00  2.47469E-04  1.68028E+00 
4.81999E+01 1.60999E+00  2.51578E-04  1.68529E+00 
4.82999E+01 1.61499E+00  2.55770E-04  1.69031E+00 
4.83999E+01 1.61999E+00  2.59932E-04  1.69529E+00 
4.84999E+01 1.62499E+00  2.64091E-04  1.70030E+00 
4.85999E+01 1.62999E+00  2.68208E-04  1.70531E+00 
4.86999E+01 1.63499E+00  2.72372E-04  1.71033E+00 
4.87999E+01 1.63999E+00  2.76541E-04  1.71530E+00 
4.88999E+01 1.64499E+00  2.80689E-04  1.72029E+00 
4.89999E+01 1.64999E+00  2.84819E-04  1.72531E+00 
4.90999E+01 1.65499E+00  2.88879E-04  1.73032E+00 
4.91999E+01 1.65999E+00  2.92970E-04  1.73532E+00 
4.92999E+01 1.66499E+00  2.97032E-04  1.74032E+00 
4.93999E+01 1.66999E+00  3.01063E-04  1.74535E+00 
4.94999E+01 1.67499E+00  3.05095E-04  1.75033E+00 
4.95999E+01 1.67999E+00  3.09055E-04  1.75536E+00 
4.96999E+01 1.68499E+00  3.13011E-04  1.76037E+00 
4.97999E+01 1.68999E+00  3.16957E-04  1.76539E+00 
4.98999E+01 1.69499E+00  3.20821E-04  1.77038E+00 
4.99999E+01 1.69999E+00  3.24670E-04  1.77536E+00 
5.00999E+01 1.70499E+00  3.28477E-04  1.78037E+00 
5.01999E+01 1.70999E+00  3.32388E-04  1.78539E+00 
5.02999E+01 1.71499E+00  3.36075E-04  1.79038E+00 
5.03999E+01 1.71999E+00  3.39735E-04  1.79537E+00 
5.04999E+01 1.72499E+00  3.43305E-04  1.80037E+00 
5.05999E+01 1.72999E+00  3.46938E-04  1.80541E+00 
5.06999E+01 1.73499E+00  3.50480E-04  1.81038E+00 
5.07999E+01 1.73999E+00  3.53965E-04  1.81537E+00 
5.08999E+01 1.74499E+00  3.57521E-04  1.82039E+00 
5.09999E+01 1.74999E+00  3.60960E-04  1.82541E+00 
5.10999E+01 1.75499E+00  3.64388E-04  1.83039E+00 
5.11999E+01 1.75999E+00  3.67799E-04  1.83538E+00 
5.12999E+01 1.76499E+00  3.71234E-04  1.84039E+00 
5.13999E+01 1.76999E+00  3.74628E-04  1.84540E+00 
5.14999E+01 1.77499E+00  3.77924E-04  1.85040E+00 
5.15999E+01 1.77999E+00  3.81235E-04  1.85543E+00 
5.16999E+01 1.78499E+00  3.84437E-04  1.86040E+00 
5.17999E+01 1.78999E+00  3.87775E-04  1.86543E+00 
5.18999E+01 1.79499E+00  3.90978E-04  1.87043E+00 
5.19999E+01 1.79999E+00  3.94271E-04  1.87540E+00 
5.20999E+01 1.79499E+00  3.85616E-04  1.87041E+00 
5.21999E+01 1.78999E+00  3.77470E-04  1.86539E+00 
5.22999E+01 1.78499E+00  3.69284E-04  1.86039E+00 
5.23999E+01 1.77999E+00  3.61494E-04  1.85540E+00 
5.24999E+01 1.77499E+00  3.53855E-04  1.85040E+00 
5.25999E+01 1.76999E+00  3.46478E-04  1.84540E+00 
5.26999E+01 1.76499E+00  3.39181E-04  1.84039E+00 
5.27999E+01 1.75999E+00  3.31996E-04  1.83538E+00 
5.28999E+01 1.75499E+00  3.25000E-04  1.83039E+00 
5.29999E+01 1.74999E+00  3.18169E-04  1.82538E+00 
5.30999E+01 1.74499E+00  3.11414E-04  1.82038E+00 
5.31999E+01 1.73999E+00  3.04794E-04  1.81537E+00 
5.32999E+01 1.73499E+00  2.98431E-04  1.81038E+00 
5.33999E+01 1.72999E+00  2.91984E-04  1.80538E+00 
5.34999E+01 1.72499E+00  2.85825E-04  1.80036E+00 
5.35999E+01 1.71999E+00  2.79706E-04  1.79535E+00 
5.36999E+01 1.71499E+00  2.73641E-04  1.79036E+00 
5.37999E+01 1.70999E+00  2.67767E-04  1.78538E+00 
5.38999E+01 1.70499E+00  2.62015E-04  1.78037E+00 
5.39999E+01 1.69999E+00  2.56520E-04  1.77537E+00 
5.40999E+01 1.69499E+00  2.50939E-04  1.77036E+00 
5.41999E+01 1.68999E+00  2.45470E-04  1.76539E+00 
5.42999E+01 1.68499E+00  2.40130E-04  1.76036E+00 
5.43999E+01 1.67999E+00  2.34756E-04  1.75533E+00 
5.44999E+01 1.67499E+00  2.29592E-04  1.75033E+00 
5.45999E+01 1.66999E+00  2.24539E-04  1.74533E+00 
5.46999E+01 1.66499E+00  2.19547E-04  1.74030E+00 
5.47999E+01 1.65999E+00  2.14636E-04  1.73531E+00 
5.48999E+01 1.65499E+00  2.09794E-04  1.73031E+00 
5.49999E+01 1.64999E+00  2.05022E-04  1.72530E+00 
5.50999E+01 1.64499E+00  2.00593E-04  1.72032E+00 
5.51999E+01 1.63999E+00  1.95791E-04  1.71533E+00 
5.52999E+01 1.63499E+00  1.91223E-04  1.71031E+00 
5.53999E+01 1.62999E+00  1.86683E-04  1.70530E+00 
5.54999E+01 1.62499E+00  1.82300E-04  1.70030E+00 
5.55999E+01 1.61999E+00  1.77975E-04  1.69531E+00 
5.56999E+01 1.61499E+00  1.73686E-04  1.69031E+00 
5.57999E+01 1.60999E+00  1.69498E-04  1.68531E+00 
5.58999E+01 1.60499E+00  1.65492E-04  1.68030E+00 
5.59999E+01 1.59999E+00  1.61340E-04  1.67529E+00 
5.60999E+01 1.59499E+00  1.57302E-04  1.67031E+00 
5.61999E+01 1.58999E+00  1.53378E-04  1.66531E+00 
5.62999E+01 1.58499E+00  1.49543E-04  1.66029E+00 
5.63999E+01 1.57999E+00  1.45720E-04  1.65528E+00 
5.64999E+01 1.57499E+00  1.41932E-04  1.65029E+00 
5.65999E+01 1.56999E+00  1.38305E-04  1.64526E+00 
5.66999E+01 1.56499E+00  1.34715E-04  1.64027E+00 
5.67999E+01 1.55999E+00  1.31129E-04  1.63528E+00 
5.68999E+01 1.55499E+00  1.27649E-04  1.63026E+00 
5.69999E+01 1.54999E+00  1.24239E-04  1.62527E+00 
5.70999E+01 1.54499E+00  1.20775E-04  1.62027E+00 
5.71999E+01 1.53999E+00  1.17371E-04  1.61525E+00 
5.72999E+01 1.53499E+00  1.14057E-04  1.61028E+00 
5.73999E+01 1.52999E+00  1.10799E-04  1.60526E+00 
5.74999E+01 1.52499E+00  1.07608E-04  1.60025E+00 
5.75999E+01 1.51999E+00  1.04208E-04  1.59524E+00 
5.76999E+01 1.51499E+00  1.00231E-04  1.59024E+00 
5.77999E+01 1.50999E+00  9.68130E-05  1.58524E+00 
5.78999E+01 1.50499E+00  9.40838E-05  1.58022E+00 
5.79999E+01 1.49999E+00  9.19565E-05  1.57522E+00 
5.80999E+01 1.49499E+00  8.97317E-05  1.57021E+00 
5.81999E+01 1.48999E+00  8.71539E-05  1.56521E+00 
5.82999E+01 1.48499E+00  8.44876E-05  1.56022E+00 
5.83999E+01 1.47999E+00  8.19063E-05  1.55523E+00 
5.84999E+01 1.47499E+00  7.92715E-05  1.55023E+00 
5.85999E+01 1.46999E+00  7.67097E-05  1.54520E+00 
5.86999E+01 1.46499E+00  7.41718E-05  1.54021E+00 
5.87999E+01 1.45999E+00  7.17172E-05  1.53520E+00 
5.88999E+01 1.45499E+00  6.93985E-05  1.53018E+00 
5.89999E+01 1.44999E+00  6.70430E-05  1.52518E+00 
5.90999E+01 1.44499E+00  6.46676E-05  1.52018E+00 
5.91999E+01 1.43999E+00  6.23751E-05  1.51523E+00 
5.92999E+01 1.43499E+00  6.01548E-05  1.51021E+00 
5.93999E+01 1.42999E+00  5.79605E-05  1.50519E+00 
5.94999E+01 1.42499E+00  5.58887E-05  1.50020E+00 
5.95999E+01 1.41999E+00  5.40210E-05  1.49520E+00 
5.96999E+01 1.41499E+00  5.22585E-05  1.49019E+00 
5.97999E+01 1.40999E+00  5.03760E-05  1.48518E+00 
5.98999E+01 1.40499E+00  4.85760E-05  1.48019E+00 
5.99998E+01 1.39999E+00  4.68090E-05  1.47521E+00 
6.00998E+01 1.39499E+00  4.50729E-05  1.47019E+00 
6.01998E+01 1.38999E+00  4.33636E-05  1.46517E+00 
6.02998E+01 1.38499E+00  4.17723E-05  1.46021E+00 
6.03998E+01 1.37999E+00  4.01617E-05  1.45519E+00 
6.04998E+01 1.37499E+00  3.86580E-05  1.45020E+00 
6.05998E+01 1.36999E+00  3.72013E-05  1.44519E+00 
6.06998E+01 1.36499E+00  3.57936E-05  1.44018E+00 
6.07998E+01 1.35999E+00  3.39904E-05  1.43518E+00 
6.08998E+01 1.35499E+00  3.27495E-05  1.43017E+00 
6.09998E+01 1.34999E+00  3.14156E-05  1.42517E+00 
6.10998E+01 1.34499E+00  3.01782E-05  1.42017E+00 
6.11998E+01 1.33999E+00  2.89973E-05  1.41515E+00 
6.12998E+01 1.33499E+00  2.78693E-05  1.41014E+00 
6.13998E+01 1.32999E+00  2.67596E-05  1.40512E+00 
6.14998E+01 1.32499E+00  2.57085E-05  1.40016E+00 
6.15998E+01 1.31999E+00  2.47016E-05  1.39514E+00 
6.16998E+01 1.31499E+00  2.37450E-05  1.39013E+00 
6.17998E+01 1.30999E+00  2.28257E-05  1.38514E+00 
6.18998E+01 1.30499E+00  2.19466E-05  1.38014E+00 
6.19998E+01 1.29999E+00  2.11089E-05  1.37513E+00 
6.20998E+01 1.29499E+00  2.03097E-05  1.37011E+00 
6.21998E+01 1.28999E+00  1.95448E-05  1.36510E+00 
6.22998E+01 1.28499E+00  1.88135E-05  1.36012E+00 
6.23998E+01 1.27999E+00  1.81193E-05  1.35512E+00 
6.24998E+01 1.27499E+00  1.74625E-05  1.35010E+00 
6.25998E+01 1.26999E+00  1.68266E-05  1.34510E+00 
6.26998E+01 1.26499E+00  1.62638E-05  1.34010E+00 
6.27998E+01 1.25999E+00  1.57349E-05  1.33510E+00 
6.28998E+01 1.25499E+00  1.55830E-05  1.33009E+00 
6.29998E+01 1.24999E+00  1.51513E-05  1.32510E+00 
6.30998E+01 1.24499E+00  1.44105E-05  1.32010E+00 
6.31998E+01 1.23999E+00  1.38037E-05  1.31510E+00 
6.32998E+01 1.23499E+00  1.33012E-05  1.31010E+00 
6.33998E+01 1.22999E+00  1.28356E-05  1.30508E+00 
6.34998E+01 1.22499E+00  1.24146E-05  1.30009E+00 
6.35998E+01 1.21999E+00  1.20248E-05  1.29509E+00 
6.36998E+01 1.21499E+00  1.16558E-05  1.29008E+00 
6.37998E+01 1.20999E+00  1.13098E-05  1.28507E+00 
6.38998E+01 1.20499E+00  1.09901E-05  1.28007E+00 
6.39998E+01 1.19999E+00  1.06832E-05  1.27508E+00 
6.40998E+01 1.19500E+00  1.03911E-05  1.27008E+00 
6.41998E+01 1.19000E+00  1.01172E-05  1.26506E+00 
6.42998E+01 1.18500E+00  9.84950E-06  1.26007E+00 
6.43998E+01 1.18000E+00  9.60124E-06  1.25506E+00 
6.44998E+01 1.17500E+00  9.37382E-06  1.25007E+00 
6.45998E+01 1.17000E+00  9.15095E-06  1.24506E+00 
6.46998E+01 1.16500E+00  8.93805E-06  1.24006E+00 
6.47998E+01 1.16000E+00  8.74030E-06  1.23506E+00 
6.48998E+01 1.15500E+00  8.54799E-06  1.23005E+00 
6.49998E+01 1.15000E+00  8.36171E-06  1.22504E+00 
6.50998E+01 1.14500E+00  8.18873E-06  1.22003E+00 
6.51998E+01 1.14000E+00  8.01900E-06  1.21504E+00 
6.52998E+01 1.13500E+00  7.86206E-06  1.21006E+00 
6.53998E+01 1.13000E+00  7.71437E-06  1.20504E+00 
6.54998E+01 1.12500E+00  7.56883E-06  1.20002E+00 
6.55998E+01 1.12000E+00  7.43034E-06  1.19503E+00 
6.56998E+01 1.11500E+00  7.30177E-06  1.19003E+00 
6.57998E+01 1.11000E+00  7.17445E-06  1.18503E+00 
6.58998E+01 1.10500E+00  7.04591E-06  1.18001E+00 
6.59998E+01 1.10000E+00  6.92559E-06  1.17505E+00 
6.60998E+01 1.09500E+00  6.82389E-06  1.17006E+00 
6.61998E+01 1.09000E+00  6.72376E-06  1.16504E+00 
6.62998E+01 1.08500E+00  6.62431E-06  1.16002E+00 
6.63998E+01 1.08000E+00  6.51514E-06  1.15505E+00 
6.64998E+01 1.07500E+00  6.42076E-06  1.15004E+00 
6.65998E+01 1.07000E+00  6.31816E-06  1.14503E+00 
6.66998E+01 1.06500E+00  6.22553E-06  1.14002E+00 
6.67998E+01 1.06000E+00  6.13378E-06  1.13501E+00 
6.68998E+01 1.05500E+00  6.04608E-06  1.13002E+00 
6.69998E+01 1.05000E+00  5.98337E-06  1.12501E+00 
6.70998E+01 1.04500E+00  5.92835E-06  1.12001E+00 
6.71998E+01 1.04000E+00  5.84175E-06  1.11500E+00 
6.72998E+01 1.03500E+00  5.75637E-06  1.10997E+00 
6.73998E+01 1.03000E+00  5.69144E-06  1.10497E+00 
6.74998E+01 1.02500E+00  5.61473E-06  1.09998E+00 
6.75998E+01 1.02000E+00  5.54635E-06  1.09497E+00 
6.76998E+01 1.01500E+00  5.48174E-06  1.08996E+00 
6.77998E+01 1.01000E+00  5.44877E-06  1.08493E+00 
6.78998E+01 1.00500E+00  5.35472E-06  1.07996E+00 
6.79998E+01 9.99995E-01  5.25032E-06  1.07495E+00 
6.80998E+01 9.94996E-01  5.15009E-06  1.06996E+00 
6.81998E+01 9.89996E-01  5.05759E-06  1.06494E+00 
6.82998E+01 9.84996E-01  4.97169E-06  1.05995E+00 
6.83998E+01 9.79996E-01  4.89083E-06  1.05494E+00 
6.84998E+01 9.74996E-01  4.81150E-06  1.04994E+00 
6.85998E+01 9.69996E-01  4.73324E-06  1.04492E+00 
6.86998E+01 9.64996E-01  4.65729E-06  1.03993E+00 
6.87998E+01 9.59996E-01  4.58198E-06  1.03493E+00 
6.88998E+01 9.54996E-01  4.50560E-06  1.02992E+00 
6.89998E+01 9.49996E-01  4.43324E-06  1.02492E+00 
6.90998E+01 9.44996E-01  4.36266E-06  1.01992E+00 
6.91998E+01 9.39996E-01  4.28480E-06  1.01493E+00 
6.92998E+01 9.34996E-01  4.21392E-06  1.00993E+00 
6.93998E+01 9.29996E-01  4.14106E-06  1.00490E+00 
6.94998E+01 9.24996E-01  4.07348E-06  9.99893E-01 
6.95998E+01 9.19996E-01  4.06248E-06  9.94886E-01 
6.96998E+01 9.14996E-01  3.99177E-06  9.89917E-01 
6.97998E+01 9.09996E-01  3.86109E-06  9.84899E-01 
6.98998E+01 9.04996E-01  3.78025E-06  9.79908E-01 
6.99998E+01 8.99996E-01  3.70029E-06  9.74892E-01 
7.00998E+01 8.94996E-01  3.62386E-06  9.69901E-01 
7.01998E+01 8.89996E-01  3.55253E-06  9.64893E-01 
7.02998E+01 8.84996E-01  3.47926E-06  9.59891E-01 
7.03998E+01 8.79996E-01  3.40769E-06  9.54864E-01 
7.04998E+01 8.74996E-01  3.33712E-06  9.49879E-01 
7.05998E+01 8.69996E-01  3.26455E-06  9.44898E-01 
7.06998E+01 8.64996E-01  3.19349E-06  9.39886E-01 
7.07998E+01 8.59996E-01  3.12358E-06  9.34874E-01 
7.08998E+01 8.54996E-01  3.05481E-06  9.29868E-01 
7.09998E+01 8.49996E-01  2.98367E-06  9.24865E-01 
7.10998E+01 8.44996E-01  2.91260E-06  9.19871E-01 
7.11998E+01 8.39996E-01  2.84504E-06  9.14879E-01 
7.12998E+01 8.34996E-01  2.77031E-06  9.09838E-01 
7.13998E+01 8.29996E-01  2.69932E-06  9.04868E-01 
7.14998E+01 8.24996E-01  2.62885E-06  8.99882E-01 
7.15998E+01 8.19996E-01  2.55875E-06  8.94870E-01 
7.16998E+01 8.14996E-01  2.49067E-06  8.89867E-01 
7.17998E+01 8.09996E-01  2.41637E-06  8.84852E-01 
7.18998E+01 8.04996E-01  2.34790E-06  8.79868E-01 
7.19998E+01 7.99996E-01  2.27897E-06  8.74869E-01 
7.20998E+01 7.94996E-01  2.20329E-06  8.69842E-01 
7.21998E+01 7.89996E-01  2.13018E-06  8.64849E-01 
7.22998E+01 7.84996E-01  2.05718E-06  8.59847E-01 
7.23998E+01 7.79996E-01  1.98313E-06  8.54856E-01 
7.24998E+01 7.74996E-01  1.90789E-06  8.49836E-01 
7.25998E+01 7.69996E-01  1.83081E-06  8.44813E-01 
7.26998E+01 7.64996E-01  1.75397E-06  8.39843E-01 
7.27998E+01 7.59996E-01  1.67256E-06  8.34848E-01 
7.28998E+01 7.54996E-01  1.59817E-06  8.29824E-01 
7.29998E+01 7.49996E-01  1.51421E-06  8.24809E-01 
7.30998E+01 7.44996E-01  1.43136E-06  8.19831E-01 
7.31998E+01 7.39996E-01  1.35341E-06  8.14844E-01 
7.32998E+01 7.34996E-01  1.26650E-06  8.09811E-01 
7.33998E+01 7.29996E-01  1.18203E-06  8.04817E-01 
7.34998E+01 7.24996E-01  1.09597E-06  7.99831E-01 
7.35998E+01 7.19996E-01  1.00813E-06  7.94812E-01 
7.36998E+01 7.14996E-01  9.23527E-07  7.89811E-01 
7.37998E+01 7.09996E-01  8.35400E-07  7.84798E-01 
7.38998E+01 7.04996E-01  7.40416E-07  7.79795E-01 
7.39998E+01 6.99996E-01  6.51565E-07  7.74769E-01 
7.40998E+01 6.94996E-01  5.65135E-07  7.69761E-01 
7.41998E+01 6.89996E-01  4.69674E-07  7.64793E-01 
7.42998E+01 6.84996E-01  3.71279E-07  7.59777E-01 
7.43998E+01 6.79996E-01  2.78856E-07  7.54743E-01 
7.44998E+01 6.74996E-01  1.72275E-07  7.49752E-01 
7.45998E+01 6.69996E-01  7.06352E-08  7.44751E-01 
7.46998E+01 6.64996E-01  -2.70920E-08 7.39771E-01 
7.47998E+01 6.59996E-01  -1.25322E-07 7.34758E-01 
7.48998E+01 6.54996E-01  -2.22484E-07 7.29725E-01 
7.49998E+01 6.49996E-01  -3.30579E-07 7.24732E-01 
7.50998E+01 6.44996E-01  -4.37997E-07 7.19737E-01 
7.51998E+01 6.39996E-01  -5.45910E-07 7.14726E-01 
7.52998E+01 6.34996E-01  -6.44349E-07 7.09730E-01 
7.53998E+01 6.29996E-01  -7.47962E-07 7.04726E-01 
7.54998E+01 6.24996E-01  -8.53512E-07 6.99765E-01 
7.55998E+01 6.19996E-01  -9.81326E-07 6.94745E-01 
7.56998E+01 6.14996E-01  -1.11990E-06 6.89738E-01 
7.57998E+01 6.09996E-01  -1.29693E-06 6.84748E-01 
7.58998E+01 6.04996E-01  -1.37046E-06 6.79746E-01 
7.59998E+01 5.99996E-01  -1.42516E-06 6.74730E-01 
7.60998E+01 5.94997E-01  -1.57498E-06 6.69708E-01 
7.61998E+01 5.89997E-01  -1.65988E-06 6.64725E-01 
7.62998E+01 5.84997E-01  -1.87004E-06 6.59735E-01 
7.63998E+01 5.79997E-01  -2.06973E-06 6.54719E-01 
7.64998E+01 5.74997E-01  -2.09304E-06 6.49717E-01 
7.65998E+01 5.69997E-01  -2.02107E-06 6.44716E-01 
7.66998E+01 5.64997E-01  -2.23963E-06 6.39734E-01 
7.67998E+01 5.59997E-01  -2.28815E-06 6.34698E-01 
7.68998E+01 5.54997E-01  -2.55340E-06 6.29684E-01 
7.69998E+01 5.49997E-01  -2.90561E-06 6.24668E-01 
7.70998E+01 5.44997E-01  -2.92260E-06 6.19714E-01 
7.71998E+01 5.39997E-01  -2.87555E-06 6.14725E-01 
7.72998E+01 5.34997E-01  -2.95121E-06 6.09717E-01 
7.73998E+01 5.29997E-01  -3.00478E-06 6.04697E-01 
7.74998E+01 5.24997E-01  -3.17715E-06 5.99699E-01 
7.75998E+01 5.19997E-01  -3.39602E-06 5.94708E-01 
7.76998E+01 5.14997E-01  -3.58932E-06 5.89711E-01 
7.77998E+01 5.09997E-01  -3.66718E-06 5.84703E-01 
7.78998E+01 5.04997E-01  -3.65316E-06 5.79694E-01 
7.79998E+01 4.99997E-01  -3.89201E-06 5.74698E-01 
7.80998E+01 4.94997E-01  -4.07039E-06 5.69706E-01 
7.81998E+01 4.89997E-01  -4.24052E-06 5.64676E-01 
7.82998E+01 4.84997E-01  -4.40143E-06 5.59666E-01 
7.83998E+01 4.79997E-01  -4.56344E-06 5.54669E-01 
7.84998E+01 4.74997E-01  -4.74189E-06 5.49684E-01 
7.85998E+01 4.69997E-01  -4.90374E-06 5.44654E-01 
7.86998E+01 4.64997E-01  -5.08967E-06 5.39678E-01 
7.87998E+01 4.59997E-01  -5.27883E-06 5.34674E-01 
7.88998E+01 4.54997E-01  -5.46903E-06 5.29667E-01 
7.89998E+01 4.49997E-01  -5.66977E-06 5.24669E-01 
7.90998E+01 4.44997E-01  -5.87129E-06 5.19660E-01 
7.91998E+01 4.39997E-01  -6.07088E-06 5.14659E-01 
7.92998E+01 4.34997E-01  -6.27844E-06 5.09677E-01 
7.93998E+01 4.29997E-01  -6.50053E-06 5.04648E-01 
7.94998E+01 4.24997E-01  -6.73554E-06 4.99650E-01 
7.95998E+01 4.19997E-01  -6.97826E-06 4.94642E-01 
7.96998E+01 4.14997E-01  -7.22877E-06 4.89643E-01 
7.97998E+01 4.09997E-01  -7.48290E-06 4.84638E-01 
7.98998E+01 4.04997E-01  -7.73903E-06 4.79631E-01 
7.99998E+01 3.99997E-01  -8.00222E-06 4.74605E-01 
8.00998E+01 3.94997E-01  -8.26797E-06 4.69623E-01 
8.01998E+01 3.89997E-01  -8.55747E-06 4.64593E-01 
8.02998E+01 3.84997E-01  -8.84383E-06 4.59594E-01 
8.03998E+01 3.79997E-01  -9.12746E-06 4.54608E-01 
8.04998E+01 3.74997E-01  -9.41480E-06 4.49583E-01 
8.05998E+01 3.69997E-01  -9.71785E-06 4.44583E-01 
8.06998E+01 3.64997E-01  -1.00196E-05 4.39578E-01 
8.07998E+01 3.59997E-01  -1.03511E-05 4.34579E-01 
8.08998E+01 3.54997E-01  -1.06858E-05 4.29564E-01 
8.09998E+01 3.49997E-01  -1.10331E-05 4.24560E-01 
8.10998E+01 3.44997E-01  -1.13743E-05 4.19576E-01 
8.11998E+01 3.39997E-01  -1.17119E-05 4.14571E-01 
8.12998E+01 3.34997E-01  -1.20558E-05 4.09563E-01 
8.13998E+01 3.29997E-01  -1.24061E-05 4.04536E-01 
8.14998E+01 3.24997E-01  -1.27519E-05 3.99557E-01 
8.15998E+01 3.19997E-01  -1.31281E-05 3.94574E-01 
8.16998E+01 3.14997E-01  -1.35185E-05 3.89577E-01 
8.17998E+01 3.09997E-01  -1.39152E-05 3.84559E-01 
8.18998E+01 3.04997E-01  -1.42866E-05 3.79552E-01 
8.19998E+01 2.99997E-01  -1.46939E-05 3.74561E-01 
8.20998E+01 2.94997E-01  -1.50760E-05 3.69565E-01 
8.21998E+01 2.89997E-01  -1.54907E-05 3.64544E-01 
8.22998E+01 2.84997E-01  -1.59115E-05 3.59566E-01 
8.23998E+01 2.79997E-01  -1.63349E-05 3.54577E-01 
8.24998E+01 2.74997E-01  -1.67619E-05 3.49551E-01 
8.25998E+01 2.69997E-01  -1.72382E-05 3.44533E-01 
8.26998E+01 2.64997E-01  -1.76752E-05 3.39560E-01 
8.27998E+01 2.59997E-01  -1.81160E-05 3.34564E-01 
8.28998E+01 2.54997E-01  -1.85418E-05 3.29577E-01 
8.29998E+01 2.49997E-01  -1.89477E-05 3.24553E-01 
8.30998E+01 2.44997E-01  -1.94453E-05 3.19529E-01 
8.31998E+01 2.39997E-01  -1.99812E-05 3.14524E-01 
8.32998E+01 2.34997E-01  -2.04950E-05 3.09542E-01 
8.33998E+01 2.29997E-01  -2.09611E-05 3.04538E-01 
8.34998E+01 2.24997E-01  -2.14162E-05 2.99519E-01 
8.35998E+01 2.19997E-01  -2.18260E-05 2.94503E-01 
8.36998E+01 2.14997E-01  -2.23572E-05 2.89502E-01 
8.37998E+01 2.09997E-01  -2.28616E-05 2.84497E-01 
8.38998E+01 2.04997E-01  -2.34199E-05 2.79501E-01 
8.39998E+01 1.99997E-01  -2.39413E-05 2.74517E-01 
8.40998E+01 1.94998E-01  -2.44374E-05 2.69500E-01 
8.41998E+01 1.89998E-01  -2.48666E-05 2.64503E-01 
8.42998E+01 1.84998E-01  -2.54525E-05 2.59515E-01 
8.43998E+01 1.79998E-01  -2.59647E-05 2.54505E-01 
8.44998E+01 1.74998E-01  -2.65783E-05 2.49471E-01 
8.45998E+01 1.69998E-01  -2.71331E-05 2.44486E-01 
8.46998E+01 1.64998E-01  -2.76688E-05 2.39489E-01 
8.47998E+01 1.59998E-01  -2.81087E-05 2.34474E-01 
8.48998E+01 1.54998E-01  -2.86535E-05 2.29465E-01 
8.49998E+01 1.49998E-01  -2.91735E-05 2.24485E-01 
8.50998E+01 1.44998E-01  -2.96241E-05 2.19478E-01 
8.51998E+01 1.39998E-01  -3.01403E-05 2.14499E-01 
8.52998E+01 1.34998E-01  -3.07122E-05 2.09460E-01 
8.53998E+01 1.29998E-01  -3.12680E-05 2.04458E-01 
8.54998E+01 1.24998E-01  -3.17753E-05 1.99489E-01 
8.55998E+01 1.19998E-01  -3.23168E-05 1.94454E-01 
8.56998E+01 1.14998E-01  -3.29284E-05 1.89457E-01 
8.57998E+01 1.09998E-01  -3.35555E-05 1.84455E-01 
8.58998E+01 1.04998E-01  -3.41403E-05 1.79489E-01 
8.59998E+01 9.99977E-02  -3.46844E-05 1.74456E-01 
8.60998E+01 9.49978E-02  -3.51416E-05 1.69467E-01 
8.61998E+01 8.99978E-02  -3.55402E-05 1.64461E-01 
8.62998E+01 8.49978E-02  -3.60778E-05 1.59471E-01 
8.63998E+01 7.99978E-02  -3.66508E-05 1.54469E-01 
8.64998E+01 7.49978E-02  -3.72301E-05 1.49462E-01 
8.65998E+01 6.99978E-02  -3.77620E-05 1.44470E-01 
8.66998E+01 6.49978E-02  -3.83504E-05 1.39429E-01 
8.67998E+01 5.99978E-02  -3.89622E-05 1.34420E-01 
8.68998E+01 5.49979E-02  -3.95690E-05 1.29421E-01 
8.69998E+01 4.99979E-02  -4.02442E-05 1.24447E-01 
8.70998E+01 4.49979E-02  -4.09532E-05 1.19444E-01 
8.71998E+01 3.99979E-02  -4.17266E-05 1.14427E-01 
8.72998E+01 3.49979E-02  -4.25078E-05 1.09413E-01 
8.73998E+01 2.99979E-02  -4.32371E-05 1.04417E-01 
8.74998E+01 2.49979E-02  -4.39019E-05 9.94189E-02 
8.75998E+01 1.99979E-02  -4.45029E-05 9.44124E-02 
8.76998E+01 1.49980E-02  -4.51080E-05 8.93952E-02 
8.77998E+01 9.99797E-03  -4.57123E-05 8.43837E-02 
8.78998E+01 4.99799E-03  -4.62999E-05 7.94096E-02 
8.79998E+01 -2.00000E-06 -4.68959E-05 7.43956E-02 
8.80998E+01 -5.00199E-03 -4.75230E-05 6.93766E-02 
8.81998E+01 -1.00020E-02 -4.81575E-05 6.44056E-02 
8.82998E+01 -1.50020E-02 -4.87848E-05 5.94078E-02 
8.83998E+01 -2.00020E-02 -4.94264E-05 5.43950E-02 
8.84998E+01 -2.50019E-02 -5.00575E-05 4.94066E-02 
8.85998E+01 -3.00019E-02 -5.06793E-05 4.43832E-02 
8.86998E+01 -3.50019E-02 -5.13193E-05 3.93979E-02 
8.87998E+01 -4.00019E-02 -5.19869E-05 3.43814E-02 
8.88998E+01 -4.50019E-02 -5.26487E-05 2.93817E-02 
8.89998E+01 -5.00019E-02 -5.33507E-05 2.43751E-02 
8.90998E+01 -5.50019E-02 -5.40807E-05 1.94123E-02 
8.91998E+01 -6.00019E-02 -5.48459E-05 1.43883E-02 
8.92998E+01 -6.50018E-02 -5.56304E-05 9.38047E-03 
8.93998E+01 -7.00018E-02 -5.64503E-05 4.36082E-03 
8.94998E+01 -7.50018E-02 -5.73302E-05 -5.97612E-04
8.95998E+01 -8.00018E-02 -5.82412E-05 -5.62416E-03
8.96998E+01 -8.50018E-02 -5.92075E-05 -1.06588E-02
8.97998E+01 -9.00018E-02 -6.02373E-05 -1.56441E-02
8.98998E+01 -9.50018E-02 -6.13327E-05 -2.06693E-02
8.99998E+01 -1.00002E-01 -6.24660E-05 -2.56347E-02
9.00998E+01 -1.05002E-01 -6.36602E-05 -3.06281E-02
9.01998E+01 -1.10002E-01 -6.49124E-05 -3.56734E-02
9.02998E+01 -1.15002E-01 -6.62478E-05 -4.06668E-02
9.03998E+01 -1.20002E-01 -6.76295E-05 -4.56621E-02
9.04998E+01 -1.25002E-01 -6.90624E-05 -5.06680E-02
9.05998E+01 -1.30002E-01 -7.05693E-05 -5.56683E-02
9.06998E+01 -1.35002E-01 -7.21822E-05 -6.06680E-02
9.07998E+01 -1.40002E-01 -7.38996E-05 -6.56477E-02
9.08998E+01 -1.45002E-01 -7.56708E-05 -7.06792E-02
9.09998E+01 -1.50002E-01 -7.75609E-05 -7.56745E-02
9.10998E+01 -1.55002E-01 -7.94931E-05 -8.06960E-02
9.11998E+01 -1.60002E-01 -8.16360E-05 -8.57007E-02
9.12998E+01 -1.65002E-01 -8.39239E-05 -9.06829E-02
9.13998E+01 -1.70002E-01 -8.63660E-05 -9.57050E-02
9.14998E+01 -1.75002E-01 -8.90373E-05 -1.00710E-01
9.15998E+01 -1.80002E-01 -9.19538E-05 -1.05668E-01
9.16998E+01 -1.85002E-01 -9.51900E-05 -1.10693E-01
9.17998E+01 -1.90002E-01 -9.87490E-05 -1.15683E-01
9.18998E+01 -1.95002E-01 -1.02683E-04 -1.20710E-01
9.19998E+01 -2.00002E-01 -1.06972E-04 -1.25699E-01
9.20998E+01 -2.05001E-01 -1.11607E-04 -1.30685E-01
9.21998E+01 -2.10001E-01 -1.16568E-04 -1.35697E-01
9.22998E+01 -2.15001E-01 -1.21803E-04 -1.40709E-01
9.23998E+01 -2.20001E-01 -1.27268E-04 -1.45700E-01
9.24998E+01 -2.25001E-01 -1.32892E-04 -1.50688E-01
9.25998E+01 -2.30001E-01 -1.38636E-04 -1.55681E-01
9.26998E+01 -2.35001E-01 -1.44469E-04 -1.60707E-01
9.27998E+01 -2.40001E-01 -1.50347E-04 -1.65735E-01
9.28998E+01 -2.45001E-01 -1.56184E-04 -1.70723E-01
9.29998E+01 -2.50001E-01 -1.62009E-04 -1.75730E-01
9.30998E+01 -2.55001E-01 -1.67836E-04 -1.80718E-01
9.31998E+01 -2.60001E-01 -1.73635E-04 -1.85737E-01
9.32998E+01 -2.65001E-01 -1.79406E-04 -1.90724E-01
9.33998E+01 -2.70001E-01 -1.85141E-04 -1.95746E-01
9.34998E+01 -2.75001E-01 -1.90847E-04 -2.00749E-01
9.35998E+01 -2.80001E-01 -1.96515E-04 -2.05761E-01
9.36998E+01 -2.85001E-01 -2.02144E-04 -2.10738E-01
9.37998E+01 -2.90001E-01 -2.07753E-04 -2.15751E-01
9.38998E+01 -2.95001E-01 -2.13312E-04 -2.20766E-01
9.39998E+01 -3.00001E-01 -2.18395E-04 -2.25742E-01
9.40998E+01 -3.05001E-01 -2.23888E-04 -2.30764E-01
9.41998E+01 -3.10001E-01 -2.29254E-04 -2.35753E-01
9.42998E+01 -3.15001E-01 -2.34522E-04 -2.40747E-01
9.43998E+01 -3.20001E-01 -2.39731E-04 -2.45773E-01
9.44998E+01 -3.25001E-01 -2.44959E-04 -2.50768E-01
9.45998E+01 -3.30001E-01 -2.50196E-04 -2.55771E-01
9.46998E+01 -3.35001E-01 -2.55262E-04 -2.60760E-01
9.47998E+01 -3.40001E-01 -2.60259E-04 -2.65765E-01
9.48998E+01 -3.45001E-01 -2.65161E-04 -2.70752E-01
9.49998E+01 -3.50001E-01 -2.69950E-04 -2.75774E-01
9.50998E+01 -3.55001E-01 -2.74650E-04 -2.80783E-01
9.51998E+01 -3.60001E-01 -2.79362E-04 -2.85774E-01
9.52998E+01 -3.65001E-01 -2.83882E-04 -2.90774E-01
9.53998E+01 -3.70001E-01 -2.88093E-04 -2.95766E-01
9.54998E+01 -3.75001E-01 -2.92943E-04 -3.00801E-01
9.55998E+01 -3.80001E-01 -2.97602E-04 -3.05791E-01
9.56998E+01 -3.85001E-01 -3.01883E-04 -3.10785E-01
9.57998E+01 -3.90001E-01 -3.06004E-04 -3.15784E-01
9.58998E+01 -3.95001E-01 -3.09858E-04 -3.20803E-01
9.59998E+01 -4.00001E-01 -3.13585E-04 -3.25810E-01
9.60998E+01 -4.05001E-01 -3.17175E-04 -3.30811E-01
9.61998E+01 -4.10001E-01 -3.20740E-04 -3.35799E-01
9.62998E+01 -4.15001E-01 -3.24224E-04 -3.40808E-01
9.63998E+01 -4.20001E-01 -3.27491E-04 -3.45807E-01
9.64998E+01 -4.25001E-01 -3.30507E-04 -3.50832E-01
9.65998E+01 -4.30001E-01 -3.33092E-04 -3.55858E-01
9.66998E+01 -4.35001E-01 -3.34972E-04 -3.60842E-01
9.67998E+01 -4.40001E-01 -3.36227E-04 -3.65835E-01
9.68998E+01 -4.45001E-01 -3.36048E-04 -3.70849E-01
9.69998E+01 -4.50001E-01 -3.34095E-04 -3.75861E-01
9.70998E+01 -4.55001E-01 -3.28759E-04 -3.80831E-01
9.71998E+01 -4.60001E-01 -3.16829E-04 -3.85809E-01
9.72998E+01 -4.65001E-01 -2.93290E-04 -3.90835E-01
9.73998E+01 -4.70001E-01 -2.47048E-04 -3.95857E-01
9.74998E+01 -4.75001E-01 -1.84144E-04 -4.00834E-01
9.75998E+01 -4.80001E-01 -1.43375E-04 -4.05824E-01
9.76998E+01 -4.85001E-01 -1.20371E-04 -4.10828E-01
9.77998E+01 -4.90001E-01 -1.05964E-04 -4.15864E-01
9.78998E+01 -4.95001E-01 -9.59694E-05 -4.20835E-01
9.79998E+01 -5.00001E-01 -8.91090E-05 -4.25836E-01
9.80998E+01 -5.05001E-01 -8.37999E-05 -4.30832E-01
9.81998E+01 -5.10001E-01 -7.93911E-05 -4.35839E-01
9.82998E+01 -5.15001E-01 -7.57399E-05 -4.40862E-01
9.83998E+01 -5.20001E-01 -7.26188E-05 -4.45851E-01
9.84998E+01 -5.25001E-01 -6.99071E-05 -4.50840E-01
9.85998E+01 -5.30001E-01 -6.75172E-05 -4.55869E-01
9.86998E+01 -5.35001E-01 -6.53269E-05 -4.60858E-01
9.87998E+01 -5.40001E-01 -6.33382E-05 -4.65837E-01
9.88998E+01 -5.45001E-01 -6.14820E-05 -4.70841E-01
9.89998E+01 -5.50001E-01 -5.97062E-05 -4.75872E-01
9.90998E+01 -5.55001E-01 -5.83118E-05 -4.80865E-01
9.91998E+01 -5.60001E-01 -5.70877E-05 -4.85895E-01
9.92998E+01 -5.65001E-01 -5.56857E-05 -4.90863E-01
9.93998E+01 -5.70001E-01 -5.44222E-05 -4.95923E-01
9.94998E+01 -5.75001E-01 -5.33543E-05 -5.00902E-01
9.95998E+01 -5.80001E-01 -5.23673E-05 -5.05925E-01
9.96998E+01 -5.85001E-01 -5.15123E-05 -5.10919E-01
9.97998E+01 -5.90001E-01 -5.07117E-05 -5.15915E-01
9.98998E+01 -5.95001E-01 -4.98587E-05 -5.20919E-01
9.99997E+01 -6.00001E-01 -4.90651E-05 -5.25928E-01
1.00100E+02 -6.05000E-01 -4.82009E-05 -5.30916E-01
1.00200E+02 -6.10000E-01 -4.76349E-05 -5.35901E-01
1.00300E+02 -6.15000E-01 -4.70283E-05 -5.40905E-01
1.00400E+02 -6.20000E-01 -4.63272E-05 -5.45899E-01
1.00500E+02 -6.25000E-01 -4.58079E-05 -5.50907E-01
1.00600E+02 -6.30000E-01 -4.53459E-05 -5.55935E-01
1.00700E+02 -6.35000E-01 -4.50644E-05 -5.60927E-01
1.00800E+02 -6.40000E-01 -4.47933E-05 -5.65914E-01
1.00900E+02 -6.45000E-01 -4.44250E-05 -5.70946E-01
1.01000E+02 -6.50000E-01 -4.40232E-05 -5.75921E-01
1.01100E+02 -6.55000E-01 -4.36324E-05 -5.80910E-01
1.01200E+02 -6.60000E-01 -4.32828E-05 -5.85921E-01
1.01300E+02 -6.65000E-01 -4.30507E-05 -5.90947E-01
1.01400E+02 -6.70000E-01 -4.28481E-05 -5.95938E-01
1.01500E+02 -6.75000E-01 -4.27174E-05 -6.00943E-01
1.01600E+02 -6.80000E-01 -4.26307E-05 -6.05934E-01
1.01700E+02 -6.85000E-01 -4.24998E-05 -6.10939E-01
1.01800E+02 -6.90000E-01 -4.24256E-05 -6.15934E-01
1.01900E+02 -6.95000E-01 -4.23656E-05 -6.20930E-01
1.02000E+02 -7.00000E-01 -4.23109E-05 -6.25932E-01
1.02100E+02 -7.05000E-01 -4.22724E-05 -6.30968E-01
1.02200E+02 -7.10000E-01 -4.22517E-05 -6.35989E-01
1.02300E+02 -7.15000E-01 -4.22357E-05 -6.40983E-01
1.02400E+02 -7.20000E-01 -4.22654E-05 -6.45972E-01
1.02500E+02 -7.25000E-01 -4.22809E-05 -6.50996E-01
1.02600E+02 -7.30000E-01 -4.23274E-05 -6.55995E-01
1.02700E+02 -7.35000E-01 -4.23743E-05 -6.61007E-01
1.02800E+02 -7.40000E-01 -4.24408E-05 -6.65993E-01
1.02900E+02 -7.45000E-01 -4.25175E-05 -6.71006E-01
1.03000E+02 -7.50000E-01 -4.25792E-05 -6.76002E-01
1.03100E+02 -7.55000E-01 -4.26557E-05 -6.80997E-01
1.03200E+02 -7.60000E-01 -4.27329E-05 -6.86010E-01
1.03300E+02 -7.65000E-01 -4.28066E-05 -6.90989E-01
1.03400E+02 -7.70000E-01 -4.28958E-05 -6.96008E-01
1.03500E+02 -7.75000E-01 -4.29817E-05 -7.01014E-01
1.03600E+02 -7.80000E-01 -4.30487E-05 -7.05990E-01
1.03700E+02 -7.85000E-01 -4.31397E-05 -7.11007E-01
1.03800E+02 -7.90000E-01 -4.32206E-05 -7.16020E-01
1.03900E+02 -7.95000E-01 -4.32943E-05 -7.21023E-01
