time/s      E/V        I/A
0.00000E+00 -8.00000E-01 -4.21040E-05 -7.32625E-01
9.99997E-02 -7.95000E-01 -4.04680E-05 -7.27632E-01
1.99999E-01 -7.90000E-01 -3.91283E-05 -7.22626E-01
2.99999E-01 -7.85000E-01 -3.79451E-05 -7.17639E-01
3.99999E-01 -7.80000E-01 -3.68672E-05 -7.12613E-01
4.99999E-01 -7.75000E-01 -3.58701E-05 -7.07640E-01
5.99998E-01 -7.70000E-01 -3.49294E-05 -7.02635E-01
6.99998E-01 -7.65000E-01 -3.40471E-05 -6.97666E-01
7.99998E-01 -7.60000E-01 -3.32122E-05 -6.92642E-01
8.99998E-01 -7.55000E-01 -3.24167E-05 -6.87632E-01
9.99997E-01 -7.50000E-01 -3.16562E-05 -6.82640E-01
1.10000E+00 -7.45000E-01 -3.09333E-05 -6.77642E-01
1.20000E+00 -7.40000E-01 -3.02435E-05 -6.72596E-01
1.30000E+00 -7.35000E-01 -2.95747E-05 -6.67604E-01
1.40000E+00 -7.30000E-01 -2.89310E-05 -6.62613E-01
1.50000E+00 -7.25000E-01 -2.83160E-05 -6.57605E-01
1.60000E+00 -7.20000E-01 -2.77130E-05 -6.52580E-01
1.70000E+00 -7.15000E-01 -2.71346E-05 -6.47569E-01
1.80000E+00 -7.10000E-01 -2.65722E-05 -6.42579E-01
1.90000E+00 -7.05000E-01 -2.60314E-05 -6.37583E-01
1.99999E+00 -7.00000E-01 -2.55047E-05 -6.32586E-01
2.09999E+00 -6.95000E-01 -2.49902E-05 -6.27588E-01
2.19999E+00 -6.90000E-01 -2.44933E-05 -6.22573E-01
2.29999E+00 -6.85000E-01 -2.40015E-05 -6.17580E-01
2.39999E+00 -6.80000E-01 -2.35251E-05 -6.12600E-01
2.49999E+00 -6.75000E-01 -2.30608E-05 -6.07586E-01
2.59999E+00 -6.70000E-01 -2.26070E-05 -6.02555E-01
2.69999E+00 -6.65000E-01 -2.21669E-05 -5.97568E-01
2.79999E+00 -6.60000E-01 -2.17371E-05 -5.92554E-01
2.89999E+00 -6.55000E-01 -2.13172E-05 -5.87555E-01
2.99999E+00 -6.50000E-01 -2.09074E-05 -5.82540E-01
3.09999E+00 -6.45000E-01 -2.04982E-05 -5.77552E-01
3.19999E+00 -6.40000E-01 -2.01031E-05 -5.72579E-01
3.29999E+00 -6.35000E-01 -1.97078E-05 -5.67537E-01
3.39999E+00 -6.30000E-01 -1.93241E-05 -5.62537E-01
3.49999E+00 -6.25000E-01 -1.89471E-05 -5.57542E-01
3.59999E+00 -6.20000E-01 -1.85732E-05 -5.52562E-01
3.69999E+00 -6.15000E-01 -1.82093E-05 -5.47558E-01
3.79999E+00 -6.10000E-01 -1.78464E-05 -5.42539E-01
3.89999E+00 -6.05000E-01 -1.74901E-05 -5.37548E-01
3.99999E+00 -6.00001E-01 -1.71369E-05 -5.32543E-01
4.09999E+00 -5.95001E-01 -1.67917E-05 -5.27520E-01
4.19999E+00 -5.90001E-01 -1.64557E-05 -5.22520E-01
4.29999E+00 -5.85001E-01 -1.61206E-05 -5.17535E-01
4.39999E+00 -5.80001E-01 -1.57947E-05 -5.12554E-01
4.49999E+00 -5.75001E-01 -1.54684E-05 -5.07539E-01
4.59999E+00 -5.70001E-01 -1.51488E-05 -5.02514E-01
4.69999E+00 -5.65001E-01 -1.48308E-05 -4.97519E-01
4.79999E+00 -5.60001E-01 -1.45232E-05 -4.92521E-01
4.89999E+00 -5.55001E-01 -1.42198E-05 -4.87502E-01
4.99999E+00 -5.50001E-01 -1.39185E-05 -4.82475E-01
5.09999E+00 -5.45001E-01 -1.36218E-05 -4.77489E-01
5.19999E+00 -5.40001E-01 -1.33352E-05 -4.72483E-01
5.29999E+00 -5.35001E-01 -1.30503E-05 -4.67478E-01
5.39999E+00 -5.30001E-01 -1.27691E-05 -4.62482E-01
5.49999E+00 -5.25001E-01 -1.24910E-05 -4.57489E-01
5.59999E+00 -5.20001E-01 -1.22365E-05 -4.52466E-01
5.69999E+00 -5.15001E-01 -1.19554E-05 -4.47492E-01
5.79999E+00 -5.10001E-01 -1.16909E-05 -4.42463E-01
5.89999E+00 -5.05001E-01 -1.14336E-05 -4.37471E-01
5.99998E+00 -5.00001E-01 -1.11780E-05 -4.32460E-01
6.09998E+00 -4.95001E-01 -1.09262E-05 -4.27463E-01
6.19998E+00 -4.90001E-01 -1.06796E-05 -4.22477E-01
6.29998E+00 -4.85001E-01 -1.04359E-05 -4.17484E-01
6.39998E+00 -4.80001E-01 -1.02005E-05 -4.12494E-01
6.49998E+00 -4.75001E-01 -9.96482E-06 -4.07498E-01
6.59998E+00 -4.70001E-01 -9.73185E-06 -4.02476E-01
6.69998E+00 -4.65001E-01 -9.50313E-06 -3.97478E-01
6.79998E+00 -4.60001E-01 -9.27281E-06 -3.92439E-01
6.89998E+00 -4.55001E-01 -9.04819E-06 -3.87447E-01
6.99998E+00 -4.50001E-01 -8.82257E-06 -3.82439E-01
7.09998E+00 -4.45001E-01 -8.59995E-06 -3.77430E-01
7.19998E+00 -4.40001E-01 -8.37800E-06 -3.72467E-01
7.29998E+00 -4.35001E-01 -8.15668E-06 -3.67449E-01
7.39998E+00 -4.30001E-01 -7.93971E-06 -3.62446E-01
7.49998E+00 -4.25001E-01 -7.71761E-06 -3.57444E-01
7.59998E+00 -4.20001E-01 -7.50414E-06 -3.52476E-01
7.69998E+00 -4.15001E-01 -7.29177E-06 -3.47454E-01
7.79998E+00 -4.10001E-01 -7.11766E-06 -3.42443E-01
7.89998E+00 -4.05001E-01 -6.88749E-06 -3.37460E-01
7.99998E+00 -4.00001E-01 -6.65984E-06 -3.32447E-01
8.09998E+00 -3.95001E-01 -6.44505E-06 -3.27451E-01
8.19998E+00 -3.90001E-01 -6.23475E-06 -3.22409E-01
8.29998E+00 -3.85001E-01 -6.02280E-06 -3.17414E-01
8.39998E+00 -3.80001E-01 -5.80983E-06 -3.12372E-01
8.49998E+00 -3.75001E-01 -5.59948E-06 -3.07427E-01
8.59998E+00 -3.70001E-01 -5.38853E-06 -3.02385E-01
8.69998E+00 -3.65001E-01 -5.18085E-06 -2.97396E-01
8.79998E+00 -3.60001E-01 -4.97798E-06 -2.92396E-01
8.89998E+00 -3.55001E-01 -4.76318E-06 -2.87386E-01
8.99998E+00 -3.50001E-01 -4.53756E-06 -2.82403E-01
9.09998E+00 -3.45001E-01 -4.34625E-06 -2.77410E-01
9.19998E+00 -3.40001E-01 -4.16935E-06 -2.72376E-01
9.29998E+00 -3.35001E-01 -3.95325E-06 -2.67383E-01
9.39998E+00 -3.30001E-01 -3.75762E-06 -2.62390E-01
9.49998E+00 -3.25001E-01 -3.55670E-06 -2.57391E-01
9.59998E+00 -3.20001E-01 -3.40705E-06 -2.52353E-01
9.69998E+00 -3.15001E-01 -3.21162E-06 -2.47373E-01
9.79998E+00 -3.10001E-01 -3.01234E-06 -2.42399E-01
9.89998E+00 -3.05001E-01 -2.81752E-06 -2.37381E-01
9.99997E+00 -3.00001E-01 -2.61998E-06 -2.32356E-01
1.01000E+01 -2.95001E-01 -2.42528E-06 -2.27363E-01
1.02000E+01 -2.90001E-01 -2.22966E-06 -2.22368E-01
1.03000E+01 -2.85001E-01 -2.03356E-06 -2.17366E-01
1.04000E+01 -2.80001E-01 -1.84035E-06 -2.12349E-01
1.05000E+01 -2.75001E-01 -1.63720E-06 -2.07340E-01
1.06000E+01 -2.70001E-01 -1.44034E-06 -2.02376E-01
1.07000E+01 -2.65001E-01 -1.24298E-06 -1.97352E-01
1.08000E+01 -2.60001E-01 -1.04367E-06 -1.92346E-01
1.09000E+01 -2.55001E-01 -8.37458E-07 -1.87336E-01
1.10000E+01 -2.50001E-01 -6.32355E-07 -1.82350E-01
1.11000E+01 -2.45001E-01 -4.24901E-07 -1.77341E-01
1.12000E+01 -2.40001E-01 -2.12109E-07 -1.72349E-01
1.13000E+01 -2.35001E-01 -9.88393E-09 -1.67319E-01
1.14000E+01 -2.30001E-01 2.10178E-07  -1.62331E-01
1.15000E+01 -2.25001E-01 4.26204E-07  -1.57349E-01
1.16000E+01 -2.20001E-01 6.45569E-07  -1.52328E-01
1.17000E+01 -2.15001E-01 8.66783E-07  -1.47327E-01
1.18000E+01 -2.10001E-01 1.09239E-06  -1.42351E-01
1.19000E+01 -2.05001E-01 1.31785E-06  -1.37349E-01
1.20000E+01 -2.00002E-01 1.54680E-06  -1.32338E-01
1.21000E+01 -1.95002E-01 1.77953E-06  -1.27321E-01
1.22000E+01 -1.90002E-01 2.01382E-06  -1.22347E-01
1.23000E+01 -1.85002E-01 2.24699E-06  -1.17324E-01
1.24000E+01 -1.80002E-01 2.48816E-06  -1.12303E-01
1.25000E+01 -1.75002E-01 2.72800E-06  -1.07306E-01
1.26000E+01 -1.70002E-01 2.96950E-06  -1.02317E-01
1.27000E+01 -1.65002E-01 3.21583E-06  -9.73245E-02
1.28000E+01 -1.60002E-01 3.44302E-06  -9.22974E-02
1.29000E+01 -1.55002E-01 3.71362E-06  -8.72871E-02
1.30000E+01 -1.50002E-01 3.96797E-06  -8.23056E-02
1.31000E+01 -1.45002E-01 4.22601E-06  -7.72909E-02
1.32000E+01 -1.40002E-01 4.48762E-06  -7.22856E-02
1.33000E+01 -1.35002E-01 4.75295E-06  -6.72915E-02
1.34000E+01 -1.30002E-01 5.02407E-06  -6.23118E-02
1.35000E+01 -1.25002E-01 5.29841E-06  -5.73197E-02
1.36000E+01 -1.20002E-01 5.58224E-06  -5.22713E-02
1.37000E+01 -1.15002E-01 5.87238E-06  -4.72735E-02
1.38000E+01 -1.10002E-01 6.17311E-06  -4.22863E-02
1.39000E+01 -1.05002E-01 6.48488E-06  -3.73029E-02
1.40000E+01 -1.00002E-01 6.80457E-06  -3.22782E-02
1.41000E+01 -9.50018E-02 7.12657E-06  -2.72592E-02
1.42000E+01 -9.00018E-02 7.49525E-06  -2.22645E-02
1.43000E+01 -8.50018E-02 7.85251E-06  -1.72736E-02
1.44000E+01 -8.00018E-02 8.23365E-06  -1.22608E-02
1.45000E+01 -7.50018E-02 8.63470E-06  -7.25862E-03
1.46000E+01 -7.00018E-02 9.05116E-06  -2.22714E-03
1.47000E+01 -6.50018E-02 9.49111E-06  2.74011E-03 
1.48000E+01 -6.00019E-02 9.95083E-06  7.74415E-03 
1.49000E+01 -5.50019E-02 1.04343E-05  1.27482E-02 
1.50000E+01 -5.00019E-02 1.09418E-05  1.77728E-02 
1.51000E+01 -4.50019E-02 1.14807E-05  2.27662E-02 
1.52000E+01 -4.00019E-02 1.20443E-05  2.77621E-02 
1.53000E+01 -3.50019E-02 1.26378E-05  3.27356E-02 
1.54000E+01 -3.00019E-02 1.32525E-05  3.77771E-02 
1.55000E+01 -2.50019E-02 1.39016E-05  4.27743E-02 
1.56000E+01 -2.00020E-02 1.45813E-05  4.77614E-02 
1.57000E+01 -1.50020E-02 1.52928E-05  5.27693E-02 
1.58000E+01 -1.00020E-02 1.60373E-05  5.77808E-02 
1.59000E+01 -5.00199E-03 1.68093E-05  6.27805E-02 
1.60000E+01 -2.00000E-06 1.76146E-05  6.77801E-02 
1.61000E+01 4.99799E-03  1.84489E-05  7.27836E-02 
1.62000E+01 9.99797E-03  1.92999E-05  7.77889E-02 
1.63000E+01 1.49980E-02  2.01778E-05  8.28104E-02 
1.64000E+01 1.99979E-02  2.10463E-05  8.77882E-02 
1.65000E+01 2.49979E-02  2.20514E-05  9.27860E-02 
1.66000E+01 2.99979E-02  2.29803E-05  9.77900E-02 
1.67000E+01 3.49979E-02  2.39201E-05  1.02806E-01 
1.68000E+01 3.99979E-02  2.48645E-05  1.07785E-01 
1.69000E+01 4.49979E-02  2.58185E-05  1.12802E-01 
1.70000E+01 4.99979E-02  2.67713E-05  1.17792E-01 
1.71000E+01 5.49979E-02  2.77185E-05  1.22816E-01 
1.72000E+01 5.99978E-02  2.86576E-05  1.27818E-01 
1.73000E+01 6.49978E-02  2.95794E-05  1.32806E-01 
1.74000E+01 6.99978E-02  3.04795E-05  1.37835E-01 
1.75000E+01 7.49978E-02  3.13440E-05  1.42808E-01 
1.76000E+01 7.99978E-02  3.21589E-05  1.47818E-01 
1.77000E+01 8.49978E-02  3.29202E-05  1.52825E-01 
1.78000E+01 8.99978E-02  3.36290E-05  1.57853E-01 
1.79000E+01 9.49978E-02  3.42660E-05  1.62819E-01 
1.80000E+01 9.99977E-02  3.48117E-05  1.67834E-01 
1.81000E+01 1.04998E-01  3.53225E-05  1.72826E-01 
1.82000E+01 1.09998E-01  3.57619E-05  1.77827E-01 
1.83000E+01 1.14998E-01  3.61430E-05  1.82837E-01 
1.84000E+01 1.19998E-01  3.64506E-05  1.87830E-01 
1.85000E+01 1.24998E-01  3.67672E-05  1.92847E-01 
1.86000E+01 1.29998E-01  3.70901E-05  1.97837E-01 
1.87000E+01 1.34998E-01  3.74383E-05  2.02827E-01 
1.88000E+01 1.39998E-01  3.78076E-05  2.07850E-01 
1.89000E+01 1.44998E-01  3.82705E-05  2.12867E-01 
1.90000E+01 1.49998E-01  3.87741E-05  2.17891E-01 
1.91000E+01 1.54998E-01  3.93160E-05  2.22860E-01 
1.92000E+01 1.59998E-01  3.98880E-05  2.27859E-01 
1.93000E+01 1.64998E-01  4.04858E-05  2.32850E-01 
1.94000E+01 1.69998E-01  4.11146E-05  2.37862E-01 
1.95000E+01 1.74998E-01  4.17731E-05  2.42874E-01 
1.96000E+01 1.79998E-01  4.23909E-05  2.47841E-01 
1.97000E+01 1.84998E-01  4.30441E-05  2.52856E-01 
1.98000E+01 1.89998E-01  4.37112E-05  2.57866E-01 
1.99000E+01 1.94998E-01  4.43927E-05  2.62891E-01 
1.99999E+01 1.99997E-01  4.50852E-05  2.67874E-01 
2.00999E+01 2.04997E-01  4.57697E-05  2.72873E-01 
2.01999E+01 2.09997E-01  4.64455E-05  2.77894E-01 
2.02999E+01 2.14997E-01  4.71038E-05  2.82890E-01 
2.03999E+01 2.19997E-01  4.77418E-05  2.87885E-01 
2.04999E+01 2.24997E-01  4.83505E-05  2.92872E-01 
2.05999E+01 2.29997E-01  4.89240E-05  2.97914E-01 
2.06999E+01 2.34997E-01  4.94531E-05  3.02905E-01 
2.07999E+01 2.39997E-01  4.99543E-05  3.07937E-01 
2.08999E+01 2.44997E-01  5.04115E-05  3.12916E-01 
2.09999E+01 2.49997E-01  5.08304E-05  3.17939E-01 
2.10999E+01 2.54997E-01  5.12083E-05  3.22914E-01 
2.11999E+01 2.59997E-01  5.15498E-05  3.27919E-01 
2.12999E+01 2.64997E-01  5.18403E-05  3.32953E-01 
2.13999E+01 2.69997E-01  5.20958E-05  3.37935E-01 
2.14999E+01 2.74997E-01  5.23132E-05  3.42926E-01 
2.15999E+01 2.79997E-01  5.24914E-05  3.47922E-01 
2.16999E+01 2.84997E-01  5.26304E-05  3.52921E-01 
2.17999E+01 2.89997E-01  5.27361E-05  3.57928E-01 
2.18999E+01 2.94997E-01  5.28072E-05  3.62931E-01 
2.19999E+01 2.99997E-01  5.28376E-05  3.67943E-01 
2.20999E+01 3.04997E-01  5.28409E-05  3.72957E-01 
2.21999E+01 3.09997E-01  5.27907E-05  3.77947E-01 
2.22999E+01 3.14997E-01  5.27687E-05  3.82942E-01 
2.23999E+01 3.19997E-01  5.26823E-05  3.87921E-01 
2.24999E+01 3.24997E-01  5.25772E-05  3.92957E-01 
2.25999E+01 3.29997E-01  5.24499E-05  3.97963E-01 
2.26999E+01 3.34997E-01  5.23039E-05  4.02959E-01 
2.27999E+01 3.39997E-01  5.21162E-05  4.07940E-01 
2.28999E+01 3.44997E-01  5.19404E-05  4.12958E-01 
2.29999E+01 3.49997E-01  5.17466E-05  4.17983E-01 
2.30999E+01 3.54997E-01  5.15437E-05  4.22950E-01 
2.31999E+01 3.59997E-01  5.13336E-05  4.27954E-01 
2.32999E+01 3.64997E-01  5.11088E-05  4.32959E-01 
2.33999E+01 3.69997E-01  5.08691E-05  4.37969E-01 
2.34999E+01 3.74997E-01  5.06192E-05  4.42964E-01 
2.35999E+01 3.79997E-01  5.03667E-05  4.47959E-01 
2.36999E+01 3.84997E-01  5.01082E-05  4.52980E-01 
2.37999E+01 3.89997E-01  4.98487E-05  4.57977E-01 
2.38999E+01 3.94997E-01  4.95898E-05  4.62981E-01 
2.39999E+01 3.99997E-01  4.93322E-05  4.68005E-01 
2.40999E+01 4.04997E-01  4.90705E-05  4.72985E-01 
2.41999E+01 4.09997E-01  4.88053E-05  4.78010E-01 
2.42999E+01 4.14997E-01  4.85413E-05  4.82980E-01 
2.43999E+01 4.19997E-01  4.82803E-05  4.88034E-01 
2.44999E+01 4.24997E-01  4.80156E-05  4.93028E-01 
2.45999E+01 4.29997E-01  4.77358E-05  4.98018E-01 
2.46999E+01 4.34997E-01  4.74872E-05  5.03013E-01 
2.47999E+01 4.39997E-01  4.72215E-05  5.08030E-01 
2.48999E+01 4.44997E-01  4.69842E-05  5.13036E-01 
2.49999E+01 4.49997E-01  4.67114E-05  5.18029E-01 
2.50999E+01 4.54997E-01  4.64454E-05  5.23029E-01 
2.51999E+01 4.59997E-01  4.61770E-05  5.28031E-01 
2.52999E+01 4.64997E-01  4.59128E-05  5.33032E-01 
2.53999E+01 4.69997E-01  4.56530E-05  5.38050E-01 
2.54999E+01 4.74997E-01  4.53916E-05  5.43019E-01 
2.55999E+01 4.79997E-01  4.51390E-05  5.48033E-01 
2.56999E+01 4.84997E-01  4.48973E-05  5.53045E-01 
2.57999E+01 4.89997E-01  4.46668E-05  5.58057E-01 
2.58999E+01 4.94997E-01  4.44525E-05  5.63029E-01 
2.59999E+01 4.99997E-01  4.42485E-05  5.68044E-01 
2.60999E+01 5.04997E-01  4.40604E-05  5.73066E-01 
2.61999E+01 5.09997E-01  4.38919E-05  5.78064E-01 
2.62999E+01 5.14997E-01  4.37352E-05  5.83055E-01 
2.63999E+01 5.19997E-01  4.35964E-05  5.88046E-01 
2.64999E+01 5.24997E-01  4.34720E-05  5.93055E-01 
2.65999E+01 5.29997E-01  4.33662E-05  5.98047E-01 
2.66999E+01 5.34997E-01  4.32749E-05  6.03038E-01 
2.67999E+01 5.39997E-01  4.32013E-05  6.08049E-01 
2.68999E+01 5.44997E-01  4.31395E-05  6.13068E-01 
2.69999E+01 5.49997E-01  4.30958E-05  6.18069E-01 
2.70999E+01 5.54997E-01  4.30701E-05  6.23056E-01 
2.71999E+01 5.59997E-01  4.30465E-05  6.28070E-01 
2.72999E+01 5.64997E-01  4.30433E-05  6.33104E-01 
2.73999E+01 5.69997E-01  4.30481E-05  6.38088E-01 
2.74999E+01 5.74997E-01  4.30627E-05  6.43123E-01 
2.75999E+01 5.79997E-01  4.30853E-05  6.48065E-01 
2.76999E+01 5.84997E-01  4.31168E-05  6.53090E-01 
2.77999E+01 5.89997E-01  4.31593E-05  6.58093E-01 
2.78999E+01 5.94997E-01  4.32133E-05  6.63116E-01 
2.79999E+01 5.99996E-01  4.32314E-05  6.68090E-01 
2.80999E+01 6.04996E-01  4.33328E-05  6.73117E-01 
2.81999E+01 6.09996E-01  4.34139E-05  6.78126E-01 
2.82999E+01 6.14996E-01  4.34732E-05  6.83123E-01 
2.83999E+01 6.19996E-01  4.35483E-05  6.88099E-01 
2.84999E+01 6.24996E-01  4.36296E-05  6.93112E-01 
2.85999E+01 6.29996E-01  4.37182E-05  6.98120E-01 
2.86999E+01 6.34996E-01  4.38093E-05  7.03101E-01 
2.87999E+01 6.39996E-01  4.39074E-05  7.08088E-01 
2.88999E+01 6.44996E-01  4.40043E-05  7.13097E-01 
2.89999E+01 6.49996E-01  4.41078E-05  7.18106E-01 
2.90999E+01 6.54996E-01  4.42157E-05  7.23116E-01 
2.91999E+01 6.59996E-01  4.43258E-05  7.28111E-01 
2.92999E+01 6.64996E-01  4.44373E-05  7.33143E-01 
2.93999E+01 6.69996E-01  4.45466E-05  7.38124E-01 
2.94999E+01 6.74996E-01  4.46632E-05  7.43144E-01 
2.95999E+01 6.79996E-01  4.47824E-05  7.48121E-01 
2.96999E+01 6.84996E-01  4.49030E-05  7.53122E-01 
2.97999E+01 6.89996E-01  4.50280E-05  7.58121E-01 
2.98999E+01 6.94996E-01  4.51446E-05  7.63148E-01 
2.99999E+01 6.99996E-01  4.52691E-05  7.68131E-01 
3.00999E+01 7.04996E-01  4.53856E-05  7.73126E-01 
3.01999E+01 7.09996E-01  4.55100E-05  7.78141E-01 
3.02999E+01 7.14996E-01  4.56302E-05  7.83161E-01 
3.03999E+01 7.19996E-01  4.57486E-05  7.88181E-01 
3.04999E+01 7.24996E-01  4.58686E-05  7.93165E-01 
3.05999E+01 7.29996E-01  4.59878E-05  7.98174E-01 
3.06999E+01 7.34996E-01  4.61047E-05  8.03183E-01 
3.07999E+01 7.39996E-01  4.62120E-05  8.08197E-01 
3.08999E+01 7.44996E-01  4.63196E-05  8.13199E-01 
3.09999E+01 7.49996E-01  4.64278E-05  8.18207E-01 
3.10999E+01 7.54996E-01  4.65371E-05  8.23201E-01 
3.11999E+01 7.59996E-01  4.66444E-05  8.28202E-01 
3.12999E+01 7.64996E-01  4.67507E-05  8.33199E-01 
3.13999E+01 7.69996E-01  4.68547E-05  8.38210E-01 
3.14999E+01 7.74996E-01  4.69592E-05  8.43203E-01 
3.15999E+01 7.79996E-01  4.70648E-05  8.48204E-01 
3.16999E+01 7.84996E-01  4.71752E-05  8.53219E-01 
3.17999E+01 7.89996E-01  4.72816E-05  8.58230E-01 
3.18999E+01 7.94996E-01  4.73846E-05  8.63221E-01 
3.19999E+01 7.99996E-01  4.74873E-05  8.68215E-01 
3.20999E+01 8.04996E-01  4.75953E-05  8.73220E-01 
3.21999E+01 8.09996E-01  4.76982E-05  8.78232E-01 
3.22999E+01 8.14996E-01  4.78002E-05  8.83219E-01 
3.23999E+01 8.19996E-01  4.79086E-05  8.88203E-01 
3.24999E+01 8.24996E-01  4.80157E-05  8.93225E-01 
3.25999E+01 8.29996E-01  4.81183E-05  8.98217E-01 
3.26999E+01 8.34996E-01  4.82249E-05  9.03238E-01 
3.27999E+01 8.39996E-01  4.83314E-05  9.08206E-01 
3.28999E+01 8.44996E-01  4.84310E-05  9.13227E-01 
3.29999E+01 8.49996E-01  4.85321E-05  9.18245E-01 
3.30999E+01 8.54996E-01  4.86347E-05  9.23247E-01 
3.31999E+01 8.59996E-01  4.87411E-05  9.28232E-01 
3.32999E+01 8.64996E-01  4.88402E-05  9.33243E-01 
3.33999E+01 8.69996E-01  4.89478E-05  9.38248E-01 
3.34999E+01 8.74996E-01  4.90322E-05  9.43255E-01 
3.35999E+01 8.79996E-01  4.91199E-05  9.48259E-01 
3.36999E+01 8.84996E-01  4.92066E-05  9.53242E-01 
3.37999E+01 8.89996E-01  4.92901E-05  9.58242E-01 
3.38999E+01 8.94996E-01  4.93766E-05  9.63255E-01 
3.39999E+01 8.99996E-01  4.94386E-05  9.68269E-01 
3.40999E+01 9.04996E-01  4.95001E-05  9.73278E-01 
3.41999E+01 9.09996E-01  4.95532E-05  9.78242E-01 
3.42999E+01 9.14996E-01  4.95978E-05  9.83261E-01 
3.43999E+01 9.19996E-01  4.96325E-05  9.88257E-01 
3.44999E+01 9.24996E-01  4.96593E-05  9.93271E-01 
3.45999E+01 9.29996E-01  4.96756E-05  9.98260E-01 
3.46999E+01 9.34996E-01  4.96857E-05  1.00325E+00 
3.47999E+01 9.39996E-01  4.96849E-05  1.00828E+00 
3.48999E+01 9.44996E-01  4.96711E-05  1.01328E+00 
3.49999E+01 9.49996E-01  4.96435E-05  1.01826E+00 
3.50999E+01 9.54996E-01  4.96067E-05  1.02328E+00 
3.51999E+01 9.59996E-01  4.95684E-05  1.02828E+00 
3.52999E+01 9.64996E-01  4.95058E-05  1.03329E+00 
3.53999E+01 9.69996E-01  4.94944E-05  1.03827E+00 
3.54999E+01 9.74996E-01  4.93613E-05  1.04327E+00 
3.55999E+01 9.79996E-01  4.92848E-05  1.04829E+00 
3.56999E+01 9.84996E-01  4.92299E-05  1.05329E+00 
3.57999E+01 9.89996E-01  4.91524E-05  1.05828E+00 
3.58999E+01 9.94996E-01  4.91178E-05  1.06329E+00 
3.59999E+01 9.99995E-01  4.90850E-05  1.06830E+00 
3.60999E+01 1.00500E+00  4.90582E-05  1.07330E+00 
3.61999E+01 1.01000E+00  4.90315E-05  1.07829E+00 
3.62999E+01 1.01500E+00  4.90121E-05  1.08331E+00 
3.63999E+01 1.02000E+00  4.89910E-05  1.08831E+00 
3.64999E+01 1.02500E+00  4.89847E-05  1.09330E+00 
3.65999E+01 1.03000E+00  4.89820E-05  1.09830E+00 
3.66999E+01 1.03500E+00  4.89912E-05  1.10334E+00 
3.67999E+01 1.04000E+00  4.90266E-05  1.10833E+00 
3.68999E+01 1.04500E+00  4.90667E-05  1.11335E+00 
3.69999E+01 1.05000E+00  4.91478E-05  1.11835E+00 
3.70999E+01 1.05500E+00  4.92068E-05  1.12336E+00 
3.71999E+01 1.06000E+00  4.93021E-05  1.12840E+00 
3.72999E+01 1.06500E+00  4.94164E-05  1.13337E+00 
3.73999E+01 1.07000E+00  4.95418E-05  1.13837E+00 
3.74999E+01 1.07500E+00  4.96928E-05  1.14336E+00 
3.75999E+01 1.08000E+00  4.98616E-05  1.14839E+00 
3.76999E+01 1.08500E+00  5.00483E-05  1.15339E+00 
3.77999E+01 1.09000E+00  5.02599E-05  1.15838E+00 
3.78999E+01 1.09500E+00  5.04832E-05  1.16338E+00 
3.79999E+01 1.10000E+00  5.07133E-05  1.16840E+00 
3.80999E+01 1.10500E+00  5.09707E-05  1.17339E+00 
3.81999E+01 1.11000E+00  5.12044E-05  1.17838E+00 
3.82999E+01 1.11500E+00  5.14703E-05  1.18341E+00 
3.83999E+01 1.12000E+00  5.17477E-05  1.18838E+00 
3.84999E+01 1.12500E+00  5.20436E-05  1.19339E+00 
3.85999E+01 1.13000E+00  5.23634E-05  1.19838E+00 
3.86999E+01 1.13500E+00  5.27026E-05  1.20339E+00 
3.87999E+01 1.14000E+00  5.30580E-05  1.20841E+00 
3.88999E+01 1.14500E+00  5.34093E-05  1.21341E+00 
3.89999E+01 1.15000E+00  5.37859E-05  1.21839E+00 
3.90999E+01 1.15500E+00  5.41232E-05  1.22341E+00 
3.91999E+01 1.16000E+00  5.44334E-05  1.22841E+00 
3.92999E+01 1.16500E+00  5.49097E-05  1.23342E+00 
3.93999E+01 1.17000E+00  5.54483E-05  1.23841E+00 
3.94999E+01 1.17500E+00  5.59923E-05  1.24341E+00 
3.95999E+01 1.18000E+00  5.65715E-05  1.24844E+00 
3.96999E+01 1.18500E+00  5.71825E-05  1.25343E+00 
3.97999E+01 1.19000E+00  5.78139E-05  1.25844E+00 
3.98999E+01 1.19500E+00  5.84598E-05  1.26343E+00 
3.99999E+01 1.19999E+00  5.91322E-05  1.26842E+00 
4.00999E+01 1.20499E+00  5.98359E-05  1.27342E+00 
4.01999E+01 1.20999E+00  6.05629E-05  1.27843E+00 
4.02999E+01 1.21499E+00  6.13251E-05  1.28343E+00 
4.03999E+01 1.21999E+00  6.20999E-05  1.28842E+00 
4.04999E+01 1.22499E+00  6.29059E-05  1.29342E+00 
4.05999E+01 1.22999E+00  6.37156E-05  1.29845E+00 
4.06999E+01 1.23499E+00  6.45498E-05  1.30343E+00 
4.07999E+01 1.23999E+00  6.54120E-05  1.30844E+00 
4.08999E+01 1.24499E+00  6.63201E-05  1.31346E+00 
4.09999E+01 1.24999E+00  6.72569E-05  1.31846E+00 
4.10999E+01 1.25499E+00  6.82270E-05  1.32345E+00 
4.11999E+01 1.25999E+00  6.92219E-05  1.32844E+00 
4.12999E+01 1.26499E+00  7.02476E-05  1.33345E+00 
4.13999E+01 1.26999E+00  7.12812E-05  1.33848E+00 
4.14999E+01 1.27499E+00  7.23674E-05  1.34345E+00 
4.15999E+01 1.27999E+00  7.35001E-05  1.34846E+00 
4.16999E+01 1.28499E+00  7.46642E-05  1.35346E+00 
4.17999E+01 1.28999E+00  7.58635E-05  1.35847E+00 
4.18999E+01 1.29499E+00  7.70933E-05  1.36349E+00 
4.19999E+01 1.29999E+00  7.83824E-05  1.36848E+00 
4.20999E+01 1.30499E+00  7.97040E-05  1.37346E+00 
4.21999E+01 1.30999E+00  8.10633E-05  1.37849E+00 
4.22999E+01 1.31499E+00  8.24525E-05  1.38348E+00 
4.23999E+01 1.31999E+00  8.38689E-05  1.38845E+00 
4.24999E+01 1.32499E+00  8.53098E-05  1.39348E+00 
4.25999E+01 1.32999E+00  8.67721E-05  1.39850E+00 
4.26999E+01 1.33499E+00  8.82744E-05  1.40349E+00 
4.27999E+01 1.33999E+00  8.97758E-05  1.40849E+00 
4.28999E+01 1.34499E+00  9.13182E-05  1.41348E+00 
4.29999E+01 1.34999E+00  9.29163E-05  1.41851E+00 
4.30999E+01 1.35499E+00  9.45404E-05  1.42352E+00 
4.31999E+01 1.35999E+00  9.62114E-05  1.42851E+00 
4.32999E+01 1.36499E+00  9.79062E-05  1.43353E+00 
4.33999E+01 1.36999E+00  9.96475E-05  1.43853E+00 
4.34999E+01 1.37499E+00  1.01441E-04  1.44355E+00 
4.35999E+01 1.37999E+00  1.03267E-04  1.44855E+00 
4.36999E+01 1.38499E+00  1.05103E-04  1.45355E+00 
4.37999E+01 1.38999E+00  1.06991E-04  1.45855E+00 
4.38999E+01 1.39499E+00  1.08951E-04  1.46354E+00 
4.39999E+01 1.39999E+00  1.10940E-04  1.46855E+00 
4.40999E+01 1.40499E+00  1.12959E-04  1.47356E+00 
4.41999E+01 1.40999E+00  1.15065E-04  1.47856E+00 
4.42999E+01 1.41499E+00  1.17221E-04  1.48354E+00 
4.43999E+01 1.41999E+00  1.19407E-04  1.48856E+00 
4.44999E+01 1.42499E+00  1.21668E-04  1.49357E+00 
4.45999E+01 1.42999E+00  1.23984E-04  1.49856E+00 
4.46999E+01 1.43499E+00  1.26372E-04  1.50356E+00 
4.47999E+01 1.43999E+00  1.28807E-04  1.50855E+00 
4.48999E+01 1.44499E+00  1.31372E-04  1.51358E+00 
4.49999E+01 1.44999E+00  1.33836E-04  1.51858E+00 
4.50999E+01 1.45499E+00  1.36412E-04  1.52356E+00 
4.51999E+01 1.45999E+00  1.39054E-04  1.52857E+00 
4.52999E+01 1.46499E+00  1.41780E-04  1.53356E+00 
4.53999E+01 1.46999E+00  1.44550E-04  1.53855E+00 
4.54999E+01 1.47499E+00  1.47369E-04  1.54356E+00 
4.55999E+01 1.47999E+00  1.50263E-04  1.54856E+00 
4.56999E+01 1.48499E+00  1.53204E-04  1.55355E+00 
4.57999E+01 1.48999E+00  1.56225E-04  1.55857E+00 
4.58999E+01 1.49499E+00  1.59305E-04  1.56357E+00 
4.59999E+01 1.49999E+00  1.62419E-04  1.56856E+00 
4.60999E+01 1.50499E+00  1.65622E-04  1.57358E+00 
4.61999E+01 1.50999E+00  1.68862E-04  1.57858E+00 
4.62999E+01 1.51499E+00  1.72122E-04  1.58360E+00 
4.63999E+01 1.51999E+00  1.75487E-04  1.58859E+00 
4.64999E+01 1.52499E+00  1.78870E-04  1.59361E+00 
4.65999E+01 1.52999E+00  1.82320E-04  1.59859E+00 
4.66999E+01 1.53499E+00  1.85752E-04  1.60362E+00 
4.67999E+01 1.53999E+00  1.89278E-04  1.60862E+00 
4.68999E+01 1.54499E+00  1.92834E-04  1.61361E+00 
4.69999E+01 1.54999E+00  1.96412E-04  1.61861E+00 
4.70999E+01 1.55499E+00  2.00030E-04  1.62362E+00 
4.71999E+01 1.55999E+00  2.03710E-04  1.62862E+00 
4.72999E+01 1.56499E+00  2.07418E-04  1.63362E+00 
4.73999E+01 1.56999E+00  2.11094E-04  1.63861E+00 
4.74999E+01 1.57499E+00  2.15366E-04  1.64362E+00 
4.75999E+01 1.57999E+00  2.19104E-04  1.64865E+00 
4.76999E+01 1.58499E+00  2.22865E-04  1.65363E+00 
4.77999E+01 1.58999E+00  2.26650E-04  1.65864E+00 
4.78999E+01 1.59499E+00  2.30418E-04  1.66364E+00 
4.79999E+01 1.59999E+00  2.34213E-04  1.66868E+00 
4.80999E+01 1.60499E+00  2.38065E-04  1.67366E+00 
4.81999E+01 1.60999E+00  2.41879E-04  1.67867E+00 
4.82999E+01 1.61499E+00  2.45717E-04  1.68366E+00 
4.83999E+01 1.61999E+00  2.49544E-04  1.68867E+00 
4.84999E+01 1.62499E+00  2.53342E-04  1.69367E+00 
4.85999E+01 1.62999E+00  2.57186E-04  1.69866E+00 
4.86999E+01 1.63499E+00  2.61024E-04  1.70365E+00 
4.87999E+01 1.63999E+00  2.64853E-04  1.70869E+00 
4.88999E+01 1.64499E+00  2.68674E-04  1.71369E+00 
4.89999E+01 1.64999E+00  2.72467E-04  1.71867E+00 
4.90999E+01 1.65499E+00  2.76226E-04  1.72366E+00 
4.91999E+01 1.65999E+00  2.80009E-04  1.72868E+00 
4.92999E+01 1.66499E+00  2.83803E-04  1.73369E+00 
4.93999E+01 1.66999E+00  2.87571E-04  1.73869E+00 
4.94999E+01 1.67499E+00  2.91315E-04  1.74368E+00 
4.95999E+01 1.67999E+00  2.94992E-04  1.74870E+00 
4.96999E+01 1.68499E+00  2.98707E-04  1.75369E+00 
4.97999E+01 1.68999E+00  3.02375E-04  1.75872E+00 
4.98999E+01 1.69499E+00  3.05982E-04  1.76373E+00 
4.99999E+01 1.69999E+00  3.09598E-04  1.76872E+00 
5.00999E+01 1.70499E+00  3.13158E-04  1.77371E+00 
5.01999E+01 1.70999E+00  3.16651E-04  1.77871E+00 
5.02999E+01 1.71499E+00  3.20122E-04  1.78371E+00 
5.03999E+01 1.71999E+00  3.23554E-04  1.78872E+00 
5.04999E+01 1.72499E+00  3.26907E-04  1.79371E+00 
5.05999E+01 1.72999E+00  3.30278E-04  1.79874E+00 
5.06999E+01 1.73499E+00  3.33532E-04  1.80375E+00 
5.07999E+01 1.73999E+00  3.36801E-04  1.80876E+00 
5.08999E+01 1.74499E+00  3.40113E-04  1.81374E+00 
5.09999E+01 1.74999E+00  3.43289E-04  1.81876E+00 
5.10999E+01 1.75499E+00  3.46452E-04  1.82374E+00 
5.11999E+01 1.75999E+00  3.49601E-04  1.82875E+00 
5.12999E+01 1.76499E+00  3.52634E-04  1.83373E+00 
5.13999E+01 1.76999E+00  3.55664E-04  1.83874E+00 
5.14999E+01 1.77499E+00  3.58574E-04  1.84376E+00 
5.15999E+01 1.77999E+00  3.61465E-04  1.84875E+00 
5.16999E+01 1.78499E+00  3.64315E-04  1.85375E+00 
5.17999E+01 1.78999E+00  3.67112E-04  1.85876E+00 
5.18999E+01 1.79499E+00  3.69872E-04  1.86374E+00 
5.19999E+01 1.79999E+00  3.72574E-04  1.86875E+00 
5.20999E+01 1.79499E+00  3.64611E-04  1.86376E+00 
5.21999E+01 1.78999E+00  3.56979E-04  1.85874E+00 
5.22999E+01 1.78499E+00  3.49648E-04  1.85374E+00 
5.23999E+01 1.77999E+00  3.42537E-04  1.84876E+00 
5.24999E+01 1.77499E+00  3.35541E-04  1.84375E+00 
5.25999E+01 1.76999E+00  3.28732E-04  1.83873E+00 
5.26999E+01 1.76499E+00  3.22023E-04  1.83373E+00 
5.27999E+01 1.75999E+00  3.15491E-04  1.82873E+00 
5.28999E+01 1.75499E+00  3.09028E-04  1.82372E+00 
5.29999E+01 1.74999E+00  3.02655E-04  1.81872E+00 
5.30999E+01 1.74499E+00  2.96437E-04  1.81373E+00 
5.31999E+01 1.73999E+00  2.90306E-04  1.80873E+00 
5.32999E+01 1.73499E+00  2.84235E-04  1.80374E+00 
5.33999E+01 1.72999E+00  2.78286E-04  1.79871E+00 
5.34999E+01 1.72499E+00  2.72477E-04  1.79375E+00 
5.35999E+01 1.71999E+00  2.66775E-04  1.78870E+00 
5.36999E+01 1.71499E+00  2.61120E-04  1.78374E+00 
5.37999E+01 1.70999E+00  2.55586E-04  1.77875E+00 
5.38999E+01 1.70499E+00  2.50168E-04  1.77374E+00 
5.39999E+01 1.69999E+00  2.44832E-04  1.76873E+00 
5.40999E+01 1.69499E+00  2.39566E-04  1.76373E+00 
5.41999E+01 1.68999E+00  2.34397E-04  1.75875E+00 
5.42999E+01 1.68499E+00  2.29388E-04  1.75371E+00 
5.43999E+01 1.67999E+00  2.24431E-04  1.74871E+00 
5.44999E+01 1.67499E+00  2.19536E-04  1.74371E+00 
5.45999E+01 1.66999E+00  2.14724E-04  1.73871E+00 
5.46999E+01 1.66499E+00  2.09998E-04  1.73370E+00 
5.47999E+01 1.65999E+00  2.05348E-04  1.72869E+00 
5.48999E+01 1.65499E+00  2.00749E-04  1.72368E+00 
5.49999E+01 1.64999E+00  1.96223E-04  1.71868E+00 
5.50999E+01 1.64499E+00  1.91780E-04  1.71369E+00 
5.51999E+01 1.63999E+00  1.87391E-04  1.70868E+00 
5.52999E+01 1.63499E+00  1.83097E-04  1.70368E+00 
5.53999E+01 1.62999E+00  1.78876E-04  1.69866E+00 
5.54999E+01 1.62499E+00  1.74723E-04  1.69368E+00 
5.55999E+01 1.61999E+00  1.70645E-04  1.68867E+00 
5.56999E+01 1.61499E+00  1.66632E-04  1.68367E+00 
5.57999E+01 1.60999E+00  1.62664E-04  1.67865E+00 
5.58999E+01 1.60499E+00  1.58795E-04  1.67365E+00 
5.59999E+01 1.59999E+00  1.54956E-04  1.66866E+00 
5.60999E+01 1.59499E+00  1.51185E-04  1.66364E+00 
5.61999E+01 1.58999E+00  1.47418E-04  1.65864E+00 
5.62999E+01 1.58499E+00  1.43746E-04  1.65364E+00 
5.63999E+01 1.57999E+00  1.40139E-04  1.64866E+00 
5.64999E+01 1.57499E+00  1.36601E-04  1.64364E+00 
5.65999E+01 1.56999E+00  1.33147E-04  1.63864E+00 
5.66999E+01 1.56499E+00  1.29713E-04  1.63364E+00 
5.67999E+01 1.55999E+00  1.26330E-04  1.62863E+00 
5.68999E+01 1.55499E+00  1.22986E-04  1.62363E+00 
5.69999E+01 1.54999E+00  1.19729E-04  1.61861E+00 
5.70999E+01 1.54499E+00  1.16489E-04  1.61362E+00 
5.71999E+01 1.53999E+00  1.13323E-04  1.60865E+00 
5.72999E+01 1.53499E+00  1.10206E-04  1.60363E+00 
5.73999E+01 1.52999E+00  1.07134E-04  1.59862E+00 
5.74999E+01 1.52499E+00  1.04111E-04  1.59361E+00 
5.75999E+01 1.51999E+00  1.01152E-04  1.58861E+00 
5.76999E+01 1.51499E+00  9.82417E-05  1.58360E+00 
5.77999E+01 1.50999E+00  9.53708E-05  1.57858E+00 
5.78999E+01 1.50499E+00  9.25464E-05  1.57358E+00 
5.79999E+01 1.49999E+00  8.97924E-05  1.56857E+00 
5.80999E+01 1.49499E+00  8.70769E-05  1.56356E+00 
5.81999E+01 1.48999E+00  8.44049E-05  1.55858E+00 
5.82999E+01 1.48499E+00  8.17873E-05  1.55356E+00 
5.83999E+01 1.47999E+00  7.92178E-05  1.54857E+00 
5.84999E+01 1.47499E+00  7.66864E-05  1.54358E+00 
5.85999E+01 1.46999E+00  7.42458E-05  1.53856E+00 
5.86999E+01 1.46499E+00  7.18344E-05  1.53357E+00 
5.87999E+01 1.45999E+00  6.94687E-05  1.52858E+00 
5.88999E+01 1.45499E+00  6.71777E-05  1.52355E+00 
5.89999E+01 1.44999E+00  6.49144E-05  1.51856E+00 
5.90999E+01 1.44499E+00  6.27132E-05  1.51357E+00 
5.91999E+01 1.43999E+00  6.05501E-05  1.50857E+00 
5.92999E+01 1.43499E+00  5.84413E-05  1.50357E+00 
5.93999E+01 1.42999E+00  5.63784E-05  1.49858E+00 
5.94999E+01 1.42499E+00  5.43538E-05  1.49359E+00 
5.95999E+01 1.41999E+00  5.24623E-05  1.48856E+00 
5.96999E+01 1.41499E+00  5.05077E-05  1.48355E+00 
5.97999E+01 1.40999E+00  4.85975E-05  1.47856E+00 
5.98999E+01 1.40499E+00  4.67673E-05  1.47356E+00 
5.99998E+01 1.39999E+00  4.49860E-05  1.46856E+00 
6.00998E+01 1.39499E+00  4.32762E-05  1.46355E+00 
6.01998E+01 1.38999E+00  4.16041E-05  1.45854E+00 
6.02998E+01 1.38499E+00  3.99913E-05  1.45358E+00 
6.03998E+01 1.37999E+00  3.84391E-05  1.44854E+00 
6.04998E+01 1.37499E+00  3.68987E-05  1.44354E+00 
6.05998E+01 1.36999E+00  3.49491E-05  1.43854E+00 
6.06998E+01 1.36499E+00  3.35311E-05  1.43350E+00 
6.07998E+01 1.35999E+00  3.21501E-05  1.42851E+00 
6.08998E+01 1.35499E+00  3.08124E-05  1.42351E+00 
6.09998E+01 1.34999E+00  2.95336E-05  1.41851E+00 
6.10998E+01 1.34499E+00  2.82971E-05  1.41350E+00 
6.11998E+01 1.33999E+00  2.71084E-05  1.40848E+00 
6.12998E+01 1.33499E+00  2.59558E-05  1.40351E+00 
6.13998E+01 1.32999E+00  2.48585E-05  1.39849E+00 
6.14998E+01 1.32499E+00  2.37932E-05  1.39347E+00 
6.15998E+01 1.31999E+00  2.27769E-05  1.38847E+00 
6.16998E+01 1.31499E+00  2.17951E-05  1.38347E+00 
6.17998E+01 1.30999E+00  2.08557E-05  1.37847E+00 
6.18998E+01 1.30499E+00  1.99543E-05  1.37348E+00 
6.19998E+01 1.29999E+00  1.90901E-05  1.36848E+00 
6.20998E+01 1.29499E+00  1.82624E-05  1.36349E+00 
6.21998E+01 1.28999E+00  1.74768E-05  1.35850E+00 
6.22998E+01 1.28499E+00  1.67259E-05  1.35348E+00 
6.23998E+01 1.27999E+00  1.60126E-05  1.34846E+00 
6.24998E+01 1.27499E+00  1.53991E-05  1.34345E+00 
6.25998E+01 1.26999E+00  1.47043E-05  1.33850E+00 
6.26998E+01 1.26499E+00  1.40708E-05  1.33346E+00 
6.27998E+01 1.25999E+00  1.34885E-05  1.32847E+00 
6.28998E+01 1.25499E+00  1.29256E-05  1.32345E+00 
6.29998E+01 1.24999E+00  1.23902E-05  1.31847E+00 
6.30998E+01 1.24499E+00  1.18833E-05  1.31347E+00 
6.31998E+01 1.23999E+00  1.14158E-05  1.30846E+00 
6.32998E+01 1.23499E+00  1.09726E-05  1.30347E+00 
6.33998E+01 1.22999E+00  1.05457E-05  1.29847E+00 
6.34998E+01 1.22499E+00  1.01428E-05  1.29344E+00 
6.35998E+01 1.21999E+00  9.77677E-06  1.28845E+00 
6.36998E+01 1.21499E+00  9.40421E-06  1.28346E+00 
6.37998E+01 1.20999E+00  9.02180E-06  1.27845E+00 
6.38998E+01 1.20499E+00  8.67186E-06  1.27344E+00 
6.39998E+01 1.19999E+00  8.35224E-06  1.26845E+00 
6.40998E+01 1.19500E+00  8.05576E-06  1.26344E+00 
6.41998E+01 1.19000E+00  7.76941E-06  1.25843E+00 
6.42998E+01 1.18500E+00  7.51507E-06  1.25345E+00 
6.43998E+01 1.18000E+00  7.26328E-06  1.24844E+00 
6.44998E+01 1.17500E+00  7.02519E-06  1.24342E+00 
6.45998E+01 1.17000E+00  6.80097E-06  1.23842E+00 
6.46998E+01 1.16500E+00  6.59072E-06  1.23343E+00 
6.47998E+01 1.16000E+00  6.39867E-06  1.22843E+00 
6.48998E+01 1.15500E+00  6.20609E-06  1.22342E+00 
6.49998E+01 1.15000E+00  6.02721E-06  1.21841E+00 
6.50998E+01 1.14500E+00  5.85995E-06  1.21342E+00 
6.51998E+01 1.14000E+00  5.70008E-06  1.20842E+00 
6.52998E+01 1.13500E+00  5.54605E-06  1.20340E+00 
6.53998E+01 1.13000E+00  5.39921E-06  1.19840E+00 
6.54998E+01 1.12500E+00  5.26781E-06  1.19341E+00 
6.55998E+01 1.12000E+00  5.13587E-06  1.18839E+00 
6.56998E+01 1.11500E+00  5.01213E-06  1.18341E+00 
6.57998E+01 1.11000E+00  4.90318E-06  1.17840E+00 
6.58998E+01 1.10500E+00  4.79480E-06  1.17339E+00 
6.59998E+01 1.10000E+00  4.68126E-06  1.16840E+00 
6.60998E+01 1.09500E+00  4.57688E-06  1.16340E+00 
6.61998E+01 1.09000E+00  4.47446E-06  1.15839E+00 
6.62998E+01 1.08500E+00  4.38343E-06  1.15339E+00 
6.63998E+01 1.08000E+00  4.28965E-06  1.14840E+00 
6.64998E+01 1.07500E+00  4.19505E-06  1.14340E+00 
6.65998E+01 1.07000E+00  4.10495E-06  1.13838E+00 
6.66998E+01 1.06500E+00  4.01949E-06  1.13338E+00 
6.67998E+01 1.06000E+00  3.93974E-06  1.12841E+00 
6.68998E+01 1.05500E+00  3.86158E-06  1.12338E+00 
6.69998E+01 1.05000E+00  3.73613E-06  1.11838E+00 
6.70998E+01 1.04500E+00  3.66393E-06  1.11337E+00 
6.71998E+01 1.04000E+00  3.58883E-06  1.10835E+00 
6.72998E+01 1.03500E+00  3.51836E-06  1.10334E+00 
6.73998E+01 1.03000E+00  3.44798E-06  1.09832E+00 
6.74998E+01 1.02500E+00  3.38139E-06  1.09334E+00 
6.75998E+01 1.02000E+00  3.31488E-06  1.08834E+00 
6.76998E+01 1.01500E+00  3.24955E-06  1.08331E+00 
6.77998E+01 1.01000E+00  3.18753E-06  1.07831E+00 
6.78998E+01 1.00500E+00  3.12489E-06  1.07332E+00 
6.79998E+01 9.99995E-01  3.06093E-06  1.06834E+00 
6.80998E+01 9.94996E-01  3.00020E-06  1.06331E+00 
6.81998E+01 9.89996E-01  2.93918E-06  1.05830E+00 
6.82998E+01 9.84996E-01  2.87841E-06  1.05332E+00 
6.83998E+01 9.79996E-01  2.81792E-06  1.04830E+00 
6.84998E+01 9.74996E-01  2.75861E-06  1.04327E+00 
6.85998E+01 9.69996E-01  2.69957E-06  1.03830E+00 
6.86998E+01 9.64996E-01  2.64140E-06  1.03329E+00 
6.87998E+01 9.59996E-01  2.58406E-06  1.02829E+00 
6.88998E+01 9.54996E-01  2.52421E-06  1.02328E+00 
6.89998E+01 9.49996E-01  2.46476E-06  1.01829E+00 
6.90998E+01 9.44996E-01  2.40333E-06  1.01332E+00 
6.91998E+01 9.39996E-01  2.34005E-06  1.00826E+00 
6.92998E+01 9.34996E-01  2.28523E-06  1.00328E+00 
6.93998E+01 9.29996E-01  2.23298E-06  9.98295E-01 
6.94998E+01 9.24996E-01  2.17479E-06  9.93279E-01 
6.95998E+01 9.19996E-01  2.11817E-06  9.88289E-01 
6.96998E+01 9.14996E-01  2.05713E-06  9.83291E-01 
6.97998E+01 9.09996E-01  2.00164E-06  9.78295E-01 
6.98998E+01 9.04996E-01  1.94633E-06  9.73292E-01 
6.99998E+01 8.99996E-01  1.88700E-06  9.68261E-01 
7.00998E+01 8.94996E-01  1.82928E-06  9.63262E-01 
7.01998E+01 8.89996E-01  1.77069E-06  9.58266E-01 
7.02998E+01 8.84996E-01  1.71438E-06  9.53263E-01 
7.03998E+01 8.79996E-01  1.65763E-06  9.48275E-01 
7.04998E+01 8.74996E-01  1.60048E-06  9.43250E-01 
7.05998E+01 8.69996E-01  1.54425E-06  9.38289E-01 
7.06998E+01 8.64996E-01  1.48668E-06  9.33251E-01 
7.07998E+01 8.59996E-01  1.42431E-06  9.28246E-01 
7.08998E+01 8.54996E-01  1.36779E-06  9.23258E-01 
7.09998E+01 8.49996E-01  1.30766E-06  9.18270E-01 
7.10998E+01 8.44996E-01  1.24881E-06  9.13276E-01 
7.11998E+01 8.39996E-01  1.18935E-06  9.08226E-01 
7.12998E+01 8.34996E-01  1.12617E-06  9.03230E-01 
7.13998E+01 8.29996E-01  1.06483E-06  8.98259E-01 
7.14998E+01 8.24996E-01  1.00380E-06  8.93251E-01 
7.15998E+01 8.19996E-01  9.43355E-07  8.88235E-01 
7.16998E+01 8.14996E-01  8.83519E-07  8.83244E-01 
7.17998E+01 8.09996E-01  8.20795E-07  8.78239E-01 
7.18998E+01 8.04996E-01  7.55888E-07  8.73238E-01 
7.19998E+01 7.99996E-01  6.94198E-07  8.68215E-01 
7.20998E+01 7.94996E-01  6.32591E-07  8.63218E-01 
7.21998E+01 7.89996E-01  5.65750E-07  8.58215E-01 
7.22998E+01 7.84996E-01  5.06448E-07  8.53212E-01 
7.23998E+01 7.79996E-01  4.43472E-07  8.48198E-01 
7.24998E+01 7.74996E-01  3.79644E-07  8.43197E-01 
7.25998E+01 7.69996E-01  3.16979E-07  8.38207E-01 
7.26998E+01 7.64996E-01  2.48035E-07  8.33206E-01 
7.27998E+01 7.59996E-01  1.81219E-07  8.28200E-01 
7.28998E+01 7.54996E-01  1.13296E-07  8.23204E-01 
7.29998E+01 7.49996E-01  4.61947E-08  8.18200E-01 
7.30998E+01 7.44996E-01  -2.28451E-08 8.13197E-01 
7.31998E+01 7.39996E-01  -9.32936E-08 8.08191E-01 
7.32998E+01 7.34996E-01  -1.62053E-07 8.03181E-01 
7.33998E+01 7.29996E-01  -2.35508E-07 7.98207E-01 
7.34998E+01 7.24996E-01  -3.05099E-07 7.93174E-01 
7.35998E+01 7.19996E-01  -3.79480E-07 7.88172E-01 
7.36998E+01 7.14996E-01  -4.54141E-07 7.83186E-01 
7.37998E+01 7.09996E-01  -5.30611E-07 7.78163E-01 
7.38998E+01 7.04996E-01  -6.04389E-07 7.73132E-01 
7.39998E+01 6.99996E-01  -6.81841E-07 7.68134E-01 
7.40998E+01 6.94996E-01  -7.58605E-07 7.63143E-01 
7.41998E+01 6.89996E-01  -8.37328E-07 7.58138E-01 
7.42998E+01 6.84996E-01  -9.03694E-07 7.53128E-01 
7.43998E+01 6.79996E-01  -9.99166E-07 7.48128E-01 
7.44998E+01 6.74996E-01  -1.08124E-06 7.43138E-01 
7.45998E+01 6.69996E-01  -1.16500E-06 7.38124E-01 
7.46998E+01 6.64996E-01  -1.24738E-06 7.33128E-01 
7.47998E+01 6.59996E-01  -1.33349E-06 7.28131E-01 
7.48998E+01 6.54996E-01  -1.41761E-06 7.23138E-01 
7.49998E+01 6.49996E-01  -1.50615E-06 7.18123E-01 
7.50998E+01 6.44996E-01  -1.59182E-06 7.13134E-01 
7.51998E+01 6.39996E-01  -1.67900E-06 7.08133E-01 
7.52998E+01 6.34996E-01  -1.76894E-06 7.03144E-01 
7.53998E+01 6.29996E-01  -1.86324E-06 6.98130E-01 
7.54998E+01 6.24996E-01  -1.95588E-06 6.93112E-01 
7.55998E+01 6.19996E-01  -2.05134E-06 6.88106E-01 
7.56998E+01 6.14996E-01  -2.14545E-06 6.83150E-01 
7.57998E+01 6.09996E-01  -2.24264E-06 6.78138E-01 
7.58998E+01 6.04996E-01  -2.33901E-06 6.73110E-01 
7.59998E+01 5.99996E-01  -2.44220E-06 6.68128E-01 
7.60998E+01 5.94997E-01  -2.53895E-06 6.63106E-01 
7.61998E+01 5.89997E-01  -2.63996E-06 6.58122E-01 
7.62998E+01 5.84997E-01  -2.73963E-06 6.53134E-01 
7.63998E+01 5.79997E-01  -2.83925E-06 6.48129E-01 
7.64998E+01 5.74997E-01  -2.94181E-06 6.43128E-01 
7.65998E+01 5.69997E-01  -3.04507E-06 6.38123E-01 
7.66998E+01 5.64997E-01  -3.14837E-06 6.33093E-01 
7.67998E+01 5.59997E-01  -3.26751E-06 6.28110E-01 
7.68998E+01 5.54997E-01  -3.36061E-06 6.23096E-01 
7.69998E+01 5.49997E-01  -3.47790E-06 6.18094E-01 
7.70998E+01 5.44997E-01  -3.57737E-06 6.13083E-01 
7.71998E+01 5.39997E-01  -3.68806E-06 6.08092E-01 
7.72998E+01 5.34997E-01  -3.79822E-06 6.03067E-01 
7.73998E+01 5.29997E-01  -3.90907E-06 5.98067E-01 
7.74998E+01 5.24997E-01  -4.02270E-06 5.93093E-01 
7.75998E+01 5.19997E-01  -4.13682E-06 5.88071E-01 
7.76998E+01 5.14997E-01  -4.25418E-06 5.83050E-01 
7.77998E+01 5.09997E-01  -4.37228E-06 5.78074E-01 
7.78998E+01 5.04997E-01  -4.49905E-06 5.73063E-01 
7.79998E+01 4.99997E-01  -4.62241E-06 5.68049E-01 
7.80998E+01 4.94997E-01  -4.75044E-06 5.63050E-01 
7.81998E+01 4.89997E-01  -4.88064E-06 5.58054E-01 
7.82998E+01 4.84997E-01  -5.01748E-06 5.53042E-01 
7.83998E+01 4.79997E-01  -5.15364E-06 5.48060E-01 
7.84998E+01 4.74997E-01  -5.29532E-06 5.43009E-01 
7.85998E+01 4.69997E-01  -5.44955E-06 5.38047E-01 
7.86998E+01 4.64997E-01  -5.60709E-06 5.33049E-01 
7.87998E+01 4.59997E-01  -5.77180E-06 5.28046E-01 
7.88998E+01 4.54997E-01  -5.93936E-06 5.23032E-01 
7.89998E+01 4.49997E-01  -6.11323E-06 5.18037E-01 
7.90998E+01 4.44997E-01  -6.29511E-06 5.13017E-01 
7.91998E+01 4.39997E-01  -6.48138E-06 5.08012E-01 
7.92998E+01 4.34997E-01  -6.68138E-06 5.03007E-01 
7.93998E+01 4.29997E-01  -6.89121E-06 4.98001E-01 
7.94998E+01 4.24997E-01  -7.10601E-06 4.93038E-01 
7.95998E+01 4.19997E-01  -7.33194E-06 4.88023E-01 
7.96998E+01 4.14997E-01  -7.61198E-06 4.83012E-01 
7.97998E+01 4.09997E-01  -7.82041E-06 4.78037E-01 
7.98998E+01 4.04997E-01  -8.06340E-06 4.73013E-01 
7.99998E+01 3.99997E-01  -8.32079E-06 4.67999E-01 
8.00998E+01 3.94997E-01  -8.58469E-06 4.62978E-01 
8.01998E+01 3.89997E-01  -8.86309E-06 4.57998E-01 
8.02998E+01 3.84997E-01  -9.15014E-06 4.52985E-01 
8.03998E+01 3.79997E-01  -9.44570E-06 4.47976E-01 
8.04998E+01 3.74997E-01  -9.75303E-06 4.42981E-01 
8.05998E+01 3.69997E-01  -1.00713E-05 4.38006E-01 
8.06998E+01 3.64997E-01  -1.03975E-05 4.32972E-01 
8.07998E+01 3.59997E-01  -1.07338E-05 4.27973E-01 
8.08998E+01 3.54997E-01  -1.10806E-05 4.22978E-01 
8.09998E+01 3.49997E-01  -1.14413E-05 4.18017E-01 
8.10998E+01 3.44997E-01  -1.18140E-05 4.12974E-01 
8.11998E+01 3.39997E-01  -1.21930E-05 4.07974E-01 
8.12998E+01 3.34997E-01  -1.25821E-05 4.02962E-01 
8.13998E+01 3.29997E-01  -1.29863E-05 3.97979E-01 
8.14998E+01 3.24997E-01  -1.34034E-05 3.92974E-01 
8.15998E+01 3.19997E-01  -1.38252E-05 3.87969E-01 
8.16998E+01 3.14997E-01  -1.42607E-05 3.82969E-01 
8.17998E+01 3.09997E-01  -1.47130E-05 3.78002E-01 
8.18998E+01 3.04997E-01  -1.51750E-05 3.72957E-01 
8.19998E+01 2.99997E-01  -1.56435E-05 3.67963E-01 
8.20998E+01 2.94997E-01  -1.61229E-05 3.62938E-01 
8.21998E+01 2.89997E-01  -1.66162E-05 3.57954E-01 
8.22998E+01 2.84997E-01  -1.71155E-05 3.52964E-01 
8.23998E+01 2.79997E-01  -1.76291E-05 3.47950E-01 
8.24998E+01 2.74997E-01  -1.81546E-05 3.42925E-01 
8.25998E+01 2.69997E-01  -1.86869E-05 3.37922E-01 
8.26998E+01 2.64997E-01  -1.92301E-05 3.32949E-01 
8.27998E+01 2.59997E-01  -1.97421E-05 3.27916E-01 
8.28998E+01 2.54997E-01  -2.03015E-05 3.22910E-01 
8.29998E+01 2.49997E-01  -2.08658E-05 3.17911E-01 
8.30998E+01 2.44997E-01  -2.14434E-05 3.12929E-01 
8.31998E+01 2.39997E-01  -2.20271E-05 3.07933E-01 
8.32998E+01 2.34997E-01  -2.26185E-05 3.02899E-01 
8.33998E+01 2.29997E-01  -2.32134E-05 2.97912E-01 
8.34998E+01 2.24997E-01  -2.38117E-05 2.92875E-01 
8.35998E+01 2.19997E-01  -2.44109E-05 2.87896E-01 
8.36998E+01 2.14997E-01  -2.50145E-05 2.82884E-01 
8.37998E+01 2.09997E-01  -2.56164E-05 2.77892E-01 
8.38998E+01 2.04997E-01  -2.62216E-05 2.72888E-01 
8.39998E+01 1.99997E-01  -2.68235E-05 2.67876E-01 
8.40998E+01 1.94998E-01  -2.74201E-05 2.62882E-01 
8.41998E+01 1.89998E-01  -2.80198E-05 2.57874E-01 
8.42998E+01 1.84998E-01  -2.86126E-05 2.52877E-01 
8.43998E+01 1.79998E-01  -2.92011E-05 2.47861E-01 
8.44998E+01 1.74998E-01  -2.97791E-05 2.42868E-01 
8.45998E+01 1.69998E-01  -3.03576E-05 2.37870E-01 
8.46998E+01 1.64998E-01  -3.09200E-05 2.32857E-01 
8.47998E+01 1.59998E-01  -3.14724E-05 2.27858E-01 
8.48998E+01 1.54998E-01  -3.20199E-05 2.22856E-01 
8.49998E+01 1.49998E-01  -3.25568E-05 2.17866E-01 
8.50998E+01 1.44998E-01  -3.30817E-05 2.12832E-01 
8.51998E+01 1.39998E-01  -3.35976E-05 2.07838E-01 
8.52998E+01 1.34998E-01  -3.41001E-05 2.02844E-01 
8.53998E+01 1.29998E-01  -3.45927E-05 1.97866E-01 
8.54998E+01 1.24998E-01  -3.50674E-05 1.92826E-01 
8.55998E+01 1.19998E-01  -3.55182E-05 1.87831E-01 
8.56998E+01 1.14998E-01  -3.59911E-05 1.82834E-01 
8.57998E+01 1.09998E-01  -3.64607E-05 1.77831E-01 
8.58998E+01 1.04998E-01  -3.69191E-05 1.72831E-01 
8.59998E+01 9.99977E-02  -3.73771E-05 1.67809E-01 
8.60998E+01 9.49978E-02  -3.78399E-05 1.62823E-01 
8.61998E+01 8.99978E-02  -3.82962E-05 1.57822E-01 
8.62998E+01 8.49978E-02  -3.87508E-05 1.52824E-01 
8.63998E+01 7.99978E-02  -3.92028E-05 1.47814E-01 
8.64998E+01 7.49978E-02  -3.96593E-05 1.42814E-01 
8.65998E+01 6.99978E-02  -4.01115E-05 1.37800E-01 
8.66998E+01 6.49978E-02  -4.05677E-05 1.32779E-01 
8.67998E+01 5.99978E-02  -4.10247E-05 1.27791E-01 
8.68998E+01 5.49979E-02  -4.14750E-05 1.22802E-01 
8.69998E+01 4.99979E-02  -4.19318E-05 1.17806E-01 
8.70998E+01 4.49979E-02  -4.23747E-05 1.12795E-01 
8.71998E+01 3.99979E-02  -4.28196E-05 1.07794E-01 
8.72998E+01 3.49979E-02  -4.32758E-05 1.02821E-01 
8.73998E+01 2.99979E-02  -4.36902E-05 9.78306E-02 
8.74998E+01 2.49979E-02  -4.40369E-05 9.28103E-02 
8.75998E+01 1.99979E-02  -4.44152E-05 8.78057E-02 
8.76998E+01 1.49980E-02  -4.48239E-05 8.28247E-02 
8.77998E+01 9.99797E-03  -4.52474E-05 7.78157E-02 
8.78998E+01 4.99799E-03  -4.56359E-05 7.28079E-02 
8.79998E+01 -2.00000E-06 -4.60087E-05 6.77857E-02 
8.80998E+01 -5.00199E-03 -4.63675E-05 6.27924E-02 
8.81998E+01 -1.00020E-02 -4.67230E-05 5.78276E-02 
8.82998E+01 -1.50020E-02 -4.70639E-05 5.27830E-02 
8.83998E+01 -2.00020E-02 -4.74052E-05 4.77659E-02 
8.84998E+01 -2.50019E-02 -4.77339E-05 4.27749E-02 
8.85998E+01 -3.00019E-02 -4.80720E-05 3.77759E-02 
8.86998E+01 -3.50019E-02 -4.84046E-05 3.27600E-02 
8.87998E+01 -4.00019E-02 -4.87395E-05 2.77572E-02 
8.88998E+01 -4.50019E-02 -4.90856E-05 2.27694E-02 
8.89998E+01 -5.00019E-02 -4.94221E-05 1.77741E-02 
8.90998E+01 -5.50019E-02 -4.97713E-05 1.27731E-02 
8.91998E+01 -6.00019E-02 -5.01250E-05 7.78409E-03 
8.92998E+01 -6.50018E-02 -5.04918E-05 2.76319E-03 
8.93998E+01 -7.00018E-02 -5.08659E-05 -2.21150E-03
8.94998E+01 -7.50018E-02 -5.12543E-05 -7.23740E-03
8.95998E+01 -8.00018E-02 -5.16526E-05 -1.22502E-02
8.96998E+01 -8.50018E-02 -5.20595E-05 -1.72561E-02
8.97998E+01 -9.00018E-02 -5.24907E-05 -2.22595E-02
8.98998E+01 -9.50018E-02 -5.29312E-05 -2.72473E-02
8.99998E+01 -1.00002E-01 -5.33908E-05 -3.22707E-02
9.00998E+01 -1.05002E-01 -5.38685E-05 -3.72841E-02
9.01998E+01 -1.10002E-01 -5.43649E-05 -4.22844E-02
9.02998E+01 -1.15002E-01 -5.48794E-05 -4.72566E-02
9.03998E+01 -1.20002E-01 -5.54141E-05 -5.22688E-02
9.04998E+01 -1.25002E-01 -5.59756E-05 -5.73003E-02
9.05998E+01 -1.30002E-01 -5.65600E-05 -6.22906E-02
9.06998E+01 -1.35002E-01 -5.71743E-05 -6.72734E-02
9.07998E+01 -1.40002E-01 -5.78214E-05 -7.22862E-02
9.08998E+01 -1.45002E-01 -5.85069E-05 -7.72877E-02
9.09998E+01 -1.50002E-01 -5.92360E-05 -8.22949E-02
9.10998E+01 -1.55002E-01 -6.00166E-05 -8.72865E-02
9.11998E+01 -1.60002E-01 -6.08662E-05 -9.22874E-02
9.12998E+01 -1.65002E-01 -6.17912E-05 -9.73145E-02
9.13998E+01 -1.70002E-01 -6.28247E-05 -1.02325E-01
9.14998E+01 -1.75002E-01 -6.39945E-05 -1.07298E-01
9.15998E+01 -1.80002E-01 -6.53532E-05 -1.12302E-01
9.16998E+01 -1.85002E-01 -6.69264E-05 -1.17288E-01
9.17998E+01 -1.90002E-01 -6.87833E-05 -1.22320E-01
9.18998E+01 -1.95002E-01 -7.09362E-05 -1.27304E-01
9.19998E+01 -2.00002E-01 -7.33898E-05 -1.32282E-01
9.20998E+01 -2.05001E-01 -7.61356E-05 -1.37313E-01
9.21998E+01 -2.10001E-01 -7.91413E-05 -1.42320E-01
9.22998E+01 -2.15001E-01 -8.23622E-05 -1.47309E-01
9.23998E+01 -2.20001E-01 -8.57829E-05 -1.52309E-01
9.24998E+01 -2.25001E-01 -8.93638E-05 -1.57324E-01
9.25998E+01 -2.30001E-01 -9.30937E-05 -1.62342E-01
9.26998E+01 -2.35001E-01 -9.69454E-05 -1.67329E-01
9.27998E+01 -2.40001E-01 -1.00906E-04 -1.72336E-01
9.28998E+01 -2.45001E-01 -1.04962E-04 -1.77350E-01
9.29998E+01 -2.50001E-01 -1.09095E-04 -1.82343E-01
9.30998E+01 -2.55001E-01 -1.13283E-04 -1.87344E-01
9.31998E+01 -2.60001E-01 -1.17503E-04 -1.92341E-01
9.32998E+01 -2.65001E-01 -1.21736E-04 -1.97348E-01
9.33998E+01 -2.70001E-01 -1.25945E-04 -2.02376E-01
9.34998E+01 -2.75001E-01 -1.30128E-04 -2.07345E-01
9.35998E+01 -2.80001E-01 -1.34255E-04 -2.12359E-01
9.36998E+01 -2.85001E-01 -1.38319E-04 -2.17358E-01
9.37998E+01 -2.90001E-01 -1.42300E-04 -2.22368E-01
9.38998E+01 -2.95001E-01 -1.46201E-04 -2.27352E-01
9.39998E+01 -3.00001E-01 -1.50037E-04 -2.32371E-01
9.40998E+01 -3.05001E-01 -1.53785E-04 -2.37362E-01
9.41998E+01 -3.10001E-01 -1.57468E-04 -2.42370E-01
9.42998E+01 -3.15001E-01 -1.61098E-04 -2.47392E-01
9.43998E+01 -3.20001E-01 -1.64665E-04 -2.52382E-01
9.44998E+01 -3.25001E-01 -1.68184E-04 -2.57368E-01
9.45998E+01 -3.30001E-01 -1.71667E-04 -2.62393E-01
9.46998E+01 -3.35001E-01 -1.75110E-04 -2.67382E-01
9.47998E+01 -3.40001E-01 -1.78518E-04 -2.72367E-01
9.48998E+01 -3.45001E-01 -1.81894E-04 -2.77389E-01
9.49998E+01 -3.50001E-01 -1.85240E-04 -2.82387E-01
9.50998E+01 -3.55001E-01 -1.88562E-04 -2.87411E-01
9.51998E+01 -3.60001E-01 -1.91849E-04 -2.92375E-01
9.52998E+01 -3.65001E-01 -1.95108E-04 -2.97384E-01
9.53998E+01 -3.70001E-01 -1.98338E-04 -3.02388E-01
9.54998E+01 -3.75001E-01 -2.01532E-04 -3.07380E-01
9.55998E+01 -3.80001E-01 -2.04692E-04 -3.12394E-01
9.56998E+01 -3.85001E-01 -2.07819E-04 -3.17392E-01
9.57998E+01 -3.90001E-01 -2.10901E-04 -3.22432E-01
9.58998E+01 -3.95001E-01 -2.13465E-04 -3.27441E-01
9.59998E+01 -4.00001E-01 -2.16452E-04 -3.32413E-01
9.60998E+01 -4.05001E-01 -2.19377E-04 -3.37446E-01
9.61998E+01 -4.10001E-01 -2.22269E-04 -3.42418E-01
9.62998E+01 -4.15001E-01 -2.25104E-04 -3.47447E-01
9.63998E+01 -4.20001E-01 -2.27863E-04 -3.52452E-01
9.64998E+01 -4.25001E-01 -2.30583E-04 -3.57456E-01
9.65998E+01 -4.30001E-01 -2.33231E-04 -3.62450E-01
9.66998E+01 -4.35001E-01 -2.35807E-04 -3.67446E-01
9.67998E+01 -4.40001E-01 -2.38295E-04 -3.72444E-01
9.68998E+01 -4.45001E-01 -2.40696E-04 -3.77459E-01
9.69998E+01 -4.50001E-01 -2.43008E-04 -3.82428E-01
9.70998E+01 -4.55001E-01 -2.45221E-04 -3.87440E-01
9.71998E+01 -4.60001E-01 -2.47359E-04 -3.92442E-01
9.72998E+01 -4.65001E-01 -2.49410E-04 -3.97453E-01
9.73998E+01 -4.70001E-01 -2.51363E-04 -4.02437E-01
9.74998E+01 -4.75001E-01 -2.53224E-04 -4.07452E-01
9.75998E+01 -4.80001E-01 -2.54985E-04 -4.12447E-01
9.76998E+01 -4.85001E-01 -2.56692E-04 -4.17460E-01
9.77998E+01 -4.90001E-01 -2.58297E-04 -4.22452E-01
9.78998E+01 -4.95001E-01 -2.59810E-04 -4.27458E-01
9.79998E+01 -5.00001E-01 -2.61164E-04 -4.32475E-01
9.80998E+01 -5.05001E-01 -2.62407E-04 -4.37475E-01
9.81998E+01 -5.10001E-01 -2.63524E-04 -4.42458E-01
9.82998E+01 -5.15001E-01 -2.64605E-04 -4.47466E-01
9.83998E+01 -5.20001E-01 -2.65573E-04 -4.52476E-01
9.84998E+01 -5.25001E-01 -2.66419E-04 -4.57468E-01
9.85998E+01 -5.30001E-01 -2.67170E-04 -4.62485E-01
9.86998E+01 -5.35001E-01 -2.67667E-04 -4.67463E-01
9.87998E+01 -5.40001E-01 -2.67952E-04 -4.72475E-01
9.88998E+01 -5.45001E-01 -2.67977E-04 -4.77502E-01
9.89998E+01 -5.50001E-01 -2.67673E-04 -4.82472E-01
9.90998E+01 -5.55001E-01 -2.66827E-04 -4.87503E-01
9.91998E+01 -5.60001E-01 -2.65150E-04 -4.92511E-01
9.92998E+01 -5.65001E-01 -2.62281E-04 -4.97507E-01
9.93998E+01 -5.70001E-01 -2.58017E-04 -5.02503E-01
9.94998E+01 -5.75001E-01 -2.51449E-04 -5.07529E-01
9.95998E+01 -5.80001E-01 -2.41440E-04 -5.12510E-01
9.96998E+01 -5.85001E-01 -2.25776E-04 -5.17530E-01
9.97998E+01 -5.90001E-01 -2.00138E-04 -5.22513E-01
9.98998E+01 -5.95001E-01 -1.60713E-04 -5.27515E-01
9.99997E+01 -6.00001E-01 -1.29804E-04 -5.32539E-01
1.00100E+02 -6.05000E-01 -1.14451E-04 -5.37542E-01
1.00200E+02 -6.10000E-01 -1.04486E-04 -5.42521E-01
1.00300E+02 -6.15000E-01 -9.71005E-05 -5.47535E-01
1.00400E+02 -6.20000E-01 -9.15361E-05 -5.52543E-01
1.00500E+02 -6.25000E-01 -8.69064E-05 -5.57532E-01
1.00600E+02 -6.30000E-01 -8.30810E-05 -5.62546E-01
1.00700E+02 -6.35000E-01 -7.98448E-05 -5.67545E-01
1.00800E+02 -6.40000E-01 -7.69020E-05 -5.72540E-01
1.00900E+02 -6.45000E-01 -7.43086E-05 -5.77550E-01
1.01000E+02 -6.50000E-01 -7.19652E-05 -5.82514E-01
1.01100E+02 -6.55000E-01 -6.99028E-05 -5.87544E-01
1.01200E+02 -6.60000E-01 -6.80296E-05 -5.92576E-01
1.01300E+02 -6.65000E-01 -6.62931E-05 -5.97566E-01
1.01400E+02 -6.70000E-01 -6.47220E-05 -6.02590E-01
1.01500E+02 -6.75000E-01 -6.32977E-05 -6.07590E-01
1.01600E+02 -6.80000E-01 -6.19740E-05 -6.12567E-01
1.01700E+02 -6.85000E-01 -6.08269E-05 -6.17567E-01
1.01800E+02 -6.90000E-01 -5.97852E-05 -6.22563E-01
1.01900E+02 -6.95000E-01 -5.87813E-05 -6.27574E-01
1.02000E+02 -7.00000E-01 -5.78545E-05 -6.32563E-01
1.02100E+02 -7.05000E-01 -5.70340E-05 -6.37583E-01
1.02200E+02 -7.10000E-01 -5.62694E-05 -6.42566E-01
1.02300E+02 -7.15000E-01 -5.56487E-05 -6.47576E-01
1.02400E+02 -7.20000E-01 -5.50726E-05 -6.52574E-01
1.02500E+02 -7.25000E-01 -5.45564E-05 -6.57601E-01
1.02600E+02 -7.30000E-01 -5.40421E-05 -6.62609E-01
1.02700E+02 -7.35000E-01 -5.35816E-05 -6.67605E-01
1.02800E+02 -7.40000E-01 -5.31606E-05 -6.72609E-01
1.02900E+02 -7.45000E-01 -5.27691E-05 -6.77609E-01
1.03000E+02 -7.50000E-01 -5.24205E-05 -6.82599E-01
1.03100E+02 -7.55000E-01 -5.21082E-05 -6.87589E-01
1.03200E+02 -7.60000E-01 -5.18421E-05 -6.92604E-01
1.03300E+02 -7.65000E-01 -5.16025E-05 -6.97626E-01
1.03400E+02 -7.70000E-01 -5.13751E-05 -7.02601E-01
1.03500E+02 -7.75000E-01 -5.11702E-05 -7.07587E-01
1.03600E+02 -7.80000E-01 -5.09866E-05 -7.12607E-01
1.03700E+02 -7.85000E-01 -5.08306E-05 -7.17632E-01
1.03800E+02 -7.90000E-01 -5.06932E-05 -7.22634E-01
1.03900E+02 -7.95000E-01 -5.05723E-05 -7.27609E-01
