time/s      E/V        I/A
0.00000E+00 -8.00000E-01 -4.44531E-05 -7.55434E-01
9.99997E-02 -7.95000E-01 -4.26405E-05 -7.50414E-01
1.99999E-01 -7.90000E-01 -4.12060E-05 -7.45435E-01
2.99999E-01 -7.85000E-01 -3.99441E-05 -7.40433E-01
3.99999E-01 -7.80000E-01 -3.88040E-05 -7.35436E-01
4.99999E-01 -7.75000E-01 -3.77523E-05 -7.30411E-01
5.99998E-01 -7.70000E-01 -3.67720E-05 -7.25416E-01
6.99998E-01 -7.65000E-01 -3.58517E-05 -7.20425E-01
7.99998E-01 -7.60000E-01 -3.49897E-05 -7.15431E-01
8.99998E-01 -7.55000E-01 -3.41714E-05 -7.10397E-01
9.99997E-01 -7.50000E-01 -3.33868E-05 -7.05391E-01
1.10000E+00 -7.45000E-01 -3.26403E-05 -7.00427E-01
1.20000E+00 -7.40000E-01 -3.19192E-05 -6.95414E-01
1.30000E+00 -7.35000E-01 -3.12376E-05 -6.90407E-01
1.40000E+00 -7.30000E-01 -3.05795E-05 -6.85407E-01
1.50000E+00 -7.25000E-01 -2.99404E-05 -6.80415E-01
1.60000E+00 -7.20000E-01 -2.93271E-05 -6.75414E-01
1.70000E+00 -7.15000E-01 -2.87300E-05 -6.70395E-01
1.80000E+00 -7.10000E-01 -2.81556E-05 -6.65403E-01
1.90000E+00 -7.05000E-01 -2.75955E-05 -6.60411E-01
1.99999E+00 -7.00000E-01 -2.70562E-05 -6.55407E-01
2.09999E+00 -6.95000E-01 -2.65305E-05 -6.50382E-01
2.19999E+00 -6.90000E-01 -2.60135E-05 -6.45391E-01
2.29999E+00 -6.85000E-01 -2.55157E-05 -6.40382E-01
2.39999E+00 -6.80000E-01 -2.50321E-05 -6.35396E-01
2.49999E+00 -6.75000E-01 -2.45558E-05 -6.30371E-01
2.59999E+00 -6.70000E-01 -2.40944E-05 -6.25368E-01
2.69999E+00 -6.65000E-01 -2.36400E-05 -6.20376E-01
2.79999E+00 -6.60000E-01 -2.31990E-05 -6.15392E-01
2.89999E+00 -6.55000E-01 -2.27631E-05 -6.10368E-01
2.99999E+00 -6.50000E-01 -2.23371E-05 -6.05366E-01
3.09999E+00 -6.45000E-01 -2.19204E-05 -6.00359E-01
3.19999E+00 -6.40000E-01 -2.15027E-05 -5.95369E-01
3.29999E+00 -6.35000E-01 -2.11050E-05 -5.90358E-01
3.39999E+00 -6.30000E-01 -2.07086E-05 -5.85350E-01
3.49999E+00 -6.25000E-01 -2.03203E-05 -5.80346E-01
3.59999E+00 -6.20000E-01 -1.99368E-05 -5.75347E-01
3.69999E+00 -6.15000E-01 -1.95591E-05 -5.70360E-01
3.79999E+00 -6.10000E-01 -1.91881E-05 -5.65341E-01
3.89999E+00 -6.05000E-01 -1.88229E-05 -5.60363E-01
3.99999E+00 -6.00001E-01 -1.84592E-05 -5.55340E-01
4.09999E+00 -5.95001E-01 -1.80994E-05 -5.50330E-01
4.19999E+00 -5.90001E-01 -1.77437E-05 -5.45316E-01
4.29999E+00 -5.85001E-01 -1.74001E-05 -5.40322E-01
4.39999E+00 -5.80001E-01 -1.70555E-05 -5.35322E-01
4.49999E+00 -5.75001E-01 -1.67178E-05 -5.30323E-01
4.59999E+00 -5.70001E-01 -1.63821E-05 -5.25312E-01
4.69999E+00 -5.65001E-01 -1.60526E-05 -5.20318E-01
4.79999E+00 -5.60001E-01 -1.57271E-05 -5.15316E-01
4.89999E+00 -5.55001E-01 -1.54071E-05 -5.10335E-01
4.99999E+00 -5.50001E-01 -1.50904E-05 -5.05331E-01
5.09999E+00 -5.45001E-01 -1.47820E-05 -5.00302E-01
5.19999E+00 -5.40001E-01 -1.44712E-05 -4.95310E-01
5.29999E+00 -5.35001E-01 -1.41782E-05 -4.90288E-01
5.39999E+00 -5.30001E-01 -1.38785E-05 -4.85310E-01
5.49999E+00 -5.25001E-01 -1.35927E-05 -4.80288E-01
5.59999E+00 -5.20001E-01 -1.32996E-05 -4.75288E-01
5.69999E+00 -5.15001E-01 -1.30218E-05 -4.70279E-01
5.79999E+00 -5.10001E-01 -1.27488E-05 -4.65270E-01
5.89999E+00 -5.05001E-01 -1.24733E-05 -4.60279E-01
5.99998E+00 -5.00001E-01 -1.21989E-05 -4.55288E-01
6.09998E+00 -4.95001E-01 -1.19281E-05 -4.50273E-01
6.19998E+00 -4.90001E-01 -1.16570E-05 -4.45250E-01
6.29998E+00 -4.85001E-01 -1.13964E-05 -4.40283E-01
6.39998E+00 -4.80001E-01 -1.11395E-05 -4.35255E-01
6.49998E+00 -4.75001E-01 -1.08883E-05 -4.30253E-01
6.59998E+00 -4.70001E-01 -1.06408E-05 -4.25244E-01
6.69998E+00 -4.65001E-01 -1.03943E-05 -4.20235E-01
6.79998E+00 -4.60001E-01 -1.01462E-05 -4.15248E-01
6.89998E+00 -4.55001E-01 -9.90491E-06 -4.10246E-01
6.99998E+00 -4.50001E-01 -9.66382E-06 -4.05248E-01
7.09998E+00 -4.45001E-01 -9.42377E-06 -4.00258E-01
7.19998E+00 -4.40001E-01 -9.18106E-06 -3.95242E-01
7.29998E+00 -4.35001E-01 -8.95851E-06 -3.90245E-01
7.39998E+00 -4.30001E-01 -8.72427E-06 -3.85226E-01
7.49998E+00 -4.25001E-01 -8.49537E-06 -3.80238E-01
7.59998E+00 -4.20001E-01 -8.26415E-06 -3.75245E-01
7.69998E+00 -4.15001E-01 -8.03523E-06 -3.70235E-01
7.79998E+00 -4.10001E-01 -7.80529E-06 -3.65201E-01
7.89998E+00 -4.05001E-01 -7.58087E-06 -3.60243E-01
7.99998E+00 -4.00001E-01 -7.35810E-06 -3.55242E-01
8.09998E+00 -3.95001E-01 -7.13298E-06 -3.50229E-01
8.19998E+00 -3.90001E-01 -6.90698E-06 -3.45215E-01
8.29998E+00 -3.85001E-01 -6.68551E-06 -3.40232E-01
8.39998E+00 -3.80001E-01 -6.46564E-06 -3.35231E-01
8.49998E+00 -3.75001E-01 -6.24522E-06 -3.30235E-01
8.59998E+00 -3.70001E-01 -6.02855E-06 -3.25236E-01
8.69998E+00 -3.65001E-01 -5.81247E-06 -3.20214E-01
8.79998E+00 -3.60001E-01 -5.59738E-06 -3.15196E-01
8.89998E+00 -3.55001E-01 -5.37176E-06 -3.10194E-01
8.99998E+00 -3.50001E-01 -5.16021E-06 -3.05207E-01
9.09998E+00 -3.45001E-01 -4.94776E-06 -3.00187E-01
9.19998E+00 -3.40001E-01 -4.72989E-06 -2.95173E-01
9.29998E+00 -3.35001E-01 -4.51934E-06 -2.90184E-01
9.39998E+00 -3.30001E-01 -4.30989E-06 -2.85193E-01
9.49998E+00 -3.25001E-01 -4.09869E-06 -2.80182E-01
9.59998E+00 -3.20001E-01 -3.89314E-06 -2.75152E-01
9.69998E+00 -3.15001E-01 -3.68694E-06 -2.70172E-01
9.79998E+00 -3.10001E-01 -3.47494E-06 -2.65171E-01
9.89998E+00 -3.05001E-01 -3.30979E-06 -2.60156E-01
9.99997E+00 -3.00001E-01 -3.10442E-06 -2.55155E-01
1.01000E+01 -2.95001E-01 -2.89954E-06 -2.50151E-01
1.02000E+01 -2.90001E-01 -2.69607E-06 -2.45134E-01
1.03000E+01 -2.85001E-01 -2.49215E-06 -2.40158E-01
1.04000E+01 -2.80001E-01 -2.29095E-06 -2.35158E-01
1.05000E+01 -2.75001E-01 -2.08789E-06 -2.30138E-01
1.06000E+01 -2.70001E-01 -1.88035E-06 -2.25141E-01
1.07000E+01 -2.65001E-01 -1.67402E-06 -2.20155E-01
1.08000E+01 -2.60001E-01 -1.46929E-06 -2.15137E-01
1.09000E+01 -2.55001E-01 -1.26026E-06 -2.10134E-01
1.10000E+01 -2.50001E-01 -1.04860E-06 -2.05137E-01
1.11000E+01 -2.45001E-01 -8.35199E-07 -2.00135E-01
1.12000E+01 -2.40001E-01 -6.19339E-07 -1.95124E-01
1.13000E+01 -2.35001E-01 -4.02644E-07 -1.90114E-01
1.14000E+01 -2.30001E-01 -1.85053E-07 -1.85128E-01
1.15000E+01 -2.25001E-01 3.70709E-08  -1.80115E-01
1.16000E+01 -2.20001E-01 2.61071E-07  -1.75120E-01
1.17000E+01 -2.15001E-01 4.88835E-07  -1.70105E-01
1.18000E+01 -2.10001E-01 7.15386E-07  -1.65118E-01
1.19000E+01 -2.05001E-01 9.45731E-07  -1.60105E-01
1.20000E+01 -2.00002E-01 1.17938E-06  -1.55087E-01
1.21000E+01 -1.95002E-01 1.41377E-06  -1.50081E-01
1.22000E+01 -1.90002E-01 1.64338E-06  -1.45099E-01
1.23000E+01 -1.85002E-01 1.88958E-06  -1.40088E-01
1.24000E+01 -1.80002E-01 2.13580E-06  -1.35053E-01
1.25000E+01 -1.75002E-01 2.37861E-06  -1.30074E-01
1.26000E+01 -1.70002E-01 2.62742E-06  -1.25082E-01
1.27000E+01 -1.65002E-01 2.87461E-06  -1.20093E-01
1.28000E+01 -1.60002E-01 3.12602E-06  -1.15077E-01
1.29000E+01 -1.55002E-01 3.38045E-06  -1.10060E-01
1.30000E+01 -1.50002E-01 3.63593E-06  -1.05091E-01
1.31000E+01 -1.45002E-01 3.90035E-06  -1.00084E-01
1.32000E+01 -1.40002E-01 4.16082E-06  -9.50842E-02
1.33000E+01 -1.35002E-01 4.43570E-06  -9.00577E-02
1.34000E+01 -1.30002E-01 4.71472E-06  -8.50699E-02
1.35000E+01 -1.25002E-01 5.00121E-06  -8.00783E-02
1.36000E+01 -1.20002E-01 5.29244E-06  -7.50780E-02
1.37000E+01 -1.15002E-01 5.59005E-06  -7.00690E-02
1.38000E+01 -1.10002E-01 5.90192E-06  -6.50743E-02
1.39000E+01 -1.05002E-01 6.22341E-06  -6.00809E-02
1.40000E+01 -1.00002E-01 6.56216E-06  -5.50575E-02
1.41000E+01 -9.50018E-02 6.90931E-06  -5.00447E-02
1.42000E+01 -9.00018E-02 7.27407E-06  -4.50488E-02
1.43000E+01 -8.50018E-02 7.66466E-06  -4.00622E-02
1.44000E+01 -8.00018E-02 8.07244E-06  -3.50363E-02
1.45000E+01 -7.50018E-02 8.50183E-06  -3.00404E-02
1.46000E+01 -7.00018E-02 8.95284E-06  -2.50501E-02
1.47000E+01 -6.50018E-02 9.42889E-06  -2.00735E-02
1.48000E+01 -6.00019E-02 9.93567E-06  -1.50595E-02
1.49000E+01 -5.50019E-02 1.04696E-05  -1.00423E-02
1.50000E+01 -5.00019E-02 1.10367E-05  -5.02955E-03
1.51000E+01 -4.50019E-02 1.16371E-05  -1.80215E-05
1.52000E+01 -4.00019E-02 1.22614E-05  4.96603E-03 
1.53000E+01 -3.50019E-02 1.29419E-05  9.95946E-03 
1.54000E+01 -3.00019E-02 1.36494E-05  1.49810E-02 
1.55000E+01 -2.50019E-02 1.44003E-05  1.99888E-02 
1.56000E+01 -2.00020E-02 1.51902E-05  2.49872E-02 
1.57000E+01 -1.50020E-02 1.60663E-05  2.99831E-02 
1.58000E+01 -1.00020E-02 1.69413E-05  3.49809E-02 
1.59000E+01 -5.00199E-03 1.78576E-05  3.99949E-02 
1.60000E+01 -2.00000E-06 1.88103E-05  4.49746E-02 
1.61000E+01 4.99799E-03  1.98108E-05  4.99774E-02 
1.62000E+01 9.99797E-03  2.08292E-05  5.49796E-02 
1.63000E+01 1.49980E-02  2.19090E-05  6.00024E-02 
1.64000E+01 1.99979E-02  2.30010E-05  6.50039E-02 
1.65000E+01 2.49979E-02  2.41187E-05  6.99861E-02 
1.66000E+01 2.99979E-02  2.52554E-05  7.49983E-02 
1.67000E+01 3.49979E-02  2.63978E-05  8.00186E-02 
1.68000E+01 3.99979E-02  2.75398E-05  8.49995E-02 
1.69000E+01 4.49979E-02  2.86806E-05  8.99954E-02 
1.70000E+01 4.99979E-02  2.98099E-05  9.50157E-02 
1.71000E+01 5.49979E-02  3.09173E-05  1.00027E-01 
1.72000E+01 5.99978E-02  3.19844E-05  1.05024E-01 
1.73000E+01 6.49978E-02  3.30600E-05  1.10015E-01 
1.74000E+01 6.99978E-02  3.40876E-05  1.15055E-01 
1.75000E+01 7.49978E-02  3.50922E-05  1.20053E-01 
1.76000E+01 7.99978E-02  3.60674E-05  1.25074E-01 
1.77000E+01 8.49978E-02  3.70248E-05  1.30038E-01 
1.78000E+01 8.99978E-02  3.79588E-05  1.35019E-01 
1.79000E+01 9.49978E-02  3.88894E-05  1.40053E-01 
1.80000E+01 9.99977E-02  3.97983E-05  1.45055E-01 
1.81000E+01 1.04998E-01  4.06968E-05  1.50047E-01 
1.82000E+01 1.09998E-01  4.15737E-05  1.55077E-01 
1.83000E+01 1.14998E-01  4.24308E-05  1.60084E-01 
1.84000E+01 1.19998E-01  4.32487E-05  1.65085E-01 
1.85000E+01 1.24998E-01  4.40266E-05  1.70066E-01 
1.86000E+01 1.29998E-01  4.47461E-05  1.75097E-01 
1.87000E+01 1.34998E-01  4.53869E-05  1.80094E-01 
1.88000E+01 1.39998E-01  4.59349E-05  1.85094E-01 
1.89000E+01 1.44998E-01  4.63910E-05  1.90086E-01 
1.90000E+01 1.49998E-01  4.67350E-05  1.95090E-01 
1.91000E+01 1.54998E-01  4.69590E-05  2.00106E-01 
1.92000E+01 1.59998E-01  4.70681E-05  2.05100E-01 
1.93000E+01 1.64998E-01  4.70663E-05  2.10071E-01 
1.94000E+01 1.69998E-01  4.69687E-05  2.15105E-01 
1.95000E+01 1.74998E-01  4.68098E-05  2.20104E-01 
1.96000E+01 1.79998E-01  4.66265E-05  2.25073E-01 
1.97000E+01 1.84998E-01  4.64391E-05  2.30084E-01 
1.98000E+01 1.89998E-01  4.62927E-05  2.35093E-01 
1.99000E+01 1.94998E-01  4.62152E-05  2.40098E-01 
1.99999E+01 1.99997E-01  4.62391E-05  2.45093E-01 
2.00999E+01 2.04997E-01  4.63862E-05  2.50095E-01 
2.01999E+01 2.09997E-01  4.66648E-05  2.55100E-01 
2.02999E+01 2.14997E-01  4.70624E-05  2.60118E-01 
2.03999E+01 2.19997E-01  4.75583E-05  2.65099E-01 
2.04999E+01 2.24997E-01  4.81149E-05  2.70102E-01 
2.05999E+01 2.29997E-01  4.87179E-05  2.75120E-01 
2.06999E+01 2.34997E-01  4.93306E-05  2.80097E-01 
2.07999E+01 2.39997E-01  4.99516E-05  2.85124E-01 
2.08999E+01 2.44997E-01  5.05650E-05  2.90105E-01 
2.09999E+01 2.49997E-01  5.11692E-05  2.95104E-01 
2.10999E+01 2.54997E-01  5.17558E-05  3.00111E-01 
2.11999E+01 2.59997E-01  5.23238E-05  3.05110E-01 
2.12999E+01 2.64997E-01  5.28658E-05  3.10146E-01 
2.13999E+01 2.69997E-01  5.33776E-05  3.15142E-01 
2.14999E+01 2.74997E-01  5.38721E-05  3.20164E-01 
2.15999E+01 2.79997E-01  5.43312E-05  3.25134E-01 
2.16999E+01 2.84997E-01  5.47581E-05  3.30175E-01 
2.17999E+01 2.89997E-01  5.51567E-05  3.35150E-01 
2.18999E+01 2.94997E-01  5.55203E-05  3.40148E-01 
2.19999E+01 2.99997E-01  5.58600E-05  3.45147E-01 
2.20999E+01 3.04997E-01  5.61653E-05  3.50176E-01 
2.21999E+01 3.09997E-01  5.64381E-05  3.55189E-01 
2.22999E+01 3.14997E-01  5.66869E-05  3.60168E-01 
2.23999E+01 3.19997E-01  5.69091E-05  3.65188E-01 
2.24999E+01 3.24997E-01  5.71051E-05  3.70191E-01 
2.25999E+01 3.29997E-01  5.72736E-05  3.75196E-01 
2.26999E+01 3.34997E-01  5.74085E-05  3.80192E-01 
2.27999E+01 3.39997E-01  5.75207E-05  3.85189E-01 
2.28999E+01 3.44997E-01  5.76059E-05  3.90195E-01 
2.29999E+01 3.49997E-01  5.76667E-05  3.95222E-01 
2.30999E+01 3.54997E-01  5.76917E-05  4.00189E-01 
2.31999E+01 3.59997E-01  5.76817E-05  4.05191E-01 
2.32999E+01 3.64997E-01  5.76473E-05  4.10196E-01 
2.33999E+01 3.69997E-01  5.75734E-05  4.15226E-01 
2.34999E+01 3.74997E-01  5.74587E-05  4.20220E-01 
2.35999E+01 3.79997E-01  5.73072E-05  4.25216E-01 
2.36999E+01 3.84997E-01  5.71111E-05  4.30208E-01 
2.37999E+01 3.89997E-01  5.68767E-05  4.35234E-01 
2.38999E+01 3.94997E-01  5.65989E-05  4.40218E-01 
2.39999E+01 3.99997E-01  5.62788E-05  4.45212E-01 
2.40999E+01 4.04997E-01  5.59134E-05  4.50227E-01 
2.41999E+01 4.09997E-01  5.55152E-05  4.55227E-01 
2.42999E+01 4.14997E-01  5.50811E-05  4.60247E-01 
2.43999E+01 4.19997E-01  5.46151E-05  4.65239E-01 
2.44999E+01 4.24997E-01  5.41326E-05  4.70251E-01 
2.45999E+01 4.29997E-01  5.36341E-05  4.75265E-01 
2.46999E+01 4.34997E-01  5.31195E-05  4.80268E-01 
2.47999E+01 4.39997E-01  5.26078E-05  4.85267E-01 
2.48999E+01 4.44997E-01  5.21039E-05  4.90250E-01 
2.49999E+01 4.49997E-01  5.16096E-05  4.95270E-01 
2.50999E+01 4.54997E-01  5.11346E-05  5.00260E-01 
2.51999E+01 4.59997E-01  5.06745E-05  5.05261E-01 
2.52999E+01 4.64997E-01  5.02433E-05  5.10252E-01 
2.53999E+01 4.69997E-01  4.98321E-05  5.15252E-01 
2.54999E+01 4.74997E-01  4.94471E-05  5.20257E-01 
2.55999E+01 4.79997E-01  4.90874E-05  5.25283E-01 
2.56999E+01 4.84997E-01  4.87560E-05  5.30282E-01 
2.57999E+01 4.89997E-01  4.84337E-05  5.35280E-01 
2.58999E+01 4.94997E-01  4.81350E-05  5.40261E-01 
2.59999E+01 4.99997E-01  4.78517E-05  5.45265E-01 
2.60999E+01 5.04997E-01  4.75858E-05  5.50285E-01 
2.61999E+01 5.09997E-01  4.73339E-05  5.55290E-01 
2.62999E+01 5.14997E-01  4.71034E-05  5.60278E-01 
2.63999E+01 5.19997E-01  4.68878E-05  5.65276E-01 
2.64999E+01 5.24997E-01  4.66902E-05  5.70294E-01 
2.65999E+01 5.29997E-01  4.65135E-05  5.75298E-01 
2.66999E+01 5.34997E-01  4.63576E-05  5.80291E-01 
2.67999E+01 5.39997E-01  4.62197E-05  5.85291E-01 
2.68999E+01 5.44997E-01  4.61122E-05  5.90312E-01 
2.69999E+01 5.49997E-01  4.60138E-05  5.95319E-01 
2.70999E+01 5.54997E-01  4.59321E-05  6.00298E-01 
2.71999E+01 5.59997E-01  4.58685E-05  6.05321E-01 
2.72999E+01 5.64997E-01  4.58224E-05  6.10316E-01 
2.73999E+01 5.69997E-01  4.57998E-05  6.15327E-01 
2.74999E+01 5.74997E-01  4.57859E-05  6.20303E-01 
2.75999E+01 5.79997E-01  4.57848E-05  6.25323E-01 
2.76999E+01 5.84997E-01  4.57969E-05  6.30335E-01 
2.77999E+01 5.89997E-01  4.58107E-05  6.35366E-01 
2.78999E+01 5.94997E-01  4.58571E-05  6.40366E-01 
2.79999E+01 5.99996E-01  4.59016E-05  6.45366E-01 
2.80999E+01 6.04996E-01  4.59509E-05  6.50350E-01 
2.81999E+01 6.09996E-01  4.60104E-05  6.55370E-01 
2.82999E+01 6.14996E-01  4.60792E-05  6.60390E-01 
2.83999E+01 6.19996E-01  4.61538E-05  6.65373E-01 
2.84999E+01 6.24996E-01  4.62408E-05  6.70372E-01 
2.85999E+01 6.29996E-01  4.63287E-05  6.75373E-01 
2.86999E+01 6.34996E-01  4.64329E-05  6.80389E-01 
2.87999E+01 6.39996E-01  4.65331E-05  6.85398E-01 
2.88999E+01 6.44996E-01  4.66364E-05  6.90373E-01 
2.89999E+01 6.49996E-01  4.67546E-05  6.95383E-01 
2.90999E+01 6.54996E-01  4.68729E-05  7.00384E-01 
2.91999E+01 6.59996E-01  4.69934E-05  7.05388E-01 
2.92999E+01 6.64996E-01  4.71432E-05  7.10367E-01 
2.93999E+01 6.69996E-01  4.72680E-05  7.15385E-01 
2.94999E+01 6.74996E-01  4.73906E-05  7.20401E-01 
2.95999E+01 6.79996E-01  4.75318E-05  7.25393E-01 
2.96999E+01 6.84996E-01  4.76690E-05  7.30375E-01 
2.97999E+01 6.89996E-01  4.78116E-05  7.35398E-01 
2.98999E+01 6.94996E-01  4.79674E-05  7.40416E-01 
2.99999E+01 6.99996E-01  4.81265E-05  7.45399E-01 
3.00999E+01 7.04996E-01  4.82865E-05  7.50403E-01 
3.01999E+01 7.09996E-01  4.84527E-05  7.55409E-01 
3.02999E+01 7.14996E-01  4.86149E-05  7.60408E-01 
3.03999E+01 7.19996E-01  4.87857E-05  7.65420E-01 
3.04999E+01 7.24996E-01  4.89594E-05  7.70396E-01 
3.05999E+01 7.29996E-01  4.91336E-05  7.75407E-01 
3.06999E+01 7.34996E-01  4.93105E-05  7.80426E-01 
3.07999E+01 7.39996E-01  4.94921E-05  7.85440E-01 
3.08999E+01 7.44996E-01  4.96710E-05  7.90439E-01 
3.09999E+01 7.49996E-01  4.98608E-05  7.95468E-01 
3.10999E+01 7.54996E-01  5.00406E-05  8.00443E-01 
3.11999E+01 7.59996E-01  5.02243E-05  8.05452E-01 
3.12999E+01 7.64996E-01  5.04092E-05  8.10469E-01 
3.13999E+01 7.69996E-01  5.06013E-05  8.15493E-01 
3.14999E+01 7.74996E-01  5.07898E-05  8.20479E-01 
3.15999E+01 7.79996E-01  5.09778E-05  8.25448E-01 
3.16999E+01 7.84996E-01  5.11733E-05  8.30468E-01 
3.17999E+01 7.89996E-01  5.13526E-05  8.35484E-01 
3.18999E+01 7.94996E-01  5.15294E-05  8.40474E-01 
3.19999E+01 7.99996E-01  5.17260E-05  8.45468E-01 
3.20999E+01 8.04996E-01  5.19120E-05  8.50484E-01 
3.21999E+01 8.09996E-01  5.20934E-05  8.55498E-01 
3.22999E+01 8.14996E-01  5.22817E-05  8.60494E-01 
3.23999E+01 8.19996E-01  5.24471E-05  8.65493E-01 
3.24999E+01 8.24996E-01  5.26266E-05  8.70490E-01 
3.25999E+01 8.29996E-01  5.28035E-05  8.75503E-01 
3.26999E+01 8.34996E-01  5.29748E-05  8.80506E-01 
3.27999E+01 8.39996E-01  5.31368E-05  8.85498E-01 
3.28999E+01 8.44996E-01  5.32957E-05  8.90485E-01 
3.29999E+01 8.49996E-01  5.34616E-05  8.95506E-01 
3.30999E+01 8.54996E-01  5.36104E-05  9.00500E-01 
3.31999E+01 8.59996E-01  5.37626E-05  9.05517E-01 
3.32999E+01 8.64996E-01  5.39176E-05  9.10514E-01 
3.33999E+01 8.69996E-01  5.40500E-05  9.15534E-01 
3.34999E+01 8.74996E-01  5.41936E-05  9.20534E-01 
3.35999E+01 8.79996E-01  5.43259E-05  9.25516E-01 
3.36999E+01 8.84996E-01  5.44567E-05  9.30510E-01 
3.37999E+01 8.89996E-01  5.45859E-05  9.35524E-01 
3.38999E+01 8.94996E-01  5.47064E-05  9.40541E-01 
3.39999E+01 8.99996E-01  5.48233E-05  9.45539E-01 
3.40999E+01 9.04996E-01  5.49359E-05  9.50548E-01 
3.41999E+01 9.09996E-01  5.50416E-05  9.55548E-01 
3.42999E+01 9.14996E-01  5.51576E-05  9.60534E-01 
3.43999E+01 9.19996E-01  5.52401E-05  9.65559E-01 
3.44999E+01 9.24996E-01  5.53336E-05  9.70566E-01 
3.45999E+01 9.29996E-01  5.54222E-05  9.75576E-01 
3.46999E+01 9.34996E-01  5.55696E-05  9.80559E-01 
3.47999E+01 9.39996E-01  5.56723E-05  9.85568E-01 
3.48999E+01 9.44996E-01  5.56825E-05  9.90582E-01 
3.49999E+01 9.49996E-01  5.57502E-05  9.95563E-01 
3.50999E+01 9.54996E-01  5.58191E-05  1.00056E+00 
3.51999E+01 9.59996E-01  5.58842E-05  1.00554E+00 
3.52999E+01 9.64996E-01  5.59573E-05  1.01057E+00 
3.53999E+01 9.69996E-01  5.59985E-05  1.01555E+00 
3.54999E+01 9.74996E-01  5.60492E-05  1.02057E+00 
3.55999E+01 9.79996E-01  5.60968E-05  1.02559E+00 
3.56999E+01 9.84996E-01  5.61415E-05  1.03058E+00 
3.57999E+01 9.89996E-01  5.61824E-05  1.03559E+00 
3.58999E+01 9.94996E-01  5.62250E-05  1.04057E+00 
3.59999E+01 9.99995E-01  5.62687E-05  1.04556E+00 
3.60999E+01 1.00500E+00  5.63113E-05  1.05061E+00 
3.61999E+01 1.01000E+00  5.63402E-05  1.05561E+00 
3.62999E+01 1.01500E+00  5.63763E-05  1.06060E+00 
3.63999E+01 1.02000E+00  5.63961E-05  1.06559E+00 
3.64999E+01 1.02500E+00  5.64369E-05  1.07060E+00 
3.65999E+01 1.03000E+00  5.64752E-05  1.07559E+00 
3.66999E+01 1.03500E+00  5.65226E-05  1.08060E+00 
3.67999E+01 1.04000E+00  5.65829E-05  1.08561E+00 
3.68999E+01 1.04500E+00  5.66303E-05  1.09062E+00 
3.69999E+01 1.05000E+00  5.66851E-05  1.09562E+00 
3.70999E+01 1.05500E+00  5.67437E-05  1.10063E+00 
3.71999E+01 1.06000E+00  5.68021E-05  1.10563E+00 
3.72999E+01 1.06500E+00  5.68609E-05  1.11062E+00 
3.73999E+01 1.07000E+00  5.69275E-05  1.11564E+00 
3.74999E+01 1.07500E+00  5.70009E-05  1.12064E+00 
3.75999E+01 1.08000E+00  5.70825E-05  1.12566E+00 
3.76999E+01 1.08500E+00  5.71691E-05  1.13065E+00 
3.77999E+01 1.09000E+00  5.72651E-05  1.13566E+00 
3.78999E+01 1.09500E+00  5.73675E-05  1.14067E+00 
3.79999E+01 1.10000E+00  5.74792E-05  1.14568E+00 
3.80999E+01 1.10500E+00  5.75945E-05  1.15067E+00 
3.81999E+01 1.11000E+00  5.77209E-05  1.15568E+00 
3.82999E+01 1.11500E+00  5.78581E-05  1.16069E+00 
3.83999E+01 1.12000E+00  5.80073E-05  1.16567E+00 
3.84999E+01 1.12500E+00  5.81629E-05  1.17067E+00 
3.85999E+01 1.13000E+00  5.83373E-05  1.17567E+00 
3.86999E+01 1.13500E+00  5.85261E-05  1.18069E+00 
3.87999E+01 1.14000E+00  5.87249E-05  1.18569E+00 
3.88999E+01 1.14500E+00  5.89321E-05  1.19069E+00 
3.89999E+01 1.15000E+00  5.91587E-05  1.19569E+00 
3.90999E+01 1.15500E+00  5.93986E-05  1.20068E+00 
3.91999E+01 1.16000E+00  5.96639E-05  1.20569E+00 
3.92999E+01 1.16500E+00  5.99422E-05  1.21071E+00 
3.93999E+01 1.17000E+00  6.02398E-05  1.21572E+00 
3.94999E+01 1.17500E+00  6.05601E-05  1.22069E+00 
3.95999E+01 1.18000E+00  6.08960E-05  1.22571E+00 
3.96999E+01 1.18500E+00  6.12539E-05  1.23072E+00 
3.97999E+01 1.19000E+00  6.16467E-05  1.23572E+00 
3.98999E+01 1.19500E+00  6.20506E-05  1.24071E+00 
3.99999E+01 1.19999E+00  6.24823E-05  1.24571E+00 
4.00999E+01 1.20499E+00  6.29400E-05  1.25074E+00 
4.01999E+01 1.20999E+00  6.34136E-05  1.25573E+00 
4.02999E+01 1.21499E+00  6.39253E-05  1.26072E+00 
4.03999E+01 1.21999E+00  6.44414E-05  1.26573E+00 
4.04999E+01 1.22499E+00  6.49860E-05  1.27074E+00 
4.05999E+01 1.22999E+00  6.55709E-05  1.27574E+00 
4.06999E+01 1.23499E+00  6.61879E-05  1.28075E+00 
4.07999E+01 1.23999E+00  6.68352E-05  1.28573E+00 
4.08999E+01 1.24499E+00  6.75155E-05  1.29074E+00 
4.09999E+01 1.24999E+00  6.82286E-05  1.29577E+00 
4.10999E+01 1.25499E+00  6.89761E-05  1.30074E+00 
4.11999E+01 1.25999E+00  6.97660E-05  1.30573E+00 
4.12999E+01 1.26499E+00  7.05920E-05  1.31076E+00 
4.13999E+01 1.26999E+00  7.14561E-05  1.31579E+00 
4.14999E+01 1.27499E+00  7.23496E-05  1.32076E+00 
4.15999E+01 1.27999E+00  7.32760E-05  1.32575E+00 
4.16999E+01 1.28499E+00  7.42399E-05  1.33076E+00 
4.17999E+01 1.28999E+00  7.52256E-05  1.33578E+00 
4.18999E+01 1.29499E+00  7.62478E-05  1.34078E+00 
4.19999E+01 1.29999E+00  7.73036E-05  1.34575E+00 
4.20999E+01 1.30499E+00  7.83842E-05  1.35077E+00 
4.21999E+01 1.30999E+00  7.94876E-05  1.35577E+00 
4.22999E+01 1.31499E+00  8.06255E-05  1.36077E+00 
4.23999E+01 1.31999E+00  8.18103E-05  1.36574E+00 
4.24999E+01 1.32499E+00  8.30206E-05  1.37078E+00 
4.25999E+01 1.32999E+00  8.42646E-05  1.37578E+00 
4.26999E+01 1.33499E+00  8.55342E-05  1.38077E+00 
4.27999E+01 1.33999E+00  8.68437E-05  1.38578E+00 
4.28999E+01 1.34499E+00  8.81948E-05  1.39078E+00 
4.29999E+01 1.34999E+00  8.95752E-05  1.39579E+00 
4.30999E+01 1.35499E+00  9.09926E-05  1.40079E+00 
4.31999E+01 1.35999E+00  9.24175E-05  1.40580E+00 
4.32999E+01 1.36499E+00  9.38729E-05  1.41080E+00 
4.33999E+01 1.36999E+00  9.53880E-05  1.41579E+00 
4.34999E+01 1.37499E+00  9.69416E-05  1.42081E+00 
4.35999E+01 1.37999E+00  9.85080E-05  1.42582E+00 
4.36999E+01 1.38499E+00  1.00128E-04  1.43081E+00 
4.37999E+01 1.38999E+00  1.01782E-04  1.43584E+00 
4.38999E+01 1.39499E+00  1.03453E-04  1.44083E+00 
4.39999E+01 1.39999E+00  1.05184E-04  1.44584E+00 
4.40999E+01 1.40499E+00  1.06963E-04  1.45084E+00 
4.41999E+01 1.40999E+00  1.08770E-04  1.45586E+00 
4.42999E+01 1.41499E+00  1.10636E-04  1.46084E+00 
4.43999E+01 1.41999E+00  1.12583E-04  1.46585E+00 
4.44999E+01 1.42499E+00  1.14588E-04  1.47086E+00 
4.45999E+01 1.42999E+00  1.16646E-04  1.47587E+00 
4.46999E+01 1.43499E+00  1.18771E-04  1.48086E+00 
4.47999E+01 1.43999E+00  1.20962E-04  1.48588E+00 
4.48999E+01 1.44499E+00  1.23240E-04  1.49086E+00 
4.49999E+01 1.44999E+00  1.25586E-04  1.49588E+00 
4.50999E+01 1.45499E+00  1.28008E-04  1.50088E+00 
4.51999E+01 1.45999E+00  1.30496E-04  1.50586E+00 
4.52999E+01 1.46499E+00  1.33059E-04  1.51089E+00 
4.53999E+01 1.46999E+00  1.35714E-04  1.51590E+00 
4.54999E+01 1.47499E+00  1.38464E-04  1.52090E+00 
4.55999E+01 1.47999E+00  1.41313E-04  1.52588E+00 
4.56999E+01 1.48499E+00  1.44176E-04  1.53089E+00 
4.57999E+01 1.48999E+00  1.47131E-04  1.53590E+00 
4.58999E+01 1.49499E+00  1.50171E-04  1.54090E+00 
4.59999E+01 1.49999E+00  1.53247E-04  1.54587E+00 
4.60999E+01 1.50499E+00  1.56419E-04  1.55089E+00 
4.61999E+01 1.50999E+00  1.59646E-04  1.55592E+00 
4.62999E+01 1.51499E+00  1.62926E-04  1.56089E+00 
4.63999E+01 1.51999E+00  1.66253E-04  1.56588E+00 
4.64999E+01 1.52499E+00  1.69640E-04  1.57089E+00 
4.65999E+01 1.52999E+00  1.73089E-04  1.57591E+00 
4.66999E+01 1.53499E+00  1.76588E-04  1.58088E+00 
4.67999E+01 1.53999E+00  1.80128E-04  1.58592E+00 
4.68999E+01 1.54499E+00  1.83703E-04  1.59091E+00 
4.69999E+01 1.54999E+00  1.87343E-04  1.59593E+00 
4.70999E+01 1.55499E+00  1.91038E-04  1.60092E+00 
4.71999E+01 1.55999E+00  1.94740E-04  1.60594E+00 
4.72999E+01 1.56499E+00  1.98523E-04  1.61093E+00 
4.73999E+01 1.56999E+00  2.02332E-04  1.61593E+00 
4.74999E+01 1.57499E+00  2.06150E-04  1.62094E+00 
4.75999E+01 1.57999E+00  2.09994E-04  1.62594E+00 
4.76999E+01 1.58499E+00  2.14283E-04  1.63094E+00 
4.77999E+01 1.58999E+00  2.18147E-04  1.63593E+00 
4.78999E+01 1.59499E+00  2.22057E-04  1.64094E+00 
4.79999E+01 1.59999E+00  2.25949E-04  1.64595E+00 
4.80999E+01 1.60499E+00  2.29896E-04  1.65095E+00 
4.81999E+01 1.60999E+00  2.33868E-04  1.65596E+00 
4.82999E+01 1.61499E+00  2.37878E-04  1.66095E+00 
4.83999E+01 1.61999E+00  2.41803E-04  1.66595E+00 
4.84999E+01 1.62499E+00  2.45789E-04  1.67096E+00 
4.85999E+01 1.62999E+00  2.49791E-04  1.67596E+00 
4.86999E+01 1.63499E+00  2.53805E-04  1.68095E+00 
4.87999E+01 1.63999E+00  2.57813E-04  1.68599E+00 
4.88999E+01 1.64499E+00  2.61808E-04  1.69098E+00 
4.89999E+01 1.64999E+00  2.65801E-04  1.69597E+00 
4.90999E+01 1.65499E+00  2.69815E-04  1.70095E+00 
4.91999E+01 1.65999E+00  2.73829E-04  1.70598E+00 
4.92999E+01 1.66499E+00  2.77846E-04  1.71098E+00 
4.93999E+01 1.66999E+00  2.81871E-04  1.71597E+00 
4.94999E+01 1.67499E+00  2.85878E-04  1.72096E+00 
4.95999E+01 1.67999E+00  2.89809E-04  1.72596E+00 
4.96999E+01 1.68499E+00  2.93796E-04  1.73100E+00 
4.97999E+01 1.68999E+00  2.97788E-04  1.73598E+00 
4.98999E+01 1.69499E+00  3.01731E-04  1.74098E+00 
4.99999E+01 1.69999E+00  3.05652E-04  1.74603E+00 
5.00999E+01 1.70499E+00  3.09583E-04  1.75103E+00 
5.01999E+01 1.70999E+00  3.13433E-04  1.75604E+00 
5.02999E+01 1.71499E+00  3.17362E-04  1.76104E+00 
5.03999E+01 1.71999E+00  3.21157E-04  1.76606E+00 
5.04999E+01 1.72499E+00  3.24949E-04  1.77105E+00 
5.05999E+01 1.72999E+00  3.28665E-04  1.77605E+00 
5.06999E+01 1.73499E+00  3.32395E-04  1.78106E+00 
5.07999E+01 1.73999E+00  3.36070E-04  1.78605E+00 
5.08999E+01 1.74499E+00  3.39736E-04  1.79106E+00 
5.09999E+01 1.74999E+00  3.43312E-04  1.79603E+00 
5.10999E+01 1.75499E+00  3.46920E-04  1.80105E+00 
5.11999E+01 1.75999E+00  3.50438E-04  1.80607E+00 
5.12999E+01 1.76499E+00  3.53985E-04  1.81105E+00 
5.13999E+01 1.76999E+00  3.57421E-04  1.81606E+00 
5.14999E+01 1.77499E+00  3.60824E-04  1.82105E+00 
5.15999E+01 1.77999E+00  3.64226E-04  1.82608E+00 
5.16999E+01 1.78499E+00  3.67548E-04  1.83107E+00 
5.17999E+01 1.78999E+00  3.70825E-04  1.83605E+00 
5.18999E+01 1.79499E+00  3.74127E-04  1.84108E+00 
5.19999E+01 1.79999E+00  3.77343E-04  1.84606E+00 
5.20999E+01 1.79499E+00  3.69191E-04  1.84105E+00 
5.21999E+01 1.78999E+00  3.61462E-04  1.83605E+00 
5.22999E+01 1.78499E+00  3.54002E-04  1.83105E+00 
5.23999E+01 1.77999E+00  3.46707E-04  1.82607E+00 
5.24999E+01 1.77499E+00  3.39614E-04  1.82105E+00 
5.25999E+01 1.76999E+00  3.32711E-04  1.81604E+00 
5.26999E+01 1.76499E+00  3.25871E-04  1.81105E+00 
5.27999E+01 1.75999E+00  3.19158E-04  1.80604E+00 
5.28999E+01 1.75499E+00  3.12523E-04  1.80105E+00 
5.29999E+01 1.74999E+00  3.06049E-04  1.79604E+00 
5.30999E+01 1.74499E+00  2.99694E-04  1.79104E+00 
5.31999E+01 1.73999E+00  2.93407E-04  1.78604E+00 
5.32999E+01 1.73499E+00  2.87235E-04  1.78101E+00 
5.33999E+01 1.72999E+00  2.81167E-04  1.77603E+00 
5.34999E+01 1.72499E+00  2.75248E-04  1.77102E+00 
5.35999E+01 1.71999E+00  2.69337E-04  1.76602E+00 
5.36999E+01 1.71499E+00  2.63566E-04  1.76103E+00 
5.37999E+01 1.70999E+00  2.57925E-04  1.75600E+00 
5.38999E+01 1.70499E+00  2.52321E-04  1.75098E+00 
5.39999E+01 1.69999E+00  2.46832E-04  1.74599E+00 
5.40999E+01 1.69499E+00  2.41448E-04  1.74096E+00 
5.41999E+01 1.68999E+00  2.36139E-04  1.73596E+00 
5.42999E+01 1.68499E+00  2.30883E-04  1.73098E+00 
5.43999E+01 1.67999E+00  2.25829E-04  1.72597E+00 
5.44999E+01 1.67499E+00  2.20764E-04  1.72094E+00 
5.45999E+01 1.66999E+00  2.15780E-04  1.71595E+00 
5.46999E+01 1.66499E+00  2.10904E-04  1.71096E+00 
5.47999E+01 1.65999E+00  2.05990E-04  1.70597E+00 
5.48999E+01 1.65499E+00  2.01255E-04  1.70092E+00 
5.49999E+01 1.64999E+00  1.96564E-04  1.69595E+00 
5.50999E+01 1.64499E+00  1.91998E-04  1.69096E+00 
5.51999E+01 1.63999E+00  1.87504E-04  1.68595E+00 
5.52999E+01 1.63499E+00  1.83080E-04  1.68093E+00 
5.53999E+01 1.62999E+00  1.78716E-04  1.67593E+00 
5.54999E+01 1.62499E+00  1.74413E-04  1.67095E+00 
5.55999E+01 1.61999E+00  1.70166E-04  1.66598E+00 
5.56999E+01 1.61499E+00  1.66008E-04  1.66095E+00 
5.57999E+01 1.60999E+00  1.61896E-04  1.65596E+00 
5.58999E+01 1.60499E+00  1.57891E-04  1.65096E+00 
5.59999E+01 1.59999E+00  1.53900E-04  1.64598E+00 
5.60999E+01 1.59499E+00  1.49944E-04  1.64096E+00 
5.61999E+01 1.58999E+00  1.46078E-04  1.63596E+00 
5.62999E+01 1.58499E+00  1.42283E-04  1.63096E+00 
5.63999E+01 1.57999E+00  1.38536E-04  1.62595E+00 
5.64999E+01 1.57499E+00  1.34882E-04  1.62094E+00 
5.65999E+01 1.56999E+00  1.31334E-04  1.61594E+00 
5.66999E+01 1.56499E+00  1.27749E-04  1.61094E+00 
5.67999E+01 1.55999E+00  1.24228E-04  1.60595E+00 
5.68999E+01 1.55499E+00  1.20778E-04  1.60092E+00 
5.69999E+01 1.54999E+00  1.17369E-04  1.59592E+00 
5.70999E+01 1.54499E+00  1.14083E-04  1.59091E+00 
5.71999E+01 1.53999E+00  1.10815E-04  1.58592E+00 
5.72999E+01 1.53499E+00  1.07585E-04  1.58091E+00 
5.73999E+01 1.52999E+00  1.04433E-04  1.57591E+00 
5.74999E+01 1.52499E+00  1.01317E-04  1.57090E+00 
5.75999E+01 1.51999E+00  9.82939E-05  1.56588E+00 
5.76999E+01 1.51499E+00  9.53191E-05  1.56088E+00 
5.77999E+01 1.50999E+00  9.23847E-05  1.55589E+00 
5.78999E+01 1.50499E+00  8.95013E-05  1.55088E+00 
5.79999E+01 1.49999E+00  8.66999E-05  1.54588E+00 
5.80999E+01 1.49499E+00  8.39654E-05  1.54087E+00 
5.81999E+01 1.48999E+00  8.12414E-05  1.53588E+00 
5.82999E+01 1.48499E+00  7.85824E-05  1.53087E+00 
5.83999E+01 1.47999E+00  7.59893E-05  1.52585E+00 
5.84999E+01 1.47499E+00  7.34522E-05  1.52086E+00 
5.85999E+01 1.46999E+00  7.09713E-05  1.51585E+00 
5.86999E+01 1.46499E+00  6.85512E-05  1.51086E+00 
5.87999E+01 1.45999E+00  6.62080E-05  1.50584E+00 
5.88999E+01 1.45499E+00  6.39077E-05  1.50085E+00 
5.89999E+01 1.44999E+00  6.16630E-05  1.49588E+00 
5.90999E+01 1.44499E+00  5.94772E-05  1.49086E+00 
5.91999E+01 1.43999E+00  5.73521E-05  1.48582E+00 
5.92999E+01 1.43499E+00  5.52705E-05  1.48084E+00 
5.93999E+01 1.42999E+00  5.32566E-05  1.47586E+00 
5.94999E+01 1.42499E+00  5.12847E-05  1.47084E+00 
5.95999E+01 1.41999E+00  4.93576E-05  1.46584E+00 
5.96999E+01 1.41499E+00  4.75208E-05  1.46084E+00 
5.97999E+01 1.40999E+00  4.57141E-05  1.45581E+00 
5.98999E+01 1.40499E+00  4.40235E-05  1.45084E+00 
5.99998E+01 1.39999E+00  4.22750E-05  1.44580E+00 
6.00998E+01 1.39499E+00  4.06257E-05  1.44081E+00 
6.01998E+01 1.38999E+00  3.90415E-05  1.43582E+00 
6.02998E+01 1.38499E+00  3.75164E-05  1.43080E+00 
6.03998E+01 1.37999E+00  3.60422E-05  1.42580E+00 
6.04998E+01 1.37499E+00  3.42080E-05  1.42079E+00 
6.05998E+01 1.36999E+00  3.28188E-05  1.41578E+00 
6.06998E+01 1.36499E+00  3.14901E-05  1.41076E+00 
6.07998E+01 1.35999E+00  3.02089E-05  1.40578E+00 
6.08998E+01 1.35499E+00  2.89735E-05  1.40077E+00 
6.09998E+01 1.34999E+00  2.77854E-05  1.39576E+00 
6.10998E+01 1.34499E+00  2.66720E-05  1.39076E+00 
6.11998E+01 1.33999E+00  2.55765E-05  1.38578E+00 
6.12998E+01 1.33499E+00  2.45360E-05  1.38077E+00 
6.13998E+01 1.32999E+00  2.35352E-05  1.37578E+00 
6.14998E+01 1.32499E+00  2.25909E-05  1.37076E+00 
6.15998E+01 1.31999E+00  2.16725E-05  1.36578E+00 
6.16998E+01 1.31499E+00  2.07904E-05  1.36075E+00 
6.17998E+01 1.30999E+00  1.99567E-05  1.35577E+00 
6.18998E+01 1.30499E+00  1.91591E-05  1.35077E+00 
6.19998E+01 1.29999E+00  1.84015E-05  1.34577E+00 
6.20998E+01 1.29499E+00  1.76696E-05  1.34076E+00 
6.21998E+01 1.28999E+00  1.69695E-05  1.33578E+00 
6.22998E+01 1.28499E+00  1.63272E-05  1.33077E+00 
6.23998E+01 1.27999E+00  1.56909E-05  1.32574E+00 
6.24998E+01 1.27499E+00  1.51080E-05  1.32076E+00 
6.25998E+01 1.26999E+00  1.45417E-05  1.31574E+00 
6.26998E+01 1.26499E+00  1.40003E-05  1.31076E+00 
6.27998E+01 1.25999E+00  1.34864E-05  1.30573E+00 
6.28998E+01 1.25499E+00  1.30012E-05  1.30072E+00 
6.29998E+01 1.24999E+00  1.25427E-05  1.29575E+00 
6.30998E+01 1.24499E+00  1.21084E-05  1.29073E+00 
6.31998E+01 1.23999E+00  1.16945E-05  1.28572E+00 
6.32998E+01 1.23499E+00  1.13015E-05  1.28072E+00 
6.33998E+01 1.22999E+00  1.09314E-05  1.27574E+00 
6.34998E+01 1.22499E+00  1.05774E-05  1.27072E+00 
6.35998E+01 1.21999E+00  1.02394E-05  1.26572E+00 
6.36998E+01 1.21499E+00  9.92661E-06  1.26069E+00 
6.37998E+01 1.20999E+00  9.62543E-06  1.25570E+00 
6.38998E+01 1.20499E+00  9.33838E-06  1.25071E+00 
6.39998E+01 1.19999E+00  9.06884E-06  1.24569E+00 
6.40998E+01 1.19500E+00  8.81163E-06  1.24069E+00 
6.41998E+01 1.19000E+00  8.56696E-06  1.23569E+00 
6.42998E+01 1.18500E+00  8.36086E-06  1.23070E+00 
6.43998E+01 1.18000E+00  8.11322E-06  1.22567E+00 
6.44998E+01 1.17500E+00  7.90617E-06  1.22067E+00 
6.45998E+01 1.17000E+00  7.71237E-06  1.21567E+00 
6.46998E+01 1.16500E+00  7.53402E-06  1.21067E+00 
6.47998E+01 1.16000E+00  7.34568E-06  1.20567E+00 
6.48998E+01 1.15500E+00  7.15800E-06  1.20065E+00 
6.49998E+01 1.15000E+00  7.01244E-06  1.19566E+00 
6.50998E+01 1.14500E+00  6.84808E-06  1.19067E+00 
6.51998E+01 1.14000E+00  6.68807E-06  1.18566E+00 
6.52998E+01 1.13500E+00  6.52818E-06  1.18065E+00 
6.53998E+01 1.13000E+00  6.38329E-06  1.17565E+00 
6.54998E+01 1.12500E+00  6.24283E-06  1.17068E+00 
6.55998E+01 1.12000E+00  6.11109E-06  1.16566E+00 
6.56998E+01 1.11500E+00  5.98412E-06  1.16064E+00 
6.57998E+01 1.11000E+00  5.86799E-06  1.15566E+00 
6.58998E+01 1.10500E+00  5.74645E-06  1.15065E+00 
6.59998E+01 1.10000E+00  5.63213E-06  1.14566E+00 
6.60998E+01 1.09500E+00  5.52200E-06  1.14065E+00 
6.61998E+01 1.09000E+00  5.41333E-06  1.13565E+00 
6.62998E+01 1.08500E+00  5.30501E-06  1.13065E+00 
6.63998E+01 1.08000E+00  5.21623E-06  1.12564E+00 
6.64998E+01 1.07500E+00  5.10818E-06  1.12063E+00 
6.65998E+01 1.07000E+00  5.01330E-06  1.11563E+00 
6.66998E+01 1.06500E+00  4.91663E-06  1.11062E+00 
6.67998E+01 1.06000E+00  4.82697E-06  1.10562E+00 
6.68998E+01 1.05500E+00  4.73749E-06  1.10060E+00 
6.69998E+01 1.05000E+00  4.64886E-06  1.09562E+00 
6.70998E+01 1.04500E+00  4.55731E-06  1.09060E+00 
6.71998E+01 1.04000E+00  4.47166E-06  1.08560E+00 
6.72998E+01 1.03500E+00  4.38493E-06  1.08059E+00 
6.73998E+01 1.03000E+00  4.30577E-06  1.07560E+00 
6.74998E+01 1.02500E+00  4.21874E-06  1.07059E+00 
6.75998E+01 1.02000E+00  4.14034E-06  1.06558E+00 
6.76998E+01 1.01500E+00  4.05818E-06  1.06058E+00 
6.77998E+01 1.01000E+00  3.97880E-06  1.05558E+00 
6.78998E+01 1.00500E+00  3.90065E-06  1.05056E+00 
6.79998E+01 9.99995E-01  3.79432E-06  1.04556E+00 
6.80998E+01 9.94996E-01  3.71005E-06  1.04054E+00 
6.81998E+01 9.89996E-01  3.63050E-06  1.03556E+00 
6.82998E+01 9.84996E-01  3.55507E-06  1.03057E+00 
6.83998E+01 9.79996E-01  3.48664E-06  1.02557E+00 
6.84998E+01 9.74996E-01  3.40530E-06  1.02057E+00 
6.85998E+01 9.69996E-01  3.33243E-06  1.01556E+00 
6.86998E+01 9.64996E-01  3.26108E-06  1.01056E+00 
6.87998E+01 9.59996E-01  3.18580E-06  1.00557E+00 
6.88998E+01 9.54996E-01  3.11234E-06  1.00054E+00 
6.89998E+01 9.49996E-01  3.03696E-06  9.95553E-01 
6.90998E+01 9.44996E-01  2.97228E-06  9.90559E-01 
6.91998E+01 9.39996E-01  2.89877E-06  9.85569E-01 
6.92998E+01 9.34996E-01  2.82870E-06  9.80531E-01 
6.93998E+01 9.29996E-01  2.75560E-06  9.75548E-01 
6.94998E+01 9.24996E-01  2.68438E-06  9.70561E-01 
6.95998E+01 9.19996E-01  2.61071E-06  9.65535E-01 
6.96998E+01 9.14996E-01  2.53888E-06  9.60547E-01 
6.97998E+01 9.09996E-01  2.46536E-06  9.55500E-01 
6.98998E+01 9.04996E-01  2.39503E-06  9.50520E-01 
6.99998E+01 8.99996E-01  2.32389E-06  9.45542E-01 
7.00998E+01 8.94996E-01  2.25607E-06  9.40527E-01 
7.01998E+01 8.89996E-01  2.18473E-06  9.35513E-01 
7.02998E+01 8.84996E-01  2.11015E-06  9.30488E-01 
7.03998E+01 8.79996E-01  2.04486E-06  9.25493E-01 
7.04998E+01 8.74996E-01  1.97120E-06  9.20508E-01 
7.05998E+01 8.69996E-01  1.89994E-06  9.15496E-01 
7.06998E+01 8.64996E-01  1.82880E-06  9.10497E-01 
7.07998E+01 8.59996E-01  1.75406E-06  9.05489E-01 
7.08998E+01 8.54996E-01  1.68610E-06  9.00505E-01 
7.09998E+01 8.49996E-01  1.61287E-06  8.95500E-01 
7.10998E+01 8.44996E-01  1.53955E-06  8.90487E-01 
7.11998E+01 8.39996E-01  1.46527E-06  8.85491E-01 
7.12998E+01 8.34996E-01  1.39176E-06  8.80473E-01 
7.13998E+01 8.29996E-01  1.31920E-06  8.75493E-01 
7.14998E+01 8.24996E-01  1.24488E-06  8.70486E-01 
7.15998E+01 8.19996E-01  1.16848E-06  8.65468E-01 
7.16998E+01 8.14996E-01  1.09313E-06  8.60480E-01 
7.17998E+01 8.09996E-01  1.01905E-06  8.55472E-01 
7.18998E+01 8.04996E-01  9.42386E-07  8.50470E-01 
7.19998E+01 7.99996E-01  8.66126E-07  8.45465E-01 
7.20998E+01 7.94996E-01  7.87451E-07  8.40468E-01 
7.21998E+01 7.89996E-01  7.07901E-07  8.35461E-01 
7.22998E+01 7.84996E-01  6.28941E-07  8.30467E-01 
7.23998E+01 7.79996E-01  5.46445E-07  8.25462E-01 
7.24998E+01 7.74996E-01  4.70501E-07  8.20459E-01 
7.25998E+01 7.69996E-01  3.91683E-07  8.15470E-01 
7.26998E+01 7.64996E-01  3.06404E-07  8.10459E-01 
7.27998E+01 7.59996E-01  2.21750E-07  8.05435E-01 
7.28998E+01 7.54996E-01  1.39612E-07  8.00463E-01 
7.29998E+01 7.49996E-01  5.37920E-08  7.95470E-01 
7.30998E+01 7.44996E-01  -3.16764E-08 7.90452E-01 
7.31998E+01 7.39996E-01  -1.16310E-07 7.85447E-01 
7.32998E+01 7.34996E-01  -2.02628E-07 7.80424E-01 
7.33998E+01 7.29996E-01  -3.00627E-07 7.75424E-01 
7.34998E+01 7.24996E-01  -3.88834E-07 7.70397E-01 
7.35998E+01 7.19996E-01  -4.75271E-07 7.65416E-01 
7.36998E+01 7.14996E-01  -5.68864E-07 7.60408E-01 
7.37998E+01 7.09996E-01  -6.62282E-07 7.55388E-01 
7.38998E+01 7.04996E-01  -7.60621E-07 7.50382E-01 
7.39998E+01 6.99996E-01  -8.56667E-07 7.45385E-01 
7.40998E+01 6.94996E-01  -9.57919E-07 7.40390E-01 
7.41998E+01 6.89996E-01  -1.05180E-06 7.35376E-01 
7.42998E+01 6.84996E-01  -1.15676E-06 7.30377E-01 
7.43998E+01 6.79996E-01  -1.26161E-06 7.25374E-01 
7.44998E+01 6.74996E-01  -1.36365E-06 7.20373E-01 
7.45998E+01 6.69996E-01  -1.46216E-06 7.15371E-01 
7.46998E+01 6.64996E-01  -1.57237E-06 7.10365E-01 
7.47998E+01 6.59996E-01  -1.67927E-06 7.05360E-01 
7.48998E+01 6.54996E-01  -1.78882E-06 7.00375E-01 
7.49998E+01 6.49996E-01  -1.89834E-06 6.95356E-01 
7.50998E+01 6.44996E-01  -2.00835E-06 6.90362E-01 
7.51998E+01 6.39996E-01  -2.12247E-06 6.85346E-01 
7.52998E+01 6.34996E-01  -2.23560E-06 6.80366E-01 
7.53998E+01 6.29996E-01  -2.36507E-06 6.75366E-01 
7.54998E+01 6.24996E-01  -2.47111E-06 6.70346E-01 
7.55998E+01 6.19996E-01  -2.59228E-06 6.65353E-01 
7.56998E+01 6.14996E-01  -2.70408E-06 6.60381E-01 
7.57998E+01 6.09996E-01  -2.82706E-06 6.55353E-01 
7.58998E+01 6.04996E-01  -2.95190E-06 6.50336E-01 
7.59998E+01 5.99996E-01  -3.07511E-06 6.45344E-01 
7.60998E+01 5.94997E-01  -3.19689E-06 6.40345E-01 
7.61998E+01 5.89997E-01  -3.32131E-06 6.35326E-01 
7.62998E+01 5.84997E-01  -3.44883E-06 6.30327E-01 
7.63998E+01 5.79997E-01  -3.58701E-06 6.25299E-01 
7.64998E+01 5.74997E-01  -3.70640E-06 6.20320E-01 
7.65998E+01 5.69997E-01  -3.83274E-06 6.15313E-01 
7.66998E+01 5.64997E-01  -3.96292E-06 6.10303E-01 
7.67998E+01 5.59997E-01  -4.09309E-06 6.05312E-01 
7.68998E+01 5.54997E-01  -4.22876E-06 6.00298E-01 
7.69998E+01 5.49997E-01  -4.35947E-06 5.95317E-01 
7.70998E+01 5.44997E-01  -4.48973E-06 5.90310E-01 
7.71998E+01 5.39997E-01  -4.62765E-06 5.85294E-01 
7.72998E+01 5.34997E-01  -4.76712E-06 5.80300E-01 
7.73998E+01 5.29997E-01  -4.90811E-06 5.75309E-01 
7.74998E+01 5.24997E-01  -5.04806E-06 5.70296E-01 
7.75998E+01 5.19997E-01  -5.19478E-06 5.65293E-01 
7.76998E+01 5.14997E-01  -5.34262E-06 5.60271E-01 
7.77998E+01 5.09997E-01  -5.49529E-06 5.55301E-01 
7.78998E+01 5.04997E-01  -5.64948E-06 5.50284E-01 
7.79998E+01 4.99997E-01  -5.80549E-06 5.45268E-01 
7.80998E+01 4.94997E-01  -5.96686E-06 5.40269E-01 
7.81998E+01 4.89997E-01  -6.13133E-06 5.35286E-01 
7.82998E+01 4.84997E-01  -6.30060E-06 5.30276E-01 
7.83998E+01 4.79997E-01  -6.47596E-06 5.25261E-01 
7.84998E+01 4.74997E-01  -6.65826E-06 5.20262E-01 
7.85998E+01 4.69997E-01  -6.83432E-06 5.15245E-01 
7.86998E+01 4.64997E-01  -7.03228E-06 5.10271E-01 
7.87998E+01 4.59997E-01  -7.23802E-06 5.05250E-01 
7.88998E+01 4.54997E-01  -7.45108E-06 5.00243E-01 
7.89998E+01 4.49997E-01  -7.67433E-06 4.95238E-01 
7.90998E+01 4.44997E-01  -7.89859E-06 4.90248E-01 
7.91998E+01 4.39997E-01  -8.13891E-06 4.85246E-01 
7.92998E+01 4.34997E-01  -8.38414E-06 4.80239E-01 
7.93998E+01 4.29997E-01  -8.64395E-06 4.75226E-01 
7.94998E+01 4.24997E-01  -8.91216E-06 4.70221E-01 
7.95998E+01 4.19997E-01  -9.19503E-06 4.65225E-01 
7.96998E+01 4.14997E-01  -9.48854E-06 4.60197E-01 
7.97998E+01 4.09997E-01  -9.79360E-06 4.55199E-01 
7.98998E+01 4.04997E-01  -1.01097E-05 4.50195E-01 
7.99998E+01 3.99997E-01  -1.04423E-05 4.45184E-01 
8.00998E+01 3.94997E-01  -1.07825E-05 4.40200E-01 
8.01998E+01 3.89997E-01  -1.11433E-05 4.35210E-01 
8.02998E+01 3.84997E-01  -1.15133E-05 4.30191E-01 
8.03998E+01 3.79997E-01  -1.18972E-05 4.25177E-01 
8.04998E+01 3.74997E-01  -1.22999E-05 4.20208E-01 
8.05998E+01 3.69997E-01  -1.27214E-05 4.15196E-01 
8.06998E+01 3.64997E-01  -1.31481E-05 4.10190E-01 
8.07998E+01 3.59997E-01  -1.35922E-05 4.05160E-01 
8.08998E+01 3.54997E-01  -1.40536E-05 4.00184E-01 
8.09998E+01 3.49997E-01  -1.45315E-05 3.95173E-01 
8.10998E+01 3.44997E-01  -1.50279E-05 3.90164E-01 
8.11998E+01 3.39997E-01  -1.55346E-05 3.85156E-01 
8.12998E+01 3.34997E-01  -1.60567E-05 3.80172E-01 
8.13998E+01 3.29997E-01  -1.66035E-05 3.75170E-01 
8.14998E+01 3.24997E-01  -1.71584E-05 3.70153E-01 
8.15998E+01 3.19997E-01  -1.77255E-05 3.65138E-01 
8.16998E+01 3.14997E-01  -1.83130E-05 3.60164E-01 
8.17998E+01 3.09997E-01  -1.89156E-05 3.55163E-01 
8.18998E+01 3.04997E-01  -1.95381E-05 3.50135E-01 
8.19998E+01 2.99997E-01  -2.01718E-05 3.45143E-01 
8.20998E+01 2.94997E-01  -2.08159E-05 3.40163E-01 
8.21998E+01 2.89997E-01  -2.14515E-05 3.35162E-01 
8.22998E+01 2.84997E-01  -2.21064E-05 3.30159E-01 
8.23998E+01 2.79997E-01  -2.27932E-05 3.25129E-01 
8.24998E+01 2.74997E-01  -2.34949E-05 3.20147E-01 
8.25998E+01 2.69997E-01  -2.41983E-05 3.15141E-01 
8.26998E+01 2.64997E-01  -2.49160E-05 3.10142E-01 
8.27998E+01 2.59997E-01  -2.56386E-05 3.05105E-01 
8.28998E+01 2.54997E-01  -2.63590E-05 3.00136E-01 
8.29998E+01 2.49997E-01  -2.70868E-05 2.95118E-01 
8.30998E+01 2.44997E-01  -2.78219E-05 2.90118E-01 
8.31998E+01 2.39997E-01  -2.85468E-05 2.85122E-01 
8.32998E+01 2.34997E-01  -2.92752E-05 2.80123E-01 
8.33998E+01 2.29997E-01  -2.99964E-05 2.75104E-01 
8.34998E+01 2.24997E-01  -3.07148E-05 2.70113E-01 
8.35998E+01 2.19997E-01  -3.14287E-05 2.65103E-01 
8.36998E+01 2.14997E-01  -3.21345E-05 2.60101E-01 
8.37998E+01 2.09997E-01  -3.28320E-05 2.55103E-01 
8.38998E+01 2.04997E-01  -3.35142E-05 2.50100E-01 
8.39998E+01 1.99997E-01  -3.41702E-05 2.45087E-01 
8.40998E+01 1.94998E-01  -3.48460E-05 2.40107E-01 
8.41998E+01 1.89998E-01  -3.55018E-05 2.35093E-01 
8.42998E+01 1.84998E-01  -3.61475E-05 2.30077E-01 
8.43998E+01 1.79998E-01  -3.67839E-05 2.25092E-01 
8.44998E+01 1.74998E-01  -3.74059E-05 2.20089E-01 
8.45998E+01 1.69998E-01  -3.80129E-05 2.15101E-01 
8.46998E+01 1.64998E-01  -3.86136E-05 2.10087E-01 
8.47998E+01 1.59998E-01  -3.91789E-05 2.05084E-01 
8.48998E+01 1.54998E-01  -3.97518E-05 2.00087E-01 
8.49998E+01 1.49998E-01  -4.03142E-05 1.95081E-01 
8.50998E+01 1.44998E-01  -4.08692E-05 1.90079E-01 
8.51998E+01 1.39998E-01  -4.14187E-05 1.85065E-01 
8.52998E+01 1.34998E-01  -4.19603E-05 1.80089E-01 
8.53998E+01 1.29998E-01  -4.25055E-05 1.75065E-01 
8.54998E+01 1.24998E-01  -4.30487E-05 1.70067E-01 
8.55998E+01 1.19998E-01  -4.35941E-05 1.65049E-01 
8.56998E+01 1.14998E-01  -4.41377E-05 1.60088E-01 
8.57998E+01 1.09998E-01  -4.46890E-05 1.55063E-01 
8.58998E+01 1.04998E-01  -4.52396E-05 1.50051E-01 
8.59998E+01 9.99977E-02  -4.57973E-05 1.45059E-01 
8.60998E+01 9.49978E-02  -4.63551E-05 1.40044E-01 
8.61998E+01 8.99978E-02  -4.69222E-05 1.35013E-01 
8.62998E+01 8.49978E-02  -4.74842E-05 1.30022E-01 
8.63998E+01 7.99978E-02  -4.80481E-05 1.25012E-01 
8.64998E+01 7.49978E-02  -4.86118E-05 1.20028E-01 
8.65998E+01 6.99978E-02  -4.91694E-05 1.15011E-01 
8.66998E+01 6.49978E-02  -4.97169E-05 1.09988E-01 
8.67998E+01 5.99978E-02  -5.02707E-05 1.05013E-01 
8.68998E+01 5.49979E-02  -5.07910E-05 1.00004E-01 
8.69998E+01 4.99979E-02  -5.12987E-05 9.49926E-02 
8.70998E+01 4.49979E-02  -5.17931E-05 8.99854E-02 
8.71998E+01 3.99979E-02  -5.22669E-05 8.49814E-02 
8.72998E+01 3.49979E-02  -5.27190E-05 7.99985E-02 
8.73998E+01 2.99979E-02  -5.31525E-05 7.49983E-02 
8.74998E+01 2.49979E-02  -5.35592E-05 6.99649E-02 
8.75998E+01 1.99979E-02  -5.39374E-05 6.49615E-02 
8.76998E+01 1.49980E-02  -5.43168E-05 5.99793E-02 
8.77998E+01 9.99797E-03  -5.46742E-05 5.49859E-02 
8.78998E+01 4.99799E-03  -5.50162E-05 4.99649E-02 
8.79998E+01 -2.00000E-06 -5.53567E-05 4.49690E-02 
8.80998E+01 -5.00199E-03 -5.56794E-05 3.99650E-02 
8.81998E+01 -1.00020E-02 -5.59849E-05 3.49716E-02 
8.82998E+01 -1.50020E-02 -5.62802E-05 2.99613E-02 
8.83998E+01 -2.00020E-02 -5.65742E-05 2.49679E-02 
8.84998E+01 -2.50019E-02 -5.68639E-05 1.99782E-02 
8.85998E+01 -3.00019E-02 -5.71464E-05 1.49866E-02 
8.86998E+01 -3.50019E-02 -5.74296E-05 9.96886E-03 
8.87998E+01 -4.00019E-02 -5.77186E-05 4.94106E-03 
8.88998E+01 -4.50019E-02 -5.80095E-05 -3.30077E-05
8.89998E+01 -5.00019E-02 -5.83047E-05 -5.03392E-03
8.90998E+01 -5.50019E-02 -5.86029E-05 -1.00536E-02
8.91998E+01 -6.00019E-02 -5.89140E-05 -1.50426E-02
8.92998E+01 -6.50018E-02 -5.92272E-05 -2.00567E-02
8.93998E+01 -7.00018E-02 -5.95547E-05 -2.50363E-02
8.94998E+01 -7.50018E-02 -5.98881E-05 -3.00335E-02
8.95998E+01 -8.00018E-02 -6.02338E-05 -3.50569E-02
8.96998E+01 -8.50018E-02 -6.05937E-05 -4.00585E-02
8.97998E+01 -9.00018E-02 -6.09624E-05 -4.50469E-02
8.98998E+01 -9.50018E-02 -6.13508E-05 -5.00141E-02
8.99998E+01 -1.00002E-01 -6.17539E-05 -5.50294E-02
9.00998E+01 -1.05002E-01 -6.21774E-05 -6.00709E-02
9.01998E+01 -1.10002E-01 -6.26093E-05 -6.50412E-02
9.02998E+01 -1.15002E-01 -6.30676E-05 -7.00346E-02
9.03998E+01 -1.20002E-01 -6.35385E-05 -7.50524E-02
9.04998E+01 -1.25002E-01 -6.40380E-05 -8.00633E-02
9.05998E+01 -1.30002E-01 -6.45590E-05 -8.50487E-02
9.06998E+01 -1.35002E-01 -6.51048E-05 -9.00402E-02
9.07998E+01 -1.40002E-01 -6.56770E-05 -9.50574E-02
9.08998E+01 -1.45002E-01 -6.62809E-05 -1.00071E-01
9.09998E+01 -1.50002E-01 -6.69171E-05 -1.05057E-01
9.10998E+01 -1.55002E-01 -6.75969E-05 -1.10060E-01
9.11998E+01 -1.60002E-01 -6.83288E-05 -1.15075E-01
9.12998E+01 -1.65002E-01 -6.91253E-05 -1.20085E-01
9.13998E+01 -1.70002E-01 -7.00451E-05 -1.25092E-01
9.14998E+01 -1.75002E-01 -7.11094E-05 -1.30076E-01
9.15998E+01 -1.80002E-01 -7.23558E-05 -1.35077E-01
9.16998E+01 -1.85002E-01 -7.37967E-05 -1.40079E-01
9.17998E+01 -1.90002E-01 -7.54039E-05 -1.45084E-01
9.18998E+01 -1.95002E-01 -7.72016E-05 -1.50077E-01
9.19998E+01 -2.00002E-01 -7.90982E-05 -1.55113E-01
9.20998E+01 -2.05001E-01 -8.10553E-05 -1.60128E-01
9.21998E+01 -2.10001E-01 -8.30566E-05 -1.65132E-01
9.22998E+01 -2.15001E-01 -8.51084E-05 -1.70137E-01
9.23998E+01 -2.20001E-01 -8.72166E-05 -1.75136E-01
9.24998E+01 -2.25001E-01 -8.93863E-05 -1.80137E-01
9.25998E+01 -2.30001E-01 -9.16217E-05 -1.85134E-01
9.26998E+01 -2.35001E-01 -9.38993E-05 -1.90115E-01
9.27998E+01 -2.40001E-01 -9.62361E-05 -1.95149E-01
9.28998E+01 -2.45001E-01 -9.86317E-05 -2.00147E-01
9.29998E+01 -2.50001E-01 -1.01072E-04 -2.05139E-01
9.30998E+01 -2.55001E-01 -1.03578E-04 -2.10152E-01
9.31998E+01 -2.60001E-01 -1.06148E-04 -2.15145E-01
9.32998E+01 -2.65001E-01 -1.08765E-04 -2.20171E-01
9.33998E+01 -2.70001E-01 -1.11440E-04 -2.25135E-01
9.34998E+01 -2.75001E-01 -1.14176E-04 -2.30128E-01
9.35998E+01 -2.80001E-01 -1.16910E-04 -2.35141E-01
9.36998E+01 -2.85001E-01 -1.19665E-04 -2.40150E-01
9.37998E+01 -2.90001E-01 -1.22468E-04 -2.45164E-01
9.38998E+01 -2.95001E-01 -1.25298E-04 -2.50151E-01
9.39998E+01 -3.00001E-01 -1.28152E-04 -2.55157E-01
9.40998E+01 -3.05001E-01 -1.31005E-04 -2.60179E-01
9.41998E+01 -3.10001E-01 -1.33898E-04 -2.65179E-01
9.42998E+01 -3.15001E-01 -1.36772E-04 -2.70159E-01
9.43998E+01 -3.20001E-01 -1.39659E-04 -2.75155E-01
9.44998E+01 -3.25001E-01 -1.42522E-04 -2.80183E-01
9.45998E+01 -3.30001E-01 -1.45394E-04 -2.85177E-01
9.46998E+01 -3.35001E-01 -1.48272E-04 -2.90177E-01
9.47998E+01 -3.40001E-01 -1.51138E-04 -2.95163E-01
9.48998E+01 -3.45001E-01 -1.53993E-04 -3.00167E-01
9.49998E+01 -3.50001E-01 -1.56843E-04 -3.05173E-01
9.50998E+01 -3.55001E-01 -1.59684E-04 -3.10163E-01
9.51998E+01 -3.60001E-01 -1.62482E-04 -3.15180E-01
9.52998E+01 -3.65001E-01 -1.65287E-04 -3.20189E-01
9.53998E+01 -3.70001E-01 -1.68077E-04 -3.25214E-01
9.54998E+01 -3.75001E-01 -1.70811E-04 -3.30213E-01
9.55998E+01 -3.80001E-01 -1.73534E-04 -3.35217E-01
9.56998E+01 -3.85001E-01 -1.76252E-04 -3.40217E-01
9.57998E+01 -3.90001E-01 -1.78939E-04 -3.45218E-01
9.58998E+01 -3.95001E-01 -1.81607E-04 -3.50219E-01
9.59998E+01 -4.00001E-01 -1.84245E-04 -3.55238E-01
9.60998E+01 -4.05001E-01 -1.86858E-04 -3.60211E-01
9.61998E+01 -4.10001E-01 -1.89451E-04 -3.65213E-01
9.62998E+01 -4.15001E-01 -1.92024E-04 -3.70214E-01
9.63998E+01 -4.20001E-01 -1.94511E-04 -3.75226E-01
9.64998E+01 -4.25001E-01 -1.97008E-04 -3.80222E-01
9.65998E+01 -4.30001E-01 -1.99474E-04 -3.85218E-01
9.66998E+01 -4.35001E-01 -2.01932E-04 -3.90221E-01
9.67998E+01 -4.40001E-01 -2.04348E-04 -3.95231E-01
9.68998E+01 -4.45001E-01 -2.06678E-04 -4.00246E-01
9.69998E+01 -4.50001E-01 -2.09036E-04 -4.05232E-01
9.70998E+01 -4.55001E-01 -2.11216E-04 -4.10246E-01
9.71998E+01 -4.60001E-01 -2.13028E-04 -4.15232E-01
9.72998E+01 -4.65001E-01 -2.15219E-04 -4.20231E-01
9.73998E+01 -4.70001E-01 -2.17398E-04 -4.25237E-01
9.74998E+01 -4.75001E-01 -2.19499E-04 -4.30255E-01
9.75998E+01 -4.80001E-01 -2.21531E-04 -4.35259E-01
9.76998E+01 -4.85001E-01 -2.23599E-04 -4.40291E-01
9.77998E+01 -4.90001E-01 -2.25524E-04 -4.45297E-01
9.78998E+01 -4.95001E-01 -2.27507E-04 -4.50291E-01
9.79998E+01 -5.00001E-01 -2.29347E-04 -4.55300E-01
9.80998E+01 -5.05001E-01 -2.31164E-04 -4.60266E-01
9.81998E+01 -5.10001E-01 -2.32969E-04 -4.65260E-01
9.82998E+01 -5.15001E-01 -2.34653E-04 -4.70280E-01
9.83998E+01 -5.20001E-01 -2.36326E-04 -4.75300E-01
9.84998E+01 -5.25001E-01 -2.38027E-04 -4.80286E-01
9.85998E+01 -5.30001E-01 -2.39606E-04 -4.85313E-01
9.86998E+01 -5.35001E-01 -2.41057E-04 -4.90312E-01
9.87998E+01 -5.40001E-01 -2.42439E-04 -4.95319E-01
9.88998E+01 -5.45001E-01 -2.43726E-04 -5.00305E-01
9.89998E+01 -5.50001E-01 -2.44836E-04 -5.05321E-01
9.90998E+01 -5.55001E-01 -2.45831E-04 -5.10324E-01
9.91998E+01 -5.60001E-01 -2.46570E-04 -5.15334E-01
9.92998E+01 -5.65001E-01 -2.46996E-04 -5.20302E-01
9.93998E+01 -5.70001E-01 -2.47042E-04 -5.25321E-01
9.94998E+01 -5.75001E-01 -2.46043E-04 -5.30322E-01
9.95998E+01 -5.80001E-01 -2.43315E-04 -5.35325E-01
9.96998E+01 -5.85001E-01 -2.37753E-04 -5.40324E-01
9.97998E+01 -5.90001E-01 -2.26302E-04 -5.45346E-01
9.98998E+01 -5.95001E-01 -2.03575E-04 -5.50319E-01
9.99997E+01 -6.00001E-01 -1.68308E-04 -5.55337E-01
1.00100E+02 -6.05000E-01 -1.40065E-04 -5.60337E-01
1.00200E+02 -6.10000E-01 -1.23393E-04 -5.65326E-01
1.00300E+02 -6.15000E-01 -1.12620E-04 -5.70339E-01
1.00400E+02 -6.20000E-01 -1.04940E-04 -5.75354E-01
1.00500E+02 -6.25000E-01 -9.85532E-05 -5.80346E-01
1.00600E+02 -6.30000E-01 -9.36117E-05 -5.85339E-01
1.00700E+02 -6.35000E-01 -8.95262E-05 -5.90349E-01
1.00800E+02 -6.40000E-01 -8.59944E-05 -5.95369E-01
1.00900E+02 -6.45000E-01 -8.28839E-05 -6.00331E-01
1.01000E+02 -6.50000E-01 -8.00892E-05 -6.05344E-01
1.01100E+02 -6.55000E-01 -7.75533E-05 -6.10368E-01
1.01200E+02 -6.60000E-01 -7.52714E-05 -6.15366E-01
1.01300E+02 -6.65000E-01 -7.32060E-05 -6.20371E-01
1.01400E+02 -6.70000E-01 -7.13593E-05 -6.25363E-01
1.01500E+02 -6.75000E-01 -6.96425E-05 -6.30371E-01
1.01600E+02 -6.80000E-01 -6.81131E-05 -6.35383E-01
1.01700E+02 -6.85000E-01 -6.66749E-05 -6.40369E-01
1.01800E+02 -6.90000E-01 -6.53704E-05 -6.45361E-01
1.01900E+02 -6.95000E-01 -6.41798E-05 -6.50376E-01
1.02000E+02 -7.00000E-01 -6.30789E-05 -6.55413E-01
1.02100E+02 -7.05000E-01 -6.20944E-05 -6.60389E-01
1.02200E+02 -7.10000E-01 -6.11977E-05 -6.65401E-01
1.02300E+02 -7.15000E-01 -6.04011E-05 -6.70393E-01
1.02400E+02 -7.20000E-01 -5.96655E-05 -6.75414E-01
1.02500E+02 -7.25000E-01 -5.90036E-05 -6.80448E-01
1.02600E+02 -7.30000E-01 -5.83995E-05 -6.85408E-01
1.02700E+02 -7.35000E-01 -5.78525E-05 -6.90405E-01
1.02800E+02 -7.40000E-01 -5.73475E-05 -6.95429E-01
1.02900E+02 -7.45000E-01 -5.69083E-05 -7.00445E-01
1.03000E+02 -7.50000E-01 -5.64980E-05 -7.05417E-01
1.03100E+02 -7.55000E-01 -5.61335E-05 -7.10416E-01
1.03200E+02 -7.60000E-01 -5.57979E-05 -7.15421E-01
1.03300E+02 -7.65000E-01 -5.54938E-05 -7.20436E-01
1.03400E+02 -7.70000E-01 -5.52140E-05 -7.25451E-01
1.03500E+02 -7.75000E-01 -5.49564E-05 -7.30441E-01
1.03600E+02 -7.80000E-01 -5.47310E-05 -7.35459E-01
1.03700E+02 -7.85000E-01 -5.45206E-05 -7.40467E-01
1.03800E+02 -7.90000E-01 -5.43287E-05 -7.45450E-01
1.03900E+02 -7.95000E-01 -5.41456E-05 -7.50428E-01
