time/s      E/V        I/A
0.00000E+00 -8.00000E-01 -1.18392E-04 -5.88652E-01
9.99997E-02 -7.95000E-01 -1.15234E-04 -5.83652E-01
1.99999E-01 -7.90000E-01 -1.12449E-04 -5.78636E-01
2.99999E-01 -7.85000E-01 -1.09593E-04 -5.73650E-01
3.99999E-01 -7.80000E-01 -1.06921E-04 -5.68623E-01
4.99999E-01 -7.75000E-01 -1.04460E-04 -5.63612E-01
5.99998E-01 -7.70000E-01 -1.02185E-04 -5.58618E-01
6.99998E-01 -7.65000E-01 -1.00125E-04 -5.53658E-01
7.99998E-01 -7.60000E-01 -9.81616E-05 -5.48648E-01
8.99998E-01 -7.55000E-01 -9.65111E-05 -5.43634E-01
9.99997E-01 -7.50000E-01 -9.44125E-05 -5.38627E-01
1.10000E+00 -7.45000E-01 -9.26934E-05 -5.33644E-01
1.20000E+00 -7.40000E-01 -9.10228E-05 -5.28653E-01
1.30000E+00 -7.35000E-01 -8.94216E-05 -5.23608E-01
1.40000E+00 -7.30000E-01 -8.78923E-05 -5.18638E-01
1.50000E+00 -7.25000E-01 -8.63571E-05 -5.13631E-01
1.60000E+00 -7.20000E-01 -8.48890E-05 -5.08628E-01
1.70000E+00 -7.15000E-01 -8.34461E-05 -5.03611E-01
1.80000E+00 -7.10000E-01 -8.20693E-05 -4.98612E-01
1.90000E+00 -7.05000E-01 -8.07040E-05 -4.93586E-01
1.99999E+00 -7.00000E-01 -7.94027E-05 -4.88585E-01
2.09999E+00 -6.95000E-01 -7.80550E-05 -4.83583E-01
2.19999E+00 -6.90000E-01 -7.68072E-05 -4.78589E-01
2.29999E+00 -6.85000E-01 -7.55576E-05 -4.73599E-01
2.39999E+00 -6.80000E-01 -7.43495E-05 -4.68572E-01
2.49999E+00 -6.75000E-01 -7.34045E-05 -4.63597E-01
2.59999E+00 -6.70000E-01 -7.21464E-05 -4.58609E-01
2.69999E+00 -6.65000E-01 -7.09322E-05 -4.53581E-01
2.79999E+00 -6.60000E-01 -6.99423E-05 -4.48567E-01
2.89999E+00 -6.55000E-01 -6.87090E-05 -4.43572E-01
2.99999E+00 -6.50000E-01 -6.74749E-05 -4.38582E-01
3.09999E+00 -6.45000E-01 -6.63796E-05 -4.33582E-01
3.19999E+00 -6.40000E-01 -6.53331E-05 -4.28555E-01
3.29999E+00 -6.35000E-01 -6.42834E-05 -4.23564E-01
3.39999E+00 -6.30000E-01 -6.32698E-05 -4.18562E-01
3.49999E+00 -6.25000E-01 -6.23046E-05 -4.13581E-01
3.59999E+00 -6.20000E-01 -6.13542E-05 -4.08546E-01
3.69999E+00 -6.15000E-01 -6.04322E-05 -4.03562E-01
3.79999E+00 -6.10000E-01 -5.94949E-05 -3.98553E-01
3.89999E+00 -6.05000E-01 -5.85714E-05 -3.93555E-01
3.99999E+00 -6.00001E-01 -5.76456E-05 -3.88549E-01
4.09999E+00 -5.95001E-01 -5.67685E-05 -3.83538E-01
4.19999E+00 -5.90001E-01 -5.59058E-05 -3.78543E-01
4.29999E+00 -5.85001E-01 -5.50341E-05 -3.73562E-01
4.39999E+00 -5.80001E-01 -5.41624E-05 -3.68550E-01
4.49999E+00 -5.75001E-01 -5.32795E-05 -3.63532E-01
4.59999E+00 -5.70001E-01 -5.23970E-05 -3.58541E-01
4.69999E+00 -5.65001E-01 -5.15628E-05 -3.53544E-01
4.79999E+00 -5.60001E-01 -5.06970E-05 -3.48535E-01
4.89999E+00 -5.55001E-01 -4.98534E-05 -3.43535E-01
4.99999E+00 -5.50001E-01 -4.90146E-05 -3.38526E-01
5.09999E+00 -5.45001E-01 -4.81867E-05 -3.33525E-01
5.19999E+00 -5.40001E-01 -4.73609E-05 -3.28517E-01
5.29999E+00 -5.35001E-01 -4.65526E-05 -3.23491E-01
5.39999E+00 -5.30001E-01 -4.57424E-05 -3.18506E-01
5.49999E+00 -5.25001E-01 -4.49565E-05 -3.13492E-01
5.59999E+00 -5.20001E-01 -4.41557E-05 -3.08504E-01
5.69999E+00 -5.15001E-01 -4.33775E-05 -3.03516E-01
5.79999E+00 -5.10001E-01 -4.25982E-05 -2.98477E-01
5.89999E+00 -5.05001E-01 -4.18287E-05 -2.93482E-01
5.99998E+00 -5.00001E-01 -4.10615E-05 -2.88492E-01
6.09998E+00 -4.95001E-01 -4.03133E-05 -2.83515E-01
6.19998E+00 -4.90001E-01 -3.95451E-05 -2.78464E-01
6.29998E+00 -4.85001E-01 -3.87834E-05 -2.73492E-01
6.39998E+00 -4.80001E-01 -3.80107E-05 -2.68481E-01
6.49998E+00 -4.75001E-01 -3.72566E-05 -2.63484E-01
6.59998E+00 -4.70001E-01 -3.65044E-05 -2.58488E-01
6.69998E+00 -4.65001E-01 -3.57514E-05 -2.53473E-01
6.79998E+00 -4.60001E-01 -3.49906E-05 -2.48463E-01
6.89998E+00 -4.55001E-01 -3.42296E-05 -2.43469E-01
6.99998E+00 -4.50001E-01 -3.34776E-05 -2.38467E-01
7.09998E+00 -4.45001E-01 -3.27200E-05 -2.33460E-01
7.19998E+00 -4.40001E-01 -3.19672E-05 -2.28448E-01
7.29998E+00 -4.35001E-01 -3.12208E-05 -2.23456E-01
7.39998E+00 -4.30001E-01 -3.04740E-05 -2.18443E-01
7.49998E+00 -4.25001E-01 -2.97275E-05 -2.13458E-01
7.59998E+00 -4.20001E-01 -2.89804E-05 -2.08440E-01
7.69998E+00 -4.15001E-01 -2.82096E-05 -2.03437E-01
7.79998E+00 -4.10001E-01 -2.74638E-05 -1.98455E-01
7.89998E+00 -4.05001E-01 -2.67207E-05 -1.93464E-01
7.99998E+00 -4.00001E-01 -2.59705E-05 -1.88435E-01
8.09998E+00 -3.95001E-01 -2.52285E-05 -1.83455E-01
8.19998E+00 -3.90001E-01 -2.44840E-05 -1.78450E-01
8.29998E+00 -3.85001E-01 -2.37421E-05 -1.73434E-01
8.39998E+00 -3.80001E-01 -2.30031E-05 -1.68425E-01
8.49998E+00 -3.75001E-01 -2.22580E-05 -1.63408E-01
8.59998E+00 -3.70001E-01 -2.15162E-05 -1.58431E-01
8.69998E+00 -3.65001E-01 -2.07762E-05 -1.53413E-01
8.79998E+00 -3.60001E-01 -2.00470E-05 -1.48405E-01
8.89998E+00 -3.55001E-01 -1.93052E-05 -1.43418E-01
8.99998E+00 -3.50001E-01 -1.85560E-05 -1.38394E-01
9.09998E+00 -3.45001E-01 -1.78033E-05 -1.33407E-01
9.19998E+00 -3.40001E-01 -1.70551E-05 -1.28392E-01
9.29998E+00 -3.35001E-01 -1.63236E-05 -1.23441E-01
9.39998E+00 -3.30001E-01 -1.55800E-05 -1.18411E-01
9.49998E+00 -3.25001E-01 -1.48334E-05 -1.13405E-01
9.59998E+00 -3.20001E-01 -1.40830E-05 -1.08401E-01
9.69998E+00 -3.15001E-01 -1.33430E-05 -1.03385E-01
9.79998E+00 -3.10001E-01 -1.26150E-05 -9.83932E-02
9.89998E+00 -3.05001E-01 -1.18931E-05 -9.33941E-02
9.99997E+00 -3.00001E-01 -1.11814E-05 -8.83639E-02
1.01000E+01 -2.95001E-01 -1.04804E-05 -8.34035E-02
1.02000E+01 -2.90001E-01 -9.78306E-06 -7.83776E-02
1.03000E+01 -2.85001E-01 -9.08561E-06 -7.33673E-02
1.04000E+01 -2.80001E-01 -8.39920E-06 -6.83514E-02
1.05000E+01 -2.75001E-01 -7.72928E-06 -6.33761E-02
1.06000E+01 -2.70001E-01 -7.06447E-06 -5.83633E-02
1.07000E+01 -2.65001E-01 -6.40845E-06 -5.33724E-02
1.08000E+01 -2.60001E-01 -5.77566E-06 -4.83521E-02
1.09000E+01 -2.55001E-01 -5.15673E-06 -4.33818E-02
1.10000E+01 -2.50001E-01 -4.54963E-06 -3.83946E-02
1.11000E+01 -2.45001E-01 -3.95850E-06 -3.33550E-02
1.12000E+01 -2.40001E-01 -3.39149E-06 -2.83615E-02
1.13000E+01 -2.35001E-01 -2.84062E-06 -2.33538E-02
1.14000E+01 -2.30001E-01 -2.31572E-06 -1.83659E-02
1.15000E+01 -2.25001E-01 -1.86015E-06 -1.33538E-02
1.16000E+01 -2.20001E-01 -1.35706E-06 -8.35351E-03
1.17000E+01 -2.15001E-01 -8.67992E-07 -3.33821E-03
1.18000E+01 -2.10001E-01 -4.03081E-07 1.66642E-03 
1.19000E+01 -2.05001E-01 4.33392E-08  6.65612E-03 
1.20000E+01 -2.00002E-01 5.29415E-07  1.16745E-02 
1.21000E+01 -1.95002E-01 1.00850E-06  1.66717E-02 
1.22000E+01 -1.90002E-01 1.48498E-06  2.17007E-02 
1.23000E+01 -1.85002E-01 1.94695E-06  2.66686E-02 
1.24000E+01 -1.80002E-01 2.40886E-06  3.16601E-02 
1.25000E+01 -1.75002E-01 2.86787E-06  3.66804E-02 
1.26000E+01 -1.70002E-01 3.26862E-06  4.16956E-02 
1.27000E+01 -1.65002E-01 3.66616E-06  4.66859E-02 
1.28000E+01 -1.60002E-01 4.09190E-06  5.16881E-02 
1.29000E+01 -1.55002E-01 4.58760E-06  5.66859E-02 
1.30000E+01 -1.50002E-01 5.13688E-06  6.16719E-02 
1.31000E+01 -1.45002E-01 5.74989E-06  6.66778E-02 
1.32000E+01 -1.40002E-01 6.41088E-06  7.17043E-02 
1.33000E+01 -1.35002E-01 7.13122E-06  7.67052E-02 
1.34000E+01 -1.30002E-01 7.90978E-06  8.17036E-02 
1.35000E+01 -1.25002E-01 8.73821E-06  8.67008E-02 
1.36000E+01 -1.20002E-01 9.63933E-06  9.16836E-02 
1.37000E+01 -1.15002E-01 1.06264E-05  9.66989E-02 
1.38000E+01 -1.10002E-01 1.17193E-05  1.01713E-01 
1.39000E+01 -1.05002E-01 1.28141E-05  1.06698E-01 
1.40000E+01 -1.00002E-01 1.39625E-05  1.11689E-01 
1.41000E+01 -9.50018E-02 1.51838E-05  1.16711E-01 
1.42000E+01 -9.00018E-02 1.64642E-05  1.21726E-01 
1.43000E+01 -8.50018E-02 1.78018E-05  1.26726E-01 
1.44000E+01 -8.00018E-02 1.92286E-05  1.31718E-01 
1.45000E+01 -7.50018E-02 2.06932E-05  1.36711E-01 
1.46000E+01 -7.00018E-02 2.20284E-05  1.41718E-01 
1.47000E+01 -6.50018E-02 2.32741E-05  1.46729E-01 
1.48000E+01 -6.00019E-02 2.43069E-05  1.51731E-01 
1.49000E+01 -5.50019E-02 2.56844E-05  1.56756E-01 
1.50000E+01 -5.00019E-02 2.72789E-05  1.61738E-01 
1.51000E+01 -4.50019E-02 2.90144E-05  1.66736E-01 
1.52000E+01 -4.00019E-02 3.09755E-05  1.71752E-01 
1.53000E+01 -3.50019E-02 3.30635E-05  1.76764E-01 
1.54000E+01 -3.00019E-02 3.53241E-05  1.81774E-01 
1.55000E+01 -2.50019E-02 3.76200E-05  1.86751E-01 
1.56000E+01 -2.00020E-02 3.98405E-05  1.91749E-01 
1.57000E+01 -1.50020E-02 4.19739E-05  1.96764E-01 
1.58000E+01 -1.00020E-02 4.39900E-05  2.01761E-01 
1.59000E+01 -5.00199E-03 4.59161E-05  2.06767E-01 
1.60000E+01 -2.00000E-06 4.78608E-05  2.11750E-01 
1.61000E+01 4.99799E-03  4.99060E-05  2.16765E-01 
1.62000E+01 9.99797E-03  5.20533E-05  2.21793E-01 
1.63000E+01 1.49980E-02  5.42950E-05  2.26791E-01 
1.64000E+01 1.99979E-02  5.66028E-05  2.31772E-01 
1.65000E+01 2.49979E-02  5.89360E-05  2.36798E-01 
1.66000E+01 2.99979E-02  6.12391E-05  2.41794E-01 
1.67000E+01 3.49979E-02  6.35024E-05  2.46781E-01 
1.68000E+01 3.99979E-02  6.57822E-05  2.51779E-01 
1.69000E+01 4.49979E-02  6.81173E-05  2.56803E-01 
1.70000E+01 4.99979E-02  7.03967E-05  2.61799E-01 
1.71000E+01 5.49979E-02  7.26270E-05  2.66814E-01 
1.72000E+01 5.99978E-02  7.47616E-05  2.71785E-01 
1.73000E+01 6.49978E-02  7.67598E-05  2.76803E-01 
1.74000E+01 6.99978E-02  7.87401E-05  2.81818E-01 
1.75000E+01 7.49978E-02  8.07346E-05  2.86826E-01 
1.76000E+01 7.99978E-02  8.27519E-05  2.91808E-01 
1.77000E+01 8.49978E-02  8.47884E-05  2.96824E-01 
1.78000E+01 8.99978E-02  8.68327E-05  3.01840E-01 
1.79000E+01 9.49978E-02  8.88241E-05  3.06846E-01 
1.80000E+01 9.99977E-02  9.08044E-05  3.11811E-01 
1.81000E+01 1.04998E-01  9.26819E-05  3.16839E-01 
1.82000E+01 1.09998E-01  9.43619E-05  3.21818E-01 
1.83000E+01 1.14998E-01  9.58694E-05  3.26839E-01 
1.84000E+01 1.19998E-01  9.72035E-05  3.31840E-01 
1.85000E+01 1.24998E-01  9.83777E-05  3.36847E-01 
1.86000E+01 1.29998E-01  9.93917E-05  3.41834E-01 
1.87000E+01 1.34998E-01  1.00416E-04  3.46839E-01 
1.88000E+01 1.39998E-01  1.01363E-04  3.51839E-01 
1.89000E+01 1.44998E-01  1.02127E-04  3.56842E-01 
1.90000E+01 1.49998E-01  1.02670E-04  3.61831E-01 
1.91000E+01 1.54998E-01  1.03050E-04  3.66838E-01 
1.92000E+01 1.59998E-01  1.02955E-04  3.71853E-01 
1.93000E+01 1.64998E-01  1.01987E-04  3.76862E-01 
1.94000E+01 1.69998E-01  1.00300E-04  3.81846E-01 
1.95000E+01 1.74998E-01  9.74159E-05  3.86857E-01 
1.96000E+01 1.79998E-01  9.35064E-05  3.91850E-01 
1.97000E+01 1.84998E-01  8.92518E-05  3.96863E-01 
1.98000E+01 1.89998E-01  8.47926E-05  4.01851E-01 
1.99000E+01 1.94998E-01  8.01598E-05  4.06841E-01 
1.99999E+01 1.99997E-01  7.60454E-05  4.11870E-01 
2.00999E+01 2.04997E-01  7.19485E-05  4.16890E-01 
2.01999E+01 2.09997E-01  6.76316E-05  4.21869E-01 
2.02999E+01 2.14997E-01  6.33374E-05  4.26855E-01 
2.03999E+01 2.19997E-01  5.90423E-05  4.31867E-01 
2.04999E+01 2.24997E-01  5.51258E-05  4.36888E-01 
2.05999E+01 2.29997E-01  5.11299E-05  4.41872E-01 
2.06999E+01 2.34997E-01  4.75326E-05  4.46873E-01 
2.07999E+01 2.39997E-01  4.43550E-05  4.51883E-01 
2.08999E+01 2.44997E-01  4.16759E-05  4.56902E-01 
2.09999E+01 2.49997E-01  3.94017E-05  4.61889E-01 
2.10999E+01 2.54997E-01  3.75709E-05  4.66914E-01 
2.11999E+01 2.59997E-01  3.59875E-05  4.71908E-01 
2.12999E+01 2.64997E-01  3.47211E-05  4.76929E-01 
2.13999E+01 2.69997E-01  3.36905E-05  4.81929E-01 
2.14999E+01 2.74997E-01  3.28534E-05  4.86922E-01 
2.15999E+01 2.79997E-01  3.21745E-05  4.91950E-01 
2.16999E+01 2.84997E-01  3.16293E-05  4.96950E-01 
2.17999E+01 2.89997E-01  3.12064E-05  5.01940E-01 
2.18999E+01 2.94997E-01  3.08802E-05  5.06973E-01 
2.19999E+01 2.99997E-01  3.06480E-05  5.11987E-01 
2.20999E+01 3.04997E-01  3.04795E-05  5.16972E-01 
2.21999E+01 3.09997E-01  3.03922E-05  5.21949E-01 
2.22999E+01 3.14997E-01  3.03691E-05  5.26976E-01 
2.23999E+01 3.19997E-01  3.04471E-05  5.31994E-01 
2.24999E+01 3.24997E-01  3.05335E-05  5.36982E-01 
2.25999E+01 3.29997E-01  3.07013E-05  5.41975E-01 
2.26999E+01 3.34997E-01  3.09102E-05  5.46961E-01 
2.27999E+01 3.39997E-01  3.11579E-05  5.51986E-01 
2.28999E+01 3.44997E-01  3.14886E-05  5.56983E-01 
2.29999E+01 3.49997E-01  3.18420E-05  5.61969E-01 
2.30999E+01 3.54997E-01  3.22404E-05  5.66976E-01 
2.31999E+01 3.59997E-01  3.26816E-05  5.71983E-01 
2.32999E+01 3.64997E-01  3.31675E-05  5.77008E-01 
2.33999E+01 3.69997E-01  3.36963E-05  5.81992E-01 
2.34999E+01 3.74997E-01  3.42992E-05  5.86981E-01 
2.35999E+01 3.79997E-01  3.49623E-05  5.91982E-01 
2.36999E+01 3.84997E-01  3.56744E-05  5.96986E-01 
2.37999E+01 3.89997E-01  3.64479E-05  6.01993E-01 
2.38999E+01 3.94997E-01  3.72856E-05  6.06989E-01 
2.39999E+01 3.99997E-01  3.81830E-05  6.11997E-01 
2.40999E+01 4.04997E-01  3.91293E-05  6.17008E-01 
2.41999E+01 4.09997E-01  4.01391E-05  6.22003E-01 
2.42999E+01 4.14997E-01  4.12086E-05  6.27029E-01 
2.43999E+01 4.19997E-01  4.23393E-05  6.32019E-01 
2.44999E+01 4.24997E-01  4.35234E-05  6.37052E-01 
2.45999E+01 4.29997E-01  4.47777E-05  6.42015E-01 
2.46999E+01 4.34997E-01  4.60831E-05  6.47009E-01 
2.47999E+01 4.39997E-01  4.74432E-05  6.52035E-01 
2.48999E+01 4.44997E-01  4.88551E-05  6.57045E-01 
2.49999E+01 4.49997E-01  5.03051E-05  6.62043E-01 
2.50999E+01 4.54997E-01  5.17896E-05  6.67012E-01 
2.51999E+01 4.59997E-01  5.33052E-05  6.72011E-01 
2.52999E+01 4.64997E-01  5.48555E-05  6.77028E-01 
2.53999E+01 4.69997E-01  5.64284E-05  6.82029E-01 
2.54999E+01 4.74997E-01  5.80094E-05  6.87025E-01 
2.55999E+01 4.79997E-01  5.96064E-05  6.92028E-01 
2.56999E+01 4.84997E-01  6.12055E-05  6.97040E-01 
2.57999E+01 4.89997E-01  6.28022E-05  7.02050E-01 
2.58999E+01 4.94997E-01  6.43862E-05  7.07036E-01 
2.59999E+01 4.99997E-01  6.59573E-05  7.12049E-01 
2.60999E+01 5.04997E-01  6.75006E-05  7.17060E-01 
2.61999E+01 5.09997E-01  6.90168E-05  7.22059E-01 
2.62999E+01 5.14997E-01  7.05009E-05  7.27066E-01 
2.63999E+01 5.19997E-01  7.19423E-05  7.32046E-01 
2.64999E+01 5.24997E-01  7.33396E-05  7.37071E-01 
2.65999E+01 5.29997E-01  7.46765E-05  7.42072E-01 
2.66999E+01 5.34997E-01  7.59494E-05  7.47070E-01 
2.67999E+01 5.39997E-01  7.71307E-05  7.52077E-01 
2.68999E+01 5.44997E-01  7.82029E-05  7.57078E-01 
2.69999E+01 5.49997E-01  7.91592E-05  7.62093E-01 
2.70999E+01 5.54997E-01  8.00008E-05  7.67104E-01 
2.71999E+01 5.59997E-01  8.07778E-05  7.72084E-01 
2.72999E+01 5.64997E-01  8.14603E-05  7.77083E-01 
2.73999E+01 5.69997E-01  8.20301E-05  7.82103E-01 
2.74999E+01 5.74997E-01  8.23776E-05  7.87120E-01 
2.75999E+01 5.79997E-01  8.24985E-05  7.92121E-01 
2.76999E+01 5.84997E-01  8.23905E-05  7.97131E-01 
2.77999E+01 5.89997E-01  8.20206E-05  8.02125E-01 
2.78999E+01 5.94997E-01  8.13495E-05  8.07140E-01 
2.79999E+01 5.99996E-01  8.03309E-05  8.12139E-01 
2.80999E+01 6.04996E-01  7.89642E-05  8.17154E-01 
2.81999E+01 6.09996E-01  7.72552E-05  8.22126E-01 
2.82999E+01 6.14996E-01  7.51708E-05  8.27131E-01 
2.83999E+01 6.19996E-01  7.28428E-05  8.32138E-01 
2.84999E+01 6.24996E-01  7.02434E-05  8.37177E-01 
2.85999E+01 6.29996E-01  6.74266E-05  8.42157E-01 
2.86999E+01 6.34996E-01  6.44634E-05  8.47148E-01 
2.87999E+01 6.39996E-01  6.15559E-05  8.52136E-01 
2.88999E+01 6.44996E-01  5.88135E-05  8.57151E-01 
2.89999E+01 6.49996E-01  5.63810E-05  8.62154E-01 
2.90999E+01 6.54996E-01  5.42525E-05  8.67132E-01 
2.91999E+01 6.59996E-01  5.24803E-05  8.72153E-01 
2.92999E+01 6.64996E-01  5.10615E-05  8.77169E-01 
2.93999E+01 6.69996E-01  4.99723E-05  8.82162E-01 
2.94999E+01 6.74996E-01  4.91692E-05  8.87143E-01 
2.95999E+01 6.79996E-01  4.85630E-05  8.92145E-01 
2.96999E+01 6.84996E-01  4.81121E-05  8.97164E-01 
2.97999E+01 6.89996E-01  4.77616E-05  9.02158E-01 
2.98999E+01 6.94996E-01  4.74841E-05  9.07151E-01 
2.99999E+01 6.99996E-01  4.72661E-05  9.12169E-01 
3.00999E+01 7.04996E-01  4.70865E-05  9.17179E-01 
3.01999E+01 7.09996E-01  4.69575E-05  9.22152E-01 
3.02999E+01 7.14996E-01  4.68388E-05  9.27151E-01 
3.03999E+01 7.19996E-01  4.66613E-05  9.32159E-01 
3.04999E+01 7.24996E-01  4.65185E-05  9.37172E-01 
3.05999E+01 7.29996E-01  4.63943E-05  9.42182E-01 
3.06999E+01 7.34996E-01  4.62775E-05  9.47215E-01 
3.07999E+01 7.39996E-01  4.61950E-05  9.52166E-01 
3.08999E+01 7.44996E-01  4.61250E-05  9.57194E-01 
3.09999E+01 7.49996E-01  4.60949E-05  9.62200E-01 
3.10999E+01 7.54996E-01  4.61082E-05  9.67219E-01 
3.11999E+01 7.59996E-01  4.61583E-05  9.72205E-01 
3.12999E+01 7.64996E-01  4.61791E-05  9.77219E-01 
3.13999E+01 7.69996E-01  4.62331E-05  9.82193E-01 
3.14999E+01 7.74996E-01  4.63879E-05  9.87189E-01 
3.15999E+01 7.79996E-01  4.64231E-05  9.92206E-01 
3.16999E+01 7.84996E-01  4.65939E-05  9.97212E-01 
3.17999E+01 7.89996E-01  4.65924E-05  1.00220E+00 
3.18999E+01 7.94996E-01  4.66650E-05  1.00720E+00 
3.19999E+01 7.99996E-01  4.67543E-05  1.01223E+00 
3.20999E+01 8.04996E-01  4.68476E-05  1.01721E+00 
3.21999E+01 8.09996E-01  4.69457E-05  1.02221E+00 
3.22999E+01 8.14996E-01  4.70490E-05  1.02723E+00 
3.23999E+01 8.19996E-01  4.71581E-05  1.03222E+00 
3.24999E+01 8.24996E-01  4.72777E-05  1.03723E+00 
3.25999E+01 8.29996E-01  4.74036E-05  1.04222E+00 
3.26999E+01 8.34996E-01  4.74933E-05  1.04723E+00 
3.27999E+01 8.39996E-01  4.75935E-05  1.05225E+00 
3.28999E+01 8.44996E-01  4.76967E-05  1.05725E+00 
3.29999E+01 8.49996E-01  4.78138E-05  1.06223E+00 
3.30999E+01 8.54996E-01  4.79711E-05  1.06726E+00 
3.31999E+01 8.59996E-01  4.80209E-05  1.07225E+00 
3.32999E+01 8.64996E-01  4.81304E-05  1.07726E+00 
3.33999E+01 8.69996E-01  4.82195E-05  1.08224E+00 
3.34999E+01 8.74996E-01  4.82921E-05  1.08724E+00 
3.35999E+01 8.79996E-01  4.84170E-05  1.09226E+00 
3.36999E+01 8.84996E-01  4.87000E-05  1.09728E+00 
3.37999E+01 8.89996E-01  4.86489E-05  1.10228E+00 
3.38999E+01 8.94996E-01  4.87879E-05  1.10729E+00 
3.39999E+01 8.99996E-01  4.89274E-05  1.11229E+00 
3.40999E+01 9.04996E-01  4.90435E-05  1.11730E+00 
3.41999E+01 9.09996E-01  4.91144E-05  1.12233E+00 
3.42999E+01 9.14996E-01  4.91657E-05  1.12734E+00 
3.43999E+01 9.19996E-01  4.91984E-05  1.13231E+00 
3.44999E+01 9.24996E-01  4.92833E-05  1.13733E+00 
3.45999E+01 9.29996E-01  4.92558E-05  1.14232E+00 
3.46999E+01 9.34996E-01  4.92509E-05  1.14734E+00 
3.47999E+01 9.39996E-01  4.92492E-05  1.15233E+00 
3.48999E+01 9.44996E-01  4.92851E-05  1.15730E+00 
3.49999E+01 9.49996E-01  4.93393E-05  1.16232E+00 
3.50999E+01 9.54996E-01  4.93813E-05  1.16733E+00 
3.51999E+01 9.59996E-01  4.94818E-05  1.17231E+00 
3.52999E+01 9.64996E-01  4.95898E-05  1.17733E+00 
3.53999E+01 9.69996E-01  4.96584E-05  1.18233E+00 
3.54999E+01 9.74996E-01  4.97385E-05  1.18736E+00 
3.55999E+01 9.79996E-01  4.98691E-05  1.19233E+00 
3.56999E+01 9.84996E-01  4.99474E-05  1.19735E+00 
3.57999E+01 9.89996E-01  5.00471E-05  1.20235E+00 
3.58999E+01 9.94996E-01  5.01343E-05  1.20736E+00 
3.59999E+01 9.99995E-01  5.02759E-05  1.21234E+00 
3.60999E+01 1.00500E+00  5.05255E-05  1.21734E+00 
3.61999E+01 1.01000E+00  5.04892E-05  1.22235E+00 
3.62999E+01 1.01500E+00  5.05688E-05  1.22736E+00 
3.63999E+01 1.02000E+00  5.06837E-05  1.23236E+00 
3.64999E+01 1.02500E+00  5.08112E-05  1.23738E+00 
3.65999E+01 1.03000E+00  5.09757E-05  1.24236E+00 
3.66999E+01 1.03500E+00  5.11499E-05  1.24738E+00 
3.67999E+01 1.04000E+00  5.12767E-05  1.25237E+00 
3.68999E+01 1.04500E+00  5.14477E-05  1.25737E+00 
3.69999E+01 1.05000E+00  5.16038E-05  1.26235E+00 
3.70999E+01 1.05500E+00  5.17847E-05  1.26736E+00 
3.71999E+01 1.06000E+00  5.19758E-05  1.27238E+00 
3.72999E+01 1.06500E+00  5.21881E-05  1.27738E+00 
3.73999E+01 1.07000E+00  5.24257E-05  1.28238E+00 
3.74999E+01 1.07500E+00  5.26317E-05  1.28740E+00 
3.75999E+01 1.08000E+00  5.28595E-05  1.29240E+00 
3.76999E+01 1.08500E+00  5.30480E-05  1.29741E+00 
3.77999E+01 1.09000E+00  5.32461E-05  1.30240E+00 
3.78999E+01 1.09500E+00  5.34954E-05  1.30739E+00 
3.79999E+01 1.10000E+00  5.37916E-05  1.31238E+00 
3.80999E+01 1.10500E+00  5.40943E-05  1.31741E+00 
3.81999E+01 1.11000E+00  5.44411E-05  1.32241E+00 
3.82999E+01 1.11500E+00  5.48178E-05  1.32739E+00 
3.83999E+01 1.12000E+00  5.52216E-05  1.33241E+00 
3.84999E+01 1.12500E+00  5.57279E-05  1.33743E+00 
3.85999E+01 1.13000E+00  5.61406E-05  1.34244E+00 
3.86999E+01 1.13500E+00  5.67059E-05  1.34742E+00 
3.87999E+01 1.14000E+00  5.71826E-05  1.35243E+00 
3.88999E+01 1.14500E+00  5.77730E-05  1.35745E+00 
3.89999E+01 1.15000E+00  5.85059E-05  1.36244E+00 
3.90999E+01 1.15500E+00  5.90357E-05  1.36743E+00 
3.91999E+01 1.16000E+00  5.97426E-05  1.37243E+00 
3.92999E+01 1.16500E+00  6.05078E-05  1.37743E+00 
3.93999E+01 1.17000E+00  6.13019E-05  1.38244E+00 
3.94999E+01 1.17500E+00  6.21672E-05  1.38745E+00 
3.95999E+01 1.18000E+00  6.31014E-05  1.39242E+00 
3.96999E+01 1.18500E+00  6.40631E-05  1.39744E+00 
3.97999E+01 1.19000E+00  6.50950E-05  1.40244E+00 
3.98999E+01 1.19500E+00  6.62045E-05  1.40744E+00 
3.99999E+01 1.19999E+00  6.73632E-05  1.41244E+00 
4.00999E+01 1.20499E+00  6.86413E-05  1.41746E+00 
4.01999E+01 1.20999E+00  6.99015E-05  1.42245E+00 
4.02999E+01 1.21499E+00  7.12949E-05  1.42747E+00 
4.03999E+01 1.21999E+00  7.26879E-05  1.43248E+00 
4.04999E+01 1.22499E+00  7.41850E-05  1.43747E+00 
4.05999E+01 1.22999E+00  7.57602E-05  1.44247E+00 
4.06999E+01 1.23499E+00  7.74278E-05  1.44750E+00 
4.07999E+01 1.23999E+00  7.91268E-05  1.45251E+00 
4.08999E+01 1.24499E+00  8.08670E-05  1.45750E+00 
4.09999E+01 1.24999E+00  8.27277E-05  1.46249E+00 
4.10999E+01 1.25499E+00  8.46525E-05  1.46750E+00 
4.11999E+01 1.25999E+00  8.65660E-05  1.47252E+00 
4.12999E+01 1.26499E+00  8.85853E-05  1.47750E+00 
4.13999E+01 1.26999E+00  9.07034E-05  1.48251E+00 
4.14999E+01 1.27499E+00  9.28774E-05  1.48753E+00 
4.15999E+01 1.27999E+00  9.50549E-05  1.49252E+00 
4.16999E+01 1.28499E+00  9.74299E-05  1.49754E+00 
4.17999E+01 1.28999E+00  9.97179E-05  1.50252E+00 
4.18999E+01 1.29499E+00  1.02008E-04  1.50749E+00 
4.19999E+01 1.29999E+00  1.04420E-04  1.51254E+00 
4.20999E+01 1.30499E+00  1.06901E-04  1.51751E+00 
4.21999E+01 1.30999E+00  1.09564E-04  1.52251E+00 
4.22999E+01 1.31499E+00  1.12301E-04  1.52752E+00 
4.23999E+01 1.31999E+00  1.14468E-04  1.53255E+00 
4.24999E+01 1.32499E+00  1.17099E-04  1.53755E+00 
4.25999E+01 1.32999E+00  1.20057E-04  1.54255E+00 
4.26999E+01 1.33499E+00  1.22999E-04  1.54754E+00 
4.27999E+01 1.33999E+00  1.25580E-04  1.55253E+00 
4.28999E+01 1.34499E+00  1.28655E-04  1.55753E+00 
4.29999E+01 1.34999E+00  1.31019E-04  1.56253E+00 
4.30999E+01 1.35499E+00  1.34048E-04  1.56756E+00 
4.31999E+01 1.35999E+00  1.37423E-04  1.57253E+00 
4.32999E+01 1.36499E+00  1.40806E-04  1.57757E+00 
4.33999E+01 1.36999E+00  1.44014E-04  1.58256E+00 
4.34999E+01 1.37499E+00  1.46660E-04  1.58757E+00 
4.35999E+01 1.37999E+00  1.48491E-04  1.59255E+00 
4.36999E+01 1.38499E+00  1.51524E-04  1.59757E+00 
4.37999E+01 1.38999E+00  1.54911E-04  1.60258E+00 
4.38999E+01 1.39499E+00  1.57642E-04  1.60761E+00 
4.39999E+01 1.39999E+00  1.61047E-04  1.61259E+00 
4.40999E+01 1.40499E+00  1.65426E-04  1.61758E+00 
4.41999E+01 1.40999E+00  1.69613E-04  1.62259E+00 
4.42999E+01 1.41499E+00  1.73998E-04  1.62759E+00 
4.43999E+01 1.41999E+00  1.78156E-04  1.63259E+00 
4.44999E+01 1.42499E+00  1.81439E-04  1.63757E+00 
4.45999E+01 1.42999E+00  1.83949E-04  1.64259E+00 
4.46999E+01 1.43499E+00  1.85373E-04  1.64760E+00 
4.47999E+01 1.43999E+00  1.87518E-04  1.65262E+00 
4.48999E+01 1.44499E+00  1.90603E-04  1.65760E+00 
4.49999E+01 1.44999E+00  1.93752E-04  1.66261E+00 
4.50999E+01 1.45499E+00  1.96993E-04  1.66760E+00 
4.51999E+01 1.45999E+00  2.00748E-04  1.67261E+00 
4.52999E+01 1.46499E+00  2.04213E-04  1.67761E+00 
4.53999E+01 1.46999E+00  2.07444E-04  1.68261E+00 
4.54999E+01 1.47499E+00  2.10661E-04  1.68761E+00 
4.55999E+01 1.47999E+00  2.14277E-04  1.69261E+00 
4.56999E+01 1.48499E+00  2.17506E-04  1.69762E+00 
4.57999E+01 1.48999E+00  2.20733E-04  1.70260E+00 
4.58999E+01 1.49499E+00  2.23862E-04  1.70764E+00 
4.59999E+01 1.49999E+00  2.26934E-04  1.71262E+00 
4.60999E+01 1.50499E+00  2.30110E-04  1.71763E+00 
4.61999E+01 1.50999E+00  2.33294E-04  1.72261E+00 
4.62999E+01 1.51499E+00  2.36525E-04  1.72761E+00 
4.63999E+01 1.51999E+00  2.39742E-04  1.73264E+00 
4.64999E+01 1.52499E+00  2.42810E-04  1.73766E+00 
4.65999E+01 1.52999E+00  2.45877E-04  1.74265E+00 
4.66999E+01 1.53499E+00  2.48869E-04  1.74764E+00 
4.67999E+01 1.53999E+00  2.51840E-04  1.75266E+00 
4.68999E+01 1.54499E+00  2.54783E-04  1.75768E+00 
4.69999E+01 1.54999E+00  2.57608E-04  1.76267E+00 
4.70999E+01 1.55499E+00  2.60350E-04  1.76767E+00 
4.71999E+01 1.55999E+00  2.63018E-04  1.77266E+00 
4.72999E+01 1.56499E+00  2.65630E-04  1.77767E+00 
4.73999E+01 1.56999E+00  2.68141E-04  1.78269E+00 
4.74999E+01 1.57499E+00  2.70649E-04  1.78769E+00 
4.75999E+01 1.57999E+00  2.72882E-04  1.79270E+00 
4.76999E+01 1.58499E+00  2.75041E-04  1.79768E+00 
4.77999E+01 1.58999E+00  2.77142E-04  1.80270E+00 
4.78999E+01 1.59499E+00  2.79200E-04  1.80772E+00 
4.79999E+01 1.59999E+00  2.81129E-04  1.81269E+00 
4.80999E+01 1.60499E+00  2.82843E-04  1.81769E+00 
4.81999E+01 1.60999E+00  2.84418E-04  1.82269E+00 
4.82999E+01 1.61499E+00  2.85779E-04  1.82770E+00 
4.83999E+01 1.61999E+00  2.87168E-04  1.83269E+00 
4.84999E+01 1.62499E+00  2.88471E-04  1.83771E+00 
4.85999E+01 1.62999E+00  2.89656E-04  1.84270E+00 
4.86999E+01 1.63499E+00  2.90779E-04  1.84772E+00 
4.87999E+01 1.63999E+00  2.91948E-04  1.85270E+00 
4.88999E+01 1.64499E+00  2.93022E-04  1.85772E+00 
4.89999E+01 1.64999E+00  2.94069E-04  1.86272E+00 
4.90999E+01 1.65499E+00  2.94976E-04  1.86773E+00 
4.91999E+01 1.65999E+00  2.95985E-04  1.87273E+00 
4.92999E+01 1.66499E+00  2.96947E-04  1.87770E+00 
4.93999E+01 1.66999E+00  2.97992E-04  1.88273E+00 
4.94999E+01 1.67499E+00  2.99070E-04  1.88773E+00 
4.95999E+01 1.67999E+00  3.00138E-04  1.89273E+00 
4.96999E+01 1.68499E+00  3.01279E-04  1.89773E+00 
4.97999E+01 1.68999E+00  3.02429E-04  1.90275E+00 
4.98999E+01 1.69499E+00  3.03701E-04  1.90778E+00 
4.99999E+01 1.69999E+00  3.04972E-04  1.91279E+00 
5.00999E+01 1.70499E+00  3.06295E-04  1.91780E+00 
5.01999E+01 1.70999E+00  3.07731E-04  1.92279E+00 
5.02999E+01 1.71499E+00  3.09157E-04  1.92779E+00 
5.03999E+01 1.71999E+00  3.10750E-04  1.93280E+00 
5.04999E+01 1.72499E+00  3.12313E-04  1.93779E+00 
5.05999E+01 1.72999E+00  3.14030E-04  1.94279E+00 
5.06999E+01 1.73499E+00  3.15762E-04  1.94780E+00 
5.07999E+01 1.73999E+00  3.17607E-04  1.95281E+00 
5.08999E+01 1.74499E+00  3.19524E-04  1.95779E+00 
5.09999E+01 1.74999E+00  3.21635E-04  1.96280E+00 
5.10999E+01 1.75499E+00  3.23764E-04  1.96781E+00 
5.11999E+01 1.75999E+00  3.26081E-04  1.97280E+00 
5.12999E+01 1.76499E+00  3.28441E-04  1.97780E+00 
5.13999E+01 1.76999E+00  3.30865E-04  1.98278E+00 
5.14999E+01 1.77499E+00  3.33331E-04  1.98779E+00 
5.15999E+01 1.77999E+00  3.35966E-04  1.99280E+00 
5.16999E+01 1.78499E+00  3.38575E-04  1.99780E+00 
5.17999E+01 1.78999E+00  3.41282E-04  2.00280E+00 
5.18999E+01 1.79499E+00  3.44178E-04  2.00780E+00 
5.19999E+01 1.79999E+00  3.47129E-04  2.01283E+00 
5.20999E+01 1.79499E+00  3.42051E-04  2.00782E+00 
5.21999E+01 1.78999E+00  3.37264E-04  2.00280E+00 
5.22999E+01 1.78499E+00  3.32536E-04  1.99780E+00 
5.23999E+01 1.77999E+00  3.28004E-04  1.99285E+00 
5.24999E+01 1.77499E+00  3.23441E-04  1.98780E+00 
5.25999E+01 1.76999E+00  3.18882E-04  1.98280E+00 
5.26999E+01 1.76499E+00  3.14404E-04  1.97782E+00 
5.27999E+01 1.75999E+00  3.10031E-04  1.97280E+00 
5.28999E+01 1.75499E+00  3.05614E-04  1.96780E+00 
5.29999E+01 1.74999E+00  3.01202E-04  1.96280E+00 
5.30999E+01 1.74499E+00  2.96820E-04  1.95779E+00 
5.31999E+01 1.73999E+00  2.92508E-04  1.95279E+00 
5.32999E+01 1.73499E+00  2.88160E-04  1.94777E+00 
5.33999E+01 1.72999E+00  2.83877E-04  1.94275E+00 
5.34999E+01 1.72499E+00  2.79638E-04  1.93777E+00 
5.35999E+01 1.71999E+00  2.75445E-04  1.93277E+00 
5.36999E+01 1.71499E+00  2.71263E-04  1.92776E+00 
5.37999E+01 1.70999E+00  2.67103E-04  1.92274E+00 
5.38999E+01 1.70499E+00  2.63004E-04  1.91774E+00 
5.39999E+01 1.69999E+00  2.58928E-04  1.91276E+00 
5.40999E+01 1.69499E+00  2.54878E-04  1.90774E+00 
5.41999E+01 1.68999E+00  2.50865E-04  1.90270E+00 
5.42999E+01 1.68499E+00  2.46847E-04  1.89771E+00 
5.43999E+01 1.67999E+00  2.42931E-04  1.89274E+00 
5.44999E+01 1.67499E+00  2.39025E-04  1.88771E+00 
5.45999E+01 1.66999E+00  2.35133E-04  1.88272E+00 
5.46999E+01 1.66499E+00  2.31249E-04  1.87771E+00 
5.47999E+01 1.65999E+00  2.27509E-04  1.87272E+00 
5.48999E+01 1.65499E+00  2.23694E-04  1.86773E+00 
5.49999E+01 1.64999E+00  2.19952E-04  1.86271E+00 
5.50999E+01 1.64499E+00  2.16260E-04  1.85770E+00 
5.51999E+01 1.63999E+00  2.12603E-04  1.85273E+00 
5.52999E+01 1.63499E+00  2.08990E-04  1.84773E+00 
5.53999E+01 1.62999E+00  2.05401E-04  1.84275E+00 
5.54999E+01 1.62499E+00  2.01858E-04  1.83775E+00 
5.55999E+01 1.61999E+00  1.98344E-04  1.83273E+00 
5.56999E+01 1.61499E+00  1.94865E-04  1.82776E+00 
5.57999E+01 1.60999E+00  1.91368E-04  1.82275E+00 
5.58999E+01 1.60499E+00  1.87953E-04  1.81773E+00 
5.59999E+01 1.59999E+00  1.84554E-04  1.81276E+00 
5.60999E+01 1.59499E+00  1.81232E-04  1.80775E+00 
5.61999E+01 1.58999E+00  1.77960E-04  1.80273E+00 
5.62999E+01 1.58499E+00  1.74678E-04  1.79772E+00 
5.63999E+01 1.57999E+00  1.71451E-04  1.79268E+00 
5.64999E+01 1.57499E+00  1.68272E-04  1.78769E+00 
5.65999E+01 1.56999E+00  1.65118E-04  1.78270E+00 
5.66999E+01 1.56499E+00  1.62011E-04  1.77769E+00 
5.67999E+01 1.55999E+00  1.58898E-04  1.77268E+00 
5.68999E+01 1.55499E+00  1.55847E-04  1.76771E+00 
5.69999E+01 1.54999E+00  1.52824E-04  1.76269E+00 
5.70999E+01 1.54499E+00  1.49839E-04  1.75768E+00 
5.71999E+01 1.53999E+00  1.46914E-04  1.75267E+00 
5.72999E+01 1.53499E+00  1.43981E-04  1.74767E+00 
5.73999E+01 1.52999E+00  1.41119E-04  1.74266E+00 
5.74999E+01 1.52499E+00  1.38359E-04  1.73764E+00 
5.75999E+01 1.51999E+00  1.35468E-04  1.73266E+00 
5.76999E+01 1.51499E+00  1.32708E-04  1.72763E+00 
5.77999E+01 1.50999E+00  1.29968E-04  1.72263E+00 
5.78999E+01 1.50499E+00  1.27248E-04  1.71763E+00 
5.79999E+01 1.49999E+00  1.24590E-04  1.71266E+00 
5.80999E+01 1.49499E+00  1.21981E-04  1.70765E+00 
5.81999E+01 1.48999E+00  1.19365E-04  1.70262E+00 
5.82999E+01 1.48499E+00  1.16803E-04  1.69763E+00 
5.83999E+01 1.47999E+00  1.14262E-04  1.69261E+00 
5.84999E+01 1.47499E+00  1.11826E-04  1.68761E+00 
5.85999E+01 1.46999E+00  1.09333E-04  1.68260E+00 
5.86999E+01 1.46499E+00  1.06916E-04  1.67760E+00 
5.87999E+01 1.45999E+00  1.04506E-04  1.67262E+00 
5.88999E+01 1.45499E+00  1.02153E-04  1.66762E+00 
5.89999E+01 1.44999E+00  9.98353E-05  1.66260E+00 
5.90999E+01 1.44499E+00  9.75584E-05  1.65760E+00 
5.91999E+01 1.43999E+00  9.52924E-05  1.65263E+00 
5.92999E+01 1.43499E+00  9.30681E-05  1.64761E+00 
5.93999E+01 1.42999E+00  9.08641E-05  1.64259E+00 
5.94999E+01 1.42499E+00  8.86965E-05  1.63758E+00 
5.95999E+01 1.41999E+00  8.65674E-05  1.63259E+00 
5.96999E+01 1.41499E+00  8.44853E-05  1.62761E+00 
5.97999E+01 1.40999E+00  8.24140E-05  1.62259E+00 
5.98999E+01 1.40499E+00  8.03579E-05  1.61759E+00 
5.99998E+01 1.39999E+00  7.83625E-05  1.61258E+00 
6.00998E+01 1.39499E+00  7.63694E-05  1.60760E+00 
6.01998E+01 1.38999E+00  7.44214E-05  1.60259E+00 
6.02998E+01 1.38499E+00  7.24932E-05  1.59756E+00 
6.03998E+01 1.37999E+00  7.05918E-05  1.59257E+00 
6.04998E+01 1.37499E+00  6.87493E-05  1.58757E+00 
6.05998E+01 1.36999E+00  6.69171E-05  1.58257E+00 
6.06998E+01 1.36499E+00  6.51051E-05  1.57759E+00 
6.07998E+01 1.35999E+00  6.33543E-05  1.57257E+00 
6.08998E+01 1.35499E+00  6.15800E-05  1.56757E+00 
6.09998E+01 1.34999E+00  5.98678E-05  1.56258E+00 
6.10998E+01 1.34499E+00  5.81884E-05  1.55758E+00 
6.11998E+01 1.33999E+00  5.65201E-05  1.55258E+00 
6.12998E+01 1.33499E+00  5.48758E-05  1.54757E+00 
6.13998E+01 1.32999E+00  5.32647E-05  1.54256E+00 
6.14998E+01 1.32499E+00  5.16700E-05  1.53757E+00 
6.15998E+01 1.31999E+00  5.01304E-05  1.53258E+00 
6.16998E+01 1.31499E+00  4.85895E-05  1.52756E+00 
6.17998E+01 1.30999E+00  4.71093E-05  1.52255E+00 
6.18998E+01 1.30499E+00  4.56526E-05  1.51756E+00 
6.19998E+01 1.29999E+00  4.42164E-05  1.51254E+00 
6.20998E+01 1.29499E+00  4.28147E-05  1.50754E+00 
6.21998E+01 1.28999E+00  4.14572E-05  1.50253E+00 
6.22998E+01 1.28499E+00  4.01244E-05  1.49753E+00 
6.23998E+01 1.27999E+00  3.88946E-05  1.49253E+00 
6.24998E+01 1.27499E+00  3.75536E-05  1.48752E+00 
6.25998E+01 1.26999E+00  3.58443E-05  1.48249E+00 
6.26998E+01 1.26499E+00  3.46007E-05  1.47752E+00 
6.27998E+01 1.25999E+00  3.34140E-05  1.47252E+00 
6.28998E+01 1.25499E+00  3.22583E-05  1.46752E+00 
6.29998E+01 1.24999E+00  3.11363E-05  1.46251E+00 
6.30998E+01 1.24499E+00  3.00318E-05  1.45749E+00 
6.31998E+01 1.23999E+00  2.89696E-05  1.45251E+00 
6.32998E+01 1.23499E+00  2.79355E-05  1.44751E+00 
6.33998E+01 1.22999E+00  2.69285E-05  1.44249E+00 
6.34998E+01 1.22499E+00  2.59566E-05  1.43749E+00 
6.35998E+01 1.21999E+00  2.50172E-05  1.43250E+00 
6.36998E+01 1.21499E+00  2.41089E-05  1.42747E+00 
6.37998E+01 1.20999E+00  2.32238E-05  1.42247E+00 
6.38998E+01 1.20499E+00  2.23704E-05  1.41746E+00 
6.39998E+01 1.19999E+00  2.15510E-05  1.41246E+00 
6.40998E+01 1.19500E+00  2.07605E-05  1.40744E+00 
6.41998E+01 1.19000E+00  2.00031E-05  1.40243E+00 
6.42998E+01 1.18500E+00  1.92755E-05  1.39746E+00 
6.43998E+01 1.18000E+00  1.85769E-05  1.39243E+00 
6.44998E+01 1.17500E+00  1.78921E-05  1.38743E+00 
6.45998E+01 1.17000E+00  1.72329E-05  1.38243E+00 
6.46998E+01 1.16500E+00  1.66026E-05  1.37742E+00 
6.47998E+01 1.16000E+00  1.59950E-05  1.37242E+00 
6.48998E+01 1.15500E+00  1.54208E-05  1.36741E+00 
6.49998E+01 1.15000E+00  1.48794E-05  1.36242E+00 
6.50998E+01 1.14500E+00  1.43633E-05  1.35744E+00 
6.51998E+01 1.14000E+00  1.38749E-05  1.35243E+00 
6.52998E+01 1.13500E+00  1.34202E-05  1.34743E+00 
6.53998E+01 1.13000E+00  1.29820E-05  1.34241E+00 
6.54998E+01 1.12500E+00  1.25566E-05  1.33743E+00 
6.55998E+01 1.12000E+00  1.21410E-05  1.33242E+00 
6.56998E+01 1.11500E+00  1.17543E-05  1.32741E+00 
6.57998E+01 1.11000E+00  1.13906E-05  1.32240E+00 
6.58998E+01 1.10500E+00  1.10455E-05  1.31743E+00 
6.59998E+01 1.10000E+00  1.07074E-05  1.31241E+00 
6.60998E+01 1.09500E+00  1.03907E-05  1.30741E+00 
6.61998E+01 1.09000E+00  1.00861E-05  1.30240E+00 
6.62998E+01 1.08500E+00  9.80481E-06  1.29741E+00 
6.63998E+01 1.08000E+00  9.54368E-06  1.29240E+00 
6.64998E+01 1.07500E+00  9.29454E-06  1.28741E+00 
6.65998E+01 1.07000E+00  9.05210E-06  1.28238E+00 
6.66998E+01 1.06500E+00  8.81898E-06  1.27740E+00 
6.67998E+01 1.06000E+00  8.59983E-06  1.27240E+00 
6.68998E+01 1.05500E+00  8.39383E-06  1.26739E+00 
6.69998E+01 1.05000E+00  8.19708E-06  1.26237E+00 
6.70998E+01 1.04500E+00  8.01412E-06  1.25737E+00 
6.71998E+01 1.04000E+00  7.83944E-06  1.25240E+00 
6.72998E+01 1.03500E+00  7.67993E-06  1.24737E+00 
6.73998E+01 1.03000E+00  7.60852E-06  1.24235E+00 
6.74998E+01 1.02500E+00  7.39247E-06  1.23738E+00 
6.75998E+01 1.02000E+00  7.22437E-06  1.23237E+00 
6.76998E+01 1.01500E+00  7.07678E-06  1.22737E+00 
6.77998E+01 1.01000E+00  6.93946E-06  1.22235E+00 
6.78998E+01 1.00500E+00  6.84093E-06  1.21734E+00 
6.79998E+01 9.99995E-01  6.71346E-06  1.21237E+00 
6.80998E+01 9.94996E-01  6.57805E-06  1.20734E+00 
6.81998E+01 9.89996E-01  6.46780E-06  1.20234E+00 
6.82998E+01 9.84996E-01  6.35795E-06  1.19733E+00 
6.83998E+01 9.79996E-01  6.24855E-06  1.19233E+00 
6.84998E+01 9.74996E-01  6.14560E-06  1.18734E+00 
6.85998E+01 9.69996E-01  6.04968E-06  1.18234E+00 
6.86998E+01 9.64996E-01  5.96544E-06  1.17732E+00 
6.87998E+01 9.59996E-01  5.88199E-06  1.17232E+00 
6.88998E+01 9.54996E-01  5.90251E-06  1.16733E+00 
6.89998E+01 9.49996E-01  5.75377E-06  1.16234E+00 
6.90998E+01 9.44996E-01  5.62578E-06  1.15733E+00 
6.91998E+01 9.39996E-01  5.52530E-06  1.15232E+00 
6.92998E+01 9.34996E-01  5.43595E-06  1.14735E+00 
6.93998E+01 9.29996E-01  5.35139E-06  1.14233E+00 
6.94998E+01 9.24996E-01  5.27846E-06  1.13732E+00 
6.95998E+01 9.19996E-01  5.20108E-06  1.13231E+00 
6.96998E+01 9.14996E-01  5.12615E-06  1.12732E+00 
6.97998E+01 9.09996E-01  5.05182E-06  1.12233E+00 
6.98998E+01 9.04996E-01  4.98828E-06  1.11729E+00 
6.99998E+01 8.99996E-01  4.90760E-06  1.11228E+00 
7.00998E+01 8.94996E-01  4.83792E-06  1.10728E+00 
7.01998E+01 8.89996E-01  4.77073E-06  1.10228E+00 
7.02998E+01 8.84996E-01  4.70248E-06  1.09729E+00 
7.03998E+01 8.79996E-01  4.63452E-06  1.09226E+00 
7.04998E+01 8.74996E-01  4.57518E-06  1.08726E+00 
7.05998E+01 8.69996E-01  4.51365E-06  1.08226E+00 
7.06998E+01 8.64996E-01  4.45571E-06  1.07726E+00 
7.07998E+01 8.59996E-01  4.39578E-06  1.07227E+00 
7.08998E+01 8.54996E-01  4.33436E-06  1.06725E+00 
7.09998E+01 8.49996E-01  4.26946E-06  1.06225E+00 
7.10998E+01 8.44996E-01  4.20655E-06  1.05725E+00 
7.11998E+01 8.39996E-01  4.14546E-06  1.05225E+00 
7.12998E+01 8.34996E-01  4.08803E-06  1.04724E+00 
7.13998E+01 8.29996E-01  4.02649E-06  1.04222E+00 
7.14998E+01 8.24996E-01  3.96548E-06  1.03724E+00 
7.15998E+01 8.19996E-01  3.86722E-06  1.03225E+00 
7.16998E+01 8.14996E-01  3.80673E-06  1.02723E+00 
7.17998E+01 8.09996E-01  3.74390E-06  1.02221E+00 
7.18998E+01 8.04996E-01  3.69311E-06  1.01724E+00 
7.19998E+01 7.99996E-01  3.64171E-06  1.01225E+00 
7.20998E+01 7.94996E-01  3.58693E-06  1.00723E+00 
7.21998E+01 7.89996E-01  3.53286E-06  1.00224E+00 
7.22998E+01 7.84996E-01  3.47346E-06  9.97256E-01 
7.23998E+01 7.79996E-01  3.41307E-06  9.92238E-01 
7.24998E+01 7.74996E-01  3.35082E-06  9.87245E-01 
7.25998E+01 7.69996E-01  3.29190E-06  9.82237E-01 
7.26998E+01 7.64996E-01  3.23206E-06  9.77234E-01 
7.27998E+01 7.59996E-01  3.17006E-06  9.72251E-01 
7.28998E+01 7.54996E-01  3.11213E-06  9.67232E-01 
7.29998E+01 7.49996E-01  3.05202E-06  9.62200E-01 
7.30998E+01 7.44996E-01  2.99450E-06  9.57206E-01 
7.31998E+01 7.39996E-01  2.91889E-06  9.52181E-01 
7.32998E+01 7.34996E-01  2.87852E-06  9.47207E-01 
7.33998E+01 7.29996E-01  2.82881E-06  9.42201E-01 
7.34998E+01 7.24996E-01  2.75803E-06  9.37196E-01 
7.35998E+01 7.19996E-01  2.67511E-06  9.32183E-01 
7.36998E+01 7.14996E-01  2.59976E-06  9.27184E-01 
7.37998E+01 7.09996E-01  2.54619E-06  9.22198E-01 
7.38998E+01 7.04996E-01  2.51015E-06  9.17170E-01 
7.39998E+01 6.99996E-01  2.46513E-06  9.12188E-01 
7.40998E+01 6.94996E-01  2.41352E-06  9.07164E-01 
7.41998E+01 6.89996E-01  2.35293E-06  9.02152E-01 
7.42998E+01 6.84996E-01  2.30923E-06  8.97175E-01 
7.43998E+01 6.79996E-01  2.24792E-06  8.92162E-01 
7.44998E+01 6.74996E-01  2.17186E-06  8.87164E-01 
7.45998E+01 6.69996E-01  2.10136E-06  8.82155E-01 
7.46998E+01 6.64996E-01  2.02236E-06  8.77168E-01 
7.47998E+01 6.59996E-01  1.93748E-06  8.72152E-01 
7.48998E+01 6.54996E-01  1.84636E-06  8.67141E-01 
7.49998E+01 6.49996E-01  1.75283E-06  8.62155E-01 
7.50998E+01 6.44996E-01  1.64261E-06  8.57143E-01 
7.51998E+01 6.39996E-01  1.58094E-06  8.52132E-01 
7.52998E+01 6.34996E-01  1.56976E-06  8.47135E-01 
7.53998E+01 6.29996E-01  1.53543E-06  8.42154E-01 
7.54998E+01 6.24996E-01  1.44866E-06  8.37147E-01 
7.55998E+01 6.19996E-01  1.35890E-06  8.32143E-01 
7.56998E+01 6.14996E-01  1.34101E-06  8.27134E-01 
7.57998E+01 6.09996E-01  1.27006E-06  8.22141E-01 
7.58998E+01 6.04996E-01  1.15756E-06  8.17164E-01 
7.59998E+01 5.99996E-01  1.08107E-06  8.12152E-01 
7.60998E+01 5.94997E-01  1.00412E-06  8.07131E-01 
7.61998E+01 5.89997E-01  9.23164E-07  8.02125E-01 
7.62998E+01 5.84997E-01  8.46582E-07  7.97138E-01 
7.63998E+01 5.79997E-01  7.66703E-07  7.92103E-01 
7.64998E+01 5.74997E-01  6.80717E-07  7.87129E-01 
7.65998E+01 5.69997E-01  5.93450E-07  7.82092E-01 
7.66998E+01 5.64997E-01  4.99878E-07  7.77101E-01 
7.67998E+01 5.59997E-01  3.97624E-07  7.72079E-01 
7.68998E+01 5.54997E-01  3.10374E-07  7.67077E-01 
7.69998E+01 5.49997E-01  2.16482E-07  7.62100E-01 
7.70998E+01 5.44997E-01  1.34523E-07  7.57083E-01 
7.71998E+01 5.39997E-01  3.81977E-08  7.52053E-01 
7.72998E+01 5.34997E-01  -6.13658E-08 7.47070E-01 
7.73998E+01 5.29997E-01  -1.66923E-07 7.42085E-01 
7.74998E+01 5.24997E-01  -2.75737E-07 7.37059E-01 
7.75998E+01 5.19997E-01  -3.64945E-07 7.32049E-01 
7.76998E+01 5.14997E-01  -4.56589E-07 7.27064E-01 
7.77998E+01 5.09997E-01  -5.66098E-07 7.22061E-01 
7.78998E+01 5.04997E-01  -6.71618E-07 7.17083E-01 
7.79998E+01 4.99997E-01  -7.76787E-07 7.12068E-01 
7.80998E+01 4.94997E-01  -8.53344E-07 7.07064E-01 
7.81998E+01 4.89997E-01  -9.06203E-07 7.02072E-01 
7.82998E+01 4.84997E-01  -9.88933E-07 6.97070E-01 
7.83998E+01 4.79997E-01  -1.13975E-06 6.92054E-01 
7.84998E+01 4.74997E-01  -1.29297E-06 6.87065E-01 
7.85998E+01 4.69997E-01  -1.42073E-06 6.82039E-01 
7.86998E+01 4.64997E-01  -1.55108E-06 6.77069E-01 
7.87998E+01 4.59997E-01  -1.64025E-06 6.72038E-01 
7.88998E+01 4.54997E-01  -1.73865E-06 6.67040E-01 
7.89998E+01 4.49997E-01  -1.84482E-06 6.62041E-01 
7.90998E+01 4.44997E-01  -1.96782E-06 6.57027E-01 
7.91998E+01 4.39997E-01  -2.10198E-06 6.52020E-01 
7.92998E+01 4.34997E-01  -2.23844E-06 6.47030E-01 
7.93998E+01 4.29997E-01  -2.37634E-06 6.42021E-01 
7.94998E+01 4.24997E-01  -2.51470E-06 6.37036E-01 
7.95998E+01 4.19997E-01  -2.66900E-06 6.32007E-01 
7.96998E+01 4.14997E-01  -2.83278E-06 6.27001E-01 
7.97998E+01 4.09997E-01  -3.01963E-06 6.21992E-01 
7.98998E+01 4.04997E-01  -3.18766E-06 6.17010E-01 
7.99998E+01 3.99997E-01  -3.23898E-06 6.12013E-01 
8.00998E+01 3.94997E-01  -3.30619E-06 6.06997E-01 
8.01998E+01 3.89997E-01  -3.46320E-06 6.01986E-01 
8.02998E+01 3.84997E-01  -3.65033E-06 5.96999E-01 
8.03998E+01 3.79997E-01  -3.82464E-06 5.92008E-01 
8.04998E+01 3.74997E-01  -4.00156E-06 5.86999E-01 
8.05998E+01 3.69997E-01  -4.17841E-06 5.81981E-01 
8.06998E+01 3.64997E-01  -4.36244E-06 5.76980E-01 
8.07998E+01 3.59997E-01  -4.55875E-06 5.72002E-01 
8.08998E+01 3.54997E-01  -4.75139E-06 5.66982E-01 
8.09998E+01 3.49997E-01  -4.95396E-06 5.61982E-01 
8.10998E+01 3.44997E-01  -5.16606E-06 5.56976E-01 
8.11998E+01 3.39997E-01  -5.38934E-06 5.51983E-01 
8.12998E+01 3.34997E-01  -5.62961E-06 5.46973E-01 
8.13998E+01 3.29997E-01  -5.86230E-06 5.41962E-01 
8.14998E+01 3.24997E-01  -6.10177E-06 5.36965E-01 
8.15998E+01 3.19997E-01  -6.35863E-06 5.31967E-01 
8.16998E+01 3.14997E-01  -6.62687E-06 5.26956E-01 
8.17998E+01 3.09997E-01  -6.89310E-06 5.21956E-01 
8.18998E+01 3.04997E-01  -7.17728E-06 5.16957E-01 
8.19998E+01 2.99997E-01  -7.46542E-06 5.11966E-01 
8.20998E+01 2.94997E-01  -7.76589E-06 5.06956E-01 
8.21998E+01 2.89997E-01  -8.07581E-06 5.01926E-01 
8.22998E+01 2.84997E-01  -8.40394E-06 4.96948E-01 
8.23998E+01 2.79997E-01  -8.74036E-06 4.91950E-01 
8.24998E+01 2.74997E-01  -9.09714E-06 4.86955E-01 
8.25998E+01 2.69997E-01  -9.50530E-06 4.81936E-01 
8.26998E+01 2.64997E-01  -9.93644E-06 4.76956E-01 
8.27998E+01 2.59997E-01  -1.03227E-05 4.71936E-01 
8.28998E+01 2.54997E-01  -1.07857E-05 4.66914E-01 
8.29998E+01 2.49997E-01  -1.12357E-05 4.61930E-01 
8.30998E+01 2.44997E-01  -1.16588E-05 4.56919E-01 
8.31998E+01 2.39997E-01  -1.20043E-05 4.51922E-01 
8.32998E+01 2.34997E-01  -1.23159E-05 4.46891E-01 
8.33998E+01 2.29997E-01  -1.27762E-05 4.41922E-01 
8.34998E+01 2.24997E-01  -1.33591E-05 4.36919E-01 
8.35998E+01 2.19997E-01  -1.39641E-05 4.31926E-01 
8.36998E+01 2.14997E-01  -1.45245E-05 4.26870E-01 
8.37998E+01 2.09997E-01  -1.49740E-05 4.21886E-01 
8.38998E+01 2.04997E-01  -1.54591E-05 4.16908E-01 
8.39998E+01 1.99997E-01  -1.61716E-05 4.11890E-01 
8.40998E+01 1.94998E-01  -1.67088E-05 4.06879E-01 
8.41998E+01 1.89998E-01  -1.75218E-05 4.01884E-01 
8.42998E+01 1.84998E-01  -1.81275E-05 3.96908E-01 
8.43998E+01 1.79998E-01  -1.85012E-05 3.91876E-01 
8.44998E+01 1.74998E-01  -1.86486E-05 3.86883E-01 
8.45998E+01 1.69998E-01  -1.92184E-05 3.81886E-01 
8.46998E+01 1.64998E-01  -1.98499E-05 3.76887E-01 
8.47998E+01 1.59998E-01  -2.03029E-05 3.71883E-01 
8.48998E+01 1.54998E-01  -2.09660E-05 3.66870E-01 
8.49998E+01 1.49998E-01  -2.14707E-05 3.61870E-01 
8.50998E+01 1.44998E-01  -2.20613E-05 3.56873E-01 
8.51998E+01 1.39998E-01  -2.27476E-05 3.51869E-01 
8.52998E+01 1.34998E-01  -2.34204E-05 3.46852E-01 
8.53998E+01 1.29998E-01  -2.40699E-05 3.41845E-01 
8.54998E+01 1.24998E-01  -2.48024E-05 3.36849E-01 
8.55998E+01 1.19998E-01  -2.54839E-05 3.31848E-01 
8.56998E+01 1.14998E-01  -2.61877E-05 3.26831E-01 
8.57998E+01 1.09998E-01  -2.69180E-05 3.21822E-01 
8.58998E+01 1.04998E-01  -2.76910E-05 3.16847E-01 
8.59998E+01 9.99977E-02  -2.84146E-05 3.11820E-01 
8.60998E+01 9.49978E-02  -2.91717E-05 3.06836E-01 
8.61998E+01 8.99978E-02  -2.99268E-05 3.01821E-01 
8.62998E+01 8.49978E-02  -3.06763E-05 2.96813E-01 
8.63998E+01 7.99978E-02  -3.14210E-05 2.91813E-01 
8.64998E+01 7.49978E-02  -3.21573E-05 2.86819E-01 
8.65998E+01 6.99978E-02  -3.28974E-05 2.81807E-01 
8.66998E+01 6.49978E-02  -3.36584E-05 2.76795E-01 
8.67998E+01 5.99978E-02  -3.44021E-05 2.71762E-01 
8.68998E+01 5.49979E-02  -3.51228E-05 2.66788E-01 
8.69998E+01 4.99979E-02  -3.58326E-05 2.61805E-01 
8.70998E+01 4.49979E-02  -3.65618E-05 2.56796E-01 
8.71998E+01 3.99979E-02  -3.73046E-05 2.51772E-01 
8.72998E+01 3.49979E-02  -3.80405E-05 2.46778E-01 
8.73998E+01 2.99979E-02  -3.88847E-05 2.41775E-01 
8.74998E+01 2.49979E-02  -3.95009E-05 2.36771E-01 
8.75998E+01 1.99979E-02  -4.00949E-05 2.31758E-01 
8.76998E+01 1.49980E-02  -4.06460E-05 2.26763E-01 
8.77998E+01 9.99797E-03  -4.11946E-05 2.21766E-01 
8.78998E+01 4.99799E-03  -4.17894E-05 2.16770E-01 
8.79998E+01 -2.00000E-06 -4.23572E-05 2.11753E-01 
8.80998E+01 -5.00199E-03 -4.26445E-05 2.06785E-01 
8.81998E+01 -1.00020E-02 -4.30074E-05 2.01776E-01 
8.82998E+01 -1.50020E-02 -4.35056E-05 1.96757E-01 
8.83998E+01 -2.00020E-02 -4.40882E-05 1.91734E-01 
8.84998E+01 -2.50019E-02 -4.46827E-05 1.86742E-01 
8.85998E+01 -3.00019E-02 -4.52784E-05 1.81749E-01 
8.86998E+01 -3.50019E-02 -4.58874E-05 1.76763E-01 
8.87998E+01 -4.00019E-02 -4.65190E-05 1.71735E-01 
8.88998E+01 -4.50019E-02 -4.71557E-05 1.66751E-01 
8.89998E+01 -5.00019E-02 -4.77833E-05 1.61753E-01 
8.90998E+01 -5.50019E-02 -4.83976E-05 1.56767E-01 
8.91998E+01 -6.00019E-02 -4.89787E-05 1.51751E-01 
8.92998E+01 -6.50018E-02 -4.95308E-05 1.46749E-01 
8.93998E+01 -7.00018E-02 -5.00478E-05 1.41735E-01 
8.94998E+01 -7.50018E-02 -5.05282E-05 1.36736E-01 
8.95998E+01 -8.00018E-02 -5.09818E-05 1.31725E-01 
8.96998E+01 -8.50018E-02 -5.13946E-05 1.26726E-01 
8.97998E+01 -9.00018E-02 -5.17759E-05 1.21743E-01 
8.98998E+01 -9.50018E-02 -5.21275E-05 1.16701E-01 
8.99998E+01 -1.00002E-01 -5.24503E-05 1.11720E-01 
9.00998E+01 -1.05002E-01 -5.27517E-05 1.06702E-01 
9.01998E+01 -1.10002E-01 -5.30373E-05 1.01716E-01 
9.02998E+01 -1.15002E-01 -5.32933E-05 9.67282E-02 
9.03998E+01 -1.20002E-01 -5.35455E-05 9.16861E-02 
9.04998E+01 -1.25002E-01 -5.37763E-05 8.67127E-02 
9.05998E+01 -1.30002E-01 -5.40073E-05 8.17018E-02 
9.06998E+01 -1.35002E-01 -5.42189E-05 7.67177E-02 
9.07998E+01 -1.40002E-01 -5.44376E-05 7.16874E-02 
9.08998E+01 -1.45002E-01 -5.46439E-05 6.66865E-02 
9.09998E+01 -1.50002E-01 -5.48618E-05 6.16975E-02 
9.10998E+01 -1.55002E-01 -5.50819E-05 5.66921E-02 
9.11998E+01 -1.60002E-01 -5.53116E-05 5.16769E-02 
9.12998E+01 -1.65002E-01 -5.55396E-05 4.66753E-02 
9.13998E+01 -1.70002E-01 -5.57736E-05 4.17038E-02 
9.14998E+01 -1.75002E-01 -5.60170E-05 3.66828E-02 
9.15998E+01 -1.80002E-01 -5.62596E-05 3.16476E-02 
9.16998E+01 -1.85002E-01 -5.65123E-05 2.66423E-02 
9.17998E+01 -1.90002E-01 -5.67644E-05 2.16738E-02 
9.18998E+01 -1.95002E-01 -5.70118E-05 1.66723E-02 
9.19998E+01 -2.00002E-01 -5.72579E-05 1.16545E-02 
9.20998E+01 -2.05001E-01 -5.75035E-05 6.63988E-03 
9.21998E+01 -2.10001E-01 -5.77482E-05 1.66392E-03 
9.22998E+01 -2.15001E-01 -5.80076E-05 -3.32760E-03
9.23998E+01 -2.20001E-01 -5.82846E-05 -8.34979E-03
9.24998E+01 -2.25001E-01 -5.85743E-05 -1.33613E-02
9.25998E+01 -2.30001E-01 -5.88778E-05 -1.83785E-02
9.26998E+01 -2.35001E-01 -5.91967E-05 -2.33625E-02
9.27998E+01 -2.40001E-01 -5.95319E-05 -2.83628E-02
9.28998E+01 -2.45001E-01 -5.98835E-05 -3.33475E-02
9.29998E+01 -2.50001E-01 -6.02432E-05 -3.83803E-02
9.30998E+01 -2.55001E-01 -6.06156E-05 -4.33625E-02
9.31998E+01 -2.60001E-01 -6.09976E-05 -4.83640E-02
9.32998E+01 -2.65001E-01 -6.13908E-05 -5.33662E-02
9.33998E+01 -2.70001E-01 -6.17853E-05 -5.84045E-02
9.34998E+01 -2.75001E-01 -6.21916E-05 -6.33780E-02
9.35998E+01 -2.80001E-01 -6.26074E-05 -6.83695E-02
9.36998E+01 -2.85001E-01 -6.30319E-05 -7.33605E-02
9.37998E+01 -2.90001E-01 -6.34766E-05 -7.84032E-02
9.38998E+01 -2.95001E-01 -6.39345E-05 -8.34004E-02
9.39998E+01 -3.00001E-01 -6.44072E-05 -8.83801E-02
9.40998E+01 -3.05001E-01 -6.49078E-05 -9.33816E-02
9.41998E+01 -3.10001E-01 -6.54331E-05 -9.84106E-02
9.42998E+01 -3.15001E-01 -6.59852E-05 -1.03407E-01
9.43998E+01 -3.20001E-01 -6.65626E-05 -1.08379E-01
9.44998E+01 -3.25001E-01 -6.71694E-05 -1.13385E-01
9.45998E+01 -3.30001E-01 -6.78217E-05 -1.18406E-01
9.46998E+01 -3.35001E-01 -6.85147E-05 -1.23414E-01
9.47998E+01 -3.40001E-01 -6.92582E-05 -1.28401E-01
9.48998E+01 -3.45001E-01 -7.00434E-05 -1.33389E-01
9.49998E+01 -3.50001E-01 -7.08612E-05 -1.38391E-01
9.50998E+01 -3.55001E-01 -7.17072E-05 -1.43410E-01
9.51998E+01 -3.60001E-01 -7.25639E-05 -1.48407E-01
9.52998E+01 -3.65001E-01 -7.34256E-05 -1.53394E-01
9.53998E+01 -3.70001E-01 -7.42760E-05 -1.58400E-01
9.54998E+01 -3.75001E-01 -7.51281E-05 -1.63409E-01
9.55998E+01 -3.80001E-01 -7.59851E-05 -1.68424E-01
9.56998E+01 -3.85001E-01 -7.68321E-05 -1.73444E-01
9.57998E+01 -3.90001E-01 -7.76676E-05 -1.78468E-01
9.58998E+01 -3.95001E-01 -7.84974E-05 -1.83449E-01
9.59998E+01 -4.00001E-01 -7.93119E-05 -1.88453E-01
9.60998E+01 -4.05001E-01 -8.01060E-05 -1.93445E-01
9.61998E+01 -4.10001E-01 -8.08759E-05 -1.98460E-01
9.62998E+01 -4.15001E-01 -8.16144E-05 -2.03446E-01
9.63998E+01 -4.20001E-01 -8.23375E-05 -2.08435E-01
9.64998E+01 -4.25001E-01 -8.30114E-05 -2.13467E-01
9.65998E+01 -4.30001E-01 -8.36692E-05 -2.18445E-01
9.66998E+01 -4.35001E-01 -8.43072E-05 -2.23436E-01
9.67998E+01 -4.40001E-01 -8.49349E-05 -2.28428E-01
9.68998E+01 -4.45001E-01 -8.55385E-05 -2.33465E-01
9.69998E+01 -4.50001E-01 -8.61347E-05 -2.38468E-01
9.70998E+01 -4.55001E-01 -8.67574E-05 -2.43457E-01
9.71998E+01 -4.60001E-01 -8.72779E-05 -2.48471E-01
9.72998E+01 -4.65001E-01 -8.77843E-05 -2.53491E-01
9.73998E+01 -4.70001E-01 -8.82781E-05 -2.58491E-01
9.74998E+01 -4.75001E-01 -8.87796E-05 -2.63510E-01
9.75998E+01 -4.80001E-01 -8.92718E-05 -2.68509E-01
9.76998E+01 -4.85001E-01 -8.97723E-05 -2.73487E-01
9.77998E+01 -4.90001E-01 -9.02907E-05 -2.78503E-01
9.78998E+01 -4.95001E-01 -9.08350E-05 -2.83526E-01
9.79998E+01 -5.00001E-01 -9.14965E-05 -2.88507E-01
9.80998E+01 -5.05001E-01 -9.23178E-05 -2.93488E-01
9.81998E+01 -5.10001E-01 -9.26165E-05 -2.98498E-01
9.82998E+01 -5.15001E-01 -9.26237E-05 -3.03521E-01
9.83998E+01 -5.20001E-01 -9.29020E-05 -3.08506E-01
9.84998E+01 -5.25001E-01 -9.33472E-05 -3.13489E-01
9.85998E+01 -5.30001E-01 -9.38347E-05 -3.18507E-01
9.86998E+01 -5.35001E-01 -9.43343E-05 -3.23508E-01
9.87998E+01 -5.40001E-01 -9.45916E-05 -3.28524E-01
9.88998E+01 -5.45001E-01 -9.45904E-05 -3.33504E-01
9.89998E+01 -5.50001E-01 -9.48034E-05 -3.38530E-01
9.90998E+01 -5.55001E-01 -9.51539E-05 -3.43494E-01
9.91998E+01 -5.60001E-01 -9.54394E-05 -3.48514E-01
9.92998E+01 -5.65001E-01 -9.57430E-05 -3.53546E-01
9.93998E+01 -5.70001E-01 -9.60488E-05 -3.58520E-01
9.94998E+01 -5.75001E-01 -9.63547E-05 -3.63536E-01
9.95998E+01 -5.80001E-01 -9.66524E-05 -3.68528E-01
9.96998E+01 -5.85001E-01 -9.69727E-05 -3.73554E-01
9.97998E+01 -5.90001E-01 -9.72350E-05 -3.78524E-01
9.98998E+01 -5.95001E-01 -9.74703E-05 -3.83508E-01
9.99997E+01 -6.00001E-01 -9.76916E-05 -3.88526E-01
1.00100E+02 -6.05000E-01 -9.78904E-05 -3.93549E-01
1.00200E+02 -6.10000E-01 -9.80712E-05 -3.98560E-01
1.00300E+02 -6.15000E-01 -9.82817E-05 -4.03542E-01
1.00400E+02 -6.20000E-01 -9.84731E-05 -4.08536E-01
1.00500E+02 -6.25000E-01 -9.86439E-05 -4.13579E-01
1.00600E+02 -6.30000E-01 -9.88981E-05 -4.18564E-01
1.00700E+02 -6.35000E-01 -9.91048E-05 -4.23543E-01
1.00800E+02 -6.40000E-01 -9.92841E-05 -4.28551E-01
1.00900E+02 -6.45000E-01 -9.94527E-05 -4.33547E-01
1.01000E+02 -6.50000E-01 -9.95678E-05 -4.38579E-01
1.01100E+02 -6.55000E-01 -9.96889E-05 -4.43575E-01
1.01200E+02 -6.60000E-01 -9.98903E-05 -4.48564E-01
1.01300E+02 -6.65000E-01 -1.00209E-04 -4.53574E-01
1.01400E+02 -6.70000E-01 -1.00631E-04 -4.58587E-01
1.01500E+02 -6.75000E-01 -1.01198E-04 -4.63566E-01
1.01600E+02 -6.80000E-01 -1.01844E-04 -4.68563E-01
1.01700E+02 -6.85000E-01 -1.02371E-04 -4.73585E-01
1.01800E+02 -6.90000E-01 -1.02696E-04 -4.78574E-01
1.01900E+02 -6.95000E-01 -1.02822E-04 -4.83582E-01
1.02000E+02 -7.00000E-01 -1.02866E-04 -4.88593E-01
1.02100E+02 -7.05000E-01 -1.02845E-04 -4.93594E-01
1.02200E+02 -7.10000E-01 -1.02943E-04 -4.98600E-01
1.02300E+02 -7.15000E-01 -1.03111E-04 -5.03613E-01
1.02400E+02 -7.20000E-01 -1.03202E-04 -5.08625E-01
1.02500E+02 -7.25000E-01 -1.03331E-04 -5.13629E-01
1.02600E+02 -7.30000E-01 -1.03584E-04 -5.18638E-01
1.02700E+02 -7.35000E-01 -1.03929E-04 -5.23619E-01
1.02800E+02 -7.40000E-01 -1.04184E-04 -5.28654E-01
1.02900E+02 -7.45000E-01 -1.04409E-04 -5.33658E-01
1.03000E+02 -7.50000E-01 -1.04645E-04 -5.38662E-01
1.03100E+02 -7.55000E-01 -1.04912E-04 -5.43639E-01
1.03200E+02 -7.60000E-01 -1.05182E-04 -5.48663E-01
1.03300E+02 -7.65000E-01 -1.05451E-04 -5.53672E-01
1.03400E+02 -7.70000E-01 -1.05718E-04 -5.58658E-01
1.03500E+02 -7.75000E-01 -1.05984E-04 -5.63662E-01
1.03600E+02 -7.80000E-01 -1.06285E-04 -5.68655E-01
1.03700E+02 -7.85000E-01 -1.06577E-04 -5.73671E-01
1.03800E+02 -7.90000E-01 -1.06866E-04 -5.78669E-01
1.03900E+02 -7.95000E-01 -1.07186E-04 -5.83650E-01
