time/s      E/V        I/A
0.00000E+00 -8.00000E-01 -3.74610E-05 -7.32670E-01
9.99997E-02 -7.95000E-01 -3.61264E-05 -7.27698E-01
1.99999E-01 -7.90000E-01 -3.50506E-05 -7.22679E-01
2.99999E-01 -7.85000E-01 -3.40908E-05 -7.17675E-01
3.99999E-01 -7.80000E-01 -3.31985E-05 -7.12674E-01
4.99999E-01 -7.75000E-01 -3.23703E-05 -7.07657E-01
5.99998E-01 -7.70000E-01 -3.15952E-05 -7.02660E-01
6.99998E-01 -7.65000E-01 -3.08570E-05 -6.97680E-01
7.99998E-01 -7.60000E-01 -3.01561E-05 -6.92658E-01
8.99998E-01 -7.55000E-01 -2.94896E-05 -6.87667E-01
9.99997E-01 -7.50000E-01 -2.88487E-05 -6.82667E-01
1.10000E+00 -7.45000E-01 -2.82307E-05 -6.77658E-01
1.20000E+00 -7.40000E-01 -2.76360E-05 -6.72665E-01
1.30000E+00 -7.35000E-01 -2.70650E-05 -6.67633E-01
1.40000E+00 -7.30000E-01 -2.65132E-05 -6.62638E-01
1.50000E+00 -7.25000E-01 -2.59719E-05 -6.57655E-01
1.60000E+00 -7.20000E-01 -2.54525E-05 -6.52630E-01
1.70000E+00 -7.15000E-01 -2.49411E-05 -6.47600E-01
1.80000E+00 -7.10000E-01 -2.44483E-05 -6.42624E-01
1.90000E+00 -7.05000E-01 -2.39659E-05 -6.37619E-01
1.99999E+00 -7.00000E-01 -2.35015E-05 -6.32610E-01
2.09999E+00 -6.95000E-01 -2.30438E-05 -6.27599E-01
2.19999E+00 -6.90000E-01 -2.25963E-05 -6.22614E-01
2.29999E+00 -6.85000E-01 -2.21611E-05 -6.17619E-01
2.39999E+00 -6.80000E-01 -2.17341E-05 -6.12629E-01
2.49999E+00 -6.75000E-01 -2.13165E-05 -6.07596E-01
2.59999E+00 -6.70000E-01 -2.09094E-05 -6.02601E-01
2.69999E+00 -6.65000E-01 -2.05074E-05 -5.97609E-01
2.79999E+00 -6.60000E-01 -2.01118E-05 -5.92611E-01
2.89999E+00 -6.55000E-01 -1.97244E-05 -5.87581E-01
2.99999E+00 -6.50000E-01 -1.93476E-05 -5.82577E-01
3.09999E+00 -6.45000E-01 -1.89713E-05 -5.77596E-01
3.19999E+00 -6.40000E-01 -1.86028E-05 -5.72603E-01
3.29999E+00 -6.35000E-01 -1.82442E-05 -5.67593E-01
3.39999E+00 -6.30000E-01 -1.78845E-05 -5.62574E-01
3.49999E+00 -6.25000E-01 -1.75360E-05 -5.57576E-01
3.59999E+00 -6.20000E-01 -1.71918E-05 -5.52586E-01
3.69999E+00 -6.15000E-01 -1.68536E-05 -5.47563E-01
3.79999E+00 -6.10000E-01 -1.65179E-05 -5.42583E-01
3.89999E+00 -6.05000E-01 -1.61897E-05 -5.37581E-01
3.99999E+00 -6.00001E-01 -1.58639E-05 -5.32614E-01
4.09999E+00 -5.95001E-01 -1.55495E-05 -5.27606E-01
4.19999E+00 -5.90001E-01 -1.52354E-05 -5.22576E-01
4.29999E+00 -5.85001E-01 -1.49279E-05 -5.17592E-01
4.39999E+00 -5.80001E-01 -1.46265E-05 -5.12603E-01
4.49999E+00 -5.75001E-01 -1.43261E-05 -5.07594E-01
4.59999E+00 -5.70001E-01 -1.40356E-05 -5.02592E-01
4.69999E+00 -5.65001E-01 -1.37474E-05 -4.97591E-01
4.79999E+00 -5.60001E-01 -1.34666E-05 -4.92550E-01
4.89999E+00 -5.55001E-01 -1.31895E-05 -4.87553E-01
4.99999E+00 -5.50001E-01 -1.29202E-05 -4.82545E-01
5.09999E+00 -5.45001E-01 -1.26528E-05 -4.77544E-01
5.19999E+00 -5.40001E-01 -1.23903E-05 -4.72528E-01
5.29999E+00 -5.35001E-01 -1.21324E-05 -4.67507E-01
5.39999E+00 -5.30001E-01 -1.18802E-05 -4.62540E-01
5.49999E+00 -5.25001E-01 -1.16321E-05 -4.57552E-01
5.59999E+00 -5.20001E-01 -1.13879E-05 -4.52525E-01
5.69999E+00 -5.15001E-01 -1.11502E-05 -4.47510E-01
5.79999E+00 -5.10001E-01 -1.09140E-05 -4.42527E-01
5.89999E+00 -5.05001E-01 -1.06816E-05 -4.37529E-01
5.99998E+00 -5.00001E-01 -1.04556E-05 -4.32513E-01
6.09998E+00 -4.95001E-01 -1.02280E-05 -4.27484E-01
6.19998E+00 -4.90001E-01 -1.00080E-05 -4.22510E-01
6.29998E+00 -4.85001E-01 -9.78863E-06 -4.17503E-01
6.39998E+00 -4.80001E-01 -9.57566E-06 -4.12497E-01
6.49998E+00 -4.75001E-01 -9.36164E-06 -4.07505E-01
6.59998E+00 -4.70001E-01 -9.14874E-06 -4.02507E-01
6.69998E+00 -4.65001E-01 -8.94014E-06 -3.97505E-01
6.79998E+00 -4.60001E-01 -8.73384E-06 -3.92519E-01
6.89998E+00 -4.55001E-01 -8.53012E-06 -3.87506E-01
6.99998E+00 -4.50001E-01 -8.32799E-06 -3.82494E-01
7.09998E+00 -4.45001E-01 -8.12724E-06 -3.77478E-01
7.19998E+00 -4.40001E-01 -7.92954E-06 -3.72482E-01
7.29998E+00 -4.35001E-01 -7.73171E-06 -3.67496E-01
7.39998E+00 -4.30001E-01 -7.53733E-06 -3.62494E-01
7.49998E+00 -4.25001E-01 -7.34273E-06 -3.57492E-01
7.59998E+00 -4.20001E-01 -7.15162E-06 -3.52474E-01
7.69998E+00 -4.15001E-01 -6.96122E-06 -3.47477E-01
7.79998E+00 -4.10001E-01 -6.77417E-06 -3.42467E-01
7.89998E+00 -4.05001E-01 -6.58943E-06 -3.37482E-01
7.99998E+00 -4.00001E-01 -6.40395E-06 -3.32470E-01
8.09998E+00 -3.95001E-01 -6.22085E-06 -3.27469E-01
8.19998E+00 -3.90001E-01 -6.03882E-06 -3.22453E-01
8.29998E+00 -3.85001E-01 -5.86159E-06 -3.17439E-01
8.39998E+00 -3.80001E-01 -5.68416E-06 -3.12430E-01
8.49998E+00 -3.75001E-01 -5.50950E-06 -3.07437E-01
8.59998E+00 -3.70001E-01 -5.33676E-06 -3.02459E-01
8.69998E+00 -3.65001E-01 -5.16286E-06 -2.97436E-01
8.79998E+00 -3.60001E-01 -4.99205E-06 -2.92441E-01
8.89998E+00 -3.55001E-01 -4.82391E-06 -2.87445E-01
8.99998E+00 -3.50001E-01 -4.65436E-06 -2.82447E-01
9.09998E+00 -3.45001E-01 -4.48822E-06 -2.77428E-01
9.19998E+00 -3.40001E-01 -4.32424E-06 -2.72410E-01
9.29998E+00 -3.35001E-01 -4.16095E-06 -2.67423E-01
9.39998E+00 -3.30001E-01 -3.99511E-06 -2.62455E-01
9.49998E+00 -3.25001E-01 -3.83173E-06 -2.57435E-01
9.59998E+00 -3.20001E-01 -3.66899E-06 -2.52427E-01
9.69998E+00 -3.15001E-01 -3.55227E-06 -2.47434E-01
9.79998E+00 -3.10001E-01 -3.38771E-06 -2.42433E-01
9.89998E+00 -3.05001E-01 -3.22559E-06 -2.37425E-01
9.99997E+00 -3.00001E-01 -3.06208E-06 -2.32413E-01
1.01000E+01 -2.95001E-01 -2.89590E-06 -2.27418E-01
1.02000E+01 -2.90001E-01 -2.72956E-06 -2.22438E-01
1.03000E+01 -2.85001E-01 -2.56373E-06 -2.17457E-01
1.04000E+01 -2.80001E-01 -2.39438E-06 -2.12419E-01
1.05000E+01 -2.75001E-01 -2.22343E-06 -2.07409E-01
1.06000E+01 -2.70001E-01 -2.05474E-06 -2.02447E-01
1.07000E+01 -2.65001E-01 -1.88307E-06 -1.97427E-01
1.08000E+01 -2.60001E-01 -1.70768E-06 -1.92428E-01
1.09000E+01 -2.55001E-01 -1.53376E-06 -1.87399E-01
1.10000E+01 -2.50001E-01 -1.35784E-06 -1.82434E-01
1.11000E+01 -2.45001E-01 -1.17984E-06 -1.77414E-01
1.12000E+01 -2.40001E-01 -1.00018E-06 -1.72409E-01
1.13000E+01 -2.35001E-01 -8.20557E-07 -1.67409E-01
1.14000E+01 -2.30001E-01 -6.38301E-07 -1.62394E-01
1.15000E+01 -2.25001E-01 -4.51858E-07 -1.57392E-01
1.16000E+01 -2.20001E-01 -2.66574E-07 -1.52373E-01
1.17000E+01 -2.15001E-01 -7.89961E-08 -1.47389E-01
1.18000E+01 -2.10001E-01 1.07297E-07  -1.42408E-01
1.19000E+01 -2.05001E-01 2.97973E-07  -1.37371E-01
1.20000E+01 -2.00002E-01 4.85668E-07  -1.32368E-01
1.21000E+01 -1.95002E-01 6.77105E-07  -1.27375E-01
1.22000E+01 -1.90002E-01 8.68877E-07  -1.22385E-01
1.23000E+01 -1.85002E-01 1.06325E-06  -1.17369E-01
1.24000E+01 -1.80002E-01 1.25658E-06  -1.12352E-01
1.25000E+01 -1.75002E-01 1.45088E-06  -1.07360E-01
1.26000E+01 -1.70002E-01 1.64679E-06  -1.02408E-01
1.27000E+01 -1.65002E-01 1.84215E-06  -9.73689E-02
1.28000E+01 -1.60002E-01 2.04054E-06  -9.23417E-02
1.29000E+01 -1.55002E-01 2.24356E-06  -8.73402E-02
1.30000E+01 -1.50002E-01 2.44780E-06  -8.23636E-02
1.31000E+01 -1.45002E-01 2.65663E-06  -7.73434E-02
1.32000E+01 -1.40002E-01 2.86921E-06  -7.23405E-02
1.33000E+01 -1.35002E-01 3.09089E-06  -6.73327E-02
1.34000E+01 -1.30002E-01 3.31673E-06  -6.23424E-02
1.35000E+01 -1.25002E-01 3.55308E-06  -5.73347E-02
1.36000E+01 -1.20002E-01 3.79974E-06  -5.23050E-02
1.37000E+01 -1.15002E-01 4.05904E-06  -4.73047E-02
1.38000E+01 -1.10002E-01 4.33123E-06  -4.23313E-02
1.39000E+01 -1.05002E-01 4.61941E-06  -3.73098E-02
1.40000E+01 -1.00002E-01 4.92367E-06  -3.23107E-02
1.41000E+01 -9.50018E-02 5.24529E-06  -2.73085E-02
1.42000E+01 -9.00018E-02 5.58825E-06  -2.23132E-02
1.43000E+01 -8.50018E-02 5.95331E-06  -1.73323E-02
1.44000E+01 -8.00018E-02 6.34313E-06  -1.23051E-02
1.45000E+01 -7.50018E-02 6.75655E-06  -7.30110E-03
1.46000E+01 -7.00018E-02 7.20011E-06  -2.27461E-03
1.47000E+01 -6.50018E-02 7.67086E-06  2.71134E-03 
1.48000E+01 -6.00019E-02 8.17303E-06  7.69291E-03 
1.49000E+01 -5.50019E-02 8.70822E-06  1.27113E-02 
1.50000E+01 -5.00019E-02 9.28076E-06  1.77272E-02 
1.51000E+01 -4.50019E-02 9.88779E-06  2.27219E-02 
1.52000E+01 -4.00019E-02 1.05351E-05  2.77172E-02 
1.53000E+01 -3.50019E-02 1.12220E-05  3.27262E-02 
1.54000E+01 -3.00019E-02 1.19536E-05  3.77253E-02 
1.55000E+01 -2.50019E-02 1.27237E-05  4.27112E-02 
1.56000E+01 -2.00020E-02 1.35404E-05  4.77196E-02 
1.57000E+01 -1.50020E-02 1.44030E-05  5.27012E-02 
1.58000E+01 -1.00020E-02 1.53111E-05  5.77458E-02 
1.59000E+01 -5.00199E-03 1.62611E-05  6.27380E-02 
1.60000E+01 -2.00000E-06 1.72573E-05  6.77226E-02 
1.61000E+01 4.99799E-03  1.82880E-05  7.27386E-02 
1.62000E+01 9.99797E-03  1.93655E-05  7.77445E-02 
1.63000E+01 1.49980E-02  2.04777E-05  8.27666E-02 
1.64000E+01 1.99979E-02  2.16253E-05  8.77426E-02 
1.65000E+01 2.49979E-02  2.28601E-05  9.27404E-02 
1.66000E+01 2.99979E-02  2.40611E-05  9.77563E-02 
1.67000E+01 3.49979E-02  2.52851E-05  1.02752E-01 
1.68000E+01 3.99979E-02  2.65243E-05  1.07731E-01 
1.69000E+01 4.49979E-02  2.77776E-05  1.12747E-01 
1.70000E+01 4.99979E-02  2.90278E-05  1.17756E-01 
1.71000E+01 5.49979E-02  3.02761E-05  1.22783E-01 
1.72000E+01 5.99978E-02  3.15090E-05  1.27774E-01 
1.73000E+01 6.49978E-02  3.27212E-05  1.32765E-01 
1.74000E+01 6.99978E-02  3.38954E-05  1.37783E-01 
1.75000E+01 7.49978E-02  3.50337E-05  1.42792E-01 
1.76000E+01 7.99978E-02  3.61015E-05  1.47767E-01 
1.77000E+01 8.49978E-02  3.71034E-05  1.52796E-01 
1.78000E+01 8.99978E-02  3.80220E-05  1.57805E-01 
1.79000E+01 9.49978E-02  3.88540E-05  1.62808E-01 
1.80000E+01 9.99977E-02  3.95845E-05  1.67781E-01 
1.81000E+01 1.04998E-01  4.02295E-05  1.72801E-01 
1.82000E+01 1.09998E-01  4.07902E-05  1.77823E-01 
1.83000E+01 1.14998E-01  4.12977E-05  1.82792E-01 
1.84000E+01 1.19998E-01  4.17644E-05  1.87812E-01 
1.85000E+01 1.24998E-01  4.22187E-05  1.92805E-01 
1.86000E+01 1.29998E-01  4.26775E-05  1.97822E-01 
1.87000E+01 1.34998E-01  4.31427E-05  2.02829E-01 
1.88000E+01 1.39998E-01  4.36172E-05  2.07797E-01 
1.89000E+01 1.44998E-01  4.40902E-05  2.12807E-01 
1.90000E+01 1.49998E-01  4.45406E-05  2.17830E-01 
1.91000E+01 1.54998E-01  4.49559E-05  2.22847E-01 
1.92000E+01 1.59998E-01  4.53420E-05  2.27826E-01 
1.93000E+01 1.64998E-01  4.57017E-05  2.32819E-01 
1.94000E+01 1.69998E-01  4.60784E-05  2.37835E-01 
1.95000E+01 1.74998E-01  4.65431E-05  2.42837E-01 
1.96000E+01 1.79998E-01  4.72237E-05  2.47829E-01 
1.97000E+01 1.84998E-01  4.82029E-05  2.52833E-01 
1.98000E+01 1.89998E-01  4.95364E-05  2.57856E-01 
1.99000E+01 1.94998E-01  5.11756E-05  2.62854E-01 
1.99999E+01 1.99997E-01  5.30286E-05  2.67841E-01 
2.00999E+01 2.04997E-01  5.49584E-05  2.72843E-01 
2.01999E+01 2.09997E-01  5.68402E-05  2.77842E-01 
2.02999E+01 2.14997E-01  5.85872E-05  2.82860E-01 
2.03999E+01 2.19997E-01  6.01165E-05  2.87826E-01 
2.04999E+01 2.24997E-01  6.13312E-05  2.92837E-01 
2.05999E+01 2.29997E-01  6.21497E-05  2.97841E-01 
2.06999E+01 2.34997E-01  6.24500E-05  3.02873E-01 
2.07999E+01 2.39997E-01  6.20894E-05  3.07880E-01 
2.08999E+01 2.44997E-01  6.09967E-05  3.12880E-01 
2.09999E+01 2.49997E-01  5.91415E-05  3.17897E-01 
2.10999E+01 2.54997E-01  5.66423E-05  3.22864E-01 
2.11999E+01 2.59997E-01  5.36367E-05  3.27864E-01 
2.12999E+01 2.64997E-01  5.02711E-05  3.32879E-01 
2.13999E+01 2.69997E-01  4.67498E-05  3.37850E-01 
2.14999E+01 2.74997E-01  4.34955E-05  3.42864E-01 
2.15999E+01 2.79997E-01  4.11095E-05  3.47865E-01 
2.16999E+01 2.84997E-01  3.96642E-05  3.52873E-01 
2.17999E+01 2.89997E-01  3.89379E-05  3.57887E-01 
2.18999E+01 2.94997E-01  3.86492E-05  3.62883E-01 
2.19999E+01 2.99997E-01  3.86158E-05  3.67895E-01 
2.20999E+01 3.04997E-01  3.87317E-05  3.72919E-01 
2.21999E+01 3.09997E-01  3.89286E-05  3.77921E-01 
2.22999E+01 3.14997E-01  3.91783E-05  3.82897E-01 
2.23999E+01 3.19997E-01  3.94732E-05  3.87906E-01 
2.24999E+01 3.24997E-01  3.97908E-05  3.92925E-01 
2.25999E+01 3.29997E-01  4.01313E-05  3.97913E-01 
2.26999E+01 3.34997E-01  4.04935E-05  4.02922E-01 
2.27999E+01 3.39997E-01  4.08510E-05  4.07917E-01 
2.28999E+01 3.44997E-01  4.12546E-05  4.12935E-01 
2.29999E+01 3.49997E-01  4.16854E-05  4.17946E-01 
2.30999E+01 3.54997E-01  4.21231E-05  4.22925E-01 
2.31999E+01 3.59997E-01  4.25714E-05  4.27936E-01 
2.32999E+01 3.64997E-01  4.30311E-05  4.32923E-01 
2.33999E+01 3.69997E-01  4.35009E-05  4.37958E-01 
2.34999E+01 3.74997E-01  4.39961E-05  4.42943E-01 
2.35999E+01 3.79997E-01  4.44621E-05  4.47937E-01 
2.36999E+01 3.84997E-01  4.50118E-05  4.52959E-01 
2.37999E+01 3.89997E-01  4.55332E-05  4.57978E-01 
2.38999E+01 3.94997E-01  4.60463E-05  4.62958E-01 
2.39999E+01 3.99997E-01  4.65732E-05  4.67972E-01 
2.40999E+01 4.04997E-01  4.70987E-05  4.72973E-01 
2.41999E+01 4.09997E-01  4.76249E-05  4.77990E-01 
2.42999E+01 4.14997E-01  4.81478E-05  4.82966E-01 
2.43999E+01 4.19997E-01  4.86680E-05  4.87987E-01 
2.44999E+01 4.24997E-01  4.91747E-05  4.92997E-01 
2.45999E+01 4.29997E-01  4.96576E-05  4.97986E-01 
2.46999E+01 4.34997E-01  5.01529E-05  5.02971E-01 
2.47999E+01 4.39997E-01  5.06126E-05  5.07995E-01 
2.48999E+01 4.44997E-01  5.10618E-05  5.13007E-01 
2.49999E+01 4.49997E-01  5.14868E-05  5.17990E-01 
2.50999E+01 4.54997E-01  5.18852E-05  5.22991E-01 
2.51999E+01 4.59997E-01  5.22538E-05  5.27986E-01 
2.52999E+01 4.64997E-01  5.25912E-05  5.33016E-01 
2.53999E+01 4.69997E-01  5.28999E-05  5.37996E-01 
2.54999E+01 4.74997E-01  5.31699E-05  5.42989E-01 
2.55999E+01 4.79997E-01  5.34009E-05  5.47995E-01 
2.56999E+01 4.84997E-01  5.35954E-05  5.53014E-01 
2.57999E+01 4.89997E-01  5.37438E-05  5.58014E-01 
2.58999E+01 4.94997E-01  5.38352E-05  5.63010E-01 
2.59999E+01 4.99997E-01  5.38842E-05  5.67996E-01 
2.60999E+01 5.04997E-01  5.38746E-05  5.73033E-01 
2.61999E+01 5.09997E-01  5.37976E-05  5.78013E-01 
2.62999E+01 5.14997E-01  5.36559E-05  5.83003E-01 
2.63999E+01 5.19997E-01  5.34419E-05  5.88043E-01 
2.64999E+01 5.24997E-01  5.31541E-05  5.93013E-01 
2.65999E+01 5.29997E-01  5.27779E-05  5.98036E-01 
2.66999E+01 5.34997E-01  5.23130E-05  6.03025E-01 
2.67999E+01 5.39997E-01  5.17582E-05  6.08012E-01 
2.68999E+01 5.44997E-01  5.11237E-05  6.13025E-01 
2.69999E+01 5.49997E-01  5.03997E-05  6.18014E-01 
2.70999E+01 5.54997E-01  4.96053E-05  6.23004E-01 
2.71999E+01 5.59997E-01  4.87496E-05  6.28022E-01 
2.72999E+01 5.64997E-01  4.78588E-05  6.33026E-01 
2.73999E+01 5.69997E-01  4.69431E-05  6.38069E-01 
2.74999E+01 5.74997E-01  4.60447E-05  6.43052E-01 
2.75999E+01 5.79997E-01  4.51866E-05  6.48061E-01 
2.76999E+01 5.84997E-01  4.43840E-05  6.53072E-01 
2.77999E+01 5.89997E-01  4.36599E-05  6.58073E-01 
2.78999E+01 5.94997E-01  4.30096E-05  6.63033E-01 
2.79999E+01 5.99996E-01  4.24587E-05  6.68044E-01 
2.80999E+01 6.04996E-01  4.19910E-05  6.73049E-01 
2.81999E+01 6.09996E-01  4.15944E-05  6.78083E-01 
2.82999E+01 6.14996E-01  4.12691E-05  6.83059E-01 
2.83999E+01 6.19996E-01  4.10057E-05  6.88070E-01 
2.84999E+01 6.24996E-01  4.07971E-05  6.93049E-01 
2.85999E+01 6.29996E-01  4.06374E-05  6.98071E-01 
2.86999E+01 6.34996E-01  4.05138E-05  7.03089E-01 
2.87999E+01 6.39996E-01  4.04357E-05  7.08073E-01 
2.88999E+01 6.44996E-01  4.03812E-05  7.13071E-01 
2.89999E+01 6.49996E-01  4.03559E-05  7.18080E-01 
2.90999E+01 6.54996E-01  4.03506E-05  7.23079E-01 
2.91999E+01 6.59996E-01  4.03660E-05  7.28065E-01 
2.92999E+01 6.64996E-01  4.03879E-05  7.33097E-01 
2.93999E+01 6.69996E-01  4.04384E-05  7.38117E-01 
2.94999E+01 6.74996E-01  4.04972E-05  7.43108E-01 
2.95999E+01 6.79996E-01  4.05685E-05  7.48105E-01 
2.96999E+01 6.84996E-01  4.06511E-05  7.53105E-01 
2.97999E+01 6.89996E-01  4.07466E-05  7.58121E-01 
2.98999E+01 6.94996E-01  4.08487E-05  7.63130E-01 
2.99999E+01 6.99996E-01  4.09587E-05  7.68114E-01 
3.00999E+01 7.04996E-01  4.10805E-05  7.73120E-01 
3.01999E+01 7.09996E-01  4.11997E-05  7.78132E-01 
3.02999E+01 7.14996E-01  4.13432E-05  7.83125E-01 
3.03999E+01 7.19996E-01  4.14893E-05  7.88154E-01 
3.04999E+01 7.24996E-01  4.16415E-05  7.93141E-01 
3.05999E+01 7.29996E-01  4.18051E-05  7.98158E-01 
3.06999E+01 7.34996E-01  4.19736E-05  8.03138E-01 
3.07999E+01 7.39996E-01  4.21544E-05  8.08175E-01 
3.08999E+01 7.44996E-01  4.23376E-05  8.13181E-01 
3.09999E+01 7.49996E-01  4.25245E-05  8.18162E-01 
3.10999E+01 7.54996E-01  4.27240E-05  8.23142E-01 
3.11999E+01 7.59996E-01  4.29279E-05  8.28150E-01 
3.12999E+01 7.64996E-01  4.31399E-05  8.33156E-01 
3.13999E+01 7.69996E-01  4.33920E-05  8.38187E-01 
3.14999E+01 7.74996E-01  4.35933E-05  8.43163E-01 
3.15999E+01 7.79996E-01  4.38120E-05  8.48167E-01 
3.16999E+01 7.84996E-01  4.40465E-05  8.53196E-01 
3.17999E+01 7.89996E-01  4.42749E-05  8.58193E-01 
3.18999E+01 7.94996E-01  4.45149E-05  8.63192E-01 
3.19999E+01 7.99996E-01  4.47528E-05  8.68174E-01 
3.20999E+01 8.04996E-01  4.49936E-05  8.73185E-01 
3.21999E+01 8.09996E-01  4.52330E-05  8.78178E-01 
3.22999E+01 8.14996E-01  4.54730E-05  8.83184E-01 
3.23999E+01 8.19996E-01  4.57175E-05  8.88184E-01 
3.24999E+01 8.24996E-01  4.59665E-05  8.93176E-01 
3.25999E+01 8.29996E-01  4.62072E-05  8.98184E-01 
3.26999E+01 8.34996E-01  4.64546E-05  9.03185E-01 
3.27999E+01 8.39996E-01  4.66964E-05  9.08172E-01 
3.28999E+01 8.44996E-01  4.69330E-05  9.13207E-01 
3.29999E+01 8.49996E-01  4.71660E-05  9.18210E-01 
3.30999E+01 8.54996E-01  4.73939E-05  9.23202E-01 
3.31999E+01 8.59996E-01  4.76143E-05  9.28186E-01 
3.32999E+01 8.64996E-01  4.78091E-05  9.33210E-01 
3.33999E+01 8.69996E-01  4.80218E-05  9.38215E-01 
3.34999E+01 8.74996E-01  4.82013E-05  9.43225E-01 
3.35999E+01 8.79996E-01  4.83572E-05  9.48205E-01 
3.36999E+01 8.84996E-01  4.85107E-05  9.53196E-01 
3.37999E+01 8.89996E-01  4.86342E-05  9.58227E-01 
3.38999E+01 8.94996E-01  4.87427E-05  9.63229E-01 
3.39999E+01 8.99996E-01  4.88515E-05  9.68242E-01 
3.40999E+01 9.04996E-01  4.89551E-05  9.73224E-01 
3.41999E+01 9.09996E-01  4.90814E-05  9.78229E-01 
3.42999E+01 9.14996E-01  4.92177E-05  9.83251E-01 
3.43999E+01 9.19996E-01  4.93563E-05  9.88250E-01 
3.44999E+01 9.24996E-01  4.95101E-05  9.93259E-01 
3.45999E+01 9.29996E-01  4.96889E-05  9.98222E-01 
3.46999E+01 9.34996E-01  4.98352E-05  1.00323E+00 
3.47999E+01 9.39996E-01  4.99897E-05  1.00825E+00 
3.48999E+01 9.44996E-01  5.01739E-05  1.01327E+00 
3.49999E+01 9.49996E-01  5.03428E-05  1.01826E+00 
3.50999E+01 9.54996E-01  5.05045E-05  1.02324E+00 
3.51999E+01 9.59996E-01  5.06616E-05  1.02825E+00 
3.52999E+01 9.64996E-01  5.08075E-05  1.03327E+00 
3.53999E+01 9.69996E-01  5.09513E-05  1.03826E+00 
3.54999E+01 9.74996E-01  5.10754E-05  1.04325E+00 
3.55999E+01 9.79996E-01  5.11848E-05  1.04826E+00 
3.56999E+01 9.84996E-01  5.12867E-05  1.05330E+00 
3.57999E+01 9.89996E-01  5.13721E-05  1.05829E+00 
3.58999E+01 9.94996E-01  5.14437E-05  1.06327E+00 
3.59999E+01 9.99995E-01  5.14922E-05  1.06828E+00 
3.60999E+01 1.00500E+00  5.15622E-05  1.07330E+00 
3.61999E+01 1.01000E+00  5.16170E-05  1.07827E+00 
3.62999E+01 1.01500E+00  5.16618E-05  1.08326E+00 
3.63999E+01 1.02000E+00  5.16820E-05  1.08830E+00 
3.64999E+01 1.02500E+00  5.16970E-05  1.09329E+00 
3.65999E+01 1.03000E+00  5.16849E-05  1.09828E+00 
3.66999E+01 1.03500E+00  5.16766E-05  1.10329E+00 
3.67999E+01 1.04000E+00  5.16773E-05  1.10830E+00 
3.68999E+01 1.04500E+00  5.16673E-05  1.11332E+00 
3.69999E+01 1.05000E+00  5.16234E-05  1.11835E+00 
3.70999E+01 1.05500E+00  5.15960E-05  1.12333E+00 
3.71999E+01 1.06000E+00  5.15581E-05  1.12835E+00 
3.72999E+01 1.06500E+00  5.15091E-05  1.13334E+00 
3.73999E+01 1.07000E+00  5.14377E-05  1.13833E+00 
3.74999E+01 1.07500E+00  5.13487E-05  1.14334E+00 
3.75999E+01 1.08000E+00  5.12862E-05  1.14835E+00 
3.76999E+01 1.08500E+00  5.11926E-05  1.15335E+00 
3.77999E+01 1.09000E+00  5.11041E-05  1.15835E+00 
3.78999E+01 1.09500E+00  5.10299E-05  1.16335E+00 
3.79999E+01 1.10000E+00  5.09412E-05  1.16836E+00 
3.80999E+01 1.10500E+00  5.08544E-05  1.17336E+00 
3.81999E+01 1.11000E+00  5.07750E-05  1.17835E+00 
3.82999E+01 1.11500E+00  5.07065E-05  1.18334E+00 
3.83999E+01 1.12000E+00  5.06556E-05  1.18836E+00 
3.84999E+01 1.12500E+00  5.06309E-05  1.19336E+00 
3.85999E+01 1.13000E+00  5.06213E-05  1.19834E+00 
3.86999E+01 1.13500E+00  5.06118E-05  1.20335E+00 
3.87999E+01 1.14000E+00  5.06081E-05  1.20835E+00 
3.88999E+01 1.14500E+00  5.06088E-05  1.21337E+00 
3.89999E+01 1.15000E+00  5.06181E-05  1.21835E+00 
3.90999E+01 1.15500E+00  5.06314E-05  1.22335E+00 
3.91999E+01 1.16000E+00  5.06733E-05  1.22836E+00 
3.92999E+01 1.16500E+00  5.07232E-05  1.23335E+00 
3.93999E+01 1.17000E+00  5.07764E-05  1.23836E+00 
3.94999E+01 1.17500E+00  5.08650E-05  1.24337E+00 
3.95999E+01 1.18000E+00  5.09453E-05  1.24838E+00 
3.96999E+01 1.18500E+00  5.10518E-05  1.25338E+00 
3.97999E+01 1.19000E+00  5.11527E-05  1.25838E+00 
3.98999E+01 1.19500E+00  5.12861E-05  1.26338E+00 
3.99999E+01 1.19999E+00  5.14510E-05  1.26838E+00 
4.00999E+01 1.20499E+00  5.16323E-05  1.27340E+00 
4.01999E+01 1.20999E+00  5.18523E-05  1.27839E+00 
4.02999E+01 1.21499E+00  5.20819E-05  1.28339E+00 
4.03999E+01 1.21999E+00  5.23367E-05  1.28839E+00 
4.04999E+01 1.22499E+00  5.26204E-05  1.29341E+00 
4.05999E+01 1.22999E+00  5.29326E-05  1.29842E+00 
4.06999E+01 1.23499E+00  5.32765E-05  1.30343E+00 
4.07999E+01 1.23999E+00  5.36442E-05  1.30843E+00 
4.08999E+01 1.24499E+00  5.40361E-05  1.31344E+00 
4.09999E+01 1.24999E+00  5.44625E-05  1.31845E+00 
4.10999E+01 1.25499E+00  5.49545E-05  1.32344E+00 
4.11999E+01 1.25999E+00  5.56316E-05  1.32842E+00 
4.12999E+01 1.26499E+00  5.60302E-05  1.33345E+00 
4.13999E+01 1.26999E+00  5.64972E-05  1.33845E+00 
4.14999E+01 1.27499E+00  5.70691E-05  1.34345E+00 
4.15999E+01 1.27999E+00  5.76515E-05  1.34844E+00 
4.16999E+01 1.28499E+00  5.82637E-05  1.35344E+00 
4.17999E+01 1.28999E+00  5.91347E-05  1.35845E+00 
4.18999E+01 1.29499E+00  5.98058E-05  1.36343E+00 
4.19999E+01 1.29999E+00  6.04343E-05  1.36843E+00 
4.20999E+01 1.30499E+00  6.11672E-05  1.37343E+00 
4.21999E+01 1.30999E+00  6.19527E-05  1.37844E+00 
4.22999E+01 1.31499E+00  6.27716E-05  1.38344E+00 
4.23999E+01 1.31999E+00  6.36447E-05  1.38844E+00 
4.24999E+01 1.32499E+00  6.45581E-05  1.39344E+00 
4.25999E+01 1.32999E+00  6.55213E-05  1.39846E+00 
4.26999E+01 1.33499E+00  6.65333E-05  1.40345E+00 
4.27999E+01 1.33999E+00  6.75974E-05  1.40845E+00 
4.28999E+01 1.34499E+00  6.86798E-05  1.41346E+00 
4.29999E+01 1.34999E+00  6.98013E-05  1.41848E+00 
4.30999E+01 1.35499E+00  7.09646E-05  1.42349E+00 
4.31999E+01 1.35999E+00  7.21779E-05  1.42848E+00 
4.32999E+01 1.36499E+00  7.34399E-05  1.43350E+00 
4.33999E+01 1.36999E+00  7.47433E-05  1.43850E+00 
4.34999E+01 1.37499E+00  7.60690E-05  1.44349E+00 
4.35999E+01 1.37999E+00  7.74422E-05  1.44852E+00 
4.36999E+01 1.38499E+00  7.88635E-05  1.45351E+00 
4.37999E+01 1.38999E+00  8.03281E-05  1.45850E+00 
4.38999E+01 1.39499E+00  8.18228E-05  1.46351E+00 
4.39999E+01 1.39999E+00  8.33707E-05  1.46850E+00 
4.40999E+01 1.40499E+00  8.49578E-05  1.47352E+00 
4.41999E+01 1.40999E+00  8.65932E-05  1.47849E+00 
4.42999E+01 1.41499E+00  8.82645E-05  1.48349E+00 
4.43999E+01 1.41999E+00  9.00515E-05  1.48852E+00 
4.44999E+01 1.42499E+00  9.17778E-05  1.49351E+00 
4.45999E+01 1.42999E+00  9.35638E-05  1.49851E+00 
4.46999E+01 1.43499E+00  9.53892E-05  1.50350E+00 
4.47999E+01 1.43999E+00  9.72614E-05  1.50851E+00 
4.48999E+01 1.44499E+00  9.91895E-05  1.51350E+00 
4.49999E+01 1.44999E+00  1.01139E-04  1.51852E+00 
4.50999E+01 1.45499E+00  1.03148E-04  1.52352E+00 
4.51999E+01 1.45999E+00  1.05195E-04  1.52852E+00 
4.52999E+01 1.46499E+00  1.07268E-04  1.53354E+00 
4.53999E+01 1.46999E+00  1.09403E-04  1.53852E+00 
4.54999E+01 1.47499E+00  1.11577E-04  1.54352E+00 
4.55999E+01 1.47999E+00  1.13794E-04  1.54851E+00 
4.56999E+01 1.48499E+00  1.16066E-04  1.55353E+00 
4.57999E+01 1.48999E+00  1.18385E-04  1.55853E+00 
4.58999E+01 1.49499E+00  1.20753E-04  1.56353E+00 
4.59999E+01 1.49999E+00  1.23190E-04  1.56854E+00 
4.60999E+01 1.50499E+00  1.25662E-04  1.57355E+00 
4.61999E+01 1.50999E+00  1.28183E-04  1.57856E+00 
4.62999E+01 1.51499E+00  1.30741E-04  1.58356E+00 
4.63999E+01 1.51999E+00  1.33331E-04  1.58860E+00 
4.64999E+01 1.52499E+00  1.35966E-04  1.59359E+00 
4.65999E+01 1.52999E+00  1.38651E-04  1.59859E+00 
4.66999E+01 1.53499E+00  1.41331E-04  1.60360E+00 
4.67999E+01 1.53999E+00  1.44046E-04  1.60861E+00 
4.68999E+01 1.54499E+00  1.46725E-04  1.61361E+00 
4.69999E+01 1.54999E+00  1.49558E-04  1.61860E+00 
4.70999E+01 1.55499E+00  1.52331E-04  1.62360E+00 
4.71999E+01 1.55999E+00  1.55130E-04  1.62862E+00 
4.72999E+01 1.56499E+00  1.57974E-04  1.63362E+00 
4.73999E+01 1.56999E+00  1.60821E-04  1.63861E+00 
4.74999E+01 1.57499E+00  1.63691E-04  1.64361E+00 
4.75999E+01 1.57999E+00  1.66561E-04  1.64864E+00 
4.76999E+01 1.58499E+00  1.69427E-04  1.65363E+00 
4.77999E+01 1.58999E+00  1.72341E-04  1.65861E+00 
4.78999E+01 1.59499E+00  1.75284E-04  1.66365E+00 
4.79999E+01 1.59999E+00  1.78214E-04  1.66865E+00 
4.80999E+01 1.60499E+00  1.81161E-04  1.67365E+00 
4.81999E+01 1.60999E+00  1.84114E-04  1.67862E+00 
4.82999E+01 1.61499E+00  1.87072E-04  1.68362E+00 
4.83999E+01 1.61999E+00  1.90043E-04  1.68867E+00 
4.84999E+01 1.62499E+00  1.93019E-04  1.69367E+00 
4.85999E+01 1.62999E+00  1.96031E-04  1.69864E+00 
4.86999E+01 1.63499E+00  1.99020E-04  1.70365E+00 
4.87999E+01 1.63999E+00  2.02037E-04  1.70865E+00 
4.88999E+01 1.64499E+00  2.05055E-04  1.71365E+00 
4.89999E+01 1.64999E+00  2.08053E-04  1.71866E+00 
4.90999E+01 1.65499E+00  2.11167E-04  1.72366E+00 
4.91999E+01 1.65999E+00  2.14711E-04  1.72867E+00 
4.92999E+01 1.66499E+00  2.17680E-04  1.73366E+00 
4.93999E+01 1.66999E+00  2.20722E-04  1.73865E+00 
4.94999E+01 1.67499E+00  2.23829E-04  1.74367E+00 
4.95999E+01 1.67999E+00  2.26865E-04  1.74867E+00 
4.96999E+01 1.68499E+00  2.29659E-04  1.75366E+00 
4.97999E+01 1.68999E+00  2.32780E-04  1.75870E+00 
4.98999E+01 1.69499E+00  2.35859E-04  1.76370E+00 
4.99999E+01 1.69999E+00  2.38881E-04  1.76870E+00 
5.00999E+01 1.70499E+00  2.41574E-04  1.77370E+00 
5.01999E+01 1.70999E+00  2.44778E-04  1.77871E+00 
5.02999E+01 1.71499E+00  2.47875E-04  1.78372E+00 
5.03999E+01 1.71999E+00  2.50857E-04  1.78870E+00 
5.04999E+01 1.72499E+00  2.53782E-04  1.79371E+00 
5.05999E+01 1.72999E+00  2.56771E-04  1.79871E+00 
5.06999E+01 1.73499E+00  2.59765E-04  1.80372E+00 
5.07999E+01 1.73999E+00  2.62630E-04  1.80872E+00 
5.08999E+01 1.74499E+00  2.65707E-04  1.81372E+00 
5.09999E+01 1.74999E+00  2.68720E-04  1.81871E+00 
5.10999E+01 1.75499E+00  2.71701E-04  1.82374E+00 
5.11999E+01 1.75999E+00  2.74658E-04  1.82874E+00 
5.12999E+01 1.76499E+00  2.77711E-04  1.83373E+00 
5.13999E+01 1.76999E+00  2.80724E-04  1.83873E+00 
5.14999E+01 1.77499E+00  2.83539E-04  1.84373E+00 
5.15999E+01 1.77999E+00  2.86363E-04  1.84875E+00 
5.16999E+01 1.78499E+00  2.89260E-04  1.85375E+00 
5.17999E+01 1.78999E+00  2.92011E-04  1.85875E+00 
5.18999E+01 1.79499E+00  2.94855E-04  1.86375E+00 
5.19999E+01 1.79999E+00  2.97723E-04  1.86878E+00 
5.20999E+01 1.79499E+00  2.92540E-04  1.86377E+00 
5.21999E+01 1.78999E+00  2.87487E-04  1.85874E+00 
5.22999E+01 1.78499E+00  2.82683E-04  1.85377E+00 
5.23999E+01 1.77999E+00  2.77938E-04  1.84878E+00 
5.24999E+01 1.77499E+00  2.73230E-04  1.84376E+00 
5.25999E+01 1.76999E+00  2.68578E-04  1.83874E+00 
5.26999E+01 1.76499E+00  2.64033E-04  1.83374E+00 
5.27999E+01 1.75999E+00  2.59522E-04  1.82875E+00 
5.28999E+01 1.75499E+00  2.55053E-04  1.82374E+00 
5.29999E+01 1.74999E+00  2.50621E-04  1.81873E+00 
5.30999E+01 1.74499E+00  2.46232E-04  1.81373E+00 
5.31999E+01 1.73999E+00  2.41914E-04  1.80873E+00 
5.32999E+01 1.73499E+00  2.37743E-04  1.80372E+00 
5.33999E+01 1.72999E+00  2.33538E-04  1.79872E+00 
5.34999E+01 1.72499E+00  2.29385E-04  1.79370E+00 
5.35999E+01 1.71999E+00  2.25298E-04  1.78870E+00 
5.36999E+01 1.71499E+00  2.21205E-04  1.78373E+00 
5.37999E+01 1.70999E+00  2.17186E-04  1.77869E+00 
5.38999E+01 1.70499E+00  2.13244E-04  1.77370E+00 
5.39999E+01 1.69999E+00  2.09341E-04  1.76870E+00 
5.40999E+01 1.69499E+00  2.05442E-04  1.76370E+00 
5.41999E+01 1.68999E+00  2.01587E-04  1.75868E+00 
5.42999E+01 1.68499E+00  1.97771E-04  1.75366E+00 
5.43999E+01 1.67999E+00  1.94061E-04  1.74865E+00 
5.44999E+01 1.67499E+00  1.90332E-04  1.74368E+00 
5.45999E+01 1.66999E+00  1.86674E-04  1.73866E+00 
5.46999E+01 1.66499E+00  1.83013E-04  1.73365E+00 
5.47999E+01 1.65999E+00  1.79416E-04  1.72866E+00 
5.48999E+01 1.65499E+00  1.75882E-04  1.72363E+00 
5.49999E+01 1.64999E+00  1.72361E-04  1.71864E+00 
5.50999E+01 1.64499E+00  1.68887E-04  1.71363E+00 
5.51999E+01 1.63999E+00  1.65422E-04  1.70864E+00 
5.52999E+01 1.63499E+00  1.62002E-04  1.70365E+00 
5.53999E+01 1.62999E+00  1.58683E-04  1.69864E+00 
5.54999E+01 1.62499E+00  1.55372E-04  1.69364E+00 
5.55999E+01 1.61999E+00  1.52082E-04  1.68865E+00 
5.56999E+01 1.61499E+00  1.48838E-04  1.68360E+00 
5.57999E+01 1.60999E+00  1.45622E-04  1.67862E+00 
5.58999E+01 1.60499E+00  1.42453E-04  1.67364E+00 
5.59999E+01 1.59999E+00  1.39369E-04  1.66862E+00 
5.60999E+01 1.59499E+00  1.36293E-04  1.66364E+00 
5.61999E+01 1.58999E+00  1.33210E-04  1.65861E+00 
5.62999E+01 1.58499E+00  1.30185E-04  1.65363E+00 
5.63999E+01 1.57999E+00  1.27183E-04  1.64864E+00 
5.64999E+01 1.57499E+00  1.24214E-04  1.64362E+00 
5.65999E+01 1.56999E+00  1.21295E-04  1.63860E+00 
5.66999E+01 1.56499E+00  1.18383E-04  1.63362E+00 
5.67999E+01 1.55999E+00  1.15521E-04  1.62862E+00 
5.68999E+01 1.55499E+00  1.12691E-04  1.62363E+00 
5.69999E+01 1.54999E+00  1.09909E-04  1.61859E+00 
5.70999E+01 1.54499E+00  1.07174E-04  1.61360E+00 
5.71999E+01 1.53999E+00  1.04467E-04  1.60862E+00 
5.72999E+01 1.53499E+00  1.01787E-04  1.60360E+00 
5.73999E+01 1.52999E+00  9.91949E-05  1.59859E+00 
5.74999E+01 1.52499E+00  9.65782E-05  1.59360E+00 
5.75999E+01 1.51999E+00  9.39801E-05  1.58858E+00 
5.76999E+01 1.51499E+00  9.14600E-05  1.58361E+00 
5.77999E+01 1.50999E+00  8.89721E-05  1.57858E+00 
5.78999E+01 1.50499E+00  8.65237E-05  1.57358E+00 
5.79999E+01 1.49999E+00  8.41021E-05  1.56855E+00 
5.80999E+01 1.49499E+00  8.16979E-05  1.56356E+00 
5.81999E+01 1.48999E+00  7.93562E-05  1.55857E+00 
5.82999E+01 1.48499E+00  7.70355E-05  1.55358E+00 
5.83999E+01 1.47999E+00  7.47515E-05  1.54855E+00 
5.84999E+01 1.47499E+00  7.25312E-05  1.54357E+00 
5.85999E+01 1.46999E+00  7.03364E-05  1.53858E+00 
5.86999E+01 1.46499E+00  6.81566E-05  1.53356E+00 
5.87999E+01 1.45999E+00  6.60476E-05  1.52856E+00 
5.88999E+01 1.45499E+00  6.39580E-05  1.52355E+00 
5.89999E+01 1.44999E+00  6.18821E-05  1.51854E+00 
5.90999E+01 1.44499E+00  5.98533E-05  1.51354E+00 
5.91999E+01 1.43999E+00  5.79111E-05  1.50855E+00 
5.92999E+01 1.43499E+00  5.59901E-05  1.50352E+00 
5.93999E+01 1.42999E+00  5.40999E-05  1.49852E+00 
5.94999E+01 1.42499E+00  5.22460E-05  1.49354E+00 
5.95999E+01 1.41999E+00  5.04480E-05  1.48850E+00 
5.96999E+01 1.41499E+00  4.86719E-05  1.48352E+00 
5.97999E+01 1.40999E+00  4.69509E-05  1.47851E+00 
5.98999E+01 1.40499E+00  4.52688E-05  1.47353E+00 
5.99998E+01 1.39999E+00  4.36250E-05  1.46854E+00 
6.00998E+01 1.39499E+00  4.20659E-05  1.46353E+00 
6.01998E+01 1.38999E+00  4.05230E-05  1.45853E+00 
6.02998E+01 1.38499E+00  3.90098E-05  1.45353E+00 
6.03998E+01 1.37999E+00  3.75374E-05  1.44852E+00 
6.04998E+01 1.37499E+00  3.61089E-05  1.44350E+00 
6.05998E+01 1.36999E+00  3.42396E-05  1.43850E+00 
6.06998E+01 1.36499E+00  3.28924E-05  1.43346E+00 
6.07998E+01 1.35999E+00  3.15825E-05  1.42847E+00 
6.08998E+01 1.35499E+00  3.03158E-05  1.42347E+00 
6.09998E+01 1.34999E+00  2.91059E-05  1.41849E+00 
6.10998E+01 1.34499E+00  2.79381E-05  1.41344E+00 
6.11998E+01 1.33999E+00  2.67737E-05  1.40844E+00 
6.12998E+01 1.33499E+00  2.56687E-05  1.40346E+00 
6.13998E+01 1.32999E+00  2.46027E-05  1.39846E+00 
6.14998E+01 1.32499E+00  2.36197E-05  1.39345E+00 
6.15998E+01 1.31999E+00  2.26188E-05  1.38842E+00 
6.16998E+01 1.31499E+00  2.16502E-05  1.38343E+00 
6.17998E+01 1.30999E+00  2.07353E-05  1.37843E+00 
6.18998E+01 1.30499E+00  1.98599E-05  1.37343E+00 
6.19998E+01 1.29999E+00  1.90154E-05  1.36843E+00 
6.20998E+01 1.29499E+00  1.82136E-05  1.36345E+00 
6.21998E+01 1.28999E+00  1.74462E-05  1.35846E+00 
6.22998E+01 1.28499E+00  1.67059E-05  1.35344E+00 
6.23998E+01 1.27999E+00  1.60070E-05  1.34845E+00 
6.24998E+01 1.27499E+00  1.53410E-05  1.34345E+00 
6.25998E+01 1.26999E+00  1.46984E-05  1.33845E+00 
6.26998E+01 1.26499E+00  1.40907E-05  1.33344E+00 
6.27998E+01 1.25999E+00  1.35139E-05  1.32842E+00 
6.28998E+01 1.25499E+00  1.29594E-05  1.32344E+00 
6.29998E+01 1.24999E+00  1.24356E-05  1.31846E+00 
6.30998E+01 1.24499E+00  1.19363E-05  1.31345E+00 
6.31998E+01 1.23999E+00  1.14674E-05  1.30844E+00 
6.32998E+01 1.23499E+00  1.10216E-05  1.30344E+00 
6.33998E+01 1.22999E+00  1.05919E-05  1.29847E+00 
6.34998E+01 1.22499E+00  1.01996E-05  1.29346E+00 
6.35998E+01 1.21999E+00  9.82421E-06  1.28843E+00 
6.36998E+01 1.21499E+00  9.48139E-06  1.28342E+00 
6.37998E+01 1.20999E+00  9.12485E-06  1.27843E+00 
6.38998E+01 1.20499E+00  8.79593E-06  1.27343E+00 
6.39998E+01 1.19999E+00  8.48644E-06  1.26842E+00 
6.40998E+01 1.19500E+00  8.19693E-06  1.26342E+00 
6.41998E+01 1.19000E+00  7.92530E-06  1.25840E+00 
6.42998E+01 1.18500E+00  7.67351E-06  1.25342E+00 
6.43998E+01 1.18000E+00  7.43344E-06  1.24844E+00 
6.44998E+01 1.17500E+00  7.20802E-06  1.24341E+00 
6.45998E+01 1.17000E+00  6.99929E-06  1.23839E+00 
6.46998E+01 1.16500E+00  6.78630E-06  1.23340E+00 
6.47998E+01 1.16000E+00  6.58977E-06  1.22840E+00 
6.48998E+01 1.15500E+00  6.42516E-06  1.22338E+00 
6.49998E+01 1.15000E+00  6.27385E-06  1.21840E+00 
6.50998E+01 1.14500E+00  6.09092E-06  1.21338E+00 
6.51998E+01 1.14000E+00  5.92186E-06  1.20838E+00 
6.52998E+01 1.13500E+00  5.77082E-06  1.20338E+00 
6.53998E+01 1.13000E+00  5.62723E-06  1.19839E+00 
6.54998E+01 1.12500E+00  5.49308E-06  1.19337E+00 
6.55998E+01 1.12000E+00  5.36964E-06  1.18838E+00 
6.56998E+01 1.11500E+00  5.25617E-06  1.18340E+00 
6.57998E+01 1.11000E+00  5.14437E-06  1.17838E+00 
6.58998E+01 1.10500E+00  5.03450E-06  1.17337E+00 
6.59998E+01 1.10000E+00  4.93497E-06  1.16838E+00 
6.60998E+01 1.09500E+00  4.83252E-06  1.16337E+00 
6.61998E+01 1.09000E+00  4.73677E-06  1.15835E+00 
6.62998E+01 1.08500E+00  4.64212E-06  1.15334E+00 
6.63998E+01 1.08000E+00  4.55969E-06  1.14834E+00 
6.64998E+01 1.07500E+00  4.46848E-06  1.14334E+00 
6.65998E+01 1.07000E+00  4.38375E-06  1.13834E+00 
6.66998E+01 1.06500E+00  4.30610E-06  1.13334E+00 
6.67998E+01 1.06000E+00  4.23496E-06  1.12834E+00 
6.68998E+01 1.05500E+00  4.21242E-06  1.12334E+00 
6.69998E+01 1.05000E+00  4.19515E-06  1.11835E+00 
6.70998E+01 1.04500E+00  4.18625E-06  1.11331E+00 
6.71998E+01 1.04000E+00  4.03639E-06  1.10833E+00 
6.72998E+01 1.03500E+00  3.93066E-06  1.10332E+00 
6.73998E+01 1.03000E+00  3.84821E-06  1.09831E+00 
6.74998E+01 1.02500E+00  3.77305E-06  1.09333E+00 
6.75998E+01 1.02000E+00  3.65872E-06  1.08831E+00 
6.76998E+01 1.01500E+00  3.59382E-06  1.08329E+00 
6.77998E+01 1.01000E+00  3.53172E-06  1.07830E+00 
6.78998E+01 1.00500E+00  3.47130E-06  1.07332E+00 
6.79998E+01 9.99995E-01  3.41298E-06  1.06828E+00 
6.80998E+01 9.94996E-01  3.36957E-06  1.06328E+00 
6.81998E+01 9.89996E-01  3.31455E-06  1.05829E+00 
6.82998E+01 9.84996E-01  3.25319E-06  1.05329E+00 
6.83998E+01 9.79996E-01  3.20070E-06  1.04829E+00 
6.84998E+01 9.74996E-01  3.14625E-06  1.04328E+00 
6.85998E+01 9.69996E-01  3.11261E-06  1.03829E+00 
6.86998E+01 9.64996E-01  3.09764E-06  1.03330E+00 
6.87998E+01 9.59996E-01  2.99579E-06  1.02828E+00 
6.88998E+01 9.54996E-01  2.93266E-06  1.02325E+00 
6.89998E+01 9.49996E-01  2.87842E-06  1.01826E+00 
6.90998E+01 9.44996E-01  2.82590E-06  1.01325E+00 
6.91998E+01 9.39996E-01  2.77438E-06  1.00828E+00 
6.92998E+01 9.34996E-01  2.72388E-06  1.00325E+00 
6.93998E+01 9.29996E-01  2.67320E-06  9.98242E-01 
6.94998E+01 9.24996E-01  2.62178E-06  9.93275E-01 
6.95998E+01 9.19996E-01  2.57149E-06  9.88279E-01 
6.96998E+01 9.14996E-01  2.52131E-06  9.83262E-01 
6.97998E+01 9.09996E-01  2.47239E-06  9.78245E-01 
6.98998E+01 9.04996E-01  2.42503E-06  9.73268E-01 
6.99998E+01 8.99996E-01  2.37637E-06  9.68257E-01 
7.00998E+01 8.94996E-01  2.32912E-06  9.63232E-01 
7.01998E+01 8.89996E-01  2.27969E-06  9.58234E-01 
7.02998E+01 8.84996E-01  2.23237E-06  9.53232E-01 
7.03998E+01 8.79996E-01  2.18265E-06  9.48233E-01 
7.04998E+01 8.74996E-01  2.13113E-06  9.43238E-01 
7.05998E+01 8.69996E-01  2.08194E-06  9.38232E-01 
7.06998E+01 8.64996E-01  2.03599E-06  9.33221E-01 
7.07998E+01 8.59996E-01  1.98914E-06  9.28215E-01 
7.08998E+01 8.54996E-01  1.95461E-06  9.23208E-01 
7.09998E+01 8.49996E-01  1.93950E-06  9.18211E-01 
7.10998E+01 8.44996E-01  1.91356E-06  9.13205E-01 
7.11998E+01 8.39996E-01  1.88755E-06  9.08193E-01 
7.12998E+01 8.34996E-01  1.84953E-06  9.03197E-01 
7.13998E+01 8.29996E-01  1.79949E-06  8.98189E-01 
7.14998E+01 8.24996E-01  1.74058E-06  8.93196E-01 
7.15998E+01 8.19996E-01  1.68789E-06  8.88163E-01 
7.16998E+01 8.14996E-01  1.62428E-06  8.83203E-01 
7.17998E+01 8.09996E-01  1.56075E-06  8.78181E-01 
7.18998E+01 8.04996E-01  1.48992E-06  8.73183E-01 
7.19998E+01 7.99996E-01  1.41918E-06  8.68174E-01 
7.20998E+01 7.94996E-01  1.35410E-06  8.63181E-01 
7.21998E+01 7.89996E-01  1.28877E-06  8.58188E-01 
7.22998E+01 7.84996E-01  1.22782E-06  8.53188E-01 
7.23998E+01 7.79996E-01  1.16355E-06  8.48172E-01 
7.24998E+01 7.74996E-01  1.10480E-06  8.43156E-01 
7.25998E+01 7.69996E-01  1.04384E-06  8.38183E-01 
7.26998E+01 7.64996E-01  9.81784E-07  8.33181E-01 
7.27998E+01 7.59996E-01  9.20366E-07  8.28173E-01 
7.28998E+01 7.54996E-01  8.57512E-07  8.23192E-01 
7.29998E+01 7.49996E-01  7.95815E-07  8.18184E-01 
7.30998E+01 7.44996E-01  7.32347E-07  8.13154E-01 
7.31998E+01 7.39996E-01  6.69108E-07  8.08151E-01 
7.32998E+01 7.34996E-01  6.05469E-07  8.03138E-01 
7.33998E+01 7.29996E-01  5.40467E-07  7.98164E-01 
7.34998E+01 7.24996E-01  4.72904E-07  7.93128E-01 
7.35998E+01 7.19996E-01  4.05293E-07  7.88150E-01 
7.36998E+01 7.14996E-01  3.35562E-07  7.83138E-01 
7.37998E+01 7.09996E-01  2.61490E-07  7.78134E-01 
7.38998E+01 7.04996E-01  1.83989E-07  7.73120E-01 
7.39998E+01 6.99996E-01  1.15909E-07  7.68129E-01 
7.40998E+01 6.94996E-01  4.62872E-08  7.63132E-01 
7.41998E+01 6.89996E-01  -2.39567E-08 7.58119E-01 
7.42998E+01 6.84996E-01  -9.92346E-08 7.53125E-01 
7.43998E+01 6.79996E-01  -1.71982E-07 7.48114E-01 
7.44998E+01 6.74996E-01  -2.52983E-07 7.43134E-01 
7.45998E+01 6.69996E-01  -3.33430E-07 7.38123E-01 
7.46998E+01 6.64996E-01  -4.17999E-07 7.33113E-01 
7.47998E+01 6.59996E-01  -5.02418E-07 7.28069E-01 
7.48998E+01 6.54996E-01  -5.83079E-07 7.23106E-01 
7.49998E+01 6.49996E-01  -6.66916E-07 7.18104E-01 
7.50998E+01 6.44996E-01  -7.54031E-07 7.13088E-01 
7.51998E+01 6.39996E-01  -8.42587E-07 7.08077E-01 
7.52998E+01 6.34996E-01  -9.32612E-07 7.03115E-01 
7.53998E+01 6.29996E-01  -1.02115E-06 6.98095E-01 
7.54998E+01 6.24996E-01  -1.11034E-06 6.93099E-01 
7.55998E+01 6.19996E-01  -1.20866E-06 6.88078E-01 
7.56998E+01 6.14996E-01  -1.30176E-06 6.83093E-01 
7.57998E+01 6.09996E-01  -1.39760E-06 6.78078E-01 
7.58998E+01 6.04996E-01  -1.49592E-06 6.73066E-01 
7.59998E+01 5.99996E-01  -1.59373E-06 6.68053E-01 
7.60998E+01 5.94997E-01  -1.69247E-06 6.63068E-01 
7.61998E+01 5.89997E-01  -1.79306E-06 6.58090E-01 
7.62998E+01 5.84997E-01  -1.89432E-06 6.53072E-01 
7.63998E+01 5.79997E-01  -1.99693E-06 6.48055E-01 
7.64998E+01 5.74997E-01  -2.10099E-06 6.43076E-01 
7.65998E+01 5.69997E-01  -2.20673E-06 6.38077E-01 
7.66998E+01 5.64997E-01  -2.31262E-06 6.33060E-01 
7.67998E+01 5.59997E-01  -2.41968E-06 6.28038E-01 
7.68998E+01 5.54997E-01  -2.52828E-06 6.23038E-01 
7.69998E+01 5.49997E-01  -2.63820E-06 6.18026E-01 
7.70998E+01 5.44997E-01  -2.75048E-06 6.13038E-01 
7.71998E+01 5.39997E-01  -2.86265E-06 6.08022E-01 
7.72998E+01 5.34997E-01  -2.98107E-06 6.03015E-01 
7.73998E+01 5.29997E-01  -3.09713E-06 5.98016E-01 
7.74998E+01 5.24997E-01  -3.21434E-06 5.93023E-01 
7.75998E+01 5.19997E-01  -3.33533E-06 5.88017E-01 
7.76998E+01 5.14997E-01  -3.45579E-06 5.83003E-01 
7.77998E+01 5.09997E-01  -3.58034E-06 5.78003E-01 
7.78998E+01 5.04997E-01  -3.70668E-06 5.73019E-01 
7.79998E+01 4.99997E-01  -3.83569E-06 5.68016E-01 
7.80998E+01 4.94997E-01  -3.96769E-06 5.63008E-01 
7.81998E+01 4.89997E-01  -4.10258E-06 5.58018E-01 
7.82998E+01 4.84997E-01  -4.24264E-06 5.53014E-01 
7.83998E+01 4.79997E-01  -4.38729E-06 5.47983E-01 
7.84998E+01 4.74997E-01  -4.53770E-06 5.42975E-01 
7.85998E+01 4.69997E-01  -4.68992E-06 5.37979E-01 
7.86998E+01 4.64997E-01  -4.85115E-06 5.32990E-01 
7.87998E+01 4.59997E-01  -5.01510E-06 5.27988E-01 
7.88998E+01 4.54997E-01  -5.19015E-06 5.22992E-01 
7.89998E+01 4.49997E-01  -5.37097E-06 5.17982E-01 
7.90998E+01 4.44997E-01  -5.55918E-06 5.13010E-01 
7.91998E+01 4.39997E-01  -5.75619E-06 5.07995E-01 
7.92998E+01 4.34997E-01  -5.96087E-06 5.02974E-01 
7.93998E+01 4.29997E-01  -6.17644E-06 4.97982E-01 
7.94998E+01 4.24997E-01  -6.39706E-06 4.92998E-01 
7.95998E+01 4.19997E-01  -6.63104E-06 4.87991E-01 
7.96998E+01 4.14997E-01  -6.87589E-06 4.82988E-01 
7.97998E+01 4.09997E-01  -7.12829E-06 4.77970E-01 
7.98998E+01 4.04997E-01  -7.39505E-06 4.72973E-01 
7.99998E+01 3.99997E-01  -7.67104E-06 4.67979E-01 
8.00998E+01 3.94997E-01  -7.95979E-06 4.62968E-01 
8.01998E+01 3.89997E-01  -8.26073E-06 4.57964E-01 
8.02998E+01 3.84997E-01  -8.57083E-06 4.52966E-01 
8.03998E+01 3.79997E-01  -8.89741E-06 4.47944E-01 
8.04998E+01 3.74997E-01  -9.23677E-06 4.42961E-01 
8.05998E+01 3.69997E-01  -9.58669E-06 4.37969E-01 
8.06998E+01 3.64997E-01  -9.95234E-06 4.32938E-01 
8.07998E+01 3.59997E-01  -1.03324E-05 4.27951E-01 
8.08998E+01 3.54997E-01  -1.07251E-05 4.22958E-01 
8.09998E+01 3.49997E-01  -1.11278E-05 4.17966E-01 
8.10998E+01 3.44997E-01  -1.15491E-05 4.12942E-01 
8.11998E+01 3.39997E-01  -1.19849E-05 4.07941E-01 
8.12998E+01 3.34997E-01  -1.24344E-05 4.02933E-01 
8.13998E+01 3.29997E-01  -1.28995E-05 3.97934E-01 
8.14998E+01 3.24997E-01  -1.33793E-05 3.92924E-01 
8.15998E+01 3.19997E-01  -1.38756E-05 3.87905E-01 
8.16998E+01 3.14997E-01  -1.43821E-05 3.82920E-01 
8.17998E+01 3.09997E-01  -1.49032E-05 3.77941E-01 
8.18998E+01 3.04997E-01  -1.54414E-05 3.72936E-01 
8.19998E+01 2.99997E-01  -1.59936E-05 3.67908E-01 
8.20998E+01 2.94997E-01  -1.65575E-05 3.62913E-01 
8.21998E+01 2.89997E-01  -1.71385E-05 3.57903E-01 
8.22998E+01 2.84997E-01  -1.77314E-05 3.52900E-01 
8.23998E+01 2.79997E-01  -1.83427E-05 3.47901E-01 
8.24998E+01 2.74997E-01  -1.89784E-05 3.42901E-01 
8.25998E+01 2.69997E-01  -1.96023E-05 3.37897E-01 
8.26998E+01 2.64997E-01  -2.02388E-05 3.32904E-01 
8.27998E+01 2.59997E-01  -2.08862E-05 3.27891E-01 
8.28998E+01 2.54997E-01  -2.15447E-05 3.22858E-01 
8.29998E+01 2.49997E-01  -2.21706E-05 3.17889E-01 
8.30998E+01 2.44997E-01  -2.28452E-05 3.12855E-01 
8.31998E+01 2.39997E-01  -2.35224E-05 3.07877E-01 
8.32998E+01 2.34997E-01  -2.42016E-05 3.02871E-01 
8.33998E+01 2.29997E-01  -2.48881E-05 2.97863E-01 
8.34998E+01 2.24997E-01  -2.55762E-05 2.92835E-01 
8.35998E+01 2.19997E-01  -2.62601E-05 2.87848E-01 
8.36998E+01 2.14997E-01  -2.69444E-05 2.82859E-01 
8.37998E+01 2.09997E-01  -2.76299E-05 2.77843E-01 
8.38998E+01 2.04997E-01  -2.83094E-05 2.72834E-01 
8.39998E+01 1.99997E-01  -2.89832E-05 2.67848E-01 
8.40998E+01 1.94998E-01  -2.96522E-05 2.62848E-01 
8.41998E+01 1.89998E-01  -3.03113E-05 2.57872E-01 
8.42998E+01 1.84998E-01  -3.09682E-05 2.52841E-01 
8.43998E+01 1.79998E-01  -3.16158E-05 2.47839E-01 
8.44998E+01 1.74998E-01  -3.22506E-05 2.42847E-01 
8.45998E+01 1.69998E-01  -3.28753E-05 2.37863E-01 
8.46998E+01 1.64998E-01  -3.34890E-05 2.32850E-01 
8.47998E+01 1.59998E-01  -3.40917E-05 2.27863E-01 
8.48998E+01 1.54998E-01  -3.46844E-05 2.22845E-01 
8.49998E+01 1.49998E-01  -3.52601E-05 2.17841E-01 
8.50998E+01 1.44998E-01  -3.58299E-05 2.12842E-01 
8.51998E+01 1.39998E-01  -3.63818E-05 2.07810E-01 
8.52998E+01 1.34998E-01  -3.69192E-05 2.02833E-01 
8.53998E+01 1.29998E-01  -3.74840E-05 1.97833E-01 
8.54998E+01 1.24998E-01  -3.79961E-05 1.92813E-01 
8.55998E+01 1.19998E-01  -3.85011E-05 1.87797E-01 
8.56998E+01 1.14998E-01  -3.89980E-05 1.82824E-01 
8.57998E+01 1.09998E-01  -3.94856E-05 1.77832E-01 
8.58998E+01 1.04998E-01  -3.99729E-05 1.72799E-01 
8.59998E+01 9.99977E-02  -4.04143E-05 1.67806E-01 
8.60998E+01 9.49978E-02  -4.08955E-05 1.62804E-01 
8.61998E+01 8.99978E-02  -4.13801E-05 1.57805E-01 
8.62998E+01 8.49978E-02  -4.18555E-05 1.52811E-01 
8.63998E+01 7.99978E-02  -4.23323E-05 1.47799E-01 
8.64998E+01 7.49978E-02  -4.28077E-05 1.42803E-01 
8.65998E+01 6.99978E-02  -4.32807E-05 1.37774E-01 
8.66998E+01 6.49978E-02  -4.37558E-05 1.32775E-01 
8.67998E+01 5.99978E-02  -4.42267E-05 1.27771E-01 
8.68998E+01 5.49979E-02  -4.46964E-05 1.22783E-01 
8.69998E+01 4.99979E-02  -4.51558E-05 1.17762E-01 
8.70998E+01 4.49979E-02  -4.56016E-05 1.12758E-01 
8.71998E+01 3.99979E-02  -4.60388E-05 1.07735E-01 
8.72998E+01 3.49979E-02  -4.64639E-05 1.02751E-01 
8.73998E+01 2.99979E-02  -4.68772E-05 9.77682E-02 
8.74998E+01 2.49979E-02  -4.72718E-05 9.27416E-02 
8.75998E+01 1.99979E-02  -4.76650E-05 8.77264E-02 
8.76998E+01 1.49980E-02  -4.79850E-05 8.27641E-02 
8.77998E+01 9.99797E-03  -4.83504E-05 7.77626E-02 
8.78998E+01 4.99799E-03  -4.87173E-05 7.27374E-02 
8.79998E+01 -2.00000E-06 -4.90237E-05 6.77333E-02 
8.80998E+01 -5.00199E-03 -4.93143E-05 6.27567E-02 
8.81998E+01 -1.00020E-02 -4.95430E-05 5.77496E-02 
8.82998E+01 -1.50020E-02 -4.97988E-05 5.27224E-02 
8.83998E+01 -2.00020E-02 -5.00400E-05 4.77072E-02 
8.84998E+01 -2.50019E-02 -5.03088E-05 4.27199E-02 
8.85998E+01 -3.00019E-02 -5.05403E-05 3.77315E-02 
8.86998E+01 -3.50019E-02 -5.07602E-05 3.27275E-02 
8.87998E+01 -4.00019E-02 -5.09808E-05 2.77078E-02 
8.88998E+01 -4.50019E-02 -5.11865E-05 2.27238E-02 
8.89998E+01 -5.00019E-02 -5.13944E-05 1.77366E-02 
8.90998E+01 -5.50019E-02 -5.16016E-05 1.27101E-02 
8.91998E+01 -6.00019E-02 -5.18096E-05 7.72412E-03 
8.92998E+01 -6.50018E-02 -5.20140E-05 2.72197E-03 
8.93998E+01 -7.00018E-02 -5.22290E-05 -2.28520E-03
8.94998E+01 -7.50018E-02 -5.24450E-05 -7.28114E-03
8.95998E+01 -8.00018E-02 -5.26602E-05 -1.23001E-02
8.96998E+01 -8.50018E-02 -5.28804E-05 -1.73079E-02
8.97998E+01 -9.00018E-02 -5.31191E-05 -2.22839E-02
8.98998E+01 -9.50018E-02 -5.33523E-05 -2.72786E-02
8.99998E+01 -1.00002E-01 -5.35908E-05 -3.22857E-02
9.00998E+01 -1.05002E-01 -5.38378E-05 -3.72991E-02
9.01998E+01 -1.10002E-01 -5.40921E-05 -4.22988E-02
9.02998E+01 -1.15002E-01 -5.43545E-05 -4.72972E-02
9.03998E+01 -1.20002E-01 -5.46247E-05 -5.23225E-02
9.04998E+01 -1.25002E-01 -5.49025E-05 -5.73246E-02
9.05998E+01 -1.30002E-01 -5.51979E-05 -6.23268E-02
9.06998E+01 -1.35002E-01 -5.54912E-05 -6.73103E-02
9.07998E+01 -1.40002E-01 -5.57975E-05 -7.23237E-02
9.08998E+01 -1.45002E-01 -5.61084E-05 -7.73127E-02
9.09998E+01 -1.50002E-01 -5.64286E-05 -8.23293E-02
9.10998E+01 -1.55002E-01 -5.67742E-05 -8.73096E-02
9.11998E+01 -1.60002E-01 -5.71288E-05 -9.23149E-02
9.12998E+01 -1.65002E-01 -5.75004E-05 -9.73445E-02
9.13998E+01 -1.70002E-01 -5.78858E-05 -1.02347E-01
9.14998E+01 -1.75002E-01 -5.82898E-05 -1.07323E-01
9.15998E+01 -1.80002E-01 -5.87180E-05 -1.12316E-01
9.16998E+01 -1.85002E-01 -5.91701E-05 -1.17372E-01
9.17998E+01 -1.90002E-01 -5.96498E-05 -1.22337E-01
9.18998E+01 -1.95002E-01 -6.01789E-05 -1.27351E-01
9.19998E+01 -2.00002E-01 -6.07635E-05 -1.32322E-01
9.20998E+01 -2.05001E-01 -6.14298E-05 -1.37351E-01
9.21998E+01 -2.10001E-01 -6.22186E-05 -1.42367E-01
9.22998E+01 -2.15001E-01 -6.31591E-05 -1.47361E-01
9.23998E+01 -2.20001E-01 -6.42635E-05 -1.52328E-01
9.24998E+01 -2.25001E-01 -6.55471E-05 -1.57359E-01
9.25998E+01 -2.30001E-01 -6.69829E-05 -1.62387E-01
9.26998E+01 -2.35001E-01 -6.85326E-05 -1.67359E-01
9.27998E+01 -2.40001E-01 -7.01369E-05 -1.72365E-01
9.28998E+01 -2.45001E-01 -7.17783E-05 -1.77397E-01
9.29998E+01 -2.50001E-01 -7.34252E-05 -1.82379E-01
9.30998E+01 -2.55001E-01 -7.50794E-05 -1.87370E-01
9.31998E+01 -2.60001E-01 -7.67514E-05 -1.92402E-01
9.32998E+01 -2.65001E-01 -7.84299E-05 -1.97415E-01
9.33998E+01 -2.70001E-01 -8.01208E-05 -2.02417E-01
9.34998E+01 -2.75001E-01 -8.18193E-05 -2.07397E-01
9.35998E+01 -2.80001E-01 -8.35176E-05 -2.12396E-01
9.36998E+01 -2.85001E-01 -8.52153E-05 -2.17407E-01
9.37998E+01 -2.90001E-01 -8.69153E-05 -2.22391E-01
9.38998E+01 -2.95001E-01 -8.86321E-05 -2.27415E-01
9.39998E+01 -3.00001E-01 -9.03478E-05 -2.32416E-01
9.40998E+01 -3.05001E-01 -9.20679E-05 -2.37438E-01
9.41998E+01 -3.10001E-01 -9.37898E-05 -2.42466E-01
9.42998E+01 -3.15001E-01 -9.55040E-05 -2.47430E-01
9.43998E+01 -3.20001E-01 -9.72407E-05 -2.52417E-01
9.44998E+01 -3.25001E-01 -9.89746E-05 -2.57421E-01
9.45998E+01 -3.30001E-01 -1.00705E-04 -2.62437E-01
9.46998E+01 -3.35001E-01 -1.02436E-04 -2.67440E-01
9.47998E+01 -3.40001E-01 -1.04161E-04 -2.72439E-01
9.48998E+01 -3.45001E-01 -1.05881E-04 -2.77431E-01
9.49998E+01 -3.50001E-01 -1.07594E-04 -2.82470E-01
9.50998E+01 -3.55001E-01 -1.09288E-04 -2.87445E-01
9.51998E+01 -3.60001E-01 -1.10973E-04 -2.92447E-01
9.52998E+01 -3.65001E-01 -1.12646E-04 -2.97440E-01
9.53998E+01 -3.70001E-01 -1.14298E-04 -3.02445E-01
9.54998E+01 -3.75001E-01 -1.15931E-04 -3.07456E-01
9.55998E+01 -3.80001E-01 -1.17566E-04 -3.12425E-01
9.56998E+01 -3.85001E-01 -1.19157E-04 -3.17438E-01
9.57998E+01 -3.90001E-01 -1.20743E-04 -3.22430E-01
9.58998E+01 -3.95001E-01 -1.22302E-04 -3.27445E-01
9.59998E+01 -4.00001E-01 -1.23851E-04 -3.32457E-01
9.60998E+01 -4.05001E-01 -1.25368E-04 -3.37472E-01
9.61998E+01 -4.10001E-01 -1.26871E-04 -3.42459E-01
9.62998E+01 -4.15001E-01 -1.28353E-04 -3.47470E-01
9.63998E+01 -4.20001E-01 -1.29818E-04 -3.52499E-01
9.64998E+01 -4.25001E-01 -1.31206E-04 -3.57487E-01
9.65998E+01 -4.30001E-01 -1.32606E-04 -3.62494E-01
9.66998E+01 -4.35001E-01 -1.34004E-04 -3.67491E-01
9.67998E+01 -4.40001E-01 -1.35362E-04 -3.72468E-01
9.68998E+01 -4.45001E-01 -1.36693E-04 -3.77470E-01
9.69998E+01 -4.50001E-01 -1.38009E-04 -3.82495E-01
9.70998E+01 -4.55001E-01 -1.39285E-04 -3.87482E-01
9.71998E+01 -4.60001E-01 -1.40543E-04 -3.92474E-01
9.72998E+01 -4.65001E-01 -1.41798E-04 -3.97506E-01
9.73998E+01 -4.70001E-01 -1.43021E-04 -4.02503E-01
9.74998E+01 -4.75001E-01 -1.44185E-04 -4.07478E-01
9.75998E+01 -4.80001E-01 -1.45378E-04 -4.12504E-01
9.76998E+01 -4.85001E-01 -1.46519E-04 -4.17506E-01
9.77998E+01 -4.90001E-01 -1.47649E-04 -4.22494E-01
9.78998E+01 -4.95001E-01 -1.48755E-04 -4.27483E-01
9.79998E+01 -5.00001E-01 -1.49830E-04 -4.32507E-01
9.80998E+01 -5.05001E-01 -1.50891E-04 -4.37538E-01
9.81998E+01 -5.10001E-01 -1.51929E-04 -4.42512E-01
9.82998E+01 -5.15001E-01 -1.53030E-04 -4.47510E-01
9.83998E+01 -5.20001E-01 -1.53958E-04 -4.52518E-01
9.84998E+01 -5.25001E-01 -1.54886E-04 -4.57532E-01
9.85998E+01 -5.30001E-01 -1.55768E-04 -4.62500E-01
9.86998E+01 -5.35001E-01 -1.56611E-04 -4.67529E-01
9.87998E+01 -5.40001E-01 -1.57431E-04 -4.72528E-01
9.88998E+01 -5.45001E-01 -1.58197E-04 -4.77532E-01
9.89998E+01 -5.50001E-01 -1.58917E-04 -4.82524E-01
9.90998E+01 -5.55001E-01 -1.59540E-04 -4.87551E-01
9.91998E+01 -5.60001E-01 -1.60043E-04 -4.92548E-01
9.92998E+01 -5.65001E-01 -1.60448E-04 -4.97580E-01
9.93998E+01 -5.70001E-01 -1.60736E-04 -5.02569E-01
9.94998E+01 -5.75001E-01 -1.60783E-04 -5.07585E-01
9.95998E+01 -5.80001E-01 -1.60449E-04 -5.12599E-01
9.96998E+01 -5.85001E-01 -1.59592E-04 -5.17611E-01
9.97998E+01 -5.90001E-01 -1.57796E-04 -5.22586E-01
9.98998E+01 -5.95001E-01 -1.54294E-04 -5.27578E-01
9.99997E+01 -6.00001E-01 -1.48159E-04 -5.32608E-01
1.00100E+02 -6.05000E-01 -1.39103E-04 -5.37595E-01
1.00200E+02 -6.10000E-01 -1.27480E-04 -5.42591E-01
1.00300E+02 -6.15000E-01 -1.14665E-04 -5.47594E-01
1.00400E+02 -6.20000E-01 -1.03306E-04 -5.52615E-01
1.00500E+02 -6.25000E-01 -9.46258E-05 -5.57564E-01
1.00600E+02 -6.30000E-01 -8.80365E-05 -5.62555E-01
1.00700E+02 -6.35000E-01 -8.28040E-05 -5.67565E-01
1.00800E+02 -6.40000E-01 -7.84661E-05 -5.72581E-01
1.00900E+02 -6.45000E-01 -7.47410E-05 -5.77575E-01
1.01000E+02 -6.50000E-01 -7.14561E-05 -5.82546E-01
1.01100E+02 -6.55000E-01 -6.84978E-05 -5.87579E-01
1.01200E+02 -6.60000E-01 -6.58312E-05 -5.92591E-01
1.01300E+02 -6.65000E-01 -6.34048E-05 -5.97594E-01
1.01400E+02 -6.70000E-01 -6.11847E-05 -6.02600E-01
1.01500E+02 -6.75000E-01 -5.91386E-05 -6.07599E-01
1.01600E+02 -6.80000E-01 -5.72704E-05 -6.12615E-01
1.01700E+02 -6.85000E-01 -5.55558E-05 -6.17591E-01
1.01800E+02 -6.90000E-01 -5.39926E-05 -6.22603E-01
1.01900E+02 -6.95000E-01 -5.25578E-05 -6.27601E-01
1.02000E+02 -7.00000E-01 -5.12399E-05 -6.32595E-01
1.02100E+02 -7.05000E-01 -5.00319E-05 -6.37627E-01
1.02200E+02 -7.10000E-01 -4.89231E-05 -6.42630E-01
1.02300E+02 -7.15000E-01 -4.79083E-05 -6.47596E-01
1.02400E+02 -7.20000E-01 -4.69645E-05 -6.52620E-01
1.02500E+02 -7.25000E-01 -4.61064E-05 -6.57640E-01
1.02600E+02 -7.30000E-01 -4.53554E-05 -6.62625E-01
1.02700E+02 -7.35000E-01 -4.46266E-05 -6.67635E-01
1.02800E+02 -7.40000E-01 -4.39730E-05 -6.72658E-01
1.02900E+02 -7.45000E-01 -4.33776E-05 -6.77649E-01
1.03000E+02 -7.50000E-01 -4.28352E-05 -6.82649E-01
1.03100E+02 -7.55000E-01 -4.23317E-05 -6.87652E-01
1.03200E+02 -7.60000E-01 -4.18848E-05 -6.92656E-01
1.03300E+02 -7.65000E-01 -4.14886E-05 -6.97655E-01
1.03400E+02 -7.70000E-01 -4.11346E-05 -7.02645E-01
1.03500E+02 -7.75000E-01 -4.08276E-05 -7.07656E-01
1.03600E+02 -7.80000E-01 -4.05472E-05 -7.12652E-01
1.03700E+02 -7.85000E-01 -4.02978E-05 -7.17650E-01
1.03800E+02 -7.90000E-01 -4.00753E-05 -7.22678E-01
1.03900E+02 -7.95000E-01 -3.98818E-05 -7.27665E-01
