time/s      E/V        I/A
0.00000E+00 -8.00000E-01 -1.82418E-04 -7.15324E-01
9.99997E-02 -7.95000E-01 -1.79727E-04 -7.10307E-01
1.99999E-01 -7.90000E-01 -1.76714E-04 -7.05333E-01
2.99999E-01 -7.85000E-01 -1.73905E-04 -7.00318E-01
3.99999E-01 -7.80000E-01 -1.71103E-04 -6.95317E-01
4.99999E-01 -7.75000E-01 -1.68116E-04 -6.90319E-01
5.99998E-01 -7.70000E-01 -1.65537E-04 -6.85308E-01
6.99998E-01 -7.65000E-01 -1.62731E-04 -6.80319E-01
7.99998E-01 -7.60000E-01 -1.59633E-04 -6.75337E-01
8.99998E-01 -7.55000E-01 -1.56321E-04 -6.70302E-01
9.99997E-01 -7.50000E-01 -1.52304E-04 -6.65305E-01
1.10000E+00 -7.45000E-01 -1.48110E-04 -6.60302E-01
1.20000E+00 -7.40000E-01 -1.43157E-04 -6.55316E-01
1.30000E+00 -7.35000E-01 -1.37006E-04 -6.50289E-01
1.40000E+00 -7.30000E-01 -1.29663E-04 -6.45284E-01
1.50000E+00 -7.25000E-01 -1.20314E-04 -6.40279E-01
1.60000E+00 -7.20000E-01 -1.09818E-04 -6.35298E-01
1.70000E+00 -7.15000E-01 -1.00561E-04 -6.30283E-01
1.80000E+00 -7.10000E-01 -9.29576E-05 -6.25278E-01
1.90000E+00 -7.05000E-01 -8.75479E-05 -6.20291E-01
1.99999E+00 -7.00000E-01 -8.26364E-05 -6.15301E-01
2.09999E+00 -6.95000E-01 -7.84292E-05 -6.10291E-01
2.19999E+00 -6.90000E-01 -7.46281E-05 -6.05288E-01
2.29999E+00 -6.85000E-01 -7.09670E-05 -6.00285E-01
2.39999E+00 -6.80000E-01 -6.76882E-05 -5.95274E-01
2.49999E+00 -6.75000E-01 -6.49358E-05 -5.90282E-01
2.59999E+00 -6.70000E-01 -6.24629E-05 -5.85264E-01
2.69999E+00 -6.65000E-01 -6.01811E-05 -5.80285E-01
2.79999E+00 -6.60000E-01 -5.80389E-05 -5.75272E-01
2.89999E+00 -6.55000E-01 -5.60251E-05 -5.70246E-01
2.99999E+00 -6.50000E-01 -5.41397E-05 -5.65237E-01
3.09999E+00 -6.45000E-01 -5.23914E-05 -5.60252E-01
3.19999E+00 -6.40000E-01 -5.06996E-05 -5.55254E-01
3.29999E+00 -6.35000E-01 -4.91272E-05 -5.50230E-01
3.39999E+00 -6.30000E-01 -4.76227E-05 -5.45229E-01
3.49999E+00 -6.25000E-01 -4.61957E-05 -5.40256E-01
3.59999E+00 -6.20000E-01 -4.48375E-05 -5.35257E-01
3.69999E+00 -6.15000E-01 -4.35473E-05 -5.30255E-01
3.79999E+00 -6.10000E-01 -4.23090E-05 -5.25221E-01
3.89999E+00 -6.05000E-01 -4.11264E-05 -5.20237E-01
3.99999E+00 -6.00001E-01 -3.99908E-05 -5.15270E-01
4.09999E+00 -5.95001E-01 -3.88964E-05 -5.10216E-01
4.19999E+00 -5.90001E-01 -3.78522E-05 -5.05206E-01
4.29999E+00 -5.85001E-01 -3.68481E-05 -5.00200E-01
4.39999E+00 -5.80001E-01 -3.58796E-05 -4.95201E-01
4.49999E+00 -5.75001E-01 -3.49482E-05 -4.90190E-01
4.59999E+00 -5.70001E-01 -3.40491E-05 -4.85200E-01
4.69999E+00 -5.65001E-01 -3.31849E-05 -4.80186E-01
4.79999E+00 -5.60001E-01 -3.23486E-05 -4.75180E-01
4.89999E+00 -5.55001E-01 -3.15406E-05 -4.70174E-01
4.99999E+00 -5.50001E-01 -3.07605E-05 -4.65167E-01
5.09999E+00 -5.45001E-01 -3.00064E-05 -4.60163E-01
5.19999E+00 -5.40001E-01 -2.92755E-05 -4.55172E-01
5.29999E+00 -5.35001E-01 -2.85716E-05 -4.50174E-01
5.39999E+00 -5.30001E-01 -2.78821E-05 -4.45179E-01
5.49999E+00 -5.25001E-01 -2.72200E-05 -4.40164E-01
5.59999E+00 -5.20001E-01 -2.65725E-05 -4.35162E-01
5.69999E+00 -5.15001E-01 -2.59452E-05 -4.30165E-01
5.79999E+00 -5.10001E-01 -2.53336E-05 -4.25155E-01
5.89999E+00 -5.05001E-01 -2.47406E-05 -4.20166E-01
5.99998E+00 -5.00001E-01 -2.41597E-05 -4.15150E-01
6.09998E+00 -4.95001E-01 -2.35988E-05 -4.10140E-01
6.19998E+00 -4.90001E-01 -2.30503E-05 -4.05148E-01
6.29998E+00 -4.85001E-01 -2.25153E-05 -4.00150E-01
6.39998E+00 -4.80001E-01 -2.19914E-05 -3.95163E-01
6.49998E+00 -4.75001E-01 -2.14813E-05 -3.90146E-01
6.59998E+00 -4.70001E-01 -2.09830E-05 -3.85144E-01
6.69998E+00 -4.65001E-01 -2.04919E-05 -3.80152E-01
6.79998E+00 -4.60001E-01 -2.00174E-05 -3.75168E-01
6.89998E+00 -4.55001E-01 -1.95434E-05 -3.70168E-01
6.99998E+00 -4.50001E-01 -1.90856E-05 -3.65154E-01
7.09998E+00 -4.45001E-01 -1.86366E-05 -3.60153E-01
7.19998E+00 -4.40001E-01 -1.81968E-05 -3.55169E-01
7.29998E+00 -4.35001E-01 -1.77651E-05 -3.50173E-01
7.39998E+00 -4.30001E-01 -1.73399E-05 -3.45156E-01
7.49998E+00 -4.25001E-01 -1.69237E-05 -3.40164E-01
7.59998E+00 -4.20001E-01 -1.65127E-05 -3.35146E-01
7.69998E+00 -4.15001E-01 -1.61108E-05 -3.30147E-01
7.79998E+00 -4.10001E-01 -1.57150E-05 -3.25150E-01
7.89998E+00 -4.05001E-01 -1.53221E-05 -3.20149E-01
7.99998E+00 -4.00001E-01 -1.49368E-05 -3.15120E-01
8.09998E+00 -3.95001E-01 -1.45557E-05 -3.10120E-01
8.19998E+00 -3.90001E-01 -1.41824E-05 -3.05150E-01
8.29998E+00 -3.85001E-01 -1.38108E-05 -3.00116E-01
8.39998E+00 -3.80001E-01 -1.34429E-05 -2.95092E-01
8.49998E+00 -3.75001E-01 -1.30804E-05 -2.90120E-01
8.59998E+00 -3.70001E-01 -1.27220E-05 -2.85102E-01
8.69998E+00 -3.65001E-01 -1.23678E-05 -2.80106E-01
8.79998E+00 -3.60001E-01 -1.20155E-05 -2.75084E-01
8.89998E+00 -3.55001E-01 -1.16670E-05 -2.70081E-01
8.99998E+00 -3.50001E-01 -1.13214E-05 -2.65096E-01
9.09998E+00 -3.45001E-01 -1.09771E-05 -2.60093E-01
9.19998E+00 -3.40001E-01 -1.06364E-05 -2.55100E-01
9.29998E+00 -3.35001E-01 -1.02969E-05 -2.50094E-01
9.39998E+00 -3.30001E-01 -9.96054E-06 -2.45086E-01
9.49998E+00 -3.25001E-01 -9.62587E-06 -2.40100E-01
9.59998E+00 -3.20001E-01 -9.29163E-06 -2.35084E-01
9.69998E+00 -3.15001E-01 -8.95919E-06 -2.30066E-01
9.79998E+00 -3.10001E-01 -8.62672E-06 -2.25074E-01
9.89998E+00 -3.05001E-01 -8.29670E-06 -2.20071E-01
9.99997E+00 -3.00001E-01 -7.96808E-06 -2.15072E-01
1.01000E+01 -2.95001E-01 -7.63901E-06 -2.10071E-01
1.02000E+01 -2.90001E-01 -7.31076E-06 -2.05057E-01
1.03000E+01 -2.85001E-01 -6.98556E-06 -2.00081E-01
1.04000E+01 -2.80001E-01 -6.65789E-06 -1.95078E-01
1.05000E+01 -2.75001E-01 -6.33350E-06 -1.90057E-01
1.06000E+01 -2.70001E-01 -6.00208E-06 -1.85071E-01
1.07000E+01 -2.65001E-01 -5.67723E-06 -1.80057E-01
1.08000E+01 -2.60001E-01 -5.35404E-06 -1.75055E-01
1.09000E+01 -2.55001E-01 -5.02994E-06 -1.70027E-01
1.10000E+01 -2.50001E-01 -4.70757E-06 -1.65056E-01
1.11000E+01 -2.45001E-01 -4.38649E-06 -1.60029E-01
1.12000E+01 -2.40001E-01 -4.06695E-06 -1.55020E-01
1.13000E+01 -2.35001E-01 -3.74700E-06 -1.50013E-01
1.14000E+01 -2.30001E-01 -3.42843E-06 -1.45016E-01
1.15000E+01 -2.25001E-01 -3.11278E-06 -1.40031E-01
1.16000E+01 -2.20001E-01 -2.84579E-06 -1.35010E-01
1.17000E+01 -2.15001E-01 -2.52498E-06 -1.30011E-01
1.18000E+01 -2.10001E-01 -2.21619E-06 -1.25027E-01
1.19000E+01 -2.05001E-01 -1.91069E-06 -1.20040E-01
1.20000E+01 -2.00002E-01 -1.60902E-06 -1.15014E-01
1.21000E+01 -1.95002E-01 -1.30941E-06 -1.10010E-01
1.22000E+01 -1.90002E-01 -1.02944E-06 -1.05012E-01
1.23000E+01 -1.85002E-01 -7.17391E-07 -1.00013E-01
1.24000E+01 -1.80002E-01 -4.18513E-07 -9.50173E-02
1.25000E+01 -1.75002E-01 -1.42792E-07 -9.00058E-02
1.26000E+01 -1.70002E-01 1.44207E-07  -8.50293E-02
1.27000E+01 -1.65002E-01 4.17382E-07  -8.00346E-02
1.28000E+01 -1.60002E-01 6.93746E-07  -7.50143E-02
1.29000E+01 -1.55002E-01 9.85564E-07  -7.00071E-02
1.30000E+01 -1.50002E-01 1.25591E-06  -6.49550E-02
1.31000E+01 -1.45002E-01 1.54005E-06  -5.99910E-02
1.32000E+01 -1.40002E-01 1.78672E-06  -5.50187E-02
1.33000E+01 -1.35002E-01 2.10824E-06  -4.99841E-02
1.34000E+01 -1.30002E-01 2.46818E-06  -4.49750E-02
1.35000E+01 -1.25002E-01 2.76202E-06  -3.99910E-02
1.36000E+01 -1.20002E-01 3.15750E-06  -3.49633E-02
1.37000E+01 -1.15002E-01 3.47522E-06  -2.99692E-02
1.38000E+01 -1.10002E-01 3.87933E-06  -2.49770E-02
1.39000E+01 -1.05002E-01 4.33458E-06  -2.00011E-02
1.40000E+01 -1.00002E-01 4.75826E-06  -1.49802E-02
1.41000E+01 -9.50018E-02 5.22363E-06  -9.96552E-03
1.42000E+01 -9.00018E-02 5.59251E-06  -4.97458E-03
1.43000E+01 -8.50018E-02 6.16237E-06  3.25884E-05 
1.44000E+01 -8.00018E-02 6.78310E-06  5.03226E-03 
1.45000E+01 -7.50018E-02 7.35085E-06  1.00475E-02 
1.46000E+01 -7.00018E-02 7.96790E-06  1.50578E-02 
1.47000E+01 -6.50018E-02 8.64989E-06  2.00718E-02 
1.48000E+01 -6.00019E-02 9.32138E-06  2.50434E-02 
1.49000E+01 -5.50019E-02 1.00309E-05  3.00587E-02 
1.50000E+01 -5.00019E-02 1.08732E-05  3.50659E-02 
1.51000E+01 -4.50019E-02 1.17104E-05  4.00668E-02 
1.52000E+01 -4.00019E-02 1.27490E-05  4.50658E-02 
1.53000E+01 -3.50019E-02 1.37247E-05  5.00355E-02 
1.54000E+01 -3.00019E-02 1.46660E-05  5.50633E-02 
1.55000E+01 -2.50019E-02 1.53749E-05  6.00717E-02 
1.56000E+01 -2.00020E-02 1.66630E-05  6.50695E-02 
1.57000E+01 -1.50020E-02 1.81308E-05  7.00630E-02 
1.58000E+01 -1.00020E-02 1.92386E-05  7.50739E-02 
1.59000E+01 -5.00199E-03 2.05473E-05  8.00685E-02 
1.60000E+01 -2.00000E-06 2.15344E-05  8.50663E-02 
1.61000E+01 4.99799E-03  2.32115E-05  9.00541E-02 
1.62000E+01 9.99797E-03  2.51656E-05  9.50907E-02 
1.63000E+01 1.49980E-02  2.68899E-05  1.00088E-01 
1.64000E+01 1.99979E-02  2.79010E-05  1.05081E-01 
1.65000E+01 2.49979E-02  2.96711E-05  1.10088E-01 
1.66000E+01 2.99979E-02  3.17861E-05  1.15095E-01 
1.67000E+01 3.49979E-02  3.35928E-05  1.20110E-01 
1.68000E+01 3.99979E-02  3.51550E-05  1.25087E-01 
1.69000E+01 4.49979E-02  3.69061E-05  1.30092E-01 
1.70000E+01 4.99979E-02  3.88207E-05  1.35111E-01 
1.71000E+01 5.49979E-02  4.07503E-05  1.40095E-01 
1.72000E+01 5.99978E-02  4.26451E-05  1.45117E-01 
1.73000E+01 6.49978E-02  4.45403E-05  1.50107E-01 
1.74000E+01 6.99978E-02  4.62676E-05  1.55112E-01 
1.75000E+01 7.49978E-02  4.81919E-05  1.60124E-01 
1.76000E+01 7.99978E-02  5.03292E-05  1.65114E-01 
1.77000E+01 8.49978E-02  5.26506E-05  1.70130E-01 
1.78000E+01 8.99978E-02  5.45810E-05  1.75136E-01 
1.79000E+01 9.49978E-02  5.66304E-05  1.80145E-01 
1.80000E+01 9.99977E-02  5.84380E-05  1.85131E-01 
1.81000E+01 1.04998E-01  6.00551E-05  1.90103E-01 
1.82000E+01 1.09998E-01  6.18951E-05  1.95148E-01 
1.83000E+01 1.14998E-01  6.40340E-05  2.00137E-01 
1.84000E+01 1.19998E-01  6.63557E-05  2.05115E-01 
1.85000E+01 1.24998E-01  6.83824E-05  2.10128E-01 
1.86000E+01 1.29998E-01  7.05859E-05  2.15148E-01 
1.87000E+01 1.34998E-01  7.26858E-05  2.20154E-01 
1.88000E+01 1.39998E-01  7.47274E-05  2.25161E-01 
1.89000E+01 1.44998E-01  7.67804E-05  2.30159E-01 
1.90000E+01 1.49998E-01  7.88301E-05  2.35158E-01 
1.91000E+01 1.54998E-01  8.08744E-05  2.40167E-01 
1.92000E+01 1.59998E-01  8.28982E-05  2.45159E-01 
1.93000E+01 1.64998E-01  8.49428E-05  2.50139E-01 
1.94000E+01 1.69998E-01  8.71175E-05  2.55156E-01 
1.95000E+01 1.74998E-01  8.92750E-05  2.60173E-01 
1.96000E+01 1.79998E-01  9.12842E-05  2.65175E-01 
1.97000E+01 1.84998E-01  9.33085E-05  2.70168E-01 
1.98000E+01 1.89998E-01  9.53044E-05  2.75169E-01 
1.99000E+01 1.94998E-01  9.72753E-05  2.80190E-01 
1.99999E+01 1.99997E-01  9.92194E-05  2.85190E-01 
2.00999E+01 2.04997E-01  1.01124E-04  2.90153E-01 
2.01999E+01 2.09997E-01  1.02978E-04  2.95176E-01 
2.02999E+01 2.14997E-01  1.04787E-04  3.00168E-01 
2.03999E+01 2.19997E-01  1.06499E-04  3.05194E-01 
2.04999E+01 2.24997E-01  1.08130E-04  3.10214E-01 
2.05999E+01 2.29997E-01  1.09669E-04  3.15194E-01 
2.06999E+01 2.34997E-01  1.11088E-04  3.20217E-01 
2.07999E+01 2.39997E-01  1.12406E-04  3.25193E-01 
2.08999E+01 2.44997E-01  1.13698E-04  3.30219E-01 
2.09999E+01 2.49997E-01  1.15015E-04  3.35224E-01 
2.10999E+01 2.54997E-01  1.16377E-04  3.40234E-01 
2.11999E+01 2.59997E-01  1.17879E-04  3.45219E-01 
2.12999E+01 2.64997E-01  1.19150E-04  3.50212E-01 
2.13999E+01 2.69997E-01  1.20599E-04  3.55225E-01 
2.14999E+01 2.74997E-01  1.22143E-04  3.60219E-01 
2.15999E+01 2.79997E-01  1.23829E-04  3.65209E-01 
2.16999E+01 2.84997E-01  1.25601E-04  3.70231E-01 
2.17999E+01 2.89997E-01  1.27054E-04  3.75243E-01 
2.18999E+01 2.94997E-01  1.28252E-04  3.80239E-01 
2.19999E+01 2.99997E-01  1.28965E-04  3.85225E-01 
2.20999E+01 3.04997E-01  1.29054E-04  3.90235E-01 
2.21999E+01 3.09997E-01  1.28286E-04  3.95243E-01 
2.22999E+01 3.14997E-01  1.26573E-04  4.00229E-01 
2.23999E+01 3.19997E-01  1.23790E-04  4.05219E-01 
2.24999E+01 3.24997E-01  1.20059E-04  4.10230E-01 
2.25999E+01 3.29997E-01  1.14609E-04  4.15254E-01 
2.26999E+01 3.34997E-01  1.07615E-04  4.20235E-01 
2.27999E+01 3.39997E-01  9.99896E-05  4.25247E-01 
2.28999E+01 3.44997E-01  9.17771E-05  4.30260E-01 
2.29999E+01 3.49997E-01  8.38636E-05  4.35283E-01 
2.30999E+01 3.54997E-01  7.69151E-05  4.40276E-01 
2.31999E+01 3.59997E-01  7.10351E-05  4.45253E-01 
2.32999E+01 3.64997E-01  6.60689E-05  4.50285E-01 
2.33999E+01 3.69997E-01  6.19268E-05  4.55292E-01 
2.34999E+01 3.74997E-01  5.88182E-05  4.60293E-01 
2.35999E+01 3.79997E-01  5.64930E-05  4.65284E-01 
2.36999E+01 3.84997E-01  5.48343E-05  4.70304E-01 
2.37999E+01 3.89997E-01  5.36135E-05  4.75302E-01 
2.38999E+01 3.94997E-01  5.27479E-05  4.80289E-01 
2.39999E+01 3.99997E-01  5.25421E-05  4.85306E-01 
2.40999E+01 4.04997E-01  5.18301E-05  4.90323E-01 
2.41999E+01 4.09997E-01  5.15179E-05  4.95308E-01 
2.42999E+01 4.14997E-01  5.15078E-05  5.00299E-01 
2.43999E+01 4.19997E-01  5.15499E-05  5.05318E-01 
2.44999E+01 4.24997E-01  5.17316E-05  5.10342E-01 
2.45999E+01 4.29997E-01  5.20275E-05  5.15333E-01 
2.46999E+01 4.34997E-01  5.23931E-05  5.20314E-01 
2.47999E+01 4.39997E-01  5.28050E-05  5.25332E-01 
2.48999E+01 4.44997E-01  5.32972E-05  5.30331E-01 
2.49999E+01 4.49997E-01  5.38568E-05  5.35329E-01 
2.50999E+01 4.54997E-01  5.44691E-05  5.40329E-01 
2.51999E+01 4.59997E-01  5.51190E-05  5.45330E-01 
2.52999E+01 4.64997E-01  5.58723E-05  5.50345E-01 
2.53999E+01 4.69997E-01  5.65624E-05  5.55349E-01 
2.54999E+01 4.74997E-01  5.73022E-05  5.60343E-01 
2.55999E+01 4.79997E-01  5.80483E-05  5.65349E-01 
2.56999E+01 4.84997E-01  5.87961E-05  5.70343E-01 
2.57999E+01 4.89997E-01  5.95640E-05  5.75382E-01 
2.58999E+01 4.94997E-01  6.02729E-05  5.80352E-01 
2.59999E+01 4.99997E-01  6.09950E-05  5.85343E-01 
2.60999E+01 5.04997E-01  6.17113E-05  5.90359E-01 
2.61999E+01 5.09997E-01  6.24752E-05  5.95381E-01 
2.62999E+01 5.14997E-01  6.32937E-05  6.00363E-01 
2.63999E+01 5.19997E-01  6.40948E-05  6.05351E-01 
2.64999E+01 5.24997E-01  6.49135E-05  6.10390E-01 
2.65999E+01 5.29997E-01  6.57142E-05  6.15390E-01 
2.66999E+01 5.34997E-01  6.64938E-05  6.20371E-01 
2.67999E+01 5.39997E-01  6.72463E-05  6.25378E-01 
2.68999E+01 5.44997E-01  6.79501E-05  6.30394E-01 
2.69999E+01 5.49997E-01  6.86087E-05  6.35402E-01 
2.70999E+01 5.54997E-01  6.92262E-05  6.40408E-01 
2.71999E+01 5.59997E-01  6.97897E-05  6.45403E-01 
2.72999E+01 5.64997E-01  7.02463E-05  6.50409E-01 
2.73999E+01 5.69997E-01  7.06177E-05  6.55410E-01 
2.74999E+01 5.74997E-01  7.09380E-05  6.60424E-01 
2.75999E+01 5.79997E-01  7.11659E-05  6.65415E-01 
2.76999E+01 5.84997E-01  7.13511E-05  6.70404E-01 
2.77999E+01 5.89997E-01  7.15008E-05  6.75415E-01 
2.78999E+01 5.94997E-01  7.13618E-05  6.80409E-01 
2.79999E+01 5.99996E-01  7.09517E-05  6.85415E-01 
2.80999E+01 6.04996E-01  7.07151E-05  6.90410E-01 
2.81999E+01 6.09996E-01  7.05653E-05  6.95422E-01 
2.82999E+01 6.14996E-01  7.06490E-05  7.00420E-01 
2.83999E+01 6.19996E-01  7.05112E-05  7.05416E-01 
2.84999E+01 6.24996E-01  6.98994E-05  7.10407E-01 
2.85999E+01 6.29996E-01  6.91230E-05  7.15428E-01 
2.86999E+01 6.34996E-01  6.86265E-05  7.20425E-01 
2.87999E+01 6.39996E-01  6.83497E-05  7.25419E-01 
2.88999E+01 6.44996E-01  6.76343E-05  7.30395E-01 
2.89999E+01 6.49996E-01  6.64634E-05  7.35424E-01 
2.90999E+01 6.54996E-01  6.49486E-05  7.40440E-01 
2.91999E+01 6.59996E-01  6.38925E-05  7.45417E-01 
2.92999E+01 6.64996E-01  6.32378E-05  7.50424E-01 
2.93999E+01 6.69996E-01  6.24834E-05  7.55419E-01 
2.94999E+01 6.74996E-01  6.15996E-05  7.60450E-01 
2.95999E+01 6.79996E-01  6.08288E-05  7.65429E-01 
2.96999E+01 6.84996E-01  5.98369E-05  7.70420E-01 
2.97999E+01 6.89996E-01  5.83421E-05  7.75430E-01 
2.98999E+01 6.94996E-01  5.67527E-05  7.80431E-01 
2.99999E+01 6.99996E-01  5.53338E-05  7.85449E-01 
3.00999E+01 7.04996E-01  5.40550E-05  7.90456E-01 
3.01999E+01 7.09996E-01  5.30344E-05  7.95479E-01 
3.02999E+01 7.14996E-01  5.19537E-05  8.00493E-01 
3.03999E+01 7.19996E-01  5.09711E-05  8.05461E-01 
3.04999E+01 7.24996E-01  5.00765E-05  8.10475E-01 
3.05999E+01 7.29996E-01  4.92889E-05  8.15483E-01 
3.06999E+01 7.34996E-01  4.88993E-05  8.20495E-01 
3.07999E+01 7.39996E-01  4.86574E-05  8.25474E-01 
3.08999E+01 7.44996E-01  4.84320E-05  8.30491E-01 
3.09999E+01 7.49996E-01  4.82447E-05  8.35488E-01 
3.10999E+01 7.54996E-01  4.79737E-05  8.40471E-01 
3.11999E+01 7.59996E-01  4.77488E-05  8.45473E-01 
3.12999E+01 7.64996E-01  4.76746E-05  8.50483E-01 
3.13999E+01 7.69996E-01  4.76731E-05  8.55484E-01 
3.14999E+01 7.74996E-01  4.76382E-05  8.60491E-01 
3.15999E+01 7.79996E-01  4.76122E-05  8.65497E-01 
3.16999E+01 7.84996E-01  4.76227E-05  8.70502E-01 
3.17999E+01 7.89996E-01  4.76603E-05  8.75529E-01 
3.18999E+01 7.94996E-01  4.76944E-05  8.80512E-01 
3.19999E+01 7.99996E-01  4.80300E-05  8.85523E-01 
3.20999E+01 8.04996E-01  4.80381E-05  8.90532E-01 
3.21999E+01 8.09996E-01  4.80434E-05  8.95542E-01 
3.22999E+01 8.14996E-01  4.81150E-05  9.00545E-01 
3.23999E+01 8.19996E-01  4.81849E-05  9.05547E-01 
3.24999E+01 8.24996E-01  4.82750E-05  9.10528E-01 
3.25999E+01 8.29996E-01  4.83630E-05  9.15523E-01 
3.26999E+01 8.34996E-01  4.84982E-05  9.20524E-01 
3.27999E+01 8.39996E-01  4.86086E-05  9.25531E-01 
3.28999E+01 8.44996E-01  4.87256E-05  9.30536E-01 
3.29999E+01 8.49996E-01  4.88479E-05  9.35512E-01 
3.30999E+01 8.54996E-01  4.89747E-05  9.40548E-01 
3.31999E+01 8.59996E-01  4.91000E-05  9.45559E-01 
3.32999E+01 8.64996E-01  4.92302E-05  9.50564E-01 
3.33999E+01 8.69996E-01  4.93640E-05  9.55554E-01 
3.34999E+01 8.74996E-01  4.94938E-05  9.60569E-01 
3.35999E+01 8.79996E-01  4.96332E-05  9.65554E-01 
3.36999E+01 8.84996E-01  4.97761E-05  9.70562E-01 
3.37999E+01 8.89996E-01  4.99098E-05  9.75572E-01 
3.38999E+01 8.94996E-01  5.00511E-05  9.80559E-01 
3.39999E+01 8.99996E-01  5.01848E-05  9.85562E-01 
3.40999E+01 9.04996E-01  5.03108E-05  9.90572E-01 
3.41999E+01 9.09996E-01  5.04510E-05  9.95591E-01 
3.42999E+01 9.14996E-01  5.06044E-05  1.00056E+00 
3.43999E+01 9.19996E-01  5.07575E-05  1.00558E+00 
3.44999E+01 9.24996E-01  5.09121E-05  1.01057E+00 
3.45999E+01 9.29996E-01  5.10745E-05  1.01557E+00 
3.46999E+01 9.34996E-01  5.12207E-05  1.02057E+00 
3.47999E+01 9.39996E-01  5.13613E-05  1.02558E+00 
3.48999E+01 9.44996E-01  5.14991E-05  1.03060E+00 
3.49999E+01 9.49996E-01  5.16207E-05  1.03558E+00 
3.50999E+01 9.54996E-01  5.17692E-05  1.04056E+00 
3.51999E+01 9.59996E-01  5.19046E-05  1.04558E+00 
3.52999E+01 9.64996E-01  5.20556E-05  1.05056E+00 
3.53999E+01 9.69996E-01  5.22298E-05  1.05558E+00 
3.54999E+01 9.74996E-01  5.23797E-05  1.06058E+00 
3.55999E+01 9.79996E-01  5.25482E-05  1.06557E+00 
3.56999E+01 9.84996E-01  5.27334E-05  1.07058E+00 
3.57999E+01 9.89996E-01  5.29196E-05  1.07561E+00 
3.58999E+01 9.94996E-01  5.30983E-05  1.08059E+00 
3.59999E+01 9.99995E-01  5.32810E-05  1.08559E+00 
3.60999E+01 1.00500E+00  5.34707E-05  1.09061E+00 
3.61999E+01 1.01000E+00  5.36701E-05  1.09559E+00 
3.62999E+01 1.01500E+00  5.38428E-05  1.10060E+00 
3.63999E+01 1.02000E+00  5.40381E-05  1.10561E+00 
3.64999E+01 1.02500E+00  5.41821E-05  1.11060E+00 
3.65999E+01 1.03000E+00  5.43421E-05  1.11561E+00 
3.66999E+01 1.03500E+00  5.44872E-05  1.12064E+00 
3.67999E+01 1.04000E+00  5.46105E-05  1.12565E+00 
3.68999E+01 1.04500E+00  5.47292E-05  1.13064E+00 
3.69999E+01 1.05000E+00  5.48795E-05  1.13563E+00 
3.70999E+01 1.05500E+00  5.50359E-05  1.14065E+00 
3.71999E+01 1.06000E+00  5.52271E-05  1.14565E+00 
3.72999E+01 1.06500E+00  5.54492E-05  1.15067E+00 
3.73999E+01 1.07000E+00  5.56863E-05  1.15567E+00 
3.74999E+01 1.07500E+00  5.59412E-05  1.16066E+00 
3.75999E+01 1.08000E+00  5.62121E-05  1.16569E+00 
3.76999E+01 1.08500E+00  5.64955E-05  1.17074E+00 
3.77999E+01 1.09000E+00  5.67728E-05  1.17569E+00 
3.78999E+01 1.09500E+00  5.70808E-05  1.18070E+00 
3.79999E+01 1.10000E+00  5.73994E-05  1.18571E+00 
3.80999E+01 1.10500E+00  5.77332E-05  1.19071E+00 
3.81999E+01 1.11000E+00  5.80694E-05  1.19571E+00 
3.82999E+01 1.11500E+00  5.84235E-05  1.20070E+00 
3.83999E+01 1.12000E+00  5.87838E-05  1.20573E+00 
3.84999E+01 1.12500E+00  5.91721E-05  1.21073E+00 
3.85999E+01 1.13000E+00  5.95792E-05  1.21572E+00 
3.86999E+01 1.13500E+00  5.99968E-05  1.22072E+00 
3.87999E+01 1.14000E+00  6.04183E-05  1.22570E+00 
3.88999E+01 1.14500E+00  6.08237E-05  1.23074E+00 
3.89999E+01 1.15000E+00  6.12236E-05  1.23572E+00 
3.90999E+01 1.15500E+00  6.16315E-05  1.24071E+00 
3.91999E+01 1.16000E+00  6.20345E-05  1.24572E+00 
3.92999E+01 1.16500E+00  6.24357E-05  1.25074E+00 
3.93999E+01 1.17000E+00  6.28485E-05  1.25573E+00 
3.94999E+01 1.17500E+00  6.32758E-05  1.26071E+00 
3.95999E+01 1.18000E+00  6.37132E-05  1.26573E+00 
3.96999E+01 1.18500E+00  6.41717E-05  1.27073E+00 
3.97999E+01 1.19000E+00  6.46450E-05  1.27575E+00 
3.98999E+01 1.19500E+00  6.51298E-05  1.28075E+00 
3.99999E+01 1.19999E+00  6.56110E-05  1.28573E+00 
4.00999E+01 1.20499E+00  6.61203E-05  1.29077E+00 
4.01999E+01 1.20999E+00  6.66622E-05  1.29578E+00 
4.02999E+01 1.21499E+00  6.72362E-05  1.30075E+00 
4.03999E+01 1.21999E+00  6.78659E-05  1.30576E+00 
4.04999E+01 1.22499E+00  6.85212E-05  1.31077E+00 
4.05999E+01 1.22999E+00  6.91769E-05  1.31575E+00 
4.06999E+01 1.23499E+00  6.98530E-05  1.32073E+00 
4.07999E+01 1.23999E+00  7.05022E-05  1.32574E+00 
4.08999E+01 1.24499E+00  7.11433E-05  1.33076E+00 
4.09999E+01 1.24999E+00  7.17957E-05  1.33576E+00 
4.10999E+01 1.25499E+00  7.24784E-05  1.34075E+00 
4.11999E+01 1.25999E+00  7.31394E-05  1.34575E+00 
4.12999E+01 1.26499E+00  7.37753E-05  1.35076E+00 
4.13999E+01 1.26999E+00  7.44158E-05  1.35577E+00 
4.14999E+01 1.27499E+00  7.50315E-05  1.36078E+00 
4.15999E+01 1.27999E+00  7.56832E-05  1.36576E+00 
4.16999E+01 1.28499E+00  7.64125E-05  1.37076E+00 
4.17999E+01 1.28999E+00  7.71758E-05  1.37578E+00 
4.18999E+01 1.29499E+00  7.78763E-05  1.38079E+00 
4.19999E+01 1.29999E+00  7.86208E-05  1.38576E+00 
4.20999E+01 1.30499E+00  7.94139E-05  1.39077E+00 
4.21999E+01 1.30999E+00  8.03362E-05  1.39578E+00 
4.22999E+01 1.31499E+00  8.13203E-05  1.40078E+00 
4.23999E+01 1.31999E+00  8.23234E-05  1.40577E+00 
4.24999E+01 1.32499E+00  8.34302E-05  1.41075E+00 
4.25999E+01 1.32999E+00  8.46780E-05  1.41579E+00 
4.26999E+01 1.33499E+00  8.59172E-05  1.42082E+00 
4.27999E+01 1.33999E+00  8.72746E-05  1.42579E+00 
4.28999E+01 1.34499E+00  8.87008E-05  1.43081E+00 
4.29999E+01 1.34999E+00  9.01999E-05  1.43582E+00 
4.30999E+01 1.35499E+00  9.18018E-05  1.44083E+00 
4.31999E+01 1.35999E+00  9.34646E-05  1.44584E+00 
4.32999E+01 1.36499E+00  9.52273E-05  1.45087E+00 
4.33999E+01 1.36999E+00  9.71602E-05  1.45589E+00 
4.34999E+01 1.37499E+00  9.90865E-05  1.46088E+00 
4.35999E+01 1.37999E+00  1.01129E-04  1.46587E+00 
4.36999E+01 1.38499E+00  1.03136E-04  1.47087E+00 
4.37999E+01 1.38999E+00  1.05092E-04  1.47587E+00 
4.38999E+01 1.39499E+00  1.07234E-04  1.48085E+00 
4.39999E+01 1.39999E+00  1.09458E-04  1.48587E+00 
4.40999E+01 1.40499E+00  1.11833E-04  1.49086E+00 
4.41999E+01 1.40999E+00  1.14350E-04  1.49588E+00 
4.42999E+01 1.41499E+00  1.16774E-04  1.50085E+00 
4.43999E+01 1.41999E+00  1.19092E-04  1.50586E+00 
4.44999E+01 1.42499E+00  1.21586E-04  1.51086E+00 
4.45999E+01 1.42999E+00  1.24206E-04  1.51587E+00 
4.46999E+01 1.43499E+00  1.26959E-04  1.52085E+00 
4.47999E+01 1.43999E+00  1.29557E-04  1.52587E+00 
4.48999E+01 1.44499E+00  1.32436E-04  1.53086E+00 
4.49999E+01 1.44999E+00  1.35245E-04  1.53587E+00 
4.50999E+01 1.45499E+00  1.38194E-04  1.54087E+00 
4.51999E+01 1.45999E+00  1.41141E-04  1.54587E+00 
4.52999E+01 1.46499E+00  1.44202E-04  1.55088E+00 
4.53999E+01 1.46999E+00  1.47470E-04  1.55590E+00 
4.54999E+01 1.47499E+00  1.51057E-04  1.56088E+00 
4.55999E+01 1.47999E+00  1.54427E-04  1.56587E+00 
4.56999E+01 1.48499E+00  1.57856E-04  1.57089E+00 
4.57999E+01 1.48999E+00  1.60775E-04  1.57589E+00 
4.58999E+01 1.49499E+00  1.64146E-04  1.58088E+00 
4.59999E+01 1.49999E+00  1.67843E-04  1.58592E+00 
4.60999E+01 1.50499E+00  1.71750E-04  1.59089E+00 
4.61999E+01 1.50999E+00  1.75021E-04  1.59589E+00 
4.62999E+01 1.51499E+00  1.78422E-04  1.60090E+00 
4.63999E+01 1.51999E+00  1.81299E-04  1.60594E+00 
4.64999E+01 1.52499E+00  1.84706E-04  1.61092E+00 
4.65999E+01 1.52999E+00  1.88575E-04  1.61594E+00 
4.66999E+01 1.53499E+00  1.92490E-04  1.62091E+00 
4.67999E+01 1.53999E+00  1.96107E-04  1.62593E+00 
4.68999E+01 1.54499E+00  1.99069E-04  1.63093E+00 
4.69999E+01 1.54999E+00  2.02476E-04  1.63594E+00 
4.70999E+01 1.55499E+00  2.06328E-04  1.64092E+00 
4.71999E+01 1.55999E+00  2.10126E-04  1.64596E+00 
4.72999E+01 1.56499E+00  2.14001E-04  1.65097E+00 
4.73999E+01 1.56999E+00  2.17631E-04  1.65595E+00 
4.74999E+01 1.57499E+00  2.21172E-04  1.66093E+00 
4.75999E+01 1.57999E+00  2.24919E-04  1.66596E+00 
4.76999E+01 1.58499E+00  2.28463E-04  1.67095E+00 
4.77999E+01 1.58999E+00  2.31881E-04  1.67598E+00 
4.78999E+01 1.59499E+00  2.35535E-04  1.68095E+00 
4.79999E+01 1.59999E+00  2.39348E-04  1.68596E+00 
4.80999E+01 1.60499E+00  2.43415E-04  1.69096E+00 
4.81999E+01 1.60999E+00  2.47224E-04  1.69598E+00 
4.82999E+01 1.61499E+00  2.51022E-04  1.70096E+00 
4.83999E+01 1.61999E+00  2.54600E-04  1.70597E+00 
4.84999E+01 1.62499E+00  2.58303E-04  1.71096E+00 
4.85999E+01 1.62999E+00  2.62174E-04  1.71597E+00 
4.86999E+01 1.63499E+00  2.66149E-04  1.72097E+00 
4.87999E+01 1.63999E+00  2.69715E-04  1.72597E+00 
4.88999E+01 1.64499E+00  2.73437E-04  1.73098E+00 
4.89999E+01 1.64999E+00  2.77218E-04  1.73598E+00 
4.90999E+01 1.65499E+00  2.80711E-04  1.74099E+00 
4.91999E+01 1.65999E+00  2.84406E-04  1.74599E+00 
4.92999E+01 1.66499E+00  2.88183E-04  1.75100E+00 
4.93999E+01 1.66999E+00  2.92053E-04  1.75601E+00 
4.94999E+01 1.67499E+00  2.95572E-04  1.76101E+00 
4.95999E+01 1.67999E+00  2.99349E-04  1.76604E+00 
4.96999E+01 1.68499E+00  3.02840E-04  1.77101E+00 
4.97999E+01 1.68999E+00  3.06521E-04  1.77602E+00 
4.98999E+01 1.69499E+00  3.10094E-04  1.78103E+00 
4.99999E+01 1.69999E+00  3.13733E-04  1.78605E+00 
5.00999E+01 1.70499E+00  3.17291E-04  1.79104E+00 
5.01999E+01 1.70999E+00  3.20807E-04  1.79602E+00 
5.02999E+01 1.71499E+00  3.24319E-04  1.80103E+00 
5.03999E+01 1.71999E+00  3.27731E-04  1.80603E+00 
5.04999E+01 1.72499E+00  3.31159E-04  1.81103E+00 
5.05999E+01 1.72999E+00  3.34587E-04  1.81601E+00 
5.06999E+01 1.73499E+00  3.38047E-04  1.82104E+00 
5.07999E+01 1.73999E+00  3.41303E-04  1.82604E+00 
5.08999E+01 1.74499E+00  3.44591E-04  1.83105E+00 
5.09999E+01 1.74999E+00  3.47815E-04  1.83606E+00 
5.10999E+01 1.75499E+00  3.51005E-04  1.84105E+00 
5.11999E+01 1.75999E+00  3.54156E-04  1.84606E+00 
5.12999E+01 1.76499E+00  3.57316E-04  1.85108E+00 
5.13999E+01 1.76999E+00  3.60357E-04  1.85607E+00 
5.14999E+01 1.77499E+00  3.63429E-04  1.86107E+00 
5.15999E+01 1.77999E+00  3.66360E-04  1.86608E+00 
5.16999E+01 1.78499E+00  3.69194E-04  1.87108E+00 
5.17999E+01 1.78999E+00  3.72095E-04  1.87607E+00 
5.18999E+01 1.79499E+00  3.74878E-04  1.88105E+00 
5.19999E+01 1.79999E+00  3.77638E-04  1.88606E+00 
5.20999E+01 1.79499E+00  3.70272E-04  1.88107E+00 
5.21999E+01 1.78999E+00  3.63420E-04  1.87607E+00 
5.22999E+01 1.78499E+00  3.56656E-04  1.87108E+00 
5.23999E+01 1.77999E+00  3.50191E-04  1.86607E+00 
5.24999E+01 1.77499E+00  3.43831E-04  1.86107E+00 
5.25999E+01 1.76999E+00  3.37681E-04  1.85606E+00 
5.26999E+01 1.76499E+00  3.31576E-04  1.85106E+00 
5.27999E+01 1.75999E+00  3.25557E-04  1.84607E+00 
5.28999E+01 1.75499E+00  3.19659E-04  1.84105E+00 
5.29999E+01 1.74999E+00  3.13810E-04  1.83604E+00 
5.30999E+01 1.74499E+00  3.07998E-04  1.83106E+00 
5.31999E+01 1.73999E+00  3.02335E-04  1.82606E+00 
5.32999E+01 1.73499E+00  2.96602E-04  1.82104E+00 
5.33999E+01 1.72999E+00  2.90937E-04  1.81603E+00 
5.34999E+01 1.72499E+00  2.85388E-04  1.81105E+00 
5.35999E+01 1.71999E+00  2.79988E-04  1.80605E+00 
5.36999E+01 1.71499E+00  2.74579E-04  1.80102E+00 
5.37999E+01 1.70999E+00  2.69249E-04  1.79601E+00 
5.38999E+01 1.70499E+00  2.64037E-04  1.79102E+00 
5.39999E+01 1.69999E+00  2.58912E-04  1.78605E+00 
5.40999E+01 1.69499E+00  2.53812E-04  1.78102E+00 
5.41999E+01 1.68999E+00  2.48816E-04  1.77602E+00 
5.42999E+01 1.68499E+00  2.43863E-04  1.77104E+00 
5.43999E+01 1.67999E+00  2.39001E-04  1.76606E+00 
5.44999E+01 1.67499E+00  2.34163E-04  1.76105E+00 
5.45999E+01 1.66999E+00  2.29393E-04  1.75604E+00 
5.46999E+01 1.66499E+00  2.24721E-04  1.75102E+00 
5.47999E+01 1.65999E+00  2.20081E-04  1.74601E+00 
5.48999E+01 1.65499E+00  2.15498E-04  1.74098E+00 
5.49999E+01 1.64999E+00  2.11059E-04  1.73598E+00 
5.50999E+01 1.64499E+00  2.06599E-04  1.73099E+00 
5.51999E+01 1.63999E+00  2.02188E-04  1.72599E+00 
5.52999E+01 1.63499E+00  1.97861E-04  1.72097E+00 
5.53999E+01 1.62999E+00  1.93642E-04  1.71598E+00 
5.54999E+01 1.62499E+00  1.89453E-04  1.71097E+00 
5.55999E+01 1.61999E+00  1.85342E-04  1.70596E+00 
5.56999E+01 1.61499E+00  1.81258E-04  1.70095E+00 
5.57999E+01 1.60999E+00  1.77223E-04  1.69596E+00 
5.58999E+01 1.60499E+00  1.73249E-04  1.69098E+00 
5.59999E+01 1.59999E+00  1.69331E-04  1.68594E+00 
5.60999E+01 1.59499E+00  1.65495E-04  1.68094E+00 
5.61999E+01 1.58999E+00  1.61699E-04  1.67595E+00 
5.62999E+01 1.58499E+00  1.57957E-04  1.67096E+00 
5.63999E+01 1.57999E+00  1.54250E-04  1.66596E+00 
5.64999E+01 1.57499E+00  1.50684E-04  1.66095E+00 
5.65999E+01 1.56999E+00  1.47047E-04  1.65599E+00 
5.66999E+01 1.56499E+00  1.43468E-04  1.65097E+00 
5.67999E+01 1.55999E+00  1.40051E-04  1.64594E+00 
5.68999E+01 1.55499E+00  1.36637E-04  1.64092E+00 
5.69999E+01 1.54999E+00  1.33254E-04  1.63593E+00 
5.70999E+01 1.54499E+00  1.29946E-04  1.63094E+00 
5.71999E+01 1.53999E+00  1.26647E-04  1.62593E+00 
5.72999E+01 1.53499E+00  1.23370E-04  1.62093E+00 
5.73999E+01 1.52999E+00  1.20285E-04  1.61593E+00 
5.74999E+01 1.52499E+00  1.17204E-04  1.61094E+00 
5.75999E+01 1.51999E+00  1.14148E-04  1.60592E+00 
5.76999E+01 1.51499E+00  1.11091E-04  1.60092E+00 
5.77999E+01 1.50999E+00  1.08025E-04  1.59592E+00 
5.78999E+01 1.50499E+00  1.05182E-04  1.59090E+00 
5.79999E+01 1.49999E+00  1.02424E-04  1.58591E+00 
5.80999E+01 1.49499E+00  9.96767E-05  1.58090E+00 
5.81999E+01 1.48999E+00  9.69487E-05  1.57592E+00 
5.82999E+01 1.48499E+00  9.41687E-05  1.57089E+00 
5.83999E+01 1.47999E+00  9.14517E-05  1.56588E+00 
5.84999E+01 1.47499E+00  8.87520E-05  1.56088E+00 
5.85999E+01 1.46999E+00  8.61772E-05  1.55590E+00 
5.86999E+01 1.46499E+00  8.36853E-05  1.55089E+00 
5.87999E+01 1.45999E+00  8.11889E-05  1.54586E+00 
5.88999E+01 1.45499E+00  7.87258E-05  1.54087E+00 
5.89999E+01 1.44999E+00  7.63624E-05  1.53590E+00 
5.90999E+01 1.44499E+00  7.39804E-05  1.53088E+00 
5.91999E+01 1.43999E+00  7.16632E-05  1.52585E+00 
5.92999E+01 1.43499E+00  6.93752E-05  1.52087E+00 
5.93999E+01 1.42999E+00  6.71400E-05  1.51587E+00 
5.94999E+01 1.42499E+00  6.49734E-05  1.51086E+00 
5.95999E+01 1.41999E+00  6.28456E-05  1.50586E+00 
5.96999E+01 1.41499E+00  6.07945E-05  1.50088E+00 
5.97999E+01 1.40999E+00  5.87778E-05  1.49589E+00 
5.98999E+01 1.40499E+00  5.68369E-05  1.49086E+00 
5.99998E+01 1.39999E+00  5.49152E-05  1.48585E+00 
6.00998E+01 1.39499E+00  5.29991E-05  1.48086E+00 
6.01998E+01 1.38999E+00  5.10999E-05  1.47586E+00 
6.02998E+01 1.38499E+00  4.92469E-05  1.47087E+00 
6.03998E+01 1.37999E+00  4.74524E-05  1.46583E+00 
6.04998E+01 1.37499E+00  4.56811E-05  1.46087E+00 
6.05998E+01 1.36999E+00  4.39980E-05  1.45586E+00 
6.06998E+01 1.36499E+00  4.23599E-05  1.45084E+00 
6.07998E+01 1.35999E+00  4.07703E-05  1.44585E+00 
6.08998E+01 1.35499E+00  3.92589E-05  1.44084E+00 
6.09998E+01 1.34999E+00  3.77950E-05  1.43584E+00 
6.10998E+01 1.34499E+00  3.63635E-05  1.43083E+00 
6.11998E+01 1.33999E+00  3.45048E-05  1.42584E+00 
6.12998E+01 1.33499E+00  3.31625E-05  1.42082E+00 
6.13998E+01 1.32999E+00  3.18650E-05  1.41580E+00 
6.14998E+01 1.32499E+00  3.06174E-05  1.41081E+00 
6.15998E+01 1.31999E+00  2.94121E-05  1.40582E+00 
6.16998E+01 1.31499E+00  2.82587E-05  1.40080E+00 
6.17998E+01 1.30999E+00  2.71198E-05  1.39581E+00 
6.18998E+01 1.30499E+00  2.60308E-05  1.39079E+00 
6.19998E+01 1.29999E+00  2.49866E-05  1.38579E+00 
6.20998E+01 1.29499E+00  2.39744E-05  1.38080E+00 
6.21998E+01 1.28999E+00  2.30107E-05  1.37579E+00 
6.22998E+01 1.28499E+00  2.20846E-05  1.37078E+00 
6.23998E+01 1.27999E+00  2.12088E-05  1.36577E+00 
6.24998E+01 1.27499E+00  2.03552E-05  1.36078E+00 
6.25998E+01 1.26999E+00  1.95369E-05  1.35579E+00 
6.26998E+01 1.26499E+00  1.87543E-05  1.35078E+00 
6.27998E+01 1.25999E+00  1.80031E-05  1.34578E+00 
6.28998E+01 1.25499E+00  1.72872E-05  1.34077E+00 
6.29998E+01 1.24999E+00  1.65998E-05  1.33576E+00 
6.30998E+01 1.24499E+00  1.59496E-05  1.33077E+00 
6.31998E+01 1.23999E+00  1.53287E-05  1.32575E+00 
6.32998E+01 1.23499E+00  1.47367E-05  1.32075E+00 
6.33998E+01 1.22999E+00  1.41761E-05  1.31577E+00 
6.34998E+01 1.22499E+00  1.36437E-05  1.31075E+00 
6.35998E+01 1.21999E+00  1.31307E-05  1.30574E+00 
6.36998E+01 1.21499E+00  1.26423E-05  1.30074E+00 
6.37998E+01 1.20999E+00  1.21814E-05  1.29577E+00 
6.38998E+01 1.20499E+00  1.17450E-05  1.29077E+00 
6.39998E+01 1.19999E+00  1.13354E-05  1.28573E+00 
6.40998E+01 1.19500E+00  1.09403E-05  1.28074E+00 
6.41998E+01 1.19000E+00  1.05603E-05  1.27573E+00 
6.42998E+01 1.18500E+00  1.02057E-05  1.27074E+00 
6.43998E+01 1.18000E+00  9.87180E-06  1.26571E+00 
6.44998E+01 1.17500E+00  9.55847E-06  1.26071E+00 
6.45998E+01 1.17000E+00  9.25895E-06  1.25571E+00 
6.46998E+01 1.16500E+00  8.97404E-06  1.25073E+00 
6.47998E+01 1.16000E+00  8.70153E-06  1.24572E+00 
6.48998E+01 1.15500E+00  8.44764E-06  1.24071E+00 
6.49998E+01 1.15000E+00  8.20903E-06  1.23570E+00 
6.50998E+01 1.14500E+00  7.98246E-06  1.23070E+00 
6.51998E+01 1.14000E+00  7.76393E-06  1.22569E+00 
6.52998E+01 1.13500E+00  7.55878E-06  1.22070E+00 
6.53998E+01 1.13000E+00  7.36048E-06  1.21571E+00 
6.54998E+01 1.12500E+00  7.17520E-06  1.21072E+00 
6.55998E+01 1.12000E+00  7.00017E-06  1.20572E+00 
6.56998E+01 1.11500E+00  6.83061E-06  1.20070E+00 
6.57998E+01 1.11000E+00  6.68492E-06  1.19571E+00 
6.58998E+01 1.10500E+00  6.51311E-06  1.19070E+00 
6.59998E+01 1.10000E+00  6.36010E-06  1.18570E+00 
6.60998E+01 1.09500E+00  6.21419E-06  1.18067E+00 
6.61998E+01 1.09000E+00  6.07994E-06  1.17567E+00 
6.62998E+01 1.08500E+00  5.95017E-06  1.17069E+00 
6.63998E+01 1.08000E+00  5.82735E-06  1.16568E+00 
6.64998E+01 1.07500E+00  5.71293E-06  1.16068E+00 
6.65998E+01 1.07000E+00  5.60051E-06  1.15566E+00 
6.66998E+01 1.06500E+00  5.48294E-06  1.15067E+00 
6.67998E+01 1.06000E+00  5.39588E-06  1.14567E+00 
6.68998E+01 1.05500E+00  5.29298E-06  1.14066E+00 
6.69998E+01 1.05000E+00  5.19318E-06  1.13567E+00 
6.70998E+01 1.04500E+00  5.09611E-06  1.13067E+00 
6.71998E+01 1.04000E+00  5.00645E-06  1.12566E+00 
6.72998E+01 1.03500E+00  4.91810E-06  1.12064E+00 
6.73998E+01 1.03000E+00  4.82950E-06  1.11564E+00 
6.74998E+01 1.02500E+00  4.74382E-06  1.11063E+00 
6.75998E+01 1.02000E+00  4.65386E-06  1.10563E+00 
6.76998E+01 1.01500E+00  4.59693E-06  1.10062E+00 
6.77998E+01 1.01000E+00  4.51100E-06  1.09561E+00 
6.78998E+01 1.00500E+00  4.43367E-06  1.09061E+00 
6.79998E+01 9.99995E-01  4.36023E-06  1.08560E+00 
6.80998E+01 9.94996E-01  4.28315E-06  1.08061E+00 
6.81998E+01 9.89996E-01  4.21130E-06  1.07562E+00 
6.82998E+01 9.84996E-01  4.13989E-06  1.07061E+00 
6.83998E+01 9.79996E-01  4.07348E-06  1.06560E+00 
6.84998E+01 9.74996E-01  3.99325E-06  1.06059E+00 
6.85998E+01 9.69996E-01  3.95131E-06  1.05560E+00 
6.86998E+01 9.64996E-01  3.82921E-06  1.05059E+00 
6.87998E+01 9.59996E-01  3.76430E-06  1.04559E+00 
6.88998E+01 9.54996E-01  3.69783E-06  1.04057E+00 
6.89998E+01 9.49996E-01  3.63399E-06  1.03555E+00 
6.90998E+01 9.44996E-01  3.56683E-06  1.03057E+00 
6.91998E+01 9.39996E-01  3.50279E-06  1.02556E+00 
6.92998E+01 9.34996E-01  3.44375E-06  1.02056E+00 
6.93998E+01 9.29996E-01  3.38269E-06  1.01558E+00 
6.94998E+01 9.24996E-01  3.32002E-06  1.01059E+00 
6.95998E+01 9.19996E-01  3.25566E-06  1.00557E+00 
6.96998E+01 9.14996E-01  3.18945E-06  1.00054E+00 
6.97998E+01 9.09996E-01  3.12947E-06  9.95547E-01 
6.98998E+01 9.04996E-01  3.06296E-06  9.90563E-01 
6.99998E+01 8.99996E-01  2.97858E-06  9.85582E-01 
7.00998E+01 8.94996E-01  2.95920E-06  9.80549E-01 
7.01998E+01 8.89996E-01  2.88794E-06  9.75542E-01 
7.02998E+01 8.84996E-01  2.82406E-06  9.70562E-01 
7.03998E+01 8.79996E-01  2.76425E-06  9.65550E-01 
7.04998E+01 8.74996E-01  2.70454E-06  9.60534E-01 
7.05998E+01 8.69996E-01  2.63019E-06  9.55547E-01 
7.06998E+01 8.64996E-01  2.58719E-06  9.50539E-01 
7.07998E+01 8.59996E-01  2.52108E-06  9.45542E-01 
7.08998E+01 8.54996E-01  2.45995E-06  9.40558E-01 
7.09998E+01 8.49996E-01  2.39826E-06  9.35541E-01 
7.10998E+01 8.44996E-01  2.33479E-06  9.30540E-01 
7.11998E+01 8.39996E-01  2.27155E-06  9.25576E-01 
7.12998E+01 8.34996E-01  2.20708E-06  9.20557E-01 
7.13998E+01 8.29996E-01  2.14038E-06  9.15542E-01 
7.14998E+01 8.24996E-01  2.07007E-06  9.10542E-01 
7.15998E+01 8.19996E-01  2.00746E-06  9.05540E-01 
7.16998E+01 8.14996E-01  1.94703E-06  9.00542E-01 
7.17998E+01 8.09996E-01  1.88256E-06  8.95543E-01 
7.18998E+01 8.04996E-01  1.83900E-06  8.90544E-01 
7.19998E+01 7.99996E-01  1.76362E-06  8.85537E-01 
7.20998E+01 7.94996E-01  1.69270E-06  8.80527E-01 
7.21998E+01 7.89996E-01  1.62161E-06  8.75524E-01 
7.22998E+01 7.84996E-01  1.55398E-06  8.70519E-01 
7.23998E+01 7.79996E-01  1.49298E-06  8.65537E-01 
7.24998E+01 7.74996E-01  1.42060E-06  8.60520E-01 
7.25998E+01 7.69996E-01  1.34989E-06  8.55506E-01 
7.26998E+01 7.64996E-01  1.28101E-06  8.50510E-01 
7.27998E+01 7.59996E-01  1.21047E-06  8.45498E-01 
7.28998E+01 7.54996E-01  1.14136E-06  8.40497E-01 
7.29998E+01 7.49996E-01  1.06564E-06  8.35501E-01 
7.30998E+01 7.44996E-01  9.88709E-07  8.30483E-01 
7.31998E+01 7.39996E-01  9.32305E-07  8.25499E-01 
7.32998E+01 7.34996E-01  8.47702E-07  8.20487E-01 
7.33998E+01 7.29996E-01  7.72509E-07  8.15517E-01 
7.34998E+01 7.24996E-01  6.93883E-07  8.10503E-01 
7.35998E+01 7.19996E-01  6.13986E-07  8.05483E-01 
7.36998E+01 7.14996E-01  5.34911E-07  8.00501E-01 
7.37998E+01 7.09996E-01  4.58312E-07  7.95490E-01 
7.38998E+01 7.04996E-01  3.75104E-07  7.90469E-01 
7.39998E+01 6.99996E-01  2.98058E-07  7.85484E-01 
7.40998E+01 6.94996E-01  2.16851E-07  7.80443E-01 
7.41998E+01 6.89996E-01  1.37841E-07  7.75442E-01 
7.42998E+01 6.84996E-01  6.20363E-08  7.70408E-01 
7.43998E+01 6.79996E-01  -2.96873E-09 7.65449E-01 
7.44998E+01 6.74996E-01  -1.03966E-07 7.60427E-01 
7.45998E+01 6.69996E-01  -1.89497E-07 7.55440E-01 
7.46998E+01 6.64996E-01  -2.72944E-07 7.50417E-01 
7.47998E+01 6.59996E-01  -3.59964E-07 7.45429E-01 
7.48998E+01 6.54996E-01  -4.51300E-07 7.40439E-01 
7.49998E+01 6.49996E-01  -5.50602E-07 7.35403E-01 
7.50998E+01 6.44996E-01  -6.55606E-07 7.30407E-01 
7.51998E+01 6.39996E-01  -7.50243E-07 7.25434E-01 
7.52998E+01 6.34996E-01  -8.44750E-07 7.20414E-01 
7.53998E+01 6.29996E-01  -9.36469E-07 7.15416E-01 
7.54998E+01 6.24996E-01  -1.03200E-06 7.10399E-01 
7.55998E+01 6.19996E-01  -1.13259E-06 7.05421E-01 
7.56998E+01 6.14996E-01  -1.23367E-06 7.00430E-01 
7.57998E+01 6.09996E-01  -1.33391E-06 6.95410E-01 
7.58998E+01 6.04996E-01  -1.43432E-06 6.90406E-01 
7.59998E+01 5.99996E-01  -1.53254E-06 6.85404E-01 
7.60998E+01 5.94997E-01  -1.63328E-06 6.80402E-01 
7.61998E+01 5.89997E-01  -1.73863E-06 6.75398E-01 
7.62998E+01 5.84997E-01  -1.84453E-06 6.70395E-01 
7.63998E+01 5.79997E-01  -1.94771E-06 6.65399E-01 
7.64998E+01 5.74997E-01  -2.05060E-06 6.60405E-01 
7.65998E+01 5.69997E-01  -2.15745E-06 6.55430E-01 
7.66998E+01 5.64997E-01  -2.26497E-06 6.50398E-01 
7.67998E+01 5.59997E-01  -2.37385E-06 6.45408E-01 
7.68998E+01 5.54997E-01  -2.48389E-06 6.40404E-01 
7.69998E+01 5.49997E-01  -2.59096E-06 6.35413E-01 
7.70998E+01 5.44997E-01  -2.70048E-06 6.30381E-01 
7.71998E+01 5.39997E-01  -2.81173E-06 6.25369E-01 
7.72998E+01 5.34997E-01  -2.92513E-06 6.20374E-01 
7.73998E+01 5.29997E-01  -3.03593E-06 6.15374E-01 
7.74998E+01 5.24997E-01  -3.15257E-06 6.10371E-01 
7.75998E+01 5.19997E-01  -3.26740E-06 6.05364E-01 
7.76998E+01 5.14997E-01  -3.38409E-06 6.00377E-01 
7.77998E+01 5.09997E-01  -3.50138E-06 5.95392E-01 
7.78998E+01 5.04997E-01  -3.62585E-06 5.90380E-01 
7.79998E+01 4.99997E-01  -3.75191E-06 5.85364E-01 
7.80998E+01 4.94997E-01  -3.87837E-06 5.80373E-01 
7.81998E+01 4.89997E-01  -4.01419E-06 5.75382E-01 
7.82998E+01 4.84997E-01  -4.14594E-06 5.70355E-01 
7.83998E+01 4.79997E-01  -4.29014E-06 5.65347E-01 
7.84998E+01 4.74997E-01  -4.43866E-06 5.60347E-01 
7.85998E+01 4.69997E-01  -4.58847E-06 5.55358E-01 
7.86998E+01 4.64997E-01  -4.74734E-06 5.50361E-01 
7.87998E+01 4.59997E-01  -4.91449E-06 5.45332E-01 
7.88998E+01 4.54997E-01  -5.08517E-06 5.40322E-01 
7.89998E+01 4.49997E-01  -5.26824E-06 5.35341E-01 
7.90998E+01 4.44997E-01  -5.45937E-06 5.30340E-01 
7.91998E+01 4.39997E-01  -5.65741E-06 5.25329E-01 
7.92998E+01 4.34997E-01  -5.86634E-06 5.20318E-01 
7.93998E+01 4.29997E-01  -6.08256E-06 5.15322E-01 
7.94998E+01 4.24997E-01  -6.31163E-06 5.10311E-01 
7.95998E+01 4.19997E-01  -6.54817E-06 5.05317E-01 
7.96998E+01 4.14997E-01  -6.79409E-06 5.00295E-01 
7.97998E+01 4.09997E-01  -7.05487E-06 4.95303E-01 
7.98998E+01 4.04997E-01  -7.32338E-06 4.90325E-01 
7.99998E+01 3.99997E-01  -7.60853E-06 4.85310E-01 
8.00998E+01 3.94997E-01  -7.90140E-06 4.80301E-01 
8.01998E+01 3.89997E-01  -8.20924E-06 4.75299E-01 
8.02998E+01 3.84997E-01  -8.53234E-06 4.70292E-01 
8.03998E+01 3.79997E-01  -8.86922E-06 4.65311E-01 
8.04998E+01 3.74997E-01  -9.22194E-06 4.60258E-01 
8.05998E+01 3.69997E-01  -9.58921E-06 4.55293E-01 
8.06998E+01 3.64997E-01  -9.96938E-06 4.50270E-01 
8.07998E+01 3.59997E-01  -1.03598E-05 4.45254E-01 
8.08998E+01 3.54997E-01  -1.07727E-05 4.40279E-01 
8.09998E+01 3.49997E-01  -1.11935E-05 4.35275E-01 
8.10998E+01 3.44997E-01  -1.16168E-05 4.30275E-01 
8.11998E+01 3.39997E-01  -1.20810E-05 4.25254E-01 
8.12998E+01 3.34997E-01  -1.25559E-05 4.20265E-01 
8.13998E+01 3.29997E-01  -1.30490E-05 4.15278E-01 
8.14998E+01 3.24997E-01  -1.35542E-05 4.10261E-01 
8.15998E+01 3.19997E-01  -1.40786E-05 4.05243E-01 
8.16998E+01 3.14997E-01  -1.46168E-05 4.00242E-01 
8.17998E+01 3.09997E-01  -1.51693E-05 3.95250E-01 
8.18998E+01 3.04997E-01  -1.57414E-05 3.90224E-01 
8.19998E+01 2.99997E-01  -1.63286E-05 3.85223E-01 
8.20998E+01 2.94997E-01  -1.69349E-05 3.80228E-01 
8.21998E+01 2.89997E-01  -1.75495E-05 3.75254E-01 
8.22998E+01 2.84997E-01  -1.81879E-05 3.70231E-01 
8.23998E+01 2.79997E-01  -1.88394E-05 3.65217E-01 
8.24998E+01 2.74997E-01  -1.95088E-05 3.60239E-01 
8.25998E+01 2.69997E-01  -2.01876E-05 3.55229E-01 
8.26998E+01 2.64997E-01  -2.08902E-05 3.50239E-01 
8.27998E+01 2.59997E-01  -2.16255E-05 3.45233E-01 
8.28998E+01 2.54997E-01  -2.22916E-05 3.40229E-01 
8.29998E+01 2.49997E-01  -2.30269E-05 3.35250E-01 
8.30998E+01 2.44997E-01  -2.37923E-05 3.30233E-01 
8.31998E+01 2.39997E-01  -2.45712E-05 3.25217E-01 
8.32998E+01 2.34997E-01  -2.53530E-05 3.20208E-01 
8.33998E+01 2.29997E-01  -2.61522E-05 3.15206E-01 
8.34998E+01 2.24997E-01  -2.69519E-05 3.10211E-01 
8.35998E+01 2.19997E-01  -2.77585E-05 3.05218E-01 
8.36998E+01 2.14997E-01  -2.85412E-05 3.00211E-01 
8.37998E+01 2.09997E-01  -2.93489E-05 2.95171E-01 
8.38998E+01 2.04997E-01  -3.01860E-05 2.90163E-01 
8.39998E+01 1.99997E-01  -3.10107E-05 2.85206E-01 
8.40998E+01 1.94998E-01  -3.18237E-05 2.80181E-01 
8.41998E+01 1.89998E-01  -3.26385E-05 2.75173E-01 
8.42998E+01 1.84998E-01  -3.34600E-05 2.70168E-01 
8.43998E+01 1.79998E-01  -3.42666E-05 2.65168E-01 
8.44998E+01 1.74998E-01  -3.50642E-05 2.60190E-01 
8.45998E+01 1.69998E-01  -3.58477E-05 2.55172E-01 
8.46998E+01 1.64998E-01  -3.66051E-05 2.50173E-01 
8.47998E+01 1.59998E-01  -3.73511E-05 2.45166E-01 
8.48998E+01 1.54998E-01  -3.80657E-05 2.40179E-01 
8.49998E+01 1.49998E-01  -3.87502E-05 2.35175E-01 
8.50998E+01 1.44998E-01  -3.94305E-05 2.30143E-01 
8.51998E+01 1.39998E-01  -4.00877E-05 2.25145E-01 
8.52998E+01 1.34998E-01  -4.07354E-05 2.20153E-01 
8.53998E+01 1.29998E-01  -4.13165E-05 2.15116E-01 
8.54998E+01 1.24998E-01  -4.19105E-05 2.10131E-01 
8.55998E+01 1.19998E-01  -4.24918E-05 2.05137E-01 
8.56998E+01 1.14998E-01  -4.30574E-05 2.00168E-01 
8.57998E+01 1.09998E-01  -4.36164E-05 1.95139E-01 
8.58998E+01 1.04998E-01  -4.41708E-05 1.90128E-01 
8.59998E+01 9.99977E-02  -4.47203E-05 1.85143E-01 
8.60998E+01 9.49978E-02  -4.52582E-05 1.80145E-01 
8.61998E+01 8.99978E-02  -4.58021E-05 1.75140E-01 
8.62998E+01 8.49978E-02  -4.63495E-05 1.70113E-01 
8.63998E+01 7.99978E-02  -4.68620E-05 1.65160E-01 
8.64998E+01 7.49978E-02  -4.74001E-05 1.60132E-01 
8.65998E+01 6.99978E-02  -4.79323E-05 1.55132E-01 
8.66998E+01 6.49978E-02  -4.84604E-05 1.50108E-01 
8.67998E+01 5.99978E-02  -4.89771E-05 1.45133E-01 
8.68998E+01 5.49979E-02  -4.94879E-05 1.40110E-01 
8.69998E+01 4.99979E-02  -4.99753E-05 1.35104E-01 
8.70998E+01 4.49979E-02  -5.04558E-05 1.30078E-01 
8.71998E+01 3.99979E-02  -5.09142E-05 1.25105E-01 
8.72998E+01 3.49979E-02  -5.13543E-05 1.20095E-01 
8.73998E+01 2.99979E-02  -5.17659E-05 1.15086E-01 
8.74998E+01 2.49979E-02  -5.21567E-05 1.10085E-01 
8.75998E+01 1.99979E-02  -5.25278E-05 1.05087E-01 
8.76998E+01 1.49980E-02  -5.28818E-05 1.00103E-01 
8.77998E+01 9.99797E-03  -5.32140E-05 9.50932E-02 
8.78998E+01 4.99799E-03  -5.35301E-05 9.00816E-02 
8.79998E+01 -2.00000E-06 -5.38268E-05 8.50963E-02 
8.80998E+01 -5.00199E-03 -5.41111E-05 8.00798E-02 
8.81998E+01 -1.00020E-02 -5.43862E-05 7.50907E-02 
8.82998E+01 -1.50020E-02 -5.46480E-05 7.00673E-02 
8.83998E+01 -2.00020E-02 -5.49096E-05 6.50751E-02 
8.84998E+01 -2.50019E-02 -5.51568E-05 6.00779E-02 
8.85998E+01 -3.00019E-02 -5.53985E-05 5.50895E-02 
8.86998E+01 -3.50019E-02 -5.56435E-05 5.00686E-02 
8.87998E+01 -4.00019E-02 -5.58870E-05 4.50727E-02 
8.88998E+01 -4.50019E-02 -5.61303E-05 4.00861E-02 
8.89998E+01 -5.00019E-02 -5.63727E-05 3.50684E-02 
8.90998E+01 -5.50019E-02 -5.66196E-05 3.00724E-02 
8.91998E+01 -6.00019E-02 -5.68673E-05 2.50534E-02 
8.92998E+01 -6.50018E-02 -5.71150E-05 2.00612E-02 
8.93998E+01 -7.00018E-02 -5.73658E-05 1.50703E-02 
8.94998E+01 -7.50018E-02 -5.76214E-05 1.00413E-02 
8.95998E+01 -8.00018E-02 -5.78816E-05 5.03597E-03 
8.96998E+01 -8.50018E-02 -5.81511E-05 7.31678E-05 
8.97998E+01 -9.00018E-02 -5.84207E-05 -4.93026E-03
8.98998E+01 -9.50018E-02 -5.86935E-05 -9.92370E-03
8.99998E+01 -1.00002E-01 -5.89752E-05 -1.49614E-02
9.00998E+01 -1.05002E-01 -5.92592E-05 -1.99698E-02
9.01998E+01 -1.10002E-01 -5.95475E-05 -2.49470E-02
9.02998E+01 -1.15002E-01 -5.98415E-05 -2.99785E-02
9.03998E+01 -1.20002E-01 -6.01428E-05 -3.49657E-02
9.04998E+01 -1.25002E-01 -6.04502E-05 -3.99785E-02
9.05998E+01 -1.30002E-01 -6.07597E-05 -4.49694E-02
9.06998E+01 -1.35002E-01 -6.10777E-05 -4.99635E-02
9.07998E+01 -1.40002E-01 -6.14053E-05 -5.49875E-02
9.08998E+01 -1.45002E-01 -6.17408E-05 -5.99928E-02
9.09998E+01 -1.50002E-01 -6.20836E-05 -6.49888E-02
9.10998E+01 -1.55002E-01 -6.24321E-05 -6.99834E-02
9.11998E+01 -1.60002E-01 -6.27846E-05 -7.50018E-02
9.12998E+01 -1.65002E-01 -6.31522E-05 -8.00071E-02
9.13998E+01 -1.70002E-01 -6.35241E-05 -8.49824E-02
9.14998E+01 -1.75002E-01 -6.39109E-05 -8.99790E-02
9.15998E+01 -1.80002E-01 -6.43148E-05 -9.49974E-02
9.16998E+01 -1.85002E-01 -6.47401E-05 -9.99996E-02
9.17998E+01 -1.90002E-01 -6.51919E-05 -1.04992E-01
9.18998E+01 -1.95002E-01 -6.56735E-05 -1.09986E-01
9.19998E+01 -2.00002E-01 -6.61947E-05 -1.15007E-01
9.20998E+01 -2.05001E-01 -6.67687E-05 -1.20011E-01
9.21998E+01 -2.10001E-01 -6.74066E-05 -1.25032E-01
9.22998E+01 -2.15001E-01 -6.81193E-05 -1.29988E-01
9.23998E+01 -2.20001E-01 -6.89066E-05 -1.35007E-01
9.24998E+01 -2.25001E-01 -6.97715E-05 -1.40017E-01
9.25998E+01 -2.30001E-01 -7.07031E-05 -1.45027E-01
9.26998E+01 -2.35001E-01 -7.16824E-05 -1.50018E-01
9.27998E+01 -2.40001E-01 -7.27052E-05 -1.55008E-01
9.28998E+01 -2.45001E-01 -7.37504E-05 -1.60012E-01
9.29998E+01 -2.50001E-01 -7.48158E-05 -1.65043E-01
9.30998E+01 -2.55001E-01 -7.58900E-05 -1.70034E-01
9.31998E+01 -2.60001E-01 -7.69795E-05 -1.75050E-01
9.32998E+01 -2.65001E-01 -7.80741E-05 -1.80056E-01
9.33998E+01 -2.70001E-01 -7.91748E-05 -1.85045E-01
9.34998E+01 -2.75001E-01 -8.02961E-05 -1.90035E-01
9.35998E+01 -2.80001E-01 -8.14321E-05 -1.95056E-01
9.36998E+01 -2.85001E-01 -8.25890E-05 -2.00066E-01
9.37998E+01 -2.90001E-01 -8.37613E-05 -2.05074E-01
9.38998E+01 -2.95001E-01 -8.49377E-05 -2.10058E-01
9.39998E+01 -3.00001E-01 -8.61239E-05 -2.15073E-01
9.40998E+01 -3.05001E-01 -8.73167E-05 -2.20073E-01
9.41998E+01 -3.10001E-01 -8.85058E-05 -2.25071E-01
9.42998E+01 -3.15001E-01 -8.96929E-05 -2.30069E-01
9.43998E+01 -3.20001E-01 -9.08744E-05 -2.35067E-01
9.44998E+01 -3.25001E-01 -9.20568E-05 -2.40083E-01
9.45998E+01 -3.30001E-01 -9.32299E-05 -2.45068E-01
9.46998E+01 -3.35001E-01 -9.43905E-05 -2.50067E-01
9.47998E+01 -3.40001E-01 -9.55249E-05 -2.55075E-01
9.48998E+01 -3.45001E-01 -9.66344E-05 -2.60096E-01
9.49998E+01 -3.50001E-01 -9.77208E-05 -2.65080E-01
9.50998E+01 -3.55001E-01 -9.87795E-05 -2.70073E-01
9.51998E+01 -3.60001E-01 -9.97931E-05 -2.75092E-01
9.52998E+01 -3.65001E-01 -1.00781E-04 -2.80103E-01
9.53998E+01 -3.70001E-01 -1.01740E-04 -2.85092E-01
9.54998E+01 -3.75001E-01 -1.02671E-04 -2.90072E-01
9.55998E+01 -3.80001E-01 -1.03562E-04 -2.95095E-01
9.56998E+01 -3.85001E-01 -1.04410E-04 -3.00103E-01
9.57998E+01 -3.90001E-01 -1.05248E-04 -3.05105E-01
9.58998E+01 -3.95001E-01 -1.06041E-04 -3.10084E-01
9.59998E+01 -4.00001E-01 -1.06818E-04 -3.15097E-01
9.60998E+01 -4.05001E-01 -1.07581E-04 -3.20096E-01
9.61998E+01 -4.10001E-01 -1.08274E-04 -3.25135E-01
9.62998E+01 -4.15001E-01 -1.08948E-04 -3.30138E-01
9.63998E+01 -4.20001E-01 -1.09595E-04 -3.35137E-01
9.64998E+01 -4.25001E-01 -1.10229E-04 -3.40154E-01
9.65998E+01 -4.30001E-01 -1.10810E-04 -3.45146E-01
9.66998E+01 -4.35001E-01 -1.11378E-04 -3.50162E-01
9.67998E+01 -4.40001E-01 -1.11938E-04 -3.55169E-01
9.68998E+01 -4.45001E-01 -1.12469E-04 -3.60159E-01
9.69998E+01 -4.50001E-01 -1.12990E-04 -3.65145E-01
9.70998E+01 -4.55001E-01 -1.13491E-04 -3.70155E-01
9.71998E+01 -4.60001E-01 -1.13992E-04 -3.75168E-01
9.72998E+01 -4.65001E-01 -1.14470E-04 -3.80153E-01
9.73998E+01 -4.70001E-01 -1.14981E-04 -3.85144E-01
9.74998E+01 -4.75001E-01 -1.15448E-04 -3.90132E-01
9.75998E+01 -4.80001E-01 -1.15890E-04 -3.95154E-01
9.76998E+01 -4.85001E-01 -1.16352E-04 -4.00157E-01
9.77998E+01 -4.90001E-01 -1.16760E-04 -4.05164E-01
9.78998E+01 -4.95001E-01 -1.17205E-04 -4.10158E-01
9.79998E+01 -5.00001E-01 -1.17609E-04 -4.15168E-01
9.80998E+01 -5.05001E-01 -1.18016E-04 -4.20152E-01
9.81998E+01 -5.10001E-01 -1.18438E-04 -4.25161E-01
9.82998E+01 -5.15001E-01 -1.18838E-04 -4.30172E-01
9.83998E+01 -5.20001E-01 -1.19238E-04 -4.35192E-01
9.84998E+01 -5.25001E-01 -1.19624E-04 -4.40172E-01
9.85998E+01 -5.30001E-01 -1.20031E-04 -4.45182E-01
9.86998E+01 -5.35001E-01 -1.20436E-04 -4.50183E-01
9.87998E+01 -5.40001E-01 -1.20851E-04 -4.55198E-01
9.88998E+01 -5.45001E-01 -1.21271E-04 -4.60196E-01
9.89998E+01 -5.50001E-01 -1.21675E-04 -4.65189E-01
9.90998E+01 -5.55001E-01 -1.22065E-04 -4.70196E-01
9.91998E+01 -5.60001E-01 -1.22491E-04 -4.75207E-01
9.92998E+01 -5.65001E-01 -1.22895E-04 -4.80200E-01
9.93998E+01 -5.70001E-01 -1.23311E-04 -4.85220E-01
9.94998E+01 -5.75001E-01 -1.23718E-04 -4.90221E-01
9.95998E+01 -5.80001E-01 -1.24134E-04 -4.95246E-01
9.96998E+01 -5.85001E-01 -1.24519E-04 -5.00221E-01
9.97998E+01 -5.90001E-01 -1.24923E-04 -5.05241E-01
9.98998E+01 -5.95001E-01 -1.25366E-04 -5.10237E-01
9.99997E+01 -6.00001E-01 -1.25819E-04 -5.15235E-01
1.00100E+02 -6.05000E-01 -1.26295E-04 -5.20212E-01
1.00200E+02 -6.10000E-01 -1.26732E-04 -5.25239E-01
1.00300E+02 -6.15000E-01 -1.27250E-04 -5.30239E-01
1.00400E+02 -6.20000E-01 -1.27690E-04 -5.35236E-01
1.00500E+02 -6.25000E-01 -1.28166E-04 -5.40244E-01
1.00600E+02 -6.30000E-01 -1.28645E-04 -5.45244E-01
1.00700E+02 -6.35000E-01 -1.29141E-04 -5.50259E-01
1.00800E+02 -6.40000E-01 -1.29646E-04 -5.55271E-01
1.00900E+02 -6.45000E-01 -1.30171E-04 -5.60246E-01
1.01000E+02 -6.50000E-01 -1.30724E-04 -5.65249E-01
1.01100E+02 -6.55000E-01 -1.31241E-04 -5.70247E-01
1.01200E+02 -6.60000E-01 -1.31758E-04 -5.75266E-01
1.01300E+02 -6.65000E-01 -1.32275E-04 -5.80258E-01
1.01400E+02 -6.70000E-01 -1.32753E-04 -5.85243E-01
1.01500E+02 -6.75000E-01 -1.33288E-04 -5.90281E-01
1.01600E+02 -6.80000E-01 -1.33828E-04 -5.95281E-01
1.01700E+02 -6.85000E-01 -1.34318E-04 -6.00264E-01
1.01800E+02 -6.90000E-01 -1.34820E-04 -6.05266E-01
1.01900E+02 -6.95000E-01 -1.35331E-04 -6.10298E-01
1.02000E+02 -7.00000E-01 -1.35881E-04 -6.15311E-01
1.02100E+02 -7.05000E-01 -1.36348E-04 -6.20293E-01
1.02200E+02 -7.10000E-01 -1.36876E-04 -6.25283E-01
1.02300E+02 -7.15000E-01 -1.37374E-04 -6.30317E-01
1.02400E+02 -7.20000E-01 -1.37908E-04 -6.35300E-01
1.02500E+02 -7.25000E-01 -1.38431E-04 -6.40288E-01
1.02600E+02 -7.30000E-01 -1.39031E-04 -6.45316E-01
1.02700E+02 -7.35000E-01 -1.39570E-04 -6.50329E-01
1.02800E+02 -7.40000E-01 -1.40088E-04 -6.55316E-01
1.02900E+02 -7.45000E-01 -1.40582E-04 -6.60332E-01
1.03000E+02 -7.50000E-01 -1.41137E-04 -6.65311E-01
1.03100E+02 -7.55000E-01 -1.41570E-04 -6.70314E-01
1.03200E+02 -7.60000E-01 -1.42158E-04 -6.75332E-01
1.03300E+02 -7.65000E-01 -1.42728E-04 -6.80344E-01
1.03400E+02 -7.70000E-01 -1.43164E-04 -6.85343E-01
1.03500E+02 -7.75000E-01 -1.43644E-04 -6.90339E-01
1.03600E+02 -7.80000E-01 -1.44143E-04 -6.95330E-01
1.03700E+02 -7.85000E-01 -1.44544E-04 -7.00339E-01
1.03800E+02 -7.90000E-01 -1.45091E-04 -7.05356E-01
1.03900E+02 -7.95000E-01 -1.45711E-04 -7.10338E-01
