time/s      E/V        I/A
0.00000E+00 -8.00000E-01 -3.94824E-05 -7.52742E-01
9.99997E-02 -7.95000E-01 -3.79367E-05 -7.47738E-01
1.99999E-01 -7.90000E-01 -3.67519E-05 -7.42771E-01
2.99999E-01 -7.85000E-01 -3.56330E-05 -7.37755E-01
3.99999E-01 -7.80000E-01 -3.46533E-05 -7.32744E-01
4.99999E-01 -7.75000E-01 -3.37336E-05 -7.27756E-01
5.99998E-01 -7.70000E-01 -3.28710E-05 -7.22738E-01
6.99998E-01 -7.65000E-01 -3.20646E-05 -7.17763E-01
7.99998E-01 -7.60000E-01 -3.13301E-05 -7.12737E-01
8.99998E-01 -7.55000E-01 -3.05844E-05 -7.07719E-01
9.99997E-01 -7.50000E-01 -2.99395E-05 -7.02725E-01
1.10000E+00 -7.45000E-01 -2.92645E-05 -6.97756E-01
1.20000E+00 -7.40000E-01 -2.86287E-05 -6.92767E-01
1.30000E+00 -7.35000E-01 -2.80268E-05 -6.87745E-01
1.40000E+00 -7.30000E-01 -2.74665E-05 -6.82757E-01
1.50000E+00 -7.25000E-01 -2.68964E-05 -6.77767E-01
1.60000E+00 -7.20000E-01 -2.63478E-05 -6.72763E-01
1.70000E+00 -7.15000E-01 -2.58264E-05 -6.67735E-01
1.80000E+00 -7.10000E-01 -2.53145E-05 -6.62750E-01
1.90000E+00 -7.05000E-01 -2.48414E-05 -6.57761E-01
1.99999E+00 -7.00000E-01 -2.43492E-05 -6.52728E-01
2.09999E+00 -6.95000E-01 -2.38980E-05 -6.47717E-01
2.19999E+00 -6.90000E-01 -2.34348E-05 -6.42710E-01
2.29999E+00 -6.85000E-01 -2.30198E-05 -6.37720E-01
2.39999E+00 -6.80000E-01 -2.25782E-05 -6.32705E-01
2.49999E+00 -6.75000E-01 -2.21570E-05 -6.27704E-01
2.59999E+00 -6.70000E-01 -2.17631E-05 -6.22695E-01
2.69999E+00 -6.65000E-01 -2.13451E-05 -6.17692E-01
2.79999E+00 -6.60000E-01 -2.09617E-05 -6.12710E-01
2.89999E+00 -6.55000E-01 -2.05753E-05 -6.07679E-01
2.99999E+00 -6.50000E-01 -2.02071E-05 -6.02685E-01
3.09999E+00 -6.45000E-01 -1.98435E-05 -5.97694E-01
3.19999E+00 -6.40000E-01 -1.94775E-05 -5.92688E-01
3.29999E+00 -6.35000E-01 -1.91471E-05 -5.87673E-01
3.39999E+00 -6.30000E-01 -1.88074E-05 -5.82654E-01
3.49999E+00 -6.25000E-01 -1.84870E-05 -5.77680E-01
3.59999E+00 -6.20000E-01 -1.81617E-05 -5.72680E-01
3.69999E+00 -6.15000E-01 -1.78229E-05 -5.67654E-01
3.79999E+00 -6.10000E-01 -1.75028E-05 -5.62661E-01
3.89999E+00 -6.05000E-01 -1.72005E-05 -5.57650E-01
3.99999E+00 -6.00001E-01 -1.68895E-05 -5.52669E-01
4.09999E+00 -5.95001E-01 -1.65762E-05 -5.47659E-01
4.19999E+00 -5.90001E-01 -1.62850E-05 -5.42653E-01
4.29999E+00 -5.85001E-01 -1.59733E-05 -5.37659E-01
4.39999E+00 -5.80001E-01 -1.56928E-05 -5.32665E-01
4.49999E+00 -5.75001E-01 -1.54040E-05 -5.27662E-01
4.59999E+00 -5.70001E-01 -1.51184E-05 -5.22646E-01
4.69999E+00 -5.65001E-01 -1.48421E-05 -5.17645E-01
4.79999E+00 -5.60001E-01 -1.45621E-05 -5.12651E-01
4.89999E+00 -5.55001E-01 -1.42731E-05 -5.07641E-01
4.99999E+00 -5.50001E-01 -1.40131E-05 -5.02651E-01
5.09999E+00 -5.45001E-01 -1.37408E-05 -4.97645E-01
5.19999E+00 -5.40001E-01 -1.34755E-05 -4.92630E-01
5.29999E+00 -5.35001E-01 -1.32111E-05 -4.87605E-01
5.39999E+00 -5.30001E-01 -1.29667E-05 -4.82607E-01
5.49999E+00 -5.25001E-01 -1.27149E-05 -4.77608E-01
5.59999E+00 -5.20001E-01 -1.24638E-05 -4.72579E-01
5.69999E+00 -5.15001E-01 -1.22221E-05 -4.67600E-01
5.79999E+00 -5.10001E-01 -1.19884E-05 -4.62592E-01
5.89999E+00 -5.05001E-01 -1.17481E-05 -4.57603E-01
5.99998E+00 -5.00001E-01 -1.15201E-05 -4.52582E-01
6.09998E+00 -4.95001E-01 -1.12882E-05 -4.47569E-01
6.19998E+00 -4.90001E-01 -1.10719E-05 -4.42582E-01
6.29998E+00 -4.85001E-01 -1.08448E-05 -4.37588E-01
6.39998E+00 -4.80001E-01 -1.06357E-05 -4.32570E-01
6.49998E+00 -4.75001E-01 -1.04224E-05 -4.27573E-01
6.59998E+00 -4.70001E-01 -1.02115E-05 -4.22588E-01
6.69998E+00 -4.65001E-01 -1.00084E-05 -4.17589E-01
6.79998E+00 -4.60001E-01 -9.80625E-06 -4.12568E-01
6.89998E+00 -4.55001E-01 -9.61358E-06 -4.07593E-01
6.99998E+00 -4.50001E-01 -9.41565E-06 -4.02600E-01
7.09998E+00 -4.45001E-01 -9.22719E-06 -3.97605E-01
7.19998E+00 -4.40001E-01 -9.03462E-06 -3.92582E-01
7.29998E+00 -4.35001E-01 -8.84601E-06 -3.87559E-01
7.39998E+00 -4.30001E-01 -8.66421E-06 -3.82568E-01
7.49998E+00 -4.25001E-01 -8.48610E-06 -3.77563E-01
7.59998E+00 -4.20001E-01 -8.30722E-06 -3.72565E-01
7.69998E+00 -4.15001E-01 -8.12871E-06 -3.67554E-01
7.79998E+00 -4.10001E-01 -7.94736E-06 -3.62582E-01
7.89998E+00 -4.05001E-01 -7.76123E-06 -3.57575E-01
7.99998E+00 -4.00001E-01 -7.59234E-06 -3.52567E-01
8.09998E+00 -3.95001E-01 -7.41379E-06 -3.47577E-01
8.19998E+00 -3.90001E-01 -7.23300E-06 -3.42554E-01
8.29998E+00 -3.85001E-01 -7.06402E-06 -3.37555E-01
8.39998E+00 -3.80001E-01 -6.88359E-06 -3.32543E-01
8.49998E+00 -3.75001E-01 -6.71173E-06 -3.27550E-01
8.59998E+00 -3.70001E-01 -6.53265E-06 -3.22528E-01
8.69998E+00 -3.65001E-01 -6.35432E-06 -3.17537E-01
8.79998E+00 -3.60001E-01 -6.17838E-06 -3.12492E-01
8.89998E+00 -3.55001E-01 -6.00075E-06 -3.07527E-01
8.99998E+00 -3.50001E-01 -5.82642E-06 -3.02551E-01
9.09998E+00 -3.45001E-01 -5.65694E-06 -2.97531E-01
9.19998E+00 -3.40001E-01 -5.48255E-06 -2.92513E-01
9.29998E+00 -3.35001E-01 -5.31182E-06 -2.87522E-01
9.39998E+00 -3.30001E-01 -5.13749E-06 -2.82501E-01
9.49998E+00 -3.25001E-01 -4.96885E-06 -2.77511E-01
9.59998E+00 -3.20001E-01 -4.80147E-06 -2.72488E-01
9.69998E+00 -3.15001E-01 -4.63416E-06 -2.67508E-01
9.79998E+00 -3.10001E-01 -4.46390E-06 -2.62518E-01
9.89998E+00 -3.05001E-01 -4.29797E-06 -2.57481E-01
9.99997E+00 -3.00001E-01 -4.13328E-06 -2.52483E-01
1.01000E+01 -2.95001E-01 -3.96722E-06 -2.47490E-01
1.02000E+01 -2.90001E-01 -3.80376E-06 -2.42495E-01
1.03000E+01 -2.85001E-01 -3.64452E-06 -2.37483E-01
1.04000E+01 -2.80001E-01 -3.52361E-06 -2.32474E-01
1.05000E+01 -2.75001E-01 -3.36174E-06 -2.27470E-01
1.06000E+01 -2.70001E-01 -3.20492E-06 -2.22472E-01
1.07000E+01 -2.65001E-01 -3.04815E-06 -2.17498E-01
1.08000E+01 -2.60001E-01 -2.89258E-06 -2.12460E-01
1.09000E+01 -2.55001E-01 -2.74232E-06 -2.07475E-01
1.10000E+01 -2.50001E-01 -2.58837E-06 -2.02480E-01
1.11000E+01 -2.45001E-01 -2.43648E-06 -1.97482E-01
1.12000E+01 -2.40001E-01 -2.28419E-06 -1.92474E-01
1.13000E+01 -2.35001E-01 -2.13323E-06 -1.87433E-01
1.14000E+01 -2.30001E-01 -1.98210E-06 -1.82462E-01
1.15000E+01 -2.25001E-01 -1.83237E-06 -1.77477E-01
1.16000E+01 -2.20001E-01 -1.68332E-06 -1.72445E-01
1.17000E+01 -2.15001E-01 -1.52842E-06 -1.67448E-01
1.18000E+01 -2.10001E-01 -1.37688E-06 -1.62452E-01
1.19000E+01 -2.05001E-01 -1.22577E-06 -1.57442E-01
1.20000E+01 -2.00002E-01 -1.07467E-06 -1.52421E-01
1.21000E+01 -1.95002E-01 -9.20548E-07 -1.47427E-01
1.22000E+01 -1.90002E-01 -7.64753E-07 -1.42451E-01
1.23000E+01 -1.85002E-01 -6.10033E-07 -1.37427E-01
1.24000E+01 -1.80002E-01 -4.54338E-07 -1.32428E-01
1.25000E+01 -1.75002E-01 -2.98059E-07 -1.27424E-01
1.26000E+01 -1.70002E-01 -1.40853E-07 -1.22445E-01
1.27000E+01 -1.65002E-01 1.82415E-08  -1.17430E-01
1.28000E+01 -1.60002E-01 1.78560E-07  -1.12410E-01
1.29000E+01 -1.55002E-01 3.40728E-07  -1.07401E-01
1.30000E+01 -1.50002E-01 5.01636E-07  -1.02433E-01
1.31000E+01 -1.45002E-01 6.65410E-07  -9.74257E-02
1.32000E+01 -1.40002E-01 8.28133E-07  -9.23923E-02
1.33000E+01 -1.35002E-01 9.93675E-07  -8.74014E-02
1.34000E+01 -1.30002E-01 1.15777E-06  -8.24123E-02
1.35000E+01 -1.25002E-01 1.32252E-06  -7.74139E-02
1.36000E+01 -1.20002E-01 1.48957E-06  -7.23862E-02
1.37000E+01 -1.15002E-01 1.66095E-06  -6.73865E-02
1.38000E+01 -1.10002E-01 1.82820E-06  -6.24062E-02
1.39000E+01 -1.05002E-01 1.99765E-06  -5.73959E-02
1.40000E+01 -1.00002E-01 2.16435E-06  -5.23912E-02
1.41000E+01 -9.50018E-02 2.34002E-06  -4.73847E-02
1.42000E+01 -9.00018E-02 2.50929E-06  -4.23875E-02
1.43000E+01 -8.50018E-02 2.68517E-06  -3.74034E-02
1.44000E+01 -8.00018E-02 2.85999E-06  -3.23713E-02
1.45000E+01 -7.50018E-02 3.03905E-06  -2.73598E-02
1.46000E+01 -7.00018E-02 3.21123E-06  -2.23682E-02
1.47000E+01 -6.50018E-02 3.39957E-06  -1.73654E-02
1.48000E+01 -6.00019E-02 3.57889E-06  -1.23458E-02
1.49000E+01 -5.50019E-02 3.76520E-06  -7.33424E-03
1.50000E+01 -5.00019E-02 3.95880E-06  -2.32705E-03
1.51000E+01 -4.50019E-02 4.14342E-06  2.66758E-03 
1.52000E+01 -4.00019E-02 4.33160E-06  7.66229E-03 
1.53000E+01 -3.50019E-02 4.52937E-06  1.26439E-02 
1.54000E+01 -3.00019E-02 4.72970E-06  1.76529E-02 
1.55000E+01 -2.50019E-02 4.92249E-06  2.26675E-02 
1.56000E+01 -2.00020E-02 5.11875E-06  2.76528E-02 
1.57000E+01 -1.50020E-02 5.30807E-06  3.26457E-02 
1.58000E+01 -1.00020E-02 5.52091E-06  3.76678E-02 
1.59000E+01 -5.00199E-03 5.73768E-06  4.26718E-02 
1.60000E+01 -2.00000E-06 5.94388E-06  4.76534E-02 
1.61000E+01 4.99799E-03  6.17314E-06  5.26793E-02 
1.62000E+01 9.99797E-03  6.40378E-06  5.76728E-02 
1.63000E+01 1.49980E-02  6.63643E-06  6.26999E-02 
1.64000E+01 1.99979E-02  6.89125E-06  6.76658E-02 
1.65000E+01 2.49979E-02  7.13941E-06  7.26830E-02 
1.66000E+01 2.99979E-02  7.42402E-06  7.76952E-02 
1.67000E+01 3.49979E-02  7.68067E-06  8.27054E-02 
1.68000E+01 3.99979E-02  7.95941E-06  8.76883E-02 
1.69000E+01 4.49979E-02  8.26393E-06  9.26879E-02 
1.70000E+01 4.99979E-02  8.56290E-06  9.76988E-02 
1.71000E+01 5.49979E-02  8.88164E-06  1.02704E-01 
1.72000E+01 5.99978E-02  9.21309E-06  1.07696E-01 
1.73000E+01 6.49978E-02  9.56236E-06  1.12692E-01 
1.74000E+01 6.99978E-02  9.89727E-06  1.17701E-01 
1.75000E+01 7.49978E-02  1.02333E-05  1.22714E-01 
1.76000E+01 7.99978E-02  1.06256E-05  1.27714E-01 
1.77000E+01 8.49978E-02  1.10023E-05  1.32708E-01 
1.78000E+01 8.99978E-02  1.13863E-05  1.37716E-01 
1.79000E+01 9.49978E-02  1.17916E-05  1.42713E-01 
1.80000E+01 9.99977E-02  1.22047E-05  1.47693E-01 
1.81000E+01 1.04998E-01  1.26575E-05  1.52708E-01 
1.82000E+01 1.09998E-01  1.30874E-05  1.57715E-01 
1.83000E+01 1.14998E-01  1.35531E-05  1.62729E-01 
1.84000E+01 1.19998E-01  1.40035E-05  1.67705E-01 
1.85000E+01 1.24998E-01  1.44823E-05  1.72740E-01 
1.86000E+01 1.29998E-01  1.49562E-05  1.77749E-01 
1.87000E+01 1.34998E-01  1.54511E-05  1.82733E-01 
1.88000E+01 1.39998E-01  1.59319E-05  1.87747E-01 
1.89000E+01 1.44998E-01  1.64561E-05  1.92743E-01 
1.90000E+01 1.49998E-01  1.69741E-05  1.97757E-01 
1.91000E+01 1.54998E-01  1.75079E-05  2.02764E-01 
1.92000E+01 1.59998E-01  1.80344E-05  2.07774E-01 
1.93000E+01 1.64998E-01  1.86105E-05  2.12774E-01 
1.94000E+01 1.69998E-01  1.91494E-05  2.17761E-01 
1.95000E+01 1.74998E-01  1.96818E-05  2.22779E-01 
1.96000E+01 1.79998E-01  2.02497E-05  2.27770E-01 
1.97000E+01 1.84998E-01  2.08019E-05  2.32787E-01 
1.98000E+01 1.89998E-01  2.13255E-05  2.37794E-01 
1.99000E+01 1.94998E-01  2.19453E-05  2.42791E-01 
1.99999E+01 1.99997E-01  2.24752E-05  2.47802E-01 
2.00999E+01 2.04997E-01  2.30081E-05  2.52787E-01 
2.01999E+01 2.09997E-01  2.35306E-05  2.57771E-01 
2.02999E+01 2.14997E-01  2.40568E-05  2.62793E-01 
2.03999E+01 2.19997E-01  2.46239E-05  2.67791E-01 
2.04999E+01 2.24997E-01  2.50637E-05  2.72791E-01 
2.05999E+01 2.29997E-01  2.55746E-05  2.77779E-01 
2.06999E+01 2.34997E-01  2.62230E-05  2.82803E-01 
2.07999E+01 2.39997E-01  2.65791E-05  2.87809E-01 
2.08999E+01 2.44997E-01  2.71101E-05  2.92784E-01 
2.09999E+01 2.49997E-01  2.75367E-05  2.97800E-01 
2.10999E+01 2.54997E-01  2.80025E-05  3.02822E-01 
2.11999E+01 2.59997E-01  2.83212E-05  3.07830E-01 
2.12999E+01 2.64997E-01  2.87637E-05  3.12814E-01 
2.13999E+01 2.69997E-01  2.91974E-05  3.17832E-01 
2.14999E+01 2.74997E-01  2.94427E-05  3.22823E-01 
2.15999E+01 2.79997E-01  2.99447E-05  3.27839E-01 
2.16999E+01 2.84997E-01  3.01704E-05  3.32833E-01 
2.17999E+01 2.89997E-01  3.03868E-05  3.37830E-01 
2.18999E+01 2.94997E-01  3.06022E-05  3.42831E-01 
2.19999E+01 2.99997E-01  3.07368E-05  3.47838E-01 
2.20999E+01 3.04997E-01  3.09413E-05  3.52843E-01 
2.21999E+01 3.09997E-01  3.10799E-05  3.57840E-01 
2.22999E+01 3.14997E-01  3.11202E-05  3.62833E-01 
2.23999E+01 3.19997E-01  3.10227E-05  3.67858E-01 
2.24999E+01 3.24997E-01  3.10022E-05  3.72857E-01 
2.25999E+01 3.29997E-01  3.10817E-05  3.77868E-01 
2.26999E+01 3.34997E-01  3.11186E-05  3.82866E-01 
2.27999E+01 3.39997E-01  3.11613E-05  3.87855E-01 
2.28999E+01 3.44997E-01  3.11515E-05  3.92884E-01 
2.29999E+01 3.49997E-01  3.11112E-05  3.97873E-01 
2.30999E+01 3.54997E-01  3.10369E-05  4.02877E-01 
2.31999E+01 3.59997E-01  3.10108E-05  4.07891E-01 
2.32999E+01 3.64997E-01  3.09979E-05  4.12895E-01 
2.33999E+01 3.69997E-01  3.09434E-05  4.17895E-01 
2.34999E+01 3.74997E-01  3.08680E-05  4.22867E-01 
2.35999E+01 3.79997E-01  3.08136E-05  4.27871E-01 
2.36999E+01 3.84997E-01  3.08192E-05  4.32875E-01 
2.37999E+01 3.89997E-01  3.08386E-05  4.37889E-01 
2.38999E+01 3.94997E-01  3.08146E-05  4.42893E-01 
2.39999E+01 3.99997E-01  3.08281E-05  4.47887E-01 
2.40999E+01 4.04997E-01  3.08412E-05  4.52889E-01 
2.41999E+01 4.09997E-01  3.08897E-05  4.57891E-01 
2.42999E+01 4.14997E-01  3.09664E-05  4.62891E-01 
2.43999E+01 4.19997E-01  3.10398E-05  4.67923E-01 
2.44999E+01 4.24997E-01  3.10874E-05  4.72905E-01 
2.45999E+01 4.29997E-01  3.11451E-05  4.77933E-01 
2.46999E+01 4.34997E-01  3.12834E-05  4.82930E-01 
2.47999E+01 4.39997E-01  3.13826E-05  4.87954E-01 
2.48999E+01 4.44997E-01  3.14615E-05  4.92959E-01 
2.49999E+01 4.49997E-01  3.15153E-05  4.97950E-01 
2.50999E+01 4.54997E-01  3.16613E-05  5.02941E-01 
2.51999E+01 4.59997E-01  3.17599E-05  5.07948E-01 
2.52999E+01 4.64997E-01  3.18823E-05  5.12962E-01 
2.53999E+01 4.69997E-01  3.19673E-05  5.17952E-01 
2.54999E+01 4.74997E-01  3.21165E-05  5.22933E-01 
2.55999E+01 4.79997E-01  3.22164E-05  5.27955E-01 
2.56999E+01 4.84997E-01  3.23907E-05  5.32958E-01 
2.57999E+01 4.89997E-01  3.25312E-05  5.37952E-01 
2.58999E+01 4.94997E-01  3.26712E-05  5.42944E-01 
2.59999E+01 4.99997E-01  3.28345E-05  5.47949E-01 
2.60999E+01 5.04997E-01  3.30041E-05  5.52962E-01 
2.61999E+01 5.09997E-01  3.31562E-05  5.57960E-01 
2.62999E+01 5.14997E-01  3.33030E-05  5.62952E-01 
2.63999E+01 5.19997E-01  3.34377E-05  5.67958E-01 
2.64999E+01 5.24997E-01  3.36707E-05  5.72973E-01 
2.65999E+01 5.29997E-01  3.38316E-05  5.77968E-01 
2.66999E+01 5.34997E-01  3.40156E-05  5.82959E-01 
2.67999E+01 5.39997E-01  3.42030E-05  5.87974E-01 
2.68999E+01 5.44997E-01  3.43445E-05  5.92963E-01 
2.69999E+01 5.49997E-01  3.45780E-05  5.97997E-01 
2.70999E+01 5.54997E-01  3.47327E-05  6.02967E-01 
2.71999E+01 5.59997E-01  3.49623E-05  6.07984E-01 
2.72999E+01 5.64997E-01  3.51413E-05  6.13010E-01 
2.73999E+01 5.69997E-01  3.53217E-05  6.18004E-01 
2.74999E+01 5.74997E-01  3.55388E-05  6.22980E-01 
2.75999E+01 5.79997E-01  3.57862E-05  6.27997E-01 
2.76999E+01 5.84997E-01  3.59739E-05  6.33001E-01 
2.77999E+01 5.89997E-01  3.61535E-05  6.38032E-01 
2.78999E+01 5.94997E-01  3.63891E-05  6.43021E-01 
2.79999E+01 5.99996E-01  3.66140E-05  6.48024E-01 
2.80999E+01 6.04996E-01  3.68480E-05  6.53013E-01 
2.81999E+01 6.09996E-01  3.70730E-05  6.58028E-01 
2.82999E+01 6.14996E-01  3.73001E-05  6.63013E-01 
2.83999E+01 6.19996E-01  3.74906E-05  6.68012E-01 
2.84999E+01 6.24996E-01  3.77159E-05  6.73013E-01 
2.85999E+01 6.29996E-01  3.78504E-05  6.78046E-01 
2.86999E+01 6.34996E-01  3.81364E-05  6.83014E-01 
2.87999E+01 6.39996E-01  3.83543E-05  6.88012E-01 
2.88999E+01 6.44996E-01  3.85053E-05  6.93014E-01 
2.89999E+01 6.49996E-01  3.87547E-05  6.98019E-01 
2.90999E+01 6.54996E-01  3.90386E-05  7.03034E-01 
2.91999E+01 6.59996E-01  3.92238E-05  7.08038E-01 
2.92999E+01 6.64996E-01  3.94116E-05  7.13032E-01 
2.93999E+01 6.69996E-01  3.96013E-05  7.18033E-01 
2.94999E+01 6.74996E-01  3.98796E-05  7.23026E-01 
2.95999E+01 6.79996E-01  4.01341E-05  7.28028E-01 
2.96999E+01 6.84996E-01  4.03943E-05  7.33040E-01 
2.97999E+01 6.89996E-01  4.05686E-05  7.38049E-01 
2.98999E+01 6.94996E-01  4.07481E-05  7.43058E-01 
2.99999E+01 6.99996E-01  4.08256E-05  7.48053E-01 
3.00999E+01 7.04996E-01  4.09254E-05  7.53039E-01 
3.01999E+01 7.09996E-01  4.11219E-05  7.58059E-01 
3.02999E+01 7.14996E-01  4.13780E-05  7.63060E-01 
3.03999E+01 7.19996E-01  4.14928E-05  7.68058E-01 
3.04999E+01 7.24996E-01  4.16343E-05  7.73053E-01 
3.05999E+01 7.29996E-01  4.18711E-05  7.78071E-01 
3.06999E+01 7.34996E-01  4.20638E-05  7.83083E-01 
3.07999E+01 7.39996E-01  4.22893E-05  7.88095E-01 
3.08999E+01 7.44996E-01  4.24038E-05  7.93092E-01 
3.09999E+01 7.49996E-01  4.24168E-05  7.98108E-01 
3.10999E+01 7.54996E-01  4.27730E-05  8.03108E-01 
3.11999E+01 7.59996E-01  4.28797E-05  8.08114E-01 
3.12999E+01 7.64996E-01  4.31515E-05  8.13113E-01 
3.13999E+01 7.69996E-01  4.33546E-05  8.18113E-01 
3.14999E+01 7.74996E-01  4.34498E-05  8.23107E-01 
3.15999E+01 7.79996E-01  4.36438E-05  8.28103E-01 
3.16999E+01 7.84996E-01  4.37816E-05  8.33119E-01 
3.17999E+01 7.89996E-01  4.38869E-05  8.38108E-01 
3.18999E+01 7.94996E-01  4.40747E-05  8.43105E-01 
3.19999E+01 7.99996E-01  4.40991E-05  8.48132E-01 
3.20999E+01 8.04996E-01  4.41358E-05  8.53144E-01 
3.21999E+01 8.09996E-01  4.42229E-05  8.58134E-01 
3.22999E+01 8.14996E-01  4.43740E-05  8.63151E-01 
3.23999E+01 8.19996E-01  4.44578E-05  8.68128E-01 
3.24999E+01 8.24996E-01  4.46636E-05  8.73149E-01 
3.25999E+01 8.29996E-01  4.47265E-05  8.78177E-01 
3.26999E+01 8.34996E-01  4.48607E-05  8.83162E-01 
3.27999E+01 8.39996E-01  4.49099E-05  8.88150E-01 
3.28999E+01 8.44996E-01  4.49746E-05  8.93172E-01 
3.29999E+01 8.49996E-01  4.50829E-05  8.98162E-01 
3.30999E+01 8.54996E-01  4.51581E-05  9.03174E-01 
3.31999E+01 8.59996E-01  4.52169E-05  9.08184E-01 
3.32999E+01 8.64996E-01  4.53095E-05  9.13188E-01 
3.33999E+01 8.69996E-01  4.55099E-05  9.18179E-01 
3.34999E+01 8.74996E-01  4.55505E-05  9.23158E-01 
3.35999E+01 8.79996E-01  4.55771E-05  9.28168E-01 
3.36999E+01 8.84996E-01  4.56505E-05  9.33157E-01 
3.37999E+01 8.89996E-01  4.56531E-05  9.38202E-01 
3.38999E+01 8.94996E-01  4.56874E-05  9.43203E-01 
3.39999E+01 8.99996E-01  4.57221E-05  9.48188E-01 
3.40999E+01 9.04996E-01  4.57936E-05  9.53187E-01 
3.41999E+01 9.09996E-01  4.58436E-05  9.58200E-01 
3.42999E+01 9.14996E-01  4.58650E-05  9.63195E-01 
3.43999E+01 9.19996E-01  4.58607E-05  9.68210E-01 
3.44999E+01 9.24996E-01  4.59089E-05  9.73231E-01 
3.45999E+01 9.29996E-01  4.59245E-05  9.78222E-01 
3.46999E+01 9.34996E-01  4.59351E-05  9.83198E-01 
3.47999E+01 9.39996E-01  4.60083E-05  9.88212E-01 
3.48999E+01 9.44996E-01  4.59899E-05  9.93220E-01 
3.49999E+01 9.49996E-01  4.60214E-05  9.98215E-01 
3.50999E+01 9.54996E-01  4.60182E-05  1.00320E+00 
3.51999E+01 9.59996E-01  4.60731E-05  1.00823E+00 
3.52999E+01 9.64996E-01  4.60483E-05  1.01323E+00 
3.53999E+01 9.69996E-01  4.91055E-05  1.01822E+00 
3.54999E+01 9.74996E-01  4.87553E-05  1.02323E+00 
3.55999E+01 9.79996E-01  4.83059E-05  1.02823E+00 
3.56999E+01 9.84996E-01  4.81226E-05  1.03323E+00 
3.57999E+01 9.89996E-01  4.80142E-05  1.03823E+00 
3.58999E+01 9.94996E-01  4.79415E-05  1.04322E+00 
3.59999E+01 9.99995E-01  4.78885E-05  1.04823E+00 
3.60999E+01 1.00500E+00  4.78565E-05  1.05324E+00 
3.61999E+01 1.01000E+00  4.78408E-05  1.05823E+00 
3.62999E+01 1.01500E+00  4.78298E-05  1.06323E+00 
3.63999E+01 1.02000E+00  4.78297E-05  1.06823E+00 
3.64999E+01 1.02500E+00  4.78396E-05  1.07325E+00 
3.65999E+01 1.03000E+00  4.78459E-05  1.07823E+00 
3.66999E+01 1.03500E+00  4.78564E-05  1.08324E+00 
3.67999E+01 1.04000E+00  4.78785E-05  1.08826E+00 
3.68999E+01 1.04500E+00  4.78921E-05  1.09326E+00 
3.69999E+01 1.05000E+00  4.79130E-05  1.09824E+00 
3.70999E+01 1.05500E+00  4.79352E-05  1.10326E+00 
3.71999E+01 1.06000E+00  4.79530E-05  1.10827E+00 
3.72999E+01 1.06500E+00  4.79784E-05  1.11327E+00 
3.73999E+01 1.07000E+00  4.80104E-05  1.11830E+00 
3.74999E+01 1.07500E+00  4.80466E-05  1.12329E+00 
3.75999E+01 1.08000E+00  4.80866E-05  1.12832E+00 
3.76999E+01 1.08500E+00  4.81324E-05  1.13331E+00 
3.77999E+01 1.09000E+00  4.81839E-05  1.13831E+00 
3.78999E+01 1.09500E+00  4.82545E-05  1.14333E+00 
3.79999E+01 1.10000E+00  4.83364E-05  1.14836E+00 
3.80999E+01 1.10500E+00  4.84310E-05  1.15332E+00 
3.81999E+01 1.11000E+00  4.85441E-05  1.15834E+00 
3.82999E+01 1.11500E+00  4.86651E-05  1.16334E+00 
3.83999E+01 1.12000E+00  4.87969E-05  1.16836E+00 
3.84999E+01 1.12500E+00  4.89421E-05  1.17333E+00 
3.85999E+01 1.13000E+00  4.90952E-05  1.17832E+00 
3.86999E+01 1.13500E+00  4.92686E-05  1.18334E+00 
3.87999E+01 1.14000E+00  4.94565E-05  1.18834E+00 
3.88999E+01 1.14500E+00  4.96644E-05  1.19334E+00 
3.89999E+01 1.15000E+00  4.98871E-05  1.19832E+00 
3.90999E+01 1.15500E+00  5.01332E-05  1.20334E+00 
3.91999E+01 1.16000E+00  5.03994E-05  1.20836E+00 
3.92999E+01 1.16500E+00  5.06844E-05  1.21336E+00 
3.93999E+01 1.17000E+00  5.09889E-05  1.21835E+00 
3.94999E+01 1.17500E+00  5.12966E-05  1.22336E+00 
3.95999E+01 1.18000E+00  5.16462E-05  1.22838E+00 
3.96999E+01 1.18500E+00  5.20194E-05  1.23335E+00 
3.97999E+01 1.19000E+00  5.24069E-05  1.23836E+00 
3.98999E+01 1.19500E+00  5.28057E-05  1.24337E+00 
3.99999E+01 1.19999E+00  5.32137E-05  1.24836E+00 
4.00999E+01 1.20499E+00  5.36464E-05  1.25339E+00 
4.01999E+01 1.20999E+00  5.41244E-05  1.25838E+00 
4.02999E+01 1.21499E+00  5.46386E-05  1.26338E+00 
4.03999E+01 1.21999E+00  5.51902E-05  1.26838E+00 
4.04999E+01 1.22499E+00  5.57623E-05  1.27339E+00 
4.05999E+01 1.22999E+00  5.63618E-05  1.27839E+00 
4.06999E+01 1.23499E+00  5.69933E-05  1.28340E+00 
4.07999E+01 1.23999E+00  5.76615E-05  1.28840E+00 
4.08999E+01 1.24499E+00  5.84029E-05  1.29339E+00 
4.09999E+01 1.24999E+00  5.90934E-05  1.29841E+00 
4.10999E+01 1.25499E+00  5.98015E-05  1.30342E+00 
4.11999E+01 1.25999E+00  6.05474E-05  1.30841E+00 
4.12999E+01 1.26499E+00  6.13431E-05  1.31342E+00 
4.13999E+01 1.26999E+00  6.21585E-05  1.31844E+00 
4.14999E+01 1.27499E+00  6.29908E-05  1.32342E+00 
4.15999E+01 1.27999E+00  6.38661E-05  1.32840E+00 
4.16999E+01 1.28499E+00  6.47678E-05  1.33341E+00 
4.17999E+01 1.28999E+00  6.56911E-05  1.33843E+00 
4.18999E+01 1.29499E+00  6.66424E-05  1.34341E+00 
4.19999E+01 1.29999E+00  6.76264E-05  1.34840E+00 
4.20999E+01 1.30499E+00  6.86491E-05  1.35343E+00 
4.21999E+01 1.30999E+00  6.97141E-05  1.35844E+00 
4.22999E+01 1.31499E+00  7.08161E-05  1.36341E+00 
4.23999E+01 1.31999E+00  7.19443E-05  1.36841E+00 
4.24999E+01 1.32499E+00  7.30956E-05  1.37344E+00 
4.25999E+01 1.32999E+00  7.42732E-05  1.37845E+00 
4.26999E+01 1.33499E+00  7.54819E-05  1.38341E+00 
4.27999E+01 1.33999E+00  7.67258E-05  1.38841E+00 
4.28999E+01 1.34499E+00  7.79895E-05  1.39342E+00 
4.29999E+01 1.34999E+00  7.92894E-05  1.39845E+00 
4.30999E+01 1.35499E+00  8.06065E-05  1.40344E+00 
4.31999E+01 1.35999E+00  8.19496E-05  1.40842E+00 
4.32999E+01 1.36499E+00  8.33196E-05  1.41344E+00 
4.33999E+01 1.36999E+00  8.47247E-05  1.41846E+00 
4.34999E+01 1.37499E+00  8.61434E-05  1.42346E+00 
4.35999E+01 1.37999E+00  8.75873E-05  1.42848E+00 
4.36999E+01 1.38499E+00  8.90492E-05  1.43349E+00 
4.37999E+01 1.38999E+00  9.05520E-05  1.43850E+00 
4.38999E+01 1.39499E+00  9.20760E-05  1.44348E+00 
4.39999E+01 1.39999E+00  9.35292E-05  1.44850E+00 
4.40999E+01 1.40499E+00  9.50318E-05  1.45352E+00 
4.41999E+01 1.40999E+00  9.65836E-05  1.45849E+00 
4.42999E+01 1.41499E+00  9.81601E-05  1.46349E+00 
4.43999E+01 1.41999E+00  9.97653E-05  1.46850E+00 
4.44999E+01 1.42499E+00  1.01390E-04  1.47352E+00 
4.45999E+01 1.42999E+00  1.03074E-04  1.47850E+00 
4.46999E+01 1.43499E+00  1.04772E-04  1.48349E+00 
4.47999E+01 1.43999E+00  1.06529E-04  1.48851E+00 
4.48999E+01 1.44499E+00  1.08328E-04  1.49353E+00 
4.49999E+01 1.44999E+00  1.10152E-04  1.49851E+00 
4.50999E+01 1.45499E+00  1.12033E-04  1.50352E+00 
4.51999E+01 1.45999E+00  1.13981E-04  1.50850E+00 
4.52999E+01 1.46499E+00  1.15977E-04  1.51353E+00 
4.53999E+01 1.46999E+00  1.18050E-04  1.51850E+00 
4.54999E+01 1.47499E+00  1.20173E-04  1.52352E+00 
4.55999E+01 1.47999E+00  1.22374E-04  1.52851E+00 
4.56999E+01 1.48499E+00  1.24646E-04  1.53352E+00 
4.57999E+01 1.48999E+00  1.27000E-04  1.53853E+00 
4.58999E+01 1.49499E+00  1.29431E-04  1.54353E+00 
4.59999E+01 1.49999E+00  1.31940E-04  1.54852E+00 
4.60999E+01 1.50499E+00  1.34520E-04  1.55352E+00 
4.61999E+01 1.50999E+00  1.37189E-04  1.55855E+00 
4.62999E+01 1.51499E+00  1.39908E-04  1.56355E+00 
4.63999E+01 1.51999E+00  1.42703E-04  1.56852E+00 
4.64999E+01 1.52499E+00  1.45560E-04  1.57354E+00 
4.65999E+01 1.52999E+00  1.48540E-04  1.57857E+00 
4.66999E+01 1.53499E+00  1.51506E-04  1.58357E+00 
4.67999E+01 1.53999E+00  1.54516E-04  1.58857E+00 
4.68999E+01 1.54499E+00  1.57608E-04  1.59357E+00 
4.69999E+01 1.54999E+00  1.60760E-04  1.59857E+00 
4.70999E+01 1.55499E+00  1.63959E-04  1.60358E+00 
4.71999E+01 1.55999E+00  1.67224E-04  1.60860E+00 
4.72999E+01 1.56499E+00  1.70476E-04  1.61358E+00 
4.73999E+01 1.56999E+00  1.73765E-04  1.61857E+00 
4.74999E+01 1.57499E+00  1.77112E-04  1.62358E+00 
4.75999E+01 1.57999E+00  1.80457E-04  1.62860E+00 
4.76999E+01 1.58499E+00  1.83823E-04  1.63358E+00 
4.77999E+01 1.58999E+00  1.87267E-04  1.63858E+00 
4.78999E+01 1.59499E+00  1.90730E-04  1.64358E+00 
4.79999E+01 1.59999E+00  1.94178E-04  1.64858E+00 
4.80999E+01 1.60499E+00  1.97638E-04  1.65359E+00 
4.81999E+01 1.60999E+00  2.01140E-04  1.65860E+00 
4.82999E+01 1.61499E+00  2.04620E-04  1.66359E+00 
4.83999E+01 1.61999E+00  2.08145E-04  1.66861E+00 
4.84999E+01 1.62499E+00  2.11668E-04  1.67362E+00 
4.85999E+01 1.62999E+00  2.15629E-04  1.67860E+00 
4.86999E+01 1.63499E+00  2.19187E-04  1.68361E+00 
4.87999E+01 1.63999E+00  2.22727E-04  1.68863E+00 
4.88999E+01 1.64499E+00  2.26266E-04  1.69364E+00 
4.89999E+01 1.64999E+00  2.29855E-04  1.69862E+00 
4.90999E+01 1.65499E+00  2.33467E-04  1.70365E+00 
4.91999E+01 1.65999E+00  2.37079E-04  1.70865E+00 
4.92999E+01 1.66499E+00  2.40647E-04  1.71363E+00 
4.93999E+01 1.66999E+00  2.44192E-04  1.71865E+00 
4.94999E+01 1.67499E+00  2.47810E-04  1.72365E+00 
4.95999E+01 1.67999E+00  2.51421E-04  1.72866E+00 
4.96999E+01 1.68499E+00  2.54987E-04  1.73365E+00 
4.97999E+01 1.68999E+00  2.58574E-04  1.73865E+00 
4.98999E+01 1.69499E+00  2.62182E-04  1.74366E+00 
4.99999E+01 1.69999E+00  2.65694E-04  1.74865E+00 
5.00999E+01 1.70499E+00  2.69297E-04  1.75367E+00 
5.01999E+01 1.70999E+00  2.72902E-04  1.75871E+00 
5.02999E+01 1.71499E+00  2.76465E-04  1.76371E+00 
5.03999E+01 1.71999E+00  2.80006E-04  1.76871E+00 
5.04999E+01 1.72499E+00  2.83530E-04  1.77367E+00 
5.05999E+01 1.72999E+00  2.87073E-04  1.77869E+00 
5.06999E+01 1.73499E+00  2.90611E-04  1.78371E+00 
5.07999E+01 1.73999E+00  2.94135E-04  1.78869E+00 
5.08999E+01 1.74499E+00  2.97592E-04  1.79371E+00 
5.09999E+01 1.74999E+00  3.01146E-04  1.79870E+00 
5.10999E+01 1.75499E+00  3.04575E-04  1.80371E+00 
5.11999E+01 1.75999E+00  3.08034E-04  1.80872E+00 
5.12999E+01 1.76499E+00  3.11463E-04  1.81372E+00 
5.13999E+01 1.76999E+00  3.14850E-04  1.81870E+00 
5.14999E+01 1.77499E+00  3.18214E-04  1.82372E+00 
5.15999E+01 1.77999E+00  3.21616E-04  1.82871E+00 
5.16999E+01 1.78499E+00  3.24921E-04  1.83372E+00 
5.17999E+01 1.78999E+00  3.28243E-04  1.83871E+00 
5.18999E+01 1.79499E+00  3.31569E-04  1.84372E+00 
5.19999E+01 1.79999E+00  3.34796E-04  1.84874E+00 
5.20999E+01 1.79499E+00  3.28173E-04  1.84375E+00 
5.21999E+01 1.78999E+00  3.21718E-04  1.83874E+00 
5.22999E+01 1.78499E+00  3.15364E-04  1.83372E+00 
5.23999E+01 1.77999E+00  3.09256E-04  1.82873E+00 
5.24999E+01 1.77499E+00  3.03232E-04  1.82372E+00 
5.25999E+01 1.76999E+00  2.97323E-04  1.81871E+00 
5.26999E+01 1.76499E+00  2.91544E-04  1.81372E+00 
5.27999E+01 1.75999E+00  2.85848E-04  1.80873E+00 
5.28999E+01 1.75499E+00  2.80214E-04  1.80371E+00 
5.29999E+01 1.74999E+00  2.74727E-04  1.79869E+00 
5.30999E+01 1.74499E+00  2.69324E-04  1.79370E+00 
5.31999E+01 1.73999E+00  2.63965E-04  1.78870E+00 
5.32999E+01 1.73499E+00  2.58714E-04  1.78369E+00 
5.33999E+01 1.72999E+00  2.53515E-04  1.77869E+00 
5.34999E+01 1.72499E+00  2.48448E-04  1.77368E+00 
5.35999E+01 1.71999E+00  2.43429E-04  1.76870E+00 
5.36999E+01 1.71499E+00  2.38473E-04  1.76370E+00 
5.37999E+01 1.70999E+00  2.33566E-04  1.75870E+00 
5.38999E+01 1.70499E+00  2.28748E-04  1.75368E+00 
5.39999E+01 1.69999E+00  2.24005E-04  1.74867E+00 
5.40999E+01 1.69499E+00  2.19263E-04  1.74365E+00 
5.41999E+01 1.68999E+00  2.14735E-04  1.73866E+00 
5.42999E+01 1.68499E+00  2.10171E-04  1.73365E+00 
5.43999E+01 1.67999E+00  2.05654E-04  1.72864E+00 
5.44999E+01 1.67499E+00  2.01243E-04  1.72362E+00 
5.45999E+01 1.66999E+00  1.96845E-04  1.71863E+00 
5.46999E+01 1.66499E+00  1.92545E-04  1.71364E+00 
5.47999E+01 1.65999E+00  1.88304E-04  1.70865E+00 
5.48999E+01 1.65499E+00  1.84103E-04  1.70363E+00 
5.49999E+01 1.64999E+00  1.80001E-04  1.69863E+00 
5.50999E+01 1.64499E+00  1.75935E-04  1.69363E+00 
5.51999E+01 1.63999E+00  1.71902E-04  1.68863E+00 
5.52999E+01 1.63499E+00  1.67943E-04  1.68363E+00 
5.53999E+01 1.62999E+00  1.64022E-04  1.67861E+00 
5.54999E+01 1.62499E+00  1.60157E-04  1.67362E+00 
5.55999E+01 1.61999E+00  1.56359E-04  1.66861E+00 
5.56999E+01 1.61499E+00  1.52618E-04  1.66363E+00 
5.57999E+01 1.60999E+00  1.48928E-04  1.65860E+00 
5.58999E+01 1.60499E+00  1.45280E-04  1.65362E+00 
5.59999E+01 1.59999E+00  1.41673E-04  1.64862E+00 
5.60999E+01 1.59499E+00  1.38264E-04  1.64359E+00 
5.61999E+01 1.58999E+00  1.34665E-04  1.63858E+00 
5.62999E+01 1.58499E+00  1.31135E-04  1.63361E+00 
5.63999E+01 1.57999E+00  1.27746E-04  1.62863E+00 
5.64999E+01 1.57499E+00  1.24389E-04  1.62359E+00 
5.65999E+01 1.56999E+00  1.21118E-04  1.61856E+00 
5.66999E+01 1.56499E+00  1.17873E-04  1.61360E+00 
5.67999E+01 1.55999E+00  1.14685E-04  1.60860E+00 
5.68999E+01 1.55499E+00  1.11494E-04  1.60359E+00 
5.69999E+01 1.54999E+00  1.08377E-04  1.59856E+00 
5.70999E+01 1.54499E+00  1.05316E-04  1.59356E+00 
5.71999E+01 1.53999E+00  1.02317E-04  1.58857E+00 
5.72999E+01 1.53499E+00  9.93604E-05  1.58355E+00 
5.73999E+01 1.52999E+00  9.64392E-05  1.57855E+00 
5.74999E+01 1.52499E+00  9.35733E-05  1.57354E+00 
5.75999E+01 1.51999E+00  9.07676E-05  1.56854E+00 
5.76999E+01 1.51499E+00  8.79974E-05  1.56352E+00 
5.77999E+01 1.50999E+00  8.52879E-05  1.55854E+00 
5.78999E+01 1.50499E+00  8.26351E-05  1.55352E+00 
5.79999E+01 1.49999E+00  8.00368E-05  1.54852E+00 
5.80999E+01 1.49499E+00  7.74892E-05  1.54354E+00 
5.81999E+01 1.48999E+00  7.50021E-05  1.53854E+00 
5.82999E+01 1.48499E+00  7.25192E-05  1.53352E+00 
5.83999E+01 1.47999E+00  7.01288E-05  1.52852E+00 
5.84999E+01 1.47499E+00  6.77971E-05  1.52351E+00 
5.85999E+01 1.46999E+00  6.54774E-05  1.51851E+00 
5.86999E+01 1.46499E+00  6.32354E-05  1.51352E+00 
5.87999E+01 1.45999E+00  6.10688E-05  1.50850E+00 
5.88999E+01 1.45499E+00  5.89135E-05  1.50351E+00 
5.89999E+01 1.44999E+00  5.68257E-05  1.49852E+00 
5.90999E+01 1.44499E+00  5.47846E-05  1.49352E+00 
5.91999E+01 1.43999E+00  5.27974E-05  1.48847E+00 
5.92999E+01 1.43499E+00  5.08747E-05  1.48349E+00 
5.93999E+01 1.42999E+00  4.90185E-05  1.47851E+00 
5.94999E+01 1.42499E+00  4.71763E-05  1.47351E+00 
5.95999E+01 1.41999E+00  4.53895E-05  1.46850E+00 
5.96999E+01 1.41499E+00  4.36827E-05  1.46349E+00 
5.97999E+01 1.40999E+00  4.20204E-05  1.45851E+00 
5.98999E+01 1.40499E+00  4.04075E-05  1.45351E+00 
5.99998E+01 1.39999E+00  3.88462E-05  1.44851E+00 
6.00998E+01 1.39499E+00  3.73140E-05  1.44349E+00 
6.01998E+01 1.38999E+00  3.58563E-05  1.43852E+00 
6.02998E+01 1.38499E+00  3.40264E-05  1.43350E+00 
6.03998E+01 1.37999E+00  3.26548E-05  1.42848E+00 
6.04998E+01 1.37499E+00  3.13270E-05  1.42347E+00 
6.05998E+01 1.36999E+00  3.00546E-05  1.41847E+00 
6.06998E+01 1.36499E+00  2.88257E-05  1.41344E+00 
6.07998E+01 1.35999E+00  2.76416E-05  1.40844E+00 
6.08998E+01 1.35499E+00  2.65197E-05  1.40344E+00 
6.09998E+01 1.34999E+00  2.54581E-05  1.39847E+00 
6.10998E+01 1.34499E+00  2.44059E-05  1.39344E+00 
6.11998E+01 1.33999E+00  2.34225E-05  1.38841E+00 
6.12998E+01 1.33499E+00  2.24644E-05  1.38341E+00 
6.13998E+01 1.32999E+00  2.15384E-05  1.37842E+00 
6.14998E+01 1.32499E+00  2.06592E-05  1.37344E+00 
6.15998E+01 1.31999E+00  1.98234E-05  1.36840E+00 
6.16998E+01 1.31499E+00  1.90198E-05  1.36342E+00 
6.17998E+01 1.30999E+00  1.82638E-05  1.35841E+00 
6.18998E+01 1.30499E+00  1.75246E-05  1.35339E+00 
6.19998E+01 1.29999E+00  1.68350E-05  1.34840E+00 
6.20998E+01 1.29499E+00  1.61734E-05  1.34339E+00 
6.21998E+01 1.28999E+00  1.55431E-05  1.33841E+00 
6.22998E+01 1.28499E+00  1.49511E-05  1.33341E+00 
6.23998E+01 1.27999E+00  1.46101E-05  1.32841E+00 
6.24998E+01 1.27499E+00  1.39418E-05  1.32341E+00 
6.25998E+01 1.26999E+00  1.33814E-05  1.31841E+00 
6.26998E+01 1.26499E+00  1.28711E-05  1.31339E+00 
6.27998E+01 1.25999E+00  1.24121E-05  1.30839E+00 
6.28998E+01 1.25499E+00  1.19603E-05  1.30340E+00 
6.29998E+01 1.24999E+00  1.15406E-05  1.29839E+00 
6.30998E+01 1.24499E+00  1.11498E-05  1.29340E+00 
6.31998E+01 1.23999E+00  1.07962E-05  1.28837E+00 
6.32998E+01 1.23499E+00  1.04733E-05  1.28336E+00 
6.33998E+01 1.22999E+00  1.01089E-05  1.27838E+00 
6.34998E+01 1.22499E+00  9.78287E-06  1.27337E+00 
6.35998E+01 1.21999E+00  9.49761E-06  1.26835E+00 
6.36998E+01 1.21499E+00  9.20011E-06  1.26335E+00 
6.37998E+01 1.20999E+00  8.92505E-06  1.25835E+00 
6.38998E+01 1.20499E+00  8.65342E-06  1.25335E+00 
6.39998E+01 1.19999E+00  8.40440E-06  1.24834E+00 
6.40998E+01 1.19500E+00  8.18976E-06  1.24334E+00 
6.41998E+01 1.19000E+00  8.03155E-06  1.23833E+00 
6.42998E+01 1.18500E+00  7.75754E-06  1.23334E+00 
6.43998E+01 1.18000E+00  7.53571E-06  1.22836E+00 
6.44998E+01 1.17500E+00  7.32964E-06  1.22333E+00 
6.45998E+01 1.17000E+00  7.13631E-06  1.21832E+00 
6.46998E+01 1.16500E+00  6.95473E-06  1.21334E+00 
6.47998E+01 1.16000E+00  6.78232E-06  1.20834E+00 
6.48998E+01 1.15500E+00  6.61606E-06  1.20334E+00 
6.49998E+01 1.15000E+00  6.46152E-06  1.19832E+00 
6.50998E+01 1.14500E+00  6.31119E-06  1.19333E+00 
6.51998E+01 1.14000E+00  6.16710E-06  1.18832E+00 
6.52998E+01 1.13500E+00  6.02970E-06  1.18332E+00 
6.53998E+01 1.13000E+00  5.91418E-06  1.17831E+00 
6.54998E+01 1.12500E+00  5.78594E-06  1.17332E+00 
6.55998E+01 1.12000E+00  5.64962E-06  1.16834E+00 
6.56998E+01 1.11500E+00  5.54837E-06  1.16332E+00 
6.57998E+01 1.11000E+00  5.41795E-06  1.15832E+00 
6.58998E+01 1.10500E+00  5.29773E-06  1.15336E+00 
6.59998E+01 1.10000E+00  5.18908E-06  1.14835E+00 
6.60998E+01 1.09500E+00  5.08158E-06  1.14335E+00 
6.61998E+01 1.09000E+00  4.97576E-06  1.13831E+00 
6.62998E+01 1.08500E+00  4.87823E-06  1.13335E+00 
6.63998E+01 1.08000E+00  4.78111E-06  1.12834E+00 
6.64998E+01 1.07500E+00  4.69148E-06  1.12334E+00 
6.65998E+01 1.07000E+00  4.59608E-06  1.11833E+00 
6.66998E+01 1.06500E+00  4.50557E-06  1.11330E+00 
6.67998E+01 1.06000E+00  4.41892E-06  1.10831E+00 
6.68998E+01 1.05500E+00  4.33817E-06  1.10330E+00 
6.69998E+01 1.05000E+00  4.25951E-06  1.09828E+00 
6.70998E+01 1.04500E+00  4.17373E-06  1.09329E+00 
6.71998E+01 1.04000E+00  4.09067E-06  1.08829E+00 
6.72998E+01 1.03500E+00  4.01207E-06  1.08326E+00 
6.73998E+01 1.03000E+00  3.93399E-06  1.07827E+00 
6.74998E+01 1.02500E+00  3.85938E-06  1.07327E+00 
6.75998E+01 1.02000E+00  3.74675E-06  1.06826E+00 
6.76998E+01 1.01500E+00  3.67303E-06  1.06324E+00 
6.77998E+01 1.01000E+00  3.60028E-06  1.05827E+00 
6.78998E+01 1.00500E+00  3.52701E-06  1.05328E+00 
6.79998E+01 9.99995E-01  3.45657E-06  1.04828E+00 
6.80998E+01 9.94996E-01  3.38502E-06  1.04326E+00 
6.81998E+01 9.89996E-01  3.31775E-06  1.03826E+00 
6.82998E+01 9.84996E-01  3.24750E-06  1.03325E+00 
6.83998E+01 9.79996E-01  3.18229E-06  1.02825E+00 
6.84998E+01 9.74996E-01  3.11211E-06  1.02322E+00 
6.85998E+01 9.69996E-01  3.04016E-06  1.01822E+00 
6.86998E+01 9.64996E-01  2.97651E-06  1.01321E+00 
6.87998E+01 9.59996E-01  2.91013E-06  1.00824E+00 
6.88998E+01 9.54996E-01  2.84679E-06  1.00321E+00 
6.89998E+01 9.49996E-01  2.77929E-06  9.98217E-01 
6.90998E+01 9.44996E-01  2.71186E-06  9.93211E-01 
6.91998E+01 9.39996E-01  2.64472E-06  9.88220E-01 
6.92998E+01 9.34996E-01  2.57846E-06  9.83215E-01 
6.93998E+01 9.29996E-01  2.51161E-06  9.78199E-01 
6.94998E+01 9.24996E-01  2.44854E-06  9.73221E-01 
6.95998E+01 9.19996E-01  2.38310E-06  9.68222E-01 
6.96998E+01 9.14996E-01  2.31645E-06  9.63191E-01 
6.97998E+01 9.09996E-01  2.24843E-06  9.58184E-01 
6.98998E+01 9.04996E-01  2.18023E-06  9.53166E-01 
6.99998E+01 8.99996E-01  2.11466E-06  9.48185E-01 
7.00998E+01 8.94996E-01  2.04759E-06  9.43183E-01 
7.01998E+01 8.89996E-01  1.98215E-06  9.38169E-01 
7.02998E+01 8.84996E-01  1.91406E-06  9.33163E-01 
7.03998E+01 8.79996E-01  1.84812E-06  9.28144E-01 
7.04998E+01 8.74996E-01  1.78021E-06  9.23157E-01 
7.05998E+01 8.69996E-01  1.71280E-06  9.18173E-01 
7.06998E+01 8.64996E-01  1.64677E-06  9.13157E-01 
7.07998E+01 8.59996E-01  1.57151E-06  9.08152E-01 
7.08998E+01 8.54996E-01  1.50559E-06  9.03162E-01 
7.09998E+01 8.49996E-01  1.44511E-06  8.98176E-01 
7.10998E+01 8.44996E-01  1.37487E-06  8.93169E-01 
7.11998E+01 8.39996E-01  1.30591E-06  8.88172E-01 
7.12998E+01 8.34996E-01  1.23556E-06  8.83154E-01 
7.13998E+01 8.29996E-01  1.16407E-06  8.78171E-01 
7.14998E+01 8.24996E-01  1.09544E-06  8.73154E-01 
7.15998E+01 8.19996E-01  1.02270E-06  8.68163E-01 
7.16998E+01 8.14996E-01  9.51635E-07  8.63164E-01 
7.17998E+01 8.09996E-01  8.77421E-07  8.58164E-01 
7.18998E+01 8.04996E-01  8.01751E-07  8.53140E-01 
7.19998E+01 7.99996E-01  7.30405E-07  8.48147E-01 
7.20998E+01 7.94996E-01  6.55817E-07  8.43151E-01 
7.21998E+01 7.89996E-01  5.84234E-07  8.38136E-01 
7.22998E+01 7.84996E-01  5.09086E-07  8.33154E-01 
7.23998E+01 7.79996E-01  4.33064E-07  8.28128E-01 
7.24998E+01 7.74996E-01  3.58850E-07  8.23147E-01 
7.25998E+01 7.69996E-01  2.72615E-07  8.18145E-01 
7.26998E+01 7.64996E-01  2.00802E-07  8.13149E-01 
7.27998E+01 7.59996E-01  1.22180E-07  8.08134E-01 
7.28998E+01 7.54996E-01  4.03486E-08  8.03124E-01 
7.29998E+01 7.49996E-01  -3.92036E-08 7.98127E-01 
7.30998E+01 7.44996E-01  -1.18691E-07 7.93103E-01 
7.31998E+01 7.39996E-01  -2.02483E-07 7.88134E-01 
7.32998E+01 7.34996E-01  -2.87991E-07 7.83085E-01 
7.33998E+01 7.29996E-01  -3.67496E-07 7.78092E-01 
7.34998E+01 7.24996E-01  -4.52045E-07 7.73066E-01 
7.35998E+01 7.19996E-01  -5.38473E-07 7.68075E-01 
7.36998E+01 7.14996E-01  -6.23639E-07 7.63083E-01 
7.37998E+01 7.09996E-01  -7.12767E-07 7.58065E-01 
7.38998E+01 7.04996E-01  -8.03446E-07 7.53044E-01 
7.39998E+01 6.99996E-01  -8.91456E-07 7.48064E-01 
7.40998E+01 6.94996E-01  -9.85008E-07 7.43054E-01 
7.41998E+01 6.89996E-01  -1.07914E-06 7.38061E-01 
7.42998E+01 6.84996E-01  -1.17623E-06 7.33052E-01 
7.43998E+01 6.79996E-01  -1.26849E-06 7.28049E-01 
7.44998E+01 6.74996E-01  -1.36575E-06 7.23060E-01 
7.45998E+01 6.69996E-01  -1.46448E-06 7.18053E-01 
7.46998E+01 6.64996E-01  -1.56438E-06 7.13030E-01 
7.47998E+01 6.59996E-01  -1.66722E-06 7.08030E-01 
7.48998E+01 6.54996E-01  -1.76781E-06 7.03041E-01 
7.49998E+01 6.49996E-01  -1.87032E-06 6.98060E-01 
7.50998E+01 6.44996E-01  -1.97507E-06 6.93039E-01 
7.51998E+01 6.39996E-01  -2.07876E-06 6.88018E-01 
7.52998E+01 6.34996E-01  -2.18981E-06 6.83027E-01 
7.53998E+01 6.29996E-01  -2.29913E-06 6.78051E-01 
7.54998E+01 6.24996E-01  -2.40681E-06 6.73029E-01 
7.55998E+01 6.19996E-01  -2.51699E-06 6.68021E-01 
7.56998E+01 6.14996E-01  -2.63131E-06 6.63031E-01 
7.57998E+01 6.09996E-01  -2.74126E-06 6.58040E-01 
7.58998E+01 6.04996E-01  -2.85534E-06 6.53011E-01 
7.59998E+01 5.99996E-01  -2.96893E-06 6.48032E-01 
7.60998E+01 5.94997E-01  -3.08552E-06 6.43027E-01 
7.61998E+01 5.89997E-01  -3.20424E-06 6.38023E-01 
7.62998E+01 5.84997E-01  -3.31980E-06 6.33004E-01 
7.63998E+01 5.79997E-01  -3.43461E-06 6.27984E-01 
7.64998E+01 5.74997E-01  -3.55429E-06 6.22993E-01 
7.65998E+01 5.69997E-01  -3.67061E-06 6.18011E-01 
7.66998E+01 5.64997E-01  -3.79565E-06 6.12982E-01 
7.67998E+01 5.59997E-01  -3.92272E-06 6.07962E-01 
7.68998E+01 5.54997E-01  -4.04609E-06 6.02960E-01 
7.69998E+01 5.49997E-01  -4.16297E-06 5.97977E-01 
7.70998E+01 5.44997E-01  -4.28753E-06 5.92970E-01 
7.71998E+01 5.39997E-01  -4.39560E-06 5.87967E-01 
7.72998E+01 5.34997E-01  -4.51921E-06 5.82965E-01 
7.73998E+01 5.29997E-01  -4.65187E-06 5.77977E-01 
7.74998E+01 5.24997E-01  -4.79209E-06 5.72994E-01 
7.75998E+01 5.19997E-01  -4.91480E-06 5.67966E-01 
7.76998E+01 5.14997E-01  -5.04168E-06 5.62950E-01 
7.77998E+01 5.09997E-01  -5.21070E-06 5.57967E-01 
7.78998E+01 5.04997E-01  -5.37040E-06 5.52981E-01 
7.79998E+01 4.99997E-01  -5.54712E-06 5.47967E-01 
7.80998E+01 4.94997E-01  -5.72901E-06 5.42944E-01 
7.81998E+01 4.89997E-01  -5.88183E-06 5.37955E-01 
7.82998E+01 4.84997E-01  -6.02248E-06 5.32948E-01 
7.83998E+01 4.79997E-01  -6.14179E-06 5.27930E-01 
7.84998E+01 4.74997E-01  -6.26400E-06 5.22947E-01 
7.85998E+01 4.69997E-01  -6.40072E-06 5.17935E-01 
7.86998E+01 4.64997E-01  -6.55138E-06 5.12956E-01 
7.87998E+01 4.59997E-01  -6.72074E-06 5.07938E-01 
7.88998E+01 4.54997E-01  -6.89081E-06 5.02939E-01 
7.89998E+01 4.49997E-01  -7.08080E-06 4.97942E-01 
7.90998E+01 4.44997E-01  -7.27608E-06 4.92924E-01 
7.91998E+01 4.39997E-01  -7.49693E-06 4.87939E-01 
7.92998E+01 4.34997E-01  -7.70478E-06 4.82931E-01 
7.93998E+01 4.29997E-01  -7.94031E-06 4.77944E-01 
7.94998E+01 4.24997E-01  -8.17307E-06 4.72907E-01 
7.95998E+01 4.19997E-01  -8.39697E-06 4.67902E-01 
7.96998E+01 4.14997E-01  -8.63286E-06 4.62903E-01 
7.97998E+01 4.09997E-01  -8.87393E-06 4.57889E-01 
7.98998E+01 4.04997E-01  -9.12655E-06 4.52893E-01 
7.99998E+01 3.99997E-01  -9.39325E-06 4.47877E-01 
8.00998E+01 3.94997E-01  -9.66677E-06 4.42885E-01 
8.01998E+01 3.89997E-01  -9.95844E-06 4.37894E-01 
8.02998E+01 3.84997E-01  -1.02634E-05 4.32880E-01 
8.03998E+01 3.79997E-01  -1.05841E-05 4.27878E-01 
8.04998E+01 3.74997E-01  -1.09034E-05 4.22885E-01 
8.05998E+01 3.69997E-01  -1.12320E-05 4.17887E-01 
8.06998E+01 3.64997E-01  -1.15625E-05 4.12879E-01 
8.07998E+01 3.59997E-01  -1.18966E-05 4.07879E-01 
8.08998E+01 3.54997E-01  -1.22623E-05 4.02880E-01 
8.09998E+01 3.49997E-01  -1.26409E-05 3.97871E-01 
8.10998E+01 3.44997E-01  -1.30323E-05 3.92872E-01 
8.11998E+01 3.39997E-01  -1.34211E-05 3.87843E-01 
8.12998E+01 3.34997E-01  -1.38048E-05 3.82866E-01 
8.13998E+01 3.29997E-01  -1.42000E-05 3.77860E-01 
8.14998E+01 3.24997E-01  -1.46138E-05 3.72846E-01 
8.15998E+01 3.19997E-01  -1.50326E-05 3.67844E-01 
8.16998E+01 3.14997E-01  -1.54583E-05 3.62839E-01 
8.17998E+01 3.09997E-01  -1.59162E-05 3.57858E-01 
8.18998E+01 3.04997E-01  -1.63477E-05 3.52857E-01 
8.19998E+01 2.99997E-01  -1.68242E-05 3.47814E-01 
8.20998E+01 2.94997E-01  -1.73180E-05 3.42829E-01 
8.21998E+01 2.89997E-01  -1.78245E-05 3.37849E-01 
8.22998E+01 2.84997E-01  -1.83493E-05 3.32858E-01 
8.23998E+01 2.79997E-01  -1.89493E-05 3.27850E-01 
8.24998E+01 2.74997E-01  -1.95495E-05 3.22844E-01 
8.25998E+01 2.69997E-01  -2.01516E-05 3.17837E-01 
8.26998E+01 2.64997E-01  -2.07455E-05 3.12846E-01 
8.27998E+01 2.59997E-01  -2.12808E-05 3.07829E-01 
8.28998E+01 2.54997E-01  -2.17511E-05 3.02835E-01 
8.29998E+01 2.49997E-01  -2.22708E-05 2.97834E-01 
8.30998E+01 2.44997E-01  -2.27987E-05 2.92805E-01 
8.31998E+01 2.39997E-01  -2.33598E-05 2.87835E-01 
8.32998E+01 2.34997E-01  -2.39382E-05 2.82795E-01 
8.33998E+01 2.29997E-01  -2.45268E-05 2.77812E-01 
8.34998E+01 2.24997E-01  -2.51315E-05 2.72787E-01 
8.35998E+01 2.19997E-01  -2.57391E-05 2.67781E-01 
8.36998E+01 2.14997E-01  -2.63464E-05 2.62812E-01 
8.37998E+01 2.09997E-01  -2.69534E-05 2.57793E-01 
8.38998E+01 2.04997E-01  -2.75512E-05 2.52776E-01 
8.39998E+01 1.99997E-01  -2.81552E-05 2.47778E-01 
8.40998E+01 1.94998E-01  -2.87698E-05 2.42785E-01 
8.41998E+01 1.89998E-01  -2.93608E-05 2.37795E-01 
8.42998E+01 1.84998E-01  -2.99435E-05 2.32777E-01 
8.43998E+01 1.79998E-01  -3.05349E-05 2.27766E-01 
8.44998E+01 1.74998E-01  -3.11073E-05 2.22777E-01 
8.45998E+01 1.69998E-01  -3.16807E-05 2.17789E-01 
8.46998E+01 1.64998E-01  -3.22504E-05 2.12762E-01 
8.47998E+01 1.59998E-01  -3.28263E-05 2.07763E-01 
8.48998E+01 1.54998E-01  -3.33862E-05 2.02775E-01 
8.49998E+01 1.49998E-01  -3.39329E-05 1.97770E-01 
8.50998E+01 1.44998E-01  -3.44772E-05 1.92754E-01 
8.51998E+01 1.39998E-01  -3.50122E-05 1.87743E-01 
8.52998E+01 1.34998E-01  -3.55378E-05 1.82743E-01 
8.53998E+01 1.29998E-01  -3.60416E-05 1.77724E-01 
8.54998E+01 1.24998E-01  -3.65525E-05 1.72729E-01 
8.55998E+01 1.19998E-01  -3.70720E-05 1.67718E-01 
8.56998E+01 1.14998E-01  -3.76015E-05 1.62745E-01 
8.57998E+01 1.09998E-01  -3.80929E-05 1.57747E-01 
8.58998E+01 1.04998E-01  -3.86082E-05 1.52720E-01 
8.59998E+01 9.99977E-02  -3.91267E-05 1.47706E-01 
8.60998E+01 9.49978E-02  -3.96650E-05 1.42713E-01 
8.61998E+01 8.99978E-02  -4.01976E-05 1.37717E-01 
8.62998E+01 8.49978E-02  -4.07292E-05 1.32695E-01 
8.63998E+01 7.99978E-02  -4.12433E-05 1.27714E-01 
8.64998E+01 7.49978E-02  -4.17985E-05 1.22721E-01 
8.65998E+01 6.99978E-02  -4.23530E-05 1.17701E-01 
8.66998E+01 6.49978E-02  -4.29183E-05 1.12691E-01 
8.67998E+01 5.99978E-02  -4.34950E-05 1.07686E-01 
8.68998E+01 5.49979E-02  -4.40517E-05 1.02720E-01 
8.69998E+01 4.99979E-02  -4.46201E-05 9.76951E-02 
8.70998E+01 4.49979E-02  -4.51828E-05 9.26854E-02 
8.71998E+01 3.99979E-02  -4.57573E-05 8.76720E-02 
8.72998E+01 3.49979E-02  -4.63285E-05 8.26730E-02 
8.73998E+01 2.99979E-02  -4.68691E-05 7.76858E-02 
8.74998E+01 2.49979E-02  -4.74211E-05 7.26711E-02 
8.75998E+01 1.99979E-02  -4.79742E-05 6.76577E-02 
8.76998E+01 1.49980E-02  -4.85230E-05 6.26936E-02 
8.77998E+01 9.99797E-03  -4.90673E-05 5.76752E-02 
8.78998E+01 4.99799E-03  -4.95997E-05 5.26768E-02 
8.79998E+01 -2.00000E-06 -5.01181E-05 4.76565E-02 
8.80998E+01 -5.00199E-03 -5.06172E-05 4.26712E-02 
8.81998E+01 -1.00020E-02 -5.11106E-05 3.76803E-02 
8.82998E+01 -1.50020E-02 -5.15910E-05 3.26494E-02 
8.83998E+01 -2.00020E-02 -5.20281E-05 2.76628E-02 
8.84998E+01 -2.50019E-02 -5.24966E-05 2.26663E-02 
8.85998E+01 -3.00019E-02 -5.29960E-05 1.76635E-02 
8.86998E+01 -3.50019E-02 -5.34582E-05 1.26526E-02 
8.87998E+01 -4.00019E-02 -5.39511E-05 7.62731E-03 
8.88998E+01 -4.50019E-02 -5.44431E-05 2.65387E-03 
8.89998E+01 -5.00019E-02 -5.49465E-05 -2.34641E-03
8.90998E+01 -5.50019E-02 -5.54321E-05 -7.35107E-03
8.91998E+01 -6.00019E-02 -5.59368E-05 -1.23595E-02
8.92998E+01 -6.50018E-02 -5.64923E-05 -1.73873E-02
8.93998E+01 -7.00018E-02 -5.70339E-05 -2.23601E-02
8.94998E+01 -7.50018E-02 -5.75804E-05 -2.73654E-02
8.95998E+01 -8.00018E-02 -5.81463E-05 -3.23800E-02
8.96998E+01 -8.50018E-02 -5.87591E-05 -3.73947E-02
8.97998E+01 -9.00018E-02 -5.94323E-05 -4.23675E-02
8.98998E+01 -9.50018E-02 -6.01489E-05 -4.73934E-02
8.99998E+01 -1.00002E-01 -6.08892E-05 -5.23912E-02
9.00998E+01 -1.05002E-01 -6.16419E-05 -5.74071E-02
9.01998E+01 -1.10002E-01 -6.23742E-05 -6.24155E-02
9.02998E+01 -1.15002E-01 -6.31304E-05 -6.73846E-02
9.03998E+01 -1.20002E-01 -6.39117E-05 -7.23918E-02
9.04998E+01 -1.25002E-01 -6.47205E-05 -7.74233E-02
9.05998E+01 -1.30002E-01 -6.55672E-05 -8.24086E-02
9.06998E+01 -1.35002E-01 -6.64604E-05 -8.73820E-02
9.07998E+01 -1.40002E-01 -6.74252E-05 -9.24085E-02
9.08998E+01 -1.45002E-01 -6.84581E-05 -9.74282E-02
9.09998E+01 -1.50002E-01 -6.95205E-05 -1.02445E-01
9.10998E+01 -1.55002E-01 -7.06009E-05 -1.07423E-01
9.11998E+01 -1.60002E-01 -7.17717E-05 -1.12422E-01
9.12998E+01 -1.65002E-01 -7.29981E-05 -1.17434E-01
9.13998E+01 -1.70002E-01 -7.42796E-05 -1.22447E-01
9.14998E+01 -1.75002E-01 -7.56559E-05 -1.27416E-01
9.15998E+01 -1.80002E-01 -7.71399E-05 -1.32423E-01
9.16998E+01 -1.85002E-01 -7.88572E-05 -1.37432E-01
9.17998E+01 -1.90002E-01 -8.08140E-05 -1.42445E-01
9.18998E+01 -1.95002E-01 -8.30592E-05 -1.47444E-01
9.19998E+01 -2.00002E-01 -8.56445E-05 -1.52437E-01
9.20998E+01 -2.05001E-01 -8.85545E-05 -1.57449E-01
9.21998E+01 -2.10001E-01 -9.17566E-05 -1.62448E-01
9.22998E+01 -2.15001E-01 -9.52142E-05 -1.67454E-01
9.23998E+01 -2.20001E-01 -9.88816E-05 -1.72463E-01
9.24998E+01 -2.25001E-01 -1.02714E-04 -1.77491E-01
9.25998E+01 -2.30001E-01 -1.06676E-04 -1.82466E-01
9.26998E+01 -2.35001E-01 -1.10735E-04 -1.87475E-01
9.27998E+01 -2.40001E-01 -1.14869E-04 -1.92464E-01
9.28998E+01 -2.45001E-01 -1.19063E-04 -1.97485E-01
9.29998E+01 -2.50001E-01 -1.23310E-04 -2.02501E-01
9.30998E+01 -2.55001E-01 -1.27590E-04 -2.07475E-01
9.31998E+01 -2.60001E-01 -1.31913E-04 -2.12484E-01
9.32998E+01 -2.65001E-01 -1.36280E-04 -2.17493E-01
9.33998E+01 -2.70001E-01 -1.40645E-04 -2.22485E-01
9.34998E+01 -2.75001E-01 -1.45042E-04 -2.27483E-01
9.35998E+01 -2.80001E-01 -1.49470E-04 -2.32488E-01
9.36998E+01 -2.85001E-01 -1.53896E-04 -2.37481E-01
9.37998E+01 -2.90001E-01 -1.58335E-04 -2.42507E-01
9.38998E+01 -2.95001E-01 -1.62802E-04 -2.47497E-01
9.39998E+01 -3.00001E-01 -1.67261E-04 -2.52496E-01
9.40998E+01 -3.05001E-01 -1.71736E-04 -2.57495E-01
9.41998E+01 -3.10001E-01 -1.76212E-04 -2.62501E-01
9.42998E+01 -3.15001E-01 -1.80686E-04 -2.67503E-01
9.43998E+01 -3.20001E-01 -1.85155E-04 -2.72516E-01
9.44998E+01 -3.25001E-01 -1.89579E-04 -2.77518E-01
9.45998E+01 -3.30001E-01 -1.94009E-04 -2.82513E-01
9.46998E+01 -3.35001E-01 -1.98449E-04 -2.87496E-01
9.47998E+01 -3.40001E-01 -2.02857E-04 -2.92507E-01
9.48998E+01 -3.45001E-01 -2.07223E-04 -2.97510E-01
9.49998E+01 -3.50001E-01 -2.11604E-04 -3.02515E-01
9.50998E+01 -3.55001E-01 -2.15518E-04 -3.07515E-01
9.51998E+01 -3.60001E-01 -2.19743E-04 -3.12515E-01
9.52998E+01 -3.65001E-01 -2.23949E-04 -3.17549E-01
9.53998E+01 -3.70001E-01 -2.28053E-04 -3.22545E-01
9.54998E+01 -3.75001E-01 -2.32162E-04 -3.27562E-01
9.55998E+01 -3.80001E-01 -2.36220E-04 -3.32551E-01
9.56998E+01 -3.85001E-01 -2.40247E-04 -3.37574E-01
9.57998E+01 -3.90001E-01 -2.44178E-04 -3.42557E-01
9.58998E+01 -3.95001E-01 -2.48004E-04 -3.47547E-01
9.59998E+01 -4.00001E-01 -2.51709E-04 -3.52559E-01
9.60998E+01 -4.05001E-01 -2.55369E-04 -3.57563E-01
9.61998E+01 -4.10001E-01 -2.58890E-04 -3.62575E-01
9.62998E+01 -4.15001E-01 -2.62304E-04 -3.67560E-01
9.63998E+01 -4.20001E-01 -2.65564E-04 -3.72592E-01
9.64998E+01 -4.25001E-01 -2.68625E-04 -3.77600E-01
9.65998E+01 -4.30001E-01 -2.71426E-04 -3.82575E-01
9.66998E+01 -4.35001E-01 -2.73927E-04 -3.87575E-01
9.67998E+01 -4.40001E-01 -2.76009E-04 -3.92598E-01
9.68998E+01 -4.45001E-01 -2.77537E-04 -3.97599E-01
9.69998E+01 -4.50001E-01 -2.78221E-04 -4.02609E-01
9.70998E+01 -4.55001E-01 -2.77473E-04 -4.07589E-01
9.71998E+01 -4.60001E-01 -2.74467E-04 -4.12596E-01
9.72998E+01 -4.65001E-01 -2.67847E-04 -4.17619E-01
9.73998E+01 -4.70001E-01 -2.54990E-04 -4.22600E-01
9.74998E+01 -4.75001E-01 -2.30328E-04 -4.27598E-01
9.75998E+01 -4.80001E-01 -1.85986E-04 -4.32614E-01
9.76998E+01 -4.85001E-01 -1.38206E-04 -4.37615E-01
9.77998E+01 -4.90001E-01 -1.11166E-04 -4.42618E-01
9.78998E+01 -4.95001E-01 -9.68884E-05 -4.47606E-01
9.79998E+01 -5.00001E-01 -8.81550E-05 -4.52624E-01
9.80998E+01 -5.05001E-01 -8.20354E-05 -4.57622E-01
9.81998E+01 -5.10001E-01 -7.73440E-05 -4.62608E-01
9.82998E+01 -5.15001E-01 -7.35938E-05 -4.67611E-01
9.83998E+01 -5.20001E-01 -7.04445E-05 -4.72613E-01
9.84998E+01 -5.25001E-01 -6.77670E-05 -4.77627E-01
9.85998E+01 -5.30001E-01 -6.54216E-05 -4.82614E-01
9.86998E+01 -5.35001E-01 -6.33315E-05 -4.87645E-01
9.87998E+01 -5.40001E-01 -6.14925E-05 -4.92629E-01
9.88998E+01 -5.45001E-01 -5.98099E-05 -4.97656E-01
9.89998E+01 -5.50001E-01 -5.82950E-05 -5.02650E-01
9.90998E+01 -5.55001E-01 -5.68603E-05 -5.07634E-01
9.91998E+01 -5.60001E-01 -5.55748E-05 -5.12653E-01
9.92998E+01 -5.65001E-01 -5.43502E-05 -5.17651E-01
9.93998E+01 -5.70001E-01 -5.32301E-05 -5.22642E-01
9.94998E+01 -5.75001E-01 -5.22061E-05 -5.27654E-01
9.95998E+01 -5.80001E-01 -5.12539E-05 -5.32676E-01
9.96998E+01 -5.85001E-01 -5.03354E-05 -5.37660E-01
9.97998E+01 -5.90001E-01 -4.96188E-05 -5.42651E-01
9.98998E+01 -5.95001E-01 -4.87678E-05 -5.47654E-01
9.99997E+01 -6.00001E-01 -4.80115E-05 -5.52667E-01
1.00100E+02 -6.05000E-01 -4.73206E-05 -5.57655E-01
1.00200E+02 -6.10000E-01 -4.66762E-05 -5.62654E-01
1.00300E+02 -6.15000E-01 -4.60865E-05 -5.67660E-01
1.00400E+02 -6.20000E-01 -4.55203E-05 -5.72681E-01
1.00500E+02 -6.25000E-01 -4.49934E-05 -5.77658E-01
1.00600E+02 -6.30000E-01 -4.45104E-05 -5.82675E-01
1.00700E+02 -6.35000E-01 -4.40727E-05 -5.87686E-01
1.00800E+02 -6.40000E-01 -4.36456E-05 -5.92712E-01
1.00900E+02 -6.45000E-01 -4.32621E-05 -5.97684E-01
1.01000E+02 -6.50000E-01 -4.29093E-05 -6.02687E-01
1.01100E+02 -6.55000E-01 -4.25890E-05 -6.07694E-01
1.01200E+02 -6.60000E-01 -4.23004E-05 -6.12702E-01
1.01300E+02 -6.65000E-01 -4.20648E-05 -6.17701E-01
1.01400E+02 -6.70000E-01 -4.18609E-05 -6.22703E-01
1.01500E+02 -6.75000E-01 -4.16490E-05 -6.27690E-01
1.01600E+02 -6.80000E-01 -4.14561E-05 -6.32703E-01
1.01700E+02 -6.85000E-01 -4.12899E-05 -6.37712E-01
1.01800E+02 -6.90000E-01 -4.15491E-05 -6.42690E-01
1.01900E+02 -6.95000E-01 -4.14382E-05 -6.47702E-01
1.02000E+02 -7.00000E-01 -4.13403E-05 -6.52734E-01
1.02100E+02 -7.05000E-01 -4.12614E-05 -6.57745E-01
1.02200E+02 -7.10000E-01 -4.12057E-05 -6.62731E-01
1.02300E+02 -7.15000E-01 -4.12308E-05 -6.67747E-01
1.02400E+02 -7.20000E-01 -4.11282E-05 -6.72743E-01
1.02500E+02 -7.25000E-01 -4.10909E-05 -6.77767E-01
1.02600E+02 -7.30000E-01 -4.10806E-05 -6.82753E-01
1.02700E+02 -7.35000E-01 -4.10811E-05 -6.87757E-01
1.02800E+02 -7.40000E-01 -4.10888E-05 -6.92750E-01
1.02900E+02 -7.45000E-01 -4.11052E-05 -6.97778E-01
1.03000E+02 -7.50000E-01 -4.11160E-05 -7.02751E-01
1.03100E+02 -7.55000E-01 -4.11456E-05 -7.07753E-01
1.03200E+02 -7.60000E-01 -4.11862E-05 -7.12757E-01
1.03300E+02 -7.65000E-01 -4.12074E-05 -7.17753E-01
1.03400E+02 -7.70000E-01 -4.12396E-05 -7.22766E-01
1.03500E+02 -7.75000E-01 -4.12765E-05 -7.27763E-01
1.03600E+02 -7.80000E-01 -4.13218E-05 -7.32739E-01
1.03700E+02 -7.85000E-01 -4.13616E-05 -7.37769E-01
1.03800E+02 -7.90000E-01 -4.14062E-05 -7.42769E-01
1.03900E+02 -7.95000E-01 -4.14525E-05 -7.47781E-01
