time/s      E/V        I/A
0.00000E+00 -8.00000E-01 -1.71630E-04 -7.17710E-01
9.99997E-02 -7.95000E-01 -1.44129E-04 -7.12701E-01
1.99999E-01 -7.90000E-01 -1.25695E-04 -7.07675E-01
2.99999E-01 -7.85000E-01 -1.13895E-04 -7.02662E-01
3.99999E-01 -7.80000E-01 -1.05652E-04 -6.97681E-01
4.99999E-01 -7.75000E-01 -9.93148E-05 -6.92661E-01
5.99998E-01 -7.70000E-01 -9.34293E-05 -6.87646E-01
6.99998E-01 -7.65000E-01 -8.83791E-05 -6.82643E-01
7.99998E-01 -7.60000E-01 -8.39441E-05 -6.77665E-01
8.99998E-01 -7.55000E-01 -7.99713E-05 -6.72665E-01
9.99997E-01 -7.50000E-01 -7.62903E-05 -6.67640E-01
1.10000E+00 -7.45000E-01 -7.30066E-05 -6.62655E-01
1.20000E+00 -7.40000E-01 -7.00023E-05 -6.57653E-01
1.30000E+00 -7.35000E-01 -6.83150E-05 -6.52626E-01
1.40000E+00 -7.30000E-01 -6.48209E-05 -6.47625E-01
1.50000E+00 -7.25000E-01 -6.23863E-05 -6.42645E-01
1.60000E+00 -7.20000E-01 -6.01518E-05 -6.37651E-01
1.70000E+00 -7.15000E-01 -5.81096E-05 -6.32650E-01
1.80000E+00 -7.10000E-01 -5.62172E-05 -6.27637E-01
1.90000E+00 -7.05000E-01 -5.44042E-05 -6.22618E-01
1.99999E+00 -7.00000E-01 -5.27139E-05 -6.17632E-01
2.09999E+00 -6.95000E-01 -5.11285E-05 -6.12625E-01
2.19999E+00 -6.90000E-01 -4.96293E-05 -6.07607E-01
2.29999E+00 -6.85000E-01 -4.82174E-05 -6.02638E-01
2.39999E+00 -6.80000E-01 -4.68631E-05 -5.97621E-01
2.49999E+00 -6.75000E-01 -4.55866E-05 -5.92615E-01
2.59999E+00 -6.70000E-01 -4.43610E-05 -5.87601E-01
2.69999E+00 -6.65000E-01 -4.31911E-05 -5.82629E-01
2.79999E+00 -6.60000E-01 -4.20663E-05 -5.77628E-01
2.89999E+00 -6.55000E-01 -4.10021E-05 -5.72619E-01
2.99999E+00 -6.50000E-01 -3.99722E-05 -5.67627E-01
3.09999E+00 -6.45000E-01 -3.89840E-05 -5.62588E-01
3.19999E+00 -6.40000E-01 -3.80303E-05 -5.57603E-01
3.29999E+00 -6.35000E-01 -3.75816E-05 -5.52611E-01
3.39999E+00 -6.30000E-01 -3.66994E-05 -5.47596E-01
3.49999E+00 -6.25000E-01 -3.58443E-05 -5.42580E-01
3.59999E+00 -6.20000E-01 -3.50201E-05 -5.37593E-01
3.69999E+00 -6.15000E-01 -3.42272E-05 -5.32596E-01
3.79999E+00 -6.10000E-01 -3.34549E-05 -5.27575E-01
3.89999E+00 -6.05000E-01 -3.27048E-05 -5.22574E-01
3.99999E+00 -6.00001E-01 -3.19835E-05 -5.17600E-01
4.09999E+00 -5.95001E-01 -3.12756E-05 -5.12616E-01
4.19999E+00 -5.90001E-01 -3.05895E-05 -5.07582E-01
4.29999E+00 -5.85001E-01 -2.99265E-05 -5.02583E-01
4.39999E+00 -5.80001E-01 -2.92765E-05 -4.97594E-01
4.49999E+00 -5.75001E-01 -2.86414E-05 -4.92571E-01
4.59999E+00 -5.70001E-01 -2.80308E-05 -4.87541E-01
4.69999E+00 -5.65001E-01 -2.74324E-05 -4.82540E-01
4.79999E+00 -5.60001E-01 -2.68541E-05 -4.77555E-01
4.89999E+00 -5.55001E-01 -2.62832E-05 -4.72517E-01
4.99999E+00 -5.50001E-01 -2.57298E-05 -4.67519E-01
5.09999E+00 -5.45001E-01 -2.51920E-05 -4.62547E-01
5.19999E+00 -5.40001E-01 -2.46631E-05 -4.57514E-01
5.29999E+00 -5.35001E-01 -2.41424E-05 -4.52518E-01
5.39999E+00 -5.30001E-01 -2.36380E-05 -4.47511E-01
5.49999E+00 -5.25001E-01 -2.31413E-05 -4.42517E-01
5.59999E+00 -5.20001E-01 -2.26541E-05 -4.37519E-01
5.69999E+00 -5.15001E-01 -2.21779E-05 -4.32530E-01
5.79999E+00 -5.10001E-01 -2.17119E-05 -4.27495E-01
5.89999E+00 -5.05001E-01 -2.12562E-05 -4.22505E-01
5.99998E+00 -5.00001E-01 -2.08091E-05 -4.17535E-01
6.09998E+00 -4.95001E-01 -2.03675E-05 -4.12526E-01
6.19998E+00 -4.90001E-01 -1.99354E-05 -4.07495E-01
6.29998E+00 -4.85001E-01 -1.95120E-05 -4.02515E-01
6.39998E+00 -4.80001E-01 -1.90957E-05 -3.97515E-01
6.49998E+00 -4.75001E-01 -1.86867E-05 -3.92502E-01
6.59998E+00 -4.70001E-01 -1.82866E-05 -3.87482E-01
6.69998E+00 -4.65001E-01 -1.78909E-05 -3.82478E-01
6.79998E+00 -4.60001E-01 -1.75077E-05 -3.77491E-01
6.89998E+00 -4.55001E-01 -1.71250E-05 -3.72488E-01
6.99998E+00 -4.50001E-01 -1.67479E-05 -3.67486E-01
7.09998E+00 -4.45001E-01 -1.63739E-05 -3.62492E-01
7.19998E+00 -4.40001E-01 -1.60076E-05 -3.57508E-01
7.29998E+00 -4.35001E-01 -1.56476E-05 -3.52506E-01
7.39998E+00 -4.30001E-01 -1.52895E-05 -3.47493E-01
7.49998E+00 -4.25001E-01 -1.49400E-05 -3.42465E-01
7.59998E+00 -4.20001E-01 -1.45922E-05 -3.37498E-01
7.69998E+00 -4.15001E-01 -1.42444E-05 -3.32485E-01
7.79998E+00 -4.10001E-01 -1.38978E-05 -3.27477E-01
7.89998E+00 -4.05001E-01 -1.35572E-05 -3.22451E-01
7.99998E+00 -4.00001E-01 -1.32132E-05 -3.17454E-01
8.09998E+00 -3.95001E-01 -1.28755E-05 -3.12443E-01
8.19998E+00 -3.90001E-01 -1.25436E-05 -3.07457E-01
8.29998E+00 -3.85001E-01 -1.22206E-05 -3.02459E-01
8.39998E+00 -3.80001E-01 -1.19057E-05 -2.97454E-01
8.49998E+00 -3.75001E-01 -1.15979E-05 -2.92442E-01
8.59998E+00 -3.70001E-01 -1.12948E-05 -2.87462E-01
8.69998E+00 -3.65001E-01 -1.09885E-05 -2.82460E-01
8.79998E+00 -3.60001E-01 -1.06746E-05 -2.77443E-01
8.89998E+00 -3.55001E-01 -1.03639E-05 -2.72428E-01
8.99998E+00 -3.50001E-01 -1.00533E-05 -2.67435E-01
9.09998E+00 -3.45001E-01 -9.74197E-06 -2.62460E-01
9.19998E+00 -3.40001E-01 -9.43607E-06 -2.57437E-01
9.29998E+00 -3.35001E-01 -9.13030E-06 -2.52433E-01
9.39998E+00 -3.30001E-01 -8.82669E-06 -2.47446E-01
9.49998E+00 -3.25001E-01 -8.52282E-06 -2.42442E-01
9.59998E+00 -3.20001E-01 -8.21921E-06 -2.37433E-01
9.69998E+00 -3.15001E-01 -7.91474E-06 -2.32417E-01
9.79998E+00 -3.10001E-01 -7.60856E-06 -2.27420E-01
9.89998E+00 -3.05001E-01 -7.30349E-06 -2.22432E-01
9.99997E+00 -3.00001E-01 -6.99761E-06 -2.17420E-01
1.01000E+01 -2.95001E-01 -6.69701E-06 -2.12409E-01
1.02000E+01 -2.90001E-01 -6.40258E-06 -2.07411E-01
1.03000E+01 -2.85001E-01 -6.09898E-06 -2.02419E-01
1.04000E+01 -2.80001E-01 -5.79430E-06 -1.97409E-01
1.05000E+01 -2.75001E-01 -5.49013E-06 -1.92406E-01
1.06000E+01 -2.70001E-01 -5.18675E-06 -1.87390E-01
1.07000E+01 -2.65001E-01 -4.88425E-06 -1.82393E-01
1.08000E+01 -2.60001E-01 -4.58914E-06 -1.77410E-01
1.09000E+01 -2.55001E-01 -4.29062E-06 -1.72399E-01
1.10000E+01 -2.50001E-01 -3.98669E-06 -1.67389E-01
1.11000E+01 -2.45001E-01 -3.67444E-06 -1.62386E-01
1.12000E+01 -2.40001E-01 -3.36654E-06 -1.57376E-01
1.13000E+01 -2.35001E-01 -3.07214E-06 -1.52365E-01
1.14000E+01 -2.30001E-01 -2.82681E-06 -1.47377E-01
1.15000E+01 -2.25001E-01 -2.51996E-06 -1.42376E-01
1.16000E+01 -2.20001E-01 -2.21901E-06 -1.37364E-01
1.17000E+01 -2.15001E-01 -1.92028E-06 -1.32360E-01
1.18000E+01 -2.10001E-01 -1.62092E-06 -1.27348E-01
1.19000E+01 -2.05001E-01 -1.34059E-06 -1.22352E-01
1.20000E+01 -2.00002E-01 -1.04357E-06 -1.17369E-01
1.21000E+01 -1.95002E-01 -7.46926E-07 -1.12335E-01
1.22000E+01 -1.90002E-01 -4.59735E-07 -1.07334E-01
1.23000E+01 -1.85002E-01 -1.64034E-07 -1.02374E-01
1.24000E+01 -1.80002E-01 1.28273E-07  -9.73464E-02
1.25000E+01 -1.75002E-01 4.22204E-07  -9.23436E-02
1.26000E+01 -1.70002E-01 6.97408E-07  -8.73308E-02
1.27000E+01 -1.65002E-01 9.71293E-07  -8.23524E-02
1.28000E+01 -1.60002E-01 1.25393E-06  -7.73552E-02
1.29000E+01 -1.55002E-01 1.53692E-06  -7.23268E-02
1.30000E+01 -1.50002E-01 1.82507E-06  -6.73215E-02
1.31000E+01 -1.45002E-01 2.12998E-06  -6.23568E-02
1.32000E+01 -1.40002E-01 2.43014E-06  -5.73428E-02
1.33000E+01 -1.35002E-01 2.74389E-06  -5.23262E-02
1.34000E+01 -1.30002E-01 3.07504E-06  -4.72960E-02
1.35000E+01 -1.25002E-01 3.41708E-06  -4.23412E-02
1.36000E+01 -1.20002E-01 3.77421E-06  -3.73503E-02
1.37000E+01 -1.15002E-01 4.16956E-06  -3.23232E-02
1.38000E+01 -1.10002E-01 4.58437E-06  -2.73129E-02
1.39000E+01 -1.05002E-01 5.03416E-06  -2.23251E-02
1.40000E+01 -1.00002E-01 5.50791E-06  -1.73211E-02
1.41000E+01 -9.50018E-02 6.01832E-06  -1.23158E-02
1.42000E+01 -9.00018E-02 6.59150E-06  -7.28926E-03
1.43000E+01 -8.50018E-02 7.16336E-06  -2.26834E-03
1.44000E+01 -8.00018E-02 7.77338E-06  2.71383E-03 
1.45000E+01 -7.50018E-02 8.43521E-06  7.68667E-03 
1.46000E+01 -7.00018E-02 9.15269E-06  1.27032E-02 
1.47000E+01 -6.50018E-02 9.92541E-06  1.77260E-02 
1.48000E+01 -6.00019E-02 1.07338E-05  2.27319E-02 
1.49000E+01 -5.50019E-02 1.15966E-05  2.76885E-02 
1.50000E+01 -5.00019E-02 1.25211E-05  3.27168E-02 
1.51000E+01 -4.50019E-02 1.35001E-05  3.77215E-02 
1.52000E+01 -4.00019E-02 1.45465E-05  4.27125E-02 
1.53000E+01 -3.50019E-02 1.56611E-05  4.76978E-02 
1.54000E+01 -3.00019E-02 1.68311E-05  5.27343E-02 
1.55000E+01 -2.50019E-02 1.80594E-05  5.77527E-02 
1.56000E+01 -2.00020E-02 1.93542E-05  6.27605E-02 
1.57000E+01 -1.50020E-02 2.07060E-05  6.77345E-02 
1.58000E+01 -1.00020E-02 2.21266E-05  7.27404E-02 
1.59000E+01 -5.00199E-03 2.36693E-05  7.77620E-02 
1.60000E+01 -2.00000E-06 2.52200E-05  8.27461E-02 
1.61000E+01 4.99799E-03  2.68265E-05  8.77395E-02 
1.62000E+01 9.99797E-03  2.84905E-05  9.27317E-02 
1.63000E+01 1.49980E-02  3.01955E-05  9.77394E-02 
1.64000E+01 1.99979E-02  3.19518E-05  1.02767E-01 
1.65000E+01 2.49979E-02  3.37444E-05  1.07733E-01 
1.66000E+01 2.99979E-02  3.55844E-05  1.12764E-01 
1.67000E+01 3.49979E-02  3.74554E-05  1.17750E-01 
1.68000E+01 3.99979E-02  3.93469E-05  1.22771E-01 
1.69000E+01 4.49979E-02  4.12552E-05  1.27759E-01 
1.70000E+01 4.99979E-02  4.31731E-05  1.32750E-01 
1.71000E+01 5.49979E-02  4.50834E-05  1.37761E-01 
1.72000E+01 5.99978E-02  4.69995E-05  1.42778E-01 
1.73000E+01 6.49978E-02  4.89039E-05  1.47764E-01 
1.74000E+01 6.99978E-02  5.08072E-05  1.52797E-01 
1.75000E+01 7.49978E-02  5.26781E-05  1.57789E-01 
1.76000E+01 7.99978E-02  5.45159E-05  1.62786E-01 
1.77000E+01 8.49978E-02  5.63287E-05  1.67778E-01 
1.78000E+01 8.99978E-02  5.80994E-05  1.72778E-01 
1.79000E+01 9.49978E-02  5.98582E-05  1.77807E-01 
1.80000E+01 9.99977E-02  6.16027E-05  1.82781E-01 
1.81000E+01 1.04998E-01  6.33426E-05  1.87778E-01 
1.82000E+01 1.09998E-01  6.50907E-05  1.92792E-01 
1.83000E+01 1.14998E-01  6.68627E-05  1.97784E-01 
1.84000E+01 1.19998E-01  6.86806E-05  2.02792E-01 
1.85000E+01 1.24998E-01  7.05039E-05  2.07780E-01 
1.86000E+01 1.29998E-01  7.22996E-05  2.12792E-01 
1.87000E+01 1.34998E-01  7.40480E-05  2.17816E-01 
1.88000E+01 1.39998E-01  7.58085E-05  2.22797E-01 
1.89000E+01 1.44998E-01  7.75790E-05  2.27802E-01 
1.90000E+01 1.49998E-01  7.93719E-05  2.32794E-01 
1.91000E+01 1.54998E-01  8.11631E-05  2.37809E-01 
1.92000E+01 1.59998E-01  8.29298E-05  2.42824E-01 
1.93000E+01 1.64998E-01  8.46940E-05  2.47815E-01 
1.94000E+01 1.69998E-01  8.65267E-05  2.52795E-01 
1.95000E+01 1.74998E-01  8.83051E-05  2.57810E-01 
1.96000E+01 1.79998E-01  9.00512E-05  2.62822E-01 
1.97000E+01 1.84998E-01  9.17466E-05  2.67826E-01 
1.98000E+01 1.89998E-01  9.33743E-05  2.72825E-01 
1.99000E+01 1.94998E-01  9.49428E-05  2.77836E-01 
1.99999E+01 1.99997E-01  9.64553E-05  2.82840E-01 
2.00999E+01 2.04997E-01  9.79041E-05  2.87839E-01 
2.01999E+01 2.09997E-01  9.92543E-05  2.92830E-01 
2.02999E+01 2.14997E-01  1.00571E-04  2.97856E-01 
2.03999E+01 2.19997E-01  1.01867E-04  3.02859E-01 
2.04999E+01 2.24997E-01  1.03237E-04  3.07855E-01 
2.05999E+01 2.29997E-01  1.04829E-04  3.12860E-01 
2.06999E+01 2.34997E-01  1.06637E-04  3.17857E-01 
2.07999E+01 2.39997E-01  1.08750E-04  3.22851E-01 
2.08999E+01 2.44997E-01  1.11298E-04  3.27860E-01 
2.09999E+01 2.49997E-01  1.14243E-04  3.32873E-01 
2.10999E+01 2.54997E-01  1.17519E-04  3.37860E-01 
2.11999E+01 2.59997E-01  1.21036E-04  3.42854E-01 
2.12999E+01 2.64997E-01  1.24616E-04  3.47865E-01 
2.13999E+01 2.69997E-01  1.28319E-04  3.52893E-01 
2.14999E+01 2.74997E-01  1.31912E-04  3.57875E-01 
2.15999E+01 2.79997E-01  1.35344E-04  3.62861E-01 
2.16999E+01 2.84997E-01  1.38348E-04  3.67870E-01 
2.17999E+01 2.89997E-01  1.40907E-04  3.72911E-01 
2.18999E+01 2.94997E-01  1.42923E-04  3.77896E-01 
2.19999E+01 2.99997E-01  1.44173E-04  3.82876E-01 
2.20999E+01 3.04997E-01  1.44453E-04  3.87866E-01 
2.21999E+01 3.09997E-01  1.43296E-04  3.92879E-01 
2.22999E+01 3.14997E-01  1.40918E-04  3.97908E-01 
2.23999E+01 3.19997E-01  1.37191E-04  4.02895E-01 
2.24999E+01 3.24997E-01  1.31904E-04  4.07896E-01 
2.25999E+01 3.29997E-01  1.25099E-04  4.12917E-01 
2.26999E+01 3.34997E-01  1.17369E-04  4.17914E-01 
2.27999E+01 3.39997E-01  1.09211E-04  4.22886E-01 
2.28999E+01 3.44997E-01  1.00343E-04  4.27906E-01 
2.29999E+01 3.49997E-01  9.18112E-05  4.32929E-01 
2.30999E+01 3.54997E-01  8.45243E-05  4.37929E-01 
2.31999E+01 3.59997E-01  7.82958E-05  4.42917E-01 
2.32999E+01 3.64997E-01  7.30391E-05  4.47912E-01 
2.33999E+01 3.69997E-01  6.89024E-05  4.52925E-01 
2.34999E+01 3.74997E-01  6.57337E-05  4.57932E-01 
2.35999E+01 3.79997E-01  6.33858E-05  4.62918E-01 
2.36999E+01 3.84997E-01  6.18667E-05  4.67930E-01 
2.37999E+01 3.89997E-01  6.08067E-05  4.72951E-01 
2.38999E+01 3.94997E-01  6.01325E-05  4.77948E-01 
2.39999E+01 3.99997E-01  5.97368E-05  4.82938E-01 
2.40999E+01 4.04997E-01  5.94574E-05  4.87943E-01 
2.41999E+01 4.09997E-01  5.93621E-05  4.92968E-01 
2.42999E+01 4.14997E-01  5.93540E-05  4.97956E-01 
2.43999E+01 4.19997E-01  5.94531E-05  5.02948E-01 
2.44999E+01 4.24997E-01  5.96095E-05  5.07990E-01 
2.45999E+01 4.29997E-01  5.98380E-05  5.12983E-01 
2.46999E+01 4.34997E-01  6.01696E-05  5.17976E-01 
2.47999E+01 4.39997E-01  6.05596E-05  5.22954E-01 
2.48999E+01 4.44997E-01  6.10182E-05  5.27977E-01 
2.49999E+01 4.49997E-01  6.15077E-05  5.32994E-01 
2.50999E+01 4.54997E-01  6.20074E-05  5.37961E-01 
2.51999E+01 4.59997E-01  6.25186E-05  5.42959E-01 
2.52999E+01 4.64997E-01  6.30353E-05  5.47994E-01 
2.53999E+01 4.69997E-01  6.35466E-05  5.53008E-01 
2.54999E+01 4.74997E-01  6.40127E-05  5.57988E-01 
2.55999E+01 4.79997E-01  6.44702E-05  5.63003E-01 
2.56999E+01 4.84997E-01  6.49381E-05  5.68008E-01 
2.57999E+01 4.89997E-01  6.54185E-05  5.72990E-01 
2.58999E+01 4.94997E-01  6.58775E-05  5.78005E-01 
2.59999E+01 4.99997E-01  6.63015E-05  5.83003E-01 
2.60999E+01 5.04997E-01  6.67076E-05  5.88019E-01 
2.61999E+01 5.09997E-01  6.70671E-05  5.93017E-01 
2.62999E+01 5.14997E-01  6.74112E-05  5.98011E-01 
2.63999E+01 5.19997E-01  6.77518E-05  6.02997E-01 
2.64999E+01 5.24997E-01  6.80411E-05  6.08022E-01 
2.65999E+01 5.29997E-01  6.82869E-05  6.13023E-01 
2.66999E+01 5.34997E-01  6.84726E-05  6.18027E-01 
2.67999E+01 5.39997E-01  6.86112E-05  6.23038E-01 
2.68999E+01 5.44997E-01  6.86919E-05  6.28037E-01 
2.69999E+01 5.49997E-01  6.86714E-05  6.33053E-01 
2.70999E+01 5.54997E-01  6.86098E-05  6.38070E-01 
2.71999E+01 5.59997E-01  6.84941E-05  6.43054E-01 
2.72999E+01 5.64997E-01  6.83264E-05  6.48040E-01 
2.73999E+01 5.69997E-01  6.80828E-05  6.53056E-01 
2.74999E+01 5.74997E-01  6.77548E-05  6.58063E-01 
2.75999E+01 5.79997E-01  6.73958E-05  6.63073E-01 
2.76999E+01 5.84997E-01  6.70134E-05  6.68055E-01 
2.77999E+01 5.89997E-01  6.65295E-05  6.73067E-01 
2.78999E+01 5.94997E-01  6.59772E-05  6.78077E-01 
2.79999E+01 5.99996E-01  6.53805E-05  6.83054E-01 
2.80999E+01 6.04996E-01  6.46645E-05  6.88055E-01 
2.81999E+01 6.09996E-01  6.38859E-05  6.93081E-01 
2.82999E+01 6.14996E-01  6.30609E-05  6.98078E-01 
2.83999E+01 6.19996E-01  6.21684E-05  7.03079E-01 
2.84999E+01 6.24996E-01  6.12050E-05  7.08081E-01 
2.85999E+01 6.29996E-01  6.01916E-05  7.13068E-01 
2.86999E+01 6.34996E-01  5.91476E-05  7.18087E-01 
2.87999E+01 6.39996E-01  5.80703E-05  7.23086E-01 
2.88999E+01 6.44996E-01  5.69955E-05  7.28084E-01 
2.89999E+01 6.49996E-01  5.58709E-05  7.33089E-01 
2.90999E+01 6.54996E-01  5.47642E-05  7.38108E-01 
2.91999E+01 6.59996E-01  5.36695E-05  7.43113E-01 
2.92999E+01 6.64996E-01  5.26189E-05  7.48115E-01 
2.93999E+01 6.69996E-01  5.16538E-05  7.53082E-01 
2.94999E+01 6.74996E-01  5.07725E-05  7.58082E-01 
2.95999E+01 6.79996E-01  4.99836E-05  7.63093E-01 
2.96999E+01 6.84996E-01  4.93057E-05  7.68078E-01 
2.97999E+01 6.89996E-01  4.87277E-05  7.73087E-01 
2.98999E+01 6.94996E-01  4.82439E-05  7.78111E-01 
2.99999E+01 6.99996E-01  4.78068E-05  7.83121E-01 
3.00999E+01 7.04996E-01  4.75068E-05  7.88130E-01 
3.01999E+01 7.09996E-01  4.73068E-05  7.93130E-01 
3.02999E+01 7.14996E-01  4.71022E-05  7.98150E-01 
3.03999E+01 7.19996E-01  4.69834E-05  8.03143E-01 
3.04999E+01 7.24996E-01  4.69125E-05  8.08141E-01 
3.05999E+01 7.29996E-01  4.68217E-05  8.13173E-01 
3.06999E+01 7.34996E-01  4.67688E-05  8.18149E-01 
3.07999E+01 7.39996E-01  4.67456E-05  8.23146E-01 
3.08999E+01 7.44996E-01  4.67653E-05  8.28127E-01 
3.09999E+01 7.49996E-01  4.68029E-05  8.33155E-01 
3.10999E+01 7.54996E-01  4.68547E-05  8.38162E-01 
3.11999E+01 7.59996E-01  4.69122E-05  8.43171E-01 
3.12999E+01 7.64996E-01  4.69911E-05  8.48147E-01 
3.13999E+01 7.69996E-01  4.70867E-05  8.53170E-01 
3.14999E+01 7.74996E-01  4.71925E-05  8.58150E-01 
3.15999E+01 7.79996E-01  4.73157E-05  8.63156E-01 
3.16999E+01 7.84996E-01  4.74459E-05  8.68153E-01 
3.17999E+01 7.89996E-01  4.75772E-05  8.73180E-01 
3.18999E+01 7.94996E-01  4.77153E-05  8.78191E-01 
3.19999E+01 7.99996E-01  4.78661E-05  8.83191E-01 
3.20999E+01 8.04996E-01  4.80229E-05  8.88182E-01 
3.21999E+01 8.09996E-01  4.81888E-05  8.93193E-01 
3.22999E+01 8.14996E-01  4.83610E-05  8.98210E-01 
3.23999E+01 8.19996E-01  4.85370E-05  9.03217E-01 
3.24999E+01 8.24996E-01  4.87127E-05  9.08204E-01 
3.25999E+01 8.29996E-01  4.88993E-05  9.13227E-01 
3.26999E+01 8.34996E-01  4.90885E-05  9.18222E-01 
3.27999E+01 8.39996E-01  4.92712E-05  9.23225E-01 
3.28999E+01 8.44996E-01  4.94645E-05  9.28186E-01 
3.29999E+01 8.49996E-01  4.96714E-05  9.33205E-01 
3.30999E+01 8.54996E-01  4.98948E-05  9.38224E-01 
3.31999E+01 8.59996E-01  5.00740E-05  9.43247E-01 
3.32999E+01 8.64996E-01  5.02787E-05  9.48242E-01 
3.33999E+01 8.69996E-01  5.04828E-05  9.53210E-01 
3.34999E+01 8.74996E-01  5.06966E-05  9.58243E-01 
3.35999E+01 8.79996E-01  5.08964E-05  9.63228E-01 
3.36999E+01 8.84996E-01  5.10912E-05  9.68238E-01 
3.37999E+01 8.89996E-01  5.12876E-05  9.73253E-01 
3.38999E+01 8.94996E-01  5.14717E-05  9.78237E-01 
3.39999E+01 8.99996E-01  5.16636E-05  9.83248E-01 
3.40999E+01 9.04996E-01  5.18441E-05  9.88262E-01 
3.41999E+01 9.09996E-01  5.20324E-05  9.93242E-01 
3.42999E+01 9.14996E-01  5.22137E-05  9.98232E-01 
3.43999E+01 9.19996E-01  5.24038E-05  1.00324E+00 
3.44999E+01 9.24996E-01  5.26025E-05  1.00826E+00 
3.45999E+01 9.29996E-01  5.27925E-05  1.01327E+00 
3.46999E+01 9.34996E-01  5.29787E-05  1.01826E+00 
3.47999E+01 9.39996E-01  5.31474E-05  1.02324E+00 
3.48999E+01 9.44996E-01  5.33192E-05  1.02826E+00 
3.49999E+01 9.49996E-01  5.34941E-05  1.03327E+00 
3.50999E+01 9.54996E-01  5.36570E-05  1.03825E+00 
3.51999E+01 9.59996E-01  5.38179E-05  1.04326E+00 
3.52999E+01 9.64996E-01  5.39621E-05  1.04825E+00 
3.53999E+01 9.69996E-01  5.40953E-05  1.05327E+00 
3.54999E+01 9.74996E-01  5.42238E-05  1.05827E+00 
3.55999E+01 9.79996E-01  5.43599E-05  1.06325E+00 
3.56999E+01 9.84996E-01  5.45004E-05  1.06828E+00 
3.57999E+01 9.89996E-01  5.46447E-05  1.07329E+00 
3.58999E+01 9.94996E-01  5.47883E-05  1.07828E+00 
3.59999E+01 9.99995E-01  5.49394E-05  1.08328E+00 
3.60999E+01 1.00500E+00  5.51000E-05  1.08828E+00 
3.61999E+01 1.01000E+00  5.52624E-05  1.09329E+00 
3.62999E+01 1.01500E+00  5.54314E-05  1.09828E+00 
3.63999E+01 1.02000E+00  5.55932E-05  1.10329E+00 
3.64999E+01 1.02500E+00  5.57508E-05  1.10830E+00 
3.65999E+01 1.03000E+00  5.59125E-05  1.11332E+00 
3.66999E+01 1.03500E+00  5.60766E-05  1.11832E+00 
3.67999E+01 1.04000E+00  5.62592E-05  1.12334E+00 
3.68999E+01 1.04500E+00  5.65404E-05  1.12834E+00 
3.69999E+01 1.05000E+00  5.66377E-05  1.13335E+00 
3.70999E+01 1.05500E+00  5.68138E-05  1.13835E+00 
3.71999E+01 1.06000E+00  5.69769E-05  1.14333E+00 
3.72999E+01 1.06500E+00  5.71418E-05  1.14835E+00 
3.73999E+01 1.07000E+00  5.73105E-05  1.15335E+00 
3.74999E+01 1.07500E+00  5.74835E-05  1.15834E+00 
3.75999E+01 1.08000E+00  5.76955E-05  1.16335E+00 
3.76999E+01 1.08500E+00  5.79228E-05  1.16836E+00 
3.77999E+01 1.09000E+00  5.81937E-05  1.17337E+00 
3.78999E+01 1.09500E+00  5.84572E-05  1.17835E+00 
3.79999E+01 1.10000E+00  5.87424E-05  1.18337E+00 
3.80999E+01 1.10500E+00  5.90413E-05  1.18839E+00 
3.81999E+01 1.11000E+00  5.93627E-05  1.19337E+00 
3.82999E+01 1.11500E+00  5.97025E-05  1.19838E+00 
3.83999E+01 1.12000E+00  6.00660E-05  1.20337E+00 
3.84999E+01 1.12500E+00  6.04399E-05  1.20838E+00 
3.85999E+01 1.13000E+00  6.08122E-05  1.21338E+00 
3.86999E+01 1.13500E+00  6.12105E-05  1.21837E+00 
3.87999E+01 1.14000E+00  6.16236E-05  1.22338E+00 
3.88999E+01 1.14500E+00  6.20533E-05  1.22839E+00 
3.89999E+01 1.15000E+00  6.24890E-05  1.23338E+00 
3.90999E+01 1.15500E+00  6.29280E-05  1.23838E+00 
3.91999E+01 1.16000E+00  6.33912E-05  1.24338E+00 
3.92999E+01 1.16500E+00  6.38562E-05  1.24837E+00 
3.93999E+01 1.17000E+00  6.43268E-05  1.25340E+00 
3.94999E+01 1.17500E+00  6.48453E-05  1.25841E+00 
3.95999E+01 1.18000E+00  6.53747E-05  1.26340E+00 
3.96999E+01 1.18500E+00  6.59408E-05  1.26840E+00 
3.97999E+01 1.19000E+00  6.65244E-05  1.27342E+00 
3.98999E+01 1.19500E+00  6.70752E-05  1.27838E+00 
3.99999E+01 1.19999E+00  6.76321E-05  1.28340E+00 
4.00999E+01 1.20499E+00  6.81780E-05  1.28840E+00 
4.01999E+01 1.20999E+00  6.87628E-05  1.29341E+00 
4.02999E+01 1.21499E+00  6.92944E-05  1.29841E+00 
4.03999E+01 1.21999E+00  6.98183E-05  1.30340E+00 
4.04999E+01 1.22499E+00  7.03607E-05  1.30841E+00 
4.05999E+01 1.22999E+00  7.09307E-05  1.31343E+00 
4.06999E+01 1.23499E+00  7.15176E-05  1.31841E+00 
4.07999E+01 1.23999E+00  7.21047E-05  1.32341E+00 
4.08999E+01 1.24499E+00  7.27343E-05  1.32840E+00 
4.09999E+01 1.24999E+00  7.33643E-05  1.33343E+00 
4.10999E+01 1.25499E+00  7.40173E-05  1.33842E+00 
4.11999E+01 1.25999E+00  7.46666E-05  1.34342E+00 
4.12999E+01 1.26499E+00  7.53121E-05  1.34842E+00 
4.13999E+01 1.26999E+00  7.59453E-05  1.35341E+00 
4.14999E+01 1.27499E+00  7.65981E-05  1.35844E+00 
4.15999E+01 1.27999E+00  7.72568E-05  1.36343E+00 
4.16999E+01 1.28499E+00  7.79330E-05  1.36841E+00 
4.17999E+01 1.28999E+00  7.86388E-05  1.37343E+00 
4.18999E+01 1.29499E+00  7.93777E-05  1.37845E+00 
4.19999E+01 1.29999E+00  8.01524E-05  1.38342E+00 
4.20999E+01 1.30499E+00  8.09908E-05  1.38844E+00 
4.21999E+01 1.30999E+00  8.19175E-05  1.39345E+00 
4.22999E+01 1.31499E+00  8.29254E-05  1.39847E+00 
4.23999E+01 1.31999E+00  8.40206E-05  1.40346E+00 
4.24999E+01 1.32499E+00  8.51662E-05  1.40845E+00 
4.25999E+01 1.32999E+00  8.64073E-05  1.41346E+00 
4.26999E+01 1.33499E+00  8.77791E-05  1.41846E+00 
4.27999E+01 1.33999E+00  8.91375E-05  1.42348E+00 
4.28999E+01 1.34499E+00  9.06206E-05  1.42850E+00 
4.29999E+01 1.34999E+00  9.21883E-05  1.43349E+00 
4.30999E+01 1.35499E+00  9.38256E-05  1.43849E+00 
4.31999E+01 1.35999E+00  9.55465E-05  1.44349E+00 
4.32999E+01 1.36499E+00  9.73419E-05  1.44852E+00 
4.33999E+01 1.36999E+00  9.92165E-05  1.45352E+00 
4.34999E+01 1.37499E+00  1.01151E-04  1.45850E+00 
4.35999E+01 1.37999E+00  1.03160E-04  1.46351E+00 
4.36999E+01 1.38499E+00  1.05239E-04  1.46853E+00 
4.37999E+01 1.38999E+00  1.07390E-04  1.47354E+00 
4.38999E+01 1.39499E+00  1.09605E-04  1.47852E+00 
4.39999E+01 1.39999E+00  1.11893E-04  1.48352E+00 
4.40999E+01 1.40499E+00  1.14245E-04  1.48852E+00 
4.41999E+01 1.40999E+00  1.16678E-04  1.49352E+00 
4.42999E+01 1.41499E+00  1.19188E-04  1.49852E+00 
4.43999E+01 1.41999E+00  1.21749E-04  1.50352E+00 
4.44999E+01 1.42499E+00  1.24392E-04  1.50853E+00 
4.45999E+01 1.42999E+00  1.27115E-04  1.51352E+00 
4.46999E+01 1.43499E+00  1.29905E-04  1.51852E+00 
4.47999E+01 1.43999E+00  1.32746E-04  1.52351E+00 
4.48999E+01 1.44499E+00  1.35659E-04  1.52852E+00 
4.49999E+01 1.44999E+00  1.38621E-04  1.53354E+00 
4.50999E+01 1.45499E+00  1.41640E-04  1.53854E+00 
4.51999E+01 1.45999E+00  1.44715E-04  1.54354E+00 
4.52999E+01 1.46499E+00  1.47807E-04  1.54854E+00 
4.53999E+01 1.46999E+00  1.51001E-04  1.55355E+00 
4.54999E+01 1.47499E+00  1.54245E-04  1.55855E+00 
4.55999E+01 1.47999E+00  1.57529E-04  1.56356E+00 
4.56999E+01 1.48499E+00  1.60880E-04  1.56855E+00 
4.57999E+01 1.48999E+00  1.64256E-04  1.57356E+00 
4.58999E+01 1.49499E+00  1.67648E-04  1.57857E+00 
4.59999E+01 1.49999E+00  1.71070E-04  1.58358E+00 
4.60999E+01 1.50499E+00  1.74543E-04  1.58857E+00 
4.61999E+01 1.50999E+00  1.78020E-04  1.59357E+00 
4.62999E+01 1.51499E+00  1.81539E-04  1.59858E+00 
4.63999E+01 1.51999E+00  1.85086E-04  1.60359E+00 
4.64999E+01 1.52499E+00  1.88696E-04  1.60861E+00 
4.65999E+01 1.52999E+00  1.92319E-04  1.61358E+00 
4.66999E+01 1.53499E+00  1.95924E-04  1.61856E+00 
4.67999E+01 1.53999E+00  1.99587E-04  1.62357E+00 
4.68999E+01 1.54499E+00  2.03248E-04  1.62860E+00 
4.69999E+01 1.54999E+00  2.06954E-04  1.63360E+00 
4.70999E+01 1.55499E+00  2.10637E-04  1.63858E+00 
4.71999E+01 1.55999E+00  2.14845E-04  1.64359E+00 
4.72999E+01 1.56499E+00  2.18531E-04  1.64861E+00 
4.73999E+01 1.56999E+00  2.22298E-04  1.65361E+00 
4.74999E+01 1.57499E+00  2.26044E-04  1.65858E+00 
4.75999E+01 1.57999E+00  2.29799E-04  1.66361E+00 
4.76999E+01 1.58499E+00  2.33598E-04  1.66863E+00 
4.77999E+01 1.58999E+00  2.37412E-04  1.67360E+00 
4.78999E+01 1.59499E+00  2.41260E-04  1.67862E+00 
4.79999E+01 1.59999E+00  2.45059E-04  1.68362E+00 
4.80999E+01 1.60499E+00  2.48889E-04  1.68862E+00 
4.81999E+01 1.60999E+00  2.52727E-04  1.69363E+00 
4.82999E+01 1.61499E+00  2.56633E-04  1.69862E+00 
4.83999E+01 1.61999E+00  2.60553E-04  1.70363E+00 
4.84999E+01 1.62499E+00  2.64420E-04  1.70862E+00 
4.85999E+01 1.62999E+00  2.68292E-04  1.71363E+00 
4.86999E+01 1.63499E+00  2.72236E-04  1.71864E+00 
4.87999E+01 1.63999E+00  2.76053E-04  1.72363E+00 
4.88999E+01 1.64499E+00  2.79906E-04  1.72865E+00 
4.89999E+01 1.64999E+00  2.83727E-04  1.73367E+00 
4.90999E+01 1.65499E+00  2.87563E-04  1.73866E+00 
4.91999E+01 1.65999E+00  2.91354E-04  1.74364E+00 
4.92999E+01 1.66499E+00  2.95162E-04  1.74867E+00 
4.93999E+01 1.66999E+00  2.98990E-04  1.75369E+00 
4.94999E+01 1.67499E+00  3.02772E-04  1.75871E+00 
4.95999E+01 1.67999E+00  3.06593E-04  1.76370E+00 
4.96999E+01 1.68499E+00  3.10388E-04  1.76869E+00 
4.97999E+01 1.68999E+00  3.14141E-04  1.77369E+00 
4.98999E+01 1.69499E+00  3.17907E-04  1.77869E+00 
4.99999E+01 1.69999E+00  3.21641E-04  1.78370E+00 
5.00999E+01 1.70499E+00  3.25333E-04  1.78869E+00 
5.01999E+01 1.70999E+00  3.28954E-04  1.79369E+00 
5.02999E+01 1.71499E+00  3.32528E-04  1.79870E+00 
5.03999E+01 1.71999E+00  3.36122E-04  1.80370E+00 
5.04999E+01 1.72499E+00  3.39597E-04  1.80871E+00 
5.05999E+01 1.72999E+00  3.43101E-04  1.81370E+00 
5.06999E+01 1.73499E+00  3.46528E-04  1.81871E+00 
5.07999E+01 1.73999E+00  3.50017E-04  1.82371E+00 
5.08999E+01 1.74499E+00  3.53574E-04  1.82872E+00 
5.09999E+01 1.74999E+00  3.57024E-04  1.83372E+00 
5.10999E+01 1.75499E+00  3.60357E-04  1.83869E+00 
5.11999E+01 1.75999E+00  3.63666E-04  1.84370E+00 
5.12999E+01 1.76499E+00  3.66874E-04  1.84871E+00 
5.13999E+01 1.76999E+00  3.70075E-04  1.85371E+00 
5.14999E+01 1.77499E+00  3.73276E-04  1.85869E+00 
5.15999E+01 1.77999E+00  3.76417E-04  1.86373E+00 
5.16999E+01 1.78499E+00  3.79437E-04  1.86874E+00 
5.17999E+01 1.78999E+00  3.82292E-04  1.87372E+00 
5.18999E+01 1.79499E+00  3.85133E-04  1.87873E+00 
5.19999E+01 1.79999E+00  3.87947E-04  1.88373E+00 
5.20999E+01 1.79499E+00  3.80217E-04  1.87872E+00 
5.21999E+01 1.78999E+00  3.72888E-04  1.87373E+00 
5.22999E+01 1.78499E+00  3.65854E-04  1.86875E+00 
5.23999E+01 1.77999E+00  3.59223E-04  1.86372E+00 
5.24999E+01 1.77499E+00  3.52537E-04  1.85872E+00 
5.25999E+01 1.76999E+00  3.46065E-04  1.85373E+00 
5.26999E+01 1.76499E+00  3.39654E-04  1.84873E+00 
5.27999E+01 1.75999E+00  3.33297E-04  1.84371E+00 
5.28999E+01 1.75499E+00  3.27132E-04  1.83872E+00 
5.29999E+01 1.74999E+00  3.21060E-04  1.83372E+00 
5.30999E+01 1.74499E+00  3.15016E-04  1.82872E+00 
5.31999E+01 1.73999E+00  3.09048E-04  1.82371E+00 
5.32999E+01 1.73499E+00  3.03209E-04  1.81870E+00 
5.33999E+01 1.72999E+00  2.97333E-04  1.81369E+00 
5.34999E+01 1.72499E+00  2.91581E-04  1.80871E+00 
5.35999E+01 1.71999E+00  2.85883E-04  1.80371E+00 
5.36999E+01 1.71499E+00  2.80240E-04  1.79869E+00 
5.37999E+01 1.70999E+00  2.74699E-04  1.79368E+00 
5.38999E+01 1.70499E+00  2.69256E-04  1.78868E+00 
5.39999E+01 1.69999E+00  2.63891E-04  1.78369E+00 
5.40999E+01 1.69499E+00  2.58613E-04  1.77869E+00 
5.41999E+01 1.68999E+00  2.53394E-04  1.77367E+00 
5.42999E+01 1.68499E+00  2.48291E-04  1.76867E+00 
5.43999E+01 1.67999E+00  2.43228E-04  1.76369E+00 
5.44999E+01 1.67499E+00  2.38260E-04  1.75867E+00 
5.45999E+01 1.66999E+00  2.33300E-04  1.75367E+00 
5.46999E+01 1.66499E+00  2.28170E-04  1.74867E+00 
5.47999E+01 1.65999E+00  2.23450E-04  1.74366E+00 
5.48999E+01 1.65499E+00  2.18824E-04  1.73864E+00 
5.49999E+01 1.64999E+00  2.14244E-04  1.73366E+00 
5.50999E+01 1.64499E+00  2.09687E-04  1.72864E+00 
5.51999E+01 1.63999E+00  2.05157E-04  1.72364E+00 
5.52999E+01 1.63499E+00  2.00751E-04  1.71862E+00 
5.53999E+01 1.62999E+00  1.96349E-04  1.71365E+00 
5.54999E+01 1.62499E+00  1.92045E-04  1.70865E+00 
5.55999E+01 1.61999E+00  1.87848E-04  1.70362E+00 
5.56999E+01 1.61499E+00  1.83693E-04  1.69862E+00 
5.57999E+01 1.60999E+00  1.79573E-04  1.69363E+00 
5.58999E+01 1.60499E+00  1.75508E-04  1.68861E+00 
5.59999E+01 1.59999E+00  1.71493E-04  1.68361E+00 
5.60999E+01 1.59499E+00  1.67549E-04  1.67859E+00 
5.61999E+01 1.58999E+00  1.63655E-04  1.67359E+00 
5.62999E+01 1.58499E+00  1.59830E-04  1.66860E+00 
5.63999E+01 1.57999E+00  1.56051E-04  1.66359E+00 
5.64999E+01 1.57499E+00  1.52357E-04  1.65860E+00 
5.65999E+01 1.56999E+00  1.48711E-04  1.65359E+00 
5.66999E+01 1.56499E+00  1.45091E-04  1.64860E+00 
5.67999E+01 1.55999E+00  1.41572E-04  1.64359E+00 
5.68999E+01 1.55499E+00  1.38082E-04  1.63858E+00 
5.69999E+01 1.54999E+00  1.34657E-04  1.63359E+00 
5.70999E+01 1.54499E+00  1.31328E-04  1.62858E+00 
5.71999E+01 1.53999E+00  1.27961E-04  1.62359E+00 
5.72999E+01 1.53499E+00  1.24656E-04  1.61857E+00 
5.73999E+01 1.52999E+00  1.21403E-04  1.61358E+00 
5.74999E+01 1.52499E+00  1.18192E-04  1.60859E+00 
5.75999E+01 1.51999E+00  1.15146E-04  1.60357E+00 
5.76999E+01 1.51499E+00  1.12094E-04  1.59855E+00 
5.77999E+01 1.50999E+00  1.09089E-04  1.59354E+00 
5.78999E+01 1.50499E+00  1.06082E-04  1.58856E+00 
5.79999E+01 1.49999E+00  1.03115E-04  1.58357E+00 
5.80999E+01 1.49499E+00  1.00256E-04  1.57856E+00 
5.81999E+01 1.48999E+00  9.74601E-05  1.57356E+00 
5.82999E+01 1.48499E+00  9.47027E-05  1.56854E+00 
5.83999E+01 1.47999E+00  9.20047E-05  1.56352E+00 
5.84999E+01 1.47499E+00  8.93279E-05  1.55855E+00 
5.85999E+01 1.46999E+00  8.66761E-05  1.55353E+00 
5.86999E+01 1.46499E+00  8.40878E-05  1.54854E+00 
5.87999E+01 1.45999E+00  8.15227E-05  1.54353E+00 
5.88999E+01 1.45499E+00  7.90259E-05  1.53854E+00 
5.89999E+01 1.44999E+00  7.65622E-05  1.53353E+00 
5.90999E+01 1.44499E+00  7.41581E-05  1.52852E+00 
5.91999E+01 1.43999E+00  7.18179E-05  1.52351E+00 
5.92999E+01 1.43499E+00  6.94319E-05  1.51853E+00 
5.93999E+01 1.42999E+00  6.71962E-05  1.51352E+00 
5.94999E+01 1.42499E+00  6.50421E-05  1.50851E+00 
5.95999E+01 1.41999E+00  6.28951E-05  1.50350E+00 
5.96999E+01 1.41499E+00  6.07785E-05  1.49850E+00 
5.97999E+01 1.40999E+00  5.87679E-05  1.49352E+00 
5.98999E+01 1.40499E+00  5.67430E-05  1.48851E+00 
5.99998E+01 1.39999E+00  5.47833E-05  1.48350E+00 
6.00998E+01 1.39499E+00  5.28841E-05  1.47851E+00 
6.01998E+01 1.38999E+00  5.10216E-05  1.47352E+00 
6.02998E+01 1.38499E+00  4.92009E-05  1.46852E+00 
6.03998E+01 1.37999E+00  4.74246E-05  1.46350E+00 
6.04998E+01 1.37499E+00  4.56901E-05  1.45851E+00 
6.05998E+01 1.36999E+00  4.40115E-05  1.45352E+00 
6.06998E+01 1.36499E+00  4.23694E-05  1.44850E+00 
6.07998E+01 1.35999E+00  4.07831E-05  1.44350E+00 
6.08998E+01 1.35499E+00  3.92327E-05  1.43849E+00 
6.09998E+01 1.34999E+00  3.77220E-05  1.43347E+00 
6.10998E+01 1.34499E+00  3.62728E-05  1.42845E+00 
6.11998E+01 1.33999E+00  3.44104E-05  1.42347E+00 
6.12998E+01 1.33499E+00  3.30542E-05  1.41846E+00 
6.13998E+01 1.32999E+00  3.17426E-05  1.41345E+00 
6.14998E+01 1.32499E+00  3.04696E-05  1.40845E+00 
6.15998E+01 1.31999E+00  2.92421E-05  1.40342E+00 
6.16998E+01 1.31499E+00  2.80573E-05  1.39842E+00 
6.17998E+01 1.30999E+00  2.69144E-05  1.39341E+00 
6.18998E+01 1.30499E+00  2.58081E-05  1.38841E+00 
6.19998E+01 1.29999E+00  2.47558E-05  1.38341E+00 
6.20998E+01 1.29499E+00  2.37361E-05  1.37843E+00 
6.21998E+01 1.28999E+00  2.27522E-05  1.37342E+00 
6.22998E+01 1.28499E+00  2.18148E-05  1.36840E+00 
6.23998E+01 1.27999E+00  2.09147E-05  1.36343E+00 
6.24998E+01 1.27499E+00  2.00466E-05  1.35842E+00 
6.25998E+01 1.26999E+00  1.92220E-05  1.35341E+00 
6.26998E+01 1.26499E+00  1.84186E-05  1.34841E+00 
6.27998E+01 1.25999E+00  1.76588E-05  1.34341E+00 
6.28998E+01 1.25499E+00  1.69276E-05  1.33843E+00 
6.29998E+01 1.24999E+00  1.62360E-05  1.33342E+00 
6.30998E+01 1.24499E+00  1.55940E-05  1.32842E+00 
6.31998E+01 1.23999E+00  1.49614E-05  1.32340E+00 
6.32998E+01 1.23499E+00  1.43707E-05  1.31838E+00 
6.33998E+01 1.22999E+00  1.38006E-05  1.31340E+00 
6.34998E+01 1.22499E+00  1.32684E-05  1.30838E+00 
6.35998E+01 1.21999E+00  1.27551E-05  1.30337E+00 
6.36998E+01 1.21499E+00  1.22736E-05  1.29838E+00 
6.37998E+01 1.20999E+00  1.18111E-05  1.29339E+00 
6.38998E+01 1.20499E+00  1.13746E-05  1.28837E+00 
6.39998E+01 1.19999E+00  1.09532E-05  1.28337E+00 
6.40998E+01 1.19500E+00  1.05517E-05  1.27836E+00 
6.41998E+01 1.19000E+00  1.01725E-05  1.27337E+00 
6.42998E+01 1.18500E+00  9.82523E-06  1.26836E+00 
6.43998E+01 1.18000E+00  9.48907E-06  1.26336E+00 
6.44998E+01 1.17500E+00  9.17039E-06  1.25833E+00 
6.45998E+01 1.17000E+00  8.86579E-06  1.25336E+00 
6.46998E+01 1.16500E+00  8.56716E-06  1.24835E+00 
6.47998E+01 1.16000E+00  8.33350E-06  1.24335E+00 
6.48998E+01 1.15500E+00  8.06516E-06  1.23834E+00 
6.49998E+01 1.15000E+00  7.82327E-06  1.23336E+00 
6.50998E+01 1.14500E+00  7.60377E-06  1.22836E+00 
6.51998E+01 1.14000E+00  7.39135E-06  1.22334E+00 
6.52998E+01 1.13500E+00  7.17773E-06  1.21836E+00 
6.53998E+01 1.13000E+00  6.97625E-06  1.21336E+00 
6.54998E+01 1.12500E+00  6.80199E-06  1.20836E+00 
6.55998E+01 1.12000E+00  6.61484E-06  1.20334E+00 
6.56998E+01 1.11500E+00  6.44303E-06  1.19832E+00 
6.57998E+01 1.11000E+00  6.29979E-06  1.19334E+00 
6.58998E+01 1.10500E+00  6.15317E-06  1.18837E+00 
6.59998E+01 1.10000E+00  6.00899E-06  1.18337E+00 
6.60998E+01 1.09500E+00  5.87419E-06  1.17836E+00 
6.61998E+01 1.09000E+00  5.74110E-06  1.17335E+00 
6.62998E+01 1.08500E+00  5.62093E-06  1.16836E+00 
6.63998E+01 1.08000E+00  5.50588E-06  1.16337E+00 
6.64998E+01 1.07500E+00  5.38566E-06  1.15836E+00 
6.65998E+01 1.07000E+00  5.27941E-06  1.15336E+00 
6.66998E+01 1.06500E+00  5.17206E-06  1.14835E+00 
6.67998E+01 1.06000E+00  5.06144E-06  1.14334E+00 
6.68998E+01 1.05500E+00  4.96789E-06  1.13833E+00 
6.69998E+01 1.05000E+00  4.87378E-06  1.13333E+00 
6.70998E+01 1.04500E+00  4.78418E-06  1.12834E+00 
6.71998E+01 1.04000E+00  4.70113E-06  1.12332E+00 
6.72998E+01 1.03500E+00  4.61765E-06  1.11831E+00 
6.73998E+01 1.03000E+00  4.53109E-06  1.11330E+00 
6.74998E+01 1.02500E+00  4.45179E-06  1.10829E+00 
6.75998E+01 1.02000E+00  4.37743E-06  1.10328E+00 
6.76998E+01 1.01500E+00  4.29995E-06  1.09827E+00 
6.77998E+01 1.01000E+00  4.21637E-06  1.09329E+00 
6.78998E+01 1.00500E+00  4.13446E-06  1.08829E+00 
6.79998E+01 9.99995E-01  4.05881E-06  1.08326E+00 
6.80998E+01 9.94996E-01  3.99675E-06  1.07827E+00 
6.81998E+01 9.89996E-01  3.92502E-06  1.07327E+00 
6.82998E+01 9.84996E-01  3.80406E-06  1.06828E+00 
6.83998E+01 9.79996E-01  3.73610E-06  1.06324E+00 
6.84998E+01 9.74996E-01  3.66886E-06  1.05826E+00 
6.85998E+01 9.69996E-01  3.60802E-06  1.05326E+00 
6.86998E+01 9.64996E-01  3.54577E-06  1.04827E+00 
6.87998E+01 9.59996E-01  3.47828E-06  1.04323E+00 
6.88998E+01 9.54996E-01  3.40692E-06  1.03824E+00 
6.89998E+01 9.49996E-01  3.33492E-06  1.03325E+00 
6.90998E+01 9.44996E-01  3.26030E-06  1.02824E+00 
6.91998E+01 9.39996E-01  3.20207E-06  1.02322E+00 
6.92998E+01 9.34996E-01  3.14264E-06  1.01825E+00 
6.93998E+01 9.29996E-01  3.08303E-06  1.01325E+00 
6.94998E+01 9.24996E-01  3.02336E-06  1.00823E+00 
6.95998E+01 9.19996E-01  2.95591E-06  1.00323E+00 
6.96998E+01 9.14996E-01  2.89380E-06  9.98229E-01 
6.97998E+01 9.09996E-01  2.83009E-06  9.93239E-01 
6.98998E+01 9.04996E-01  2.76736E-06  9.88225E-01 
6.99998E+01 8.99996E-01  2.70496E-06  9.83220E-01 
7.00998E+01 8.94996E-01  2.64232E-06  9.78231E-01 
7.01998E+01 8.89996E-01  2.58381E-06  9.73232E-01 
7.02998E+01 8.84996E-01  2.51030E-06  9.68243E-01 
7.03998E+01 8.79996E-01  2.45400E-06  9.63236E-01 
7.04998E+01 8.74996E-01  2.40106E-06  9.58199E-01 
7.05998E+01 8.69996E-01  2.34249E-06  9.53201E-01 
7.06998E+01 8.64996E-01  2.28287E-06  9.48229E-01 
7.07998E+01 8.59996E-01  2.21886E-06  9.43215E-01 
7.08998E+01 8.54996E-01  2.16218E-06  9.38215E-01 
7.09998E+01 8.49996E-01  2.09735E-06  9.33198E-01 
7.10998E+01 8.44996E-01  2.04155E-06  9.28189E-01 
7.11998E+01 8.39996E-01  1.97946E-06  9.23208E-01 
7.12998E+01 8.34996E-01  1.91848E-06  9.18191E-01 
7.13998E+01 8.29996E-01  1.86403E-06  9.13206E-01 
7.14998E+01 8.24996E-01  1.80069E-06  9.08193E-01 
7.15998E+01 8.19996E-01  1.73038E-06  9.03189E-01 
7.16998E+01 8.14996E-01  1.66912E-06  8.98216E-01 
7.17998E+01 8.09996E-01  1.60775E-06  8.93202E-01 
7.18998E+01 8.04996E-01  1.54535E-06  8.88187E-01 
7.19998E+01 7.99996E-01  1.48142E-06  8.83201E-01 
7.20998E+01 7.94996E-01  1.41362E-06  8.78195E-01 
7.21998E+01 7.89996E-01  1.35342E-06  8.73193E-01 
7.22998E+01 7.84996E-01  1.28879E-06  8.68155E-01 
7.23998E+01 7.79996E-01  1.21810E-06  8.63182E-01 
7.24998E+01 7.74996E-01  1.14464E-06  8.58181E-01 
7.25998E+01 7.69996E-01  1.08149E-06  8.53155E-01 
7.26998E+01 7.64996E-01  1.01270E-06  8.48162E-01 
7.27998E+01 7.59996E-01  9.46783E-07  8.43170E-01 
7.28998E+01 7.54996E-01  8.75837E-07  8.38167E-01 
7.29998E+01 7.49996E-01  8.07669E-07  8.33166E-01 
7.30998E+01 7.44996E-01  7.34530E-07  8.28153E-01 
7.31998E+01 7.39996E-01  6.61358E-07  8.23158E-01 
7.32998E+01 7.34996E-01  5.90985E-07  8.18175E-01 
7.33998E+01 7.29996E-01  5.15190E-07  8.13170E-01 
7.34998E+01 7.24996E-01  4.37319E-07  8.08136E-01 
7.35998E+01 7.19996E-01  3.64092E-07  8.03129E-01 
7.36998E+01 7.14996E-01  2.86021E-07  7.98141E-01 
7.37998E+01 7.09996E-01  2.07298E-07  7.93107E-01 
7.38998E+01 7.04996E-01  1.27541E-07  7.88124E-01 
7.39998E+01 6.99996E-01  4.31443E-08  7.83120E-01 
7.40998E+01 6.94996E-01  -3.08019E-08 7.78109E-01 
7.41998E+01 6.89996E-01  -1.17494E-07 7.73083E-01 
7.42998E+01 6.84996E-01  -2.10188E-07 7.68094E-01 
7.43998E+01 6.79996E-01  -3.10853E-07 7.63110E-01 
7.44998E+01 6.74996E-01  -3.93138E-07 7.58091E-01 
7.45998E+01 6.69996E-01  -4.60616E-07 7.53060E-01 
7.46998E+01 6.64996E-01  -5.43129E-07 7.48089E-01 
7.47998E+01 6.59996E-01  -6.17640E-07 7.43075E-01 
7.48998E+01 6.54996E-01  -7.11450E-07 7.38096E-01 
7.49998E+01 6.49996E-01  -8.07534E-07 7.33086E-01 
7.50998E+01 6.44996E-01  -9.07607E-07 7.28103E-01 
7.51998E+01 6.39996E-01  -1.00126E-06 7.23087E-01 
7.52998E+01 6.34996E-01  -1.10075E-06 7.18073E-01 
7.53998E+01 6.29996E-01  -1.19826E-06 7.13069E-01 
7.54998E+01 6.24996E-01  -1.29866E-06 7.08064E-01 
7.55998E+01 6.19996E-01  -1.39761E-06 7.03072E-01 
7.56998E+01 6.14996E-01  -1.49888E-06 6.98067E-01 
7.57998E+01 6.09996E-01  -1.60593E-06 6.93070E-01 
7.58998E+01 6.04996E-01  -1.71283E-06 6.88043E-01 
7.59998E+01 5.99996E-01  -1.81701E-06 6.83055E-01 
7.60998E+01 5.94997E-01  -1.92364E-06 6.78058E-01 
7.61998E+01 5.89997E-01  -2.02908E-06 6.73049E-01 
7.62998E+01 5.84997E-01  -2.13679E-06 6.68035E-01 
7.63998E+01 5.79997E-01  -2.21929E-06 6.63057E-01 
7.64998E+01 5.74997E-01  -2.31748E-06 6.58066E-01 
7.65998E+01 5.69997E-01  -2.41870E-06 6.53055E-01 
7.66998E+01 5.64997E-01  -2.53273E-06 6.48054E-01 
7.67998E+01 5.59997E-01  -2.65555E-06 6.43059E-01 
7.68998E+01 5.54997E-01  -2.78062E-06 6.38060E-01 
7.69998E+01 5.49997E-01  -2.89576E-06 6.33031E-01 
7.70998E+01 5.44997E-01  -2.99727E-06 6.28027E-01 
7.71998E+01 5.39997E-01  -3.13812E-06 6.23014E-01 
7.72998E+01 5.34997E-01  -3.24228E-06 6.18012E-01 
7.73998E+01 5.29997E-01  -3.35600E-06 6.13015E-01 
7.74998E+01 5.24997E-01  -3.47717E-06 6.08025E-01 
7.75998E+01 5.19997E-01  -3.60102E-06 6.03010E-01 
7.76998E+01 5.14997E-01  -3.72147E-06 5.98018E-01 
7.77998E+01 5.09997E-01  -3.83751E-06 5.93014E-01 
7.78998E+01 5.04997E-01  -3.95773E-06 5.88011E-01 
7.79998E+01 4.99997E-01  -4.07658E-06 5.82979E-01 
7.80998E+01 4.94997E-01  -4.19685E-06 5.78016E-01 
7.81998E+01 4.89997E-01  -4.31745E-06 5.72998E-01 
7.82998E+01 4.84997E-01  -4.45835E-06 5.67996E-01 
7.83998E+01 4.79997E-01  -4.59967E-06 5.62981E-01 
7.84998E+01 4.74997E-01  -4.73100E-06 5.58000E-01 
7.85998E+01 4.69997E-01  -4.88745E-06 5.53022E-01 
7.86998E+01 4.64997E-01  -5.04743E-06 5.47999E-01 
7.87998E+01 4.59997E-01  -5.20561E-06 5.42995E-01 
7.88998E+01 4.54997E-01  -5.37381E-06 5.37987E-01 
7.89998E+01 4.49997E-01  -5.54712E-06 5.32996E-01 
7.90998E+01 4.44997E-01  -5.74170E-06 5.27980E-01 
7.91998E+01 4.39997E-01  -5.93947E-06 5.22982E-01 
7.92998E+01 4.34997E-01  -6.14690E-06 5.17973E-01 
7.93998E+01 4.29997E-01  -6.35880E-06 5.12984E-01 
7.94998E+01 4.24997E-01  -6.58097E-06 5.07974E-01 
7.95998E+01 4.19997E-01  -6.82727E-06 5.02953E-01 
7.96998E+01 4.14997E-01  -7.06859E-06 4.97961E-01 
7.97998E+01 4.09997E-01  -7.30749E-06 4.92971E-01 
7.98998E+01 4.04997E-01  -7.57797E-06 4.87959E-01 
7.99998E+01 3.99997E-01  -7.79335E-06 4.82943E-01 
8.00998E+01 3.94997E-01  -8.16194E-06 4.77939E-01 
8.01998E+01 3.89997E-01  -8.48930E-06 4.72919E-01 
8.02998E+01 3.84997E-01  -8.81960E-06 4.67927E-01 
8.03998E+01 3.79997E-01  -9.16066E-06 4.62922E-01 
8.04998E+01 3.74997E-01  -9.52915E-06 4.57934E-01 
8.05998E+01 3.69997E-01  -9.92994E-06 4.52900E-01 
8.06998E+01 3.64997E-01  -1.03405E-05 4.47901E-01 
8.07998E+01 3.59997E-01  -1.07965E-05 4.42923E-01 
8.08998E+01 3.54997E-01  -1.12498E-05 4.37916E-01 
8.09998E+01 3.49997E-01  -1.22138E-05 4.32903E-01 
8.10998E+01 3.44997E-01  -1.26288E-05 4.27894E-01 
8.11998E+01 3.39997E-01  -1.30695E-05 4.22910E-01 
8.12998E+01 3.34997E-01  -1.36216E-05 4.17915E-01 
8.13998E+01 3.29997E-01  -1.40679E-05 4.12911E-01 
8.14998E+01 3.24997E-01  -1.45528E-05 4.07898E-01 
8.15998E+01 3.19997E-01  -1.50936E-05 4.02919E-01 
8.16998E+01 3.14997E-01  -1.59569E-05 3.97895E-01 
8.17998E+01 3.09997E-01  -1.68589E-05 3.92899E-01 
8.18998E+01 3.04997E-01  -1.73704E-05 3.87898E-01 
8.19998E+01 2.99997E-01  -1.83257E-05 3.82907E-01 
8.20998E+01 2.94997E-01  -1.88655E-05 3.77910E-01 
8.21998E+01 2.89997E-01  -1.94169E-05 3.72889E-01 
8.22998E+01 2.84997E-01  -2.00288E-05 3.67896E-01 
8.23998E+01 2.79997E-01  -2.06287E-05 3.62887E-01 
8.24998E+01 2.74997E-01  -2.12397E-05 3.57868E-01 
8.25998E+01 2.69997E-01  -2.18431E-05 3.52870E-01 
8.26998E+01 2.64997E-01  -2.24948E-05 3.47866E-01 
8.27998E+01 2.59997E-01  -2.32764E-05 3.42894E-01 
8.28998E+01 2.54997E-01  -2.40358E-05 3.37878E-01 
8.29998E+01 2.49997E-01  -2.47282E-05 3.32881E-01 
8.30998E+01 2.44997E-01  -2.55091E-05 3.27878E-01 
8.31998E+01 2.39997E-01  -2.62809E-05 3.22868E-01 
8.32998E+01 2.34997E-01  -2.70524E-05 3.17875E-01 
8.33998E+01 2.29997E-01  -2.78117E-05 3.12849E-01 
8.34998E+01 2.24997E-01  -2.85507E-05 3.07854E-01 
8.35998E+01 2.19997E-01  -2.93043E-05 3.02852E-01 
8.36998E+01 2.14997E-01  -3.00472E-05 2.97832E-01 
8.37998E+01 2.09997E-01  -3.07941E-05 2.92835E-01 
8.38998E+01 2.04997E-01  -3.15724E-05 2.87856E-01 
8.39998E+01 1.99997E-01  -3.23791E-05 2.82847E-01 
8.40998E+01 1.94998E-01  -3.31363E-05 2.77842E-01 
8.41998E+01 1.89998E-01  -3.38682E-05 2.72833E-01 
8.42998E+01 1.84998E-01  -3.46107E-05 2.67834E-01 
8.43998E+01 1.79998E-01  -3.53497E-05 2.62836E-01 
8.44998E+01 1.74998E-01  -3.60661E-05 2.57829E-01 
8.45998E+01 1.69998E-01  -3.67574E-05 2.52823E-01 
8.46998E+01 1.64998E-01  -3.74866E-05 2.47829E-01 
8.47998E+01 1.59998E-01  -3.81722E-05 2.42829E-01 
8.48998E+01 1.54998E-01  -3.87622E-05 2.37838E-01 
8.49998E+01 1.49998E-01  -3.93139E-05 2.32819E-01 
8.50998E+01 1.44998E-01  -3.99020E-05 2.27818E-01 
8.51998E+01 1.39998E-01  -4.05585E-05 2.22829E-01 
8.52998E+01 1.34998E-01  -4.11293E-05 2.17836E-01 
8.53998E+01 1.29998E-01  -4.16845E-05 2.12809E-01 
8.54998E+01 1.24998E-01  -4.21968E-05 2.07795E-01 
8.55998E+01 1.19998E-01  -4.26886E-05 2.02794E-01 
8.56998E+01 1.14998E-01  -4.32136E-05 1.97813E-01 
8.57998E+01 1.09998E-01  -4.37563E-05 1.92787E-01 
8.58998E+01 1.04998E-01  -4.42822E-05 1.87795E-01 
8.59998E+01 9.99977E-02  -4.47793E-05 1.82783E-01 
8.60998E+01 9.49978E-02  -4.52680E-05 1.77803E-01 
8.61998E+01 8.99978E-02  -4.57557E-05 1.72784E-01 
8.62998E+01 8.49978E-02  -4.62430E-05 1.67773E-01 
8.63998E+01 7.99978E-02  -4.67246E-05 1.62780E-01 
8.64998E+01 7.49978E-02  -4.72059E-05 1.57771E-01 
8.65998E+01 6.99978E-02  -4.77053E-05 1.52780E-01 
8.66998E+01 6.49978E-02  -4.81737E-05 1.47759E-01 
8.67998E+01 5.99978E-02  -4.86144E-05 1.42775E-01 
8.68998E+01 5.49979E-02  -4.90656E-05 1.37737E-01 
8.69998E+01 4.99979E-02  -4.95239E-05 1.32741E-01 
8.70998E+01 4.49979E-02  -4.99540E-05 1.27760E-01 
8.71998E+01 3.99979E-02  -5.03503E-05 1.22757E-01 
8.72998E+01 3.49979E-02  -5.07155E-05 1.17758E-01 
8.73998E+01 2.99979E-02  -5.10298E-05 1.12731E-01 
8.74998E+01 2.49979E-02  -5.13667E-05 1.07746E-01 
8.75998E+01 1.99979E-02  -5.17964E-05 1.02745E-01 
8.76998E+01 1.49980E-02  -5.22115E-05 9.77632E-02 
8.77998E+01 9.99797E-03  -5.25287E-05 9.27304E-02 
8.78998E+01 4.99799E-03  -5.28068E-05 8.77351E-02 
8.79998E+01 -2.00000E-06 -5.30579E-05 8.27598E-02 
8.80998E+01 -5.00199E-03 -5.33200E-05 7.77314E-02 
8.81998E+01 -1.00020E-02 -5.35780E-05 7.27486E-02 
8.82998E+01 -1.50020E-02 -5.38377E-05 6.77102E-02 
8.83998E+01 -2.00020E-02 -5.40912E-05 6.27343E-02 
8.84998E+01 -2.50019E-02 -5.43367E-05 5.77190E-02 
8.85998E+01 -3.00019E-02 -5.45877E-05 5.27199E-02 
8.86998E+01 -3.50019E-02 -5.48445E-05 4.77034E-02 
8.87998E+01 -4.00019E-02 -5.50803E-05 4.27212E-02 
8.88998E+01 -4.50019E-02 -5.52834E-05 3.77265E-02 
8.89998E+01 -5.00019E-02 -5.54854E-05 3.27006E-02 
8.90998E+01 -5.50019E-02 -5.57287E-05 2.76947E-02 
8.91998E+01 -6.00019E-02 -5.60239E-05 2.27144E-02 
8.92998E+01 -6.50018E-02 -5.63286E-05 1.77147E-02 
8.93998E+01 -7.00018E-02 -5.66034E-05 1.27119E-02 
8.94998E+01 -7.50018E-02 -5.68886E-05 7.70413E-03 
8.95998E+01 -8.00018E-02 -5.71983E-05 2.71197E-03 
8.96998E+01 -8.50018E-02 -5.74956E-05 -2.27771E-03
8.97998E+01 -9.00018E-02 -5.77835E-05 -7.29984E-03
8.98998E+01 -9.50018E-02 -5.80568E-05 -1.23145E-02
8.99998E+01 -1.00002E-01 -5.83314E-05 -1.73229E-02
9.00998E+01 -1.05002E-01 -5.86304E-05 -2.23307E-02
9.01998E+01 -1.10002E-01 -5.89458E-05 -2.73129E-02
9.02998E+01 -1.15002E-01 -5.92528E-05 -3.23251E-02
9.03998E+01 -1.20002E-01 -5.95392E-05 -3.73304E-02
9.04998E+01 -1.25002E-01 -5.98342E-05 -4.23519E-02
9.05998E+01 -1.30002E-01 -6.01459E-05 -4.73128E-02
9.06998E+01 -1.35002E-01 -6.04736E-05 -5.23107E-02
9.07998E+01 -1.40002E-01 -6.08070E-05 -5.73241E-02
9.08998E+01 -1.45002E-01 -6.11641E-05 -6.23406E-02
9.09998E+01 -1.50002E-01 -6.15450E-05 -6.73228E-02
9.10998E+01 -1.55002E-01 -6.19385E-05 -7.23381E-02
9.11998E+01 -1.60002E-01 -6.23263E-05 -7.73583E-02
9.12998E+01 -1.65002E-01 -6.27038E-05 -8.23611E-02
9.13998E+01 -1.70002E-01 -6.31330E-05 -8.73308E-02
9.14998E+01 -1.75002E-01 -6.36031E-05 -9.23524E-02
9.15998E+01 -1.80002E-01 -6.41249E-05 -9.73689E-02
9.16998E+01 -1.85002E-01 -6.47045E-05 -1.02376E-01
9.17998E+01 -1.90002E-01 -6.53380E-05 -1.07354E-01
9.18998E+01 -1.95002E-01 -6.59903E-05 -1.12365E-01
9.19998E+01 -2.00002E-01 -6.67833E-05 -1.17375E-01
9.20998E+01 -2.05001E-01 -6.76737E-05 -1.22372E-01
9.21998E+01 -2.10001E-01 -6.86746E-05 -1.27364E-01
9.22998E+01 -2.15001E-01 -6.97968E-05 -1.32352E-01
9.23998E+01 -2.20001E-01 -7.10328E-05 -1.37374E-01
9.24998E+01 -2.25001E-01 -7.23416E-05 -1.42395E-01
9.25998E+01 -2.30001E-01 -7.37159E-05 -1.47386E-01
9.26998E+01 -2.35001E-01 -7.51213E-05 -1.52367E-01
9.27998E+01 -2.40001E-01 -7.65449E-05 -1.57372E-01
9.28998E+01 -2.45001E-01 -7.79756E-05 -1.62367E-01
9.29998E+01 -2.50001E-01 -7.94368E-05 -1.67378E-01
9.30998E+01 -2.55001E-01 -8.09122E-05 -1.72401E-01
9.31998E+01 -2.60001E-01 -8.24183E-05 -1.77419E-01
9.32998E+01 -2.65001E-01 -8.39469E-05 -1.82396E-01
9.33998E+01 -2.70001E-01 -8.54923E-05 -1.87401E-01
9.34998E+01 -2.75001E-01 -8.70606E-05 -1.92390E-01
9.35998E+01 -2.80001E-01 -8.86559E-05 -1.97406E-01
9.36998E+01 -2.85001E-01 -9.02590E-05 -2.02428E-01
9.37998E+01 -2.90001E-01 -9.18993E-05 -2.07395E-01
9.38998E+01 -2.95001E-01 -9.35312E-05 -2.12408E-01
9.39998E+01 -3.00001E-01 -9.51012E-05 -2.17423E-01
9.40998E+01 -3.05001E-01 -9.67131E-05 -2.22412E-01
9.41998E+01 -3.10001E-01 -9.82781E-05 -2.27417E-01
9.42998E+01 -3.15001E-01 -9.97741E-05 -2.32410E-01
9.43998E+01 -3.20001E-01 -1.01274E-04 -2.37422E-01
9.44998E+01 -3.25001E-01 -1.02737E-04 -2.42442E-01
9.45998E+01 -3.30001E-01 -1.04180E-04 -2.47450E-01
9.46998E+01 -3.35001E-01 -1.05568E-04 -2.52432E-01
9.47998E+01 -3.40001E-01 -1.06889E-04 -2.57422E-01
9.48998E+01 -3.45001E-01 -1.08214E-04 -2.62463E-01
9.49998E+01 -3.50001E-01 -1.09503E-04 -2.67459E-01
9.50998E+01 -3.55001E-01 -1.10752E-04 -2.72429E-01
9.51998E+01 -3.60001E-01 -1.11956E-04 -2.77463E-01
9.52998E+01 -3.65001E-01 -1.13113E-04 -2.82473E-01
9.53998E+01 -3.70001E-01 -1.14214E-04 -2.87451E-01
9.54998E+01 -3.75001E-01 -1.15286E-04 -2.92435E-01
9.55998E+01 -3.80001E-01 -1.16316E-04 -2.97452E-01
9.56998E+01 -3.85001E-01 -1.17307E-04 -3.02497E-01
9.57998E+01 -3.90001E-01 -1.18265E-04 -3.07473E-01
9.58998E+01 -3.95001E-01 -1.19184E-04 -3.12455E-01
9.59998E+01 -4.00001E-01 -1.20071E-04 -3.17477E-01
9.60998E+01 -4.05001E-01 -1.20926E-04 -3.22471E-01
9.61998E+01 -4.10001E-01 -1.21747E-04 -3.27485E-01
9.62998E+01 -4.15001E-01 -1.22553E-04 -3.32477E-01
9.63998E+01 -4.20001E-01 -1.23305E-04 -3.37479E-01
9.64998E+01 -4.25001E-01 -1.24044E-04 -3.42474E-01
9.65998E+01 -4.30001E-01 -1.24755E-04 -3.47520E-01
9.66998E+01 -4.35001E-01 -1.25453E-04 -3.52528E-01
9.67998E+01 -4.40001E-01 -1.26119E-04 -3.57522E-01
9.68998E+01 -4.45001E-01 -1.26749E-04 -3.62528E-01
9.69998E+01 -4.50001E-01 -1.27374E-04 -3.67518E-01
9.70998E+01 -4.55001E-01 -1.28001E-04 -3.72532E-01
9.71998E+01 -4.60001E-01 -1.28568E-04 -3.77530E-01
9.72998E+01 -4.65001E-01 -1.29129E-04 -3.82525E-01
9.73998E+01 -4.70001E-01 -1.29701E-04 -3.87549E-01
9.74998E+01 -4.75001E-01 -1.30239E-04 -3.92544E-01
9.75998E+01 -4.80001E-01 -1.30743E-04 -3.97538E-01
9.76998E+01 -4.85001E-01 -1.31237E-04 -4.02531E-01
9.77998E+01 -4.90001E-01 -1.31760E-04 -4.07538E-01
9.78998E+01 -4.95001E-01 -1.32213E-04 -4.12549E-01
9.79998E+01 -5.00001E-01 -1.32686E-04 -4.17548E-01
9.80998E+01 -5.05001E-01 -1.33148E-04 -4.22524E-01
9.81998E+01 -5.10001E-01 -1.33625E-04 -4.27526E-01
9.82998E+01 -5.15001E-01 -1.34084E-04 -4.32542E-01
9.83998E+01 -5.20001E-01 -1.34569E-04 -4.37562E-01
9.84998E+01 -5.25001E-01 -1.35026E-04 -4.42545E-01
9.85998E+01 -5.30001E-01 -1.35494E-04 -4.47552E-01
9.86998E+01 -5.35001E-01 -1.35962E-04 -4.52532E-01
9.87998E+01 -5.40001E-01 -1.36463E-04 -4.57587E-01
9.88998E+01 -5.45001E-01 -1.36994E-04 -4.62552E-01
9.89998E+01 -5.50001E-01 -1.37495E-04 -4.67549E-01
9.90998E+01 -5.55001E-01 -1.37914E-04 -4.72546E-01
9.91998E+01 -5.60001E-01 -1.38416E-04 -4.77547E-01
9.92998E+01 -5.65001E-01 -1.38897E-04 -4.82543E-01
9.93998E+01 -5.70001E-01 -1.39396E-04 -4.87574E-01
9.94998E+01 -5.75001E-01 -1.39910E-04 -4.92548E-01
9.95998E+01 -5.80001E-01 -1.40506E-04 -4.97580E-01
9.96998E+01 -5.85001E-01 -1.41004E-04 -5.02553E-01
9.97998E+01 -5.90001E-01 -1.41569E-04 -5.07573E-01
9.98998E+01 -5.95001E-01 -1.42106E-04 -5.12593E-01
9.99997E+01 -6.00001E-01 -1.42679E-04 -5.17582E-01
1.00100E+02 -6.05000E-01 -1.43236E-04 -5.22568E-01
1.00200E+02 -6.10000E-01 -1.43849E-04 -5.27595E-01
1.00300E+02 -6.15000E-01 -1.44419E-04 -5.32571E-01
1.00400E+02 -6.20000E-01 -1.45028E-04 -5.37586E-01
1.00500E+02 -6.25000E-01 -1.45697E-04 -5.42564E-01
1.00600E+02 -6.30000E-01 -1.46343E-04 -5.47592E-01
1.00700E+02 -6.35000E-01 -1.47008E-04 -5.52619E-01
1.00800E+02 -6.40000E-01 -1.47709E-04 -5.57592E-01
1.00900E+02 -6.45000E-01 -1.48452E-04 -5.62587E-01
1.01000E+02 -6.50000E-01 -1.49146E-04 -5.67616E-01
1.01100E+02 -6.55000E-01 -1.49799E-04 -5.72615E-01
1.01200E+02 -6.60000E-01 -1.50532E-04 -5.77605E-01
1.01300E+02 -6.65000E-01 -1.51256E-04 -5.82603E-01
1.01400E+02 -6.70000E-01 -1.51915E-04 -5.87609E-01
1.01500E+02 -6.75000E-01 -1.52673E-04 -5.92622E-01
1.01600E+02 -6.80000E-01 -1.53328E-04 -5.97611E-01
1.01700E+02 -6.85000E-01 -1.54102E-04 -6.02632E-01
1.01800E+02 -6.90000E-01 -1.54895E-04 -6.07620E-01
1.01900E+02 -6.95000E-01 -1.55546E-04 -6.12634E-01
1.02000E+02 -7.00000E-01 -1.56287E-04 -6.17623E-01
1.02100E+02 -7.05000E-01 -1.56913E-04 -6.22632E-01
1.02200E+02 -7.10000E-01 -1.57569E-04 -6.27645E-01
1.02300E+02 -7.15000E-01 -1.58267E-04 -6.32633E-01
1.02400E+02 -7.20000E-01 -1.58975E-04 -6.37656E-01
1.02500E+02 -7.25000E-01 -1.59583E-04 -6.42640E-01
1.02600E+02 -7.30000E-01 -1.60056E-04 -6.47637E-01
1.02700E+02 -7.35000E-01 -1.60645E-04 -6.52675E-01
1.02800E+02 -7.40000E-01 -1.61247E-04 -6.57705E-01
1.02900E+02 -7.45000E-01 -1.61832E-04 -6.62664E-01
1.03000E+02 -7.50000E-01 -1.62422E-04 -6.67653E-01
1.03100E+02 -7.55000E-01 -1.63003E-04 -6.72651E-01
1.03200E+02 -7.60000E-01 -1.63587E-04 -6.77696E-01
1.03300E+02 -7.65000E-01 -1.64158E-04 -6.82668E-01
1.03400E+02 -7.70000E-01 -1.64815E-04 -6.87652E-01
1.03500E+02 -7.75000E-01 -1.65418E-04 -6.92671E-01
1.03600E+02 -7.80000E-01 -1.66074E-04 -6.97687E-01
1.03700E+02 -7.85000E-01 -1.66741E-04 -7.02681E-01
1.03800E+02 -7.90000E-01 -1.67481E-04 -7.07661E-01
1.03900E+02 -7.95000E-01 -1.67945E-04 -7.12686E-01
