time/s      E/V        I/A
0.00000E+00 -8.00000E-01 -4.66038E-05 -7.15466E-01
9.99997E-02 -7.95000E-01 -4.47993E-05 -7.10456E-01
1.99999E-01 -7.90000E-01 -4.33598E-05 -7.05486E-01
2.99999E-01 -7.85000E-01 -4.20928E-05 -7.00478E-01
3.99999E-01 -7.80000E-01 -4.09461E-05 -6.95488E-01
4.99999E-01 -7.75000E-01 -3.98797E-05 -6.90440E-01
5.99998E-01 -7.70000E-01 -3.88765E-05 -6.85451E-01
6.99998E-01 -7.65000E-01 -3.79496E-05 -6.80477E-01
7.99998E-01 -7.60000E-01 -3.74365E-05 -6.75463E-01
8.99998E-01 -7.55000E-01 -3.65894E-05 -6.70454E-01
9.99997E-01 -7.50000E-01 -3.57909E-05 -6.65456E-01
1.10000E+00 -7.45000E-01 -3.50101E-05 -6.60454E-01
1.20000E+00 -7.40000E-01 -3.42658E-05 -6.55451E-01
1.30000E+00 -7.35000E-01 -3.35398E-05 -6.50449E-01
1.40000E+00 -7.30000E-01 -3.28438E-05 -6.45435E-01
1.50000E+00 -7.25000E-01 -3.21712E-05 -6.40444E-01
1.60000E+00 -7.20000E-01 -3.15195E-05 -6.35427E-01
1.70000E+00 -7.15000E-01 -3.08830E-05 -6.30429E-01
1.80000E+00 -7.10000E-01 -3.02668E-05 -6.25443E-01
1.90000E+00 -7.05000E-01 -2.96654E-05 -6.20435E-01
1.99999E+00 -7.00000E-01 -2.90827E-05 -6.15464E-01
2.09999E+00 -6.95000E-01 -2.85067E-05 -6.10417E-01
2.19999E+00 -6.90000E-01 -2.79625E-05 -6.05405E-01
2.29999E+00 -6.85000E-01 -2.74456E-05 -6.00417E-01
2.39999E+00 -6.80000E-01 -2.69066E-05 -5.95427E-01
2.49999E+00 -6.75000E-01 -2.63788E-05 -5.90411E-01
2.59999E+00 -6.70000E-01 -2.58691E-05 -5.85392E-01
2.69999E+00 -6.65000E-01 -2.53736E-05 -5.80399E-01
2.79999E+00 -6.60000E-01 -2.48735E-05 -5.75407E-01
2.89999E+00 -6.55000E-01 -2.43871E-05 -5.70391E-01
2.99999E+00 -6.50000E-01 -2.39141E-05 -5.65384E-01
3.09999E+00 -6.45000E-01 -2.34424E-05 -5.60388E-01
3.19999E+00 -6.40000E-01 -2.29878E-05 -5.55385E-01
3.29999E+00 -6.35000E-01 -2.25349E-05 -5.50395E-01
3.39999E+00 -6.30000E-01 -2.20933E-05 -5.45368E-01
3.49999E+00 -6.25000E-01 -2.16577E-05 -5.40372E-01
3.59999E+00 -6.20000E-01 -2.12298E-05 -5.35370E-01
3.69999E+00 -6.15000E-01 -2.08037E-05 -5.30395E-01
3.79999E+00 -6.10000E-01 -2.03971E-05 -5.25358E-01
3.89999E+00 -6.05000E-01 -1.99892E-05 -5.20352E-01
3.99999E+00 -6.00001E-01 -1.95875E-05 -5.15366E-01
4.09999E+00 -5.95001E-01 -1.91975E-05 -5.10372E-01
4.19999E+00 -5.90001E-01 -1.88019E-05 -5.05355E-01
4.29999E+00 -5.85001E-01 -1.84218E-05 -5.00340E-01
4.39999E+00 -5.80001E-01 -1.80505E-05 -4.95354E-01
4.49999E+00 -5.75001E-01 -1.76828E-05 -4.90357E-01
4.59999E+00 -5.70001E-01 -1.73212E-05 -4.85361E-01
4.69999E+00 -5.65001E-01 -1.69649E-05 -4.80348E-01
4.79999E+00 -5.60001E-01 -1.66236E-05 -4.75323E-01
4.89999E+00 -5.55001E-01 -1.62800E-05 -4.70333E-01
4.99999E+00 -5.50001E-01 -1.59437E-05 -4.65295E-01
5.09999E+00 -5.45001E-01 -1.56235E-05 -4.60321E-01
5.19999E+00 -5.40001E-01 -1.52999E-05 -4.55312E-01
5.29999E+00 -5.35001E-01 -1.49774E-05 -4.50306E-01
5.39999E+00 -5.30001E-01 -1.46719E-05 -4.45308E-01
5.49999E+00 -5.25001E-01 -1.43713E-05 -4.40309E-01
5.59999E+00 -5.20001E-01 -1.40708E-05 -4.35304E-01
5.69999E+00 -5.15001E-01 -1.37761E-05 -4.30289E-01
5.79999E+00 -5.10001E-01 -1.34914E-05 -4.25292E-01
5.89999E+00 -5.05001E-01 -1.31951E-05 -4.20295E-01
5.99998E+00 -5.00001E-01 -1.29128E-05 -4.15298E-01
6.09998E+00 -4.95001E-01 -1.26326E-05 -4.10286E-01
6.19998E+00 -4.90001E-01 -1.23539E-05 -4.05273E-01
6.29998E+00 -4.85001E-01 -1.20850E-05 -4.00290E-01
6.39998E+00 -4.80001E-01 -1.18139E-05 -3.95302E-01
6.49998E+00 -4.75001E-01 -1.15463E-05 -3.90288E-01
6.59998E+00 -4.70001E-01 -1.12823E-05 -3.85292E-01
6.69998E+00 -4.65001E-01 -1.10246E-05 -3.80290E-01
6.79998E+00 -4.60001E-01 -1.07674E-05 -3.75291E-01
6.89998E+00 -4.55001E-01 -1.05083E-05 -3.70277E-01
6.99998E+00 -4.50001E-01 -1.02518E-05 -3.65280E-01
7.09998E+00 -4.45001E-01 -1.00019E-05 -3.60290E-01
7.19998E+00 -4.40001E-01 -9.75092E-06 -3.55291E-01
7.29998E+00 -4.35001E-01 -9.50335E-06 -3.50283E-01
7.39998E+00 -4.30001E-01 -9.25726E-06 -3.45245E-01
7.49998E+00 -4.25001E-01 -9.00872E-06 -3.40280E-01
7.59998E+00 -4.20001E-01 -8.76761E-06 -3.35276E-01
7.69998E+00 -4.15001E-01 -8.52752E-06 -3.30266E-01
7.79998E+00 -4.10001E-01 -8.29115E-06 -3.25260E-01
7.89998E+00 -4.05001E-01 -8.05850E-06 -3.20252E-01
7.99998E+00 -4.00001E-01 -7.82389E-06 -3.15223E-01
8.09998E+00 -3.95001E-01 -7.59204E-06 -3.10236E-01
8.19998E+00 -3.90001E-01 -7.36550E-06 -3.05254E-01
8.29998E+00 -3.85001E-01 -7.13825E-06 -3.00239E-01
8.39998E+00 -3.80001E-01 -6.91511E-06 -2.95247E-01
8.49998E+00 -3.75001E-01 -6.69186E-06 -2.90241E-01
8.59998E+00 -3.70001E-01 -6.46866E-06 -2.85243E-01
8.69998E+00 -3.65001E-01 -6.24834E-06 -2.80240E-01
8.79998E+00 -3.60001E-01 -6.03030E-06 -2.75214E-01
8.89998E+00 -3.55001E-01 -5.81367E-06 -2.70215E-01
8.99998E+00 -3.50001E-01 -5.59455E-06 -2.65207E-01
9.09998E+00 -3.45001E-01 -5.38115E-06 -2.60241E-01
9.19998E+00 -3.40001E-01 -5.16496E-06 -2.55220E-01
9.29998E+00 -3.35001E-01 -4.94796E-06 -2.50205E-01
9.39998E+00 -3.30001E-01 -4.73206E-06 -2.45232E-01
9.49998E+00 -3.25001E-01 -4.51886E-06 -2.40231E-01
9.59998E+00 -3.20001E-01 -4.30384E-06 -2.35214E-01
9.69998E+00 -3.15001E-01 -4.08302E-06 -2.30203E-01
9.79998E+00 -3.10001E-01 -3.86205E-06 -2.25186E-01
9.89998E+00 -3.05001E-01 -3.64382E-06 -2.20216E-01
9.99997E+00 -3.00001E-01 -3.42198E-06 -2.15192E-01
1.01000E+01 -2.95001E-01 -3.23350E-06 -2.10177E-01
1.02000E+01 -2.90001E-01 -3.00765E-06 -2.05161E-01
1.03000E+01 -2.85001E-01 -2.78296E-06 -2.00185E-01
1.04000E+01 -2.80001E-01 -2.55595E-06 -1.95163E-01
1.05000E+01 -2.75001E-01 -2.32540E-06 -1.90169E-01
1.06000E+01 -2.70001E-01 -2.09428E-06 -1.85175E-01
1.07000E+01 -2.65001E-01 -1.85965E-06 -1.80172E-01
1.08000E+01 -2.60001E-01 -1.62531E-06 -1.75136E-01
1.09000E+01 -2.55001E-01 -1.38914E-06 -1.70155E-01
1.10000E+01 -2.50001E-01 -1.15195E-06 -1.65161E-01
1.11000E+01 -2.45001E-01 -9.10722E-07 -1.60141E-01
1.12000E+01 -2.40001E-01 -6.67898E-07 -1.55116E-01
1.13000E+01 -2.35001E-01 -4.23402E-07 -1.50124E-01
1.14000E+01 -2.30001E-01 -1.78073E-07 -1.45151E-01
1.15000E+01 -2.25001E-01 6.91563E-08  -1.40136E-01
1.16000E+01 -2.20001E-01 3.16005E-07  -1.35137E-01
1.17000E+01 -2.15001E-01 5.67538E-07  -1.30109E-01
1.18000E+01 -2.10001E-01 8.19664E-07  -1.25115E-01
1.19000E+01 -2.05001E-01 1.07006E-06  -1.20130E-01
1.20000E+01 -2.00002E-01 1.32223E-06  -1.15118E-01
1.21000E+01 -1.95002E-01 1.57799E-06  -1.10109E-01
1.22000E+01 -1.90002E-01 1.83716E-06  -1.05128E-01
1.23000E+01 -1.85002E-01 2.09795E-06  -1.00123E-01
1.24000E+01 -1.80002E-01 2.36017E-06  -9.51092E-02
1.25000E+01 -1.75002E-01 2.63029E-06  -9.01120E-02
1.26000E+01 -1.70002E-01 2.89975E-06  -8.51030E-02
1.27000E+01 -1.65002E-01 3.18048E-06  -8.01064E-02
1.28000E+01 -1.60002E-01 3.46566E-06  -7.50874E-02
1.29000E+01 -1.55002E-01 3.75760E-06  -7.00940E-02
1.30000E+01 -1.50002E-01 4.05995E-06  -6.51137E-02
1.31000E+01 -1.45002E-01 4.37394E-06  -6.01252E-02
1.32000E+01 -1.40002E-01 4.70513E-06  -5.51075E-02
1.33000E+01 -1.35002E-01 5.05084E-06  -5.01053E-02
1.34000E+01 -1.30002E-01 5.40951E-06  -4.50888E-02
1.35000E+01 -1.25002E-01 5.78904E-06  -4.01010E-02
1.36000E+01 -1.20002E-01 6.19071E-06  -3.50975E-02
1.37000E+01 -1.15002E-01 6.61908E-06  -3.00835E-02
1.38000E+01 -1.10002E-01 7.07481E-06  -2.50532E-02
1.39000E+01 -1.05002E-01 7.56047E-06  -2.00760E-02
1.40000E+01 -1.00002E-01 8.08116E-06  -1.50839E-02
1.41000E+01 -9.50018E-02 8.63452E-06  -1.00948E-02
1.42000E+01 -9.00018E-02 9.22921E-06  -5.08576E-03
1.43000E+01 -8.50018E-02 9.87306E-06  -6.42571E-05
1.44000E+01 -8.00018E-02 1.05648E-05  4.92419E-03 
1.45000E+01 -7.50018E-02 1.13036E-05  9.93197E-03 
1.46000E+01 -7.00018E-02 1.20926E-05  1.49310E-02 
1.47000E+01 -6.50018E-02 1.29407E-05  1.99451E-02 
1.48000E+01 -6.00019E-02 1.38572E-05  2.49241E-02 
1.49000E+01 -5.50019E-02 1.48261E-05  2.99307E-02 
1.50000E+01 -5.00019E-02 1.58937E-05  3.49491E-02 
1.51000E+01 -4.50019E-02 1.70163E-05  3.99675E-02 
1.52000E+01 -4.00019E-02 1.82128E-05  4.49366E-02 
1.53000E+01 -3.50019E-02 1.94885E-05  4.99487E-02 
1.54000E+01 -3.00019E-02 2.08462E-05  5.49596E-02 
1.55000E+01 -2.50019E-02 2.22925E-05  5.99830E-02 
1.56000E+01 -2.00020E-02 2.38702E-05  6.49621E-02 
1.57000E+01 -1.50020E-02 2.54668E-05  6.99755E-02 
1.58000E+01 -1.00020E-02 2.71528E-05  7.49721E-02 
1.59000E+01 -5.00199E-03 2.88946E-05  7.99773E-02 
1.60000E+01 -2.00000E-06 3.07193E-05  8.49783E-02 
1.61000E+01 4.99799E-03  3.26102E-05  8.99742E-02 
1.62000E+01 9.99797E-03  3.45603E-05  9.49957E-02 
1.63000E+01 1.49980E-02  3.65641E-05  1.00001E-01 
1.64000E+01 1.99979E-02  3.86272E-05  1.04990E-01 
1.65000E+01 2.49979E-02  4.07299E-05  1.09970E-01 
1.66000E+01 2.99979E-02  4.28626E-05  1.15003E-01 
1.67000E+01 3.49979E-02  4.50195E-05  1.20002E-01 
1.68000E+01 3.99979E-02  4.71967E-05  1.25014E-01 
1.69000E+01 4.49979E-02  4.93558E-05  1.29977E-01 
1.70000E+01 4.99979E-02  5.15220E-05  1.34992E-01 
1.71000E+01 5.49979E-02  5.36707E-05  1.40018E-01 
1.72000E+01 5.99978E-02  5.57647E-05  1.45004E-01 
1.73000E+01 6.49978E-02  5.78581E-05  1.50013E-01 
1.74000E+01 6.99978E-02  5.98657E-05  1.55034E-01 
1.75000E+01 7.49978E-02  6.18035E-05  1.60052E-01 
1.76000E+01 7.99978E-02  6.36383E-05  1.65030E-01 
1.77000E+01 8.49978E-02  6.53688E-05  1.70028E-01 
1.78000E+01 8.99978E-02  6.69552E-05  1.75025E-01 
1.79000E+01 9.49978E-02  6.84152E-05  1.80049E-01 
1.80000E+01 9.99977E-02  6.97463E-05  1.85042E-01 
1.81000E+01 1.04998E-01  7.09108E-05  1.90034E-01 
1.82000E+01 1.09998E-01  7.19294E-05  1.95043E-01 
1.83000E+01 1.14998E-01  7.28208E-05  2.00072E-01 
1.84000E+01 1.19998E-01  7.35980E-05  2.05052E-01 
1.85000E+01 1.24998E-01  7.42919E-05  2.10036E-01 
1.86000E+01 1.29998E-01  7.49046E-05  2.15055E-01 
1.87000E+01 1.34998E-01  7.54989E-05  2.20074E-01 
1.88000E+01 1.39998E-01  7.60713E-05  2.25049E-01 
1.89000E+01 1.44998E-01  7.65946E-05  2.30042E-01 
1.90000E+01 1.49998E-01  7.70845E-05  2.35048E-01 
1.91000E+01 1.54998E-01  7.75351E-05  2.40063E-01 
1.92000E+01 1.59998E-01  7.79255E-05  2.45073E-01 
1.93000E+01 1.64998E-01  7.82716E-05  2.50049E-01 
1.94000E+01 1.69998E-01  7.86098E-05  2.55049E-01 
1.95000E+01 1.74998E-01  7.89643E-05  2.60072E-01 
1.96000E+01 1.79998E-01  7.92895E-05  2.65074E-01 
1.97000E+01 1.84998E-01  7.95329E-05  2.70070E-01 
1.98000E+01 1.89998E-01  7.96504E-05  2.75070E-01 
1.99000E+01 1.94998E-01  7.94510E-05  2.80063E-01 
1.99999E+01 1.99997E-01  7.88019E-05  2.85090E-01 
2.00999E+01 2.04997E-01  7.75265E-05  2.90072E-01 
2.01999E+01 2.09997E-01  7.53899E-05  2.95065E-01 
2.02999E+01 2.14997E-01  7.23870E-05  3.00096E-01 
2.03999E+01 2.19997E-01  6.86694E-05  3.05104E-01 
2.04999E+01 2.24997E-01  6.48083E-05  3.10115E-01 
2.05999E+01 2.29997E-01  6.14209E-05  3.15109E-01 
2.06999E+01 2.34997E-01  5.89543E-05  3.20138E-01 
2.07999E+01 2.39997E-01  5.74631E-05  3.25122E-01 
2.08999E+01 2.44997E-01  5.68304E-05  3.30129E-01 
2.09999E+01 2.49997E-01  5.67084E-05  3.35150E-01 
2.10999E+01 2.54997E-01  5.68959E-05  3.40149E-01 
2.11999E+01 2.59997E-01  5.72334E-05  3.45117E-01 
2.12999E+01 2.64997E-01  5.76537E-05  3.50149E-01 
2.13999E+01 2.69997E-01  5.80916E-05  3.55169E-01 
2.14999E+01 2.74997E-01  5.85341E-05  3.60137E-01 
2.15999E+01 2.79997E-01  5.89700E-05  3.65148E-01 
2.16999E+01 2.84997E-01  5.94265E-05  3.70172E-01 
2.17999E+01 2.89997E-01  5.98035E-05  3.75170E-01 
2.18999E+01 2.94997E-01  6.01756E-05  3.80170E-01 
2.19999E+01 2.99997E-01  6.05367E-05  3.85163E-01 
2.20999E+01 3.04997E-01  6.08879E-05  3.90170E-01 
2.21999E+01 3.09997E-01  6.12253E-05  3.95196E-01 
2.22999E+01 3.14997E-01  6.15294E-05  4.00191E-01 
2.23999E+01 3.19997E-01  6.18365E-05  4.05163E-01 
2.24999E+01 3.24997E-01  6.21293E-05  4.10170E-01 
2.25999E+01 3.29997E-01  6.24173E-05  4.15179E-01 
2.26999E+01 3.34997E-01  6.27002E-05  4.20190E-01 
2.27999E+01 3.39997E-01  6.29869E-05  4.25196E-01 
2.28999E+01 3.44997E-01  6.32551E-05  4.30203E-01 
2.29999E+01 3.49997E-01  6.35305E-05  4.35193E-01 
2.30999E+01 3.54997E-01  6.38059E-05  4.40196E-01 
2.31999E+01 3.59997E-01  6.40805E-05  4.45192E-01 
2.32999E+01 3.64997E-01  6.43550E-05  4.50186E-01 
2.33999E+01 3.69997E-01  6.46243E-05  4.55216E-01 
2.34999E+01 3.74997E-01  6.48986E-05  4.60231E-01 
2.35999E+01 3.79997E-01  6.51714E-05  4.65237E-01 
2.36999E+01 3.84997E-01  6.54309E-05  4.70235E-01 
2.37999E+01 3.89997E-01  6.56856E-05  4.75225E-01 
2.38999E+01 3.94997E-01  6.59277E-05  4.80223E-01 
2.39999E+01 3.99997E-01  6.61514E-05  4.85235E-01 
2.40999E+01 4.04997E-01  6.63522E-05  4.90249E-01 
2.41999E+01 4.09997E-01  6.65278E-05  4.95220E-01 
2.42999E+01 4.14997E-01  6.66720E-05  5.00235E-01 
2.43999E+01 4.19997E-01  6.67812E-05  5.05240E-01 
2.44999E+01 4.24997E-01  6.68617E-05  5.10246E-01 
2.45999E+01 4.29997E-01  6.68638E-05  5.15222E-01 
2.46999E+01 4.34997E-01  6.68142E-05  5.20235E-01 
2.47999E+01 4.39997E-01  6.66957E-05  5.25241E-01 
2.48999E+01 4.44997E-01  6.65115E-05  5.30237E-01 
2.49999E+01 4.49997E-01  6.62669E-05  5.35260E-01 
2.50999E+01 4.54997E-01  6.59512E-05  5.40237E-01 
2.51999E+01 4.59997E-01  6.55800E-05  5.45248E-01 
2.52999E+01 4.64997E-01  6.51380E-05  5.50263E-01 
2.53999E+01 4.69997E-01  6.46140E-05  5.55257E-01 
2.54999E+01 4.74997E-01  6.40307E-05  5.60249E-01 
2.55999E+01 4.79997E-01  6.34031E-05  5.65260E-01 
2.56999E+01 4.84997E-01  6.27191E-05  5.70263E-01 
2.57999E+01 4.89997E-01  6.20079E-05  5.75264E-01 
2.58999E+01 4.94997E-01  6.12727E-05  5.80256E-01 
2.59999E+01 4.99997E-01  6.05288E-05  5.85263E-01 
2.60999E+01 5.04997E-01  5.97814E-05  5.90283E-01 
2.61999E+01 5.09997E-01  5.90489E-05  5.95296E-01 
2.62999E+01 5.14997E-01  5.83275E-05  6.00296E-01 
2.63999E+01 5.19997E-01  5.76392E-05  6.05287E-01 
2.64999E+01 5.24997E-01  5.69812E-05  6.10272E-01 
2.65999E+01 5.29997E-01  5.63561E-05  6.15307E-01 
2.66999E+01 5.34997E-01  5.57715E-05  6.20288E-01 
2.67999E+01 5.39997E-01  5.52263E-05  6.25284E-01 
2.68999E+01 5.44997E-01  5.47123E-05  6.30303E-01 
2.69999E+01 5.49997E-01  5.42578E-05  6.35325E-01 
2.70999E+01 5.54997E-01  5.38422E-05  6.40316E-01 
2.71999E+01 5.59997E-01  5.34620E-05  6.45322E-01 
2.72999E+01 5.64997E-01  5.31245E-05  6.50331E-01 
2.73999E+01 5.69997E-01  5.28327E-05  6.55345E-01 
2.74999E+01 5.74997E-01  5.25612E-05  6.60351E-01 
2.75999E+01 5.79997E-01  5.23246E-05  6.65358E-01 
2.76999E+01 5.84997E-01  5.21162E-05  6.70338E-01 
2.77999E+01 5.89997E-01  5.19331E-05  6.75362E-01 
2.78999E+01 5.94997E-01  5.17788E-05  6.80354E-01 
2.79999E+01 5.99996E-01  5.16451E-05  6.85339E-01 
2.80999E+01 6.04996E-01  5.15267E-05  6.90341E-01 
2.81999E+01 6.09996E-01  5.14281E-05  6.95340E-01 
2.82999E+01 6.14996E-01  5.13472E-05  7.00376E-01 
2.83999E+01 6.19996E-01  5.12836E-05  7.05355E-01 
2.84999E+01 6.24996E-01  5.12274E-05  7.10354E-01 
2.85999E+01 6.29996E-01  5.11901E-05  7.15378E-01 
2.86999E+01 6.34996E-01  5.11561E-05  7.20360E-01 
2.87999E+01 6.39996E-01  5.11399E-05  7.25362E-01 
2.88999E+01 6.44996E-01  5.11310E-05  7.30359E-01 
2.89999E+01 6.49996E-01  5.11315E-05  7.35369E-01 
2.90999E+01 6.54996E-01  5.11409E-05  7.40398E-01 
2.91999E+01 6.59996E-01  5.11577E-05  7.45380E-01 
2.92999E+01 6.64996E-01  5.11857E-05  7.50370E-01 
2.93999E+01 6.69996E-01  5.12180E-05  7.55392E-01 
2.94999E+01 6.74996E-01  5.12590E-05  7.60379E-01 
2.95999E+01 6.79996E-01  5.13126E-05  7.65385E-01 
2.96999E+01 6.84996E-01  5.13693E-05  7.70378E-01 
2.97999E+01 6.89996E-01  5.14362E-05  7.75364E-01 
2.98999E+01 6.94996E-01  5.15094E-05  7.80390E-01 
2.99999E+01 6.99996E-01  5.15911E-05  7.85398E-01 
3.00999E+01 7.04996E-01  5.16820E-05  7.90415E-01 
3.01999E+01 7.09996E-01  5.17855E-05  7.95422E-01 
3.02999E+01 7.14996E-01  5.18904E-05  8.00405E-01 
3.03999E+01 7.19996E-01  5.19971E-05  8.05415E-01 
3.04999E+01 7.24996E-01  5.21209E-05  8.10416E-01 
3.05999E+01 7.29996E-01  5.22418E-05  8.15452E-01 
3.06999E+01 7.34996E-01  5.23753E-05  8.20424E-01 
3.07999E+01 7.39996E-01  5.25177E-05  8.25422E-01 
3.08999E+01 7.44996E-01  5.26704E-05  8.30432E-01 
3.09999E+01 7.49996E-01  5.28276E-05  8.35442E-01 
3.10999E+01 7.54996E-01  5.29935E-05  8.40429E-01 
3.11999E+01 7.59996E-01  5.31646E-05  8.45428E-01 
3.12999E+01 7.64996E-01  5.33430E-05  8.50446E-01 
3.13999E+01 7.69996E-01  5.35284E-05  8.55455E-01 
3.14999E+01 7.74996E-01  5.37085E-05  8.60439E-01 
3.15999E+01 7.79996E-01  5.39006E-05  8.65439E-01 
3.16999E+01 7.84996E-01  5.40998E-05  8.70440E-01 
3.17999E+01 7.89996E-01  5.43016E-05  8.75466E-01 
3.18999E+01 7.94996E-01  5.45084E-05  8.80453E-01 
3.19999E+01 7.99996E-01  5.47246E-05  8.85460E-01 
3.20999E+01 8.04996E-01  5.49414E-05  8.90455E-01 
3.21999E+01 8.09996E-01  5.51557E-05  8.95476E-01 
3.22999E+01 8.14996E-01  5.53811E-05  9.00472E-01 
3.23999E+01 8.19996E-01  5.55846E-05  9.05483E-01 
3.24999E+01 8.24996E-01  5.57969E-05  9.10468E-01 
3.25999E+01 8.29996E-01  5.60135E-05  9.15475E-01 
3.26999E+01 8.34996E-01  5.62294E-05  9.20467E-01 
3.27999E+01 8.39996E-01  5.64438E-05  9.25482E-01 
3.28999E+01 8.44996E-01  5.66548E-05  9.30476E-01 
3.29999E+01 8.49996E-01  5.68653E-05  9.35491E-01 
3.30999E+01 8.54996E-01  5.70792E-05  9.40491E-01 
3.31999E+01 8.59996E-01  5.72896E-05  9.45498E-01 
3.32999E+01 8.64996E-01  5.75010E-05  9.50517E-01 
3.33999E+01 8.69996E-01  5.76968E-05  9.55526E-01 
3.34999E+01 8.74996E-01  5.78938E-05  9.60517E-01 
3.35999E+01 8.79996E-01  5.80937E-05  9.65531E-01 
3.36999E+01 8.84996E-01  5.82927E-05  9.70541E-01 
3.37999E+01 8.89996E-01  5.84747E-05  9.75528E-01 
3.38999E+01 8.94996E-01  5.86688E-05  9.80504E-01 
3.39999E+01 8.99996E-01  5.88594E-05  9.85523E-01 
3.40999E+01 9.04996E-01  5.90420E-05  9.90532E-01 
3.41999E+01 9.09996E-01  5.92217E-05  9.95518E-01 
3.42999E+01 9.14996E-01  5.94003E-05  1.00053E+00 
3.43999E+01 9.19996E-01  5.95696E-05  1.00551E+00 
3.44999E+01 9.24996E-01  5.97288E-05  1.01051E+00 
3.45999E+01 9.29996E-01  5.98900E-05  1.01553E+00 
3.46999E+01 9.34996E-01  6.00451E-05  1.02053E+00 
3.47999E+01 9.39996E-01  6.01937E-05  1.02553E+00 
3.48999E+01 9.44996E-01  6.03247E-05  1.03053E+00 
3.49999E+01 9.49996E-01  6.04549E-05  1.03553E+00 
3.50999E+01 9.54996E-01  6.05682E-05  1.04052E+00 
3.51999E+01 9.59996E-01  6.06537E-05  1.04552E+00 
3.52999E+01 9.64996E-01  6.07490E-05  1.05050E+00 
3.53999E+01 9.69996E-01  6.08638E-05  1.05552E+00 
3.54999E+01 9.74996E-01  6.09724E-05  1.06053E+00 
3.55999E+01 9.79996E-01  6.10731E-05  1.06554E+00 
3.56999E+01 9.84996E-01  6.11604E-05  1.07054E+00 
3.57999E+01 9.89996E-01  6.12572E-05  1.07557E+00 
3.58999E+01 9.94996E-01  6.13341E-05  1.08056E+00 
3.59999E+01 9.99995E-01  6.14118E-05  1.08557E+00 
3.60999E+01 1.00500E+00  6.14841E-05  1.09058E+00 
3.61999E+01 1.01000E+00  6.15627E-05  1.09559E+00 
3.62999E+01 1.01500E+00  6.16268E-05  1.10058E+00 
3.63999E+01 1.02000E+00  6.17011E-05  1.10558E+00 
3.64999E+01 1.02500E+00  6.18138E-05  1.11059E+00 
3.65999E+01 1.03000E+00  6.18919E-05  1.11561E+00 
3.66999E+01 1.03500E+00  6.19665E-05  1.12061E+00 
3.67999E+01 1.04000E+00  6.20514E-05  1.12563E+00 
3.68999E+01 1.04500E+00  6.21354E-05  1.13063E+00 
3.69999E+01 1.05000E+00  6.22293E-05  1.13562E+00 
3.70999E+01 1.05500E+00  6.23250E-05  1.14061E+00 
3.71999E+01 1.06000E+00  6.24197E-05  1.14563E+00 
3.72999E+01 1.06500E+00  6.25304E-05  1.15063E+00 
3.73999E+01 1.07000E+00  6.26467E-05  1.15565E+00 
3.74999E+01 1.07500E+00  6.27702E-05  1.16062E+00 
3.75999E+01 1.08000E+00  6.28971E-05  1.16563E+00 
3.76999E+01 1.08500E+00  6.30324E-05  1.17064E+00 
3.77999E+01 1.09000E+00  6.31687E-05  1.17564E+00 
3.78999E+01 1.09500E+00  6.33028E-05  1.18063E+00 
3.79999E+01 1.10000E+00  6.34517E-05  1.18565E+00 
3.80999E+01 1.10500E+00  6.35991E-05  1.19064E+00 
3.81999E+01 1.11000E+00  6.37543E-05  1.19564E+00 
3.82999E+01 1.11500E+00  6.39125E-05  1.20065E+00 
3.83999E+01 1.12000E+00  6.40704E-05  1.20566E+00 
3.84999E+01 1.12500E+00  6.42357E-05  1.21065E+00 
3.85999E+01 1.13000E+00  6.44050E-05  1.21566E+00 
3.86999E+01 1.13500E+00  6.45783E-05  1.22065E+00 
3.87999E+01 1.14000E+00  6.47731E-05  1.22566E+00 
3.88999E+01 1.14500E+00  6.49603E-05  1.23067E+00 
3.89999E+01 1.15000E+00  6.51732E-05  1.23568E+00 
3.90999E+01 1.15500E+00  6.54065E-05  1.24067E+00 
3.91999E+01 1.16000E+00  6.56296E-05  1.24568E+00 
3.92999E+01 1.16500E+00  6.58958E-05  1.25067E+00 
3.93999E+01 1.17000E+00  6.61837E-05  1.25566E+00 
3.94999E+01 1.17500E+00  6.64952E-05  1.26066E+00 
3.95999E+01 1.18000E+00  6.68212E-05  1.26569E+00 
3.96999E+01 1.18500E+00  6.71781E-05  1.27068E+00 
3.97999E+01 1.19000E+00  6.75314E-05  1.27571E+00 
3.98999E+01 1.19500E+00  6.79104E-05  1.28069E+00 
3.99999E+01 1.19999E+00  6.83649E-05  1.28569E+00 
4.00999E+01 1.20499E+00  6.88307E-05  1.29070E+00 
4.01999E+01 1.20999E+00  6.93367E-05  1.29570E+00 
4.02999E+01 1.21499E+00  6.98770E-05  1.30070E+00 
4.03999E+01 1.21999E+00  7.04586E-05  1.30568E+00 
4.04999E+01 1.22499E+00  7.10777E-05  1.31070E+00 
4.05999E+01 1.22999E+00  7.17117E-05  1.31572E+00 
4.06999E+01 1.23499E+00  7.23882E-05  1.32071E+00 
4.07999E+01 1.23999E+00  7.30791E-05  1.32571E+00 
4.08999E+01 1.24499E+00  7.37439E-05  1.33072E+00 
4.09999E+01 1.24999E+00  7.45028E-05  1.33572E+00 
4.10999E+01 1.25499E+00  7.53863E-05  1.34070E+00 
4.11999E+01 1.25999E+00  7.62718E-05  1.34571E+00 
4.12999E+01 1.26499E+00  7.71795E-05  1.35071E+00 
4.13999E+01 1.26999E+00  7.81124E-05  1.35573E+00 
4.14999E+01 1.27499E+00  7.90763E-05  1.36073E+00 
4.15999E+01 1.27999E+00  8.00857E-05  1.36573E+00 
4.16999E+01 1.28499E+00  8.10925E-05  1.37071E+00 
4.17999E+01 1.28999E+00  8.20713E-05  1.37574E+00 
4.18999E+01 1.29499E+00  8.32302E-05  1.38075E+00 
4.19999E+01 1.29999E+00  8.44183E-05  1.38576E+00 
4.20999E+01 1.30499E+00  8.56543E-05  1.39072E+00 
4.21999E+01 1.30999E+00  8.68952E-05  1.39575E+00 
4.22999E+01 1.31499E+00  8.81720E-05  1.40076E+00 
4.23999E+01 1.31999E+00  8.95547E-05  1.40575E+00 
4.24999E+01 1.32499E+00  9.09216E-05  1.41074E+00 
4.25999E+01 1.32999E+00  9.23148E-05  1.41576E+00 
4.26999E+01 1.33499E+00  9.37669E-05  1.42076E+00 
4.27999E+01 1.33999E+00  9.53015E-05  1.42579E+00 
4.28999E+01 1.34499E+00  9.68714E-05  1.43079E+00 
4.29999E+01 1.34999E+00  9.85087E-05  1.43579E+00 
4.30999E+01 1.35499E+00  1.00192E-04  1.44081E+00 
4.31999E+01 1.35999E+00  1.01866E-04  1.44581E+00 
4.32999E+01 1.36499E+00  1.03632E-04  1.45080E+00 
4.33999E+01 1.36999E+00  1.05491E-04  1.45582E+00 
4.34999E+01 1.37499E+00  1.07394E-04  1.46081E+00 
4.35999E+01 1.37999E+00  1.09371E-04  1.46582E+00 
4.36999E+01 1.38499E+00  1.11402E-04  1.47082E+00 
4.37999E+01 1.38999E+00  1.13501E-04  1.47584E+00 
4.38999E+01 1.39499E+00  1.15668E-04  1.48083E+00 
4.39999E+01 1.39999E+00  1.17912E-04  1.48584E+00 
4.40999E+01 1.40499E+00  1.20197E-04  1.49085E+00 
4.41999E+01 1.40999E+00  1.22551E-04  1.49586E+00 
4.42999E+01 1.41499E+00  1.24959E-04  1.50085E+00 
4.43999E+01 1.41999E+00  1.27419E-04  1.50584E+00 
4.44999E+01 1.42499E+00  1.29937E-04  1.51086E+00 
4.45999E+01 1.42999E+00  1.32509E-04  1.51585E+00 
4.46999E+01 1.43499E+00  1.35141E-04  1.52086E+00 
4.47999E+01 1.43999E+00  1.37823E-04  1.52585E+00 
4.48999E+01 1.44499E+00  1.40568E-04  1.53085E+00 
4.49999E+01 1.44999E+00  1.43372E-04  1.53587E+00 
4.50999E+01 1.45499E+00  1.46212E-04  1.54088E+00 
4.51999E+01 1.45999E+00  1.49117E-04  1.54588E+00 
4.52999E+01 1.46499E+00  1.52080E-04  1.55088E+00 
4.53999E+01 1.46999E+00  1.55089E-04  1.55587E+00 
4.54999E+01 1.47499E+00  1.58146E-04  1.56088E+00 
4.55999E+01 1.47999E+00  1.61272E-04  1.56586E+00 
4.56999E+01 1.48499E+00  1.64492E-04  1.57088E+00 
4.57999E+01 1.48999E+00  1.67695E-04  1.57590E+00 
4.58999E+01 1.49499E+00  1.70923E-04  1.58088E+00 
4.59999E+01 1.49999E+00  1.74129E-04  1.58588E+00 
4.60999E+01 1.50499E+00  1.77485E-04  1.59089E+00 
4.61999E+01 1.50999E+00  1.80827E-04  1.59589E+00 
4.62999E+01 1.51499E+00  1.84189E-04  1.60090E+00 
4.63999E+01 1.51999E+00  1.87612E-04  1.60593E+00 
4.64999E+01 1.52499E+00  1.91044E-04  1.61091E+00 
4.65999E+01 1.52999E+00  1.94499E-04  1.61590E+00 
4.66999E+01 1.53499E+00  1.97986E-04  1.62090E+00 
4.67999E+01 1.53999E+00  2.01497E-04  1.62593E+00 
4.68999E+01 1.54499E+00  2.05026E-04  1.63092E+00 
4.69999E+01 1.54999E+00  2.08592E-04  1.63593E+00 
4.70999E+01 1.55499E+00  2.12146E-04  1.64091E+00 
4.71999E+01 1.55999E+00  2.16116E-04  1.64594E+00 
4.72999E+01 1.56499E+00  2.19789E-04  1.65095E+00 
4.73999E+01 1.56999E+00  2.23400E-04  1.65593E+00 
4.74999E+01 1.57499E+00  2.27027E-04  1.66092E+00 
4.75999E+01 1.57999E+00  2.30646E-04  1.66594E+00 
4.76999E+01 1.58499E+00  2.34273E-04  1.67095E+00 
4.77999E+01 1.58999E+00  2.37937E-04  1.67593E+00 
4.78999E+01 1.59499E+00  2.41565E-04  1.68093E+00 
4.79999E+01 1.59999E+00  2.45211E-04  1.68594E+00 
4.80999E+01 1.60499E+00  2.48874E-04  1.69094E+00 
4.81999E+01 1.60999E+00  2.52539E-04  1.69594E+00 
4.82999E+01 1.61499E+00  2.56226E-04  1.70092E+00 
4.83999E+01 1.61999E+00  2.59956E-04  1.70594E+00 
4.84999E+01 1.62499E+00  2.63646E-04  1.71096E+00 
4.85999E+01 1.62999E+00  2.67291E-04  1.71594E+00 
4.86999E+01 1.63499E+00  2.70973E-04  1.72093E+00 
4.87999E+01 1.63999E+00  2.74590E-04  1.72595E+00 
4.88999E+01 1.64499E+00  2.78237E-04  1.73095E+00 
4.89999E+01 1.64999E+00  2.81870E-04  1.73594E+00 
4.90999E+01 1.65499E+00  2.85441E-04  1.74094E+00 
4.91999E+01 1.65999E+00  2.89070E-04  1.74598E+00 
4.92999E+01 1.66499E+00  2.92683E-04  1.75096E+00 
4.93999E+01 1.66999E+00  2.96266E-04  1.75600E+00 
4.94999E+01 1.67499E+00  2.99880E-04  1.76101E+00 
4.95999E+01 1.67999E+00  3.03457E-04  1.76603E+00 
4.96999E+01 1.68499E+00  3.07044E-04  1.77099E+00 
4.97999E+01 1.68999E+00  3.10548E-04  1.77601E+00 
4.98999E+01 1.69499E+00  3.14053E-04  1.78104E+00 
4.99999E+01 1.69999E+00  3.17558E-04  1.78604E+00 
5.00999E+01 1.70499E+00  3.21053E-04  1.79104E+00 
5.01999E+01 1.70999E+00  3.24483E-04  1.79603E+00 
5.02999E+01 1.71499E+00  3.27879E-04  1.80103E+00 
5.03999E+01 1.71999E+00  3.31361E-04  1.80604E+00 
5.04999E+01 1.72499E+00  3.34707E-04  1.81107E+00 
5.05999E+01 1.72999E+00  3.38082E-04  1.81603E+00 
5.06999E+01 1.73499E+00  3.41358E-04  1.82104E+00 
5.07999E+01 1.73999E+00  3.44685E-04  1.82605E+00 
5.08999E+01 1.74499E+00  3.47972E-04  1.83105E+00 
5.09999E+01 1.74999E+00  3.51239E-04  1.83607E+00 
5.10999E+01 1.75499E+00  3.54412E-04  1.84106E+00 
5.11999E+01 1.75999E+00  3.57585E-04  1.84606E+00 
5.12999E+01 1.76499E+00  3.60801E-04  1.85105E+00 
5.13999E+01 1.76999E+00  3.63900E-04  1.85606E+00 
5.14999E+01 1.77499E+00  3.67037E-04  1.86106E+00 
5.15999E+01 1.77999E+00  3.70184E-04  1.86608E+00 
5.16999E+01 1.78499E+00  3.73201E-04  1.87108E+00 
5.17999E+01 1.78999E+00  3.76254E-04  1.87605E+00 
5.18999E+01 1.79499E+00  3.79317E-04  1.88105E+00 
5.19999E+01 1.79999E+00  3.82322E-04  1.88606E+00 
5.20999E+01 1.79499E+00  3.74984E-04  1.88106E+00 
5.21999E+01 1.78999E+00  3.67937E-04  1.87606E+00 
5.22999E+01 1.78499E+00  3.61196E-04  1.87105E+00 
5.23999E+01 1.77999E+00  3.54652E-04  1.86606E+00 
5.24999E+01 1.77499E+00  3.48170E-04  1.86104E+00 
5.25999E+01 1.76999E+00  3.41851E-04  1.85603E+00 
5.26999E+01 1.76499E+00  3.35637E-04  1.85106E+00 
5.27999E+01 1.75999E+00  3.29482E-04  1.84606E+00 
5.28999E+01 1.75499E+00  3.23390E-04  1.84103E+00 
5.29999E+01 1.74999E+00  3.17367E-04  1.83606E+00 
5.30999E+01 1.74499E+00  3.11488E-04  1.83102E+00 
5.31999E+01 1.73999E+00  3.05699E-04  1.82603E+00 
5.32999E+01 1.73499E+00  2.99990E-04  1.82103E+00 
5.33999E+01 1.72999E+00  2.94303E-04  1.81602E+00 
5.34999E+01 1.72499E+00  2.88752E-04  1.81105E+00 
5.35999E+01 1.71999E+00  2.83192E-04  1.80604E+00 
5.36999E+01 1.71499E+00  2.77823E-04  1.80103E+00 
5.37999E+01 1.70999E+00  2.72510E-04  1.79601E+00 
5.38999E+01 1.70499E+00  2.67296E-04  1.79103E+00 
5.39999E+01 1.69999E+00  2.62126E-04  1.78603E+00 
5.40999E+01 1.69499E+00  2.57024E-04  1.78102E+00 
5.41999E+01 1.68999E+00  2.51979E-04  1.77602E+00 
5.42999E+01 1.68499E+00  2.47008E-04  1.77103E+00 
5.43999E+01 1.67999E+00  2.42156E-04  1.76603E+00 
5.44999E+01 1.67499E+00  2.37291E-04  1.76100E+00 
5.45999E+01 1.66999E+00  2.32515E-04  1.75599E+00 
5.46999E+01 1.66499E+00  2.27803E-04  1.75097E+00 
5.47999E+01 1.65999E+00  2.23123E-04  1.74599E+00 
5.48999E+01 1.65499E+00  2.18587E-04  1.74097E+00 
5.49999E+01 1.64999E+00  2.14117E-04  1.73596E+00 
5.50999E+01 1.64499E+00  2.09663E-04  1.73098E+00 
5.51999E+01 1.63999E+00  2.05319E-04  1.72596E+00 
5.52999E+01 1.63499E+00  2.00874E-04  1.72095E+00 
5.53999E+01 1.62999E+00  1.96655E-04  1.71597E+00 
5.54999E+01 1.62499E+00  1.92422E-04  1.71097E+00 
5.55999E+01 1.61999E+00  1.88265E-04  1.70595E+00 
5.56999E+01 1.61499E+00  1.84108E-04  1.70095E+00 
5.57999E+01 1.60999E+00  1.80149E-04  1.69595E+00 
5.58999E+01 1.60499E+00  1.76260E-04  1.69096E+00 
5.59999E+01 1.59999E+00  1.72391E-04  1.68596E+00 
5.60999E+01 1.59499E+00  1.68564E-04  1.68095E+00 
5.61999E+01 1.58999E+00  1.64755E-04  1.67596E+00 
5.62999E+01 1.58499E+00  1.60946E-04  1.67094E+00 
5.63999E+01 1.57999E+00  1.57192E-04  1.66595E+00 
5.64999E+01 1.57499E+00  1.53510E-04  1.66091E+00 
5.65999E+01 1.56999E+00  1.49920E-04  1.65591E+00 
5.66999E+01 1.56499E+00  1.46385E-04  1.65094E+00 
5.67999E+01 1.55999E+00  1.42888E-04  1.64593E+00 
5.68999E+01 1.55499E+00  1.39543E-04  1.64091E+00 
5.69999E+01 1.54999E+00  1.36133E-04  1.63591E+00 
5.70999E+01 1.54499E+00  1.32701E-04  1.63093E+00 
5.71999E+01 1.53999E+00  1.29365E-04  1.62592E+00 
5.72999E+01 1.53499E+00  1.25964E-04  1.62089E+00 
5.73999E+01 1.52999E+00  1.22838E-04  1.61590E+00 
5.74999E+01 1.52499E+00  1.19657E-04  1.61089E+00 
5.75999E+01 1.51999E+00  1.16605E-04  1.60590E+00 
5.76999E+01 1.51499E+00  1.13552E-04  1.60089E+00 
5.77999E+01 1.50999E+00  1.10507E-04  1.59587E+00 
5.78999E+01 1.50499E+00  1.07531E-04  1.59085E+00 
5.79999E+01 1.49999E+00  1.04571E-04  1.58588E+00 
5.80999E+01 1.49499E+00  1.01692E-04  1.58087E+00 
5.81999E+01 1.48999E+00  9.88574E-05  1.57585E+00 
5.82999E+01 1.48499E+00  9.60857E-05  1.57085E+00 
5.83999E+01 1.47999E+00  9.33214E-05  1.56586E+00 
5.84999E+01 1.47499E+00  9.06202E-05  1.56087E+00 
5.85999E+01 1.46999E+00  8.79559E-05  1.55586E+00 
5.86999E+01 1.46499E+00  8.53464E-05  1.55084E+00 
5.87999E+01 1.45999E+00  8.27728E-05  1.54584E+00 
5.88999E+01 1.45499E+00  8.02682E-05  1.54084E+00 
5.89999E+01 1.44999E+00  7.78390E-05  1.53585E+00 
5.90999E+01 1.44499E+00  7.54054E-05  1.53083E+00 
5.91999E+01 1.43999E+00  7.30464E-05  1.52583E+00 
5.92999E+01 1.43499E+00  7.07085E-05  1.52083E+00 
5.93999E+01 1.42999E+00  6.84285E-05  1.51585E+00 
5.94999E+01 1.42499E+00  6.62082E-05  1.51084E+00 
5.95999E+01 1.41999E+00  6.40309E-05  1.50582E+00 
5.96999E+01 1.41499E+00  6.18871E-05  1.50084E+00 
5.97999E+01 1.40999E+00  5.98015E-05  1.49585E+00 
5.98999E+01 1.40499E+00  5.77459E-05  1.49083E+00 
5.99998E+01 1.39999E+00  5.57528E-05  1.48584E+00 
6.00998E+01 1.39499E+00  5.38054E-05  1.48081E+00 
6.01998E+01 1.38999E+00  5.19161E-05  1.47582E+00 
6.02998E+01 1.38499E+00  5.00667E-05  1.47083E+00 
6.03998E+01 1.37999E+00  4.82607E-05  1.46583E+00 
6.04998E+01 1.37499E+00  4.65176E-05  1.46083E+00 
6.05998E+01 1.36999E+00  4.48108E-05  1.45581E+00 
6.06998E+01 1.36499E+00  4.31672E-05  1.45085E+00 
6.07998E+01 1.35999E+00  4.15531E-05  1.44583E+00 
6.08998E+01 1.35499E+00  3.99883E-05  1.44081E+00 
6.09998E+01 1.34999E+00  3.84826E-05  1.43583E+00 
6.10998E+01 1.34499E+00  3.70037E-05  1.43080E+00 
6.11998E+01 1.33999E+00  3.52117E-05  1.42583E+00 
6.12998E+01 1.33499E+00  3.38580E-05  1.42081E+00 
6.13998E+01 1.32999E+00  3.25521E-05  1.41579E+00 
6.14998E+01 1.32499E+00  3.12619E-05  1.41078E+00 
6.15998E+01 1.31999E+00  3.00122E-05  1.40578E+00 
6.16998E+01 1.31499E+00  2.88221E-05  1.40078E+00 
6.17998E+01 1.30999E+00  2.76815E-05  1.39577E+00 
6.18998E+01 1.30499E+00  2.65582E-05  1.39077E+00 
6.19998E+01 1.29999E+00  2.54936E-05  1.38577E+00 
6.20998E+01 1.29499E+00  2.44620E-05  1.38078E+00 
6.21998E+01 1.28999E+00  2.34786E-05  1.37578E+00 
6.22998E+01 1.28499E+00  2.25303E-05  1.37078E+00 
6.23998E+01 1.27999E+00  2.15977E-05  1.36576E+00 
6.24998E+01 1.27499E+00  2.07358E-05  1.36076E+00 
6.25998E+01 1.26999E+00  1.99004E-05  1.35579E+00 
6.26998E+01 1.26499E+00  1.91191E-05  1.35075E+00 
6.27998E+01 1.25999E+00  1.83631E-05  1.34575E+00 
6.28998E+01 1.25499E+00  1.76423E-05  1.34074E+00 
6.29998E+01 1.24999E+00  1.69566E-05  1.33575E+00 
6.30998E+01 1.24499E+00  1.62945E-05  1.33073E+00 
6.31998E+01 1.23999E+00  1.56707E-05  1.32573E+00 
6.32998E+01 1.23499E+00  1.50770E-05  1.32073E+00 
6.33998E+01 1.22999E+00  1.45221E-05  1.31574E+00 
6.34998E+01 1.22499E+00  1.39765E-05  1.31073E+00 
6.35998E+01 1.21999E+00  1.34580E-05  1.30570E+00 
6.36998E+01 1.21499E+00  1.29624E-05  1.30073E+00 
6.37998E+01 1.20999E+00  1.24840E-05  1.29574E+00 
6.38998E+01 1.20499E+00  1.20347E-05  1.29072E+00 
6.39998E+01 1.19999E+00  1.16231E-05  1.28571E+00 
6.40998E+01 1.19500E+00  1.12290E-05  1.28073E+00 
6.41998E+01 1.19000E+00  1.08354E-05  1.27572E+00 
6.42998E+01 1.18500E+00  1.04804E-05  1.27072E+00 
6.43998E+01 1.18000E+00  1.01538E-05  1.26570E+00 
6.44998E+01 1.17500E+00  9.83546E-06  1.26069E+00 
6.45998E+01 1.17000E+00  9.52673E-06  1.25568E+00 
6.46998E+01 1.16500E+00  9.23398E-06  1.25071E+00 
6.47998E+01 1.16000E+00  8.96477E-06  1.24569E+00 
6.48998E+01 1.15500E+00  8.69691E-06  1.24068E+00 
6.49998E+01 1.15000E+00  8.44322E-06  1.23569E+00 
6.50998E+01 1.14500E+00  8.21830E-06  1.23068E+00 
6.51998E+01 1.14000E+00  8.01075E-06  1.22568E+00 
6.52998E+01 1.13500E+00  7.78658E-06  1.22067E+00 
6.53998E+01 1.13000E+00  7.57726E-06  1.21568E+00 
6.54998E+01 1.12500E+00  7.37895E-06  1.21070E+00 
6.55998E+01 1.12000E+00  7.19985E-06  1.20569E+00 
6.56998E+01 1.11500E+00  7.01692E-06  1.20065E+00 
6.57998E+01 1.11000E+00  6.84456E-06  1.19567E+00 
6.58998E+01 1.10500E+00  6.67797E-06  1.19068E+00 
6.59998E+01 1.10000E+00  6.52326E-06  1.18566E+00 
6.60998E+01 1.09500E+00  6.37475E-06  1.18067E+00 
6.61998E+01 1.09000E+00  6.23171E-06  1.17567E+00 
6.62998E+01 1.08500E+00  6.09306E-06  1.17067E+00 
6.63998E+01 1.08000E+00  5.96015E-06  1.16567E+00 
6.64998E+01 1.07500E+00  5.83330E-06  1.16065E+00 
6.65998E+01 1.07000E+00  5.70941E-06  1.15567E+00 
6.66998E+01 1.06500E+00  5.59254E-06  1.15066E+00 
6.67998E+01 1.06000E+00  5.48764E-06  1.14567E+00 
6.68998E+01 1.05500E+00  5.37801E-06  1.14065E+00 
6.69998E+01 1.05000E+00  5.28818E-06  1.13564E+00 
6.70998E+01 1.04500E+00  5.18681E-06  1.13064E+00 
6.71998E+01 1.04000E+00  5.06604E-06  1.12567E+00 
6.72998E+01 1.03500E+00  4.96316E-06  1.12063E+00 
6.73998E+01 1.03000E+00  4.86274E-06  1.11563E+00 
6.74998E+01 1.02500E+00  4.76201E-06  1.11062E+00 
6.75998E+01 1.02000E+00  4.66176E-06  1.10561E+00 
6.76998E+01 1.01500E+00  4.56404E-06  1.10059E+00 
6.77998E+01 1.01000E+00  4.47101E-06  1.09560E+00 
6.78998E+01 1.00500E+00  4.37741E-06  1.09058E+00 
6.79998E+01 9.99995E-01  4.28940E-06  1.08557E+00 
6.80998E+01 9.94996E-01  4.20115E-06  1.08058E+00 
6.81998E+01 9.89996E-01  4.11432E-06  1.07557E+00 
6.82998E+01 9.84996E-01  4.02787E-06  1.07058E+00 
6.83998E+01 9.79996E-01  3.94366E-06  1.06557E+00 
6.84998E+01 9.74996E-01  3.85948E-06  1.06058E+00 
6.85998E+01 9.69996E-01  3.74017E-06  1.05559E+00 
6.86998E+01 9.64996E-01  3.65740E-06  1.05057E+00 
6.87998E+01 9.59996E-01  3.57933E-06  1.04556E+00 
6.88998E+01 9.54996E-01  3.49835E-06  1.04054E+00 
6.89998E+01 9.49996E-01  3.41886E-06  1.03554E+00 
6.90998E+01 9.44996E-01  3.34499E-06  1.03055E+00 
6.91998E+01 9.39996E-01  3.26885E-06  1.02554E+00 
6.92998E+01 9.34996E-01  3.19229E-06  1.02055E+00 
6.93998E+01 9.29996E-01  3.11563E-06  1.01555E+00 
6.94998E+01 9.24996E-01  3.03849E-06  1.01055E+00 
6.95998E+01 9.19996E-01  2.96093E-06  1.00554E+00 
6.96998E+01 9.14996E-01  2.88566E-06  1.00051E+00 
6.97998E+01 9.09996E-01  2.80354E-06  9.95529E-01 
6.98998E+01 9.04996E-01  2.72428E-06  9.90539E-01 
6.99998E+01 8.99996E-01  2.65906E-06  9.85538E-01 
7.00998E+01 8.94996E-01  2.59142E-06  9.80496E-01 
7.01998E+01 8.89996E-01  2.51646E-06  9.75538E-01 
7.02998E+01 8.84996E-01  2.44266E-06  9.70538E-01 
7.03998E+01 8.79996E-01  2.36937E-06  9.65521E-01 
7.04998E+01 8.74996E-01  2.29979E-06  9.60509E-01 
7.05998E+01 8.69996E-01  2.21987E-06  9.55522E-01 
7.06998E+01 8.64996E-01  2.15354E-06  9.50518E-01 
7.07998E+01 8.59996E-01  2.08267E-06  9.45515E-01 
7.08998E+01 8.54996E-01  2.01790E-06  9.40497E-01 
7.09998E+01 8.49996E-01  1.94537E-06  9.35494E-01 
7.10998E+01 8.44996E-01  1.88251E-06  9.30507E-01 
7.11998E+01 8.39996E-01  1.80705E-06  9.25493E-01 
7.12998E+01 8.34996E-01  1.73544E-06  9.20499E-01 
7.13998E+01 8.29996E-01  1.66145E-06  9.15493E-01 
7.14998E+01 8.24996E-01  1.59167E-06  9.10467E-01 
7.15998E+01 8.19996E-01  1.52269E-06  9.05487E-01 
7.16998E+01 8.14996E-01  1.44939E-06  9.00498E-01 
7.17998E+01 8.09996E-01  1.36664E-06  8.95489E-01 
7.18998E+01 8.04996E-01  1.27721E-06  8.90487E-01 
7.19998E+01 7.99996E-01  1.21694E-06  8.85486E-01 
7.20998E+01 7.94996E-01  1.15544E-06  8.80484E-01 
7.21998E+01 7.89996E-01  1.08102E-06  8.75483E-01 
7.22998E+01 7.84996E-01  1.00624E-06  8.70480E-01 
7.23998E+01 7.79996E-01  9.29812E-07  8.65478E-01 
7.24998E+01 7.74996E-01  8.55546E-07  8.60475E-01 
7.25998E+01 7.69996E-01  7.79759E-07  8.55476E-01 
7.26998E+01 7.64996E-01  6.99369E-07  8.50463E-01 
7.27998E+01 7.59996E-01  6.11398E-07  8.45460E-01 
7.28998E+01 7.54996E-01  5.44269E-07  8.40461E-01 
7.29998E+01 7.49996E-01  4.66159E-07  8.35467E-01 
7.30998E+01 7.44996E-01  3.96252E-07  8.30457E-01 
7.31998E+01 7.39996E-01  3.12208E-07  8.25436E-01 
7.32998E+01 7.34996E-01  2.26662E-07  8.20439E-01 
7.33998E+01 7.29996E-01  1.43892E-07  8.15458E-01 
7.34998E+01 7.24996E-01  5.96928E-08  8.10444E-01 
7.35998E+01 7.19996E-01  -2.43289E-08 8.05423E-01 
7.36998E+01 7.14996E-01  -1.09300E-07 8.00453E-01 
7.37998E+01 7.09996E-01  -1.93817E-07 7.95436E-01 
7.38998E+01 7.04996E-01  -2.82730E-07 7.90427E-01 
7.39998E+01 6.99996E-01  -3.70134E-07 7.85409E-01 
7.40998E+01 6.94996E-01  -4.58638E-07 7.80401E-01 
7.41998E+01 6.89996E-01  -5.49213E-07 7.75376E-01 
7.42998E+01 6.84996E-01  -6.41761E-07 7.70377E-01 
7.43998E+01 6.79996E-01  -7.35561E-07 7.65389E-01 
7.44998E+01 6.74996E-01  -8.32186E-07 7.60379E-01 
7.45998E+01 6.69996E-01  -9.28005E-07 7.55387E-01 
7.46998E+01 6.64996E-01  -1.02702E-06 7.50360E-01 
7.47998E+01 6.59996E-01  -1.12727E-06 7.45371E-01 
7.48998E+01 6.54996E-01  -1.22578E-06 7.40379E-01 
7.49998E+01 6.49996E-01  -1.32137E-06 7.35360E-01 
7.50998E+01 6.44996E-01  -1.42584E-06 7.30365E-01 
7.51998E+01 6.39996E-01  -1.53314E-06 7.25368E-01 
7.52998E+01 6.34996E-01  -1.64163E-06 7.20384E-01 
7.53998E+01 6.29996E-01  -1.74902E-06 7.15366E-01 
7.54998E+01 6.24996E-01  -1.85859E-06 7.10351E-01 
7.55998E+01 6.19996E-01  -1.96730E-06 7.05356E-01 
7.56998E+01 6.14996E-01  -2.08097E-06 7.00357E-01 
7.57998E+01 6.09996E-01  -2.19862E-06 6.95358E-01 
7.58998E+01 6.04996E-01  -2.31709E-06 6.90329E-01 
7.59998E+01 5.99996E-01  -2.43288E-06 6.85358E-01 
7.60998E+01 5.94997E-01  -2.54642E-06 6.80365E-01 
7.61998E+01 5.89997E-01  -2.65509E-06 6.75342E-01 
7.62998E+01 5.84997E-01  -2.77646E-06 6.70338E-01 
7.63998E+01 5.79997E-01  -2.90337E-06 6.65342E-01 
7.64998E+01 5.74997E-01  -3.02114E-06 6.60349E-01 
7.65998E+01 5.69997E-01  -3.14935E-06 6.55337E-01 
7.66998E+01 5.64997E-01  -3.27334E-06 6.50343E-01 
7.67998E+01 5.59997E-01  -3.39743E-06 6.45314E-01 
7.68998E+01 5.54997E-01  -3.52127E-06 6.40330E-01 
7.69998E+01 5.49997E-01  -3.64722E-06 6.35354E-01 
7.70998E+01 5.44997E-01  -3.77243E-06 6.30323E-01 
7.71998E+01 5.39997E-01  -3.90350E-06 6.25306E-01 
7.72998E+01 5.34997E-01  -4.03003E-06 6.20318E-01 
7.73998E+01 5.29997E-01  -4.16575E-06 6.15309E-01 
7.74998E+01 5.24997E-01  -4.29976E-06 6.10329E-01 
7.75998E+01 5.19997E-01  -4.43525E-06 6.05320E-01 
7.76998E+01 5.14997E-01  -4.56644E-06 6.00307E-01 
7.77998E+01 5.09997E-01  -4.71003E-06 5.95317E-01 
7.78998E+01 5.04997E-01  -4.85730E-06 5.90308E-01 
7.79998E+01 4.99997E-01  -5.02690E-06 5.85285E-01 
7.80998E+01 4.94997E-01  -5.16582E-06 5.80295E-01 
7.81998E+01 4.89997E-01  -5.30844E-06 5.75315E-01 
7.82998E+01 4.84997E-01  -5.45685E-06 5.70303E-01 
7.83998E+01 4.79997E-01  -5.61830E-06 5.65294E-01 
7.84998E+01 4.74997E-01  -5.77861E-06 5.60298E-01 
7.85998E+01 4.69997E-01  -5.95661E-06 5.55291E-01 
7.86998E+01 4.64997E-01  -6.10709E-06 5.50286E-01 
7.87998E+01 4.59997E-01  -6.26264E-06 5.45279E-01 
7.88998E+01 4.54997E-01  -6.44636E-06 5.40285E-01 
7.89998E+01 4.49997E-01  -6.61259E-06 5.35300E-01 
7.90998E+01 4.44997E-01  -6.79104E-06 5.30290E-01 
7.91998E+01 4.39997E-01  -6.96541E-06 5.25272E-01 
7.92998E+01 4.34997E-01  -7.18089E-06 5.20244E-01 
7.93998E+01 4.29997E-01  -7.40448E-06 5.15237E-01 
7.94998E+01 4.24997E-01  -7.60197E-06 5.10268E-01 
7.95998E+01 4.19997E-01  -7.83052E-06 5.05257E-01 
7.96998E+01 4.14997E-01  -8.04487E-06 5.00234E-01 
7.97998E+01 4.09997E-01  -8.29097E-06 4.95240E-01 
7.98998E+01 4.04997E-01  -8.57146E-06 4.90257E-01 
7.99998E+01 3.99997E-01  -8.88622E-06 4.85218E-01 
8.00998E+01 3.94997E-01  -9.12377E-06 4.80233E-01 
8.01998E+01 3.89997E-01  -9.44779E-06 4.75202E-01 
8.02998E+01 3.84997E-01  -9.73238E-06 4.70227E-01 
8.03998E+01 3.79997E-01  -1.00634E-05 4.65229E-01 
8.04998E+01 3.74997E-01  -1.04180E-05 4.60200E-01 
8.05998E+01 3.69997E-01  -1.07751E-05 4.55197E-01 
8.06998E+01 3.64997E-01  -1.11399E-05 4.50191E-01 
8.07998E+01 3.59997E-01  -1.15297E-05 4.45188E-01 
8.08998E+01 3.54997E-01  -1.19299E-05 4.40186E-01 
8.09998E+01 3.49997E-01  -1.23331E-05 4.35199E-01 
8.10998E+01 3.44997E-01  -1.27858E-05 4.30165E-01 
8.11998E+01 3.39997E-01  -1.33535E-05 4.25174E-01 
8.12998E+01 3.34997E-01  -1.37735E-05 4.20171E-01 
8.13998E+01 3.29997E-01  -1.42694E-05 4.15177E-01 
8.14998E+01 3.24997E-01  -1.47263E-05 4.10167E-01 
8.15998E+01 3.19997E-01  -1.52642E-05 4.05156E-01 
8.16998E+01 3.14997E-01  -1.57959E-05 4.00173E-01 
8.17998E+01 3.09997E-01  -1.63961E-05 3.95176E-01 
8.18998E+01 3.04997E-01  -1.69677E-05 3.90165E-01 
8.19998E+01 2.99997E-01  -1.76707E-05 3.85166E-01 
8.20998E+01 2.94997E-01  -1.82427E-05 3.80147E-01 
8.21998E+01 2.89997E-01  -1.87561E-05 3.75173E-01 
8.22998E+01 2.84997E-01  -1.93503E-05 3.70131E-01 
8.23998E+01 2.79997E-01  -2.00819E-05 3.65149E-01 
8.24998E+01 2.74997E-01  -2.08086E-05 3.60143E-01 
8.25998E+01 2.69997E-01  -2.15762E-05 3.55158E-01 
8.26998E+01 2.64997E-01  -2.22658E-05 3.50133E-01 
8.27998E+01 2.59997E-01  -2.29708E-05 3.45128E-01 
8.28998E+01 2.54997E-01  -2.37574E-05 3.40146E-01 
8.29998E+01 2.49997E-01  -2.45259E-05 3.35170E-01 
8.30998E+01 2.44997E-01  -2.52835E-05 3.30141E-01 
8.31998E+01 2.39997E-01  -2.61443E-05 3.25120E-01 
8.32998E+01 2.34997E-01  -2.70299E-05 3.20123E-01 
8.33998E+01 2.29997E-01  -2.77720E-05 3.15139E-01 
8.34998E+01 2.24997E-01  -2.85001E-05 3.10129E-01 
8.35998E+01 2.19997E-01  -2.93135E-05 3.05120E-01 
8.36998E+01 2.14997E-01  -3.01512E-05 3.00096E-01 
8.37998E+01 2.09997E-01  -3.09449E-05 2.95091E-01 
8.38998E+01 2.04997E-01  -3.20097E-05 2.90084E-01 
8.39998E+01 1.99997E-01  -3.30228E-05 2.85097E-01 
8.40998E+01 1.94998E-01  -3.37593E-05 2.80103E-01 
8.41998E+01 1.89998E-01  -3.45283E-05 2.75102E-01 
8.42998E+01 1.84998E-01  -3.52288E-05 2.70103E-01 
8.43998E+01 1.79998E-01  -3.59749E-05 2.65084E-01 
8.44998E+01 1.74998E-01  -3.67247E-05 2.60088E-01 
8.45998E+01 1.69998E-01  -3.75714E-05 2.55066E-01 
8.46998E+01 1.64998E-01  -3.84044E-05 2.50073E-01 
8.47998E+01 1.59998E-01  -3.93161E-05 2.45088E-01 
8.48998E+01 1.54998E-01  -4.03206E-05 2.40080E-01 
8.49998E+01 1.49998E-01  -4.08783E-05 2.35093E-01 
8.50998E+01 1.44998E-01  -4.13748E-05 2.30070E-01 
8.51998E+01 1.39998E-01  -4.19264E-05 2.25085E-01 
8.52998E+01 1.34998E-01  -4.24908E-05 2.20083E-01 
8.53998E+01 1.29998E-01  -4.32571E-05 2.15057E-01 
8.54998E+01 1.24998E-01  -4.39836E-05 2.10058E-01 
8.55998E+01 1.19998E-01  -4.45955E-05 2.05060E-01 
8.56998E+01 1.14998E-01  -4.51597E-05 2.00059E-01 
8.57998E+01 1.09998E-01  -4.58187E-05 1.95053E-01 
8.58998E+01 1.04998E-01  -4.67305E-05 1.90040E-01 
8.59998E+01 9.99977E-02  -4.75762E-05 1.85042E-01 
8.60998E+01 9.49978E-02  -4.83126E-05 1.80059E-01 
8.61998E+01 8.99978E-02  -4.88155E-05 1.75067E-01 
8.62998E+01 8.49978E-02  -4.97231E-05 1.70034E-01 
8.63998E+01 7.99978E-02  -5.07374E-05 1.65062E-01 
8.64998E+01 7.49978E-02  -5.06794E-05 1.60044E-01 
8.65998E+01 6.99978E-02  -5.07884E-05 1.55032E-01 
8.66998E+01 6.49978E-02  -5.10138E-05 1.50044E-01 
8.67998E+01 5.99978E-02  -5.13450E-05 1.45049E-01 
8.68998E+01 5.49979E-02  -5.17456E-05 1.40034E-01 
8.69998E+01 4.99979E-02  -5.22833E-05 1.35017E-01 
8.70998E+01 4.49979E-02  -5.26483E-05 1.30000E-01 
8.71998E+01 3.99979E-02  -5.30077E-05 1.25027E-01 
8.72998E+01 3.49979E-02  -5.31794E-05 1.20016E-01 
8.73998E+01 2.99979E-02  -5.34813E-05 1.14997E-01 
8.74998E+01 2.49979E-02  -5.38960E-05 1.09984E-01 
8.75998E+01 1.99979E-02  -5.45459E-05 1.05006E-01 
8.76998E+01 1.49980E-02  -5.49324E-05 9.99948E-02 
8.77998E+01 9.99797E-03  -5.53277E-05 9.49807E-02 
8.78998E+01 4.99799E-03  -5.58982E-05 8.99923E-02 
8.79998E+01 -2.00000E-06 -5.64716E-05 8.49857E-02 
8.80998E+01 -5.00199E-03 -5.68684E-05 7.99823E-02 
8.81998E+01 -1.00020E-02 -5.73685E-05 7.49858E-02 
8.82998E+01 -1.50020E-02 -5.76872E-05 6.99693E-02 
8.83998E+01 -2.00020E-02 -5.77749E-05 6.49690E-02 
8.84998E+01 -2.50019E-02 -5.79957E-05 5.99868E-02 
8.85998E+01 -3.00019E-02 -5.81940E-05 5.49671E-02 
8.86998E+01 -3.50019E-02 -5.83412E-05 4.99418E-02 
8.87998E+01 -4.00019E-02 -5.86075E-05 4.49740E-02 
8.88998E+01 -4.50019E-02 -5.89875E-05 3.99781E-02 
8.89998E+01 -5.00019E-02 -5.93993E-05 3.49784E-02 
8.90998E+01 -5.50019E-02 -5.95863E-05 2.99526E-02 
8.91998E+01 -6.00019E-02 -5.97060E-05 2.49578E-02 
8.92998E+01 -6.50018E-02 -5.98960E-05 1.99757E-02 
8.93998E+01 -7.00018E-02 -5.99993E-05 1.49660E-02 
8.94998E+01 -7.50018E-02 -6.01527E-05 9.97882E-03 
8.95998E+01 -8.00018E-02 -6.05839E-05 4.94792E-03 
8.96998E+01 -8.50018E-02 -6.08440E-05 -2.92957E-05
8.97998E+01 -9.00018E-02 -6.10630E-05 -5.06511E-03
8.98998E+01 -9.50018E-02 -6.11779E-05 -1.00617E-02
8.99998E+01 -1.00002E-01 -6.14148E-05 -1.50720E-02
9.00998E+01 -1.05002E-01 -6.17463E-05 -2.00885E-02
9.01998E+01 -1.10002E-01 -6.21948E-05 -2.50563E-02
9.02998E+01 -1.15002E-01 -6.26527E-05 -3.00691E-02
9.03998E+01 -1.20002E-01 -6.31177E-05 -3.50838E-02
9.04998E+01 -1.25002E-01 -6.37920E-05 -4.00853E-02
9.05998E+01 -1.30002E-01 -6.42222E-05 -4.50675E-02
9.06998E+01 -1.35002E-01 -6.42421E-05 -5.00778E-02
9.07998E+01 -1.40002E-01 -6.44465E-05 -5.50812E-02
9.08998E+01 -1.45002E-01 -6.48226E-05 -6.00828E-02
9.09998E+01 -1.50002E-01 -6.52281E-05 -6.50887E-02
9.10998E+01 -1.55002E-01 -6.57773E-05 -7.00940E-02
9.11998E+01 -1.60002E-01 -6.62010E-05 -7.50937E-02
9.12998E+01 -1.65002E-01 -6.65839E-05 -8.01364E-02
9.13998E+01 -1.70002E-01 -6.68159E-05 -8.51155E-02
9.14998E+01 -1.75002E-01 -6.72019E-05 -9.01170E-02
9.15998E+01 -1.80002E-01 -6.77370E-05 -9.51048E-02
9.16998E+01 -1.85002E-01 -6.83273E-05 -1.00127E-01
9.17998E+01 -1.90002E-01 -6.91502E-05 -1.05121E-01
9.18998E+01 -1.95002E-01 -6.97126E-05 -1.10118E-01
9.19998E+01 -2.00002E-01 -7.01185E-05 -1.15113E-01
9.20998E+01 -2.05001E-01 -7.05761E-05 -1.20147E-01
9.21998E+01 -2.10001E-01 -7.11572E-05 -1.25146E-01
9.22998E+01 -2.15001E-01 -7.19037E-05 -1.30111E-01
9.23998E+01 -2.20001E-01 -7.27752E-05 -1.35135E-01
9.24998E+01 -2.25001E-01 -7.37279E-05 -1.40141E-01
9.25998E+01 -2.30001E-01 -7.48508E-05 -1.45140E-01
9.26998E+01 -2.35001E-01 -7.60596E-05 -1.50147E-01
9.27998E+01 -2.40001E-01 -7.74727E-05 -1.55136E-01
9.28998E+01 -2.45001E-01 -7.88659E-05 -1.60167E-01
9.29998E+01 -2.50001E-01 -8.01401E-05 -1.65183E-01
9.30998E+01 -2.55001E-01 -8.14323E-05 -1.70166E-01
9.31998E+01 -2.60001E-01 -8.28323E-05 -1.75190E-01
9.32998E+01 -2.65001E-01 -8.43336E-05 -1.80199E-01
9.33998E+01 -2.70001E-01 -8.57263E-05 -1.85194E-01
9.34998E+01 -2.75001E-01 -8.72861E-05 -1.90183E-01
9.35998E+01 -2.80001E-01 -8.88916E-05 -1.95194E-01
9.36998E+01 -2.85001E-01 -9.03066E-05 -2.00190E-01
9.37998E+01 -2.90001E-01 -9.17767E-05 -2.05208E-01
9.38998E+01 -2.95001E-01 -9.34294E-05 -2.10153E-01
9.39998E+01 -3.00001E-01 -9.50899E-05 -2.15182E-01
9.40998E+01 -3.05001E-01 -9.67878E-05 -2.20188E-01
9.41998E+01 -3.10001E-01 -9.85674E-05 -2.25176E-01
9.42998E+01 -3.15001E-01 -1.00333E-04 -2.30176E-01
9.43998E+01 -3.20001E-01 -1.01793E-04 -2.35180E-01
9.44998E+01 -3.25001E-01 -1.03372E-04 -2.40188E-01
9.45998E+01 -3.30001E-01 -1.05032E-04 -2.45173E-01
9.46998E+01 -3.35001E-01 -1.06743E-04 -2.50175E-01
9.47998E+01 -3.40001E-01 -1.08507E-04 -2.55185E-01
9.48998E+01 -3.45001E-01 -1.10301E-04 -2.60195E-01
9.49998E+01 -3.50001E-01 -1.11962E-04 -2.65163E-01
9.50998E+01 -3.55001E-01 -1.13555E-04 -2.70168E-01
9.51998E+01 -3.60001E-01 -1.15230E-04 -2.75174E-01
9.52998E+01 -3.65001E-01 -1.16983E-04 -2.80199E-01
9.53998E+01 -3.70001E-01 -1.18644E-04 -2.85203E-01
9.54998E+01 -3.75001E-01 -1.20432E-04 -2.90200E-01
9.55998E+01 -3.80001E-01 -1.22116E-04 -2.95194E-01
9.56998E+01 -3.85001E-01 -1.23694E-04 -3.00202E-01
9.57998E+01 -3.90001E-01 -1.25264E-04 -3.05220E-01
9.58998E+01 -3.95001E-01 -1.26847E-04 -3.10209E-01
9.59998E+01 -4.00001E-01 -1.28375E-04 -3.15207E-01
9.60998E+01 -4.05001E-01 -1.29907E-04 -3.20203E-01
9.61998E+01 -4.10001E-01 -1.31459E-04 -3.25224E-01
9.62998E+01 -4.15001E-01 -1.32967E-04 -3.30240E-01
9.63998E+01 -4.20001E-01 -1.34461E-04 -3.35230E-01
9.64998E+01 -4.25001E-01 -1.35934E-04 -3.40259E-01
9.65998E+01 -4.30001E-01 -1.37385E-04 -3.45247E-01
9.66998E+01 -4.35001E-01 -1.38821E-04 -3.50242E-01
9.67998E+01 -4.40001E-01 -1.40234E-04 -3.55271E-01
9.68998E+01 -4.45001E-01 -1.41625E-04 -3.60278E-01
9.69998E+01 -4.50001E-01 -1.42986E-04 -3.65278E-01
9.70998E+01 -4.55001E-01 -1.44319E-04 -3.70282E-01
9.71998E+01 -4.60001E-01 -1.45653E-04 -3.75302E-01
9.72998E+01 -4.65001E-01 -1.46959E-04 -3.80278E-01
9.73998E+01 -4.70001E-01 -1.48256E-04 -3.85253E-01
9.74998E+01 -4.75001E-01 -1.49553E-04 -3.90276E-01
9.75998E+01 -4.80001E-01 -1.50812E-04 -3.95287E-01
9.76998E+01 -4.85001E-01 -1.52120E-04 -4.00277E-01
9.77998E+01 -4.90001E-01 -1.53453E-04 -4.05268E-01
9.78998E+01 -4.95001E-01 -1.54611E-04 -4.10283E-01
9.79998E+01 -5.00001E-01 -1.55851E-04 -4.15314E-01
9.80998E+01 -5.05001E-01 -1.57051E-04 -4.20291E-01
9.81998E+01 -5.10001E-01 -1.58238E-04 -4.25276E-01
9.82998E+01 -5.15001E-01 -1.59440E-04 -4.30283E-01
9.83998E+01 -5.20001E-01 -1.60835E-04 -4.35317E-01
9.84998E+01 -5.25001E-01 -1.61951E-04 -4.40298E-01
9.85998E+01 -5.30001E-01 -1.63174E-04 -4.45283E-01
9.86998E+01 -5.35001E-01 -1.64368E-04 -4.50307E-01
9.87998E+01 -5.40001E-01 -1.65573E-04 -4.55305E-01
9.88998E+01 -5.45001E-01 -1.66745E-04 -4.60301E-01
9.89998E+01 -5.50001E-01 -1.67964E-04 -4.65313E-01
9.90998E+01 -5.55001E-01 -1.69107E-04 -4.70299E-01
9.91998E+01 -5.60001E-01 -1.70427E-04 -4.75326E-01
9.92998E+01 -5.65001E-01 -1.71653E-04 -4.80330E-01
9.93998E+01 -5.70001E-01 -1.72832E-04 -4.85334E-01
9.94998E+01 -5.75001E-01 -1.74029E-04 -4.90332E-01
9.95998E+01 -5.80001E-01 -1.75245E-04 -4.95325E-01
9.96998E+01 -5.85001E-01 -1.76590E-04 -5.00357E-01
9.97998E+01 -5.90001E-01 -1.77708E-04 -5.05361E-01
9.98998E+01 -5.95001E-01 -1.79009E-04 -5.10366E-01
9.99997E+01 -6.00001E-01 -1.80257E-04 -5.15366E-01
1.00100E+02 -6.05000E-01 -1.81553E-04 -5.20372E-01
1.00200E+02 -6.10000E-01 -1.82829E-04 -5.25369E-01
1.00300E+02 -6.15000E-01 -1.84145E-04 -5.30373E-01
1.00400E+02 -6.20000E-01 -1.85442E-04 -5.35366E-01
1.00500E+02 -6.25000E-01 -1.86731E-04 -5.40363E-01
1.00600E+02 -6.30000E-01 -1.88137E-04 -5.45362E-01
1.00700E+02 -6.35000E-01 -1.89502E-04 -5.50385E-01
1.00800E+02 -6.40000E-01 -1.90861E-04 -5.55374E-01
1.00900E+02 -6.45000E-01 -1.92232E-04 -5.60381E-01
1.01000E+02 -6.50000E-01 -1.93678E-04 -5.65359E-01
1.01100E+02 -6.55000E-01 -1.95172E-04 -5.70387E-01
1.01200E+02 -6.60000E-01 -1.96671E-04 -5.75387E-01
1.01300E+02 -6.65000E-01 -1.98207E-04 -5.80390E-01
1.01400E+02 -6.70000E-01 -1.99754E-04 -5.85379E-01
1.01500E+02 -6.75000E-01 -2.01233E-04 -5.90379E-01
1.01600E+02 -6.80000E-01 -2.02869E-04 -5.95401E-01
1.01700E+02 -6.85000E-01 -2.04300E-04 -6.00399E-01
1.01800E+02 -6.90000E-01 -2.05862E-04 -6.05395E-01
1.01900E+02 -6.95000E-01 -2.07495E-04 -6.10404E-01
1.02000E+02 -7.00000E-01 -2.09055E-04 -6.15395E-01
1.02100E+02 -7.05000E-01 -2.10909E-04 -6.20392E-01
1.02200E+02 -7.10000E-01 -2.12082E-04 -6.25410E-01
1.02300E+02 -7.15000E-01 -2.13635E-04 -6.30412E-01
1.02400E+02 -7.20000E-01 -2.15192E-04 -6.35429E-01
1.02500E+02 -7.25000E-01 -2.16678E-04 -6.40425E-01
1.02600E+02 -7.30000E-01 -2.18174E-04 -6.45425E-01
1.02700E+02 -7.35000E-01 -2.19651E-04 -6.50447E-01
1.02800E+02 -7.40000E-01 -2.21422E-04 -6.55471E-01
1.02900E+02 -7.45000E-01 -2.22337E-04 -6.60446E-01
1.03000E+02 -7.50000E-01 -2.23234E-04 -6.65436E-01
1.03100E+02 -7.55000E-01 -2.24067E-04 -6.70452E-01
1.03200E+02 -7.60000E-01 -2.24401E-04 -6.75441E-01
1.03300E+02 -7.65000E-01 -2.24252E-04 -6.80488E-01
1.03400E+02 -7.70000E-01 -2.22269E-04 -6.85471E-01
1.03500E+02 -7.75000E-01 -2.18164E-04 -6.90453E-01
1.03600E+02 -7.80000E-01 -2.09821E-04 -6.95450E-01
1.03700E+02 -7.85000E-01 -1.94129E-04 -7.00478E-01
1.03800E+02 -7.90000E-01 -1.69607E-04 -7.05486E-01
1.03900E+02 -7.95000E-01 -1.46282E-04 -7.10467E-01
