time/s      E/V        I/A
0.00000E+00 -8.00000E-01 -5.10500E-05 -7.28509E-01
9.99997E-02 -7.95000E-01 -4.92608E-05 -7.23530E-01
1.99999E-01 -7.90000E-01 -4.77584E-05 -7.18525E-01
2.99999E-01 -7.85000E-01 -4.63944E-05 -7.13509E-01
3.99999E-01 -7.80000E-01 -4.51456E-05 -7.08505E-01
4.99999E-01 -7.75000E-01 -4.39760E-05 -7.03510E-01
5.99998E-01 -7.70000E-01 -4.28798E-05 -6.98523E-01
6.99998E-01 -7.65000E-01 -4.18384E-05 -6.93494E-01
7.99998E-01 -7.60000E-01 -4.08514E-05 -6.88508E-01
8.99998E-01 -7.55000E-01 -3.99105E-05 -6.83512E-01
9.99997E-01 -7.50000E-01 -3.90002E-05 -6.78520E-01
1.10000E+00 -7.45000E-01 -3.84975E-05 -6.73491E-01
1.20000E+00 -7.40000E-01 -3.76542E-05 -6.68484E-01
1.30000E+00 -7.35000E-01 -3.68449E-05 -6.63500E-01
1.40000E+00 -7.30000E-01 -3.60583E-05 -6.58498E-01
1.50000E+00 -7.25000E-01 -3.53039E-05 -6.53475E-01
1.60000E+00 -7.20000E-01 -3.45867E-05 -6.48452E-01
1.70000E+00 -7.15000E-01 -3.38753E-05 -6.43465E-01
1.80000E+00 -7.10000E-01 -3.31855E-05 -6.38477E-01
1.90000E+00 -7.05000E-01 -3.25106E-05 -6.33457E-01
1.99999E+00 -7.00000E-01 -3.18579E-05 -6.28451E-01
2.09999E+00 -6.95000E-01 -3.12246E-05 -6.23449E-01
2.19999E+00 -6.90000E-01 -3.06037E-05 -6.18453E-01
2.29999E+00 -6.85000E-01 -2.99967E-05 -6.13460E-01
2.39999E+00 -6.80000E-01 -2.94095E-05 -6.08443E-01
2.49999E+00 -6.75000E-01 -2.88309E-05 -6.03431E-01
2.59999E+00 -6.70000E-01 -2.82688E-05 -5.98432E-01
2.69999E+00 -6.65000E-01 -2.77205E-05 -5.93447E-01
2.79999E+00 -6.60000E-01 -2.71797E-05 -5.88436E-01
2.89999E+00 -6.55000E-01 -2.66538E-05 -5.83424E-01
2.99999E+00 -6.50000E-01 -2.61349E-05 -5.78426E-01
3.09999E+00 -6.45000E-01 -2.56299E-05 -5.73460E-01
3.19999E+00 -6.40000E-01 -2.51306E-05 -5.68426E-01
3.29999E+00 -6.35000E-01 -2.46433E-05 -5.63417E-01
3.39999E+00 -6.30000E-01 -2.41661E-05 -5.58412E-01
3.49999E+00 -6.25000E-01 -2.36940E-05 -5.53441E-01
3.59999E+00 -6.20000E-01 -2.32329E-05 -5.48425E-01
3.69999E+00 -6.15000E-01 -2.27811E-05 -5.43405E-01
3.79999E+00 -6.10000E-01 -2.23349E-05 -5.38409E-01
3.89999E+00 -6.05000E-01 -2.18962E-05 -5.33420E-01
3.99999E+00 -6.00001E-01 -2.14680E-05 -5.28405E-01
4.09999E+00 -5.95001E-01 -2.10449E-05 -5.23395E-01
4.19999E+00 -5.90001E-01 -2.06285E-05 -5.18406E-01
4.29999E+00 -5.85001E-01 -2.02221E-05 -5.13410E-01
4.39999E+00 -5.80001E-01 -1.98225E-05 -5.08392E-01
4.49999E+00 -5.75001E-01 -1.94312E-05 -5.03390E-01
4.59999E+00 -5.70001E-01 -1.90450E-05 -4.98396E-01
4.69999E+00 -5.65001E-01 -1.86649E-05 -4.93393E-01
4.79999E+00 -5.60001E-01 -1.83495E-05 -4.88386E-01
4.89999E+00 -5.55001E-01 -1.79655E-05 -4.83380E-01
4.99999E+00 -5.50001E-01 -1.76007E-05 -4.78353E-01
5.09999E+00 -5.45001E-01 -1.72461E-05 -4.73350E-01
5.19999E+00 -5.40001E-01 -1.68988E-05 -4.68344E-01
5.29999E+00 -5.35001E-01 -1.65549E-05 -4.63358E-01
5.39999E+00 -5.30001E-01 -1.62229E-05 -4.58373E-01
5.49999E+00 -5.25001E-01 -1.58934E-05 -4.53373E-01
5.59999E+00 -5.20001E-01 -1.55695E-05 -4.48347E-01
5.69999E+00 -5.15001E-01 -1.52513E-05 -4.43360E-01
5.79999E+00 -5.10001E-01 -1.49403E-05 -4.38357E-01
5.89999E+00 -5.05001E-01 -1.46319E-05 -4.33334E-01
5.99998E+00 -5.00001E-01 -1.43305E-05 -4.28347E-01
6.09998E+00 -4.95001E-01 -1.40356E-05 -4.23339E-01
6.19998E+00 -4.90001E-01 -1.37414E-05 -4.18346E-01
6.29998E+00 -4.85001E-01 -1.34535E-05 -4.13324E-01
6.39998E+00 -4.80001E-01 -1.31676E-05 -4.08336E-01
6.49998E+00 -4.75001E-01 -1.28870E-05 -4.03330E-01
6.59998E+00 -4.70001E-01 -1.26118E-05 -3.98347E-01
6.69998E+00 -4.65001E-01 -1.23363E-05 -3.93339E-01
6.79998E+00 -4.60001E-01 -1.20670E-05 -3.88345E-01
6.89998E+00 -4.55001E-01 -1.18016E-05 -3.83329E-01
6.99998E+00 -4.50001E-01 -1.15376E-05 -3.78315E-01
7.09998E+00 -4.45001E-01 -1.12760E-05 -3.73325E-01
7.19998E+00 -4.40001E-01 -1.10194E-05 -3.68334E-01
7.29998E+00 -4.35001E-01 -1.07638E-05 -3.63286E-01
7.39998E+00 -4.30001E-01 -1.05139E-05 -3.58308E-01
7.49998E+00 -4.25001E-01 -1.02653E-05 -3.53295E-01
7.59998E+00 -4.20001E-01 -1.00178E-05 -3.48295E-01
7.69998E+00 -4.15001E-01 -9.77491E-06 -3.43283E-01
7.79998E+00 -4.10001E-01 -9.53197E-06 -3.38289E-01
7.89998E+00 -4.05001E-01 -9.29515E-06 -3.33286E-01
7.99998E+00 -4.00001E-01 -9.05839E-06 -3.28326E-01
8.09998E+00 -3.95001E-01 -8.82614E-06 -3.23272E-01
8.19998E+00 -3.90001E-01 -8.59325E-06 -3.18253E-01
8.29998E+00 -3.85001E-01 -8.36548E-06 -3.13251E-01
8.39998E+00 -3.80001E-01 -8.13793E-06 -3.08279E-01
8.49998E+00 -3.75001E-01 -7.91387E-06 -3.03279E-01
8.59998E+00 -3.70001E-01 -7.69029E-06 -2.98264E-01
8.69998E+00 -3.65001E-01 -7.47115E-06 -2.93248E-01
8.79998E+00 -3.60001E-01 -7.25247E-06 -2.88270E-01
8.89998E+00 -3.55001E-01 -7.03518E-06 -2.83269E-01
8.99998E+00 -3.50001E-01 -6.82153E-06 -2.78265E-01
9.09998E+00 -3.45001E-01 -6.60383E-06 -2.73247E-01
9.19998E+00 -3.40001E-01 -6.39213E-06 -2.68241E-01
9.29998E+00 -3.35001E-01 -6.17999E-06 -2.63256E-01
9.39998E+00 -3.30001E-01 -5.96774E-06 -2.58248E-01
9.49998E+00 -3.25001E-01 -5.75711E-06 -2.53247E-01
9.59998E+00 -3.20001E-01 -5.54421E-06 -2.48227E-01
9.69998E+00 -3.15001E-01 -5.33531E-06 -2.43246E-01
9.79998E+00 -3.10001E-01 -5.12274E-06 -2.38228E-01
9.89998E+00 -3.05001E-01 -4.91224E-06 -2.33214E-01
9.99997E+00 -3.00001E-01 -4.69934E-06 -2.28209E-01
1.01000E+01 -2.95001E-01 -4.48390E-06 -2.23229E-01
1.02000E+01 -2.90001E-01 -4.26897E-06 -2.18250E-01
1.03000E+01 -2.85001E-01 -4.05715E-06 -2.13238E-01
1.04000E+01 -2.80001E-01 -3.84323E-06 -2.08227E-01
1.05000E+01 -2.75001E-01 -3.62723E-06 -2.03231E-01
1.06000E+01 -2.70001E-01 -3.41186E-06 -1.98235E-01
1.07000E+01 -2.65001E-01 -3.23032E-06 -1.93206E-01
1.08000E+01 -2.60001E-01 -3.00980E-06 -1.88209E-01
1.09000E+01 -2.55001E-01 -2.79132E-06 -1.83218E-01
1.10000E+01 -2.50001E-01 -2.56865E-06 -1.78224E-01
1.11000E+01 -2.45001E-01 -2.34581E-06 -1.73194E-01
1.12000E+01 -2.40001E-01 -2.12498E-06 -1.68189E-01
1.13000E+01 -2.35001E-01 -1.89765E-06 -1.63206E-01
1.14000E+01 -2.30001E-01 -1.66971E-06 -1.58199E-01
1.15000E+01 -2.25001E-01 -1.44125E-06 -1.53183E-01
1.16000E+01 -2.20001E-01 -1.20727E-06 -1.48179E-01
1.17000E+01 -2.15001E-01 -9.74088E-07 -1.43200E-01
1.18000E+01 -2.10001E-01 -7.40273E-07 -1.38181E-01
1.19000E+01 -2.05001E-01 -5.04241E-07 -1.33158E-01
1.20000E+01 -2.00002E-01 -2.64410E-07 -1.28157E-01
1.21000E+01 -1.95002E-01 -2.59402E-08 -1.23191E-01
1.22000E+01 -1.90002E-01 2.12262E-07  -1.18181E-01
1.23000E+01 -1.85002E-01 4.54911E-07  -1.13174E-01
1.24000E+01 -1.80002E-01 6.97868E-07  -1.08154E-01
1.25000E+01 -1.75002E-01 9.40372E-07  -1.03166E-01
1.26000E+01 -1.70002E-01 1.18516E-06  -9.81652E-02
1.27000E+01 -1.65002E-01 1.42946E-06  -9.31499E-02
1.28000E+01 -1.60002E-01 1.67736E-06  -8.81434E-02
1.29000E+01 -1.55002E-01 1.92813E-06  -8.31756E-02
1.30000E+01 -1.50002E-01 2.17950E-06  -7.81559E-02
1.31000E+01 -1.45002E-01 2.43519E-06  -7.31138E-02
1.32000E+01 -1.40002E-01 2.69402E-06  -6.81284E-02
1.33000E+01 -1.35002E-01 2.95578E-06  -6.31357E-02
1.34000E+01 -1.30002E-01 3.22951E-06  -5.81503E-02
1.35000E+01 -1.25002E-01 3.50835E-06  -5.31388E-02
1.36000E+01 -1.20002E-01 3.79593E-06  -4.81310E-02
1.37000E+01 -1.15002E-01 4.09757E-06  -4.31251E-02
1.38000E+01 -1.10002E-01 4.41214E-06  -3.81510E-02
1.39000E+01 -1.05002E-01 4.74205E-06  -3.31301E-02
1.40000E+01 -1.00002E-01 5.08800E-06  -2.81055E-02
1.41000E+01 -9.50018E-02 5.45426E-06  -2.31002E-02
1.42000E+01 -9.00018E-02 5.84209E-06  -1.81243E-02
1.43000E+01 -8.50018E-02 6.25597E-06  -1.31227E-02
1.44000E+01 -8.00018E-02 6.69497E-06  -8.09744E-03
1.45000E+01 -7.50018E-02 7.16379E-06  -3.08341E-03
1.46000E+01 -7.00018E-02 7.65951E-06  1.89004E-03 
1.47000E+01 -6.50018E-02 8.19309E-06  6.88597E-03 
1.48000E+01 -6.00019E-02 8.76275E-06  1.19162E-02 
1.49000E+01 -5.50019E-02 9.37113E-06  1.69153E-02 
1.50000E+01 -5.00019E-02 1.00236E-05  2.19162E-02 
1.51000E+01 -4.50019E-02 1.07177E-05  2.68984E-02 
1.52000E+01 -4.00019E-02 1.14592E-05  3.19056E-02 
1.53000E+01 -3.50019E-02 1.22506E-05  3.69121E-02 
1.54000E+01 -3.00019E-02 1.30954E-05  4.19130E-02 
1.55000E+01 -2.50019E-02 1.39989E-05  4.69339E-02 
1.56000E+01 -2.00020E-02 1.49568E-05  5.19124E-02 
1.57000E+01 -1.50020E-02 1.59712E-05  5.69432E-02 
1.58000E+01 -1.00020E-02 1.70523E-05  6.19510E-02 
1.59000E+01 -5.00199E-03 1.81954E-05  6.69189E-02 
1.60000E+01 -2.00000E-06 1.94000E-05  7.19198E-02 
1.61000E+01 4.99799E-03  2.06658E-05  7.69401E-02 
1.62000E+01 9.99797E-03  2.20424E-05  8.19609E-02 
1.63000E+01 1.49980E-02  2.34299E-05  8.69587E-02 
1.64000E+01 1.99979E-02  2.48755E-05  9.19497E-02 
1.65000E+01 2.49979E-02  2.63807E-05  9.69562E-02 
1.66000E+01 2.99979E-02  2.79326E-05  1.01958E-01 
1.67000E+01 3.49979E-02  2.95244E-05  1.06936E-01 
1.68000E+01 3.99979E-02  3.11593E-05  1.11934E-01 
1.69000E+01 4.49979E-02  3.28245E-05  1.16941E-01 
1.70000E+01 4.99979E-02  3.45143E-05  1.21961E-01 
1.71000E+01 5.49979E-02  3.62175E-05  1.26971E-01 
1.72000E+01 5.99978E-02  3.79246E-05  1.31938E-01 
1.73000E+01 6.49978E-02  3.96303E-05  1.36942E-01 
1.74000E+01 6.99978E-02  4.13248E-05  1.41961E-01 
1.75000E+01 7.49978E-02  4.29878E-05  1.46947E-01 
1.76000E+01 7.99978E-02  4.46179E-05  1.51969E-01 
1.77000E+01 8.49978E-02  4.62047E-05  1.56985E-01 
1.78000E+01 8.99978E-02  4.77315E-05  1.61967E-01 
1.79000E+01 9.49978E-02  4.92039E-05  1.66970E-01 
1.80000E+01 9.99977E-02  5.06095E-05  1.71971E-01 
1.81000E+01 1.04998E-01  5.19442E-05  1.76979E-01 
1.82000E+01 1.09998E-01  5.32138E-05  1.81986E-01 
1.83000E+01 1.14998E-01  5.44225E-05  1.87000E-01 
1.84000E+01 1.19998E-01  5.55837E-05  1.91992E-01 
1.85000E+01 1.24998E-01  5.67107E-05  1.97016E-01 
1.86000E+01 1.29998E-01  5.78234E-05  2.02022E-01 
1.87000E+01 1.34998E-01  5.89409E-05  2.07017E-01 
1.88000E+01 1.39998E-01  6.00828E-05  2.12022E-01 
1.89000E+01 1.44998E-01  6.12587E-05  2.17059E-01 
1.90000E+01 1.49998E-01  6.24628E-05  2.22049E-01 
1.91000E+01 1.54998E-01  6.36842E-05  2.27044E-01 
1.92000E+01 1.59998E-01  6.49105E-05  2.32047E-01 
1.93000E+01 1.64998E-01  6.61185E-05  2.37059E-01 
1.94000E+01 1.69998E-01  6.72902E-05  2.42073E-01 
1.95000E+01 1.74998E-01  6.84031E-05  2.47050E-01 
1.96000E+01 1.79998E-01  6.94435E-05  2.52045E-01 
1.97000E+01 1.84998E-01  7.04093E-05  2.57062E-01 
1.98000E+01 1.89998E-01  7.13064E-05  2.62067E-01 
1.99000E+01 1.94998E-01  7.21918E-05  2.67057E-01 
1.99999E+01 1.99997E-01  7.31314E-05  2.72045E-01 
2.00999E+01 2.04997E-01  7.42121E-05  2.77057E-01 
2.01999E+01 2.09997E-01  7.55794E-05  2.82073E-01 
2.02999E+01 2.14997E-01  7.73462E-05  2.87073E-01 
2.03999E+01 2.19997E-01  7.95751E-05  2.92053E-01 
2.04999E+01 2.24997E-01  8.22664E-05  2.97077E-01 
2.05999E+01 2.29997E-01  8.53732E-05  3.02072E-01 
2.06999E+01 2.34997E-01  8.87754E-05  3.07079E-01 
2.07999E+01 2.39997E-01  9.23672E-05  3.12080E-01 
2.08999E+01 2.44997E-01  9.60237E-05  3.17093E-01 
2.09999E+01 2.49997E-01  9.96807E-05  3.22084E-01 
2.10999E+01 2.54997E-01  1.03246E-04  3.27090E-01 
2.11999E+01 2.59997E-01  1.06668E-04  3.32086E-01 
2.12999E+01 2.64997E-01  1.09782E-04  3.37097E-01 
2.13999E+01 2.69997E-01  1.12488E-04  3.42089E-01 
2.14999E+01 2.74997E-01  1.14688E-04  3.47082E-01 
2.15999E+01 2.79997E-01  1.16236E-04  3.52104E-01 
2.16999E+01 2.84997E-01  1.16942E-04  3.57121E-01 
2.17999E+01 2.89997E-01  1.16627E-04  3.62104E-01 
2.18999E+01 2.94997E-01  1.15090E-04  3.67110E-01 
2.19999E+01 2.99997E-01  1.12127E-04  3.72120E-01 
2.20999E+01 3.04997E-01  1.07648E-04  3.77139E-01 
2.21999E+01 3.09997E-01  1.01823E-04  3.82137E-01 
2.22999E+01 3.14997E-01  9.49389E-05  3.87111E-01 
2.23999E+01 3.19997E-01  8.76883E-05  3.92137E-01 
2.24999E+01 3.24997E-01  8.05627E-05  3.97148E-01 
2.25999E+01 3.29997E-01  7.38401E-05  4.02124E-01 
2.26999E+01 3.34997E-01  6.81872E-05  4.07126E-01 
2.27999E+01 3.39997E-01  6.35564E-05  4.12149E-01 
2.28999E+01 3.44997E-01  6.05957E-05  4.17131E-01 
2.29999E+01 3.49997E-01  5.86465E-05  4.22120E-01 
2.30999E+01 3.54997E-01  5.73410E-05  4.27117E-01 
2.31999E+01 3.59997E-01  5.64033E-05  4.32133E-01 
2.32999E+01 3.64997E-01  5.57661E-05  4.37157E-01 
2.33999E+01 3.69997E-01  5.55116E-05  4.42140E-01 
2.34999E+01 3.74997E-01  5.50829E-05  4.47121E-01 
2.35999E+01 3.79997E-01  5.48372E-05  4.52132E-01 
2.36999E+01 3.84997E-01  5.46954E-05  4.57165E-01 
2.37999E+01 3.89997E-01  5.46538E-05  4.62172E-01 
2.38999E+01 3.94997E-01  5.47018E-05  4.67178E-01 
2.39999E+01 3.99997E-01  5.48237E-05  4.72186E-01 
2.40999E+01 4.04997E-01  5.49977E-05  4.77190E-01 
2.41999E+01 4.09997E-01  5.52258E-05  4.82185E-01 
2.42999E+01 4.14997E-01  5.55049E-05  4.87204E-01 
2.43999E+01 4.19997E-01  5.58103E-05  4.92215E-01 
2.44999E+01 4.24997E-01  5.61553E-05  4.97211E-01 
2.45999E+01 4.29997E-01  5.65237E-05  5.02203E-01 
2.46999E+01 4.34997E-01  5.69126E-05  5.07203E-01 
2.47999E+01 4.39997E-01  5.73310E-05  5.12239E-01 
2.48999E+01 4.44997E-01  5.77316E-05  5.17208E-01 
2.49999E+01 4.49997E-01  5.81579E-05  5.22193E-01 
2.50999E+01 4.54997E-01  5.85757E-05  5.27223E-01 
2.51999E+01 4.59997E-01  5.90039E-05  5.32233E-01 
2.52999E+01 4.64997E-01  5.94202E-05  5.37228E-01 
2.53999E+01 4.69997E-01  5.98370E-05  5.42217E-01 
2.54999E+01 4.74997E-01  6.02404E-05  5.47232E-01 
2.55999E+01 4.79997E-01  6.06305E-05  5.52253E-01 
2.56999E+01 4.84997E-01  6.10023E-05  5.57230E-01 
2.57999E+01 4.89997E-01  6.13544E-05  5.62233E-01 
2.58999E+01 4.94997E-01  6.16819E-05  5.67238E-01 
2.59999E+01 4.99997E-01  6.19771E-05  5.72242E-01 
2.60999E+01 5.04997E-01  6.22459E-05  5.77254E-01 
2.61999E+01 5.09997E-01  6.24790E-05  5.82219E-01 
2.62999E+01 5.14997E-01  6.26761E-05  5.87232E-01 
2.63999E+01 5.19997E-01  6.28281E-05  5.92248E-01 
2.64999E+01 5.24997E-01  6.29351E-05  5.97247E-01 
2.65999E+01 5.29997E-01  6.29976E-05  6.02246E-01 
2.66999E+01 5.34997E-01  6.29959E-05  6.07239E-01 
2.67999E+01 5.39997E-01  6.29425E-05  6.12255E-01 
2.68999E+01 5.44997E-01  6.28272E-05  6.17252E-01 
2.69999E+01 5.49997E-01  6.26435E-05  6.22251E-01 
2.70999E+01 5.54997E-01  6.23998E-05  6.27250E-01 
2.71999E+01 5.59997E-01  6.20789E-05  6.32264E-01 
2.72999E+01 5.64997E-01  6.16780E-05  6.37287E-01 
2.73999E+01 5.69997E-01  6.12039E-05  6.42291E-01 
2.74999E+01 5.74997E-01  6.06434E-05  6.47267E-01 
2.75999E+01 5.79997E-01  6.00074E-05  6.52290E-01 
2.76999E+01 5.84997E-01  5.92943E-05  6.57317E-01 
2.77999E+01 5.89997E-01  5.85017E-05  6.62281E-01 
2.78999E+01 5.94997E-01  5.76383E-05  6.67295E-01 
2.79999E+01 5.99996E-01  5.67381E-05  6.72291E-01 
2.80999E+01 6.04996E-01  5.57848E-05  6.77301E-01 
2.81999E+01 6.09996E-01  5.48145E-05  6.82315E-01 
2.82999E+01 6.14996E-01  5.38484E-05  6.87295E-01 
2.83999E+01 6.19996E-01  5.29079E-05  6.92307E-01 
2.84999E+01 6.24996E-01  5.20154E-05  6.97338E-01 
2.85999E+01 6.29996E-01  5.11982E-05  7.02339E-01 
2.86999E+01 6.34996E-01  5.04673E-05  7.07326E-01 
2.87999E+01 6.39996E-01  4.98271E-05  7.12318E-01 
2.88999E+01 6.44996E-01  4.92811E-05  7.17335E-01 
2.89999E+01 6.49996E-01  4.88304E-05  7.22319E-01 
2.90999E+01 6.54996E-01  4.84699E-05  7.27334E-01 
2.91999E+01 6.59996E-01  4.81886E-05  7.32313E-01 
2.92999E+01 6.64996E-01  4.79806E-05  7.37332E-01 
2.93999E+01 6.69996E-01  4.78211E-05  7.42330E-01 
2.94999E+01 6.74996E-01  4.77020E-05  7.47331E-01 
2.95999E+01 6.79996E-01  4.76273E-05  7.52323E-01 
2.96999E+01 6.84996E-01  4.75926E-05  7.57348E-01 
2.97999E+01 6.89996E-01  4.75863E-05  7.62366E-01 
2.98999E+01 6.94996E-01  4.76053E-05  7.67362E-01 
2.99999E+01 6.99996E-01  4.76455E-05  7.72346E-01 
3.00999E+01 7.04996E-01  4.77073E-05  7.77362E-01 
3.01999E+01 7.09996E-01  4.77810E-05  7.82373E-01 
3.02999E+01 7.14996E-01  4.78705E-05  7.87382E-01 
3.03999E+01 7.19996E-01  4.79766E-05  7.92372E-01 
3.04999E+01 7.24996E-01  4.80926E-05  7.97409E-01 
3.05999E+01 7.29996E-01  4.82195E-05  8.02375E-01 
3.06999E+01 7.34996E-01  4.83560E-05  8.07390E-01 
3.07999E+01 7.39996E-01  4.85052E-05  8.12405E-01 
3.08999E+01 7.44996E-01  4.87015E-05  8.17402E-01 
3.09999E+01 7.49996E-01  4.88452E-05  8.22412E-01 
3.10999E+01 7.54996E-01  4.90034E-05  8.27405E-01 
3.11999E+01 7.59996E-01  4.91780E-05  8.32389E-01 
3.12999E+01 7.64996E-01  4.93641E-05  8.37434E-01 
3.13999E+01 7.69996E-01  4.95630E-05  8.42417E-01 
3.14999E+01 7.74996E-01  4.97535E-05  8.47396E-01 
3.15999E+01 7.79996E-01  4.99564E-05  8.52398E-01 
3.16999E+01 7.84996E-01  5.01657E-05  8.57421E-01 
3.17999E+01 7.89996E-01  5.03750E-05  8.62408E-01 
3.18999E+01 7.94996E-01  5.05986E-05  8.67395E-01 
3.19999E+01 7.99996E-01  5.08247E-05  8.72412E-01 
3.20999E+01 8.04996E-01  5.10538E-05  8.77425E-01 
3.21999E+01 8.09996E-01  5.12942E-05  8.82419E-01 
3.22999E+01 8.14996E-01  5.15349E-05  8.87420E-01 
3.23999E+01 8.19996E-01  5.17794E-05  8.92433E-01 
3.24999E+01 8.24996E-01  5.20346E-05  8.97441E-01 
3.25999E+01 8.29996E-01  5.22897E-05  9.02427E-01 
3.26999E+01 8.34996E-01  5.25462E-05  9.07427E-01 
3.27999E+01 8.39996E-01  5.28084E-05  9.12415E-01 
3.28999E+01 8.44996E-01  5.30765E-05  9.17437E-01 
3.29999E+01 8.49996E-01  5.33468E-05  9.22418E-01 
3.30999E+01 8.54996E-01  5.36174E-05  9.27435E-01 
3.31999E+01 8.59996E-01  5.38884E-05  9.32435E-01 
3.32999E+01 8.64996E-01  5.41664E-05  9.37464E-01 
3.33999E+01 8.69996E-01  5.44542E-05  9.42466E-01 
3.34999E+01 8.74996E-01  5.47385E-05  9.47473E-01 
3.35999E+01 8.79996E-01  5.50192E-05  9.52445E-01 
3.36999E+01 8.84996E-01  5.53056E-05  9.57462E-01 
3.37999E+01 8.89996E-01  5.55923E-05  9.62480E-01 
3.38999E+01 8.94996E-01  5.58778E-05  9.67512E-01 
3.39999E+01 8.99996E-01  5.61684E-05  9.72497E-01 
3.40999E+01 9.04996E-01  5.64613E-05  9.77477E-01 
3.41999E+01 9.09996E-01  5.67513E-05  9.82495E-01 
3.42999E+01 9.14996E-01  5.70398E-05  9.87499E-01 
3.43999E+01 9.19996E-01  5.73307E-05  9.92501E-01 
3.44999E+01 9.24996E-01  5.76267E-05  9.97486E-01 
3.45999E+01 9.29996E-01  5.79177E-05  1.00249E+00 
3.46999E+01 9.34996E-01  5.82078E-05  1.00752E+00 
3.47999E+01 9.39996E-01  5.84871E-05  1.01252E+00 
3.48999E+01 9.44996E-01  5.87690E-05  1.01752E+00 
3.49999E+01 9.49996E-01  5.90522E-05  1.02250E+00 
3.50999E+01 9.54996E-01  5.93298E-05  1.02751E+00 
3.51999E+01 9.59996E-01  5.96066E-05  1.03251E+00 
3.52999E+01 9.64996E-01  5.98791E-05  1.03750E+00 
3.53999E+01 9.69996E-01  6.01513E-05  1.04250E+00 
3.54999E+01 9.74996E-01  6.04191E-05  1.04753E+00 
3.55999E+01 9.79996E-01  6.06836E-05  1.05255E+00 
3.56999E+01 9.84996E-01  6.09392E-05  1.05755E+00 
3.57999E+01 9.89996E-01  6.11840E-05  1.06254E+00 
3.58999E+01 9.94996E-01  6.14218E-05  1.06753E+00 
3.59999E+01 9.99995E-01  6.16542E-05  1.07256E+00 
3.60999E+01 1.00500E+00  6.18737E-05  1.07757E+00 
3.61999E+01 1.01000E+00  6.20871E-05  1.08254E+00 
3.62999E+01 1.01500E+00  6.22979E-05  1.08756E+00 
3.63999E+01 1.02000E+00  6.25093E-05  1.09257E+00 
3.64999E+01 1.02500E+00  6.27209E-05  1.09756E+00 
3.65999E+01 1.03000E+00  6.29518E-05  1.10256E+00 
3.66999E+01 1.03500E+00  6.31976E-05  1.10757E+00 
3.67999E+01 1.04000E+00  6.34303E-05  1.11257E+00 
3.68999E+01 1.04500E+00  6.36691E-05  1.11759E+00 
3.69999E+01 1.05000E+00  6.39186E-05  1.12260E+00 
3.70999E+01 1.05500E+00  6.41674E-05  1.12762E+00 
3.71999E+01 1.06000E+00  6.44112E-05  1.13260E+00 
3.72999E+01 1.06500E+00  6.46607E-05  1.13759E+00 
3.73999E+01 1.07000E+00  6.49173E-05  1.14258E+00 
3.74999E+01 1.07500E+00  6.51752E-05  1.14762E+00 
3.75999E+01 1.08000E+00  6.54726E-05  1.15261E+00 
3.76999E+01 1.08500E+00  6.56953E-05  1.15761E+00 
3.77999E+01 1.09000E+00  6.59611E-05  1.16261E+00 
3.78999E+01 1.09500E+00  6.62817E-05  1.16765E+00 
3.79999E+01 1.10000E+00  6.66024E-05  1.17263E+00 
3.80999E+01 1.10500E+00  6.68449E-05  1.17762E+00 
3.81999E+01 1.11000E+00  6.70355E-05  1.18262E+00 
3.82999E+01 1.11500E+00  6.72270E-05  1.18763E+00 
3.83999E+01 1.12000E+00  6.74728E-05  1.19263E+00 
3.84999E+01 1.12500E+00  6.77086E-05  1.19761E+00 
3.85999E+01 1.13000E+00  6.79708E-05  1.20262E+00 
3.86999E+01 1.13500E+00  6.82941E-05  1.20765E+00 
3.87999E+01 1.14000E+00  6.85757E-05  1.21263E+00 
3.88999E+01 1.14500E+00  6.88894E-05  1.21766E+00 
3.89999E+01 1.15000E+00  6.92042E-05  1.22265E+00 
3.90999E+01 1.15500E+00  6.95231E-05  1.22766E+00 
3.91999E+01 1.16000E+00  6.98499E-05  1.23264E+00 
3.92999E+01 1.16500E+00  7.01873E-05  1.23767E+00 
3.93999E+01 1.17000E+00  7.05158E-05  1.24265E+00 
3.94999E+01 1.17500E+00  7.08492E-05  1.24766E+00 
3.95999E+01 1.18000E+00  7.11888E-05  1.25266E+00 
3.96999E+01 1.18500E+00  7.15431E-05  1.25765E+00 
3.97999E+01 1.19000E+00  7.19055E-05  1.26265E+00 
3.98999E+01 1.19500E+00  7.22337E-05  1.26766E+00 
3.99999E+01 1.19999E+00  7.25439E-05  1.27267E+00 
4.00999E+01 1.20499E+00  7.28294E-05  1.27767E+00 
4.01999E+01 1.20999E+00  7.30925E-05  1.28265E+00 
4.02999E+01 1.21499E+00  7.33399E-05  1.28765E+00 
4.03999E+01 1.21999E+00  7.36074E-05  1.29269E+00 
4.04999E+01 1.22499E+00  7.38762E-05  1.29768E+00 
4.05999E+01 1.22999E+00  7.41544E-05  1.30267E+00 
4.06999E+01 1.23499E+00  7.44105E-05  1.30769E+00 
4.07999E+01 1.23999E+00  7.46878E-05  1.31270E+00 
4.08999E+01 1.24499E+00  7.49546E-05  1.31769E+00 
4.09999E+01 1.24999E+00  7.52459E-05  1.32269E+00 
4.10999E+01 1.25499E+00  7.55535E-05  1.32767E+00 
4.11999E+01 1.25999E+00  7.58730E-05  1.33270E+00 
4.12999E+01 1.26499E+00  7.62253E-05  1.33770E+00 
4.13999E+01 1.26999E+00  7.66357E-05  1.34270E+00 
4.14999E+01 1.27499E+00  7.70546E-05  1.34770E+00 
4.15999E+01 1.27999E+00  7.75095E-05  1.35272E+00 
4.16999E+01 1.28499E+00  7.80152E-05  1.35773E+00 
4.17999E+01 1.28999E+00  7.85627E-05  1.36271E+00 
4.18999E+01 1.29499E+00  7.91534E-05  1.36769E+00 
4.19999E+01 1.29999E+00  7.98095E-05  1.37273E+00 
4.20999E+01 1.30499E+00  8.04951E-05  1.37775E+00 
4.21999E+01 1.30999E+00  8.12313E-05  1.38273E+00 
4.22999E+01 1.31499E+00  8.20245E-05  1.38772E+00 
4.23999E+01 1.31999E+00  8.28923E-05  1.39274E+00 
4.24999E+01 1.32499E+00  8.37873E-05  1.39775E+00 
4.25999E+01 1.32999E+00  8.47374E-05  1.40273E+00 
4.26999E+01 1.33499E+00  8.57424E-05  1.40773E+00 
4.27999E+01 1.33999E+00  8.68057E-05  1.41273E+00 
4.28999E+01 1.34499E+00  8.79202E-05  1.41775E+00 
4.29999E+01 1.34999E+00  8.91099E-05  1.42276E+00 
4.30999E+01 1.35499E+00  9.03643E-05  1.42775E+00 
4.31999E+01 1.35999E+00  9.16747E-05  1.43278E+00 
4.32999E+01 1.36499E+00  9.30637E-05  1.43778E+00 
4.33999E+01 1.36999E+00  9.44911E-05  1.44276E+00 
4.34999E+01 1.37499E+00  9.59893E-05  1.44779E+00 
4.35999E+01 1.37999E+00  9.75554E-05  1.45278E+00 
4.36999E+01 1.38499E+00  9.91847E-05  1.45777E+00 
4.37999E+01 1.38999E+00  1.00855E-04  1.46276E+00 
4.38999E+01 1.39499E+00  1.02591E-04  1.46778E+00 
4.39999E+01 1.39999E+00  1.04404E-04  1.47280E+00 
4.40999E+01 1.40499E+00  1.06278E-04  1.47777E+00 
4.41999E+01 1.40999E+00  1.08236E-04  1.48278E+00 
4.42999E+01 1.41499E+00  1.10252E-04  1.48779E+00 
4.43999E+01 1.41999E+00  1.12350E-04  1.49281E+00 
4.44999E+01 1.42499E+00  1.14497E-04  1.49780E+00 
4.45999E+01 1.42999E+00  1.16736E-04  1.50279E+00 
4.46999E+01 1.43499E+00  1.19033E-04  1.50779E+00 
4.47999E+01 1.43999E+00  1.21463E-04  1.51280E+00 
4.48999E+01 1.44499E+00  1.23943E-04  1.51780E+00 
4.49999E+01 1.44999E+00  1.26441E-04  1.52280E+00 
4.50999E+01 1.45499E+00  1.28988E-04  1.52780E+00 
4.51999E+01 1.45999E+00  1.31622E-04  1.53281E+00 
4.52999E+01 1.46499E+00  1.34328E-04  1.53782E+00 
4.53999E+01 1.46999E+00  1.37010E-04  1.54283E+00 
4.54999E+01 1.47499E+00  1.39784E-04  1.54782E+00 
4.55999E+01 1.47999E+00  1.42616E-04  1.55283E+00 
4.56999E+01 1.48499E+00  1.45541E-04  1.55782E+00 
4.57999E+01 1.48999E+00  1.48466E-04  1.56283E+00 
4.58999E+01 1.49499E+00  1.51462E-04  1.56783E+00 
4.59999E+01 1.49999E+00  1.54516E-04  1.57283E+00 
4.60999E+01 1.50499E+00  1.57545E-04  1.57784E+00 
4.61999E+01 1.50999E+00  1.60656E-04  1.58285E+00 
4.62999E+01 1.51499E+00  1.63786E-04  1.58788E+00 
4.63999E+01 1.51999E+00  1.66952E-04  1.59286E+00 
4.64999E+01 1.52499E+00  1.70195E-04  1.59785E+00 
4.65999E+01 1.52999E+00  1.73449E-04  1.60288E+00 
4.66999E+01 1.53499E+00  1.76801E-04  1.60788E+00 
4.67999E+01 1.53999E+00  1.80170E-04  1.61288E+00 
4.68999E+01 1.54499E+00  1.83570E-04  1.61788E+00 
4.69999E+01 1.54999E+00  1.87004E-04  1.62288E+00 
4.70999E+01 1.55499E+00  1.90482E-04  1.62790E+00 
4.71999E+01 1.55999E+00  1.94008E-04  1.63291E+00 
4.72999E+01 1.56499E+00  1.97533E-04  1.63789E+00 
4.73999E+01 1.56999E+00  2.01081E-04  1.64288E+00 
4.74999E+01 1.57499E+00  2.04665E-04  1.64790E+00 
4.75999E+01 1.57999E+00  2.08281E-04  1.65291E+00 
4.76999E+01 1.58499E+00  2.11898E-04  1.65790E+00 
4.77999E+01 1.58999E+00  2.15947E-04  1.66291E+00 
4.78999E+01 1.59499E+00  2.19588E-04  1.66793E+00 
4.79999E+01 1.59999E+00  2.23213E-04  1.67292E+00 
4.80999E+01 1.60499E+00  2.26828E-04  1.67791E+00 
4.81999E+01 1.60999E+00  2.30549E-04  1.68291E+00 
4.82999E+01 1.61499E+00  2.34383E-04  1.68794E+00 
4.83999E+01 1.61999E+00  2.38134E-04  1.69292E+00 
4.84999E+01 1.62499E+00  2.41766E-04  1.69789E+00 
4.85999E+01 1.62999E+00  2.45436E-04  1.70290E+00 
4.86999E+01 1.63499E+00  2.49179E-04  1.70791E+00 
4.87999E+01 1.63999E+00  2.52931E-04  1.71292E+00 
4.88999E+01 1.64499E+00  2.56690E-04  1.71794E+00 
4.89999E+01 1.64999E+00  2.60446E-04  1.72292E+00 
4.90999E+01 1.65499E+00  2.64196E-04  1.72795E+00 
4.91999E+01 1.65999E+00  2.67938E-04  1.73293E+00 
4.92999E+01 1.66499E+00  2.71685E-04  1.73792E+00 
4.93999E+01 1.66999E+00  2.75437E-04  1.74293E+00 
4.94999E+01 1.67499E+00  2.79231E-04  1.74795E+00 
4.95999E+01 1.67999E+00  2.82969E-04  1.75294E+00 
4.96999E+01 1.68499E+00  2.86660E-04  1.75799E+00 
4.97999E+01 1.68999E+00  2.90393E-04  1.76298E+00 
4.98999E+01 1.69499E+00  2.94051E-04  1.76797E+00 
4.99999E+01 1.69999E+00  2.97733E-04  1.77297E+00 
5.00999E+01 1.70499E+00  3.01329E-04  1.77797E+00 
5.01999E+01 1.70999E+00  3.04962E-04  1.78299E+00 
5.02999E+01 1.71499E+00  3.08539E-04  1.78800E+00 
5.03999E+01 1.71999E+00  3.12099E-04  1.79299E+00 
5.04999E+01 1.72499E+00  3.15621E-04  1.79796E+00 
5.05999E+01 1.72999E+00  3.19138E-04  1.80300E+00 
5.06999E+01 1.73499E+00  3.22604E-04  1.80802E+00 
5.07999E+01 1.73999E+00  3.26075E-04  1.81300E+00 
5.08999E+01 1.74499E+00  3.29486E-04  1.81798E+00 
5.09999E+01 1.74999E+00  3.32837E-04  1.82300E+00 
5.10999E+01 1.75499E+00  3.36134E-04  1.82801E+00 
5.11999E+01 1.75999E+00  3.39356E-04  1.83301E+00 
5.12999E+01 1.76499E+00  3.42535E-04  1.83800E+00 
5.13999E+01 1.76999E+00  3.45740E-04  1.84302E+00 
5.14999E+01 1.77499E+00  3.48974E-04  1.84802E+00 
5.15999E+01 1.77999E+00  3.52007E-04  1.85301E+00 
5.16999E+01 1.78499E+00  3.55082E-04  1.85802E+00 
5.17999E+01 1.78999E+00  3.58034E-04  1.86303E+00 
5.18999E+01 1.79499E+00  3.60973E-04  1.86805E+00 
5.19999E+01 1.79999E+00  3.63912E-04  1.87304E+00 
5.20999E+01 1.79499E+00  3.56428E-04  1.86804E+00 
5.21999E+01 1.78999E+00  3.49133E-04  1.86301E+00 
5.22999E+01 1.78499E+00  3.42151E-04  1.85803E+00 
5.23999E+01 1.77999E+00  3.35305E-04  1.85302E+00 
5.24999E+01 1.77499E+00  3.28545E-04  1.84805E+00 
5.25999E+01 1.76999E+00  3.21979E-04  1.84303E+00 
5.26999E+01 1.76499E+00  3.15662E-04  1.83805E+00 
5.27999E+01 1.75999E+00  3.09324E-04  1.83307E+00 
5.28999E+01 1.75499E+00  3.03181E-04  1.82805E+00 
5.29999E+01 1.74999E+00  2.97121E-04  1.82304E+00 
5.30999E+01 1.74499E+00  2.91151E-04  1.81800E+00 
5.31999E+01 1.73999E+00  2.85356E-04  1.81302E+00 
5.32999E+01 1.73499E+00  2.79554E-04  1.80804E+00 
5.33999E+01 1.72999E+00  2.73861E-04  1.80303E+00 
5.34999E+01 1.72499E+00  2.68183E-04  1.79800E+00 
5.35999E+01 1.71999E+00  2.62619E-04  1.79300E+00 
5.36999E+01 1.71499E+00  2.57128E-04  1.78799E+00 
5.37999E+01 1.70999E+00  2.51782E-04  1.78299E+00 
5.38999E+01 1.70499E+00  2.46506E-04  1.77800E+00 
5.39999E+01 1.69999E+00  2.41317E-04  1.77296E+00 
5.40999E+01 1.69499E+00  2.36177E-04  1.76800E+00 
5.41999E+01 1.68999E+00  2.31134E-04  1.76299E+00 
5.42999E+01 1.68499E+00  2.26192E-04  1.75798E+00 
5.43999E+01 1.67999E+00  2.21446E-04  1.75295E+00 
5.44999E+01 1.67499E+00  2.16601E-04  1.74795E+00 
5.45999E+01 1.66999E+00  2.11864E-04  1.74295E+00 
5.46999E+01 1.66499E+00  2.07238E-04  1.73795E+00 
5.47999E+01 1.65999E+00  2.02774E-04  1.73296E+00 
5.48999E+01 1.65499E+00  1.98319E-04  1.72793E+00 
5.49999E+01 1.64999E+00  1.93868E-04  1.72291E+00 
5.50999E+01 1.64499E+00  1.89434E-04  1.71794E+00 
5.51999E+01 1.63999E+00  1.85195E-04  1.71294E+00 
5.52999E+01 1.63499E+00  1.81004E-04  1.70793E+00 
5.53999E+01 1.62999E+00  1.76835E-04  1.70290E+00 
5.54999E+01 1.62499E+00  1.72751E-04  1.69790E+00 
5.55999E+01 1.61999E+00  1.68722E-04  1.69292E+00 
5.56999E+01 1.61499E+00  1.64781E-04  1.68791E+00 
5.57999E+01 1.60999E+00  1.60885E-04  1.68291E+00 
5.58999E+01 1.60499E+00  1.57042E-04  1.67790E+00 
5.59999E+01 1.59999E+00  1.53241E-04  1.67291E+00 
5.60999E+01 1.59499E+00  1.49484E-04  1.66793E+00 
5.61999E+01 1.58999E+00  1.45838E-04  1.66293E+00 
5.62999E+01 1.58499E+00  1.42277E-04  1.65788E+00 
5.63999E+01 1.57999E+00  1.38756E-04  1.65289E+00 
5.64999E+01 1.57499E+00  1.35261E-04  1.64790E+00 
5.65999E+01 1.56999E+00  1.31852E-04  1.64290E+00 
5.66999E+01 1.56499E+00  1.28516E-04  1.63789E+00 
5.67999E+01 1.55999E+00  1.25223E-04  1.63289E+00 
5.68999E+01 1.55499E+00  1.21974E-04  1.62790E+00 
5.69999E+01 1.54999E+00  1.18771E-04  1.62287E+00 
5.70999E+01 1.54499E+00  1.15625E-04  1.61787E+00 
5.71999E+01 1.53999E+00  1.12519E-04  1.61289E+00 
5.72999E+01 1.53499E+00  1.09479E-04  1.60790E+00 
5.73999E+01 1.52999E+00  1.06441E-04  1.60289E+00 
5.74999E+01 1.52499E+00  1.03524E-04  1.59788E+00 
5.75999E+01 1.51999E+00  1.00616E-04  1.59286E+00 
5.76999E+01 1.51499E+00  9.77550E-05  1.58788E+00 
5.77999E+01 1.50999E+00  9.49585E-05  1.58288E+00 
5.78999E+01 1.50499E+00  9.22461E-05  1.57788E+00 
5.79999E+01 1.49999E+00  8.95555E-05  1.57287E+00 
5.80999E+01 1.49499E+00  8.69380E-05  1.56787E+00 
5.81999E+01 1.48999E+00  8.43669E-05  1.56286E+00 
5.82999E+01 1.48499E+00  8.18506E-05  1.55789E+00 
5.83999E+01 1.47999E+00  7.93739E-05  1.55287E+00 
5.84999E+01 1.47499E+00  7.69545E-05  1.54787E+00 
5.85999E+01 1.46999E+00  7.45769E-05  1.54286E+00 
5.86999E+01 1.46499E+00  7.22541E-05  1.53787E+00 
5.87999E+01 1.45999E+00  6.99904E-05  1.53286E+00 
5.88999E+01 1.45499E+00  6.77429E-05  1.52784E+00 
5.89999E+01 1.44999E+00  6.55543E-05  1.52285E+00 
5.90999E+01 1.44499E+00  6.33978E-05  1.51782E+00 
5.91999E+01 1.43999E+00  6.13047E-05  1.51284E+00 
5.92999E+01 1.43499E+00  5.92658E-05  1.50781E+00 
5.93999E+01 1.42999E+00  5.72714E-05  1.50285E+00 
5.94999E+01 1.42499E+00  5.53578E-05  1.49782E+00 
5.95999E+01 1.41999E+00  5.34573E-05  1.49284E+00 
5.96999E+01 1.41499E+00  5.16258E-05  1.48783E+00 
5.97999E+01 1.40999E+00  4.98301E-05  1.48282E+00 
5.98999E+01 1.40499E+00  4.80800E-05  1.47784E+00 
5.99998E+01 1.39999E+00  4.64439E-05  1.47284E+00 
6.00998E+01 1.39499E+00  4.47836E-05  1.46782E+00 
6.01998E+01 1.38999E+00  4.31935E-05  1.46280E+00 
6.02998E+01 1.38499E+00  4.16463E-05  1.45781E+00 
6.03998E+01 1.37999E+00  4.01569E-05  1.45280E+00 
6.04998E+01 1.37499E+00  3.87192E-05  1.44779E+00 
6.05998E+01 1.36999E+00  3.73355E-05  1.44278E+00 
6.06998E+01 1.36499E+00  3.56294E-05  1.43780E+00 
6.07998E+01 1.35999E+00  3.43458E-05  1.43279E+00 
6.08998E+01 1.35499E+00  3.30290E-05  1.42777E+00 
6.09998E+01 1.34999E+00  3.18204E-05  1.42275E+00 
6.10998E+01 1.34499E+00  3.06479E-05  1.41775E+00 
6.11998E+01 1.33999E+00  2.95225E-05  1.41274E+00 
6.12998E+01 1.33499E+00  2.84355E-05  1.40774E+00 
6.13998E+01 1.32999E+00  2.73877E-05  1.40272E+00 
6.14998E+01 1.32499E+00  2.63713E-05  1.39776E+00 
6.15998E+01 1.31999E+00  2.54094E-05  1.39272E+00 
6.16998E+01 1.31499E+00  2.45328E-05  1.38771E+00 
6.17998E+01 1.30999E+00  2.36197E-05  1.38272E+00 
6.18998E+01 1.30499E+00  2.27674E-05  1.37772E+00 
6.19998E+01 1.29999E+00  2.19592E-05  1.37272E+00 
6.20998E+01 1.29499E+00  2.12079E-05  1.36772E+00 
6.21998E+01 1.28999E+00  2.04583E-05  1.36271E+00 
6.22998E+01 1.28499E+00  1.97455E-05  1.35772E+00 
6.23998E+01 1.27999E+00  1.90652E-05  1.35272E+00 
6.24998E+01 1.27499E+00  1.84178E-05  1.34770E+00 
6.25998E+01 1.26999E+00  1.78059E-05  1.34271E+00 
6.26998E+01 1.26499E+00  1.72287E-05  1.33772E+00 
6.27998E+01 1.25999E+00  1.66748E-05  1.33271E+00 
6.28998E+01 1.25499E+00  1.61481E-05  1.32770E+00 
6.29998E+01 1.24999E+00  1.56499E-05  1.32271E+00 
6.30998E+01 1.24499E+00  1.51697E-05  1.31770E+00 
6.31998E+01 1.23999E+00  1.47208E-05  1.31270E+00 
6.32998E+01 1.23499E+00  1.42886E-05  1.30770E+00 
6.33998E+01 1.22999E+00  1.39239E-05  1.30269E+00 
6.34998E+01 1.22499E+00  1.35488E-05  1.29771E+00 
6.35998E+01 1.21999E+00  1.31671E-05  1.29270E+00 
6.36998E+01 1.21499E+00  1.28097E-05  1.28769E+00 
6.37998E+01 1.20999E+00  1.24731E-05  1.28269E+00 
6.38998E+01 1.20499E+00  1.21535E-05  1.27769E+00 
6.39998E+01 1.19999E+00  1.18502E-05  1.27268E+00 
6.40998E+01 1.19500E+00  1.15644E-05  1.26770E+00 
6.41998E+01 1.19000E+00  1.12906E-05  1.26268E+00 
6.42998E+01 1.18500E+00  1.10300E-05  1.25767E+00 
6.43998E+01 1.18000E+00  1.07829E-05  1.25270E+00 
6.44998E+01 1.17500E+00  1.05513E-05  1.24767E+00 
6.45998E+01 1.17000E+00  1.03301E-05  1.24266E+00 
6.46998E+01 1.16500E+00  1.01202E-05  1.23766E+00 
6.47998E+01 1.16000E+00  9.92239E-06  1.23266E+00 
6.48998E+01 1.15500E+00  9.73051E-06  1.22767E+00 
6.49998E+01 1.15000E+00  9.54650E-06  1.22263E+00 
6.50998E+01 1.14500E+00  9.37549E-06  1.21765E+00 
6.51998E+01 1.14000E+00  9.20761E-06  1.21265E+00 
6.52998E+01 1.13500E+00  9.04452E-06  1.20763E+00 
6.53998E+01 1.13000E+00  8.88934E-06  1.20265E+00 
6.54998E+01 1.12500E+00  8.74282E-06  1.19762E+00 
6.55998E+01 1.12000E+00  8.59961E-06  1.19263E+00 
6.56998E+01 1.11500E+00  8.46126E-06  1.18763E+00 
6.57998E+01 1.11000E+00  8.32097E-06  1.18264E+00 
6.58998E+01 1.10500E+00  8.19298E-06  1.17763E+00 
6.59998E+01 1.10000E+00  8.06626E-06  1.17261E+00 
6.60998E+01 1.09500E+00  7.94669E-06  1.16763E+00 
6.61998E+01 1.09000E+00  7.82977E-06  1.16263E+00 
6.62998E+01 1.08500E+00  7.71662E-06  1.15760E+00 
6.63998E+01 1.08000E+00  7.60572E-06  1.15260E+00 
6.64998E+01 1.07500E+00  7.49567E-06  1.14762E+00 
6.65998E+01 1.07000E+00  7.39132E-06  1.14261E+00 
6.66998E+01 1.06500E+00  7.28807E-06  1.13760E+00 
6.67998E+01 1.06000E+00  7.18922E-06  1.13261E+00 
6.68998E+01 1.05500E+00  7.09180E-06  1.12762E+00 
6.69998E+01 1.05000E+00  6.99530E-06  1.12262E+00 
6.70998E+01 1.04500E+00  6.90179E-06  1.11758E+00 
6.71998E+01 1.04000E+00  6.82121E-06  1.11257E+00 
6.72998E+01 1.03500E+00  6.73408E-06  1.10759E+00 
6.73998E+01 1.03000E+00  6.64691E-06  1.10256E+00 
6.74998E+01 1.02500E+00  6.56475E-06  1.09755E+00 
6.75998E+01 1.02000E+00  6.48724E-06  1.09257E+00 
6.76998E+01 1.01500E+00  6.39796E-06  1.08755E+00 
6.77998E+01 1.01000E+00  6.31226E-06  1.08254E+00 
6.78998E+01 1.00500E+00  6.22938E-06  1.07754E+00 
6.79998E+01 9.99995E-01  6.14428E-06  1.07255E+00 
6.80998E+01 9.94996E-01  6.06085E-06  1.06756E+00 
6.81998E+01 9.89996E-01  5.97349E-06  1.06253E+00 
6.82998E+01 9.84996E-01  5.88886E-06  1.05755E+00 
6.83998E+01 9.79996E-01  5.80366E-06  1.05255E+00 
6.84998E+01 9.74996E-01  5.72151E-06  1.04753E+00 
6.85998E+01 9.69996E-01  5.63618E-06  1.04252E+00 
6.86998E+01 9.64996E-01  5.55075E-06  1.03752E+00 
6.87998E+01 9.59996E-01  5.46749E-06  1.03252E+00 
6.88998E+01 9.54996E-01  5.38749E-06  1.02752E+00 
6.89998E+01 9.49996E-01  5.30478E-06  1.02251E+00 
6.90998E+01 9.44996E-01  5.21978E-06  1.01753E+00 
6.91998E+01 9.39996E-01  5.14349E-06  1.01252E+00 
6.92998E+01 9.34996E-01  5.05991E-06  1.00751E+00 
6.93998E+01 9.29996E-01  4.98063E-06  1.00253E+00 
6.94998E+01 9.24996E-01  4.90143E-06  9.97526E-01 
6.95998E+01 9.19996E-01  4.83727E-06  9.92534E-01 
6.96998E+01 9.14996E-01  4.75824E-06  9.87530E-01 
6.97998E+01 9.09996E-01  4.67471E-06  9.82512E-01 
6.98998E+01 9.04996E-01  4.59173E-06  9.77511E-01 
6.99998E+01 8.99996E-01  4.50965E-06  9.72516E-01 
7.00998E+01 8.94996E-01  4.42617E-06  9.67537E-01 
7.01998E+01 8.89996E-01  4.34711E-06  9.62504E-01 
7.02998E+01 8.84996E-01  4.26286E-06  9.57505E-01 
7.03998E+01 8.79996E-01  4.18423E-06  9.52491E-01 
7.04998E+01 8.74996E-01  4.10392E-06  9.47509E-01 
7.05998E+01 8.69996E-01  4.05633E-06  9.42504E-01 
7.06998E+01 8.64996E-01  3.94673E-06  9.37477E-01 
7.07998E+01 8.59996E-01  3.85871E-06  9.32453E-01 
7.08998E+01 8.54996E-01  3.73598E-06  9.27470E-01 
7.09998E+01 8.49996E-01  3.65009E-06  9.22471E-01 
7.10998E+01 8.44996E-01  3.56609E-06  9.17467E-01 
7.11998E+01 8.39996E-01  3.48318E-06  9.12469E-01 
7.12998E+01 8.34996E-01  3.39440E-06  9.07449E-01 
7.13998E+01 8.29996E-01  3.30724E-06  9.02464E-01 
7.14998E+01 8.24996E-01  3.22204E-06  8.97486E-01 
7.15998E+01 8.19996E-01  3.13388E-06  8.92448E-01 
7.16998E+01 8.14996E-01  3.04576E-06  8.87441E-01 
7.17998E+01 8.09996E-01  2.95807E-06  8.82460E-01 
7.18998E+01 8.04996E-01  2.86894E-06  8.77476E-01 
7.19998E+01 7.99996E-01  2.77750E-06  8.72456E-01 
7.20998E+01 7.94996E-01  2.68991E-06  8.67450E-01 
7.21998E+01 7.89996E-01  2.59662E-06  8.62449E-01 
7.22998E+01 7.84996E-01  2.50581E-06  8.57471E-01 
7.23998E+01 7.79996E-01  2.41290E-06  8.52442E-01 
7.24998E+01 7.74996E-01  2.31915E-06  8.47439E-01 
7.25998E+01 7.69996E-01  2.22557E-06  8.42429E-01 
7.26998E+01 7.64996E-01  2.13027E-06  8.37429E-01 
7.27998E+01 7.59996E-01  2.03688E-06  8.32437E-01 
7.28998E+01 7.54996E-01  1.93848E-06  8.27421E-01 
7.29998E+01 7.49996E-01  1.84373E-06  8.22429E-01 
7.30998E+01 7.44996E-01  1.74463E-06  8.17426E-01 
7.31998E+01 7.39996E-01  1.64876E-06  8.12420E-01 
7.32998E+01 7.34996E-01  1.54877E-06  8.07417E-01 
7.33998E+01 7.29996E-01  1.45390E-06  8.02419E-01 
7.34998E+01 7.24996E-01  1.35423E-06  7.97402E-01 
7.35998E+01 7.19996E-01  1.25096E-06  7.92384E-01 
7.36998E+01 7.14996E-01  1.14454E-06  7.87424E-01 
7.37998E+01 7.09996E-01  1.03715E-06  7.82376E-01 
7.38998E+01 7.04996E-01  9.32995E-07  7.77379E-01 
7.39998E+01 6.99996E-01  8.23936E-07  7.72356E-01 
7.40998E+01 6.94996E-01  7.16917E-07  7.67382E-01 
7.41998E+01 6.89996E-01  6.07273E-07  7.62373E-01 
7.42998E+01 6.84996E-01  4.98304E-07  7.57357E-01 
7.43998E+01 6.79996E-01  3.82946E-07  7.52353E-01 
7.44998E+01 6.74996E-01  2.65138E-07  7.47372E-01 
7.45998E+01 6.69996E-01  1.53175E-07  7.42374E-01 
7.46998E+01 6.64996E-01  3.95718E-08  7.37348E-01 
7.47998E+01 6.59996E-01  -7.56109E-08 7.32333E-01 
7.48998E+01 6.54996E-01  -1.92530E-07 7.27360E-01 
7.49998E+01 6.49996E-01  -3.13021E-07 7.22353E-01 
7.50998E+01 6.44996E-01  -4.27507E-07 7.17347E-01 
7.51998E+01 6.39996E-01  -5.42545E-07 7.12360E-01 
7.52998E+01 6.34996E-01  -6.58519E-07 7.07325E-01 
7.53998E+01 6.29996E-01  -7.81826E-07 7.02345E-01 
7.54998E+01 6.24996E-01  -9.06430E-07 6.97334E-01 
7.55998E+01 6.19996E-01  -1.03446E-06 6.92334E-01 
7.56998E+01 6.14996E-01  -1.15863E-06 6.87323E-01 
7.57998E+01 6.09996E-01  -1.28904E-06 6.82331E-01 
7.58998E+01 6.04996E-01  -1.41767E-06 6.77316E-01 
7.59998E+01 5.99996E-01  -1.55169E-06 6.72335E-01 
7.60998E+01 5.94997E-01  -1.68605E-06 6.67316E-01 
7.61998E+01 5.89997E-01  -1.82447E-06 6.62332E-01 
7.62998E+01 5.84997E-01  -1.96175E-06 6.57330E-01 
7.63998E+01 5.79997E-01  -2.09937E-06 6.52326E-01 
7.64998E+01 5.74997E-01  -2.23772E-06 6.47307E-01 
7.65998E+01 5.69997E-01  -2.38431E-06 6.42324E-01 
7.66998E+01 5.64997E-01  -2.52703E-06 6.37316E-01 
7.67998E+01 5.59997E-01  -2.67937E-06 6.32299E-01 
7.68998E+01 5.54997E-01  -2.82586E-06 6.27282E-01 
7.69998E+01 5.49997E-01  -2.97511E-06 6.22271E-01 
7.70998E+01 5.44997E-01  -3.12100E-06 6.17275E-01 
7.71998E+01 5.39997E-01  -3.27572E-06 6.12281E-01 
7.72998E+01 5.34997E-01  -3.43920E-06 6.07257E-01 
7.73998E+01 5.29997E-01  -3.60903E-06 6.02248E-01 
7.74998E+01 5.24997E-01  -3.77670E-06 5.97255E-01 
7.75998E+01 5.19997E-01  -3.95289E-06 5.92263E-01 
7.76998E+01 5.14997E-01  -4.12773E-06 5.87269E-01 
7.77998E+01 5.09997E-01  -4.30486E-06 5.82251E-01 
7.78998E+01 5.04997E-01  -4.48011E-06 5.77257E-01 
7.79998E+01 4.99997E-01  -4.67546E-06 5.72262E-01 
7.80998E+01 4.94997E-01  -4.86380E-06 5.67241E-01 
7.81998E+01 4.89997E-01  -5.06672E-06 5.62232E-01 
7.82998E+01 4.84997E-01  -5.26974E-06 5.57249E-01 
7.83998E+01 4.79997E-01  -5.48150E-06 5.52252E-01 
7.84998E+01 4.74997E-01  -5.70284E-06 5.47250E-01 
7.85998E+01 4.69997E-01  -5.93340E-06 5.42220E-01 
7.86998E+01 4.64997E-01  -6.16793E-06 5.37232E-01 
7.87998E+01 4.59997E-01  -6.42225E-06 5.32240E-01 
7.88998E+01 4.54997E-01  -6.67719E-06 5.27223E-01 
7.89998E+01 4.49997E-01  -6.94390E-06 5.22210E-01 
7.90998E+01 4.44997E-01  -7.21992E-06 5.17237E-01 
7.91998E+01 4.39997E-01  -7.50604E-06 5.12238E-01 
7.92998E+01 4.34997E-01  -7.80118E-06 5.07215E-01 
7.93998E+01 4.29997E-01  -8.10876E-06 5.02196E-01 
7.94998E+01 4.24997E-01  -8.43138E-06 4.97238E-01 
7.95998E+01 4.19997E-01  -8.76078E-06 4.92222E-01 
7.96998E+01 4.14997E-01  -9.10570E-06 4.87222E-01 
7.97998E+01 4.09997E-01  -9.46135E-06 4.82222E-01 
7.98998E+01 4.04997E-01  -9.83305E-06 4.77198E-01 
7.99998E+01 3.99997E-01  -1.02184E-05 4.72194E-01 
8.00998E+01 3.94997E-01  -1.06131E-05 4.67184E-01 
8.01998E+01 3.89997E-01  -1.10289E-05 4.62178E-01 
8.02998E+01 3.84997E-01  -1.14556E-05 4.57180E-01 
8.03998E+01 3.79997E-01  -1.18980E-05 4.52166E-01 
8.04998E+01 3.74997E-01  -1.23540E-05 4.47166E-01 
8.05998E+01 3.69997E-01  -1.28277E-05 4.42158E-01 
8.06998E+01 3.64997E-01  -1.33205E-05 4.37179E-01 
8.07998E+01 3.59997E-01  -1.38282E-05 4.32165E-01 
8.08998E+01 3.54997E-01  -1.43507E-05 4.27164E-01 
8.09998E+01 3.49997E-01  -1.48886E-05 4.22160E-01 
8.10998E+01 3.44997E-01  -1.54448E-05 4.17156E-01 
8.11998E+01 3.39997E-01  -1.60193E-05 4.12150E-01 
8.12998E+01 3.34997E-01  -1.66051E-05 4.07151E-01 
8.13998E+01 3.29997E-01  -1.72113E-05 4.02146E-01 
8.14998E+01 3.24997E-01  -1.78388E-05 3.97163E-01 
8.15998E+01 3.19997E-01  -1.84816E-05 3.92150E-01 
8.16998E+01 3.14997E-01  -1.91433E-05 3.87124E-01 
8.17998E+01 3.09997E-01  -1.98199E-05 3.82130E-01 
8.18998E+01 3.04997E-01  -2.05223E-05 3.77144E-01 
8.19998E+01 2.99997E-01  -2.12403E-05 3.72115E-01 
8.20998E+01 2.94997E-01  -2.19419E-05 3.67121E-01 
8.21998E+01 2.89997E-01  -2.26855E-05 3.62097E-01 
8.22998E+01 2.84997E-01  -2.34347E-05 3.57126E-01 
8.23998E+01 2.79997E-01  -2.42008E-05 3.52122E-01 
8.24998E+01 2.74997E-01  -2.49772E-05 3.47109E-01 
8.25998E+01 2.69997E-01  -2.57689E-05 3.42095E-01 
8.26998E+01 2.64997E-01  -2.65794E-05 3.37105E-01 
8.27998E+01 2.59997E-01  -2.73816E-05 3.32088E-01 
8.28998E+01 2.54997E-01  -2.81758E-05 3.27092E-01 
8.29998E+01 2.49997E-01  -2.89795E-05 3.22083E-01 
8.30998E+01 2.44997E-01  -2.97944E-05 3.17094E-01 
8.31998E+01 2.39997E-01  -3.06243E-05 3.12046E-01 
8.32998E+01 2.34997E-01  -3.14656E-05 3.07081E-01 
8.33998E+01 2.29997E-01  -3.23053E-05 3.02048E-01 
8.34998E+01 2.24997E-01  -3.31579E-05 2.97065E-01 
8.35998E+01 2.19997E-01  -3.39969E-05 2.92051E-01 
8.36998E+01 2.14997E-01  -3.48173E-05 2.87064E-01 
8.37998E+01 2.09997E-01  -3.56271E-05 2.82049E-01 
8.38998E+01 2.04997E-01  -3.64172E-05 2.77047E-01 
8.39998E+01 1.99997E-01  -3.72048E-05 2.72050E-01 
8.40998E+01 1.94998E-01  -3.79746E-05 2.67041E-01 
8.41998E+01 1.89998E-01  -3.87341E-05 2.62037E-01 
8.42998E+01 1.84998E-01  -3.94702E-05 2.57022E-01 
8.43998E+01 1.79998E-01  -4.01982E-05 2.52019E-01 
8.44998E+01 1.74998E-01  -4.09094E-05 2.47038E-01 
8.45998E+01 1.69998E-01  -4.16094E-05 2.42049E-01 
8.46998E+01 1.64998E-01  -4.22921E-05 2.37023E-01 
8.47998E+01 1.59998E-01  -4.29504E-05 2.32024E-01 
8.48998E+01 1.54998E-01  -4.35961E-05 2.27038E-01 
8.49998E+01 1.49998E-01  -4.42331E-05 2.22026E-01 
8.50998E+01 1.44998E-01  -4.48517E-05 2.17028E-01 
8.51998E+01 1.39998E-01  -4.54603E-05 2.12011E-01 
8.52998E+01 1.34998E-01  -4.60632E-05 2.07020E-01 
8.53998E+01 1.29998E-01  -4.66543E-05 2.02014E-01 
8.54998E+01 1.24998E-01  -4.72403E-05 1.96990E-01 
8.55998E+01 1.19998E-01  -4.78251E-05 1.92007E-01 
8.56998E+01 1.14998E-01  -4.84119E-05 1.87009E-01 
8.57998E+01 1.09998E-01  -4.89942E-05 1.82026E-01 
8.58998E+01 1.04998E-01  -4.95793E-05 1.77014E-01 
8.59998E+01 9.99977E-02  -5.01543E-05 1.71998E-01 
8.60998E+01 9.49978E-02  -5.07340E-05 1.66999E-01 
8.61998E+01 8.99978E-02  -5.13103E-05 1.62008E-01 
8.62998E+01 8.49978E-02  -5.18719E-05 1.57032E-01 
8.63998E+01 7.99978E-02  -5.24290E-05 1.51995E-01 
8.64998E+01 7.49978E-02  -5.29753E-05 1.46975E-01 
8.65998E+01 6.99978E-02  -5.35054E-05 1.41982E-01 
8.66998E+01 6.49978E-02  -5.40156E-05 1.36987E-01 
8.67998E+01 5.99978E-02  -5.45061E-05 1.31968E-01 
8.68998E+01 5.49979E-02  -5.49787E-05 1.26987E-01 
8.69998E+01 4.99979E-02  -5.54298E-05 1.21997E-01 
8.70998E+01 4.49979E-02  -5.58572E-05 1.17002E-01 
8.71998E+01 3.99979E-02  -5.62568E-05 1.11971E-01 
8.72998E+01 3.49979E-02  -5.66380E-05 1.06967E-01 
8.73998E+01 2.99979E-02  -5.69985E-05 1.01971E-01 
8.74998E+01 2.49979E-02  -5.73384E-05 9.69912E-02 
8.75998E+01 1.99979E-02  -5.76554E-05 9.19521E-02 
8.76998E+01 1.49980E-02  -5.79586E-05 8.69669E-02 
8.77998E+01 9.99797E-03  -5.82458E-05 8.19809E-02 
8.78998E+01 4.99799E-03  -5.85237E-05 7.69650E-02 
8.79998E+01 -2.00000E-06 -5.87813E-05 7.19610E-02 
8.80998E+01 -5.00199E-03 -5.90358E-05 6.69495E-02 
8.81998E+01 -1.00020E-02 -5.92825E-05 6.19604E-02 
8.82998E+01 -1.50020E-02 -5.95263E-05 5.69532E-02 
8.83998E+01 -2.00020E-02 -5.97655E-05 5.19323E-02 
8.84998E+01 -2.50019E-02 -6.00037E-05 4.69096E-02 
8.85998E+01 -3.00019E-02 -6.02427E-05 4.19261E-02 
8.86998E+01 -3.50019E-02 -6.04803E-05 3.69171E-02 
8.87998E+01 -4.00019E-02 -6.07175E-05 3.18980E-02 
8.88998E+01 -4.50019E-02 -6.09568E-05 2.68940E-02 
8.89998E+01 -5.00019E-02 -6.11943E-05 2.19243E-02 
8.90998E+01 -5.50019E-02 -6.14400E-05 1.69109E-02 
8.91998E+01 -6.00019E-02 -6.16890E-05 1.18968E-02 
8.92998E+01 -6.50018E-02 -6.19400E-05 6.89347E-03 
8.93998E+01 -7.00018E-02 -6.21942E-05 1.91878E-03 
8.94998E+01 -7.50018E-02 -6.24568E-05 -3.09652E-03
8.95998E+01 -8.00018E-02 -6.27180E-05 -8.09493E-03
8.96998E+01 -8.50018E-02 -6.29892E-05 -1.31059E-02
8.97998E+01 -9.00018E-02 -6.32669E-05 -1.81286E-02
8.98998E+01 -9.50018E-02 -6.35495E-05 -2.30958E-02
8.99998E+01 -1.00002E-01 -6.38389E-05 -2.81017E-02
9.00998E+01 -1.05002E-01 -6.41352E-05 -3.31176E-02
9.01998E+01 -1.10002E-01 -6.44409E-05 -3.81179E-02
9.02998E+01 -1.15002E-01 -6.47526E-05 -4.31126E-02
9.03998E+01 -1.20002E-01 -6.50740E-05 -4.80954E-02
9.04998E+01 -1.25002E-01 -6.54000E-05 -5.31150E-02
9.05998E+01 -1.30002E-01 -6.57429E-05 -5.81216E-02
9.06998E+01 -1.35002E-01 -6.60966E-05 -6.31269E-02
9.07998E+01 -1.40002E-01 -6.64673E-05 -6.81184E-02
9.08998E+01 -1.45002E-01 -6.68513E-05 -7.31381E-02
9.09998E+01 -1.50002E-01 -6.72528E-05 -7.81346E-02
9.10998E+01 -1.55002E-01 -6.76837E-05 -8.31474E-02
9.11998E+01 -1.60002E-01 -6.81398E-05 -8.81159E-02
9.12998E+01 -1.65002E-01 -6.86398E-05 -9.31387E-02
9.13998E+01 -1.70002E-01 -6.91887E-05 -9.81359E-02
9.14998E+01 -1.75002E-01 -6.98085E-05 -1.03158E-01
9.15998E+01 -1.80002E-01 -7.05195E-05 -1.08155E-01
9.16998E+01 -1.85002E-01 -7.13375E-05 -1.13145E-01
9.17998E+01 -1.90002E-01 -7.22929E-05 -1.18141E-01
9.18998E+01 -1.95002E-01 -7.33824E-05 -1.23139E-01
9.19998E+01 -2.00002E-01 -7.46036E-05 -1.28148E-01
9.20998E+01 -2.05001E-01 -7.59264E-05 -1.33155E-01
9.21998E+01 -2.10001E-01 -7.73154E-05 -1.38164E-01
9.22998E+01 -2.15001E-01 -7.87502E-05 -1.43180E-01
9.23998E+01 -2.20001E-01 -8.02057E-05 -1.48177E-01
9.24998E+01 -2.25001E-01 -8.16823E-05 -1.53155E-01
9.25998E+01 -2.30001E-01 -8.31690E-05 -1.58171E-01
9.26998E+01 -2.35001E-01 -8.46661E-05 -1.63174E-01
9.27998E+01 -2.40001E-01 -8.61795E-05 -1.68177E-01
9.28998E+01 -2.45001E-01 -8.77058E-05 -1.73205E-01
9.29998E+01 -2.50001E-01 -8.92519E-05 -1.78200E-01
9.30998E+01 -2.55001E-01 -9.08047E-05 -1.83186E-01
9.31998E+01 -2.60001E-01 -9.23775E-05 -1.88199E-01
9.32998E+01 -2.65001E-01 -9.39474E-05 -1.93175E-01
9.33998E+01 -2.70001E-01 -9.55354E-05 -1.98205E-01
9.34998E+01 -2.75001E-01 -9.71236E-05 -2.03195E-01
9.35998E+01 -2.80001E-01 -9.87078E-05 -2.08202E-01
9.36998E+01 -2.85001E-01 -1.00295E-04 -2.13196E-01
9.37998E+01 -2.90001E-01 -1.01879E-04 -2.18214E-01
9.38998E+01 -2.95001E-01 -1.03454E-04 -2.23202E-01
9.39998E+01 -3.00001E-01 -1.05025E-04 -2.28213E-01
9.40998E+01 -3.05001E-01 -1.06578E-04 -2.33211E-01
9.41998E+01 -3.10001E-01 -1.08115E-04 -2.38227E-01
9.42998E+01 -3.15001E-01 -1.09634E-04 -2.43251E-01
9.43998E+01 -3.20001E-01 -1.11137E-04 -2.48232E-01
9.44998E+01 -3.25001E-01 -1.12595E-04 -2.53204E-01
9.45998E+01 -3.30001E-01 -1.14031E-04 -2.58235E-01
9.46998E+01 -3.35001E-01 -1.15445E-04 -2.63248E-01
9.47998E+01 -3.40001E-01 -1.16823E-04 -2.68257E-01
9.48998E+01 -3.45001E-01 -1.18177E-04 -2.73242E-01
9.49998E+01 -3.50001E-01 -1.19507E-04 -2.78250E-01
9.50998E+01 -3.55001E-01 -1.20814E-04 -2.83268E-01
9.51998E+01 -3.60001E-01 -1.22078E-04 -2.88242E-01
9.52998E+01 -3.65001E-01 -1.23332E-04 -2.93240E-01
9.53998E+01 -3.70001E-01 -1.24524E-04 -2.98258E-01
9.54998E+01 -3.75001E-01 -1.25713E-04 -3.03280E-01
9.55998E+01 -3.80001E-01 -1.26867E-04 -3.08267E-01
9.56998E+01 -3.85001E-01 -1.28002E-04 -3.13260E-01
9.57998E+01 -3.90001E-01 -1.29155E-04 -3.18264E-01
9.58998E+01 -3.95001E-01 -1.30219E-04 -3.23286E-01
9.59998E+01 -4.00001E-01 -1.31267E-04 -3.28279E-01
9.60998E+01 -4.05001E-01 -1.32297E-04 -3.33286E-01
9.61998E+01 -4.10001E-01 -1.33261E-04 -3.38298E-01
9.62998E+01 -4.15001E-01 -1.34315E-04 -3.43285E-01
9.63998E+01 -4.20001E-01 -1.35276E-04 -3.48315E-01
9.64998E+01 -4.25001E-01 -1.36217E-04 -3.53305E-01
9.65998E+01 -4.30001E-01 -1.37155E-04 -3.58287E-01
9.66998E+01 -4.35001E-01 -1.38052E-04 -3.63304E-01
9.67998E+01 -4.40001E-01 -1.38921E-04 -3.68303E-01
9.68998E+01 -4.45001E-01 -1.39786E-04 -3.73284E-01
9.69998E+01 -4.50001E-01 -1.40629E-04 -3.78285E-01
9.70998E+01 -4.55001E-01 -1.41452E-04 -3.83289E-01
9.71998E+01 -4.60001E-01 -1.42299E-04 -3.88310E-01
9.72998E+01 -4.65001E-01 -1.43158E-04 -3.93324E-01
9.73998E+01 -4.70001E-01 -1.43922E-04 -3.98331E-01
9.74998E+01 -4.75001E-01 -1.44679E-04 -4.03315E-01
9.75998E+01 -4.80001E-01 -1.45442E-04 -4.08310E-01
9.76998E+01 -4.85001E-01 -1.46192E-04 -4.13319E-01
9.77998E+01 -4.90001E-01 -1.46941E-04 -4.18329E-01
9.78998E+01 -4.95001E-01 -1.47640E-04 -4.23325E-01
9.79998E+01 -5.00001E-01 -1.48363E-04 -4.28333E-01
9.80998E+01 -5.05001E-01 -1.49067E-04 -4.33328E-01
9.81998E+01 -5.10001E-01 -1.49714E-04 -4.38327E-01
9.82998E+01 -5.15001E-01 -1.50500E-04 -4.43335E-01
9.83998E+01 -5.20001E-01 -1.51148E-04 -4.48321E-01
9.84998E+01 -5.25001E-01 -1.51936E-04 -4.53340E-01
9.85998E+01 -5.30001E-01 -1.52595E-04 -4.58358E-01
9.86998E+01 -5.35001E-01 -1.53248E-04 -4.63347E-01
9.87998E+01 -5.40001E-01 -1.53881E-04 -4.68334E-01
9.88998E+01 -5.45001E-01 -1.54546E-04 -4.73357E-01
9.89998E+01 -5.50001E-01 -1.55231E-04 -4.78357E-01
9.90998E+01 -5.55001E-01 -1.55907E-04 -4.83338E-01
9.91998E+01 -5.60001E-01 -1.56550E-04 -4.88363E-01
9.92998E+01 -5.65001E-01 -1.57214E-04 -4.93359E-01
9.93998E+01 -5.70001E-01 -1.57977E-04 -4.98377E-01
9.94998E+01 -5.75001E-01 -1.58611E-04 -5.03378E-01
9.95998E+01 -5.80001E-01 -1.59346E-04 -5.08397E-01
9.96998E+01 -5.85001E-01 -1.60072E-04 -5.13413E-01
9.97998E+01 -5.90001E-01 -1.60740E-04 -5.18397E-01
9.98998E+01 -5.95001E-01 -1.61587E-04 -5.23398E-01
9.99997E+01 -6.00001E-01 -1.62327E-04 -5.28415E-01
1.00100E+02 -6.05000E-01 -1.62880E-04 -5.33417E-01
1.00200E+02 -6.10000E-01 -1.63576E-04 -5.38415E-01
1.00300E+02 -6.15000E-01 -1.64315E-04 -5.43406E-01
1.00400E+02 -6.20000E-01 -1.65020E-04 -5.48423E-01
1.00500E+02 -6.25000E-01 -1.65687E-04 -5.53415E-01
1.00600E+02 -6.30000E-01 -1.66399E-04 -5.58421E-01
1.00700E+02 -6.35000E-01 -1.66946E-04 -5.63407E-01
1.00800E+02 -6.40000E-01 -1.67625E-04 -5.68428E-01
1.00900E+02 -6.45000E-01 -1.68204E-04 -5.73457E-01
1.01000E+02 -6.50000E-01 -1.68842E-04 -5.78421E-01
1.01100E+02 -6.55000E-01 -1.69424E-04 -5.83409E-01
1.01200E+02 -6.60000E-01 -1.69909E-04 -5.88425E-01
1.01300E+02 -6.65000E-01 -1.70689E-04 -5.93424E-01
1.01400E+02 -6.70000E-01 -1.71101E-04 -5.98442E-01
1.01500E+02 -6.75000E-01 -1.71500E-04 -6.03434E-01
1.01600E+02 -6.80000E-01 -1.71996E-04 -6.08434E-01
1.01700E+02 -6.85000E-01 -1.72344E-04 -6.13424E-01
1.01800E+02 -6.90000E-01 -1.72568E-04 -6.18429E-01
1.01900E+02 -6.95000E-01 -1.72594E-04 -6.23437E-01
1.02000E+02 -7.00000E-01 -1.72296E-04 -6.28444E-01
1.02100E+02 -7.05000E-01 -1.71767E-04 -6.33448E-01
1.02200E+02 -7.10000E-01 -1.70612E-04 -6.38457E-01
1.02300E+02 -7.15000E-01 -1.68167E-04 -6.43450E-01
1.02400E+02 -7.20000E-01 -1.63696E-04 -6.48451E-01
1.02500E+02 -7.25000E-01 -1.55850E-04 -6.53470E-01
1.02600E+02 -7.30000E-01 -1.43550E-04 -6.58478E-01
1.02700E+02 -7.35000E-01 -1.28405E-04 -6.63467E-01
1.02800E+02 -7.40000E-01 -1.14498E-04 -6.68467E-01
1.02900E+02 -7.45000E-01 -1.04605E-04 -6.73498E-01
1.03000E+02 -7.50000E-01 -9.78217E-05 -6.78492E-01
1.03100E+02 -7.55000E-01 -9.26945E-05 -6.83494E-01
1.03200E+02 -7.60000E-01 -8.85398E-05 -6.88479E-01
1.03300E+02 -7.65000E-01 -8.50398E-05 -6.93494E-01
1.03400E+02 -7.70000E-01 -8.19659E-05 -6.98527E-01
1.03500E+02 -7.75000E-01 -7.92439E-05 -7.03508E-01
1.03600E+02 -7.80000E-01 -7.67628E-05 -7.08514E-01
1.03700E+02 -7.85000E-01 -7.45392E-05 -7.13509E-01
1.03800E+02 -7.90000E-01 -7.24818E-05 -7.18520E-01
1.03900E+02 -7.95000E-01 -7.06183E-05 -7.23528E-01
