time/s      E/V        I/A
0.00000E+00 -8.00000E-01 -1.06540E-04 -7.17603E-01
9.99997E-02 -7.95000E-01 -9.99774E-05 -7.12602E-01
1.99999E-01 -7.90000E-01 -9.44405E-05 -7.07613E-01
2.99999E-01 -7.85000E-01 -8.95437E-05 -7.02613E-01
3.99999E-01 -7.80000E-01 -8.51751E-05 -6.97612E-01
4.99999E-01 -7.75000E-01 -8.12878E-05 -6.92607E-01
5.99998E-01 -7.70000E-01 -7.76573E-05 -6.87606E-01
6.99998E-01 -7.65000E-01 -7.43189E-05 -6.82596E-01
7.99998E-01 -7.60000E-01 -7.13106E-05 -6.77610E-01
8.99998E-01 -7.55000E-01 -6.85673E-05 -6.72593E-01
9.99997E-01 -7.50000E-01 -6.60190E-05 -6.67581E-01
1.10000E+00 -7.45000E-01 -6.36610E-05 -6.62587E-01
1.20000E+00 -7.40000E-01 -6.14728E-05 -6.57609E-01
1.30000E+00 -7.35000E-01 -5.94254E-05 -6.52580E-01
1.40000E+00 -7.30000E-01 -5.75272E-05 -6.47564E-01
1.50000E+00 -7.25000E-01 -5.57412E-05 -6.42567E-01
1.60000E+00 -7.20000E-01 -5.40636E-05 -6.37565E-01
1.70000E+00 -7.15000E-01 -5.24730E-05 -6.32567E-01
1.80000E+00 -7.10000E-01 -5.09668E-05 -6.27558E-01
1.90000E+00 -7.05000E-01 -4.95411E-05 -6.22570E-01
1.99999E+00 -7.00000E-01 -4.81679E-05 -6.17556E-01
2.09999E+00 -6.95000E-01 -4.68691E-05 -6.12574E-01
2.19999E+00 -6.90000E-01 -4.56315E-05 -6.07556E-01
2.29999E+00 -6.85000E-01 -4.44382E-05 -6.02562E-01
2.39999E+00 -6.80000E-01 -4.33001E-05 -5.97575E-01
2.49999E+00 -6.75000E-01 -4.22072E-05 -5.92560E-01
2.59999E+00 -6.70000E-01 -4.11603E-05 -5.87553E-01
2.69999E+00 -6.65000E-01 -4.01511E-05 -5.82522E-01
2.79999E+00 -6.60000E-01 -3.91806E-05 -5.77548E-01
2.89999E+00 -6.55000E-01 -3.82404E-05 -5.72551E-01
2.99999E+00 -6.50000E-01 -3.78007E-05 -5.67533E-01
3.09999E+00 -6.45000E-01 -3.69315E-05 -5.62528E-01
3.19999E+00 -6.40000E-01 -3.60855E-05 -5.57532E-01
3.29999E+00 -6.35000E-01 -3.52624E-05 -5.52519E-01
3.39999E+00 -6.30000E-01 -3.44688E-05 -5.47546E-01
3.49999E+00 -6.25000E-01 -3.37003E-05 -5.42521E-01
3.59999E+00 -6.20000E-01 -3.29512E-05 -5.37535E-01
3.69999E+00 -6.15000E-01 -3.22387E-05 -5.32528E-01
3.79999E+00 -6.10000E-01 -3.15320E-05 -5.27526E-01
3.89999E+00 -6.05000E-01 -3.08469E-05 -5.22511E-01
3.99999E+00 -6.00001E-01 -3.01784E-05 -5.17523E-01
4.09999E+00 -5.95001E-01 -2.95350E-05 -5.12530E-01
4.19999E+00 -5.90001E-01 -2.89016E-05 -5.07516E-01
4.29999E+00 -5.85001E-01 -2.82892E-05 -5.02506E-01
4.39999E+00 -5.80001E-01 -2.76921E-05 -4.97519E-01
4.49999E+00 -5.75001E-01 -2.71094E-05 -4.92496E-01
4.59999E+00 -5.70001E-01 -2.65394E-05 -4.87491E-01
4.69999E+00 -5.65001E-01 -2.59890E-05 -4.82466E-01
4.79999E+00 -5.60001E-01 -2.54491E-05 -4.77492E-01
4.89999E+00 -5.55001E-01 -2.49176E-05 -4.72498E-01
4.99999E+00 -5.50001E-01 -2.43953E-05 -4.67476E-01
5.09999E+00 -5.45001E-01 -2.38871E-05 -4.62484E-01
5.19999E+00 -5.40001E-01 -2.33932E-05 -4.57486E-01
5.29999E+00 -5.35001E-01 -2.29064E-05 -4.52477E-01
5.39999E+00 -5.30001E-01 -2.24302E-05 -4.47454E-01
5.49999E+00 -5.25001E-01 -2.19622E-05 -4.42465E-01
5.59999E+00 -5.20001E-01 -2.14975E-05 -4.37479E-01
5.69999E+00 -5.15001E-01 -2.10459E-05 -4.32469E-01
5.79999E+00 -5.10001E-01 -2.06091E-05 -4.27468E-01
5.89999E+00 -5.05001E-01 -2.01751E-05 -4.22461E-01
5.99998E+00 -5.00001E-01 -1.97493E-05 -4.17469E-01
6.09998E+00 -4.95001E-01 -1.93301E-05 -4.12444E-01
6.19998E+00 -4.90001E-01 -1.89180E-05 -4.07444E-01
6.29998E+00 -4.85001E-01 -1.85151E-05 -4.02449E-01
6.39998E+00 -4.80001E-01 -1.81167E-05 -3.97459E-01
6.49998E+00 -4.75001E-01 -1.77264E-05 -3.92472E-01
6.59998E+00 -4.70001E-01 -1.73392E-05 -3.87437E-01
6.69998E+00 -4.65001E-01 -1.69607E-05 -3.82449E-01
6.79998E+00 -4.60001E-01 -1.65859E-05 -3.77452E-01
6.89998E+00 -4.55001E-01 -1.62205E-05 -3.72446E-01
6.99998E+00 -4.50001E-01 -1.58566E-05 -3.67433E-01
7.09998E+00 -4.45001E-01 -1.54993E-05 -3.62444E-01
7.19998E+00 -4.40001E-01 -1.51459E-05 -3.57429E-01
7.29998E+00 -4.35001E-01 -1.47981E-05 -3.52434E-01
7.39998E+00 -4.30001E-01 -1.44552E-05 -3.47429E-01
7.49998E+00 -4.25001E-01 -1.41167E-05 -3.42413E-01
7.59998E+00 -4.20001E-01 -1.37813E-05 -3.37426E-01
7.69998E+00 -4.15001E-01 -1.34501E-05 -3.32443E-01
7.79998E+00 -4.10001E-01 -1.31250E-05 -3.27423E-01
7.89998E+00 -4.05001E-01 -1.28023E-05 -3.22427E-01
7.99998E+00 -4.00001E-01 -1.24812E-05 -3.17427E-01
8.09998E+00 -3.95001E-01 -1.21608E-05 -3.12410E-01
8.19998E+00 -3.90001E-01 -1.18404E-05 -3.07409E-01
8.29998E+00 -3.85001E-01 -1.15229E-05 -3.02400E-01
8.39998E+00 -3.80001E-01 -1.12175E-05 -2.97394E-01
8.49998E+00 -3.75001E-01 -1.09164E-05 -2.92395E-01
8.59998E+00 -3.70001E-01 -1.06130E-05 -2.87411E-01
8.69998E+00 -3.65001E-01 -1.03056E-05 -2.82399E-01
8.79998E+00 -3.60001E-01 -1.00005E-05 -2.77373E-01
8.89998E+00 -3.55001E-01 -9.69508E-06 -2.72375E-01
8.99998E+00 -3.50001E-01 -9.39365E-06 -2.67392E-01
9.09998E+00 -3.45001E-01 -9.09188E-06 -2.62393E-01
9.19998E+00 -3.40001E-01 -8.79292E-06 -2.57392E-01
9.29998E+00 -3.35001E-01 -8.49730E-06 -2.52362E-01
9.39998E+00 -3.30001E-01 -8.19652E-06 -2.47391E-01
9.49998E+00 -3.25001E-01 -7.90209E-06 -2.42371E-01
9.59998E+00 -3.20001E-01 -7.61131E-06 -2.37358E-01
9.69998E+00 -3.15001E-01 -7.31261E-06 -2.32366E-01
9.79998E+00 -3.10001E-01 -7.01803E-06 -2.27364E-01
9.89998E+00 -3.05001E-01 -6.72295E-06 -2.22348E-01
9.99997E+00 -3.00001E-01 -6.42283E-06 -2.17357E-01
1.01000E+01 -2.95001E-01 -6.12592E-06 -2.12364E-01
1.02000E+01 -2.90001E-01 -5.83294E-06 -2.07352E-01
1.03000E+01 -2.85001E-01 -5.53312E-06 -2.02370E-01
1.04000E+01 -2.80001E-01 -5.23736E-06 -1.97340E-01
1.05000E+01 -2.75001E-01 -4.94034E-06 -1.92336E-01
1.06000E+01 -2.70001E-01 -4.64508E-06 -1.87348E-01
1.07000E+01 -2.65001E-01 -4.34925E-06 -1.82369E-01
1.08000E+01 -2.60001E-01 -4.04665E-06 -1.77367E-01
1.09000E+01 -2.55001E-01 -3.74640E-06 -1.72332E-01
1.10000E+01 -2.50001E-01 -3.44350E-06 -1.67319E-01
1.11000E+01 -2.45001E-01 -3.13942E-06 -1.62310E-01
1.12000E+01 -2.40001E-01 -2.88897E-06 -1.57314E-01
1.13000E+01 -2.35001E-01 -2.58400E-06 -1.52315E-01
1.14000E+01 -2.30001E-01 -2.28151E-06 -1.47314E-01
1.15000E+01 -2.25001E-01 -1.98039E-06 -1.42321E-01
1.16000E+01 -2.20001E-01 -1.68159E-06 -1.37299E-01
1.17000E+01 -2.15001E-01 -1.38019E-06 -1.32293E-01
1.18000E+01 -2.10001E-01 -1.07516E-06 -1.27304E-01
1.19000E+01 -2.05001E-01 -7.77312E-07 -1.22313E-01
1.20000E+01 -2.00002E-01 -4.80598E-07 -1.17314E-01
1.21000E+01 -1.95002E-01 -1.83643E-07 -1.12292E-01
1.22000E+01 -1.90002E-01 1.14222E-07  -1.07296E-01
1.23000E+01 -1.85002E-01 4.07801E-07  -1.02324E-01
1.24000E+01 -1.80002E-01 7.01730E-07  -9.73020E-02
1.25000E+01 -1.75002E-01 9.96561E-07  -9.23068E-02
1.26000E+01 -1.70002E-01 1.28791E-06  -8.72839E-02
1.27000E+01 -1.65002E-01 1.57972E-06  -8.22993E-02
1.28000E+01 -1.60002E-01 1.87557E-06  -7.72978E-02
1.29000E+01 -1.55002E-01 2.17254E-06  -7.22868E-02
1.30000E+01 -1.50002E-01 2.47614E-06  -6.72740E-02
1.31000E+01 -1.45002E-01 2.77519E-06  -6.22763E-02
1.32000E+01 -1.40002E-01 3.09725E-06  -5.72835E-02
1.33000E+01 -1.35002E-01 3.43485E-06  -5.22994E-02
1.34000E+01 -1.30002E-01 3.78231E-06  -4.72960E-02
1.35000E+01 -1.25002E-01 4.16152E-06  -4.22950E-02
1.36000E+01 -1.20002E-01 4.55985E-06  -3.73085E-02
1.37000E+01 -1.15002E-01 4.96859E-06  -3.22751E-02
1.38000E+01 -1.10002E-01 5.40528E-06  -2.72754E-02
1.39000E+01 -1.05002E-01 5.85848E-06  -2.22664E-02
1.40000E+01 -1.00002E-01 6.35410E-06  -1.73036E-02
1.41000E+01 -9.50018E-02 6.88920E-06  -1.22833E-02
1.42000E+01 -9.00018E-02 7.46568E-06  -7.26053E-03
1.43000E+01 -8.50018E-02 8.10680E-06  -2.25647E-03
1.44000E+01 -8.00018E-02 8.79891E-06  2.72198E-03 
1.45000E+01 -7.50018E-02 9.52036E-06  7.73601E-03 
1.46000E+01 -7.00018E-02 1.02970E-05  1.27450E-02 
1.47000E+01 -6.50018E-02 1.11089E-05  1.77684E-02 
1.48000E+01 -6.00019E-02 1.19806E-05  2.27619E-02 
1.49000E+01 -5.50019E-02 1.29127E-05  2.77285E-02 
1.50000E+01 -5.00019E-02 1.39095E-05  3.27425E-02 
1.51000E+01 -4.50019E-02 1.49635E-05  3.77733E-02 
1.52000E+01 -4.00019E-02 1.60896E-05  4.27400E-02 
1.53000E+01 -3.50019E-02 1.72816E-05  4.77621E-02 
1.54000E+01 -3.00019E-02 1.85349E-05  5.27724E-02 
1.55000E+01 -2.50019E-02 1.98606E-05  5.77858E-02 
1.56000E+01 -2.00020E-02 2.12509E-05  6.27842E-02 
1.57000E+01 -1.50020E-02 2.27736E-05  6.77677E-02 
1.58000E+01 -1.00020E-02 2.43039E-05  7.27904E-02 
1.59000E+01 -5.00199E-03 2.59031E-05  7.77914E-02 
1.60000E+01 -2.00000E-06 2.75659E-05  8.28066E-02 
1.61000E+01 4.99799E-03  2.92718E-05  8.78094E-02 
1.62000E+01 9.99797E-03  3.10418E-05  9.28147E-02 
1.63000E+01 1.49980E-02  3.28574E-05  9.78163E-02 
1.64000E+01 1.99979E-02  3.47251E-05  1.02815E-01 
1.65000E+01 2.49979E-02  3.66230E-05  1.07796E-01 
1.66000E+01 2.99979E-02  3.85636E-05  1.12806E-01 
1.67000E+01 3.49979E-02  4.05280E-05  1.17831E-01 
1.68000E+01 3.99979E-02  4.25053E-05  1.22824E-01 
1.69000E+01 4.49979E-02  4.45069E-05  1.27822E-01 
1.70000E+01 4.99979E-02  4.65139E-05  1.32815E-01 
1.71000E+01 5.49979E-02  4.85211E-05  1.37834E-01 
1.72000E+01 5.99978E-02  5.05186E-05  1.42838E-01 
1.73000E+01 6.49978E-02  5.25189E-05  1.47834E-01 
1.74000E+01 6.99978E-02  5.45048E-05  1.52822E-01 
1.75000E+01 7.49978E-02  5.64517E-05  1.57842E-01 
1.76000E+01 7.99978E-02  5.83691E-05  1.62829E-01 
1.77000E+01 8.49978E-02  6.02589E-05  1.67830E-01 
1.78000E+01 8.99978E-02  6.20909E-05  1.72830E-01 
1.79000E+01 9.49978E-02  6.38683E-05  1.77872E-01 
1.80000E+01 9.99977E-02  6.56098E-05  1.82849E-01 
1.81000E+01 1.04998E-01  6.72935E-05  1.87857E-01 
1.82000E+01 1.09998E-01  6.89359E-05  1.92859E-01 
1.83000E+01 1.14998E-01  7.05753E-05  1.97871E-01 
1.84000E+01 1.19998E-01  7.21673E-05  2.02853E-01 
1.85000E+01 1.24998E-01  7.37943E-05  2.07858E-01 
1.86000E+01 1.29998E-01  7.54290E-05  2.12864E-01 
1.87000E+01 1.34998E-01  7.70939E-05  2.17856E-01 
1.88000E+01 1.39998E-01  7.87688E-05  2.22865E-01 
1.89000E+01 1.44998E-01  8.04798E-05  2.27866E-01 
1.90000E+01 1.49998E-01  8.21952E-05  2.32866E-01 
1.91000E+01 1.54998E-01  8.39627E-05  2.37864E-01 
1.92000E+01 1.59998E-01  8.57290E-05  2.42856E-01 
1.93000E+01 1.64998E-01  8.74875E-05  2.47884E-01 
1.94000E+01 1.69998E-01  8.92432E-05  2.52878E-01 
1.95000E+01 1.74998E-01  9.09687E-05  2.57894E-01 
1.96000E+01 1.79998E-01  9.26458E-05  2.62892E-01 
1.97000E+01 1.84998E-01  9.42800E-05  2.67874E-01 
1.98000E+01 1.89998E-01  9.58724E-05  2.72865E-01 
1.99000E+01 1.94998E-01  9.74179E-05  2.77881E-01 
1.99999E+01 1.99997E-01  9.89374E-05  2.82890E-01 
2.00999E+01 2.04997E-01  1.00381E-04  2.87897E-01 
2.01999E+01 2.09997E-01  1.01854E-04  2.92876E-01 
2.02999E+01 2.14997E-01  1.03347E-04  2.97894E-01 
2.03999E+01 2.19997E-01  1.04902E-04  3.02930E-01 
2.04999E+01 2.24997E-01  1.06717E-04  3.07927E-01 
2.05999E+01 2.29997E-01  1.08837E-04  3.12903E-01 
2.06999E+01 2.34997E-01  1.11385E-04  3.17939E-01 
2.07999E+01 2.39997E-01  1.14374E-04  3.22916E-01 
2.08999E+01 2.44997E-01  1.17907E-04  3.27916E-01 
2.09999E+01 2.49997E-01  1.21788E-04  3.32938E-01 
2.10999E+01 2.54997E-01  1.25723E-04  3.37939E-01 
2.11999E+01 2.59997E-01  1.29896E-04  3.42929E-01 
2.12999E+01 2.64997E-01  1.34041E-04  3.47950E-01 
2.13999E+01 2.69997E-01  1.38152E-04  3.52946E-01 
2.14999E+01 2.74997E-01  1.42032E-04  3.57921E-01 
2.15999E+01 2.79997E-01  1.45497E-04  3.62927E-01 
2.16999E+01 2.84997E-01  1.48489E-04  3.67944E-01 
2.17999E+01 2.89997E-01  1.50879E-04  3.72964E-01 
2.18999E+01 2.94997E-01  1.52546E-04  3.77957E-01 
2.19999E+01 2.99997E-01  1.53555E-04  3.82951E-01 
2.20999E+01 3.04997E-01  1.53746E-04  3.87947E-01 
2.21999E+01 3.09997E-01  1.52740E-04  3.92958E-01 
2.22999E+01 3.14997E-01  1.50713E-04  3.97964E-01 
2.23999E+01 3.19997E-01  1.47461E-04  4.02952E-01 
2.24999E+01 3.24997E-01  1.43216E-04  4.07955E-01 
2.25999E+01 3.29997E-01  1.37726E-04  4.12970E-01 
2.26999E+01 3.34997E-01  1.30990E-04  4.17981E-01 
2.27999E+01 3.39997E-01  1.22997E-04  4.22967E-01 
2.28999E+01 3.44997E-01  1.14209E-04  4.27959E-01 
2.29999E+01 3.49997E-01  1.05005E-04  4.32971E-01 
2.30999E+01 3.54997E-01  9.56478E-05  4.37989E-01 
2.31999E+01 3.59997E-01  8.72600E-05  4.42986E-01 
2.32999E+01 3.64997E-01  8.03983E-05  4.47950E-01 
2.33999E+01 3.69997E-01  7.55423E-05  4.52975E-01 
2.34999E+01 3.74997E-01  7.20216E-05  4.57998E-01 
2.35999E+01 3.79997E-01  6.94323E-05  4.62971E-01 
2.36999E+01 3.84997E-01  6.75691E-05  4.68010E-01 
2.37999E+01 3.89997E-01  6.61177E-05  4.72992E-01 
2.38999E+01 3.94997E-01  6.49317E-05  4.78004E-01 
2.39999E+01 3.99997E-01  6.40405E-05  4.83012E-01 
2.40999E+01 4.04997E-01  6.36239E-05  4.88005E-01 
2.41999E+01 4.09997E-01  6.31063E-05  4.93023E-01 
2.42999E+01 4.14997E-01  6.27704E-05  4.98016E-01 
2.43999E+01 4.19997E-01  6.24181E-05  5.03009E-01 
2.44999E+01 4.24997E-01  6.22363E-05  5.07994E-01 
2.45999E+01 4.29997E-01  6.21587E-05  5.13019E-01 
2.46999E+01 4.34997E-01  6.21665E-05  5.18015E-01 
2.47999E+01 4.39997E-01  6.22320E-05  5.23023E-01 
2.48999E+01 4.44997E-01  6.23476E-05  5.28011E-01 
2.49999E+01 4.49997E-01  6.24987E-05  5.33036E-01 
2.50999E+01 4.54997E-01  6.27068E-05  5.38025E-01 
2.51999E+01 4.59997E-01  6.29222E-05  5.43019E-01 
2.52999E+01 4.64997E-01  6.31689E-05  5.48030E-01 
2.53999E+01 4.69997E-01  6.34941E-05  5.53037E-01 
2.54999E+01 4.74997E-01  6.37902E-05  5.58055E-01 
2.55999E+01 4.79997E-01  6.40866E-05  5.63025E-01 
2.56999E+01 4.84997E-01  6.44198E-05  5.68039E-01 
2.57999E+01 4.89997E-01  6.47743E-05  5.73051E-01 
2.58999E+01 4.94997E-01  6.51394E-05  5.78034E-01 
2.59999E+01 4.99997E-01  6.54933E-05  5.83013E-01 
2.60999E+01 5.04997E-01  6.58525E-05  5.88059E-01 
2.61999E+01 5.09997E-01  6.62186E-05  5.93032E-01 
2.62999E+01 5.14997E-01  6.65815E-05  5.98046E-01 
2.63999E+01 5.19997E-01  6.69311E-05  6.03028E-01 
2.64999E+01 5.24997E-01  6.72815E-05  6.08039E-01 
2.65999E+01 5.29997E-01  6.76132E-05  6.13046E-01 
2.66999E+01 5.34997E-01  6.79251E-05  6.18077E-01 
2.67999E+01 5.39997E-01  6.82224E-05  6.23055E-01 
2.68999E+01 5.44997E-01  6.85080E-05  6.28085E-01 
2.69999E+01 5.49997E-01  6.87735E-05  6.33081E-01 
2.70999E+01 5.54997E-01  6.89963E-05  6.38110E-01 
2.71999E+01 5.59997E-01  6.91612E-05  6.43090E-01 
2.72999E+01 5.64997E-01  6.93088E-05  6.48079E-01 
2.73999E+01 5.69997E-01  6.94261E-05  6.53121E-01 
2.74999E+01 5.74997E-01  6.95011E-05  6.58135E-01 
2.75999E+01 5.79997E-01  6.95202E-05  6.63134E-01 
2.76999E+01 5.84997E-01  6.95043E-05  6.68102E-01 
2.77999E+01 5.89997E-01  6.94065E-05  6.73121E-01 
2.78999E+01 5.94997E-01  6.92653E-05  6.78145E-01 
2.79999E+01 5.99996E-01  6.90736E-05  6.83124E-01 
2.80999E+01 6.04996E-01  6.88139E-05  6.88121E-01 
2.81999E+01 6.09996E-01  6.84644E-05  6.93126E-01 
2.82999E+01 6.14996E-01  6.80553E-05  6.98141E-01 
2.83999E+01 6.19996E-01  6.75747E-05  7.03127E-01 
2.84999E+01 6.24996E-01  6.69665E-05  7.08138E-01 
2.85999E+01 6.29996E-01  6.59731E-05  7.13139E-01 
2.86999E+01 6.34996E-01  6.47643E-05  7.18151E-01 
2.87999E+01 6.39996E-01  6.41438E-05  7.23134E-01 
2.88999E+01 6.44996E-01  6.34912E-05  7.28118E-01 
2.89999E+01 6.49996E-01  6.27887E-05  7.33150E-01 
2.90999E+01 6.54996E-01  6.20432E-05  7.38139E-01 
2.91999E+01 6.59996E-01  6.12285E-05  7.43147E-01 
2.92999E+01 6.64996E-01  6.03844E-05  7.48149E-01 
2.93999E+01 6.69996E-01  5.95201E-05  7.53142E-01 
2.94999E+01 6.74996E-01  5.86524E-05  7.58140E-01 
2.95999E+01 6.79996E-01  5.77853E-05  7.63149E-01 
2.96999E+01 6.84996E-01  5.69487E-05  7.68154E-01 
2.97999E+01 6.89996E-01  5.61581E-05  7.73131E-01 
2.98999E+01 6.94996E-01  5.54261E-05  7.78160E-01 
2.99999E+01 6.99996E-01  5.47576E-05  7.83173E-01 
3.00999E+01 7.04996E-01  5.41753E-05  7.88187E-01 
3.01999E+01 7.09996E-01  5.36587E-05  7.93175E-01 
3.02999E+01 7.14996E-01  5.32060E-05  7.98187E-01 
3.03999E+01 7.19996E-01  5.28405E-05  8.03183E-01 
3.04999E+01 7.24996E-01  5.25505E-05  8.08171E-01 
3.05999E+01 7.29996E-01  5.23236E-05  8.13192E-01 
3.06999E+01 7.34996E-01  5.21531E-05  8.18202E-01 
3.07999E+01 7.39996E-01  5.20706E-05  8.23195E-01 
3.08999E+01 7.44996E-01  5.20070E-05  8.28182E-01 
3.09999E+01 7.49996E-01  5.19836E-05  8.33189E-01 
3.10999E+01 7.54996E-01  5.19687E-05  8.38189E-01 
3.11999E+01 7.59996E-01  5.19875E-05  8.43192E-01 
3.12999E+01 7.64996E-01  5.20281E-05  8.48194E-01 
3.13999E+01 7.69996E-01  5.20848E-05  8.53209E-01 
3.14999E+01 7.74996E-01  5.21638E-05  8.58211E-01 
3.15999E+01 7.79996E-01  5.22449E-05  8.63212E-01 
3.16999E+01 7.84996E-01  5.23369E-05  8.68198E-01 
3.17999E+01 7.89996E-01  5.24425E-05  8.73205E-01 
3.18999E+01 7.94996E-01  5.25549E-05  8.78236E-01 
3.19999E+01 7.99996E-01  5.26730E-05  8.83210E-01 
3.20999E+01 8.04996E-01  5.27936E-05  8.88213E-01 
3.21999E+01 8.09996E-01  5.29359E-05  8.93233E-01 
3.22999E+01 8.14996E-01  5.30741E-05  8.98243E-01 
3.23999E+01 8.19996E-01  5.32197E-05  9.03227E-01 
3.24999E+01 8.24996E-01  5.33733E-05  9.08240E-01 
3.25999E+01 8.29996E-01  5.35184E-05  9.13223E-01 
3.26999E+01 8.34996E-01  5.36794E-05  9.18248E-01 
3.27999E+01 8.39996E-01  5.38427E-05  9.23243E-01 
3.28999E+01 8.44996E-01  5.40121E-05  9.28259E-01 
3.29999E+01 8.49996E-01  5.41916E-05  9.33247E-01 
3.30999E+01 8.54996E-01  5.43577E-05  9.38263E-01 
3.31999E+01 8.59996E-01  5.45287E-05  9.43270E-01 
3.32999E+01 8.64996E-01  5.46962E-05  9.48265E-01 
3.33999E+01 8.69996E-01  5.48537E-05  9.53265E-01 
3.34999E+01 8.74996E-01  5.50328E-05  9.58272E-01 
3.35999E+01 8.79996E-01  5.51835E-05  9.63280E-01 
3.36999E+01 8.84996E-01  5.53342E-05  9.68293E-01 
3.37999E+01 8.89996E-01  5.54810E-05  9.73288E-01 
3.38999E+01 8.94996E-01  5.56180E-05  9.78281E-01 
3.39999E+01 8.99996E-01  5.57455E-05  9.83283E-01 
3.40999E+01 9.04996E-01  5.58693E-05  9.88295E-01 
3.41999E+01 9.09996E-01  5.59878E-05  9.93281E-01 
3.42999E+01 9.14996E-01  5.61220E-05  9.98289E-01 
3.43999E+01 9.19996E-01  5.62575E-05  1.00329E+00 
3.44999E+01 9.24996E-01  5.63980E-05  1.00826E+00 
3.45999E+01 9.29996E-01  5.65381E-05  1.01329E+00 
3.46999E+01 9.34996E-01  5.66610E-05  1.01830E+00 
3.47999E+01 9.39996E-01  5.67987E-05  1.02327E+00 
3.48999E+01 9.44996E-01  5.69427E-05  1.02830E+00 
3.49999E+01 9.49996E-01  5.70732E-05  1.03330E+00 
3.50999E+01 9.54996E-01  5.71871E-05  1.03831E+00 
3.51999E+01 9.59996E-01  5.72897E-05  1.04329E+00 
3.52999E+01 9.64996E-01  5.73701E-05  1.04830E+00 
3.53999E+01 9.69996E-01  5.74452E-05  1.05332E+00 
3.54999E+01 9.74996E-01  5.75386E-05  1.05831E+00 
3.55999E+01 9.79996E-01  5.76516E-05  1.06329E+00 
3.56999E+01 9.84996E-01  5.77930E-05  1.06831E+00 
3.57999E+01 9.89996E-01  5.79375E-05  1.07331E+00 
3.58999E+01 9.94996E-01  5.80922E-05  1.07829E+00 
3.59999E+01 9.99995E-01  5.82848E-05  1.08329E+00 
3.60999E+01 1.00500E+00  5.85005E-05  1.08830E+00 
3.61999E+01 1.01000E+00  5.86969E-05  1.09331E+00 
3.62999E+01 1.01500E+00  5.89055E-05  1.09833E+00 
3.63999E+01 1.02000E+00  5.91677E-05  1.10333E+00 
3.64999E+01 1.02500E+00  5.93636E-05  1.10834E+00 
3.65999E+01 1.03000E+00  5.96395E-05  1.11335E+00 
3.66999E+01 1.03500E+00  5.99102E-05  1.11834E+00 
3.67999E+01 1.04000E+00  6.01627E-05  1.12337E+00 
3.68999E+01 1.04500E+00  6.04114E-05  1.12838E+00 
3.69999E+01 1.05000E+00  6.06414E-05  1.13337E+00 
3.70999E+01 1.05500E+00  6.08727E-05  1.13838E+00 
3.71999E+01 1.06000E+00  6.11258E-05  1.14339E+00 
3.72999E+01 1.06500E+00  6.13840E-05  1.14839E+00 
3.73999E+01 1.07000E+00  6.16342E-05  1.15338E+00 
3.74999E+01 1.07500E+00  6.18843E-05  1.15838E+00 
3.75999E+01 1.08000E+00  6.21735E-05  1.16338E+00 
3.76999E+01 1.08500E+00  6.25340E-05  1.16841E+00 
3.77999E+01 1.09000E+00  6.28670E-05  1.17337E+00 
3.78999E+01 1.09500E+00  6.30900E-05  1.17838E+00 
3.79999E+01 1.10000E+00  6.34332E-05  1.18339E+00 
3.80999E+01 1.10500E+00  6.38574E-05  1.18841E+00 
3.81999E+01 1.11000E+00  6.42472E-05  1.19339E+00 
3.82999E+01 1.11500E+00  6.45948E-05  1.19838E+00 
3.83999E+01 1.12000E+00  6.49479E-05  1.20341E+00 
3.84999E+01 1.12500E+00  6.53433E-05  1.20842E+00 
3.85999E+01 1.13000E+00  6.56743E-05  1.21342E+00 
3.86999E+01 1.13500E+00  6.60501E-05  1.21843E+00 
3.87999E+01 1.14000E+00  6.64919E-05  1.22344E+00 
3.88999E+01 1.14500E+00  6.69209E-05  1.22842E+00 
3.89999E+01 1.15000E+00  6.73902E-05  1.23341E+00 
3.90999E+01 1.15500E+00  6.78518E-05  1.23841E+00 
3.91999E+01 1.16000E+00  6.83216E-05  1.24341E+00 
3.92999E+01 1.16500E+00  6.87778E-05  1.24842E+00 
3.93999E+01 1.17000E+00  6.92011E-05  1.25341E+00 
3.94999E+01 1.17500E+00  6.96794E-05  1.25843E+00 
3.95999E+01 1.18000E+00  7.01682E-05  1.26340E+00 
3.96999E+01 1.18500E+00  7.06837E-05  1.26843E+00 
3.97999E+01 1.19000E+00  7.11477E-05  1.27343E+00 
3.98999E+01 1.19500E+00  7.16583E-05  1.27845E+00 
3.99999E+01 1.19999E+00  7.21578E-05  1.28344E+00 
4.00999E+01 1.20499E+00  7.26622E-05  1.28844E+00 
4.01999E+01 1.20999E+00  7.32117E-05  1.29345E+00 
4.02999E+01 1.21499E+00  7.37663E-05  1.29845E+00 
4.03999E+01 1.21999E+00  7.43215E-05  1.30344E+00 
4.04999E+01 1.22499E+00  7.48638E-05  1.30846E+00 
4.05999E+01 1.22999E+00  7.54360E-05  1.31343E+00 
4.06999E+01 1.23499E+00  7.60487E-05  1.31844E+00 
4.07999E+01 1.23999E+00  7.66346E-05  1.32345E+00 
4.08999E+01 1.24499E+00  7.71546E-05  1.32847E+00 
4.09999E+01 1.24999E+00  7.77780E-05  1.33347E+00 
4.10999E+01 1.25499E+00  7.84708E-05  1.33847E+00 
4.11999E+01 1.25999E+00  7.91199E-05  1.34348E+00 
4.12999E+01 1.26499E+00  7.97609E-05  1.34842E+00 
4.13999E+01 1.26999E+00  8.04267E-05  1.35345E+00 
4.14999E+01 1.27499E+00  8.10581E-05  1.35845E+00 
4.15999E+01 1.27999E+00  8.17798E-05  1.36347E+00 
4.16999E+01 1.28499E+00  8.27686E-05  1.36844E+00 
4.17999E+01 1.28999E+00  8.37369E-05  1.37346E+00 
4.18999E+01 1.29499E+00  8.45164E-05  1.37848E+00 
4.19999E+01 1.29999E+00  8.52966E-05  1.38347E+00 
4.20999E+01 1.30499E+00  8.61497E-05  1.38846E+00 
4.21999E+01 1.30999E+00  8.70514E-05  1.39346E+00 
4.22999E+01 1.31499E+00  8.80606E-05  1.39849E+00 
4.23999E+01 1.31999E+00  8.91446E-05  1.40347E+00 
4.24999E+01 1.32499E+00  9.02854E-05  1.40850E+00 
4.25999E+01 1.32999E+00  9.14927E-05  1.41351E+00 
4.26999E+01 1.33499E+00  9.27752E-05  1.41851E+00 
4.27999E+01 1.33999E+00  9.41693E-05  1.42350E+00 
4.28999E+01 1.34499E+00  9.56548E-05  1.42853E+00 
4.29999E+01 1.34999E+00  9.72584E-05  1.43352E+00 
4.30999E+01 1.35499E+00  9.89124E-05  1.43854E+00 
4.31999E+01 1.35999E+00  1.00648E-04  1.44354E+00 
4.32999E+01 1.36499E+00  1.02478E-04  1.44856E+00 
4.33999E+01 1.36999E+00  1.04368E-04  1.45355E+00 
4.34999E+01 1.37499E+00  1.06361E-04  1.45855E+00 
4.35999E+01 1.37999E+00  1.08431E-04  1.46353E+00 
4.36999E+01 1.38499E+00  1.10570E-04  1.46856E+00 
4.37999E+01 1.38999E+00  1.12773E-04  1.47357E+00 
4.38999E+01 1.39499E+00  1.15047E-04  1.47857E+00 
4.39999E+01 1.39999E+00  1.17373E-04  1.48355E+00 
4.40999E+01 1.40499E+00  1.19792E-04  1.48856E+00 
4.41999E+01 1.40999E+00  1.22261E-04  1.49358E+00 
4.42999E+01 1.41499E+00  1.24815E-04  1.49859E+00 
4.43999E+01 1.41999E+00  1.27426E-04  1.50355E+00 
4.44999E+01 1.42499E+00  1.30111E-04  1.50857E+00 
4.45999E+01 1.42999E+00  1.32880E-04  1.51356E+00 
4.46999E+01 1.43499E+00  1.35662E-04  1.51857E+00 
4.47999E+01 1.43999E+00  1.38534E-04  1.52355E+00 
4.48999E+01 1.44499E+00  1.41536E-04  1.52857E+00 
4.49999E+01 1.44999E+00  1.44503E-04  1.53356E+00 
4.50999E+01 1.45499E+00  1.47526E-04  1.53859E+00 
4.51999E+01 1.45999E+00  1.50600E-04  1.54359E+00 
4.52999E+01 1.46499E+00  1.53719E-04  1.54855E+00 
4.53999E+01 1.46999E+00  1.56883E-04  1.55359E+00 
4.54999E+01 1.47499E+00  1.60104E-04  1.55859E+00 
4.55999E+01 1.47999E+00  1.63350E-04  1.56359E+00 
4.56999E+01 1.48499E+00  1.66663E-04  1.56858E+00 
4.57999E+01 1.48999E+00  1.69941E-04  1.57361E+00 
4.58999E+01 1.49499E+00  1.73417E-04  1.57861E+00 
4.59999E+01 1.49999E+00  1.76819E-04  1.58362E+00 
4.60999E+01 1.50499E+00  1.80258E-04  1.58864E+00 
4.61999E+01 1.50999E+00  1.83736E-04  1.59361E+00 
4.62999E+01 1.51499E+00  1.87253E-04  1.59860E+00 
4.63999E+01 1.51999E+00  1.90746E-04  1.60364E+00 
4.64999E+01 1.52499E+00  1.94316E-04  1.60862E+00 
4.65999E+01 1.52999E+00  1.97965E-04  1.61362E+00 
4.66999E+01 1.53499E+00  2.01549E-04  1.61861E+00 
4.67999E+01 1.53999E+00  2.05164E-04  1.62364E+00 
4.68999E+01 1.54499E+00  2.08829E-04  1.62862E+00 
4.69999E+01 1.54999E+00  2.12480E-04  1.63362E+00 
4.70999E+01 1.55499E+00  2.16640E-04  1.63862E+00 
4.71999E+01 1.55999E+00  2.20328E-04  1.64363E+00 
4.72999E+01 1.56499E+00  2.24048E-04  1.64865E+00 
4.73999E+01 1.56999E+00  2.27759E-04  1.65365E+00 
4.74999E+01 1.57499E+00  2.31493E-04  1.65862E+00 
4.75999E+01 1.57999E+00  2.35241E-04  1.66364E+00 
4.76999E+01 1.58499E+00  2.39011E-04  1.66865E+00 
4.77999E+01 1.58999E+00  2.42836E-04  1.67365E+00 
4.78999E+01 1.59499E+00  2.46603E-04  1.67863E+00 
4.79999E+01 1.59999E+00  2.50379E-04  1.68364E+00 
4.80999E+01 1.60499E+00  2.54135E-04  1.68866E+00 
4.81999E+01 1.60999E+00  2.57881E-04  1.69366E+00 
4.82999E+01 1.61499E+00  2.61679E-04  1.69863E+00 
4.83999E+01 1.61999E+00  2.65475E-04  1.70364E+00 
4.84999E+01 1.62499E+00  2.69250E-04  1.70866E+00 
4.85999E+01 1.62999E+00  2.72974E-04  1.71367E+00 
4.86999E+01 1.63499E+00  2.76697E-04  1.71865E+00 
4.87999E+01 1.63999E+00  2.80453E-04  1.72366E+00 
4.88999E+01 1.64499E+00  2.84196E-04  1.72867E+00 
4.89999E+01 1.64999E+00  2.88000E-04  1.73369E+00 
4.90999E+01 1.65499E+00  2.91770E-04  1.73870E+00 
4.91999E+01 1.65999E+00  2.95528E-04  1.74369E+00 
4.92999E+01 1.66499E+00  2.99288E-04  1.74869E+00 
4.93999E+01 1.66999E+00  3.02990E-04  1.75371E+00 
4.94999E+01 1.67499E+00  3.06661E-04  1.75872E+00 
4.95999E+01 1.67999E+00  3.10251E-04  1.76374E+00 
4.96999E+01 1.68499E+00  3.13934E-04  1.76875E+00 
4.97999E+01 1.68999E+00  3.17511E-04  1.77373E+00 
4.98999E+01 1.69499E+00  3.21120E-04  1.77874E+00 
4.99999E+01 1.69999E+00  3.24711E-04  1.78376E+00 
5.00999E+01 1.70499E+00  3.28266E-04  1.78873E+00 
5.01999E+01 1.70999E+00  3.31838E-04  1.79374E+00 
5.02999E+01 1.71499E+00  3.35319E-04  1.79873E+00 
5.03999E+01 1.71999E+00  3.38766E-04  1.80375E+00 
5.04999E+01 1.72499E+00  3.42121E-04  1.80875E+00 
5.05999E+01 1.72999E+00  3.45430E-04  1.81375E+00 
5.06999E+01 1.73499E+00  3.48693E-04  1.81875E+00 
5.07999E+01 1.73999E+00  3.51965E-04  1.82376E+00 
5.08999E+01 1.74499E+00  3.55152E-04  1.82876E+00 
5.09999E+01 1.74999E+00  3.58261E-04  1.83375E+00 
5.10999E+01 1.75499E+00  3.61281E-04  1.83874E+00 
5.11999E+01 1.75999E+00  3.64254E-04  1.84377E+00 
5.12999E+01 1.76499E+00  3.67144E-04  1.84877E+00 
5.13999E+01 1.76999E+00  3.70027E-04  1.85376E+00 
5.14999E+01 1.77499E+00  3.72949E-04  1.85875E+00 
5.15999E+01 1.77999E+00  3.75661E-04  1.86377E+00 
5.16999E+01 1.78499E+00  3.78317E-04  1.86879E+00 
5.17999E+01 1.78999E+00  3.80945E-04  1.87378E+00 
5.18999E+01 1.79499E+00  3.83528E-04  1.87878E+00 
5.19999E+01 1.79999E+00  3.85983E-04  1.88377E+00 
5.20999E+01 1.79499E+00  3.78124E-04  1.87877E+00 
5.21999E+01 1.78999E+00  3.70614E-04  1.87378E+00 
5.22999E+01 1.78499E+00  3.63417E-04  1.86880E+00 
5.23999E+01 1.77999E+00  3.56374E-04  1.86378E+00 
5.24999E+01 1.77499E+00  3.49718E-04  1.85877E+00 
5.25999E+01 1.76999E+00  3.43352E-04  1.85376E+00 
5.26999E+01 1.76499E+00  3.37130E-04  1.84875E+00 
5.27999E+01 1.75999E+00  3.31153E-04  1.84376E+00 
5.28999E+01 1.75499E+00  3.24771E-04  1.83876E+00 
5.29999E+01 1.74999E+00  3.18487E-04  1.83375E+00 
5.30999E+01 1.74499E+00  3.12517E-04  1.82877E+00 
5.31999E+01 1.73999E+00  3.06864E-04  1.82377E+00 
5.32999E+01 1.73499E+00  3.00898E-04  1.81875E+00 
5.33999E+01 1.72999E+00  2.94980E-04  1.81374E+00 
5.34999E+01 1.72499E+00  2.89284E-04  1.80877E+00 
5.35999E+01 1.71999E+00  2.83151E-04  1.80375E+00 
5.36999E+01 1.71499E+00  2.77208E-04  1.79873E+00 
5.37999E+01 1.70999E+00  2.71373E-04  1.79373E+00 
5.38999E+01 1.70499E+00  2.65703E-04  1.78875E+00 
5.39999E+01 1.69999E+00  2.60371E-04  1.78373E+00 
5.40999E+01 1.69499E+00  2.55086E-04  1.77873E+00 
5.41999E+01 1.68999E+00  2.49748E-04  1.77371E+00 
5.42999E+01 1.68499E+00  2.44536E-04  1.76873E+00 
5.43999E+01 1.67999E+00  2.39432E-04  1.76373E+00 
5.44999E+01 1.67499E+00  2.34419E-04  1.75873E+00 
5.45999E+01 1.66999E+00  2.29514E-04  1.75373E+00 
5.46999E+01 1.66499E+00  2.24675E-04  1.74868E+00 
5.47999E+01 1.65999E+00  2.19884E-04  1.74372E+00 
5.48999E+01 1.65499E+00  2.15177E-04  1.73870E+00 
5.49999E+01 1.64999E+00  2.10532E-04  1.73371E+00 
5.50999E+01 1.64499E+00  2.05933E-04  1.72870E+00 
5.51999E+01 1.63999E+00  2.01406E-04  1.72368E+00 
5.52999E+01 1.63499E+00  1.96958E-04  1.71868E+00 
5.53999E+01 1.62999E+00  1.92664E-04  1.71369E+00 
5.54999E+01 1.62499E+00  1.88443E-04  1.70869E+00 
5.55999E+01 1.61999E+00  1.84308E-04  1.70367E+00 
5.56999E+01 1.61499E+00  1.80287E-04  1.69867E+00 
5.57999E+01 1.60999E+00  1.76373E-04  1.69368E+00 
5.58999E+01 1.60499E+00  1.72661E-04  1.68869E+00 
5.59999E+01 1.59999E+00  1.68892E-04  1.68366E+00 
5.60999E+01 1.59499E+00  1.65012E-04  1.67866E+00 
5.61999E+01 1.58999E+00  1.61042E-04  1.67366E+00 
5.62999E+01 1.58499E+00  1.57312E-04  1.66868E+00 
5.63999E+01 1.57999E+00  1.53741E-04  1.66364E+00 
5.64999E+01 1.57499E+00  1.50137E-04  1.65865E+00 
5.65999E+01 1.56999E+00  1.46693E-04  1.65366E+00 
5.66999E+01 1.56499E+00  1.42796E-04  1.64866E+00 
5.67999E+01 1.55999E+00  1.39364E-04  1.64366E+00 
5.68999E+01 1.55499E+00  1.35988E-04  1.63863E+00 
5.69999E+01 1.54999E+00  1.32546E-04  1.63363E+00 
5.70999E+01 1.54499E+00  1.29203E-04  1.62865E+00 
5.71999E+01 1.53999E+00  1.25604E-04  1.62362E+00 
5.72999E+01 1.53499E+00  1.22176E-04  1.61863E+00 
5.73999E+01 1.52999E+00  1.18979E-04  1.61365E+00 
5.74999E+01 1.52499E+00  1.15909E-04  1.60865E+00 
5.75999E+01 1.51999E+00  1.12923E-04  1.60364E+00 
5.76999E+01 1.51499E+00  1.10012E-04  1.59864E+00 
5.77999E+01 1.50999E+00  1.07165E-04  1.59363E+00 
5.78999E+01 1.50499E+00  1.04324E-04  1.58861E+00 
5.79999E+01 1.49999E+00  1.01519E-04  1.58363E+00 
5.80999E+01 1.49499E+00  9.87429E-05  1.57862E+00 
5.81999E+01 1.48999E+00  9.60337E-05  1.57360E+00 
5.82999E+01 1.48499E+00  9.33704E-05  1.56860E+00 
5.83999E+01 1.47999E+00  9.07469E-05  1.56358E+00 
5.84999E+01 1.47499E+00  8.81985E-05  1.55860E+00 
5.85999E+01 1.46999E+00  8.56477E-05  1.55358E+00 
5.86999E+01 1.46499E+00  8.31593E-05  1.54856E+00 
5.87999E+01 1.45999E+00  8.06954E-05  1.54355E+00 
5.88999E+01 1.45499E+00  7.82576E-05  1.53857E+00 
5.89999E+01 1.44999E+00  7.59341E-05  1.53358E+00 
5.90999E+01 1.44499E+00  7.36104E-05  1.52856E+00 
5.91999E+01 1.43999E+00  7.13274E-05  1.52358E+00 
5.92999E+01 1.43499E+00  6.91001E-05  1.51858E+00 
5.93999E+01 1.42999E+00  6.69283E-05  1.51358E+00 
5.94999E+01 1.42499E+00  6.48025E-05  1.50856E+00 
5.95999E+01 1.41999E+00  6.26737E-05  1.50356E+00 
5.96999E+01 1.41499E+00  6.06371E-05  1.49854E+00 
5.97999E+01 1.40999E+00  5.86359E-05  1.49357E+00 
5.98999E+01 1.40499E+00  5.66710E-05  1.48855E+00 
5.99998E+01 1.39999E+00  5.47588E-05  1.48354E+00 
6.00998E+01 1.39499E+00  5.28904E-05  1.47857E+00 
6.01998E+01 1.38999E+00  5.10654E-05  1.47357E+00 
6.02998E+01 1.38499E+00  4.92846E-05  1.46855E+00 
6.03998E+01 1.37999E+00  4.75593E-05  1.46354E+00 
6.04998E+01 1.37499E+00  4.58672E-05  1.45855E+00 
6.05998E+01 1.36999E+00  4.42479E-05  1.45357E+00 
6.06998E+01 1.36499E+00  4.26440E-05  1.44856E+00 
6.07998E+01 1.35999E+00  4.10699E-05  1.44354E+00 
6.08998E+01 1.35499E+00  3.95810E-05  1.43856E+00 
6.09998E+01 1.34999E+00  3.81161E-05  1.43355E+00 
6.10998E+01 1.34499E+00  3.66976E-05  1.42853E+00 
6.11998E+01 1.33999E+00  3.48384E-05  1.42352E+00 
6.12998E+01 1.33499E+00  3.35004E-05  1.41852E+00 
6.13998E+01 1.32999E+00  3.22104E-05  1.41350E+00 
6.14998E+01 1.32499E+00  3.09575E-05  1.40850E+00 
6.15998E+01 1.31999E+00  2.97524E-05  1.40349E+00 
6.16998E+01 1.31499E+00  2.85856E-05  1.39850E+00 
6.17998E+01 1.30999E+00  2.74587E-05  1.39348E+00 
6.18998E+01 1.30499E+00  2.63754E-05  1.38847E+00 
6.19998E+01 1.29999E+00  2.53435E-05  1.38349E+00 
6.20998E+01 1.29499E+00  2.43319E-05  1.37849E+00 
6.21998E+01 1.28999E+00  2.33720E-05  1.37349E+00 
6.22998E+01 1.28499E+00  2.24454E-05  1.36848E+00 
6.23998E+01 1.27999E+00  2.15479E-05  1.36349E+00 
6.24998E+01 1.27499E+00  2.06980E-05  1.35849E+00 
6.25998E+01 1.26999E+00  1.98910E-05  1.35348E+00 
6.26998E+01 1.26499E+00  1.91126E-05  1.34848E+00 
6.27998E+01 1.25999E+00  1.83688E-05  1.34348E+00 
6.28998E+01 1.25499E+00  1.76739E-05  1.33849E+00 
6.29998E+01 1.24999E+00  1.69906E-05  1.33348E+00 
6.30998E+01 1.24499E+00  1.63362E-05  1.32848E+00 
6.31998E+01 1.23999E+00  1.57133E-05  1.32346E+00 
6.32998E+01 1.23499E+00  1.51086E-05  1.31848E+00 
6.33998E+01 1.22999E+00  1.45100E-05  1.31347E+00 
6.34998E+01 1.22499E+00  1.39578E-05  1.30845E+00 
6.35998E+01 1.21999E+00  1.34579E-05  1.30345E+00 
6.36998E+01 1.21499E+00  1.29620E-05  1.29846E+00 
6.37998E+01 1.20999E+00  1.25005E-05  1.29345E+00 
6.38998E+01 1.20499E+00  1.20840E-05  1.28845E+00 
6.39998E+01 1.19999E+00  1.17244E-05  1.28344E+00 
6.40998E+01 1.19500E+00  1.13284E-05  1.27846E+00 
6.41998E+01 1.19000E+00  1.09407E-05  1.27344E+00 
6.42998E+01 1.18500E+00  1.05777E-05  1.26843E+00 
6.43998E+01 1.18000E+00  1.02229E-05  1.26341E+00 
6.44998E+01 1.17500E+00  9.91659E-06  1.25844E+00 
6.45998E+01 1.17000E+00  9.61254E-06  1.25343E+00 
6.46998E+01 1.16500E+00  9.41438E-06  1.24844E+00 
6.47998E+01 1.16000E+00  9.11383E-06  1.24343E+00 
6.48998E+01 1.15500E+00  8.78504E-06  1.23842E+00 
6.49998E+01 1.15000E+00  8.56202E-06  1.23343E+00 
6.50998E+01 1.14500E+00  8.34994E-06  1.22842E+00 
6.51998E+01 1.14000E+00  8.12455E-06  1.22343E+00 
6.52998E+01 1.13500E+00  7.89945E-06  1.21842E+00 
6.53998E+01 1.13000E+00  7.69832E-06  1.21342E+00 
6.54998E+01 1.12500E+00  7.51864E-06  1.20844E+00 
6.55998E+01 1.12000E+00  7.36091E-06  1.20343E+00 
6.56998E+01 1.11500E+00  7.19282E-06  1.19841E+00 
6.57998E+01 1.11000E+00  7.03526E-06  1.19341E+00 
6.58998E+01 1.10500E+00  6.87787E-06  1.18842E+00 
6.59998E+01 1.10000E+00  6.72908E-06  1.18340E+00 
6.60998E+01 1.09500E+00  6.59102E-06  1.17841E+00 
6.61998E+01 1.09000E+00  6.46020E-06  1.17342E+00 
6.62998E+01 1.08500E+00  6.32263E-06  1.16841E+00 
6.63998E+01 1.08000E+00  6.20286E-06  1.16339E+00 
6.64998E+01 1.07500E+00  6.09142E-06  1.15839E+00 
6.65998E+01 1.07000E+00  5.97392E-06  1.15342E+00 
6.66998E+01 1.06500E+00  5.85935E-06  1.14841E+00 
6.67998E+01 1.06000E+00  5.75255E-06  1.14339E+00 
6.68998E+01 1.05500E+00  5.65027E-06  1.13838E+00 
6.69998E+01 1.05000E+00  5.54852E-06  1.13340E+00 
6.70998E+01 1.04500E+00  5.45632E-06  1.12839E+00 
6.71998E+01 1.04000E+00  5.36554E-06  1.12339E+00 
6.72998E+01 1.03500E+00  5.26836E-06  1.11838E+00 
6.73998E+01 1.03000E+00  5.17214E-06  1.11336E+00 
6.74998E+01 1.02500E+00  5.09281E-06  1.10836E+00 
6.75998E+01 1.02000E+00  5.00688E-06  1.10335E+00 
6.76998E+01 1.01500E+00  4.93714E-06  1.09837E+00 
6.77998E+01 1.01000E+00  4.85256E-06  1.09336E+00 
6.78998E+01 1.00500E+00  4.78478E-06  1.08833E+00 
6.79998E+01 9.99995E-01  4.69568E-06  1.08330E+00 
6.80998E+01 9.94996E-01  4.60482E-06  1.07832E+00 
6.81998E+01 9.89996E-01  4.51622E-06  1.07334E+00 
6.82998E+01 9.84996E-01  4.42952E-06  1.06829E+00 
6.83998E+01 9.79996E-01  4.34899E-06  1.06329E+00 
6.84998E+01 9.74996E-01  4.26806E-06  1.05832E+00 
6.85998E+01 9.69996E-01  4.19078E-06  1.05335E+00 
6.86998E+01 9.64996E-01  4.10355E-06  1.04831E+00 
6.87998E+01 9.59996E-01  4.02324E-06  1.04330E+00 
6.88998E+01 9.54996E-01  3.94224E-06  1.03830E+00 
6.89998E+01 9.49996E-01  3.86720E-06  1.03331E+00 
6.90998E+01 9.44996E-01  3.74274E-06  1.02830E+00 
6.91998E+01 9.39996E-01  3.66639E-06  1.02330E+00 
6.92998E+01 9.34996E-01  3.59314E-06  1.01829E+00 
6.93998E+01 9.29996E-01  3.51306E-06  1.01329E+00 
6.94998E+01 9.24996E-01  3.43754E-06  1.00827E+00 
6.95998E+01 9.19996E-01  3.35782E-06  1.00329E+00 
6.96998E+01 9.14996E-01  3.27741E-06  9.98282E-01 
6.97998E+01 9.09996E-01  3.20754E-06  9.93283E-01 
6.98998E+01 9.04996E-01  3.13396E-06  9.88274E-01 
6.99998E+01 8.99996E-01  3.06586E-06  9.83286E-01 
7.00998E+01 8.94996E-01  2.98692E-06  9.78270E-01 
7.01998E+01 8.89996E-01  2.91558E-06  9.73279E-01 
7.02998E+01 8.84996E-01  2.84479E-06  9.68280E-01 
7.03998E+01 8.79996E-01  2.76957E-06  9.63261E-01 
7.04998E+01 8.74996E-01  2.69769E-06  9.58244E-01 
7.05998E+01 8.69996E-01  2.61935E-06  9.53236E-01 
7.06998E+01 8.64996E-01  2.54660E-06  9.48269E-01 
7.07998E+01 8.59996E-01  2.48617E-06  9.43249E-01 
7.08998E+01 8.54996E-01  2.41762E-06  9.38245E-01 
7.09998E+01 8.49996E-01  2.34518E-06  9.33245E-01 
7.10998E+01 8.44996E-01  2.27351E-06  9.28231E-01 
7.11998E+01 8.39996E-01  2.20320E-06  9.23227E-01 
7.12998E+01 8.34996E-01  2.11744E-06  9.18257E-01 
7.13998E+01 8.29996E-01  2.04097E-06  9.13219E-01 
7.14998E+01 8.24996E-01  1.96485E-06  9.08217E-01 
7.15998E+01 8.19996E-01  1.88588E-06  9.03235E-01 
7.16998E+01 8.14996E-01  1.80623E-06  8.98226E-01 
7.17998E+01 8.09996E-01  1.73995E-06  8.93227E-01 
7.18998E+01 8.04996E-01  1.65262E-06  8.88211E-01 
7.19998E+01 7.99996E-01  1.57234E-06  8.83227E-01 
7.20998E+01 7.94996E-01  1.50052E-06  8.78239E-01 
7.21998E+01 7.89996E-01  1.43006E-06  8.73235E-01 
7.22998E+01 7.84996E-01  1.35047E-06  8.68220E-01 
7.23998E+01 7.79996E-01  1.27799E-06  8.63220E-01 
7.24998E+01 7.74996E-01  1.20071E-06  8.58224E-01 
7.25998E+01 7.69996E-01  1.11992E-06  8.53198E-01 
7.26998E+01 7.64996E-01  1.03719E-06  8.48215E-01 
7.27998E+01 7.59996E-01  9.57336E-07  8.43216E-01 
7.28998E+01 7.54996E-01  8.75542E-07  8.38213E-01 
7.29998E+01 7.49996E-01  7.90936E-07  8.33202E-01 
7.30998E+01 7.44996E-01  7.05885E-07  8.28190E-01 
7.31998E+01 7.39996E-01  6.21436E-07  8.23228E-01 
7.32998E+01 7.34996E-01  5.24840E-07  8.18213E-01 
7.33998E+01 7.29996E-01  4.39027E-07  8.13221E-01 
7.34998E+01 7.24996E-01  3.41068E-07  8.08196E-01 
7.35998E+01 7.19996E-01  2.81562E-07  8.03194E-01 
7.36998E+01 7.14996E-01  1.82825E-07  7.98176E-01 
7.37998E+01 7.09996E-01  9.73369E-08  7.93177E-01 
7.38998E+01 7.04996E-01  1.06717E-08  7.88170E-01 
7.39998E+01 6.99996E-01  -8.63660E-08 7.83163E-01 
7.40998E+01 6.94996E-01  -1.90709E-07 7.78161E-01 
7.41998E+01 6.89996E-01  -2.72010E-07 7.73126E-01 
7.42998E+01 6.84996E-01  -3.63039E-07 7.68144E-01 
7.43998E+01 6.79996E-01  -4.57536E-07 7.63158E-01 
7.44998E+01 6.74996E-01  -5.54092E-07 7.58145E-01 
7.45998E+01 6.69996E-01  -6.45266E-07 7.53135E-01 
7.46998E+01 6.64996E-01  -7.40088E-07 7.48116E-01 
7.47998E+01 6.59996E-01  -8.20550E-07 7.43127E-01 
7.48998E+01 6.54996E-01  -9.22629E-07 7.38125E-01 
7.49998E+01 6.49996E-01  -1.02911E-06 7.33094E-01 
7.50998E+01 6.44996E-01  -1.15903E-06 7.28104E-01 
7.51998E+01 6.39996E-01  -1.24753E-06 7.23096E-01 
7.52998E+01 6.34996E-01  -1.33899E-06 7.18121E-01 
7.53998E+01 6.29996E-01  -1.46486E-06 7.13103E-01 
7.54998E+01 6.24996E-01  -1.56850E-06 7.08113E-01 
7.55998E+01 6.19996E-01  -1.68720E-06 7.03123E-01 
7.56998E+01 6.14996E-01  -1.77463E-06 6.98131E-01 
7.57998E+01 6.09996E-01  -1.81790E-06 6.93089E-01 
7.58998E+01 6.04996E-01  -1.94188E-06 6.88102E-01 
7.59998E+01 5.99996E-01  -2.10323E-06 6.83101E-01 
7.60998E+01 5.94997E-01  -2.23544E-06 6.78097E-01 
7.61998E+01 5.89997E-01  -2.38836E-06 6.73105E-01 
7.62998E+01 5.84997E-01  -2.52310E-06 6.68083E-01 
7.63998E+01 5.79997E-01  -2.61214E-06 6.63076E-01 
7.64998E+01 5.74997E-01  -2.71269E-06 6.58112E-01 
7.65998E+01 5.69997E-01  -2.81932E-06 6.53103E-01 
7.66998E+01 5.64997E-01  -2.92107E-06 6.48078E-01 
7.67998E+01 5.59997E-01  -3.02770E-06 6.43092E-01 
7.68998E+01 5.54997E-01  -3.15585E-06 6.38072E-01 
7.69998E+01 5.49997E-01  -3.26681E-06 6.33056E-01 
7.70998E+01 5.44997E-01  -3.40132E-06 6.28068E-01 
7.71998E+01 5.39997E-01  -3.55621E-06 6.23054E-01 
7.72998E+01 5.34997E-01  -3.68632E-06 6.18067E-01 
7.73998E+01 5.29997E-01  -3.81385E-06 6.13069E-01 
7.74998E+01 5.24997E-01  -3.94242E-06 6.08061E-01 
7.75998E+01 5.19997E-01  -4.07778E-06 6.03050E-01 
7.76998E+01 5.14997E-01  -4.20932E-06 5.98071E-01 
7.77998E+01 5.09997E-01  -4.33723E-06 5.93053E-01 
7.78998E+01 5.04997E-01  -4.46849E-06 5.88064E-01 
7.79998E+01 4.99997E-01  -4.61842E-06 5.83049E-01 
7.80998E+01 4.94997E-01  -4.75766E-06 5.78051E-01 
7.81998E+01 4.89997E-01  -4.90188E-06 5.73071E-01 
7.82998E+01 4.84997E-01  -5.04417E-06 5.68049E-01 
7.83998E+01 4.79997E-01  -5.19793E-06 5.63044E-01 
7.84998E+01 4.74997E-01  -5.34414E-06 5.58048E-01 
7.85998E+01 4.69997E-01  -5.50219E-06 5.53054E-01 
7.86998E+01 4.64997E-01  -5.68055E-06 5.48035E-01 
7.87998E+01 4.59997E-01  -5.84819E-06 5.43045E-01 
7.88998E+01 4.54997E-01  -6.03195E-06 5.38030E-01 
7.89998E+01 4.49997E-01  -6.21970E-06 5.33031E-01 
7.90998E+01 4.44997E-01  -6.41189E-06 5.28012E-01 
7.91998E+01 4.39997E-01  -6.61827E-06 5.23031E-01 
7.92998E+01 4.34997E-01  -6.83008E-06 5.18003E-01 
7.93998E+01 4.29997E-01  -7.05235E-06 5.13030E-01 
7.94998E+01 4.24997E-01  -7.28693E-06 5.08025E-01 
7.95998E+01 4.19997E-01  -7.53950E-06 5.03006E-01 
7.96998E+01 4.14997E-01  -7.80032E-06 4.98007E-01 
7.97998E+01 4.09997E-01  -8.07239E-06 4.93016E-01 
7.98998E+01 4.04997E-01  -8.35284E-06 4.88022E-01 
7.99998E+01 3.99997E-01  -8.65063E-06 4.82994E-01 
8.00998E+01 3.94997E-01  -8.96165E-06 4.77994E-01 
8.01998E+01 3.89997E-01  -9.27771E-06 4.72994E-01 
8.02998E+01 3.84997E-01  -9.62344E-06 4.67992E-01 
8.03998E+01 3.79997E-01  -9.97728E-06 4.62966E-01 
8.04998E+01 3.74997E-01  -1.03398E-05 4.57966E-01 
8.05998E+01 3.69997E-01  -1.07098E-05 4.52969E-01 
8.06998E+01 3.64997E-01  -1.11100E-05 4.47947E-01 
8.07998E+01 3.59997E-01  -1.15262E-05 4.42947E-01 
8.08998E+01 3.54997E-01  -1.19535E-05 4.37964E-01 
8.09998E+01 3.49997E-01  -1.24084E-05 4.32952E-01 
8.10998E+01 3.44997E-01  -1.28802E-05 4.27934E-01 
8.11998E+01 3.39997E-01  -1.33756E-05 4.22923E-01 
8.12998E+01 3.34997E-01  -1.38825E-05 4.17978E-01 
8.13998E+01 3.29997E-01  -1.43966E-05 4.12948E-01 
8.14998E+01 3.24997E-01  -1.49411E-05 4.07949E-01 
8.15998E+01 3.19997E-01  -1.55142E-05 4.02954E-01 
8.16998E+01 3.14997E-01  -1.61107E-05 3.97949E-01 
8.17998E+01 3.09997E-01  -1.66513E-05 3.92940E-01 
8.18998E+01 3.04997E-01  -1.72304E-05 3.87946E-01 
8.19998E+01 2.99997E-01  -1.78293E-05 3.82927E-01 
8.20998E+01 2.94997E-01  -1.84375E-05 3.77945E-01 
8.21998E+01 2.89997E-01  -1.90810E-05 3.72927E-01 
8.22998E+01 2.84997E-01  -1.97259E-05 3.67921E-01 
8.23998E+01 2.79997E-01  -2.04583E-05 3.62924E-01 
8.24998E+01 2.74997E-01  -2.12703E-05 3.57930E-01 
8.25998E+01 2.69997E-01  -2.18627E-05 3.52934E-01 
8.26998E+01 2.64997E-01  -2.26050E-05 3.47916E-01 
8.27998E+01 2.59997E-01  -2.33699E-05 3.42918E-01 
8.28998E+01 2.54997E-01  -2.41595E-05 3.37928E-01 
8.29998E+01 2.49997E-01  -2.48857E-05 3.32926E-01 
8.30998E+01 2.44997E-01  -2.56526E-05 3.27933E-01 
8.31998E+01 2.39997E-01  -2.63238E-05 3.22913E-01 
8.32998E+01 2.34997E-01  -2.71454E-05 3.17937E-01 
8.33998E+01 2.29997E-01  -2.80505E-05 3.12909E-01 
8.34998E+01 2.24997E-01  -2.89413E-05 3.07919E-01 
8.35998E+01 2.19997E-01  -2.97937E-05 3.02911E-01 
8.36998E+01 2.14997E-01  -3.06887E-05 2.97903E-01 
8.37998E+01 2.09997E-01  -3.16005E-05 2.92892E-01 
8.38998E+01 2.04997E-01  -3.23789E-05 2.87891E-01 
8.39998E+01 1.99997E-01  -3.32293E-05 2.82900E-01 
8.40998E+01 1.94998E-01  -3.40593E-05 2.77886E-01 
8.41998E+01 1.89998E-01  -3.48924E-05 2.72868E-01 
8.42998E+01 1.84998E-01  -3.57261E-05 2.67873E-01 
8.43998E+01 1.79998E-01  -3.65595E-05 2.62879E-01 
8.44998E+01 1.74998E-01  -3.73822E-05 2.57892E-01 
8.45998E+01 1.69998E-01  -3.81863E-05 2.52857E-01 
8.46998E+01 1.64998E-01  -3.89634E-05 2.47872E-01 
8.47998E+01 1.59998E-01  -3.97476E-05 2.42862E-01 
8.48998E+01 1.54998E-01  -4.05085E-05 2.37866E-01 
8.49998E+01 1.49998E-01  -4.12388E-05 2.32861E-01 
8.50998E+01 1.44998E-01  -4.19584E-05 2.27863E-01 
8.51998E+01 1.39998E-01  -4.26542E-05 2.22859E-01 
8.52998E+01 1.34998E-01  -4.33261E-05 2.17856E-01 
8.53998E+01 1.29998E-01  -4.39739E-05 2.12847E-01 
8.54998E+01 1.24998E-01  -4.46108E-05 2.07853E-01 
8.55998E+01 1.19998E-01  -4.52156E-05 2.02852E-01 
8.56998E+01 1.14998E-01  -4.58000E-05 1.97863E-01 
8.57998E+01 1.09998E-01  -4.63875E-05 1.92829E-01 
8.58998E+01 1.04998E-01  -4.69531E-05 1.87812E-01 
8.59998E+01 9.99977E-02  -4.75212E-05 1.82846E-01 
8.60998E+01 9.49978E-02  -4.80752E-05 1.77833E-01 
8.61998E+01 8.99978E-02  -4.86209E-05 1.72841E-01 
8.62998E+01 8.49978E-02  -4.91657E-05 1.67815E-01 
8.63998E+01 7.99978E-02  -4.97108E-05 1.62841E-01 
8.64998E+01 7.49978E-02  -5.02525E-05 1.57829E-01 
8.65998E+01 6.99978E-02  -5.07971E-05 1.52826E-01 
8.66998E+01 6.49978E-02  -5.13245E-05 1.47817E-01 
8.67998E+01 5.99978E-02  -5.18488E-05 1.42813E-01 
8.68998E+01 5.49979E-02  -5.23634E-05 1.37802E-01 
8.69998E+01 4.99979E-02  -5.28673E-05 1.32811E-01 
8.70998E+01 4.49979E-02  -5.33587E-05 1.27802E-01 
8.71998E+01 3.99979E-02  -5.38442E-05 1.22820E-01 
8.72998E+01 3.49979E-02  -5.43181E-05 1.17804E-01 
8.73998E+01 2.99979E-02  -5.47641E-05 1.12788E-01 
8.74998E+01 2.49979E-02  -5.51971E-05 1.07799E-01 
8.75998E+01 1.99979E-02  -5.56190E-05 1.02795E-01 
8.76998E+01 1.49980E-02  -5.60130E-05 9.78119E-02 
8.77998E+01 9.99797E-03  -5.63938E-05 9.27828E-02 
8.78998E+01 4.99799E-03  -5.67663E-05 8.77713E-02 
8.79998E+01 -2.00000E-06 -5.71110E-05 8.27854E-02 
8.80998E+01 -5.00199E-03 -5.74399E-05 7.77788E-02 
8.81998E+01 -1.00020E-02 -5.77560E-05 7.27904E-02 
8.82998E+01 -1.50020E-02 -5.80686E-05 6.77564E-02 
8.83998E+01 -2.00020E-02 -5.83547E-05 6.27848E-02 
8.84998E+01 -2.50019E-02 -5.86414E-05 5.77789E-02 
8.85998E+01 -3.00019E-02 -5.89250E-05 5.27693E-02 
8.86998E+01 -3.50019E-02 -5.92040E-05 4.77465E-02 
8.87998E+01 -4.00019E-02 -5.94778E-05 4.27649E-02 
8.88998E+01 -4.50019E-02 -5.97514E-05 3.77640E-02 
8.89998E+01 -5.00019E-02 -6.00197E-05 3.27731E-02 
8.90998E+01 -5.50019E-02 -6.02875E-05 2.77435E-02 
8.91998E+01 -6.00019E-02 -6.05550E-05 2.27718E-02 
8.92998E+01 -6.50018E-02 -6.08367E-05 1.77685E-02 
8.93998E+01 -7.00018E-02 -6.11186E-05 1.27513E-02 
8.94998E+01 -7.50018E-02 -6.14025E-05 7.74661E-03 
8.95998E+01 -8.00018E-02 -6.16956E-05 2.74944E-03 
8.96998E+01 -8.50018E-02 -6.19954E-05 -2.23086E-03
8.97998E+01 -9.00018E-02 -6.22964E-05 -7.24363E-03
8.98998E+01 -9.50018E-02 -6.26108E-05 -1.22515E-02
8.99998E+01 -1.00002E-01 -6.29319E-05 -1.72617E-02
9.00998E+01 -1.05002E-01 -6.32578E-05 -2.22682E-02
9.01998E+01 -1.10002E-01 -6.35992E-05 -2.72629E-02
9.02998E+01 -1.15002E-01 -6.39554E-05 -3.22595E-02
9.03998E+01 -1.20002E-01 -6.43091E-05 -3.72841E-02
9.04998E+01 -1.25002E-01 -6.46845E-05 -4.22807E-02
9.05998E+01 -1.30002E-01 -6.50686E-05 -4.72617E-02
9.06998E+01 -1.35002E-01 -6.54708E-05 -5.22757E-02
9.07998E+01 -1.40002E-01 -6.58796E-05 -5.72835E-02
9.08998E+01 -1.45002E-01 -6.63241E-05 -6.22981E-02
9.09998E+01 -1.50002E-01 -6.67762E-05 -6.72578E-02
9.10998E+01 -1.55002E-01 -6.72456E-05 -7.22900E-02
9.11998E+01 -1.60002E-01 -6.77418E-05 -7.72846E-02
9.12998E+01 -1.65002E-01 -6.82726E-05 -8.23124E-02
9.13998E+01 -1.70002E-01 -6.88476E-05 -8.72784E-02
9.14998E+01 -1.75002E-01 -6.94877E-05 -9.22924E-02
9.15998E+01 -1.80002E-01 -7.01939E-05 -9.73214E-02
9.16998E+01 -1.85002E-01 -7.09729E-05 -1.02332E-01
9.17998E+01 -1.90002E-01 -7.18598E-05 -1.07302E-01
9.18998E+01 -1.95002E-01 -7.28350E-05 -1.12312E-01
9.19998E+01 -2.00002E-01 -7.39284E-05 -1.17331E-01
9.20998E+01 -2.05001E-01 -7.50462E-05 -1.22329E-01
9.21998E+01 -2.10001E-01 -7.61733E-05 -1.27308E-01
9.22998E+01 -2.15001E-01 -7.73495E-05 -1.32323E-01
9.23998E+01 -2.20001E-01 -7.86449E-05 -1.37322E-01
9.24998E+01 -2.25001E-01 -8.03393E-05 -1.42337E-01
9.25998E+01 -2.30001E-01 -8.21958E-05 -1.47340E-01
9.26998E+01 -2.35001E-01 -8.39557E-05 -1.52341E-01
9.27998E+01 -2.40001E-01 -8.59189E-05 -1.57337E-01
9.28998E+01 -2.45001E-01 -8.80181E-05 -1.62355E-01
9.29998E+01 -2.50001E-01 -9.02190E-05 -1.67352E-01
9.30998E+01 -2.55001E-01 -9.23451E-05 -1.72368E-01
9.31998E+01 -2.60001E-01 -9.44559E-05 -1.77381E-01
9.32998E+01 -2.65001E-01 -9.65690E-05 -1.82383E-01
9.33998E+01 -2.70001E-01 -9.87436E-05 -1.87380E-01
9.34998E+01 -2.75001E-01 -1.00857E-04 -1.92384E-01
9.35998E+01 -2.80001E-01 -1.02943E-04 -1.97394E-01
9.36998E+01 -2.85001E-01 -1.05032E-04 -2.02409E-01
9.37998E+01 -2.90001E-01 -1.07129E-04 -2.07377E-01
9.38998E+01 -2.95001E-01 -1.09250E-04 -2.12390E-01
9.39998E+01 -3.00001E-01 -1.11362E-04 -2.17394E-01
9.40998E+01 -3.05001E-01 -1.13488E-04 -2.22386E-01
9.41998E+01 -3.10001E-01 -1.15618E-04 -2.27407E-01
9.42998E+01 -3.15001E-01 -1.17724E-04 -2.32379E-01
9.43998E+01 -3.20001E-01 -1.19779E-04 -2.37390E-01
9.44998E+01 -3.25001E-01 -1.21763E-04 -2.42396E-01
9.45998E+01 -3.30001E-01 -1.23678E-04 -2.47370E-01
9.46998E+01 -3.35001E-01 -1.25551E-04 -2.52379E-01
9.47998E+01 -3.40001E-01 -1.27363E-04 -2.57392E-01
9.48998E+01 -3.45001E-01 -1.29103E-04 -2.62405E-01
9.49998E+01 -3.50001E-01 -1.30774E-04 -2.67396E-01
9.50998E+01 -3.55001E-01 -1.32400E-04 -2.72380E-01
9.51998E+01 -3.60001E-01 -1.33948E-04 -2.77385E-01
9.52998E+01 -3.65001E-01 -1.35433E-04 -2.82394E-01
9.53998E+01 -3.70001E-01 -1.36897E-04 -2.87394E-01
9.54998E+01 -3.75001E-01 -1.38300E-04 -2.92396E-01
9.55998E+01 -3.80001E-01 -1.39632E-04 -2.97383E-01
9.56998E+01 -3.85001E-01 -1.40924E-04 -3.02411E-01
9.57998E+01 -3.90001E-01 -1.42166E-04 -3.07417E-01
9.58998E+01 -3.95001E-01 -1.43387E-04 -3.12394E-01
9.59998E+01 -4.00001E-01 -1.44517E-04 -3.17416E-01
9.60998E+01 -4.05001E-01 -1.45606E-04 -3.22424E-01
9.61998E+01 -4.10001E-01 -1.46854E-04 -3.27425E-01
9.62998E+01 -4.15001E-01 -1.47955E-04 -3.32438E-01
9.63998E+01 -4.20001E-01 -1.49050E-04 -3.37429E-01
9.64998E+01 -4.25001E-01 -1.50019E-04 -3.42433E-01
9.65998E+01 -4.30001E-01 -1.51024E-04 -3.47465E-01
9.66998E+01 -4.35001E-01 -1.52045E-04 -3.52456E-01
9.67998E+01 -4.40001E-01 -1.53078E-04 -3.57458E-01
9.68998E+01 -4.45001E-01 -1.54053E-04 -3.62448E-01
9.69998E+01 -4.50001E-01 -1.54964E-04 -3.67460E-01
9.70998E+01 -4.55001E-01 -1.55984E-04 -3.72481E-01
9.71998E+01 -4.60001E-01 -1.56930E-04 -3.77465E-01
9.72998E+01 -4.65001E-01 -1.57865E-04 -3.82455E-01
9.73998E+01 -4.70001E-01 -1.58875E-04 -3.87462E-01
9.74998E+01 -4.75001E-01 -1.59747E-04 -3.92472E-01
9.75998E+01 -4.80001E-01 -1.60560E-04 -3.97478E-01
9.76998E+01 -4.85001E-01 -1.61382E-04 -4.02494E-01
9.77998E+01 -4.90001E-01 -1.62123E-04 -4.07458E-01
9.78998E+01 -4.95001E-01 -1.62809E-04 -4.12463E-01
9.79998E+01 -5.00001E-01 -1.63526E-04 -4.17476E-01
9.80998E+01 -5.05001E-01 -1.64215E-04 -4.22482E-01
9.81998E+01 -5.10001E-01 -1.64911E-04 -4.27486E-01
9.82998E+01 -5.15001E-01 -1.65568E-04 -4.32481E-01
9.83998E+01 -5.20001E-01 -1.66237E-04 -4.37496E-01
9.84998E+01 -5.25001E-01 -1.66874E-04 -4.42496E-01
9.85998E+01 -5.30001E-01 -1.67483E-04 -4.47490E-01
9.86998E+01 -5.35001E-01 -1.68119E-04 -4.52498E-01
9.87998E+01 -5.40001E-01 -1.68739E-04 -4.57484E-01
9.88998E+01 -5.45001E-01 -1.69379E-04 -4.62497E-01
9.89998E+01 -5.50001E-01 -1.69926E-04 -4.67490E-01
9.90998E+01 -5.55001E-01 -1.70503E-04 -4.72486E-01
9.91998E+01 -5.60001E-01 -1.71126E-04 -4.77495E-01
9.92998E+01 -5.65001E-01 -1.71716E-04 -4.82480E-01
9.93998E+01 -5.70001E-01 -1.72314E-04 -4.87510E-01
9.94998E+01 -5.75001E-01 -1.72872E-04 -4.92489E-01
9.95998E+01 -5.80001E-01 -1.73453E-04 -4.97512E-01
9.96998E+01 -5.85001E-01 -1.74003E-04 -5.02525E-01
9.97998E+01 -5.90001E-01 -1.74601E-04 -5.07525E-01
9.98998E+01 -5.95001E-01 -1.75230E-04 -5.12565E-01
9.99997E+01 -6.00001E-01 -1.75854E-04 -5.17542E-01
1.00100E+02 -6.05000E-01 -1.76393E-04 -5.22528E-01
1.00200E+02 -6.10000E-01 -1.76882E-04 -5.27556E-01
1.00300E+02 -6.15000E-01 -1.77550E-04 -5.32526E-01
1.00400E+02 -6.20000E-01 -1.78407E-04 -5.37538E-01
1.00500E+02 -6.25000E-01 -1.79297E-04 -5.42530E-01
1.00600E+02 -6.30000E-01 -1.80290E-04 -5.47534E-01
1.00700E+02 -6.35000E-01 -1.81330E-04 -5.52561E-01
1.00800E+02 -6.40000E-01 -1.82053E-04 -5.57552E-01
1.00900E+02 -6.45000E-01 -1.82894E-04 -5.62528E-01
1.01000E+02 -6.50000E-01 -1.83680E-04 -5.67538E-01
1.01100E+02 -6.55000E-01 -1.84461E-04 -5.72556E-01
1.01200E+02 -6.60000E-01 -1.85121E-04 -5.77526E-01
1.01300E+02 -6.65000E-01 -1.85910E-04 -5.82544E-01
1.01400E+02 -6.70000E-01 -1.86696E-04 -5.87541E-01
1.01500E+02 -6.75000E-01 -1.87456E-04 -5.92549E-01
1.01600E+02 -6.80000E-01 -1.88233E-04 -5.97565E-01
1.01700E+02 -6.85000E-01 -1.89117E-04 -6.02572E-01
1.01800E+02 -6.90000E-01 -1.89941E-04 -6.07551E-01
1.01900E+02 -6.95000E-01 -1.90985E-04 -6.12559E-01
1.02000E+02 -7.00000E-01 -1.92157E-04 -6.17574E-01
1.02100E+02 -7.05000E-01 -1.93393E-04 -6.22578E-01
1.02200E+02 -7.10000E-01 -1.94234E-04 -6.27553E-01
1.02300E+02 -7.15000E-01 -1.95105E-04 -6.32563E-01
1.02400E+02 -7.20000E-01 -1.96103E-04 -6.37584E-01
1.02500E+02 -7.25000E-01 -1.97065E-04 -6.42580E-01
1.02600E+02 -7.30000E-01 -1.97959E-04 -6.47598E-01
1.02700E+02 -7.35000E-01 -1.99072E-04 -6.52596E-01
1.02800E+02 -7.40000E-01 -2.00003E-04 -6.57615E-01
1.02900E+02 -7.45000E-01 -2.01101E-04 -6.62612E-01
1.03000E+02 -7.50000E-01 -2.01264E-04 -6.67622E-01
1.03100E+02 -7.55000E-01 -2.02156E-04 -6.72614E-01
1.03200E+02 -7.60000E-01 -2.02705E-04 -6.77645E-01
1.03300E+02 -7.65000E-01 -2.03333E-04 -6.82618E-01
1.03400E+02 -7.70000E-01 -2.03462E-04 -6.87615E-01
1.03500E+02 -7.75000E-01 -2.03628E-04 -6.92638E-01
1.03600E+02 -7.80000E-01 -2.03243E-04 -6.97633E-01
1.03700E+02 -7.85000E-01 -2.02508E-04 -7.02621E-01
1.03800E+02 -7.90000E-01 -2.01302E-04 -7.07626E-01
1.03900E+02 -7.95000E-01 -1.99671E-04 -7.12626E-01
