time/s      E/V        I/A
0.00000E+00 -8.00000E-01 -1.93898E-04 -7.22351E-01
9.99997E-02 -7.95000E-01 -1.89976E-04 -7.17327E-01
1.99999E-01 -7.90000E-01 -1.85868E-04 -7.12316E-01
2.99999E-01 -7.85000E-01 -1.80851E-04 -7.07320E-01
3.99999E-01 -7.80000E-01 -1.75233E-04 -7.02316E-01
4.99999E-01 -7.75000E-01 -1.67971E-04 -6.97329E-01
5.99998E-01 -7.70000E-01 -1.57210E-04 -6.92315E-01
6.99998E-01 -7.65000E-01 -1.42618E-04 -6.87322E-01
7.99998E-01 -7.60000E-01 -1.26482E-04 -6.82297E-01
8.99998E-01 -7.55000E-01 -1.13199E-04 -6.77308E-01
9.99997E-01 -7.50000E-01 -1.03833E-04 -6.72320E-01
1.10000E+00 -7.45000E-01 -9.69560E-05 -6.67312E-01
1.20000E+00 -7.40000E-01 -9.15501E-05 -6.62307E-01
1.30000E+00 -7.35000E-01 -8.72871E-05 -6.57319E-01
1.40000E+00 -7.30000E-01 -8.37630E-05 -6.52292E-01
1.50000E+00 -7.25000E-01 -8.05461E-05 -6.47275E-01
1.60000E+00 -7.20000E-01 -7.74762E-05 -6.42275E-01
1.70000E+00 -7.15000E-01 -7.44520E-05 -6.37288E-01
1.80000E+00 -7.10000E-01 -7.15528E-05 -6.32298E-01
1.90000E+00 -7.05000E-01 -6.88571E-05 -6.27278E-01
1.99999E+00 -7.00000E-01 -6.62956E-05 -6.22267E-01
2.09999E+00 -6.95000E-01 -6.38830E-05 -6.17276E-01
2.19999E+00 -6.90000E-01 -6.16603E-05 -6.12279E-01
2.29999E+00 -6.85000E-01 -5.95652E-05 -6.07258E-01
2.39999E+00 -6.80000E-01 -5.75858E-05 -6.02255E-01
2.49999E+00 -6.75000E-01 -5.57190E-05 -5.97277E-01
2.59999E+00 -6.70000E-01 -5.42213E-05 -5.92249E-01
2.69999E+00 -6.65000E-01 -5.23359E-05 -5.87260E-01
2.79999E+00 -6.60000E-01 -5.07729E-05 -5.82241E-01
2.89999E+00 -6.55000E-01 -4.92875E-05 -5.77249E-01
2.99999E+00 -6.50000E-01 -4.78792E-05 -5.72253E-01
3.09999E+00 -6.45000E-01 -4.65305E-05 -5.67227E-01
3.19999E+00 -6.40000E-01 -4.52368E-05 -5.62230E-01
3.29999E+00 -6.35000E-01 -4.40082E-05 -5.57237E-01
3.39999E+00 -6.30000E-01 -4.28470E-05 -5.52247E-01
3.49999E+00 -6.25000E-01 -4.17182E-05 -5.47253E-01
3.59999E+00 -6.20000E-01 -4.06529E-05 -5.42235E-01
3.69999E+00 -6.15000E-01 -3.95992E-05 -5.37252E-01
3.79999E+00 -6.10000E-01 -3.86001E-05 -5.32240E-01
3.89999E+00 -6.05000E-01 -3.76419E-05 -5.27242E-01
3.99999E+00 -6.00001E-01 -3.67144E-05 -5.22217E-01
4.09999E+00 -5.95001E-01 -3.58173E-05 -5.17235E-01
4.19999E+00 -5.90001E-01 -3.49502E-05 -5.12238E-01
4.29999E+00 -5.85001E-01 -3.41128E-05 -5.07226E-01
4.39999E+00 -5.80001E-01 -3.32911E-05 -5.02197E-01
4.49999E+00 -5.75001E-01 -3.24947E-05 -4.97201E-01
4.59999E+00 -5.70001E-01 -3.17325E-05 -4.92199E-01
4.69999E+00 -5.65001E-01 -3.09951E-05 -4.87203E-01
4.79999E+00 -5.60001E-01 -3.02918E-05 -4.82165E-01
4.89999E+00 -5.55001E-01 -2.95844E-05 -4.77201E-01
4.99999E+00 -5.50001E-01 -2.89038E-05 -4.72180E-01
5.09999E+00 -5.45001E-01 -2.82267E-05 -4.67163E-01
5.19999E+00 -5.40001E-01 -2.75784E-05 -4.62171E-01
5.29999E+00 -5.35001E-01 -2.69393E-05 -4.57162E-01
5.39999E+00 -5.30001E-01 -2.63207E-05 -4.52156E-01
5.49999E+00 -5.25001E-01 -2.57139E-05 -4.47151E-01
5.59999E+00 -5.20001E-01 -2.51305E-05 -4.42154E-01
5.69999E+00 -5.15001E-01 -2.45591E-05 -4.37175E-01
5.79999E+00 -5.10001E-01 -2.39995E-05 -4.32158E-01
5.89999E+00 -5.05001E-01 -2.34521E-05 -4.27161E-01
5.99998E+00 -5.00001E-01 -2.29261E-05 -4.22169E-01
6.09998E+00 -4.95001E-01 -2.23884E-05 -4.17173E-01
6.19998E+00 -4.90001E-01 -2.18793E-05 -4.12155E-01
6.29998E+00 -4.85001E-01 -2.13806E-05 -4.07156E-01
6.39998E+00 -4.80001E-01 -2.08905E-05 -4.02160E-01
6.49998E+00 -4.75001E-01 -2.04081E-05 -3.97164E-01
6.59998E+00 -4.70001E-01 -1.99393E-05 -3.92168E-01
6.69998E+00 -4.65001E-01 -1.94770E-05 -3.87156E-01
6.79998E+00 -4.60001E-01 -1.90193E-05 -3.82146E-01
6.89998E+00 -4.55001E-01 -1.85857E-05 -3.77177E-01
6.99998E+00 -4.50001E-01 -1.81355E-05 -3.72142E-01
7.09998E+00 -4.45001E-01 -1.77116E-05 -3.67121E-01
7.19998E+00 -4.40001E-01 -1.72852E-05 -3.62140E-01
7.29998E+00 -4.35001E-01 -1.68701E-05 -3.57136E-01
7.39998E+00 -4.30001E-01 -1.64627E-05 -3.52140E-01
7.49998E+00 -4.25001E-01 -1.60630E-05 -3.47135E-01
7.59998E+00 -4.20001E-01 -1.56698E-05 -3.42119E-01
7.69998E+00 -4.15001E-01 -1.52815E-05 -3.37137E-01
7.79998E+00 -4.10001E-01 -1.48972E-05 -3.32136E-01
7.89998E+00 -4.05001E-01 -1.45180E-05 -3.27151E-01
7.99998E+00 -4.00001E-01 -1.41467E-05 -3.22119E-01
8.09998E+00 -3.95001E-01 -1.37796E-05 -3.17119E-01
8.19998E+00 -3.90001E-01 -1.34170E-05 -3.12109E-01
8.29998E+00 -3.85001E-01 -1.30581E-05 -3.07138E-01
8.39998E+00 -3.80001E-01 -1.27033E-05 -3.02117E-01
8.49998E+00 -3.75001E-01 -1.23536E-05 -2.97100E-01
8.59998E+00 -3.70001E-01 -1.20142E-05 -2.92102E-01
8.69998E+00 -3.65001E-01 -1.16574E-05 -2.87130E-01
8.79998E+00 -3.60001E-01 -1.13215E-05 -2.82147E-01
8.89998E+00 -3.55001E-01 -1.09844E-05 -2.77105E-01
8.99998E+00 -3.50001E-01 -1.06512E-05 -2.72141E-01
9.09998E+00 -3.45001E-01 -1.03186E-05 -2.67126E-01
9.19998E+00 -3.40001E-01 -9.98799E-06 -2.62104E-01
9.29998E+00 -3.35001E-01 -9.65872E-06 -2.57114E-01
9.39998E+00 -3.30001E-01 -9.33444E-06 -2.52087E-01
9.49998E+00 -3.25001E-01 -9.01352E-06 -2.47113E-01
9.59998E+00 -3.20001E-01 -8.69075E-06 -2.42121E-01
9.69998E+00 -3.15001E-01 -8.37375E-06 -2.37104E-01
9.79998E+00 -3.10001E-01 -8.04913E-06 -2.32090E-01
9.89998E+00 -3.05001E-01 -7.73198E-06 -2.27090E-01
9.99997E+00 -3.00001E-01 -7.42201E-06 -2.22086E-01
1.01000E+01 -2.95001E-01 -7.09876E-06 -2.17077E-01
1.02000E+01 -2.90001E-01 -6.78234E-06 -2.12073E-01
1.03000E+01 -2.85001E-01 -6.46929E-06 -2.07061E-01
1.04000E+01 -2.80001E-01 -6.15981E-06 -2.02072E-01
1.05000E+01 -2.75001E-01 -5.84849E-06 -1.97074E-01
1.06000E+01 -2.70001E-01 -5.53976E-06 -1.92045E-01
1.07000E+01 -2.65001E-01 -5.23029E-06 -1.87050E-01
1.08000E+01 -2.60001E-01 -4.92251E-06 -1.82054E-01
1.09000E+01 -2.55001E-01 -4.61249E-06 -1.77042E-01
1.10000E+01 -2.50001E-01 -4.31089E-06 -1.72052E-01
1.11000E+01 -2.45001E-01 -4.00024E-06 -1.67027E-01
1.12000E+01 -2.40001E-01 -3.69101E-06 -1.62029E-01
1.13000E+01 -2.35001E-01 -3.37829E-06 -1.57017E-01
1.14000E+01 -2.30001E-01 -3.06397E-06 -1.51997E-01
1.15000E+01 -2.25001E-01 -2.81244E-06 -1.47029E-01
1.16000E+01 -2.20001E-01 -2.50349E-06 -1.42028E-01
1.17000E+01 -2.15001E-01 -2.20288E-06 -1.37020E-01
1.18000E+01 -2.10001E-01 -1.90315E-06 -1.32021E-01
1.19000E+01 -2.05001E-01 -1.60290E-06 -1.26994E-01
1.20000E+01 -2.00002E-01 -1.30312E-06 -1.22021E-01
1.21000E+01 -1.95002E-01 -1.00832E-06 -1.17019E-01
1.22000E+01 -1.90002E-01 -7.11085E-07 -1.12002E-01
1.23000E+01 -1.85002E-01 -4.16837E-07 -1.06998E-01
1.24000E+01 -1.80002E-01 -1.26740E-07 -1.01995E-01
1.25000E+01 -1.75002E-01 1.69702E-07  -9.70054E-02
1.26000E+01 -1.70002E-01 4.64160E-07  -9.19882E-02
1.27000E+01 -1.65002E-01 7.58336E-07  -8.69879E-02
1.28000E+01 -1.60002E-01 1.05456E-06  -8.20095E-02
1.29000E+01 -1.55002E-01 1.34588E-06  -7.69705E-02
1.30000E+01 -1.50002E-01 1.64079E-06  -7.19964E-02
1.31000E+01 -1.45002E-01 1.93858E-06  -6.69892E-02
1.32000E+01 -1.40002E-01 2.25423E-06  -6.19864E-02
1.33000E+01 -1.35002E-01 2.57797E-06  -5.69911E-02
1.34000E+01 -1.30002E-01 2.91083E-06  -5.19534E-02
1.35000E+01 -1.25002E-01 3.25472E-06  -4.69599E-02
1.36000E+01 -1.20002E-01 3.61496E-06  -4.19553E-02
1.37000E+01 -1.15002E-01 3.99316E-06  -3.69681E-02
1.38000E+01 -1.10002E-01 4.39208E-06  -3.19516E-02
1.39000E+01 -1.05002E-01 4.81161E-06  -2.69319E-02
1.40000E+01 -1.00002E-01 5.26038E-06  -2.19747E-02
1.41000E+01 -9.50018E-02 5.74143E-06  -1.69607E-02
1.42000E+01 -9.00018E-02 6.25480E-06  -1.19423E-02
1.43000E+01 -8.50018E-02 6.80054E-06  -6.94759E-03
1.44000E+01 -8.00018E-02 7.37978E-06  -1.93294E-03
1.45000E+01 -7.50018E-02 7.99933E-06  3.05174E-03 
1.46000E+01 -7.00018E-02 8.64833E-06  8.03145E-03 
1.47000E+01 -6.50018E-02 9.33950E-06  1.30455E-02 
1.48000E+01 -6.00019E-02 1.00690E-05  1.80688E-02 
1.49000E+01 -5.50019E-02 1.08499E-05  2.30616E-02 
1.50000E+01 -5.00019E-02 1.16917E-05  2.80582E-02 
1.51000E+01 -4.50019E-02 1.25798E-05  3.30847E-02 
1.52000E+01 -4.00019E-02 1.34806E-05  3.80744E-02 
1.53000E+01 -3.50019E-02 1.44602E-05  4.30997E-02 
1.54000E+01 -3.00019E-02 1.54941E-05  4.80694E-02 
1.55000E+01 -2.50019E-02 1.65938E-05  5.30678E-02 
1.56000E+01 -2.00020E-02 1.77321E-05  5.80794E-02 
1.57000E+01 -1.50020E-02 1.88990E-05  6.30902E-02 
1.58000E+01 -1.00020E-02 2.00403E-05  6.80731E-02 
1.59000E+01 -5.00199E-03 2.12165E-05  7.30958E-02 
1.60000E+01 -2.00000E-06 2.26040E-05  7.81062E-02 
1.61000E+01 4.99799E-03  2.39700E-05  8.30996E-02 
1.62000E+01 9.99797E-03  2.53719E-05  8.80923E-02 
1.63000E+01 1.49980E-02  2.69009E-05  9.31189E-02 
1.64000E+01 1.99979E-02  2.85181E-05  9.81167E-02 
1.65000E+01 2.49979E-02  3.01870E-05  1.03116E-01 
1.66000E+01 2.99979E-02  3.19131E-05  1.08099E-01 
1.67000E+01 3.49979E-02  3.37193E-05  1.13108E-01 
1.68000E+01 3.99979E-02  3.55778E-05  1.18085E-01 
1.69000E+01 4.49979E-02  3.74724E-05  1.23134E-01 
1.70000E+01 4.99979E-02  3.93868E-05  1.28107E-01 
1.71000E+01 5.49979E-02  4.13953E-05  1.33136E-01 
1.72000E+01 5.99978E-02  4.34071E-05  1.38126E-01 
1.73000E+01 6.49978E-02  4.54337E-05  1.43154E-01 
1.74000E+01 6.99978E-02  4.74175E-05  1.48141E-01 
1.75000E+01 7.49978E-02  4.94155E-05  1.53152E-01 
1.76000E+01 7.99978E-02  5.13601E-05  1.58187E-01 
1.77000E+01 8.49978E-02  5.31916E-05  1.63133E-01 
1.78000E+01 8.99978E-02  5.49439E-05  1.68151E-01 
1.79000E+01 9.49978E-02  5.66633E-05  1.73165E-01 
1.80000E+01 9.99977E-02  5.83569E-05  1.78183E-01 
1.81000E+01 1.04998E-01  5.99838E-05  1.83180E-01 
1.82000E+01 1.09998E-01  6.15761E-05  1.88154E-01 
1.83000E+01 1.14998E-01  6.31766E-05  1.93177E-01 
1.84000E+01 1.19998E-01  6.47590E-05  1.98195E-01 
1.85000E+01 1.24998E-01  6.63304E-05  2.03183E-01 
1.86000E+01 1.29998E-01  6.78948E-05  2.08189E-01 
1.87000E+01 1.34998E-01  6.94904E-05  2.13173E-01 
1.88000E+01 1.39998E-01  7.11172E-05  2.18205E-01 
1.89000E+01 1.44998E-01  7.27985E-05  2.23191E-01 
1.90000E+01 1.49998E-01  7.45060E-05  2.28181E-01 
1.91000E+01 1.54998E-01  7.61924E-05  2.33174E-01 
1.92000E+01 1.59998E-01  7.78314E-05  2.38185E-01 
1.93000E+01 1.64998E-01  7.94666E-05  2.43202E-01 
1.94000E+01 1.69998E-01  8.12039E-05  2.48199E-01 
1.95000E+01 1.74998E-01  8.28604E-05  2.53194E-01 
1.96000E+01 1.79998E-01  8.45147E-05  2.58220E-01 
1.97000E+01 1.84998E-01  8.61405E-05  2.63206E-01 
1.98000E+01 1.89998E-01  8.77314E-05  2.68210E-01 
1.99000E+01 1.94998E-01  8.92746E-05  2.73202E-01 
1.99999E+01 1.99997E-01  9.08607E-05  2.78204E-01 
2.00999E+01 2.04997E-01  9.23759E-05  2.83221E-01 
2.01999E+01 2.09997E-01  9.37931E-05  2.88200E-01 
2.02999E+01 2.14997E-01  9.51852E-05  2.93197E-01 
2.03999E+01 2.19997E-01  9.66389E-05  2.98218E-01 
2.04999E+01 2.24997E-01  9.81196E-05  3.03216E-01 
2.05999E+01 2.29997E-01  9.97356E-05  3.08208E-01 
2.06999E+01 2.34997E-01  1.01567E-04  3.13208E-01 
2.07999E+01 2.39997E-01  1.03653E-04  3.18220E-01 
2.08999E+01 2.44997E-01  1.05782E-04  3.23213E-01 
2.09999E+01 2.49997E-01  1.08114E-04  3.28205E-01 
2.10999E+01 2.54997E-01  1.10917E-04  3.33217E-01 
2.11999E+01 2.59997E-01  1.13843E-04  3.38210E-01 
2.12999E+01 2.64997E-01  1.16690E-04  3.43203E-01 
2.13999E+01 2.69997E-01  1.19767E-04  3.48223E-01 
2.14999E+01 2.74997E-01  1.23069E-04  3.53236E-01 
2.15999E+01 2.79997E-01  1.26146E-04  3.58211E-01 
2.16999E+01 2.84997E-01  1.29071E-04  3.63225E-01 
2.17999E+01 2.89997E-01  1.31690E-04  3.68240E-01 
2.18999E+01 2.94997E-01  1.33732E-04  3.73246E-01 
2.19999E+01 2.99997E-01  1.35127E-04  3.78249E-01 
2.20999E+01 3.04997E-01  1.35522E-04  3.83234E-01 
2.21999E+01 3.09997E-01  1.34794E-04  3.88236E-01 
2.22999E+01 3.14997E-01  1.32701E-04  3.93246E-01 
2.23999E+01 3.19997E-01  1.29271E-04  3.98247E-01 
2.24999E+01 3.24997E-01  1.24343E-04  4.03253E-01 
2.25999E+01 3.29997E-01  1.17954E-04  4.08236E-01 
2.26999E+01 3.34997E-01  1.10314E-04  4.13258E-01 
2.27999E+01 3.39997E-01  1.01956E-04  4.18265E-01 
2.28999E+01 3.44997E-01  9.35628E-05  4.23275E-01 
2.29999E+01 3.49997E-01  8.53963E-05  4.28240E-01 
2.30999E+01 3.54997E-01  7.77251E-05  4.33281E-01 
2.31999E+01 3.59997E-01  7.14931E-05  4.38304E-01 
2.32999E+01 3.64997E-01  6.70192E-05  4.43274E-01 
2.33999E+01 3.69997E-01  6.43663E-05  4.48276E-01 
2.34999E+01 3.74997E-01  6.13971E-05  4.53302E-01 
2.35999E+01 3.79997E-01  5.92858E-05  4.58298E-01 
2.36999E+01 3.84997E-01  5.78311E-05  4.63294E-01 
2.37999E+01 3.89997E-01  5.67284E-05  4.68274E-01 
2.38999E+01 3.94997E-01  5.59169E-05  4.73288E-01 
2.39999E+01 3.99997E-01  5.53496E-05  4.78300E-01 
2.40999E+01 4.04997E-01  5.48873E-05  4.83301E-01 
2.41999E+01 4.09997E-01  5.45814E-05  4.88311E-01 
2.42999E+01 4.14997E-01  5.44327E-05  4.93339E-01 
2.43999E+01 4.19997E-01  5.44227E-05  4.98334E-01 
2.44999E+01 4.24997E-01  5.45036E-05  5.03297E-01 
2.45999E+01 4.29997E-01  5.46836E-05  5.08336E-01 
2.46999E+01 4.34997E-01  5.48944E-05  5.13339E-01 
2.47999E+01 4.39997E-01  5.52148E-05  5.18333E-01 
2.48999E+01 4.44997E-01  5.56130E-05  5.23294E-01 
2.49999E+01 4.49997E-01  5.60320E-05  5.28326E-01 
2.50999E+01 4.54997E-01  5.65174E-05  5.33332E-01 
2.51999E+01 4.59997E-01  5.70562E-05  5.38342E-01 
2.52999E+01 4.64997E-01  5.76436E-05  5.43336E-01 
2.53999E+01 4.69997E-01  5.82615E-05  5.48326E-01 
2.54999E+01 4.74997E-01  5.89077E-05  5.53350E-01 
2.55999E+01 4.79997E-01  5.95813E-05  5.58319E-01 
2.56999E+01 4.84997E-01  6.02297E-05  5.63326E-01 
2.57999E+01 4.89997E-01  6.08953E-05  5.68349E-01 
2.58999E+01 4.94997E-01  6.15382E-05  5.73353E-01 
2.59999E+01 4.99997E-01  6.22152E-05  5.78347E-01 
2.60999E+01 5.04997E-01  6.28906E-05  5.83344E-01 
2.61999E+01 5.09997E-01  6.35635E-05  5.88343E-01 
2.62999E+01 5.14997E-01  6.42420E-05  5.93364E-01 
2.63999E+01 5.19997E-01  6.49196E-05  5.98364E-01 
2.64999E+01 5.24997E-01  6.55705E-05  6.03347E-01 
2.65999E+01 5.29997E-01  6.62093E-05  6.08360E-01 
2.66999E+01 5.34997E-01  6.68261E-05  6.13384E-01 
2.67999E+01 5.39997E-01  6.74296E-05  6.18363E-01 
2.68999E+01 5.44997E-01  6.79890E-05  6.23351E-01 
2.69999E+01 5.49997E-01  6.85027E-05  6.28388E-01 
2.70999E+01 5.54997E-01  6.89911E-05  6.33381E-01 
2.71999E+01 5.59997E-01  6.94553E-05  6.38411E-01 
2.72999E+01 5.64997E-01  6.98636E-05  6.43418E-01 
2.73999E+01 5.69997E-01  7.02326E-05  6.48415E-01 
2.74999E+01 5.74997E-01  7.05546E-05  6.53435E-01 
2.75999E+01 5.79997E-01  7.08289E-05  6.58438E-01 
2.76999E+01 5.84997E-01  7.10384E-05  6.63429E-01 
2.77999E+01 5.89997E-01  7.11797E-05  6.68398E-01 
2.78999E+01 5.94997E-01  7.12586E-05  6.73414E-01 
2.79999E+01 5.99996E-01  7.12640E-05  6.78424E-01 
2.80999E+01 6.04996E-01  7.11936E-05  6.83413E-01 
2.81999E+01 6.09996E-01  7.10485E-05  6.88411E-01 
2.82999E+01 6.14996E-01  7.08100E-05  6.93407E-01 
2.83999E+01 6.19996E-01  7.04913E-05  6.98439E-01 
2.84999E+01 6.24996E-01  7.00567E-05  7.03432E-01 
2.85999E+01 6.29996E-01  6.95386E-05  7.08434E-01 
2.86999E+01 6.34996E-01  6.89280E-05  7.13450E-01 
2.87999E+01 6.39996E-01  6.82322E-05  7.18432E-01 
2.88999E+01 6.44996E-01  6.74564E-05  7.23432E-01 
2.89999E+01 6.49996E-01  6.65991E-05  7.28404E-01 
2.90999E+01 6.54996E-01  6.56768E-05  7.33427E-01 
2.91999E+01 6.59996E-01  6.46980E-05  7.38427E-01 
2.92999E+01 6.64996E-01  6.36641E-05  7.43437E-01 
2.93999E+01 6.69996E-01  6.26047E-05  7.48428E-01 
2.94999E+01 6.74996E-01  6.15096E-05  7.53423E-01 
2.95999E+01 6.79996E-01  6.03797E-05  7.58443E-01 
2.96999E+01 6.84996E-01  5.92395E-05  7.63466E-01 
2.97999E+01 6.89996E-01  5.81113E-05  7.68441E-01 
2.98999E+01 6.94996E-01  5.70037E-05  7.73424E-01 
2.99999E+01 6.99996E-01  5.59534E-05  7.78440E-01 
3.00999E+01 7.04996E-01  5.49788E-05  7.83466E-01 
3.01999E+01 7.09996E-01  5.40723E-05  7.88462E-01 
3.02999E+01 7.14996E-01  5.32768E-05  7.93469E-01 
3.03999E+01 7.19996E-01  5.25912E-05  7.98480E-01 
3.04999E+01 7.24996E-01  5.20310E-05  8.03471E-01 
3.05999E+01 7.29996E-01  5.15650E-05  8.08496E-01 
3.06999E+01 7.34996E-01  5.11841E-05  8.13504E-01 
3.07999E+01 7.39996E-01  5.08310E-05  8.18511E-01 
3.08999E+01 7.44996E-01  5.05877E-05  8.23490E-01 
3.09999E+01 7.49996E-01  5.05024E-05  8.28488E-01 
3.10999E+01 7.54996E-01  5.04092E-05  8.33497E-01 
3.11999E+01 7.59996E-01  5.03240E-05  8.38502E-01 
3.12999E+01 7.64996E-01  5.02699E-05  8.43516E-01 
3.13999E+01 7.69996E-01  5.02353E-05  8.48491E-01 
3.14999E+01 7.74996E-01  5.02249E-05  8.53520E-01 
3.15999E+01 7.79996E-01  5.01193E-05  8.58516E-01 
3.16999E+01 7.84996E-01  5.00330E-05  8.63519E-01 
3.17999E+01 7.89996E-01  5.00116E-05  8.68512E-01 
3.18999E+01 7.94996E-01  5.00088E-05  8.73530E-01 
3.19999E+01 7.99996E-01  5.01860E-05  8.78546E-01 
3.20999E+01 8.04996E-01  5.02715E-05  8.83530E-01 
3.21999E+01 8.09996E-01  5.03751E-05  8.88527E-01 
3.22999E+01 8.14996E-01  5.05046E-05  8.93542E-01 
3.23999E+01 8.19996E-01  5.05210E-05  8.98531E-01 
3.24999E+01 8.24996E-01  5.05093E-05  9.03527E-01 
3.25999E+01 8.29996E-01  5.05777E-05  9.08525E-01 
3.26999E+01 8.34996E-01  5.07455E-05  9.13533E-01 
3.27999E+01 8.39996E-01  5.08315E-05  9.18551E-01 
3.28999E+01 8.44996E-01  5.09963E-05  9.23522E-01 
3.29999E+01 8.49996E-01  5.11350E-05  9.28537E-01 
3.30999E+01 8.54996E-01  5.12622E-05  9.33547E-01 
3.31999E+01 8.59996E-01  5.13966E-05  9.38564E-01 
3.32999E+01 8.64996E-01  5.16055E-05  9.43547E-01 
3.33999E+01 8.69996E-01  5.18385E-05  9.48551E-01 
3.34999E+01 8.74996E-01  5.20414E-05  9.53550E-01 
3.35999E+01 8.79996E-01  5.20834E-05  9.58568E-01 
3.36999E+01 8.84996E-01  5.21846E-05  9.63564E-01 
3.37999E+01 8.89996E-01  5.23490E-05  9.68580E-01 
3.38999E+01 8.94996E-01  5.24994E-05  9.73580E-01 
3.39999E+01 8.99996E-01  5.26674E-05  9.78579E-01 
3.40999E+01 9.04996E-01  5.27820E-05  9.83588E-01 
3.41999E+01 9.09996E-01  5.28919E-05  9.88591E-01 
3.42999E+01 9.14996E-01  5.30670E-05  9.93593E-01 
3.43999E+01 9.19996E-01  5.32164E-05  9.98589E-01 
3.44999E+01 9.24996E-01  5.33734E-05  1.00360E+00 
3.45999E+01 9.29996E-01  5.35093E-05  1.00859E+00 
3.46999E+01 9.34996E-01  5.36380E-05  1.01361E+00 
3.47999E+01 9.39996E-01  5.37558E-05  1.01859E+00 
3.48999E+01 9.44996E-01  5.38682E-05  1.02359E+00 
3.49999E+01 9.49996E-01  5.39899E-05  1.02860E+00 
3.50999E+01 9.54996E-01  5.40889E-05  1.03360E+00 
3.51999E+01 9.59996E-01  5.42124E-05  1.03861E+00 
3.52999E+01 9.64996E-01  5.43393E-05  1.04361E+00 
3.53999E+01 9.69996E-01  5.44658E-05  1.04862E+00 
3.54999E+01 9.74996E-01  5.46148E-05  1.05360E+00 
3.55999E+01 9.79996E-01  5.47731E-05  1.05859E+00 
3.56999E+01 9.84996E-01  5.49358E-05  1.06361E+00 
3.57999E+01 9.89996E-01  5.51103E-05  1.06861E+00 
3.58999E+01 9.94996E-01  5.52882E-05  1.07362E+00 
3.59999E+01 9.99995E-01  5.54681E-05  1.07864E+00 
3.60999E+01 1.00500E+00  5.56441E-05  1.08360E+00 
3.61999E+01 1.01000E+00  5.58233E-05  1.08865E+00 
3.62999E+01 1.01500E+00  5.60004E-05  1.09364E+00 
3.63999E+01 1.02000E+00  5.61716E-05  1.09863E+00 
3.64999E+01 1.02500E+00  5.63438E-05  1.10364E+00 
3.65999E+01 1.03000E+00  5.65380E-05  1.10864E+00 
3.66999E+01 1.03500E+00  5.67116E-05  1.11366E+00 
3.67999E+01 1.04000E+00  5.68938E-05  1.11865E+00 
3.68999E+01 1.04500E+00  5.70623E-05  1.12366E+00 
3.69999E+01 1.05000E+00  5.72330E-05  1.12867E+00 
3.70999E+01 1.05500E+00  5.74174E-05  1.13367E+00 
3.71999E+01 1.06000E+00  5.76431E-05  1.13867E+00 
3.72999E+01 1.06500E+00  5.78469E-05  1.14366E+00 
3.73999E+01 1.07000E+00  5.80545E-05  1.14869E+00 
3.74999E+01 1.07500E+00  5.82703E-05  1.15369E+00 
3.75999E+01 1.08000E+00  5.84984E-05  1.15867E+00 
3.76999E+01 1.08500E+00  5.87254E-05  1.16370E+00 
3.77999E+01 1.09000E+00  5.89683E-05  1.16869E+00 
3.78999E+01 1.09500E+00  5.91372E-05  1.17369E+00 
3.79999E+01 1.10000E+00  5.93549E-05  1.17869E+00 
3.80999E+01 1.10500E+00  5.95988E-05  1.18369E+00 
3.81999E+01 1.11000E+00  5.98453E-05  1.18870E+00 
3.82999E+01 1.11500E+00  6.01153E-05  1.19369E+00 
3.83999E+01 1.12000E+00  6.03718E-05  1.19868E+00 
3.84999E+01 1.12500E+00  6.06537E-05  1.20370E+00 
3.85999E+01 1.13000E+00  6.09229E-05  1.20872E+00 
3.86999E+01 1.13500E+00  6.12614E-05  1.21371E+00 
3.87999E+01 1.14000E+00  6.16118E-05  1.21872E+00 
3.88999E+01 1.14500E+00  6.19928E-05  1.22372E+00 
3.89999E+01 1.15000E+00  6.23705E-05  1.22872E+00 
3.90999E+01 1.15500E+00  6.27812E-05  1.23372E+00 
3.91999E+01 1.16000E+00  6.32025E-05  1.23870E+00 
3.92999E+01 1.16500E+00  6.36293E-05  1.24373E+00 
3.93999E+01 1.17000E+00  6.40870E-05  1.24873E+00 
3.94999E+01 1.17500E+00  6.45584E-05  1.25374E+00 
3.95999E+01 1.18000E+00  6.50252E-05  1.25875E+00 
3.96999E+01 1.18500E+00  6.54912E-05  1.26374E+00 
3.97999E+01 1.19000E+00  6.59743E-05  1.26875E+00 
3.98999E+01 1.19500E+00  6.64827E-05  1.27377E+00 
3.99999E+01 1.19999E+00  6.69843E-05  1.27875E+00 
4.00999E+01 1.20499E+00  6.74832E-05  1.28375E+00 
4.01999E+01 1.20999E+00  6.80011E-05  1.28874E+00 
4.02999E+01 1.21499E+00  6.85463E-05  1.29376E+00 
4.03999E+01 1.21999E+00  6.91685E-05  1.29876E+00 
4.04999E+01 1.22499E+00  6.97573E-05  1.30375E+00 
4.05999E+01 1.22999E+00  7.03574E-05  1.30874E+00 
4.06999E+01 1.23499E+00  7.09851E-05  1.31376E+00 
4.07999E+01 1.23999E+00  7.16407E-05  1.31875E+00 
4.08999E+01 1.24499E+00  7.23083E-05  1.32375E+00 
4.09999E+01 1.24999E+00  7.30277E-05  1.32875E+00 
4.10999E+01 1.25499E+00  7.37414E-05  1.33376E+00 
4.11999E+01 1.25999E+00  7.44961E-05  1.33877E+00 
4.12999E+01 1.26499E+00  7.52607E-05  1.34376E+00 
4.13999E+01 1.26999E+00  7.60510E-05  1.34877E+00 
4.14999E+01 1.27499E+00  7.68530E-05  1.35379E+00 
4.15999E+01 1.27999E+00  7.76657E-05  1.35879E+00 
4.16999E+01 1.28499E+00  7.84941E-05  1.36378E+00 
4.17999E+01 1.28999E+00  7.93124E-05  1.36876E+00 
4.18999E+01 1.29499E+00  8.02129E-05  1.37377E+00 
4.19999E+01 1.29999E+00  8.10696E-05  1.37878E+00 
4.20999E+01 1.30499E+00  8.19418E-05  1.38377E+00 
4.21999E+01 1.30999E+00  8.28504E-05  1.38877E+00 
4.22999E+01 1.31499E+00  8.37589E-05  1.39379E+00 
4.23999E+01 1.31999E+00  8.47136E-05  1.39878E+00 
4.24999E+01 1.32499E+00  8.57209E-05  1.40376E+00 
4.25999E+01 1.32999E+00  8.67997E-05  1.40878E+00 
4.26999E+01 1.33499E+00  8.79672E-05  1.41379E+00 
4.27999E+01 1.33999E+00  8.91993E-05  1.41880E+00 
4.28999E+01 1.34499E+00  9.04968E-05  1.42382E+00 
4.29999E+01 1.34999E+00  9.19501E-05  1.42881E+00 
4.30999E+01 1.35499E+00  9.34442E-05  1.43380E+00 
4.31999E+01 1.35999E+00  9.50406E-05  1.43882E+00 
4.32999E+01 1.36499E+00  9.67239E-05  1.44382E+00 
4.33999E+01 1.36999E+00  9.84876E-05  1.44883E+00 
4.34999E+01 1.37499E+00  1.00326E-04  1.45384E+00 
4.35999E+01 1.37999E+00  1.02256E-04  1.45885E+00 
4.36999E+01 1.38499E+00  1.04258E-04  1.46384E+00 
4.37999E+01 1.38999E+00  1.06311E-04  1.46885E+00 
4.38999E+01 1.39499E+00  1.08488E-04  1.47388E+00 
4.39999E+01 1.39999E+00  1.10718E-04  1.47887E+00 
4.40999E+01 1.40499E+00  1.12999E-04  1.48385E+00 
4.41999E+01 1.40999E+00  1.15378E-04  1.48888E+00 
4.42999E+01 1.41499E+00  1.17827E-04  1.49388E+00 
4.43999E+01 1.41999E+00  1.20350E-04  1.49887E+00 
4.44999E+01 1.42499E+00  1.22919E-04  1.50388E+00 
4.45999E+01 1.42999E+00  1.25518E-04  1.50887E+00 
4.46999E+01 1.43499E+00  1.28249E-04  1.51388E+00 
4.47999E+01 1.43999E+00  1.30999E-04  1.51887E+00 
4.48999E+01 1.44499E+00  1.33804E-04  1.52388E+00 
4.49999E+01 1.44999E+00  1.36662E-04  1.52888E+00 
4.50999E+01 1.45499E+00  1.39578E-04  1.53390E+00 
4.51999E+01 1.45999E+00  1.42565E-04  1.53891E+00 
4.52999E+01 1.46499E+00  1.45538E-04  1.54391E+00 
4.53999E+01 1.46999E+00  1.48665E-04  1.54889E+00 
4.54999E+01 1.47499E+00  1.51777E-04  1.55391E+00 
4.55999E+01 1.47999E+00  1.54940E-04  1.55890E+00 
4.56999E+01 1.48499E+00  1.58122E-04  1.56390E+00 
4.57999E+01 1.48999E+00  1.61361E-04  1.56889E+00 
4.58999E+01 1.49499E+00  1.64639E-04  1.57391E+00 
4.59999E+01 1.49999E+00  1.67935E-04  1.57892E+00 
4.60999E+01 1.50499E+00  1.71241E-04  1.58393E+00 
4.61999E+01 1.50999E+00  1.74701E-04  1.58891E+00 
4.62999E+01 1.51499E+00  1.78095E-04  1.59391E+00 
4.63999E+01 1.51999E+00  1.81567E-04  1.59891E+00 
4.64999E+01 1.52499E+00  1.85031E-04  1.60395E+00 
4.65999E+01 1.52999E+00  1.88493E-04  1.60894E+00 
4.66999E+01 1.53499E+00  1.92049E-04  1.61394E+00 
4.67999E+01 1.53999E+00  1.95555E-04  1.61894E+00 
4.68999E+01 1.54499E+00  1.99064E-04  1.62394E+00 
4.69999E+01 1.54999E+00  2.02633E-04  1.62896E+00 
4.70999E+01 1.55499E+00  2.06280E-04  1.63393E+00 
4.71999E+01 1.55999E+00  2.09923E-04  1.63892E+00 
4.72999E+01 1.56499E+00  2.14183E-04  1.64394E+00 
4.73999E+01 1.56999E+00  2.17749E-04  1.64895E+00 
4.74999E+01 1.57499E+00  2.21376E-04  1.65396E+00 
4.75999E+01 1.57999E+00  2.25357E-04  1.65893E+00 
4.76999E+01 1.58499E+00  2.29162E-04  1.66397E+00 
4.77999E+01 1.58999E+00  2.32916E-04  1.66898E+00 
4.78999E+01 1.59499E+00  2.36639E-04  1.67396E+00 
4.79999E+01 1.59999E+00  2.40185E-04  1.67895E+00 
4.80999E+01 1.60499E+00  2.43645E-04  1.68395E+00 
4.81999E+01 1.60999E+00  2.47276E-04  1.68896E+00 
4.82999E+01 1.61499E+00  2.50968E-04  1.69397E+00 
4.83999E+01 1.61999E+00  2.54762E-04  1.69896E+00 
4.84999E+01 1.62499E+00  2.58560E-04  1.70395E+00 
4.85999E+01 1.62999E+00  2.62297E-04  1.70894E+00 
4.86999E+01 1.63499E+00  2.66046E-04  1.71394E+00 
4.87999E+01 1.63999E+00  2.69883E-04  1.71896E+00 
4.88999E+01 1.64499E+00  2.73716E-04  1.72396E+00 
4.89999E+01 1.64999E+00  2.77194E-04  1.72898E+00 
4.90999E+01 1.65499E+00  2.80872E-04  1.73399E+00 
4.91999E+01 1.65999E+00  2.84685E-04  1.73897E+00 
4.92999E+01 1.66499E+00  2.88213E-04  1.74397E+00 
4.93999E+01 1.66999E+00  2.91420E-04  1.74897E+00 
4.94999E+01 1.67499E+00  2.94543E-04  1.75398E+00 
4.95999E+01 1.67999E+00  2.98199E-04  1.75900E+00 
4.96999E+01 1.68499E+00  3.01945E-04  1.76400E+00 
4.97999E+01 1.68999E+00  3.05842E-04  1.76903E+00 
4.98999E+01 1.69499E+00  3.09963E-04  1.77400E+00 
4.99999E+01 1.69999E+00  3.13643E-04  1.77901E+00 
5.00999E+01 1.70499E+00  3.16985E-04  1.78402E+00 
5.01999E+01 1.70999E+00  3.20102E-04  1.78903E+00 
5.02999E+01 1.71499E+00  3.23358E-04  1.79401E+00 
5.03999E+01 1.71999E+00  3.26720E-04  1.79902E+00 
5.04999E+01 1.72499E+00  3.29977E-04  1.80402E+00 
5.05999E+01 1.72999E+00  3.33358E-04  1.80904E+00 
5.06999E+01 1.73499E+00  3.36552E-04  1.81404E+00 
5.07999E+01 1.73999E+00  3.39491E-04  1.81906E+00 
5.08999E+01 1.74499E+00  3.42465E-04  1.82409E+00 
5.09999E+01 1.74999E+00  3.45395E-04  1.82908E+00 
5.10999E+01 1.75499E+00  3.48100E-04  1.83407E+00 
5.11999E+01 1.75999E+00  3.50886E-04  1.83906E+00 
5.12999E+01 1.76499E+00  3.53660E-04  1.84409E+00 
5.13999E+01 1.76999E+00  3.56497E-04  1.84909E+00 
5.14999E+01 1.77499E+00  3.59246E-04  1.85407E+00 
5.15999E+01 1.77999E+00  3.61745E-04  1.85906E+00 
5.16999E+01 1.78499E+00  3.64158E-04  1.86409E+00 
5.17999E+01 1.78999E+00  3.66517E-04  1.86908E+00 
5.18999E+01 1.79499E+00  3.68692E-04  1.87407E+00 
5.19999E+01 1.79999E+00  3.70890E-04  1.87907E+00 
5.20999E+01 1.79499E+00  3.63091E-04  1.87410E+00 
5.21999E+01 1.78999E+00  3.55609E-04  1.86910E+00 
5.22999E+01 1.78499E+00  3.48360E-04  1.86409E+00 
5.23999E+01 1.77999E+00  3.41434E-04  1.85908E+00 
5.24999E+01 1.77499E+00  3.34817E-04  1.85409E+00 
5.25999E+01 1.76999E+00  3.28422E-04  1.84909E+00 
5.26999E+01 1.76499E+00  3.22213E-04  1.84406E+00 
5.27999E+01 1.75999E+00  3.16161E-04  1.83906E+00 
5.28999E+01 1.75499E+00  3.10231E-04  1.83407E+00 
5.29999E+01 1.74999E+00  3.04462E-04  1.82905E+00 
5.30999E+01 1.74499E+00  2.98703E-04  1.82405E+00 
5.31999E+01 1.73999E+00  2.93048E-04  1.81906E+00 
5.32999E+01 1.73499E+00  2.87515E-04  1.81405E+00 
5.33999E+01 1.72999E+00  2.82049E-04  1.80905E+00 
5.34999E+01 1.72499E+00  2.76662E-04  1.80403E+00 
5.35999E+01 1.71999E+00  2.71284E-04  1.79901E+00 
5.36999E+01 1.71499E+00  2.66111E-04  1.79401E+00 
5.37999E+01 1.70999E+00  2.60951E-04  1.78902E+00 
5.38999E+01 1.70499E+00  2.55792E-04  1.78401E+00 
5.39999E+01 1.69999E+00  2.50713E-04  1.77903E+00 
5.40999E+01 1.69499E+00  2.45724E-04  1.77402E+00 
5.41999E+01 1.68999E+00  2.40725E-04  1.76900E+00 
5.42999E+01 1.68499E+00  2.35832E-04  1.76402E+00 
5.43999E+01 1.67999E+00  2.30975E-04  1.75903E+00 
5.44999E+01 1.67499E+00  2.26197E-04  1.75401E+00 
5.45999E+01 1.66999E+00  2.21556E-04  1.74898E+00 
5.46999E+01 1.66499E+00  2.16991E-04  1.74398E+00 
5.47999E+01 1.65999E+00  2.12584E-04  1.73896E+00 
5.48999E+01 1.65499E+00  2.08001E-04  1.73398E+00 
5.49999E+01 1.64999E+00  2.03557E-04  1.72896E+00 
5.50999E+01 1.64499E+00  1.99228E-04  1.72394E+00 
5.51999E+01 1.63999E+00  1.94931E-04  1.71895E+00 
5.52999E+01 1.63499E+00  1.90685E-04  1.71396E+00 
5.53999E+01 1.62999E+00  1.86486E-04  1.70897E+00 
5.54999E+01 1.62499E+00  1.82424E-04  1.70394E+00 
5.55999E+01 1.61999E+00  1.78351E-04  1.69895E+00 
5.56999E+01 1.61499E+00  1.74336E-04  1.69394E+00 
5.57999E+01 1.60999E+00  1.70446E-04  1.68896E+00 
5.58999E+01 1.60499E+00  1.66581E-04  1.68395E+00 
5.59999E+01 1.59999E+00  1.62798E-04  1.67896E+00 
5.60999E+01 1.59499E+00  1.59066E-04  1.67395E+00 
5.61999E+01 1.58999E+00  1.55398E-04  1.66896E+00 
5.62999E+01 1.58499E+00  1.51789E-04  1.66395E+00 
5.63999E+01 1.57999E+00  1.48255E-04  1.65897E+00 
5.64999E+01 1.57499E+00  1.44750E-04  1.65396E+00 
5.65999E+01 1.56999E+00  1.41269E-04  1.64897E+00 
5.66999E+01 1.56499E+00  1.37860E-04  1.64396E+00 
5.67999E+01 1.55999E+00  1.34501E-04  1.63892E+00 
5.68999E+01 1.55499E+00  1.31225E-04  1.63395E+00 
5.69999E+01 1.54999E+00  1.27977E-04  1.62896E+00 
5.70999E+01 1.54499E+00  1.24778E-04  1.62395E+00 
5.71999E+01 1.53999E+00  1.21675E-04  1.61892E+00 
5.72999E+01 1.53499E+00  1.18616E-04  1.61391E+00 
5.73999E+01 1.52999E+00  1.15579E-04  1.60895E+00 
5.74999E+01 1.52499E+00  1.12599E-04  1.60394E+00 
5.75999E+01 1.51999E+00  1.09686E-04  1.59891E+00 
5.76999E+01 1.51499E+00  1.06806E-04  1.59389E+00 
5.77999E+01 1.50999E+00  1.03967E-04  1.58891E+00 
5.78999E+01 1.50499E+00  1.01175E-04  1.58394E+00 
5.79999E+01 1.49999E+00  9.84401E-05  1.57891E+00 
5.80999E+01 1.49499E+00  9.57516E-05  1.57388E+00 
5.81999E+01 1.48999E+00  9.30888E-05  1.56887E+00 
5.82999E+01 1.48499E+00  9.04838E-05  1.56388E+00 
5.83999E+01 1.47999E+00  8.79252E-05  1.55887E+00 
5.84999E+01 1.47499E+00  8.54073E-05  1.55387E+00 
5.85999E+01 1.46999E+00  8.29472E-05  1.54886E+00 
5.86999E+01 1.46499E+00  8.05180E-05  1.54388E+00 
5.87999E+01 1.45999E+00  7.81464E-05  1.53887E+00 
5.88999E+01 1.45499E+00  7.58152E-05  1.53385E+00 
5.89999E+01 1.44999E+00  7.35174E-05  1.52886E+00 
5.90999E+01 1.44499E+00  7.13064E-05  1.52385E+00 
5.91999E+01 1.43999E+00  6.90924E-05  1.51886E+00 
5.92999E+01 1.43499E+00  6.69098E-05  1.51385E+00 
5.93999E+01 1.42999E+00  6.48143E-05  1.50884E+00 
5.94999E+01 1.42499E+00  6.27279E-05  1.50384E+00 
5.95999E+01 1.41999E+00  6.07333E-05  1.49884E+00 
5.96999E+01 1.41499E+00  5.87669E-05  1.49385E+00 
5.97999E+01 1.40999E+00  5.68197E-05  1.48884E+00 
5.98999E+01 1.40499E+00  5.49225E-05  1.48384E+00 
5.99998E+01 1.39999E+00  5.30603E-05  1.47886E+00 
6.00998E+01 1.39499E+00  5.12528E-05  1.47386E+00 
6.01998E+01 1.38999E+00  4.94752E-05  1.46886E+00 
6.02998E+01 1.38499E+00  4.77669E-05  1.46385E+00 
6.03998E+01 1.37999E+00  4.60846E-05  1.45885E+00 
6.04998E+01 1.37499E+00  4.44568E-05  1.45385E+00 
6.05998E+01 1.36999E+00  4.28547E-05  1.44884E+00 
6.06998E+01 1.36499E+00  4.12990E-05  1.44383E+00 
6.07998E+01 1.35999E+00  3.98104E-05  1.43883E+00 
6.08998E+01 1.35499E+00  3.83754E-05  1.43381E+00 
6.09998E+01 1.34999E+00  3.69537E-05  1.42882E+00 
6.10998E+01 1.34499E+00  3.51119E-05  1.42381E+00 
6.11998E+01 1.33999E+00  3.37895E-05  1.41880E+00 
6.12998E+01 1.33499E+00  3.24841E-05  1.41381E+00 
6.13998E+01 1.32999E+00  3.12749E-05  1.40879E+00 
6.14998E+01 1.32499E+00  3.00659E-05  1.40379E+00 
6.15998E+01 1.31999E+00  2.89190E-05  1.39880E+00 
6.16998E+01 1.31499E+00  2.77909E-05  1.39380E+00 
6.17998E+01 1.30999E+00  2.67139E-05  1.38879E+00 
6.18998E+01 1.30499E+00  2.56752E-05  1.38383E+00 
6.19998E+01 1.29999E+00  2.46821E-05  1.37882E+00 
6.20998E+01 1.29499E+00  2.37229E-05  1.37379E+00 
6.21998E+01 1.28999E+00  2.28082E-05  1.36877E+00 
6.22998E+01 1.28499E+00  2.19249E-05  1.36380E+00 
6.23998E+01 1.27999E+00  2.10765E-05  1.35878E+00 
6.24998E+01 1.27499E+00  2.02595E-05  1.35376E+00 
6.25998E+01 1.26999E+00  1.94743E-05  1.34877E+00 
6.26998E+01 1.26499E+00  1.87302E-05  1.34379E+00 
6.27998E+01 1.25999E+00  1.80311E-05  1.33880E+00 
6.28998E+01 1.25499E+00  1.73570E-05  1.33377E+00 
6.29998E+01 1.24999E+00  1.67144E-05  1.32877E+00 
6.30998E+01 1.24499E+00  1.60887E-05  1.32377E+00 
6.31998E+01 1.23999E+00  1.54922E-05  1.31876E+00 
6.32998E+01 1.23499E+00  1.49331E-05  1.31377E+00 
6.33998E+01 1.22999E+00  1.44026E-05  1.30875E+00 
6.34998E+01 1.22499E+00  1.38741E-05  1.30375E+00 
6.35998E+01 1.21999E+00  1.34937E-05  1.29877E+00 
6.36998E+01 1.21499E+00  1.30078E-05  1.29375E+00 
6.37998E+01 1.20999E+00  1.26090E-05  1.28874E+00 
6.38998E+01 1.20499E+00  1.21909E-05  1.28375E+00 
6.39998E+01 1.19999E+00  1.18524E-05  1.27876E+00 
6.40998E+01 1.19500E+00  1.15128E-05  1.27374E+00 
6.41998E+01 1.19000E+00  1.10742E-05  1.26875E+00 
6.42998E+01 1.18500E+00  1.05186E-05  1.26372E+00 
6.43998E+01 1.18000E+00  1.03377E-05  1.25872E+00 
6.44998E+01 1.17500E+00  1.00870E-05  1.25373E+00 
6.45998E+01 1.17000E+00  9.84735E-06  1.24872E+00 
6.46998E+01 1.16500E+00  9.61676E-06  1.24371E+00 
6.47998E+01 1.16000E+00  9.36250E-06  1.23871E+00 
6.48998E+01 1.15500E+00  9.07022E-06  1.23371E+00 
6.49998E+01 1.15000E+00  8.84982E-06  1.22872E+00 
6.50998E+01 1.14500E+00  8.61890E-06  1.22371E+00 
6.51998E+01 1.14000E+00  8.38048E-06  1.21867E+00 
6.52998E+01 1.13500E+00  8.14836E-06  1.21372E+00 
6.53998E+01 1.13000E+00  7.95796E-06  1.20872E+00 
6.54998E+01 1.12500E+00  7.77823E-06  1.20369E+00 
6.55998E+01 1.12000E+00  7.61829E-06  1.19867E+00 
6.56998E+01 1.11500E+00  7.47525E-06  1.19369E+00 
6.57998E+01 1.11000E+00  7.32631E-06  1.18870E+00 
6.58998E+01 1.10500E+00  7.20260E-06  1.18370E+00 
6.59998E+01 1.10000E+00  7.07663E-06  1.17869E+00 
6.60998E+01 1.09500E+00  6.91424E-06  1.17369E+00 
6.61998E+01 1.09000E+00  6.74303E-06  1.16868E+00 
6.62998E+01 1.08500E+00  6.65550E-06  1.16367E+00 
6.63998E+01 1.08000E+00  6.56363E-06  1.15868E+00 
6.64998E+01 1.07500E+00  6.44358E-06  1.15367E+00 
6.65998E+01 1.07000E+00  6.33161E-06  1.14869E+00 
6.66998E+01 1.06500E+00  6.20754E-06  1.14369E+00 
6.67998E+01 1.06000E+00  6.09007E-06  1.13868E+00 
6.68998E+01 1.05500E+00  6.00269E-06  1.13370E+00 
6.69998E+01 1.05000E+00  5.93318E-06  1.12868E+00 
6.70998E+01 1.04500E+00  5.83343E-06  1.12369E+00 
6.71998E+01 1.04000E+00  5.75395E-06  1.11869E+00 
6.72998E+01 1.03500E+00  5.65892E-06  1.11368E+00 
6.73998E+01 1.03000E+00  5.47871E-06  1.10867E+00 
6.74998E+01 1.02500E+00  5.36809E-06  1.10365E+00 
6.75998E+01 1.02000E+00  5.29196E-06  1.09864E+00 
6.76998E+01 1.01500E+00  5.20488E-06  1.09364E+00 
6.77998E+01 1.01000E+00  5.19328E-06  1.08865E+00 
6.78998E+01 1.00500E+00  5.16199E-06  1.08362E+00 
6.79998E+01 9.99995E-01  5.10333E-06  1.07863E+00 
6.80998E+01 9.94996E-01  5.07649E-06  1.07365E+00 
6.81998E+01 9.89996E-01  4.99323E-06  1.06864E+00 
6.82998E+01 9.84996E-01  4.88006E-06  1.06362E+00 
6.83998E+01 9.79996E-01  4.80945E-06  1.05864E+00 
6.84998E+01 9.74996E-01  4.72420E-06  1.05363E+00 
6.85998E+01 9.69996E-01  4.61992E-06  1.04862E+00 
6.86998E+01 9.64996E-01  4.57116E-06  1.04363E+00 
6.87998E+01 9.59996E-01  4.50692E-06  1.03864E+00 
6.88998E+01 9.54996E-01  4.39873E-06  1.03362E+00 
6.89998E+01 9.49996E-01  4.30035E-06  1.02862E+00 
6.90998E+01 9.44996E-01  4.33154E-06  1.02360E+00 
6.91998E+01 9.39996E-01  4.55019E-06  1.01861E+00 
6.92998E+01 9.34996E-01  4.94889E-06  1.01361E+00 
6.93998E+01 9.29996E-01  5.01795E-06  1.00861E+00 
6.94998E+01 9.24996E-01  4.88573E-06  1.00360E+00 
6.95998E+01 9.19996E-01  4.61430E-06  9.98626E-01 
6.96998E+01 9.14996E-01  4.39430E-06  9.93607E-01 
6.97998E+01 9.09996E-01  4.14696E-06  9.88598E-01 
6.98998E+01 9.04996E-01  3.88053E-06  9.83616E-01 
6.99998E+01 8.99996E-01  4.12199E-06  9.78606E-01 
7.00998E+01 8.94996E-01  3.86623E-06  9.73582E-01 
7.01998E+01 8.89996E-01  3.59601E-06  9.68591E-01 
7.02998E+01 8.84996E-01  3.44515E-06  9.63594E-01 
7.03998E+01 8.79996E-01  3.34849E-06  9.58571E-01 
7.04998E+01 8.74996E-01  3.22359E-06  9.53556E-01 
7.05998E+01 8.69996E-01  3.07709E-06  9.48581E-01 
7.06998E+01 8.64996E-01  2.82058E-06  9.43578E-01 
7.07998E+01 8.59996E-01  2.58843E-06  9.38558E-01 
7.08998E+01 8.54996E-01  2.59815E-06  9.33542E-01 
7.09998E+01 8.49996E-01  2.35777E-06  9.28549E-01 
7.10998E+01 8.44996E-01  2.27673E-06  9.23546E-01 
7.11998E+01 8.39996E-01  2.37845E-06  9.18559E-01 
7.12998E+01 8.34996E-01  2.44458E-06  9.13543E-01 
7.13998E+01 8.29996E-01  2.58928E-06  9.08543E-01 
7.14998E+01 8.24996E-01  2.56391E-06  9.03538E-01 
7.15998E+01 8.19996E-01  2.52476E-06  8.98534E-01 
7.16998E+01 8.14996E-01  2.43038E-06  8.93538E-01 
7.17998E+01 8.09996E-01  2.26209E-06  8.88532E-01 
7.18998E+01 8.04996E-01  2.16181E-06  8.83522E-01 
7.19998E+01 7.99996E-01  2.11316E-06  8.78521E-01 
7.20998E+01 7.94996E-01  2.01321E-06  8.73528E-01 
7.21998E+01 7.89996E-01  1.92742E-06  8.68519E-01 
7.22998E+01 7.84996E-01  1.81478E-06  8.63530E-01 
7.23998E+01 7.79996E-01  1.71751E-06  8.58537E-01 
7.24998E+01 7.74996E-01  1.63443E-06  8.53546E-01 
7.25998E+01 7.69996E-01  1.53458E-06  8.48523E-01 
7.26998E+01 7.64996E-01  1.44059E-06  8.43520E-01 
7.27998E+01 7.59996E-01  1.39387E-06  8.38523E-01 
7.28998E+01 7.54996E-01  1.32959E-06  8.33529E-01 
7.29998E+01 7.49996E-01  1.22381E-06  8.28522E-01 
7.30998E+01 7.44996E-01  1.11758E-06  8.23519E-01 
7.31998E+01 7.39996E-01  1.03703E-06  8.18556E-01 
7.32998E+01 7.34996E-01  9.12202E-07  8.13537E-01 
7.33998E+01 7.29996E-01  7.88715E-07  8.08521E-01 
7.34998E+01 7.24996E-01  6.95814E-07  8.03510E-01 
7.35998E+01 7.19996E-01  6.17771E-07  7.98530E-01 
7.36998E+01 7.14996E-01  5.41346E-07  7.93521E-01 
7.37998E+01 7.09996E-01  4.55456E-07  7.88516E-01 
7.38998E+01 7.04996E-01  3.56010E-07  7.83502E-01 
7.39998E+01 6.99996E-01  2.74868E-07  7.78487E-01 
7.40998E+01 6.94996E-01  1.92533E-07  7.73465E-01 
7.41998E+01 6.89996E-01  1.01876E-07  7.68482E-01 
7.42998E+01 6.84996E-01  1.80566E-08  7.63484E-01 
7.43998E+01 6.79996E-01  -8.79023E-08 7.58479E-01 
7.44998E+01 6.74996E-01  -1.99105E-07 7.53446E-01 
7.45998E+01 6.69996E-01  -3.02521E-07 7.48451E-01 
7.46998E+01 6.64996E-01  -4.02852E-07 7.43461E-01 
7.47998E+01 6.59996E-01  -5.33681E-07 7.38442E-01 
7.48998E+01 6.54996E-01  -6.81953E-07 7.33453E-01 
7.49998E+01 6.49996E-01  -7.72553E-07 7.28431E-01 
7.50998E+01 6.44996E-01  -9.16628E-07 7.23446E-01 
7.51998E+01 6.39996E-01  -1.06930E-06 7.18430E-01 
7.52998E+01 6.34996E-01  -1.17956E-06 7.13438E-01 
7.53998E+01 6.29996E-01  -1.37609E-06 7.08407E-01 
7.54998E+01 6.24996E-01  -1.00950E-06 7.03428E-01 
7.55998E+01 6.19996E-01  -1.19480E-06 6.98427E-01 
7.56998E+01 6.14996E-01  -1.31366E-06 6.93408E-01 
7.57998E+01 6.09996E-01  -1.44118E-06 6.88428E-01 
7.58998E+01 6.04996E-01  -1.58497E-06 6.83411E-01 
7.59998E+01 5.99996E-01  -1.72340E-06 6.78439E-01 
7.60998E+01 5.94997E-01  -1.84691E-06 6.73397E-01 
7.61998E+01 5.89997E-01  -1.98174E-06 6.68386E-01 
7.62998E+01 5.84997E-01  -2.07812E-06 6.63389E-01 
7.63998E+01 5.79997E-01  -2.19287E-06 6.58419E-01 
7.64998E+01 5.74997E-01  -2.44744E-06 6.53404E-01 
7.65998E+01 5.69997E-01  -2.09583E-06 6.48392E-01 
7.66998E+01 5.64997E-01  -2.49899E-06 6.43405E-01 
7.67998E+01 5.59997E-01  -2.61693E-06 6.38411E-01 
7.68998E+01 5.54997E-01  -2.63893E-06 6.33390E-01 
7.69998E+01 5.49997E-01  -2.60521E-06 6.28397E-01 
7.70998E+01 5.44997E-01  -2.56954E-06 6.23376E-01 
7.71998E+01 5.39997E-01  -2.69611E-06 6.18387E-01 
7.72998E+01 5.34997E-01  -3.07830E-06 6.13389E-01 
7.73998E+01 5.29997E-01  -3.27056E-06 6.08365E-01 
7.74998E+01 5.24997E-01  -3.39352E-06 6.03367E-01 
7.75998E+01 5.19997E-01  -3.51799E-06 5.98350E-01 
7.76998E+01 5.14997E-01  -3.68015E-06 5.93383E-01 
7.77998E+01 5.09997E-01  -3.82102E-06 5.88357E-01 
7.78998E+01 5.04997E-01  -3.96343E-06 5.83363E-01 
7.79998E+01 4.99997E-01  -4.11042E-06 5.78370E-01 
7.80998E+01 4.94997E-01  -4.30003E-06 5.73385E-01 
7.81998E+01 4.89997E-01  -4.46359E-06 5.68367E-01 
7.82998E+01 4.84997E-01  -4.61111E-06 5.63357E-01 
7.83998E+01 4.79997E-01  -4.79840E-06 5.58377E-01 
7.84998E+01 4.74997E-01  -4.95997E-06 5.53376E-01 
7.85998E+01 4.69997E-01  -5.12568E-06 5.48363E-01 
7.86998E+01 4.64997E-01  -5.30318E-06 5.43349E-01 
7.87998E+01 4.59997E-01  -5.47005E-06 5.38359E-01 
7.88998E+01 4.54997E-01  -5.66213E-06 5.33365E-01 
7.89998E+01 4.49997E-01  -5.87214E-06 5.28348E-01 
7.90998E+01 4.44997E-01  -6.07310E-06 5.23334E-01 
7.91998E+01 4.39997E-01  -6.30126E-06 5.18343E-01 
7.92998E+01 4.34997E-01  -6.54602E-06 5.13345E-01 
7.93998E+01 4.29997E-01  -6.79328E-06 5.08348E-01 
7.94998E+01 4.24997E-01  -7.05023E-06 5.03328E-01 
7.95998E+01 4.19997E-01  -7.29666E-06 4.98344E-01 
7.96998E+01 4.14997E-01  -7.57049E-06 4.93350E-01 
7.97998E+01 4.09997E-01  -7.89825E-06 4.88370E-01 
7.98998E+01 4.04997E-01  -8.19955E-06 4.83341E-01 
7.99998E+01 3.99997E-01  -8.50895E-06 4.78335E-01 
8.00998E+01 3.94997E-01  -8.82180E-06 4.73306E-01 
8.01998E+01 3.89997E-01  -9.13437E-06 4.68309E-01 
8.02998E+01 3.84997E-01  -9.48949E-06 4.63291E-01 
8.03998E+01 3.79997E-01  -9.83074E-06 4.58308E-01 
8.04998E+01 3.74997E-01  -1.01548E-05 4.53274E-01 
8.05998E+01 3.69997E-01  -1.05515E-05 4.48276E-01 
8.06998E+01 3.64997E-01  -1.09348E-05 4.43279E-01 
8.07998E+01 3.59997E-01  -1.13103E-05 4.38314E-01 
8.08998E+01 3.54997E-01  -1.19435E-05 4.33278E-01 
8.09998E+01 3.49997E-01  -1.24575E-05 4.28274E-01 
8.10998E+01 3.44997E-01  -1.24631E-05 4.23293E-01 
8.11998E+01 3.39997E-01  -1.30017E-05 4.18297E-01 
8.12998E+01 3.34997E-01  -1.37495E-05 4.13268E-01 
8.13998E+01 3.29997E-01  -1.43558E-05 4.08267E-01 
8.14998E+01 3.24997E-01  -1.48084E-05 4.03261E-01 
8.15998E+01 3.19997E-01  -1.54846E-05 3.98271E-01 
8.16998E+01 3.14997E-01  -1.60273E-05 3.93243E-01 
8.17998E+01 3.09997E-01  -1.65799E-05 3.88238E-01 
8.18998E+01 3.04997E-01  -1.71371E-05 3.83233E-01 
8.19998E+01 2.99997E-01  -1.77282E-05 3.78261E-01 
8.20998E+01 2.94997E-01  -1.82981E-05 3.73253E-01 
8.21998E+01 2.89997E-01  -1.88558E-05 3.68226E-01 
8.22998E+01 2.84997E-01  -1.94299E-05 3.63221E-01 
8.23998E+01 2.79997E-01  -1.98657E-05 3.58227E-01 
8.24998E+01 2.74997E-01  -2.05904E-05 3.53240E-01 
8.25998E+01 2.69997E-01  -2.19442E-05 3.48219E-01 
8.26998E+01 2.64997E-01  -2.22629E-05 3.43192E-01 
8.27998E+01 2.59997E-01  -2.33119E-05 3.38195E-01 
8.28998E+01 2.54997E-01  -2.43927E-05 3.33225E-01 
8.29998E+01 2.49997E-01  -2.52080E-05 3.28208E-01 
8.30998E+01 2.44997E-01  -2.59205E-05 3.23205E-01 
8.31998E+01 2.39997E-01  -2.66273E-05 3.18203E-01 
8.32998E+01 2.34997E-01  -2.73300E-05 3.13190E-01 
8.33998E+01 2.29997E-01  -2.80588E-05 3.08210E-01 
8.34998E+01 2.24997E-01  -2.87872E-05 3.03201E-01 
8.35998E+01 2.19997E-01  -2.95073E-05 2.98178E-01 
8.36998E+01 2.14997E-01  -3.02612E-05 2.93181E-01 
8.37998E+01 2.09997E-01  -3.10413E-05 2.88183E-01 
8.38998E+01 2.04997E-01  -3.18166E-05 2.83198E-01 
8.39998E+01 1.99997E-01  -3.25950E-05 2.78212E-01 
8.40998E+01 1.94998E-01  -3.33582E-05 2.73176E-01 
8.41998E+01 1.89998E-01  -3.41289E-05 2.68194E-01 
8.42998E+01 1.84998E-01  -3.49116E-05 2.63215E-01 
8.43998E+01 1.79998E-01  -3.56838E-05 2.58217E-01 
8.44998E+01 1.74998E-01  -3.64481E-05 2.53186E-01 
8.45998E+01 1.69998E-01  -3.71871E-05 2.48189E-01 
8.46998E+01 1.64998E-01  -3.78967E-05 2.43225E-01 
8.47998E+01 1.59998E-01  -3.85833E-05 2.38192E-01 
8.48998E+01 1.54998E-01  -3.92303E-05 2.33185E-01 
8.49998E+01 1.49998E-01  -3.98406E-05 2.28192E-01 
8.50998E+01 1.44998E-01  -4.04215E-05 2.23173E-01 
8.51998E+01 1.39998E-01  -4.10598E-05 2.18207E-01 
8.52998E+01 1.34998E-01  -4.16373E-05 2.13183E-01 
8.53998E+01 1.29998E-01  -4.21914E-05 2.08171E-01 
8.54998E+01 1.24998E-01  -4.27123E-05 2.03183E-01 
8.55998E+01 1.19998E-01  -4.31985E-05 1.98169E-01 
8.56998E+01 1.14998E-01  -4.37312E-05 1.93176E-01 
8.57998E+01 1.09998E-01  -4.42786E-05 1.88193E-01 
8.58998E+01 1.04998E-01  -4.48069E-05 1.83167E-01 
8.59998E+01 9.99977E-02  -4.51507E-05 1.78179E-01 
8.60998E+01 9.49978E-02  -4.56348E-05 1.73163E-01 
8.61998E+01 8.99978E-02  -4.61411E-05 1.68155E-01 
8.62998E+01 8.49978E-02  -4.66455E-05 1.63157E-01 
8.63998E+01 7.99978E-02  -4.71483E-05 1.58179E-01 
8.64998E+01 7.49978E-02  -4.76420E-05 1.53173E-01 
8.65998E+01 6.99978E-02  -4.81187E-05 1.48127E-01 
8.66998E+01 6.49978E-02  -4.85932E-05 1.43129E-01 
8.67998E+01 5.99978E-02  -4.90596E-05 1.38126E-01 
8.68998E+01 5.49979E-02  -4.95089E-05 1.33116E-01 
8.69998E+01 4.99979E-02  -4.99531E-05 1.28111E-01 
8.70998E+01 4.49979E-02  -5.03995E-05 1.23119E-01 
8.71998E+01 3.99979E-02  -5.08174E-05 1.18115E-01 
8.72998E+01 3.49979E-02  -5.12254E-05 1.13096E-01 
8.73998E+01 2.99979E-02  -5.16176E-05 1.08103E-01 
8.74998E+01 2.49979E-02  -5.20039E-05 1.03106E-01 
8.75998E+01 1.99979E-02  -5.23594E-05 9.80898E-02 
8.76998E+01 1.49980E-02  -5.27039E-05 9.30833E-02 
8.77998E+01 9.99797E-03  -5.30362E-05 8.80874E-02 
8.78998E+01 4.99799E-03  -5.33662E-05 8.30995E-02 
8.79998E+01 -2.00000E-06 -5.36705E-05 7.80924E-02 
8.80998E+01 -5.00199E-03 -5.39740E-05 7.30883E-02 
8.81998E+01 -1.00020E-02 -5.42624E-05 6.80962E-02 
8.82998E+01 -1.50020E-02 -5.45478E-05 6.30965E-02 
8.83998E+01 -2.00020E-02 -5.48246E-05 5.80775E-02 
8.84998E+01 -2.50019E-02 -5.51010E-05 5.30603E-02 
8.85998E+01 -3.00019E-02 -5.53818E-05 4.80831E-02 
8.86998E+01 -3.50019E-02 -5.56759E-05 4.30878E-02 
8.87998E+01 -4.00019E-02 -5.59758E-05 3.80969E-02 
8.88998E+01 -4.50019E-02 -5.62970E-05 3.30841E-02 
8.89998E+01 -5.00019E-02 -5.66086E-05 2.80532E-02 
8.90998E+01 -5.50019E-02 -5.69126E-05 2.30692E-02 
8.91998E+01 -6.00019E-02 -5.71789E-05 1.80826E-02 
8.92998E+01 -6.50018E-02 -5.74444E-05 1.30711E-02 
8.93998E+01 -7.00018E-02 -5.77283E-05 8.07075E-03 
8.94998E+01 -7.50018E-02 -5.79925E-05 3.06300E-03 
8.95998E+01 -8.00018E-02 -5.82752E-05 -1.91419E-03
8.96998E+01 -8.50018E-02 -5.85680E-05 -6.94323E-03
8.97998E+01 -9.00018E-02 -5.88668E-05 -1.19467E-02
8.98998E+01 -9.50018E-02 -5.91773E-05 -1.69407E-02
8.99998E+01 -1.00002E-01 -5.94928E-05 -2.19460E-02
9.00998E+01 -1.05002E-01 -5.99211E-05 -2.69425E-02
9.01998E+01 -1.10002E-01 -6.02857E-05 -3.19535E-02
9.02998E+01 -1.15002E-01 -6.06484E-05 -3.69725E-02
9.03998E+01 -1.20002E-01 -6.10234E-05 -4.19722E-02
9.04998E+01 -1.25002E-01 -6.14154E-05 -4.69519E-02
9.05998E+01 -1.30002E-01 -6.18275E-05 -5.19815E-02
9.06998E+01 -1.35002E-01 -6.22451E-05 -5.69649E-02
9.07998E+01 -1.40002E-01 -6.26937E-05 -6.19646E-02
9.08998E+01 -1.45002E-01 -6.31608E-05 -6.69612E-02
9.09998E+01 -1.50002E-01 -6.36617E-05 -7.19708E-02
9.10998E+01 -1.55002E-01 -6.41861E-05 -7.69623E-02
9.11998E+01 -1.60002E-01 -6.47724E-05 -8.19889E-02
9.12998E+01 -1.65002E-01 -6.54019E-05 -8.69654E-02
9.13998E+01 -1.70002E-01 -6.61297E-05 -9.19820E-02
9.14998E+01 -1.75002E-01 -6.69617E-05 -9.70098E-02
9.15998E+01 -1.80002E-01 -6.79250E-05 -1.01991E-01
9.16998E+01 -1.85002E-01 -6.90334E-05 -1.06988E-01
9.17998E+01 -1.90002E-01 -7.02716E-05 -1.11981E-01
9.18998E+01 -1.95002E-01 -7.16129E-05 -1.16982E-01
9.19998E+01 -2.00002E-01 -7.30146E-05 -1.22003E-01
9.20998E+01 -2.05001E-01 -7.44581E-05 -1.27000E-01
9.21998E+01 -2.10001E-01 -7.59158E-05 -1.31997E-01
9.22998E+01 -2.15001E-01 -7.73767E-05 -1.37013E-01
9.23998E+01 -2.20001E-01 -7.88883E-05 -1.42004E-01
9.24998E+01 -2.25001E-01 -8.05678E-05 -1.46988E-01
9.25998E+01 -2.30001E-01 -8.24585E-05 -1.51991E-01
9.26998E+01 -2.35001E-01 -8.45163E-05 -1.57001E-01
9.27998E+01 -2.40001E-01 -8.67569E-05 -1.62034E-01
9.28998E+01 -2.45001E-01 -8.91705E-05 -1.67038E-01
9.29998E+01 -2.50001E-01 -9.16664E-05 -1.72037E-01
9.30998E+01 -2.55001E-01 -9.41832E-05 -1.77059E-01
9.31998E+01 -2.60001E-01 -9.66679E-05 -1.82033E-01
9.32998E+01 -2.65001E-01 -9.91038E-05 -1.87051E-01
9.33998E+01 -2.70001E-01 -1.01469E-04 -1.92027E-01
9.34998E+01 -2.75001E-01 -1.03786E-04 -1.97056E-01
9.35998E+01 -2.80001E-01 -1.06071E-04 -2.02053E-01
9.36998E+01 -2.85001E-01 -1.08336E-04 -2.07038E-01
9.37998E+01 -2.90001E-01 -1.10607E-04 -2.12045E-01
9.38998E+01 -2.95001E-01 -1.12866E-04 -2.17039E-01
9.39998E+01 -3.00001E-01 -1.15120E-04 -2.22053E-01
9.40998E+01 -3.05001E-01 -1.17369E-04 -2.27072E-01
9.41998E+01 -3.10001E-01 -1.19586E-04 -2.32051E-01
9.42998E+01 -3.15001E-01 -1.21786E-04 -2.37062E-01
9.43998E+01 -3.20001E-01 -1.23940E-04 -2.42056E-01
9.44998E+01 -3.25001E-01 -1.26061E-04 -2.47060E-01
9.45998E+01 -3.30001E-01 -1.28133E-04 -2.52055E-01
9.46998E+01 -3.35001E-01 -1.30142E-04 -2.57052E-01
9.47998E+01 -3.40001E-01 -1.32085E-04 -2.62055E-01
9.48998E+01 -3.45001E-01 -1.33967E-04 -2.67069E-01
9.49998E+01 -3.50001E-01 -1.35774E-04 -2.72063E-01
9.50998E+01 -3.55001E-01 -1.37523E-04 -2.77076E-01
9.51998E+01 -3.60001E-01 -1.39203E-04 -2.82087E-01
9.52998E+01 -3.65001E-01 -1.40813E-04 -2.87080E-01
9.53998E+01 -3.70001E-01 -1.42374E-04 -2.92084E-01
9.54998E+01 -3.75001E-01 -1.43864E-04 -2.97068E-01
9.55998E+01 -3.80001E-01 -1.45293E-04 -3.02084E-01
9.56998E+01 -3.85001E-01 -1.46670E-04 -3.07078E-01
9.57998E+01 -3.90001E-01 -1.47980E-04 -3.12070E-01
9.58998E+01 -3.95001E-01 -1.49247E-04 -3.17103E-01
9.59998E+01 -4.00001E-01 -1.50453E-04 -3.22090E-01
9.60998E+01 -4.05001E-01 -1.51618E-04 -3.27105E-01
9.61998E+01 -4.10001E-01 -1.52716E-04 -3.32102E-01
9.62998E+01 -4.15001E-01 -1.53784E-04 -3.37116E-01
9.63998E+01 -4.20001E-01 -1.54808E-04 -3.42108E-01
9.64998E+01 -4.25001E-01 -1.55826E-04 -3.47109E-01
9.65998E+01 -4.30001E-01 -1.56782E-04 -3.52120E-01
9.66998E+01 -4.35001E-01 -1.57732E-04 -3.57128E-01
9.67998E+01 -4.40001E-01 -1.58639E-04 -3.62117E-01
9.68998E+01 -4.45001E-01 -1.59578E-04 -3.67106E-01
9.69998E+01 -4.50001E-01 -1.60460E-04 -3.72123E-01
9.70998E+01 -4.55001E-01 -1.61322E-04 -3.77126E-01
9.71998E+01 -4.60001E-01 -1.62172E-04 -3.82126E-01
9.72998E+01 -4.65001E-01 -1.62992E-04 -3.87126E-01
9.73998E+01 -4.70001E-01 -1.63805E-04 -3.92133E-01
9.74998E+01 -4.75001E-01 -1.64636E-04 -3.97145E-01
9.75998E+01 -4.80001E-01 -1.65517E-04 -4.02133E-01
9.76998E+01 -4.85001E-01 -1.66248E-04 -4.07129E-01
9.77998E+01 -4.90001E-01 -1.66996E-04 -4.12154E-01
9.78998E+01 -4.95001E-01 -1.67754E-04 -4.17158E-01
9.79998E+01 -5.00001E-01 -1.68529E-04 -4.22137E-01
9.80998E+01 -5.05001E-01 -1.69245E-04 -4.27143E-01
9.81998E+01 -5.10001E-01 -1.69975E-04 -4.32153E-01
9.82998E+01 -5.15001E-01 -1.70680E-04 -4.37180E-01
9.83998E+01 -5.20001E-01 -1.71393E-04 -4.42176E-01
9.84998E+01 -5.25001E-01 -1.72085E-04 -4.47159E-01
9.85998E+01 -5.30001E-01 -1.72801E-04 -4.52177E-01
9.86998E+01 -5.35001E-01 -1.73483E-04 -4.57184E-01
9.87998E+01 -5.40001E-01 -1.74174E-04 -4.62153E-01
9.88998E+01 -5.45001E-01 -1.74847E-04 -4.67151E-01
9.89998E+01 -5.50001E-01 -1.75529E-04 -4.72174E-01
9.90998E+01 -5.55001E-01 -1.76214E-04 -4.77188E-01
9.91998E+01 -5.60001E-01 -1.76912E-04 -4.82152E-01
9.92998E+01 -5.65001E-01 -1.77614E-04 -4.87198E-01
9.93998E+01 -5.70001E-01 -1.78338E-04 -4.92172E-01
9.94998E+01 -5.75001E-01 -1.79001E-04 -4.97214E-01
9.95998E+01 -5.80001E-01 -1.79733E-04 -5.02192E-01
9.96998E+01 -5.85001E-01 -1.80446E-04 -5.07217E-01
9.97998E+01 -5.90001E-01 -1.81255E-04 -5.12217E-01
9.98998E+01 -5.95001E-01 -1.82017E-04 -5.17235E-01
9.99997E+01 -6.00001E-01 -1.82812E-04 -5.22185E-01
1.00100E+02 -6.05000E-01 -1.83592E-04 -5.27199E-01
1.00200E+02 -6.10000E-01 -1.84407E-04 -5.32219E-01
1.00300E+02 -6.15000E-01 -1.85194E-04 -5.37217E-01
1.00400E+02 -6.20000E-01 -1.86073E-04 -5.42203E-01
1.00500E+02 -6.25000E-01 -1.86999E-04 -5.47226E-01
1.00600E+02 -6.30000E-01 -1.87883E-04 -5.52241E-01
1.00700E+02 -6.35000E-01 -1.88889E-04 -5.57219E-01
1.00800E+02 -6.40000E-01 -1.89872E-04 -5.62208E-01
1.00900E+02 -6.45000E-01 -1.90929E-04 -5.67239E-01
1.01000E+02 -6.50000E-01 -1.92124E-04 -5.72225E-01
1.01100E+02 -6.55000E-01 -1.93612E-04 -5.77220E-01
1.01200E+02 -6.60000E-01 -1.94547E-04 -5.82226E-01
1.01300E+02 -6.65000E-01 -1.95687E-04 -5.87248E-01
1.01400E+02 -6.70000E-01 -1.96726E-04 -5.92255E-01
1.01500E+02 -6.75000E-01 -1.97848E-04 -5.97248E-01
1.01600E+02 -6.80000E-01 -1.99071E-04 -6.02244E-01
1.01700E+02 -6.85000E-01 -2.00187E-04 -6.07243E-01
1.01800E+02 -6.90000E-01 -2.01319E-04 -6.12279E-01
1.01900E+02 -6.95000E-01 -2.02416E-04 -6.17257E-01
1.02000E+02 -7.00000E-01 -2.03453E-04 -6.22257E-01
1.02100E+02 -7.05000E-01 -2.04736E-04 -6.27248E-01
1.02200E+02 -7.10000E-01 -2.05865E-04 -6.32244E-01
1.02300E+02 -7.15000E-01 -2.06571E-04 -6.37252E-01
1.02400E+02 -7.20000E-01 -2.07181E-04 -6.42257E-01
1.02500E+02 -7.25000E-01 -2.07608E-04 -6.47249E-01
1.02600E+02 -7.30000E-01 -2.07557E-04 -6.52265E-01
1.02700E+02 -7.35000E-01 -2.06772E-04 -6.57299E-01
1.02800E+02 -7.40000E-01 -2.04983E-04 -6.62286E-01
1.02900E+02 -7.45000E-01 -2.01709E-04 -6.67269E-01
1.03000E+02 -7.50000E-01 -1.96230E-04 -6.72270E-01
1.03100E+02 -7.55000E-01 -1.87904E-04 -6.77292E-01
1.03200E+02 -7.60000E-01 -1.75876E-04 -6.82323E-01
1.03300E+02 -7.65000E-01 -1.59311E-04 -6.87316E-01
1.03400E+02 -7.70000E-01 -1.42084E-04 -6.92312E-01
1.03500E+02 -7.75000E-01 -1.29133E-04 -6.97313E-01
1.03600E+02 -7.80000E-01 -1.19666E-04 -7.02311E-01
1.03700E+02 -7.85000E-01 -1.12278E-04 -7.07322E-01
1.03800E+02 -7.90000E-01 -1.06920E-04 -7.12330E-01
1.03900E+02 -7.95000E-01 -1.02720E-04 -7.17353E-01
