time/s      E/V        I/A
0.00000E+00 -8.00000E-01 -9.66528E-05 -7.36356E-01
9.99997E-02 -7.95000E-01 -6.40045E-05 -7.31333E-01
1.99999E-01 -7.90000E-01 -5.11967E-05 -7.26344E-01
2.99999E-01 -7.85000E-01 -4.31808E-05 -7.21336E-01
3.99999E-01 -7.80000E-01 -4.21789E-05 -7.16351E-01
4.99999E-01 -7.75000E-01 -3.79653E-05 -7.11324E-01
5.99998E-01 -7.70000E-01 -3.46519E-05 -7.06316E-01
6.99998E-01 -7.65000E-01 -3.19516E-05 -7.01319E-01
7.99998E-01 -7.60000E-01 -2.97109E-05 -6.96324E-01
8.99998E-01 -7.55000E-01 -2.82783E-05 -6.91292E-01
9.99997E-01 -7.50000E-01 -2.66369E-05 -6.86298E-01
1.10000E+00 -7.45000E-01 -2.51925E-05 -6.81321E-01
1.20000E+00 -7.40000E-01 -2.39232E-05 -6.76316E-01
1.30000E+00 -7.35000E-01 -2.27872E-05 -6.71301E-01
1.40000E+00 -7.30000E-01 -2.17696E-05 -6.66288E-01
1.50000E+00 -7.25000E-01 -2.08578E-05 -6.61281E-01
1.60000E+00 -7.20000E-01 -2.00452E-05 -6.56293E-01
1.70000E+00 -7.15000E-01 -1.93019E-05 -6.51290E-01
1.80000E+00 -7.10000E-01 -1.86363E-05 -6.46290E-01
1.90000E+00 -7.05000E-01 -1.79700E-05 -6.41258E-01
1.99999E+00 -7.00000E-01 -1.73612E-05 -6.36296E-01
2.09999E+00 -6.95000E-01 -1.67908E-05 -6.31281E-01
2.19999E+00 -6.90000E-01 -1.62537E-05 -6.26257E-01
2.29999E+00 -6.85000E-01 -1.57728E-05 -6.21273E-01
2.39999E+00 -6.80000E-01 -1.52974E-05 -6.16268E-01
2.49999E+00 -6.75000E-01 -1.48588E-05 -6.11263E-01
2.59999E+00 -6.70000E-01 -1.44476E-05 -6.06250E-01
2.69999E+00 -6.65000E-01 -1.40496E-05 -6.01243E-01
2.79999E+00 -6.60000E-01 -1.36709E-05 -5.96280E-01
2.89999E+00 -6.55000E-01 -1.33204E-05 -5.91267E-01
2.99999E+00 -6.50000E-01 -1.29852E-05 -5.86264E-01
3.09999E+00 -6.45000E-01 -1.26594E-05 -5.81245E-01
3.19999E+00 -6.40000E-01 -1.23321E-05 -5.76228E-01
3.29999E+00 -6.35000E-01 -1.20060E-05 -5.71256E-01
3.39999E+00 -6.30000E-01 -1.16781E-05 -5.66246E-01
3.49999E+00 -6.25000E-01 -1.13858E-05 -5.61244E-01
3.59999E+00 -6.20000E-01 -1.11272E-05 -5.56251E-01
3.69999E+00 -6.15000E-01 -1.09422E-05 -5.51251E-01
3.79999E+00 -6.10000E-01 -1.06862E-05 -5.46243E-01
3.89999E+00 -6.05000E-01 -1.04404E-05 -5.41236E-01
3.99999E+00 -6.00001E-01 -1.01843E-05 -5.36244E-01
4.09999E+00 -5.95001E-01 -9.94485E-06 -5.31245E-01
4.19999E+00 -5.90001E-01 -9.71643E-06 -5.26223E-01
4.29999E+00 -5.85001E-01 -9.49228E-06 -5.21237E-01
4.39999E+00 -5.80001E-01 -9.29565E-06 -5.16227E-01
4.49999E+00 -5.75001E-01 -9.12182E-06 -5.11240E-01
4.59999E+00 -5.70001E-01 -8.93587E-06 -5.06242E-01
4.69999E+00 -5.65001E-01 -8.77181E-06 -5.01232E-01
4.79999E+00 -5.60001E-01 -8.72062E-06 -4.96246E-01
4.89999E+00 -5.55001E-01 -8.46386E-06 -4.91228E-01
4.99999E+00 -5.50001E-01 -8.22146E-06 -4.86233E-01
5.09999E+00 -5.45001E-01 -8.00922E-06 -4.81204E-01
5.19999E+00 -5.40001E-01 -7.89762E-06 -4.76202E-01
5.29999E+00 -5.35001E-01 -7.78260E-06 -4.71179E-01
5.39999E+00 -5.30001E-01 -7.61454E-06 -4.66185E-01
5.49999E+00 -5.25001E-01 -7.46237E-06 -4.61189E-01
5.59999E+00 -5.20001E-01 -7.37447E-06 -4.56205E-01
5.69999E+00 -5.15001E-01 -7.26775E-06 -4.51197E-01
5.79999E+00 -5.10001E-01 -7.09616E-06 -4.46171E-01
5.89999E+00 -5.05001E-01 -6.89681E-06 -4.41180E-01
5.99998E+00 -5.00001E-01 -6.72620E-06 -4.36206E-01
6.09998E+00 -4.95001E-01 -6.56222E-06 -4.31176E-01
6.19998E+00 -4.90001E-01 -6.38229E-06 -4.26167E-01
6.29998E+00 -4.85001E-01 -6.24789E-06 -4.21168E-01
6.39998E+00 -4.80001E-01 -6.11980E-06 -4.16182E-01
6.49998E+00 -4.75001E-01 -6.01467E-06 -4.11175E-01
6.59998E+00 -4.70001E-01 -5.87286E-06 -4.06172E-01
6.69998E+00 -4.65001E-01 -5.73897E-06 -4.01168E-01
6.79998E+00 -4.60001E-01 -5.60325E-06 -3.96183E-01
6.89998E+00 -4.55001E-01 -5.46616E-06 -3.91163E-01
6.99998E+00 -4.50001E-01 -5.32674E-06 -3.86164E-01
7.09998E+00 -4.45001E-01 -5.20795E-06 -3.81153E-01
7.19998E+00 -4.40001E-01 -5.10927E-06 -3.76159E-01
7.29998E+00 -4.35001E-01 -4.99100E-06 -3.71168E-01
7.39998E+00 -4.30001E-01 -4.87670E-06 -3.66145E-01
7.49998E+00 -4.25001E-01 -4.75446E-06 -3.61160E-01
7.59998E+00 -4.20001E-01 -4.61271E-06 -3.56166E-01
7.69998E+00 -4.15001E-01 -4.47745E-06 -3.51151E-01
7.79998E+00 -4.10001E-01 -4.35153E-06 -3.46133E-01
7.89998E+00 -4.05001E-01 -4.22603E-06 -3.41150E-01
7.99998E+00 -4.00001E-01 -4.06997E-06 -3.36146E-01
8.09998E+00 -3.95001E-01 -3.95995E-06 -3.31145E-01
8.19998E+00 -3.90001E-01 -3.87969E-06 -3.26144E-01
8.29998E+00 -3.85001E-01 -3.90091E-06 -3.21125E-01
8.39998E+00 -3.80001E-01 -3.84489E-06 -3.16133E-01
8.49998E+00 -3.75001E-01 -3.66480E-06 -3.11104E-01
8.59998E+00 -3.70001E-01 -3.53236E-06 -3.06123E-01
8.69998E+00 -3.65001E-01 -3.38411E-06 -3.01109E-01
8.79998E+00 -3.60001E-01 -3.20698E-06 -2.96093E-01
8.89998E+00 -3.55001E-01 -3.13204E-06 -2.91101E-01
8.99998E+00 -3.50001E-01 -3.02352E-06 -2.86097E-01
9.09998E+00 -3.45001E-01 -2.92437E-06 -2.81092E-01
9.19998E+00 -3.40001E-01 -2.84278E-06 -2.76110E-01
9.29998E+00 -3.35001E-01 -2.68642E-06 -2.71093E-01
9.39998E+00 -3.30001E-01 -2.55140E-06 -2.66113E-01
9.49998E+00 -3.25001E-01 -2.41650E-06 -2.61105E-01
9.59998E+00 -3.20001E-01 -2.31122E-06 -2.56099E-01
9.69998E+00 -3.15001E-01 -2.18465E-06 -2.51079E-01
9.79998E+00 -3.10001E-01 -2.06712E-06 -2.46079E-01
9.89998E+00 -3.05001E-01 -1.95479E-06 -2.41087E-01
9.99997E+00 -3.00001E-01 -1.84043E-06 -2.36097E-01
1.01000E+01 -2.95001E-01 -1.73689E-06 -2.31085E-01
1.02000E+01 -2.90001E-01 -1.63187E-06 -2.26096E-01
1.03000E+01 -2.85001E-01 -1.52028E-06 -2.21102E-01
1.04000E+01 -2.80001E-01 -1.40177E-06 -2.16091E-01
1.05000E+01 -2.75001E-01 -1.28756E-06 -2.11091E-01
1.06000E+01 -2.70001E-01 -1.17862E-06 -2.06084E-01
1.07000E+01 -2.65001E-01 -1.08684E-06 -2.01115E-01
1.08000E+01 -2.60001E-01 -1.00504E-06 -1.96070E-01
1.09000E+01 -2.55001E-01 -8.99990E-07 -1.91062E-01
1.10000E+01 -2.50001E-01 -7.71818E-07 -1.86071E-01
1.11000E+01 -2.45001E-01 -6.47832E-07 -1.81085E-01
1.12000E+01 -2.40001E-01 -5.54604E-07 -1.76084E-01
1.13000E+01 -2.35001E-01 -4.57361E-07 -1.71036E-01
1.14000E+01 -2.30001E-01 -3.48941E-07 -1.66040E-01
1.15000E+01 -2.25001E-01 -2.32590E-07 -1.61064E-01
1.16000E+01 -2.20001E-01 -1.23965E-07 -1.56025E-01
1.17000E+01 -2.15001E-01 -3.19237E-08 -1.51036E-01
1.18000E+01 -2.10001E-01 6.84592E-08  -1.46045E-01
1.19000E+01 -2.05001E-01 1.59351E-07  -1.41051E-01
1.20000E+01 -2.00002E-01 2.46603E-07  -1.36033E-01
1.21000E+01 -1.95002E-01 3.31444E-07  -1.31016E-01
1.22000E+01 -1.90002E-01 4.14409E-07  -1.26026E-01
1.23000E+01 -1.85002E-01 5.00060E-07  -1.21028E-01
1.24000E+01 -1.80002E-01 5.83010E-07  -1.16033E-01
1.25000E+01 -1.75002E-01 6.68236E-07  -1.11004E-01
1.26000E+01 -1.70002E-01 7.53977E-07  -1.06001E-01
1.27000E+01 -1.65002E-01 8.39842E-07  -1.01013E-01
1.28000E+01 -1.60002E-01 9.27981E-07  -9.60061E-02
1.29000E+01 -1.55002E-01 1.01191E-06  -9.10045E-02
1.30000E+01 -1.50002E-01 1.09432E-06  -8.60117E-02
1.31000E+01 -1.45002E-01 1.17698E-06  -8.10027E-02
1.32000E+01 -1.40002E-01 1.26147E-06  -7.59893E-02
1.33000E+01 -1.35002E-01 1.33953E-06  -7.09840E-02
1.34000E+01 -1.30002E-01 1.42290E-06  -6.59993E-02
1.35000E+01 -1.25002E-01 1.50718E-06  -6.10009E-02
1.36000E+01 -1.20002E-01 1.59385E-06  -5.59912E-02
1.37000E+01 -1.15002E-01 1.68082E-06  -5.09659E-02
1.38000E+01 -1.10002E-01 1.76760E-06  -4.59750E-02
1.39000E+01 -1.05002E-01 1.85464E-06  -4.09891E-02
1.40000E+01 -1.00002E-01 1.94102E-06  -3.59750E-02
1.41000E+01 -9.50018E-02 2.02905E-06  -3.09866E-02
1.42000E+01 -9.00018E-02 2.11235E-06  -2.59669E-02
1.43000E+01 -8.50018E-02 2.19673E-06  -2.09779E-02
1.44000E+01 -8.00018E-02 2.27785E-06  -1.59795E-02
1.45000E+01 -7.50018E-02 2.37605E-06  -1.09654E-02
1.46000E+01 -7.00018E-02 2.47264E-06  -5.96017E-03
1.47000E+01 -6.50018E-02 2.56691E-06  -9.33022E-04
1.48000E+01 -6.00019E-02 2.65708E-06  4.01609E-03 
1.49000E+01 -5.50019E-02 2.69077E-06  9.03948E-03 
1.50000E+01 -5.00019E-02 2.78251E-06  1.40722E-02 
1.51000E+01 -4.50019E-02 2.90240E-06  1.90532E-02 
1.52000E+01 -4.00019E-02 3.01309E-06  2.40654E-02 
1.53000E+01 -3.50019E-02 3.12316E-06  2.90250E-02 
1.54000E+01 -3.00019E-02 3.23099E-06  3.40703E-02 
1.55000E+01 -2.50019E-02 3.33609E-06  3.90912E-02 
1.56000E+01 -2.00020E-02 3.44172E-06  4.40646E-02 
1.57000E+01 -1.50020E-02 3.55872E-06  4.90381E-02 
1.58000E+01 -1.00020E-02 3.66801E-06  5.40390E-02 
1.59000E+01 -5.00199E-03 3.77974E-06  5.90562E-02 
1.60000E+01 -2.00000E-06 3.90443E-06  6.40671E-02 
1.61000E+01 4.99799E-03  4.02304E-06  6.90530E-02 
1.62000E+01 9.99797E-03  4.16831E-06  7.40508E-02 
1.63000E+01 1.49980E-02  4.32023E-06  7.90636E-02 
1.64000E+01 1.99979E-02  4.41889E-06  8.40826E-02 
1.65000E+01 2.49979E-02  4.52795E-06  8.90592E-02 
1.66000E+01 2.99979E-02  4.64158E-06  9.40782E-02 
1.67000E+01 3.49979E-02  4.75177E-06  9.90947E-02 
1.68000E+01 3.99979E-02  4.86375E-06  1.04090E-01 
1.69000E+01 4.49979E-02  4.98021E-06  1.09067E-01 
1.70000E+01 4.99979E-02  5.10555E-06  1.14102E-01 
1.71000E+01 5.49979E-02  5.24617E-06  1.19110E-01 
1.72000E+01 5.99978E-02  5.40396E-06  1.24109E-01 
1.73000E+01 6.49978E-02  5.54101E-06  1.29105E-01 
1.74000E+01 6.99978E-02  5.66657E-06  1.34097E-01 
1.75000E+01 7.49978E-02  5.75272E-06  1.39115E-01 
1.76000E+01 7.99978E-02  5.84518E-06  1.44133E-01 
1.77000E+01 8.49978E-02  6.03754E-06  1.49125E-01 
1.78000E+01 8.99978E-02  6.19226E-06  1.54132E-01 
1.79000E+01 9.49978E-02  6.35712E-06  1.59132E-01 
1.80000E+01 9.99977E-02  6.55197E-06  1.64147E-01 
1.81000E+01 1.04998E-01  6.70875E-06  1.69124E-01 
1.82000E+01 1.09998E-01  6.76417E-06  1.74135E-01 
1.83000E+01 1.14998E-01  6.95873E-06  1.79171E-01 
1.84000E+01 1.19998E-01  7.15707E-06  1.84147E-01 
1.85000E+01 1.24998E-01  7.36960E-06  1.89126E-01 
1.86000E+01 1.29998E-01  7.56596E-06  1.94122E-01 
1.87000E+01 1.34998E-01  7.75701E-06  1.99173E-01 
1.88000E+01 1.39998E-01  7.94243E-06  2.04154E-01 
1.89000E+01 1.44998E-01  8.04096E-06  2.09134E-01 
1.90000E+01 1.49998E-01  8.21737E-06  2.14145E-01 
1.91000E+01 1.54998E-01  8.46026E-06  2.19167E-01 
1.92000E+01 1.59998E-01  8.72009E-06  2.24152E-01 
1.93000E+01 1.64998E-01  8.91289E-06  2.29145E-01 
1.94000E+01 1.69998E-01  9.15150E-06  2.34162E-01 
1.95000E+01 1.74998E-01  9.45118E-06  2.39171E-01 
1.96000E+01 1.79998E-01  9.55526E-06  2.44152E-01 
1.97000E+01 1.84998E-01  9.79908E-06  2.49155E-01 
1.98000E+01 1.89998E-01  1.00547E-05  2.54179E-01 
1.99000E+01 1.94998E-01  1.03098E-05  2.59162E-01 
1.99999E+01 1.99997E-01  1.05417E-05  2.64166E-01 
2.00999E+01 2.04997E-01  1.07972E-05  2.69158E-01 
2.01999E+01 2.09997E-01  1.10586E-05  2.74167E-01 
2.02999E+01 2.14997E-01  1.12405E-05  2.79169E-01 
2.03999E+01 2.19997E-01  1.14952E-05  2.84186E-01 
2.04999E+01 2.24997E-01  1.17641E-05  2.89184E-01 
2.05999E+01 2.29997E-01  1.20239E-05  2.94187E-01 
2.06999E+01 2.34997E-01  1.22845E-05  2.99195E-01 
2.07999E+01 2.39997E-01  1.25753E-05  3.04197E-01 
2.08999E+01 2.44997E-01  1.28169E-05  3.09203E-01 
2.09999E+01 2.49997E-01  1.30658E-05  3.14209E-01 
2.10999E+01 2.54997E-01  1.33377E-05  3.19227E-01 
2.11999E+01 2.59997E-01  1.36146E-05  3.24220E-01 
2.12999E+01 2.64997E-01  1.38891E-05  3.29219E-01 
2.13999E+01 2.69997E-01  1.41620E-05  3.34217E-01 
2.14999E+01 2.74997E-01  1.44343E-05  3.39218E-01 
2.15999E+01 2.79997E-01  1.46812E-05  3.44194E-01 
2.16999E+01 2.84997E-01  1.49612E-05  3.49221E-01 
2.17999E+01 2.89997E-01  1.52444E-05  3.54238E-01 
2.18999E+01 2.94997E-01  1.55227E-05  3.59206E-01 
2.19999E+01 2.99997E-01  1.58013E-05  3.64206E-01 
2.20999E+01 3.04997E-01  1.60816E-05  3.69231E-01 
2.21999E+01 3.09997E-01  1.63591E-05  3.74240E-01 
2.22999E+01 3.14997E-01  1.66311E-05  3.79226E-01 
2.23999E+01 3.19997E-01  1.69124E-05  3.84245E-01 
2.24999E+01 3.24997E-01  1.71968E-05  3.89254E-01 
2.25999E+01 3.29997E-01  1.74773E-05  3.94264E-01 
2.26999E+01 3.34997E-01  1.77630E-05  3.99233E-01 
2.27999E+01 3.39997E-01  1.80490E-05  4.04250E-01 
2.28999E+01 3.44997E-01  1.83252E-05  4.09225E-01 
2.29999E+01 3.49997E-01  1.86156E-05  4.14264E-01 
2.30999E+01 3.54997E-01  1.89089E-05  4.19262E-01 
2.31999E+01 3.59997E-01  1.92021E-05  4.24256E-01 
2.32999E+01 3.64997E-01  1.94982E-05  4.29255E-01 
2.33999E+01 3.69997E-01  1.98546E-05  4.34291E-01 
2.34999E+01 3.74997E-01  2.01494E-05  4.39281E-01 
2.35999E+01 3.79997E-01  2.04513E-05  4.44255E-01 
2.36999E+01 3.84997E-01  2.07561E-05  4.49264E-01 
2.37999E+01 3.89997E-01  2.10584E-05  4.54287E-01 
2.38999E+01 3.94997E-01  2.13666E-05  4.59295E-01 
2.39999E+01 3.99997E-01  2.16745E-05  4.64294E-01 
2.40999E+01 4.04997E-01  2.19847E-05  4.69308E-01 
2.41999E+01 4.09997E-01  2.22913E-05  4.74304E-01 
2.42999E+01 4.14997E-01  2.25989E-05  4.79303E-01 
2.43999E+01 4.19997E-01  2.29068E-05  4.84316E-01 
2.44999E+01 4.24997E-01  2.32160E-05  4.89317E-01 
2.45999E+01 4.29997E-01  2.35220E-05  4.94315E-01 
2.46999E+01 4.34997E-01  2.38299E-05  4.99302E-01 
2.47999E+01 4.39997E-01  2.41319E-05  5.04320E-01 
2.48999E+01 4.44997E-01  2.44367E-05  5.09319E-01 
2.49999E+01 4.49997E-01  2.47361E-05  5.14320E-01 
2.50999E+01 4.54997E-01  2.50361E-05  5.19326E-01 
2.51999E+01 4.59997E-01  2.53327E-05  5.24323E-01 
2.52999E+01 4.64997E-01  2.56288E-05  5.29318E-01 
2.53999E+01 4.69997E-01  2.59194E-05  5.34342E-01 
2.54999E+01 4.74997E-01  2.62100E-05  5.39331E-01 
2.55999E+01 4.79997E-01  2.64925E-05  5.44320E-01 
2.56999E+01 4.84997E-01  2.67792E-05  5.49326E-01 
2.57999E+01 4.89997E-01  2.70596E-05  5.54346E-01 
2.58999E+01 4.94997E-01  2.73400E-05  5.59345E-01 
2.59999E+01 4.99997E-01  2.76153E-05  5.64325E-01 
2.60999E+01 5.04997E-01  2.78889E-05  5.69349E-01 
2.61999E+01 5.09997E-01  2.81611E-05  5.74379E-01 
2.62999E+01 5.14997E-01  2.84265E-05  5.79346E-01 
2.63999E+01 5.19997E-01  2.86917E-05  5.84356E-01 
2.64999E+01 5.24997E-01  2.89502E-05  5.89343E-01 
2.65999E+01 5.29997E-01  2.92105E-05  5.94374E-01 
2.66999E+01 5.34997E-01  2.94653E-05  5.99342E-01 
2.67999E+01 5.39997E-01  2.97183E-05  6.04356E-01 
2.68999E+01 5.44997E-01  2.99685E-05  6.09369E-01 
2.69999E+01 5.49997E-01  3.02159E-05  6.14367E-01 
2.70999E+01 5.54997E-01  3.04595E-05  6.19353E-01 
2.71999E+01 5.59997E-01  3.07013E-05  6.24357E-01 
2.72999E+01 5.64997E-01  3.09400E-05  6.29350E-01 
2.73999E+01 5.69997E-01  3.11756E-05  6.34394E-01 
2.74999E+01 5.74997E-01  3.14075E-05  6.39391E-01 
2.75999E+01 5.79997E-01  3.16410E-05  6.44385E-01 
2.76999E+01 5.84997E-01  3.18663E-05  6.49360E-01 
2.77999E+01 5.89997E-01  3.20913E-05  6.54375E-01 
2.78999E+01 5.94997E-01  3.23148E-05  6.59389E-01 
2.79999E+01 5.99996E-01  3.25339E-05  6.64392E-01 
2.80999E+01 6.04996E-01  3.27502E-05  6.69394E-01 
2.81999E+01 6.09996E-01  3.29595E-05  6.74376E-01 
2.82999E+01 6.14996E-01  3.31725E-05  6.79401E-01 
2.83999E+01 6.19996E-01  3.33795E-05  6.84410E-01 
2.84999E+01 6.24996E-01  3.35849E-05  6.89392E-01 
2.85999E+01 6.29996E-01  3.37851E-05  6.94401E-01 
2.86999E+01 6.34996E-01  3.39837E-05  6.99420E-01 
2.87999E+01 6.39996E-01  3.41785E-05  7.04423E-01 
2.88999E+01 6.44996E-01  3.43748E-05  7.09409E-01 
2.89999E+01 6.49996E-01  3.45649E-05  7.14411E-01 
2.90999E+01 6.54996E-01  3.47514E-05  7.19422E-01 
2.91999E+01 6.59996E-01  3.49401E-05  7.24424E-01 
2.92999E+01 6.64996E-01  3.51235E-05  7.29413E-01 
2.93999E+01 6.69996E-01  3.53071E-05  7.34416E-01 
2.94999E+01 6.74996E-01  3.54883E-05  7.39442E-01 
2.95999E+01 6.79996E-01  3.56687E-05  7.44418E-01 
2.96999E+01 6.84996E-01  3.58462E-05  7.49442E-01 
2.97999E+01 6.89996E-01  3.60211E-05  7.54451E-01 
2.98999E+01 6.94996E-01  3.61953E-05  7.59448E-01 
2.99999E+01 6.99996E-01  3.63695E-05  7.64456E-01 
3.00999E+01 7.04996E-01  3.65432E-05  7.69459E-01 
3.01999E+01 7.09996E-01  3.67144E-05  7.74441E-01 
3.02999E+01 7.14996E-01  3.68862E-05  7.79475E-01 
3.03999E+01 7.19996E-01  3.70550E-05  7.84473E-01 
3.04999E+01 7.24996E-01  3.72179E-05  7.89486E-01 
3.05999E+01 7.29996E-01  3.73837E-05  7.94485E-01 
3.06999E+01 7.34996E-01  3.75455E-05  7.99490E-01 
3.07999E+01 7.39996E-01  3.77105E-05  8.04492E-01 
3.08999E+01 7.44996E-01  3.78706E-05  8.09491E-01 
3.09999E+01 7.49996E-01  3.80321E-05  8.14512E-01 
3.10999E+01 7.54996E-01  3.81916E-05  8.19494E-01 
3.11999E+01 7.59996E-01  3.83530E-05  8.24518E-01 
3.12999E+01 7.64996E-01  3.85182E-05  8.29514E-01 
3.13999E+01 7.69996E-01  3.86885E-05  8.34505E-01 
3.14999E+01 7.74996E-01  3.88563E-05  8.39521E-01 
3.15999E+01 7.79996E-01  3.90277E-05  8.44493E-01 
3.16999E+01 7.84996E-01  3.92081E-05  8.49506E-01 
3.17999E+01 7.89996E-01  3.93944E-05  8.54521E-01 
3.18999E+01 7.94996E-01  3.95856E-05  8.59531E-01 
3.19999E+01 7.99996E-01  3.97863E-05  8.64523E-01 
3.20999E+01 8.04996E-01  3.99943E-05  8.69524E-01 
3.21999E+01 8.09996E-01  4.02104E-05  8.74550E-01 
3.22999E+01 8.14996E-01  4.04321E-05  8.79534E-01 
3.23999E+01 8.19996E-01  4.06720E-05  8.84544E-01 
3.24999E+01 8.24996E-01  4.09163E-05  8.89524E-01 
3.25999E+01 8.29996E-01  4.11675E-05  8.94529E-01 
3.26999E+01 8.34996E-01  4.14323E-05  8.99529E-01 
3.27999E+01 8.39996E-01  4.17063E-05  9.04527E-01 
3.28999E+01 8.44996E-01  4.19882E-05  9.09520E-01 
3.29999E+01 8.49996E-01  4.22812E-05  9.14533E-01 
3.30999E+01 8.54996E-01  4.25848E-05  9.19538E-01 
3.31999E+01 8.59996E-01  4.28940E-05  9.24532E-01 
3.32999E+01 8.64996E-01  4.32012E-05  9.29530E-01 
3.33999E+01 8.69996E-01  4.35108E-05  9.34539E-01 
3.34999E+01 8.74996E-01  4.38125E-05  9.39546E-01 
3.35999E+01 8.79996E-01  4.41039E-05  9.44557E-01 
3.36999E+01 8.84996E-01  4.43732E-05  9.49540E-01 
3.37999E+01 8.89996E-01  4.46165E-05  9.54559E-01 
3.38999E+01 8.94996E-01  4.48356E-05  9.59546E-01 
3.39999E+01 8.99996E-01  4.50351E-05  9.64563E-01 
3.40999E+01 9.04996E-01  4.51942E-05  9.69591E-01 
3.41999E+01 9.09996E-01  4.53392E-05  9.74593E-01 
3.42999E+01 9.14996E-01  4.54708E-05  9.79576E-01 
3.43999E+01 9.19996E-01  4.55775E-05  9.84579E-01 
3.44999E+01 9.24996E-01  4.56658E-05  9.89589E-01 
3.45999E+01 9.29996E-01  4.57360E-05  9.94578E-01 
3.46999E+01 9.34996E-01  4.57958E-05  9.99566E-01 
3.47999E+01 9.39996E-01  4.58482E-05  1.00458E+00 
3.48999E+01 9.44996E-01  4.59103E-05  1.00960E+00 
3.49999E+01 9.49996E-01  4.59721E-05  1.01460E+00 
3.50999E+01 9.54996E-01  4.60080E-05  1.01959E+00 
3.51999E+01 9.59996E-01  4.60704E-05  1.02459E+00 
3.52999E+01 9.64996E-01  4.61039E-05  1.02961E+00 
3.53999E+01 9.69996E-01  4.61666E-05  1.03460E+00 
3.54999E+01 9.74996E-01  4.62290E-05  1.03960E+00 
3.55999E+01 9.79996E-01  4.63514E-05  1.04460E+00 
3.56999E+01 9.84996E-01  4.64675E-05  1.04962E+00 
3.57999E+01 9.89996E-01  4.65313E-05  1.05462E+00 
3.58999E+01 9.94996E-01  4.65969E-05  1.05961E+00 
3.59999E+01 9.99995E-01  4.66791E-05  1.06459E+00 
3.60999E+01 1.00500E+00  4.68029E-05  1.06963E+00 
3.61999E+01 1.01000E+00  4.69264E-05  1.07462E+00 
3.62999E+01 1.01500E+00  4.70440E-05  1.07964E+00 
3.63999E+01 1.02000E+00  4.72126E-05  1.08462E+00 
3.64999E+01 1.02500E+00  4.74121E-05  1.08963E+00 
3.65999E+01 1.03000E+00  4.75584E-05  1.09464E+00 
3.66999E+01 1.03500E+00  4.76679E-05  1.09962E+00 
3.67999E+01 1.04000E+00  4.78230E-05  1.10463E+00 
3.68999E+01 1.04500E+00  4.80195E-05  1.10963E+00 
3.69999E+01 1.05000E+00  4.82502E-05  1.11467E+00 
3.70999E+01 1.05500E+00  4.83810E-05  1.11966E+00 
3.71999E+01 1.06000E+00  4.86008E-05  1.12469E+00 
3.72999E+01 1.06500E+00  4.88879E-05  1.12967E+00 
3.73999E+01 1.07000E+00  4.92364E-05  1.13468E+00 
3.74999E+01 1.07500E+00  4.96157E-05  1.13966E+00 
3.75999E+01 1.08000E+00  4.99596E-05  1.14468E+00 
3.76999E+01 1.08500E+00  5.02830E-05  1.14970E+00 
3.77999E+01 1.09000E+00  5.06824E-05  1.15468E+00 
3.78999E+01 1.09500E+00  5.11180E-05  1.15965E+00 
3.79999E+01 1.10000E+00  5.15641E-05  1.16468E+00 
3.80999E+01 1.10500E+00  5.20377E-05  1.16967E+00 
3.81999E+01 1.11000E+00  5.25297E-05  1.17468E+00 
3.82999E+01 1.11500E+00  5.29820E-05  1.17967E+00 
3.83999E+01 1.12000E+00  5.34727E-05  1.18467E+00 
3.84999E+01 1.12500E+00  5.39582E-05  1.18967E+00 
3.85999E+01 1.13000E+00  5.44962E-05  1.19469E+00 
3.86999E+01 1.13500E+00  5.49130E-05  1.19967E+00 
3.87999E+01 1.14000E+00  5.53364E-05  1.20470E+00 
3.88999E+01 1.14500E+00  5.57939E-05  1.20970E+00 
3.89999E+01 1.15000E+00  5.62163E-05  1.21469E+00 
3.90999E+01 1.15500E+00  5.66422E-05  1.21968E+00 
3.91999E+01 1.16000E+00  5.70621E-05  1.22470E+00 
3.92999E+01 1.16500E+00  5.75024E-05  1.22968E+00 
3.93999E+01 1.17000E+00  5.79434E-05  1.23471E+00 
3.94999E+01 1.17500E+00  5.84163E-05  1.23969E+00 
3.95999E+01 1.18000E+00  5.88541E-05  1.24470E+00 
3.96999E+01 1.18500E+00  5.93687E-05  1.24973E+00 
3.97999E+01 1.19000E+00  5.99260E-05  1.25474E+00 
3.98999E+01 1.19500E+00  6.05665E-05  1.25971E+00 
3.99999E+01 1.19999E+00  6.11055E-05  1.26473E+00 
4.00999E+01 1.20499E+00  6.16387E-05  1.26974E+00 
4.01999E+01 1.20999E+00  6.21706E-05  1.27476E+00 
4.02999E+01 1.21499E+00  6.27271E-05  1.27974E+00 
4.03999E+01 1.21999E+00  6.33703E-05  1.28474E+00 
4.04999E+01 1.22499E+00  6.44218E-05  1.28975E+00 
4.05999E+01 1.22999E+00  6.52668E-05  1.29475E+00 
4.06999E+01 1.23499E+00  6.58412E-05  1.29976E+00 
4.07999E+01 1.23999E+00  6.63605E-05  1.30475E+00 
4.08999E+01 1.24499E+00  6.70024E-05  1.30976E+00 
4.09999E+01 1.24999E+00  6.79277E-05  1.31475E+00 
4.10999E+01 1.25499E+00  6.88263E-05  1.31977E+00 
4.11999E+01 1.25999E+00  6.98274E-05  1.32476E+00 
4.12999E+01 1.26499E+00  7.06742E-05  1.32978E+00 
4.13999E+01 1.26999E+00  7.13517E-05  1.33476E+00 
4.14999E+01 1.27499E+00  7.20042E-05  1.33977E+00 
4.15999E+01 1.27999E+00  7.27097E-05  1.34476E+00 
4.16999E+01 1.28499E+00  7.36527E-05  1.34975E+00 
4.17999E+01 1.28999E+00  7.48043E-05  1.35478E+00 
4.18999E+01 1.29499E+00  7.58421E-05  1.35977E+00 
4.19999E+01 1.29999E+00  7.65583E-05  1.36478E+00 
4.20999E+01 1.30499E+00  7.73671E-05  1.36978E+00 
4.21999E+01 1.30999E+00  7.83270E-05  1.37480E+00 
4.22999E+01 1.31499E+00  7.91671E-05  1.37977E+00 
4.23999E+01 1.31999E+00  8.00904E-05  1.38480E+00 
4.24999E+01 1.32499E+00  8.10677E-05  1.38977E+00 
4.25999E+01 1.32999E+00  8.20851E-05  1.39478E+00 
4.26999E+01 1.33499E+00  8.31433E-05  1.39981E+00 
4.27999E+01 1.33999E+00  8.42054E-05  1.40480E+00 
4.28999E+01 1.34499E+00  8.53534E-05  1.40980E+00 
4.29999E+01 1.34999E+00  8.65764E-05  1.41480E+00 
4.30999E+01 1.35499E+00  8.77324E-05  1.41981E+00 
4.31999E+01 1.35999E+00  8.89799E-05  1.42482E+00 
4.32999E+01 1.36499E+00  9.02972E-05  1.42982E+00 
4.33999E+01 1.36999E+00  9.17033E-05  1.43482E+00 
4.34999E+01 1.37499E+00  9.31356E-05  1.43983E+00 
4.35999E+01 1.37999E+00  9.45429E-05  1.44484E+00 
4.36999E+01 1.38499E+00  9.61238E-05  1.44984E+00 
4.37999E+01 1.38999E+00  9.77886E-05  1.45487E+00 
4.38999E+01 1.39499E+00  9.94547E-05  1.45985E+00 
4.39999E+01 1.39999E+00  1.01171E-04  1.46482E+00 
4.40999E+01 1.40499E+00  1.02900E-04  1.46985E+00 
4.41999E+01 1.40999E+00  1.04691E-04  1.47487E+00 
4.42999E+01 1.41499E+00  1.06566E-04  1.47986E+00 
4.43999E+01 1.41999E+00  1.08410E-04  1.48484E+00 
4.44999E+01 1.42499E+00  1.10345E-04  1.48986E+00 
4.45999E+01 1.42999E+00  1.12338E-04  1.49488E+00 
4.46999E+01 1.43499E+00  1.14313E-04  1.49986E+00 
4.47999E+01 1.43999E+00  1.16308E-04  1.50485E+00 
4.48999E+01 1.44499E+00  1.18361E-04  1.50987E+00 
4.49999E+01 1.44999E+00  1.20451E-04  1.51487E+00 
4.50999E+01 1.45499E+00  1.22581E-04  1.51986E+00 
4.51999E+01 1.45999E+00  1.24778E-04  1.52485E+00 
4.52999E+01 1.46499E+00  1.27019E-04  1.52988E+00 
4.53999E+01 1.46999E+00  1.29289E-04  1.53489E+00 
4.54999E+01 1.47499E+00  1.31550E-04  1.53988E+00 
4.55999E+01 1.47999E+00  1.33899E-04  1.54488E+00 
4.56999E+01 1.48499E+00  1.36325E-04  1.54988E+00 
4.57999E+01 1.48999E+00  1.38755E-04  1.55487E+00 
4.58999E+01 1.49499E+00  1.41222E-04  1.55987E+00 
4.59999E+01 1.49999E+00  1.43736E-04  1.56488E+00 
4.60999E+01 1.50499E+00  1.46308E-04  1.56989E+00 
4.61999E+01 1.50999E+00  1.48924E-04  1.57490E+00 
4.62999E+01 1.51499E+00  1.51560E-04  1.57992E+00 
4.63999E+01 1.51999E+00  1.54275E-04  1.58493E+00 
4.64999E+01 1.52499E+00  1.57000E-04  1.58991E+00 
4.65999E+01 1.52999E+00  1.59789E-04  1.59492E+00 
4.66999E+01 1.53499E+00  1.62634E-04  1.59994E+00 
4.67999E+01 1.53999E+00  1.65767E-04  1.60495E+00 
4.68999E+01 1.54499E+00  1.68758E-04  1.60996E+00 
4.69999E+01 1.54999E+00  1.71699E-04  1.61494E+00 
4.70999E+01 1.55499E+00  1.74663E-04  1.61994E+00 
4.71999E+01 1.55999E+00  1.77730E-04  1.62495E+00 
4.72999E+01 1.56499E+00  1.80885E-04  1.62996E+00 
4.73999E+01 1.56999E+00  1.84154E-04  1.63497E+00 
4.74999E+01 1.57499E+00  1.87438E-04  1.63995E+00 
4.75999E+01 1.57999E+00  1.90777E-04  1.64494E+00 
4.76999E+01 1.58499E+00  1.94227E-04  1.64997E+00 
4.77999E+01 1.58999E+00  1.97696E-04  1.65493E+00 
4.78999E+01 1.59499E+00  2.01248E-04  1.65994E+00 
4.79999E+01 1.59999E+00  2.04851E-04  1.66495E+00 
4.80999E+01 1.60499E+00  2.08475E-04  1.66996E+00 
4.81999E+01 1.60999E+00  2.12166E-04  1.67497E+00 
4.82999E+01 1.61499E+00  2.16376E-04  1.67993E+00 
4.83999E+01 1.61999E+00  2.20149E-04  1.68498E+00 
4.84999E+01 1.62499E+00  2.23948E-04  1.68998E+00 
4.85999E+01 1.62999E+00  2.27684E-04  1.69499E+00 
4.86999E+01 1.63499E+00  2.31496E-04  1.69998E+00 
4.87999E+01 1.63999E+00  2.35334E-04  1.70499E+00 
4.88999E+01 1.64499E+00  2.39177E-04  1.70999E+00 
4.89999E+01 1.64999E+00  2.42971E-04  1.71497E+00 
4.90999E+01 1.65499E+00  2.46810E-04  1.71996E+00 
4.91999E+01 1.65999E+00  2.50632E-04  1.72498E+00 
4.92999E+01 1.66499E+00  2.54458E-04  1.72998E+00 
4.93999E+01 1.66999E+00  2.58263E-04  1.73499E+00 
4.94999E+01 1.67499E+00  2.62023E-04  1.73997E+00 
4.95999E+01 1.67999E+00  2.65777E-04  1.74500E+00 
4.96999E+01 1.68499E+00  2.69499E-04  1.74998E+00 
4.97999E+01 1.68999E+00  2.73218E-04  1.75500E+00 
4.98999E+01 1.69499E+00  2.76894E-04  1.76002E+00 
4.99999E+01 1.69999E+00  2.80541E-04  1.76504E+00 
5.00999E+01 1.70499E+00  2.84188E-04  1.77004E+00 
5.01999E+01 1.70999E+00  2.87756E-04  1.77504E+00 
5.02999E+01 1.71499E+00  2.91327E-04  1.78005E+00 
5.03999E+01 1.71999E+00  2.94858E-04  1.78503E+00 
5.04999E+01 1.72499E+00  2.98302E-04  1.79002E+00 
5.05999E+01 1.72999E+00  3.01788E-04  1.79504E+00 
5.06999E+01 1.73499E+00  3.05196E-04  1.80004E+00 
5.07999E+01 1.73999E+00  3.08562E-04  1.80506E+00 
5.08999E+01 1.74499E+00  3.11889E-04  1.81007E+00 
5.09999E+01 1.74999E+00  3.15201E-04  1.81506E+00 
5.10999E+01 1.75499E+00  3.18440E-04  1.82005E+00 
5.11999E+01 1.75999E+00  3.21706E-04  1.82508E+00 
5.12999E+01 1.76499E+00  3.24838E-04  1.83006E+00 
5.13999E+01 1.76999E+00  3.27973E-04  1.83505E+00 
5.14999E+01 1.77499E+00  3.31092E-04  1.84006E+00 
5.15999E+01 1.77999E+00  3.34127E-04  1.84506E+00 
5.16999E+01 1.78499E+00  3.37232E-04  1.85009E+00 
5.17999E+01 1.78999E+00  3.40207E-04  1.85508E+00 
5.18999E+01 1.79499E+00  3.43163E-04  1.86006E+00 
5.19999E+01 1.79999E+00  3.46093E-04  1.86509E+00 
5.20999E+01 1.79499E+00  3.38659E-04  1.86008E+00 
5.21999E+01 1.78999E+00  3.31272E-04  1.85509E+00 
5.22999E+01 1.78499E+00  3.24223E-04  1.85010E+00 
5.23999E+01 1.77999E+00  3.17336E-04  1.84511E+00 
5.24999E+01 1.77499E+00  3.10680E-04  1.84006E+00 
5.25999E+01 1.76999E+00  3.04160E-04  1.83506E+00 
5.26999E+01 1.76499E+00  2.97754E-04  1.83006E+00 
5.27999E+01 1.75999E+00  2.91460E-04  1.82505E+00 
5.28999E+01 1.75499E+00  2.85235E-04  1.82004E+00 
5.29999E+01 1.74999E+00  2.79229E-04  1.81504E+00 
5.30999E+01 1.74499E+00  2.73269E-04  1.81005E+00 
5.31999E+01 1.73999E+00  2.67458E-04  1.80503E+00 
5.32999E+01 1.73499E+00  2.61733E-04  1.80002E+00 
5.33999E+01 1.72999E+00  2.56172E-04  1.79502E+00 
5.34999E+01 1.72499E+00  2.50671E-04  1.79003E+00 
5.35999E+01 1.71999E+00  2.45273E-04  1.78504E+00 
5.36999E+01 1.71499E+00  2.40073E-04  1.78003E+00 
5.37999E+01 1.70999E+00  2.34873E-04  1.77501E+00 
5.38999E+01 1.70499E+00  2.29736E-04  1.77002E+00 
5.39999E+01 1.69999E+00  2.24686E-04  1.76505E+00 
5.40999E+01 1.69499E+00  2.19761E-04  1.76005E+00 
5.41999E+01 1.68999E+00  2.14931E-04  1.75501E+00 
5.42999E+01 1.68499E+00  2.10148E-04  1.75001E+00 
5.43999E+01 1.67999E+00  2.05473E-04  1.74503E+00 
5.44999E+01 1.67499E+00  2.00863E-04  1.74000E+00 
5.45999E+01 1.66999E+00  1.96353E-04  1.73501E+00 
5.46999E+01 1.66499E+00  1.91912E-04  1.72999E+00 
5.47999E+01 1.65999E+00  1.87535E-04  1.72499E+00 
5.48999E+01 1.65499E+00  1.83194E-04  1.71996E+00 
5.49999E+01 1.64999E+00  1.78965E-04  1.71499E+00 
5.50999E+01 1.64499E+00  1.74756E-04  1.70999E+00 
5.51999E+01 1.63999E+00  1.70694E-04  1.70496E+00 
5.52999E+01 1.63499E+00  1.66658E-04  1.69994E+00 
5.53999E+01 1.62999E+00  1.62685E-04  1.69497E+00 
5.54999E+01 1.62499E+00  1.58835E-04  1.68997E+00 
5.55999E+01 1.61999E+00  1.54953E-04  1.68496E+00 
5.56999E+01 1.61499E+00  1.51161E-04  1.67994E+00 
5.57999E+01 1.60999E+00  1.47412E-04  1.67496E+00 
5.58999E+01 1.60499E+00  1.43732E-04  1.66996E+00 
5.59999E+01 1.59999E+00  1.40109E-04  1.66497E+00 
5.60999E+01 1.59499E+00  1.36575E-04  1.65995E+00 
5.61999E+01 1.58999E+00  1.33290E-04  1.65495E+00 
5.62999E+01 1.58499E+00  1.29648E-04  1.64996E+00 
5.63999E+01 1.57999E+00  1.26244E-04  1.64495E+00 
5.64999E+01 1.57499E+00  1.22872E-04  1.63993E+00 
5.65999E+01 1.56999E+00  1.19592E-04  1.63494E+00 
5.66999E+01 1.56499E+00  1.16350E-04  1.62997E+00 
5.67999E+01 1.55999E+00  1.13195E-04  1.62495E+00 
5.68999E+01 1.55499E+00  1.10046E-04  1.61993E+00 
5.69999E+01 1.54999E+00  1.06997E-04  1.61494E+00 
5.70999E+01 1.54499E+00  1.03993E-04  1.60995E+00 
5.71999E+01 1.53999E+00  1.01039E-04  1.60496E+00 
5.72999E+01 1.53499E+00  9.81343E-05  1.59993E+00 
5.73999E+01 1.52999E+00  9.52811E-05  1.59493E+00 
5.74999E+01 1.52499E+00  9.24869E-05  1.58990E+00 
5.75999E+01 1.51999E+00  8.97457E-05  1.58494E+00 
5.76999E+01 1.51499E+00  8.70602E-05  1.57993E+00 
5.77999E+01 1.50999E+00  8.44271E-05  1.57494E+00 
5.78999E+01 1.50499E+00  8.18261E-05  1.56992E+00 
5.79999E+01 1.49999E+00  7.97010E-05  1.56490E+00 
5.80999E+01 1.49499E+00  7.73281E-05  1.55988E+00 
5.81999E+01 1.48999E+00  7.48557E-05  1.55492E+00 
5.82999E+01 1.48499E+00  7.21894E-05  1.54990E+00 
5.83999E+01 1.47999E+00  6.97617E-05  1.54488E+00 
5.84999E+01 1.47499E+00  6.74608E-05  1.53988E+00 
5.85999E+01 1.46999E+00  6.52078E-05  1.53490E+00 
5.86999E+01 1.46499E+00  6.30447E-05  1.52989E+00 
5.87999E+01 1.45999E+00  6.09086E-05  1.52487E+00 
5.88999E+01 1.45499E+00  5.88226E-05  1.51988E+00 
5.89999E+01 1.44999E+00  5.68592E-05  1.51489E+00 
5.90999E+01 1.44499E+00  5.48255E-05  1.50987E+00 
5.91999E+01 1.43999E+00  5.29051E-05  1.50488E+00 
5.92999E+01 1.43499E+00  5.10379E-05  1.49986E+00 
5.93999E+01 1.42999E+00  4.92117E-05  1.49490E+00 
5.94999E+01 1.42499E+00  4.74429E-05  1.48986E+00 
5.95999E+01 1.41999E+00  4.57056E-05  1.48487E+00 
5.96999E+01 1.41499E+00  4.40338E-05  1.47986E+00 
5.97999E+01 1.40999E+00  4.24092E-05  1.47486E+00 
5.98999E+01 1.40499E+00  4.08400E-05  1.46987E+00 
5.99998E+01 1.39999E+00  3.93139E-05  1.46488E+00 
6.00998E+01 1.39499E+00  3.78432E-05  1.45988E+00 
6.01998E+01 1.38999E+00  3.64470E-05  1.45487E+00 
6.02998E+01 1.38499E+00  3.46158E-05  1.44985E+00 
6.03998E+01 1.37999E+00  3.32421E-05  1.44484E+00 
6.04998E+01 1.37499E+00  3.19295E-05  1.43985E+00 
6.05998E+01 1.36999E+00  3.06942E-05  1.43485E+00 
6.06998E+01 1.36499E+00  2.94803E-05  1.42982E+00 
6.07998E+01 1.35999E+00  2.83079E-05  1.42483E+00 
6.08998E+01 1.35499E+00  2.71855E-05  1.41981E+00 
6.09998E+01 1.34999E+00  2.61025E-05  1.41480E+00 
6.10998E+01 1.34499E+00  2.50689E-05  1.40978E+00 
6.11998E+01 1.33999E+00  2.40839E-05  1.40480E+00 
6.12998E+01 1.33499E+00  2.31256E-05  1.39980E+00 
6.13998E+01 1.32999E+00  2.22226E-05  1.39479E+00 
6.14998E+01 1.32499E+00  2.13524E-05  1.38979E+00 
6.15998E+01 1.31999E+00  2.05190E-05  1.38478E+00 
6.16998E+01 1.31499E+00  1.97125E-05  1.37979E+00 
6.17998E+01 1.30999E+00  1.89317E-05  1.37477E+00 
6.18998E+01 1.30499E+00  1.82007E-05  1.36976E+00 
6.19998E+01 1.29999E+00  1.75137E-05  1.36476E+00 
6.20998E+01 1.29499E+00  1.68568E-05  1.35976E+00 
6.21998E+01 1.28999E+00  1.62250E-05  1.35477E+00 
6.22998E+01 1.28499E+00  1.56410E-05  1.34976E+00 
6.23998E+01 1.27999E+00  1.50624E-05  1.34476E+00 
6.24998E+01 1.27499E+00  1.45112E-05  1.33976E+00 
6.25998E+01 1.26999E+00  1.39992E-05  1.33479E+00 
6.26998E+01 1.26499E+00  1.35107E-05  1.32977E+00 
6.27998E+01 1.25999E+00  1.30496E-05  1.32473E+00 
6.28998E+01 1.25499E+00  1.26097E-05  1.31975E+00 
6.29998E+01 1.24999E+00  1.21901E-05  1.31477E+00 
6.30998E+01 1.24499E+00  1.17948E-05  1.30975E+00 
6.31998E+01 1.23999E+00  1.14178E-05  1.30475E+00 
6.32998E+01 1.23499E+00  1.10833E-05  1.29974E+00 
6.33998E+01 1.22999E+00  1.07448E-05  1.29478E+00 
6.34998E+01 1.22499E+00  1.04199E-05  1.28978E+00 
6.35998E+01 1.21999E+00  1.01150E-05  1.28476E+00 
6.36998E+01 1.21499E+00  9.83683E-06  1.27976E+00 
6.37998E+01 1.20999E+00  9.57967E-06  1.27475E+00 
6.38998E+01 1.20499E+00  9.31463E-06  1.26975E+00 
6.39998E+01 1.19999E+00  9.04622E-06  1.26473E+00 
6.40998E+01 1.19500E+00  8.83532E-06  1.25974E+00 
6.41998E+01 1.19000E+00  8.62727E-06  1.25475E+00 
6.42998E+01 1.18500E+00  8.41590E-06  1.24975E+00 
6.43998E+01 1.18000E+00  8.20320E-06  1.24476E+00 
6.44998E+01 1.17500E+00  7.99675E-06  1.23972E+00 
6.45998E+01 1.17000E+00  7.80140E-06  1.23471E+00 
6.46998E+01 1.16500E+00  7.64266E-06  1.22973E+00 
6.47998E+01 1.16000E+00  7.47803E-06  1.22472E+00 
6.48998E+01 1.15500E+00  7.31499E-06  1.21971E+00 
6.49998E+01 1.15000E+00  7.18215E-06  1.21472E+00 
6.50998E+01 1.14500E+00  7.05233E-06  1.20974E+00 
6.51998E+01 1.14000E+00  6.87805E-06  1.20472E+00 
6.52998E+01 1.13500E+00  6.71886E-06  1.19969E+00 
6.53998E+01 1.13000E+00  6.63673E-06  1.19471E+00 
6.54998E+01 1.12500E+00  6.53968E-06  1.18974E+00 
6.55998E+01 1.12000E+00  6.43543E-06  1.18472E+00 
6.56998E+01 1.11500E+00  6.32733E-06  1.17969E+00 
6.57998E+01 1.11000E+00  6.20186E-06  1.17470E+00 
6.58998E+01 1.10500E+00  6.09396E-06  1.16971E+00 
6.59998E+01 1.10000E+00  6.00216E-06  1.16469E+00 
6.60998E+01 1.09500E+00  5.93893E-06  1.15966E+00 
6.61998E+01 1.09000E+00  5.85487E-06  1.15468E+00 
6.62998E+01 1.08500E+00  5.76917E-06  1.14969E+00 
6.63998E+01 1.08000E+00  5.68011E-06  1.14467E+00 
6.64998E+01 1.07500E+00  5.59031E-06  1.13967E+00 
6.65998E+01 1.07000E+00  5.50223E-06  1.13470E+00 
6.66998E+01 1.06500E+00  5.40618E-06  1.12966E+00 
6.67998E+01 1.06000E+00  5.34412E-06  1.12466E+00 
6.68998E+01 1.05500E+00  5.29216E-06  1.11964E+00 
6.69998E+01 1.05000E+00  5.22817E-06  1.11465E+00 
6.70998E+01 1.04500E+00  5.15432E-06  1.10964E+00 
6.71998E+01 1.04000E+00  5.07741E-06  1.10463E+00 
6.72998E+01 1.03500E+00  5.01188E-06  1.09964E+00 
6.73998E+01 1.03000E+00  4.96381E-06  1.09464E+00 
6.74998E+01 1.02500E+00  4.92367E-06  1.08963E+00 
6.75998E+01 1.02000E+00  4.85564E-06  1.08461E+00 
6.76998E+01 1.01500E+00  4.79073E-06  1.07963E+00 
6.77998E+01 1.01000E+00  4.70738E-06  1.07463E+00 
6.78998E+01 1.00500E+00  4.64744E-06  1.06961E+00 
6.79998E+01 9.99995E-01  4.54926E-06  1.06462E+00 
6.80998E+01 9.94996E-01  4.52269E-06  1.05962E+00 
6.81998E+01 9.89996E-01  4.48271E-06  1.05464E+00 
6.82998E+01 9.84996E-01  4.42517E-06  1.04962E+00 
6.83998E+01 9.79996E-01  4.30795E-06  1.04461E+00 
6.84998E+01 9.74996E-01  4.27775E-06  1.03961E+00 
6.85998E+01 9.69996E-01  4.17745E-06  1.03460E+00 
6.86998E+01 9.64996E-01  4.21127E-06  1.02962E+00 
6.87998E+01 9.59996E-01  4.18755E-06  1.02459E+00 
6.88998E+01 9.54996E-01  4.25254E-06  1.01961E+00 
6.89998E+01 9.49996E-01  4.23129E-06  1.01462E+00 
6.90998E+01 9.44996E-01  4.13859E-06  1.00960E+00 
6.91998E+01 9.39996E-01  4.08495E-06  1.00460E+00 
6.92998E+01 9.34996E-01  3.88930E-06  9.99568E-01 
6.93998E+01 9.29996E-01  3.72849E-06  9.94575E-01 
6.94998E+01 9.24996E-01  3.61748E-06  9.89586E-01 
6.95998E+01 9.19996E-01  3.51034E-06  9.84595E-01 
6.96998E+01 9.14996E-01  3.39937E-06  9.79589E-01 
6.97998E+01 9.09996E-01  3.43516E-06  9.74600E-01 
6.98998E+01 9.04996E-01  3.33400E-06  9.69593E-01 
6.99998E+01 8.99996E-01  3.33398E-06  9.64574E-01 
7.00998E+01 8.94996E-01  3.27246E-06  9.59578E-01 
7.01998E+01 8.89996E-01  3.20392E-06  9.54582E-01 
7.02998E+01 8.84996E-01  3.13680E-06  9.49573E-01 
7.03998E+01 8.79996E-01  3.07095E-06  9.44572E-01 
7.04998E+01 8.74996E-01  2.99223E-06  9.39556E-01 
7.05998E+01 8.69996E-01  2.92486E-06  9.34552E-01 
7.06998E+01 8.64996E-01  2.87085E-06  9.29522E-01 
7.07998E+01 8.59996E-01  2.82441E-06  9.24540E-01 
7.08998E+01 8.54996E-01  2.77467E-06  9.19542E-01 
7.09998E+01 8.49996E-01  2.71224E-06  9.14546E-01 
7.10998E+01 8.44996E-01  2.66055E-06  9.09532E-01 
7.11998E+01 8.39996E-01  2.59769E-06  9.04539E-01 
7.12998E+01 8.34996E-01  2.54464E-06  8.99551E-01 
7.13998E+01 8.29996E-01  2.49228E-06  8.94534E-01 
7.14998E+01 8.24996E-01  2.43191E-06  8.89516E-01 
7.15998E+01 8.19996E-01  2.36941E-06  8.84530E-01 
7.16998E+01 8.14996E-01  2.30891E-06  8.79515E-01 
7.17998E+01 8.09996E-01  2.24263E-06  8.74516E-01 
7.18998E+01 8.04996E-01  2.18257E-06  8.69496E-01 
7.19998E+01 7.99996E-01  2.12235E-06  8.64508E-01 
7.20998E+01 7.94996E-01  2.05872E-06  8.59497E-01 
7.21998E+01 7.89996E-01  1.99608E-06  8.54496E-01 
7.22998E+01 7.84996E-01  1.93094E-06  8.49491E-01 
7.23998E+01 7.79996E-01  1.86507E-06  8.44485E-01 
7.24998E+01 7.74996E-01  1.80114E-06  8.39469E-01 
7.25998E+01 7.69996E-01  1.73230E-06  8.34492E-01 
7.26998E+01 7.64996E-01  1.66598E-06  8.29495E-01 
7.27998E+01 7.59996E-01  1.59884E-06  8.24480E-01 
7.28998E+01 7.54996E-01  1.53530E-06  8.19481E-01 
7.29998E+01 7.49996E-01  1.47209E-06  8.14505E-01 
7.30998E+01 7.44996E-01  1.40267E-06  8.09489E-01 
7.31998E+01 7.39996E-01  1.33123E-06  8.04468E-01 
7.32998E+01 7.34996E-01  1.25833E-06  7.99475E-01 
7.33998E+01 7.29996E-01  1.18015E-06  7.94472E-01 
7.34998E+01 7.24996E-01  1.10732E-06  7.89495E-01 
7.35998E+01 7.19996E-01  1.02852E-06  7.84464E-01 
7.36998E+01 7.14996E-01  9.48215E-07  7.79480E-01 
7.37998E+01 7.09996E-01  8.69916E-07  7.74448E-01 
7.38998E+01 7.04996E-01  7.90561E-07  7.69433E-01 
7.39998E+01 6.99996E-01  7.14144E-07  7.64454E-01 
7.40998E+01 6.94996E-01  6.34859E-07  7.59470E-01 
7.41998E+01 6.89996E-01  5.52514E-07  7.54456E-01 
7.42998E+01 6.84996E-01  4.69379E-07  7.49426E-01 
7.43998E+01 6.79996E-01  3.85120E-07  7.44448E-01 
7.44998E+01 6.74996E-01  3.00348E-07  7.39446E-01 
7.45998E+01 6.69996E-01  2.14496E-07  7.34442E-01 
7.46998E+01 6.64996E-01  1.26594E-07  7.29442E-01 
7.47998E+01 6.59996E-01  3.92646E-08  7.24469E-01 
7.48998E+01 6.54996E-01  -5.07557E-08 7.19436E-01 
7.49998E+01 6.49996E-01  -1.40324E-07 7.14439E-01 
7.50998E+01 6.44996E-01  -2.34491E-07 7.09416E-01 
7.51998E+01 6.39996E-01  -3.26172E-07 7.04416E-01 
7.52998E+01 6.34996E-01  -4.20624E-07 6.99440E-01 
7.53998E+01 6.29996E-01  -5.13427E-07 6.94428E-01 
7.54998E+01 6.24996E-01  -6.13598E-07 6.89416E-01 
7.55998E+01 6.19996E-01  -7.12150E-07 6.84405E-01 
7.56998E+01 6.14996E-01  -8.12892E-07 6.79424E-01 
7.57998E+01 6.09996E-01  -9.12453E-07 6.74422E-01 
7.58998E+01 6.04996E-01  -1.01408E-06 6.69429E-01 
7.59998E+01 5.99996E-01  -1.11909E-06 6.64425E-01 
7.60998E+01 5.94997E-01  -1.22211E-06 6.59402E-01 
7.61998E+01 5.89997E-01  -1.32661E-06 6.54410E-01 
7.62998E+01 5.84997E-01  -1.43315E-06 6.49406E-01 
7.63998E+01 5.79997E-01  -1.54038E-06 6.44412E-01 
7.64998E+01 5.74997E-01  -1.64983E-06 6.39434E-01 
7.65998E+01 5.69997E-01  -1.75826E-06 6.34404E-01 
7.66998E+01 5.64997E-01  -1.86722E-06 6.29392E-01 
7.67998E+01 5.59997E-01  -1.97781E-06 6.24378E-01 
7.68998E+01 5.54997E-01  -2.09267E-06 6.19368E-01 
7.69998E+01 5.49997E-01  -2.20748E-06 6.14397E-01 
7.70998E+01 5.44997E-01  -2.32255E-06 6.09371E-01 
7.71998E+01 5.39997E-01  -2.43889E-06 6.04359E-01 
7.72998E+01 5.34997E-01  -2.55791E-06 5.99341E-01 
7.73998E+01 5.29997E-01  -2.67402E-06 5.94368E-01 
7.74998E+01 5.24997E-01  -2.79207E-06 5.89344E-01 
7.75998E+01 5.19997E-01  -2.91600E-06 5.84329E-01 
7.76998E+01 5.14997E-01  -3.03588E-06 5.79330E-01 
7.77998E+01 5.09997E-01  -3.16069E-06 5.74353E-01 
7.78998E+01 5.04997E-01  -3.28462E-06 5.69358E-01 
7.79998E+01 4.99997E-01  -3.41581E-06 5.64333E-01 
7.80998E+01 4.94997E-01  -3.54742E-06 5.59345E-01 
7.81998E+01 4.89997E-01  -3.68195E-06 5.54346E-01 
7.82998E+01 4.84997E-01  -3.81825E-06 5.49340E-01 
7.83998E+01 4.79997E-01  -3.96044E-06 5.44328E-01 
7.84998E+01 4.74997E-01  -4.10452E-06 5.39324E-01 
7.85998E+01 4.69997E-01  -4.24952E-06 5.34340E-01 
7.86998E+01 4.64997E-01  -4.40235E-06 5.29326E-01 
7.87998E+01 4.59997E-01  -4.55967E-06 5.24297E-01 
7.88998E+01 4.54997E-01  -4.71940E-06 5.19314E-01 
7.89998E+01 4.49997E-01  -4.88398E-06 5.14326E-01 
7.90998E+01 4.44997E-01  -5.05171E-06 5.09334E-01 
7.91998E+01 4.39997E-01  -5.22643E-06 5.04322E-01 
7.92998E+01 4.34997E-01  -5.40790E-06 4.99318E-01 
7.93998E+01 4.29997E-01  -5.59510E-06 4.94327E-01 
7.94998E+01 4.24997E-01  -5.78668E-06 4.89311E-01 
7.95998E+01 4.19997E-01  -5.98313E-06 4.84313E-01 
7.96998E+01 4.14997E-01  -6.18496E-06 4.79306E-01 
7.97998E+01 4.09997E-01  -6.39196E-06 4.74293E-01 
7.98998E+01 4.04997E-01  -6.60236E-06 4.69295E-01 
7.99998E+01 3.99997E-01  -6.81851E-06 4.64297E-01 
8.00998E+01 3.94997E-01  -7.04558E-06 4.59285E-01 
8.01998E+01 3.89997E-01  -7.27503E-06 4.54282E-01 
8.02998E+01 3.84997E-01  -7.50919E-06 4.49269E-01 
8.03998E+01 3.79997E-01  -7.74898E-06 4.44282E-01 
8.04998E+01 3.74997E-01  -7.99350E-06 4.39277E-01 
8.05998E+01 3.69997E-01  -8.24071E-06 4.34277E-01 
8.06998E+01 3.64997E-01  -8.49795E-06 4.29250E-01 
8.07998E+01 3.59997E-01  -8.75557E-06 4.24273E-01 
8.08998E+01 3.54997E-01  -9.01656E-06 4.19275E-01 
8.09998E+01 3.49997E-01  -9.28860E-06 4.14263E-01 
8.10998E+01 3.44997E-01  -9.56329E-06 4.09244E-01 
8.11998E+01 3.39997E-01  -9.84041E-06 4.04236E-01 
8.12998E+01 3.34997E-01  -1.01221E-05 3.99240E-01 
8.13998E+01 3.29997E-01  -1.04068E-05 3.94261E-01 
8.14998E+01 3.24997E-01  -1.07018E-05 3.89242E-01 
8.15998E+01 3.19997E-01  -1.09926E-05 3.84223E-01 
8.16998E+01 3.14997E-01  -1.12928E-05 3.79256E-01 
8.17998E+01 3.09997E-01  -1.15949E-05 3.74250E-01 
8.18998E+01 3.04997E-01  -1.19075E-05 3.69242E-01 
8.19998E+01 2.99997E-01  -1.22175E-05 3.64222E-01 
8.20998E+01 2.94997E-01  -1.25329E-05 3.59222E-01 
8.21998E+01 2.89997E-01  -1.28537E-05 3.54246E-01 
8.22998E+01 2.84997E-01  -1.31773E-05 3.49219E-01 
8.23998E+01 2.79997E-01  -1.35053E-05 3.44233E-01 
8.24998E+01 2.74997E-01  -1.38370E-05 3.39228E-01 
8.25998E+01 2.69997E-01  -1.41732E-05 3.34247E-01 
8.26998E+01 2.64997E-01  -1.45160E-05 3.29224E-01 
8.27998E+01 2.59997E-01  -1.48628E-05 3.24193E-01 
8.28998E+01 2.54997E-01  -1.52112E-05 3.19203E-01 
8.29998E+01 2.49997E-01  -1.55665E-05 3.14190E-01 
8.30998E+01 2.44997E-01  -1.59271E-05 3.09191E-01 
8.31998E+01 2.39997E-01  -1.62901E-05 3.04185E-01 
8.32998E+01 2.34997E-01  -1.66588E-05 2.99186E-01 
8.33998E+01 2.29997E-01  -1.70316E-05 2.94159E-01 
8.34998E+01 2.24997E-01  -1.74089E-05 2.89194E-01 
8.35998E+01 2.19997E-01  -1.77930E-05 2.84206E-01 
8.36998E+01 2.14997E-01  -1.81814E-05 2.79178E-01 
8.37998E+01 2.09997E-01  -1.85785E-05 2.74190E-01 
8.38998E+01 2.04997E-01  -1.89750E-05 2.69184E-01 
8.39998E+01 1.99997E-01  -1.93800E-05 2.64192E-01 
8.40998E+01 1.94998E-01  -1.97951E-05 2.59185E-01 
8.41998E+01 1.89998E-01  -2.02106E-05 2.54164E-01 
8.42998E+01 1.84998E-01  -2.06387E-05 2.49154E-01 
8.43998E+01 1.79998E-01  -2.10718E-05 2.44167E-01 
8.44998E+01 1.74998E-01  -2.14667E-05 2.39175E-01 
8.45998E+01 1.69998E-01  -2.19120E-05 2.34180E-01 
8.46998E+01 1.64998E-01  -2.23609E-05 2.29165E-01 
8.47998E+01 1.59998E-01  -2.28222E-05 2.24157E-01 
8.48998E+01 1.54998E-01  -2.32843E-05 2.19172E-01 
8.49998E+01 1.49998E-01  -2.37568E-05 2.14171E-01 
8.50998E+01 1.44998E-01  -2.42320E-05 2.09157E-01 
8.51998E+01 1.39998E-01  -2.47165E-05 2.04167E-01 
8.52998E+01 1.34998E-01  -2.52105E-05 1.99189E-01 
8.53998E+01 1.29998E-01  -2.57099E-05 1.94158E-01 
8.54998E+01 1.24998E-01  -2.62152E-05 1.89150E-01 
8.55998E+01 1.19998E-01  -2.67283E-05 1.84161E-01 
8.56998E+01 1.14998E-01  -2.72457E-05 1.79157E-01 
8.57998E+01 1.09998E-01  -2.77731E-05 1.74152E-01 
8.58998E+01 1.04998E-01  -2.83085E-05 1.69138E-01 
8.59998E+01 9.99977E-02  -2.88463E-05 1.64152E-01 
8.60998E+01 9.49978E-02  -2.93900E-05 1.59146E-01 
8.61998E+01 8.99978E-02  -2.99470E-05 1.54130E-01 
8.62998E+01 8.49978E-02  -3.05072E-05 1.49116E-01 
8.63998E+01 7.99978E-02  -3.10749E-05 1.44140E-01 
8.64998E+01 7.49978E-02  -3.16469E-05 1.39123E-01 
8.65998E+01 6.99978E-02  -3.22257E-05 1.34117E-01 
8.66998E+01 6.49978E-02  -3.28088E-05 1.29113E-01 
8.67998E+01 5.99978E-02  -3.34075E-05 1.24097E-01 
8.68998E+01 5.49979E-02  -3.39998E-05 1.19119E-01 
8.69998E+01 4.99979E-02  -3.46072E-05 1.14111E-01 
8.70998E+01 4.49979E-02  -3.52142E-05 1.09098E-01 
8.71998E+01 3.99979E-02  -3.58291E-05 1.04098E-01 
8.72998E+01 3.49979E-02  -3.64535E-05 9.91054E-02 
8.73998E+01 2.99979E-02  -3.70803E-05 9.40801E-02 
8.74998E+01 2.49979E-02  -3.77115E-05 8.90692E-02 
8.75998E+01 1.99979E-02  -3.83472E-05 8.40976E-02 
8.76998E+01 1.49980E-02  -3.89894E-05 7.91048E-02 
8.77998E+01 9.99797E-03  -3.96418E-05 7.40777E-02 
8.78998E+01 4.99799E-03  -4.02969E-05 6.90618E-02 
8.79998E+01 -2.00000E-06 -4.09614E-05 6.40646E-02 
8.80998E+01 -5.00199E-03 -4.16491E-05 5.90830E-02 
8.81998E+01 -1.00020E-02 -4.23448E-05 5.40734E-02 
8.82998E+01 -1.50020E-02 -4.30665E-05 4.90393E-02 
8.83998E+01 -2.00020E-02 -4.38114E-05 4.40578E-02 
8.84998E+01 -2.50019E-02 -4.45803E-05 3.90874E-02 
8.85998E+01 -3.00019E-02 -4.53853E-05 3.40622E-02 
8.86998E+01 -3.50019E-02 -4.62167E-05 2.90432E-02 
8.87998E+01 -4.00019E-02 -4.70915E-05 2.40522E-02 
8.88998E+01 -4.50019E-02 -4.80098E-05 1.90519E-02 
8.89998E+01 -5.00019E-02 -4.89775E-05 1.40498E-02 
8.90998E+01 -5.50019E-02 -4.99820E-05 9.03948E-03 
8.91998E+01 -6.00019E-02 -5.10385E-05 4.03105E-03 
8.92998E+01 -6.50018E-02 -5.21395E-05 -9.38611E-04
8.93998E+01 -7.00018E-02 -5.32910E-05 -5.95019E-03
8.94998E+01 -7.50018E-02 -5.44901E-05 -1.09779E-02
8.95998E+01 -8.00018E-02 -5.57439E-05 -1.59620E-02
8.96998E+01 -8.50018E-02 -5.70357E-05 -2.09654E-02
8.97998E+01 -9.00018E-02 -5.83783E-05 -2.59470E-02
8.98998E+01 -9.50018E-02 -5.97833E-05 -3.09710E-02
8.99998E+01 -1.00002E-01 -6.12381E-05 -3.59819E-02
9.00998E+01 -1.05002E-01 -6.27411E-05 -4.09822E-02
9.01998E+01 -1.10002E-01 -6.42944E-05 -4.59581E-02
9.02998E+01 -1.15002E-01 -6.59084E-05 -5.09934E-02
9.03998E+01 -1.20002E-01 -6.75660E-05 -5.59725E-02
9.04998E+01 -1.25002E-01 -6.92842E-05 -6.09872E-02
9.05998E+01 -1.30002E-01 -7.10472E-05 -6.59862E-02
9.06998E+01 -1.35002E-01 -7.28835E-05 -7.09596E-02
9.07998E+01 -1.40002E-01 -7.47733E-05 -7.59799E-02
9.08998E+01 -1.45002E-01 -7.67265E-05 -8.10108E-02
9.09998E+01 -1.50002E-01 -7.87480E-05 -8.59805E-02
9.10998E+01 -1.55002E-01 -8.08327E-05 -9.09883E-02
9.11998E+01 -1.60002E-01 -8.30002E-05 -9.59854E-02
9.12998E+01 -1.65002E-01 -8.52727E-05 -1.01014E-01
9.13998E+01 -1.70002E-01 -8.76402E-05 -1.05984E-01
9.14998E+01 -1.75002E-01 -9.01490E-05 -1.10998E-01
9.15998E+01 -1.80002E-01 -9.28048E-05 -1.15990E-01
9.16998E+01 -1.85002E-01 -9.56424E-05 -1.21007E-01
9.17998E+01 -1.90002E-01 -9.86819E-05 -1.25996E-01
9.18998E+01 -1.95002E-01 -1.01952E-04 -1.30983E-01
9.19998E+01 -2.00002E-01 -1.05485E-04 -1.36005E-01
9.20998E+01 -2.05001E-01 -1.09274E-04 -1.40996E-01
9.21998E+01 -2.10001E-01 -1.13353E-04 -1.45999E-01
9.22998E+01 -2.15001E-01 -1.17686E-04 -1.50982E-01
9.23998E+01 -2.20001E-01 -1.22245E-04 -1.56021E-01
9.24998E+01 -2.25001E-01 -1.26992E-04 -1.61007E-01
9.25998E+01 -2.30001E-01 -1.31853E-04 -1.66015E-01
9.26998E+01 -2.35001E-01 -1.36878E-04 -1.71030E-01
9.27998E+01 -2.40001E-01 -1.41957E-04 -1.76041E-01
9.28998E+01 -2.45001E-01 -1.47083E-04 -1.81037E-01
9.29998E+01 -2.50001E-01 -1.52235E-04 -1.86049E-01
9.30998E+01 -2.55001E-01 -1.57388E-04 -1.91036E-01
9.31998E+01 -2.60001E-01 -1.62560E-04 -1.96037E-01
9.32998E+01 -2.65001E-01 -1.67681E-04 -2.01057E-01
9.33998E+01 -2.70001E-01 -1.72756E-04 -2.06031E-01
9.34998E+01 -2.75001E-01 -1.77815E-04 -2.11032E-01
9.35998E+01 -2.80001E-01 -1.82882E-04 -2.16038E-01
9.36998E+01 -2.85001E-01 -1.87905E-04 -2.21060E-01
9.37998E+01 -2.90001E-01 -1.92867E-04 -2.26053E-01
9.38998E+01 -2.95001E-01 -1.97759E-04 -2.31058E-01
9.39998E+01 -3.00001E-01 -2.02575E-04 -2.36084E-01
9.40998E+01 -3.05001E-01 -2.07324E-04 -2.41089E-01
9.41998E+01 -3.10001E-01 -2.12031E-04 -2.46069E-01
9.42998E+01 -3.15001E-01 -2.16187E-04 -2.51077E-01
9.43998E+01 -3.20001E-01 -2.20738E-04 -2.56082E-01
9.44998E+01 -3.25001E-01 -2.25230E-04 -2.61099E-01
9.45998E+01 -3.30001E-01 -2.29663E-04 -2.66099E-01
9.46998E+01 -3.35001E-01 -2.33948E-04 -2.71082E-01
9.47998E+01 -3.40001E-01 -2.38189E-04 -2.76096E-01
9.48998E+01 -3.45001E-01 -2.42336E-04 -2.81102E-01
9.49998E+01 -3.50001E-01 -2.46392E-04 -2.86122E-01
9.50998E+01 -3.55001E-01 -2.50419E-04 -2.91102E-01
9.51998E+01 -3.60001E-01 -2.54321E-04 -2.96093E-01
9.52998E+01 -3.65001E-01 -2.58125E-04 -3.01116E-01
9.53998E+01 -3.70001E-01 -2.61833E-04 -3.06126E-01
9.54998E+01 -3.75001E-01 -2.65468E-04 -3.11125E-01
9.55998E+01 -3.80001E-01 -2.69018E-04 -3.16125E-01
9.56998E+01 -3.85001E-01 -2.72462E-04 -3.21134E-01
9.57998E+01 -3.90001E-01 -2.75773E-04 -3.26136E-01
9.58998E+01 -3.95001E-01 -2.78887E-04 -3.31152E-01
9.59998E+01 -4.00001E-01 -2.81806E-04 -3.36153E-01
9.60998E+01 -4.05001E-01 -2.84378E-04 -3.41139E-01
9.61998E+01 -4.10001E-01 -2.86501E-04 -3.46134E-01
9.62998E+01 -4.15001E-01 -2.87992E-04 -3.51159E-01
9.63998E+01 -4.20001E-01 -2.88489E-04 -3.56155E-01
9.64998E+01 -4.25001E-01 -2.87262E-04 -3.61139E-01
9.65998E+01 -4.30001E-01 -2.82584E-04 -3.66138E-01
9.66998E+01 -4.35001E-01 -2.70320E-04 -3.71149E-01
9.67998E+01 -4.40001E-01 -2.41921E-04 -3.76146E-01
9.68998E+01 -4.45001E-01 -1.88290E-04 -3.81133E-01
9.69998E+01 -4.50001E-01 -1.35414E-04 -3.86142E-01
9.70998E+01 -4.55001E-01 -1.06750E-04 -3.91145E-01
9.71998E+01 -4.60001E-01 -9.06628E-05 -3.96168E-01
9.72998E+01 -4.65001E-01 -8.08195E-05 -4.01138E-01
9.73998E+01 -4.70001E-01 -7.41937E-05 -4.06121E-01
9.74998E+01 -4.75001E-01 -6.93254E-05 -4.11140E-01
9.75998E+01 -4.80001E-01 -6.56922E-05 -4.16152E-01
9.76998E+01 -4.85001E-01 -6.24615E-05 -4.21150E-01
9.77998E+01 -4.90001E-01 -5.98507E-05 -4.26134E-01
9.78998E+01 -4.95001E-01 -5.76269E-05 -4.31146E-01
9.79998E+01 -5.00001E-01 -5.56715E-05 -4.36144E-01
9.80998E+01 -5.05001E-01 -5.39894E-05 -4.41151E-01
9.81998E+01 -5.10001E-01 -5.24038E-05 -4.46153E-01
9.82998E+01 -5.15001E-01 -5.10343E-05 -4.51151E-01
9.83998E+01 -5.20001E-01 -4.97735E-05 -4.56162E-01
9.84998E+01 -5.25001E-01 -4.86246E-05 -4.61156E-01
9.85998E+01 -5.30001E-01 -4.75697E-05 -4.66141E-01
9.86998E+01 -5.35001E-01 -4.65713E-05 -4.71161E-01
9.87998E+01 -5.40001E-01 -4.56743E-05 -4.76168E-01
9.88998E+01 -5.45001E-01 -4.48662E-05 -4.81174E-01
9.89998E+01 -5.50001E-01 -4.41004E-05 -4.86185E-01
9.90998E+01 -5.55001E-01 -4.33923E-05 -4.91190E-01
9.91998E+01 -5.60001E-01 -4.27072E-05 -4.96191E-01
9.92998E+01 -5.65001E-01 -4.20848E-05 -5.01195E-01
9.93998E+01 -5.70001E-01 -4.15068E-05 -5.06210E-01
9.94998E+01 -5.75001E-01 -4.10024E-05 -5.11236E-01
9.95998E+01 -5.80001E-01 -4.04944E-05 -5.16236E-01
9.96998E+01 -5.85001E-01 -4.00306E-05 -5.21224E-01
9.97998E+01 -5.90001E-01 -4.00622E-05 -5.26237E-01
9.98998E+01 -5.95001E-01 -3.96310E-05 -5.31259E-01
9.99997E+01 -6.00001E-01 -3.92193E-05 -5.36237E-01
1.00100E+02 -6.05000E-01 -3.88455E-05 -5.41222E-01
1.00200E+02 -6.10000E-01 -3.85050E-05 -5.46225E-01
1.00300E+02 -6.15000E-01 -3.81976E-05 -5.51253E-01
1.00400E+02 -6.20000E-01 -3.78967E-05 -5.56251E-01
1.00500E+02 -6.25000E-01 -3.76309E-05 -5.61243E-01
1.00600E+02 -6.30000E-01 -3.73964E-05 -5.66233E-01
1.00700E+02 -6.35000E-01 -3.71756E-05 -5.71259E-01
1.00800E+02 -6.40000E-01 -3.70060E-05 -5.76232E-01
1.00900E+02 -6.45000E-01 -3.68662E-05 -5.81231E-01
1.01000E+02 -6.50000E-01 -3.67428E-05 -5.86251E-01
1.01100E+02 -6.55000E-01 -3.66432E-05 -5.91254E-01
1.01200E+02 -6.60000E-01 -3.65442E-05 -5.96255E-01
1.01300E+02 -6.65000E-01 -3.64470E-05 -6.01241E-01
1.01400E+02 -6.70000E-01 -3.63911E-05 -6.06238E-01
1.01500E+02 -6.75000E-01 -3.63477E-05 -6.11276E-01
1.01600E+02 -6.80000E-01 -3.63269E-05 -6.16265E-01
1.01700E+02 -6.85000E-01 -3.63282E-05 -6.21252E-01
1.01800E+02 -6.90000E-01 -3.63446E-05 -6.26253E-01
1.01900E+02 -6.95000E-01 -3.63918E-05 -6.31274E-01
1.02000E+02 -7.00000E-01 -3.64478E-05 -6.36276E-01
1.02100E+02 -7.05000E-01 -3.64976E-05 -6.41261E-01
1.02200E+02 -7.10000E-01 -3.65927E-05 -6.46250E-01
1.02300E+02 -7.15000E-01 -3.66913E-05 -6.51289E-01
1.02400E+02 -7.20000E-01 -3.67813E-05 -6.56295E-01
1.02500E+02 -7.25000E-01 -3.68307E-05 -6.61302E-01
1.02600E+02 -7.30000E-01 -3.69241E-05 -6.66296E-01
1.02700E+02 -7.35000E-01 -3.69875E-05 -6.71300E-01
1.02800E+02 -7.40000E-01 -3.71166E-05 -6.76316E-01
1.02900E+02 -7.45000E-01 -3.72366E-05 -6.81324E-01
1.03000E+02 -7.50000E-01 -3.72878E-05 -6.86329E-01
1.03100E+02 -7.55000E-01 -3.73339E-05 -6.91302E-01
1.03200E+02 -7.60000E-01 -3.73943E-05 -6.96313E-01
1.03300E+02 -7.65000E-01 -3.74898E-05 -7.01321E-01
1.03400E+02 -7.70000E-01 -3.75636E-05 -7.06307E-01
1.03500E+02 -7.75000E-01 -3.76372E-05 -7.11312E-01
1.03600E+02 -7.80000E-01 -3.77132E-05 -7.16305E-01
1.03700E+02 -7.85000E-01 -3.77914E-05 -7.21326E-01
1.03800E+02 -7.90000E-01 -3.78725E-05 -7.26314E-01
1.03900E+02 -7.95000E-01 -3.79465E-05 -7.31313E-01
