time/s      E/V        I/A
0.00000E+00 -8.00000E-01 -6.34621E-05 -7.25343E-01
9.99997E-02 -7.95000E-01 -6.06778E-05 -7.20347E-01
1.99999E-01 -7.90000E-01 -5.82490E-05 -7.15349E-01
2.99999E-01 -7.85000E-01 -5.61520E-05 -7.10341E-01
3.99999E-01 -7.80000E-01 -5.41831E-05 -7.05336E-01
4.99999E-01 -7.75000E-01 -5.23290E-05 -7.00350E-01
5.99998E-01 -7.70000E-01 -5.06371E-05 -6.95347E-01
6.99998E-01 -7.65000E-01 -4.90414E-05 -6.90338E-01
7.99998E-01 -7.60000E-01 -4.75829E-05 -6.85350E-01
8.99998E-01 -7.55000E-01 -4.61887E-05 -6.80361E-01
9.99997E-01 -7.50000E-01 -4.48690E-05 -6.75368E-01
1.10000E+00 -7.45000E-01 -4.36817E-05 -6.70340E-01
1.20000E+00 -7.40000E-01 -4.24238E-05 -6.65366E-01
1.30000E+00 -7.35000E-01 -4.12791E-05 -6.60374E-01
1.40000E+00 -7.30000E-01 -4.01909E-05 -6.55359E-01
1.50000E+00 -7.25000E-01 -3.91550E-05 -6.50350E-01
1.60000E+00 -7.20000E-01 -3.81658E-05 -6.45331E-01
1.70000E+00 -7.15000E-01 -3.72115E-05 -6.40318E-01
1.80000E+00 -7.10000E-01 -3.62920E-05 -6.35337E-01
1.90000E+00 -7.05000E-01 -3.53992E-05 -6.30320E-01
1.99999E+00 -7.00000E-01 -3.45476E-05 -6.25303E-01
2.09999E+00 -6.95000E-01 -3.37120E-05 -6.20301E-01
2.19999E+00 -6.90000E-01 -3.29283E-05 -6.15314E-01
2.29999E+00 -6.85000E-01 -3.21533E-05 -6.10299E-01
2.39999E+00 -6.80000E-01 -3.14044E-05 -6.05297E-01
2.49999E+00 -6.75000E-01 -3.06715E-05 -6.00321E-01
2.59999E+00 -6.70000E-01 -2.99904E-05 -5.95307E-01
2.69999E+00 -6.65000E-01 -2.93132E-05 -5.90278E-01
2.79999E+00 -6.60000E-01 -2.86776E-05 -5.85252E-01
2.89999E+00 -6.55000E-01 -2.80242E-05 -5.80288E-01
2.99999E+00 -6.50000E-01 -2.73919E-05 -5.75278E-01
3.09999E+00 -6.45000E-01 -2.67749E-05 -5.70293E-01
3.19999E+00 -6.40000E-01 -2.61681E-05 -5.65277E-01
3.29999E+00 -6.35000E-01 -2.56491E-05 -5.60305E-01
3.39999E+00 -6.30000E-01 -2.51096E-05 -5.55287E-01
3.49999E+00 -6.25000E-01 -2.45955E-05 -5.50292E-01
3.59999E+00 -6.20000E-01 -2.40361E-05 -5.45276E-01
3.69999E+00 -6.15000E-01 -2.35487E-05 -5.40283E-01
3.79999E+00 -6.10000E-01 -2.30524E-05 -5.35285E-01
3.89999E+00 -6.05000E-01 -2.25731E-05 -5.30300E-01
3.99999E+00 -6.00001E-01 -2.21000E-05 -5.25284E-01
4.09999E+00 -5.95001E-01 -2.16490E-05 -5.20285E-01
4.19999E+00 -5.90001E-01 -2.12442E-05 -5.15279E-01
4.29999E+00 -5.85001E-01 -2.08373E-05 -5.10275E-01
4.39999E+00 -5.80001E-01 -2.03698E-05 -5.05271E-01
4.49999E+00 -5.75001E-01 -1.99227E-05 -5.00265E-01
4.59999E+00 -5.70001E-01 -1.95724E-05 -4.95250E-01
4.69999E+00 -5.65001E-01 -1.91284E-05 -4.90231E-01
4.79999E+00 -5.60001E-01 -1.87435E-05 -4.85248E-01
4.89999E+00 -5.55001E-01 -1.83432E-05 -4.80235E-01
4.99999E+00 -5.50001E-01 -1.79596E-05 -4.75225E-01
5.09999E+00 -5.45001E-01 -1.75833E-05 -4.70216E-01
5.19999E+00 -5.40001E-01 -1.72208E-05 -4.65231E-01
5.29999E+00 -5.35001E-01 -1.68686E-05 -4.60223E-01
5.39999E+00 -5.30001E-01 -1.65225E-05 -4.55223E-01
5.49999E+00 -5.25001E-01 -1.61811E-05 -4.50205E-01
5.59999E+00 -5.20001E-01 -1.58514E-05 -4.45202E-01
5.69999E+00 -5.15001E-01 -1.55236E-05 -4.40197E-01
5.79999E+00 -5.10001E-01 -1.51738E-05 -4.35200E-01
5.89999E+00 -5.05001E-01 -1.48549E-05 -4.30227E-01
5.99998E+00 -5.00001E-01 -1.45404E-05 -4.25200E-01
6.09998E+00 -4.95001E-01 -1.42350E-05 -4.20215E-01
6.19998E+00 -4.90001E-01 -1.39404E-05 -4.15206E-01
6.29998E+00 -4.85001E-01 -1.36349E-05 -4.10181E-01
6.39998E+00 -4.80001E-01 -1.33408E-05 -4.05181E-01
6.49998E+00 -4.75001E-01 -1.30485E-05 -4.00201E-01
6.59998E+00 -4.70001E-01 -1.27674E-05 -3.95202E-01
6.69998E+00 -4.65001E-01 -1.24823E-05 -3.90196E-01
6.79998E+00 -4.60001E-01 -1.22132E-05 -3.85200E-01
6.89998E+00 -4.55001E-01 -1.19312E-05 -3.80228E-01
6.99998E+00 -4.50001E-01 -1.16508E-05 -3.75223E-01
7.09998E+00 -4.45001E-01 -1.13701E-05 -3.70208E-01
7.19998E+00 -4.40001E-01 -1.10983E-05 -3.65184E-01
7.29998E+00 -4.35001E-01 -1.08500E-05 -3.60207E-01
7.39998E+00 -4.30001E-01 -1.05988E-05 -3.55189E-01
7.49998E+00 -4.25001E-01 -1.03409E-05 -3.50190E-01
7.59998E+00 -4.20001E-01 -1.00825E-05 -3.45168E-01
7.69998E+00 -4.15001E-01 -9.83847E-06 -3.40168E-01
7.79998E+00 -4.10001E-01 -9.59381E-06 -3.35175E-01
7.89998E+00 -4.05001E-01 -9.33332E-06 -3.30195E-01
7.99998E+00 -4.00001E-01 -9.09980E-06 -3.25165E-01
8.09998E+00 -3.95001E-01 -8.85976E-06 -3.20162E-01
8.19998E+00 -3.90001E-01 -8.62889E-06 -3.15139E-01
8.29998E+00 -3.85001E-01 -8.39417E-06 -3.10164E-01
8.39998E+00 -3.80001E-01 -8.16128E-06 -3.05179E-01
8.49998E+00 -3.75001E-01 -7.92809E-06 -3.00159E-01
8.59998E+00 -3.70001E-01 -7.70039E-06 -2.95142E-01
8.69998E+00 -3.65001E-01 -7.47742E-06 -2.90125E-01
8.79998E+00 -3.60001E-01 -7.25117E-06 -2.85152E-01
8.89998E+00 -3.55001E-01 -7.02830E-06 -2.80156E-01
8.99998E+00 -3.50001E-01 -6.80323E-06 -2.75135E-01
9.09998E+00 -3.45001E-01 -6.57981E-06 -2.70125E-01
9.19998E+00 -3.40001E-01 -6.35787E-06 -2.65129E-01
9.29998E+00 -3.35001E-01 -6.13455E-06 -2.60142E-01
9.39998E+00 -3.30001E-01 -5.91085E-06 -2.55117E-01
9.49998E+00 -3.25001E-01 -5.69198E-06 -2.50119E-01
9.59998E+00 -3.20001E-01 -5.47076E-06 -2.45099E-01
9.69998E+00 -3.15001E-01 -5.25021E-06 -2.40113E-01
9.79998E+00 -3.10001E-01 -5.02991E-06 -2.35102E-01
9.89998E+00 -3.05001E-01 -4.81139E-06 -2.30101E-01
9.99997E+00 -3.00001E-01 -4.58984E-06 -2.25088E-01
1.01000E+01 -2.95001E-01 -4.37092E-06 -2.20133E-01
1.02000E+01 -2.90001E-01 -4.15038E-06 -2.15107E-01
1.03000E+01 -2.85001E-01 -3.92923E-06 -2.10090E-01
1.04000E+01 -2.80001E-01 -3.70913E-06 -2.05107E-01
1.05000E+01 -2.75001E-01 -3.48569E-06 -2.00096E-01
1.06000E+01 -2.70001E-01 -3.30748E-06 -1.95106E-01
1.07000E+01 -2.65001E-01 -3.08348E-06 -1.90095E-01
1.08000E+01 -2.60001E-01 -2.85718E-06 -1.85109E-01
1.09000E+01 -2.55001E-01 -2.63546E-06 -1.80110E-01
1.10000E+01 -2.50001E-01 -2.41080E-06 -1.75076E-01
1.11000E+01 -2.45001E-01 -2.18621E-06 -1.70057E-01
1.12000E+01 -2.40001E-01 -1.95832E-06 -1.65086E-01
1.13000E+01 -2.35001E-01 -1.73201E-06 -1.60085E-01
1.14000E+01 -2.30001E-01 -1.50368E-06 -1.55058E-01
1.15000E+01 -2.25001E-01 -1.27705E-06 -1.50055E-01
1.16000E+01 -2.20001E-01 -1.05750E-06 -1.45073E-01
1.17000E+01 -2.15001E-01 -8.30016E-07 -1.40065E-01
1.18000E+01 -2.10001E-01 -6.04512E-07 -1.35064E-01
1.19000E+01 -2.05001E-01 -3.77746E-07 -1.30049E-01
1.20000E+01 -2.00002E-01 -1.52240E-07 -1.25057E-01
1.21000E+01 -1.95002E-01 7.42727E-08  -1.20050E-01
1.22000E+01 -1.90002E-01 3.02957E-07  -1.15052E-01
1.23000E+01 -1.85002E-01 5.30499E-07  -1.10043E-01
1.24000E+01 -1.80002E-01 7.60612E-07  -1.05054E-01
1.25000E+01 -1.75002E-01 9.88801E-07  -1.00069E-01
1.26000E+01 -1.70002E-01 1.21840E-06  -9.50523E-02
1.27000E+01 -1.65002E-01 1.44889E-06  -9.00446E-02
1.28000E+01 -1.60002E-01 1.68957E-06  -8.50455E-02
1.29000E+01 -1.55002E-01 1.93209E-06  -8.00458E-02
1.30000E+01 -1.50002E-01 2.18847E-06  -7.50499E-02
1.31000E+01 -1.45002E-01 2.49378E-06  -7.00290E-02
1.32000E+01 -1.40002E-01 2.72040E-06  -6.50356E-02
1.33000E+01 -1.35002E-01 2.98511E-06  -6.00391E-02
1.34000E+01 -1.30002E-01 3.25408E-06  -5.50150E-02
1.35000E+01 -1.25002E-01 3.53538E-06  -5.00066E-02
1.36000E+01 -1.20002E-01 3.82968E-06  -4.49982E-02
1.37000E+01 -1.15002E-01 4.13522E-06  -4.00285E-02
1.38000E+01 -1.10002E-01 4.47635E-06  -3.50126E-02
1.39000E+01 -1.05002E-01 4.82390E-06  -3.00029E-02
1.40000E+01 -1.00002E-01 5.19461E-06  -2.49908E-02
1.41000E+01 -9.50018E-02 5.58835E-06  -2.00086E-02
1.42000E+01 -9.00018E-02 6.00678E-06  -1.50045E-02
1.43000E+01 -8.50018E-02 6.44975E-06  -9.98112E-03
1.44000E+01 -8.00018E-02 6.92079E-06  -4.97271E-03
1.45000E+01 -7.50018E-02 7.42094E-06  2.32345E-05 
1.46000E+01 -7.00018E-02 7.95168E-06  5.00414E-03 
1.47000E+01 -6.50018E-02 8.51479E-06  1.00238E-02 
1.48000E+01 -6.00019E-02 9.11397E-06  1.50103E-02 
1.49000E+01 -5.50019E-02 9.75001E-06  2.00294E-02 
1.50000E+01 -5.00019E-02 1.04225E-05  2.50053E-02 
1.51000E+01 -4.50019E-02 1.11366E-05  3.00069E-02 
1.52000E+01 -4.00019E-02 1.18959E-05  3.50065E-02 
1.53000E+01 -3.50019E-02 1.26933E-05  4.00330E-02 
1.54000E+01 -3.00019E-02 1.35372E-05  4.50259E-02 
1.55000E+01 -2.50019E-02 1.44314E-05  5.00068E-02 
1.56000E+01 -2.00020E-02 1.53717E-05  5.50071E-02 
1.57000E+01 -1.50020E-02 1.63622E-05  6.00598E-02 
1.58000E+01 -1.00020E-02 1.74045E-05  6.50451E-02 
1.59000E+01 -5.00199E-03 1.84979E-05  7.00261E-02 
1.60000E+01 -2.00000E-06 1.96424E-05  7.50501E-02 
1.61000E+01 4.99799E-03  2.08402E-05  8.00591E-02 
1.62000E+01 9.99797E-03  2.20861E-05  8.50563E-02 
1.63000E+01 1.49980E-02  2.34383E-05  9.00453E-02 
1.64000E+01 1.99979E-02  2.47817E-05  9.50607E-02 
1.65000E+01 2.49979E-02  2.61757E-05  1.00074E-01 
1.66000E+01 2.99979E-02  2.76090E-05  1.05067E-01 
1.67000E+01 3.49979E-02  2.90830E-05  1.10053E-01 
1.68000E+01 3.99979E-02  3.05972E-05  1.15063E-01 
1.69000E+01 4.49979E-02  3.21443E-05  1.20090E-01 
1.70000E+01 4.99979E-02  3.37241E-05  1.25093E-01 
1.71000E+01 5.49979E-02  3.53239E-05  1.30060E-01 
1.72000E+01 5.99978E-02  3.69328E-05  1.35089E-01 
1.73000E+01 6.49978E-02  3.85613E-05  1.40072E-01 
1.74000E+01 6.99978E-02  4.01809E-05  1.45113E-01 
1.75000E+01 7.49978E-02  4.18021E-05  1.50087E-01 
1.76000E+01 7.99978E-02  4.34142E-05  1.55109E-01 
1.77000E+01 8.49978E-02  4.50170E-05  1.60114E-01 
1.78000E+01 8.99978E-02  4.66022E-05  1.65122E-01 
1.79000E+01 9.49978E-02  4.81768E-05  1.70108E-01 
1.80000E+01 9.99977E-02  4.97349E-05  1.75097E-01 
1.81000E+01 1.04998E-01  5.12820E-05  1.80104E-01 
1.82000E+01 1.09998E-01  5.28101E-05  1.85118E-01 
1.83000E+01 1.14998E-01  5.43638E-05  1.90101E-01 
1.84000E+01 1.19998E-01  5.59504E-05  1.95112E-01 
1.85000E+01 1.24998E-01  5.75222E-05  2.00136E-01 
1.86000E+01 1.29998E-01  5.90901E-05  2.05120E-01 
1.87000E+01 1.34998E-01  6.06643E-05  2.10111E-01 
1.88000E+01 1.39998E-01  6.22434E-05  2.15119E-01 
1.89000E+01 1.44998E-01  6.38088E-05  2.20146E-01 
1.90000E+01 1.49998E-01  6.54045E-05  2.25133E-01 
1.91000E+01 1.54998E-01  6.70162E-05  2.30132E-01 
1.92000E+01 1.59998E-01  6.86270E-05  2.35145E-01 
1.93000E+01 1.64998E-01  7.02271E-05  2.40156E-01 
1.94000E+01 1.69998E-01  7.17882E-05  2.45142E-01 
1.95000E+01 1.74998E-01  7.33147E-05  2.50118E-01 
1.96000E+01 1.79998E-01  7.47879E-05  2.55131E-01 
1.97000E+01 1.84998E-01  7.61834E-05  2.60153E-01 
1.98000E+01 1.89998E-01  7.75071E-05  2.65166E-01 
1.99000E+01 1.94998E-01  7.87476E-05  2.70143E-01 
1.99999E+01 1.99997E-01  7.98431E-05  2.75144E-01 
2.00999E+01 2.04997E-01  8.08193E-05  2.80148E-01 
2.01999E+01 2.09997E-01  8.16254E-05  2.85174E-01 
2.02999E+01 2.14997E-01  8.25221E-05  2.90151E-01 
2.03999E+01 2.19997E-01  8.32663E-05  2.95154E-01 
2.04999E+01 2.24997E-01  8.40936E-05  3.00176E-01 
2.05999E+01 2.29997E-01  8.50340E-05  3.05193E-01 
2.06999E+01 2.34997E-01  8.61647E-05  3.10195E-01 
2.07999E+01 2.39997E-01  8.75436E-05  3.15170E-01 
2.08999E+01 2.44997E-01  8.92548E-05  3.20180E-01 
2.09999E+01 2.49997E-01  9.11542E-05  3.25186E-01 
2.10999E+01 2.54997E-01  9.32543E-05  3.30206E-01 
2.11999E+01 2.59997E-01  9.53883E-05  3.35210E-01 
2.12999E+01 2.64997E-01  9.75691E-05  3.40202E-01 
2.13999E+01 2.69997E-01  9.96153E-05  3.45204E-01 
2.14999E+01 2.74997E-01  1.01430E-04  3.50210E-01 
2.15999E+01 2.79997E-01  1.02833E-04  3.55235E-01 
2.16999E+01 2.84997E-01  1.03536E-04  3.60221E-01 
2.17999E+01 2.89997E-01  1.03329E-04  3.65200E-01 
2.18999E+01 2.94997E-01  1.01915E-04  3.70215E-01 
2.19999E+01 2.99997E-01  9.95258E-05  3.75230E-01 
2.20999E+01 3.04997E-01  9.56687E-05  3.80192E-01 
2.21999E+01 3.09997E-01  9.06698E-05  3.85219E-01 
2.22999E+01 3.14997E-01  8.46753E-05  3.90211E-01 
2.23999E+01 3.19997E-01  7.77323E-05  3.95206E-01 
2.24999E+01 3.24997E-01  7.06978E-05  4.00214E-01 
2.25999E+01 3.29997E-01  6.42490E-05  4.05207E-01 
2.26999E+01 3.34997E-01  5.88163E-05  4.10207E-01 
2.27999E+01 3.39997E-01  5.44801E-05  4.15231E-01 
2.28999E+01 3.44997E-01  5.12077E-05  4.20218E-01 
2.29999E+01 3.49997E-01  4.89554E-05  4.25216E-01 
2.30999E+01 3.54997E-01  4.70928E-05  4.30230E-01 
2.31999E+01 3.59997E-01  4.60809E-05  4.35249E-01 
2.32999E+01 3.64997E-01  4.53943E-05  4.40249E-01 
2.33999E+01 3.69997E-01  4.48332E-05  4.45222E-01 
2.34999E+01 3.74997E-01  4.45822E-05  4.50237E-01 
2.35999E+01 3.79997E-01  4.44070E-05  4.55244E-01 
2.36999E+01 3.84997E-01  4.41368E-05  4.60251E-01 
2.37999E+01 3.89997E-01  4.39484E-05  4.65267E-01 
2.38999E+01 3.94997E-01  4.39762E-05  4.70265E-01 
2.39999E+01 3.99997E-01  4.41855E-05  4.75286E-01 
2.40999E+01 4.04997E-01  4.45026E-05  4.80280E-01 
2.41999E+01 4.09997E-01  4.49030E-05  4.85270E-01 
2.42999E+01 4.14997E-01  4.53686E-05  4.90292E-01 
2.43999E+01 4.19997E-01  4.58942E-05  4.95307E-01 
2.44999E+01 4.24997E-01  4.64891E-05  5.00270E-01 
2.45999E+01 4.29997E-01  4.71429E-05  5.05299E-01 
2.46999E+01 4.34997E-01  4.77908E-05  5.10287E-01 
2.47999E+01 4.39997E-01  4.83869E-05  5.15295E-01 
2.48999E+01 4.44997E-01  4.90846E-05  5.20298E-01 
2.49999E+01 4.49997E-01  4.98123E-05  5.25298E-01 
2.50999E+01 4.54997E-01  5.05501E-05  5.30301E-01 
2.51999E+01 4.59997E-01  5.13025E-05  5.35317E-01 
2.52999E+01 4.64997E-01  5.20767E-05  5.40309E-01 
2.53999E+01 4.69997E-01  5.28338E-05  5.45320E-01 
2.54999E+01 4.74997E-01  5.35764E-05  5.50323E-01 
2.55999E+01 4.79997E-01  5.43388E-05  5.55318E-01 
2.56999E+01 4.84997E-01  5.51117E-05  5.60316E-01 
2.57999E+01 4.89997E-01  5.59882E-05  5.65314E-01 
2.58999E+01 4.94997E-01  5.66671E-05  5.70320E-01 
2.59999E+01 4.99997E-01  5.73301E-05  5.75327E-01 
2.60999E+01 5.04997E-01  5.79873E-05  5.80312E-01 
2.61999E+01 5.09997E-01  5.86428E-05  5.85331E-01 
2.62999E+01 5.14997E-01  5.92450E-05  5.90322E-01 
2.63999E+01 5.19997E-01  5.98229E-05  5.95341E-01 
2.64999E+01 5.24997E-01  6.03630E-05  6.00333E-01 
2.65999E+01 5.29997E-01  6.08549E-05  6.05341E-01 
2.66999E+01 5.34997E-01  6.12725E-05  6.10336E-01 
2.67999E+01 5.39997E-01  6.16069E-05  6.15347E-01 
2.68999E+01 5.44997E-01  6.19770E-05  6.20338E-01 
2.69999E+01 5.49997E-01  6.22987E-05  6.25323E-01 
2.70999E+01 5.54997E-01  6.25721E-05  6.30352E-01 
2.71999E+01 5.59997E-01  6.28026E-05  6.35377E-01 
2.72999E+01 5.64997E-01  6.29708E-05  6.40376E-01 
2.73999E+01 5.69997E-01  6.30052E-05  6.45369E-01 
2.74999E+01 5.74997E-01  6.29580E-05  6.50369E-01 
2.75999E+01 5.79997E-01  6.28278E-05  6.55367E-01 
2.76999E+01 5.84997E-01  6.26070E-05  6.60376E-01 
2.77999E+01 5.89997E-01  6.22629E-05  6.65373E-01 
2.78999E+01 5.94997E-01  6.17588E-05  6.70363E-01 
2.79999E+01 5.99996E-01  6.12039E-05  6.75395E-01 
2.80999E+01 6.04996E-01  6.05132E-05  6.80381E-01 
2.81999E+01 6.09996E-01  5.97352E-05  6.85400E-01 
2.82999E+01 6.14996E-01  5.89286E-05  6.90374E-01 
2.83999E+01 6.19996E-01  5.80029E-05  6.95380E-01 
2.84999E+01 6.24996E-01  5.69671E-05  7.00389E-01 
2.85999E+01 6.29996E-01  5.58633E-05  7.05378E-01 
2.86999E+01 6.34996E-01  5.46545E-05  7.10355E-01 
2.87999E+01 6.39996E-01  5.33875E-05  7.15378E-01 
2.88999E+01 6.44996E-01  5.20564E-05  7.20394E-01 
2.89999E+01 6.49996E-01  5.07023E-05  7.25397E-01 
2.90999E+01 6.54996E-01  4.93620E-05  7.30393E-01 
2.91999E+01 6.59996E-01  4.81146E-05  7.35381E-01 
2.92999E+01 6.64996E-01  4.69941E-05  7.40411E-01 
2.93999E+01 6.69996E-01  4.60283E-05  7.45410E-01 
2.94999E+01 6.74996E-01  4.52481E-05  7.50375E-01 
2.95999E+01 6.79996E-01  4.46434E-05  7.55386E-01 
2.96999E+01 6.84996E-01  4.41887E-05  7.60397E-01 
2.97999E+01 6.89996E-01  4.38641E-05  7.65401E-01 
2.98999E+01 6.94996E-01  4.36324E-05  7.70390E-01 
2.99999E+01 6.99996E-01  4.34195E-05  7.75390E-01 
3.00999E+01 7.04996E-01  4.33706E-05  7.80406E-01 
3.01999E+01 7.09996E-01  4.33974E-05  7.85414E-01 
3.02999E+01 7.14996E-01  4.34154E-05  7.90430E-01 
3.03999E+01 7.19996E-01  4.34289E-05  7.95431E-01 
3.04999E+01 7.24996E-01  4.33757E-05  8.00443E-01 
3.05999E+01 7.29996E-01  4.34204E-05  8.05424E-01 
3.06999E+01 7.34996E-01  4.35006E-05  8.10450E-01 
3.07999E+01 7.39996E-01  4.35996E-05  8.15448E-01 
3.08999E+01 7.44996E-01  4.37285E-05  8.20444E-01 
3.09999E+01 7.49996E-01  4.38354E-05  8.25455E-01 
3.10999E+01 7.54996E-01  4.39277E-05  8.30442E-01 
3.11999E+01 7.59996E-01  4.40667E-05  8.35449E-01 
3.12999E+01 7.64996E-01  4.41341E-05  8.40461E-01 
3.13999E+01 7.69996E-01  4.42633E-05  8.45455E-01 
3.14999E+01 7.74996E-01  4.44103E-05  8.50475E-01 
3.15999E+01 7.79996E-01  4.45523E-05  8.55483E-01 
3.16999E+01 7.84996E-01  4.46759E-05  8.60472E-01 
3.17999E+01 7.89996E-01  4.48346E-05  8.65479E-01 
3.18999E+01 7.94996E-01  4.49752E-05  8.70479E-01 
3.19999E+01 7.99996E-01  4.51101E-05  8.75484E-01 
3.20999E+01 8.04996E-01  4.52923E-05  8.80502E-01 
3.21999E+01 8.09996E-01  4.54510E-05  8.85508E-01 
3.22999E+01 8.14996E-01  4.56106E-05  8.90505E-01 
3.23999E+01 8.19996E-01  4.57820E-05  8.95510E-01 
3.24999E+01 8.24996E-01  4.59293E-05  9.00529E-01 
3.25999E+01 8.29996E-01  4.60965E-05  9.05517E-01 
3.26999E+01 8.34996E-01  4.62660E-05  9.10511E-01 
3.27999E+01 8.39996E-01  4.64351E-05  9.15511E-01 
3.28999E+01 8.44996E-01  4.66026E-05  9.20518E-01 
3.29999E+01 8.49996E-01  4.67701E-05  9.25521E-01 
3.30999E+01 8.54996E-01  4.69417E-05  9.30528E-01 
3.31999E+01 8.59996E-01  4.70976E-05  9.35511E-01 
3.32999E+01 8.64996E-01  4.72701E-05  9.40560E-01 
3.33999E+01 8.69996E-01  4.74518E-05  9.45543E-01 
3.34999E+01 8.74996E-01  4.76276E-05  9.50530E-01 
3.35999E+01 8.79996E-01  4.77935E-05  9.55530E-01 
3.36999E+01 8.84996E-01  4.79689E-05  9.60543E-01 
3.37999E+01 8.89996E-01  4.81318E-05  9.65564E-01 
3.38999E+01 8.94996E-01  4.83043E-05  9.70563E-01 
3.39999E+01 8.99996E-01  4.84803E-05  9.75546E-01 
3.40999E+01 9.04996E-01  4.86586E-05  9.80549E-01 
3.41999E+01 9.09996E-01  4.88211E-05  9.85579E-01 
3.42999E+01 9.14996E-01  4.90049E-05  9.90576E-01 
3.43999E+01 9.19996E-01  4.91871E-05  9.95580E-01 
3.44999E+01 9.24996E-01  4.93706E-05  1.00056E+00 
3.45999E+01 9.29996E-01  4.95459E-05  1.00556E+00 
3.46999E+01 9.34996E-01  4.97090E-05  1.01055E+00 
3.47999E+01 9.39996E-01  4.98585E-05  1.01555E+00 
3.48999E+01 9.44996E-01  5.00014E-05  1.02054E+00 
3.49999E+01 9.49996E-01  5.01303E-05  1.02555E+00 
3.50999E+01 9.54996E-01  5.02434E-05  1.03057E+00 
3.51999E+01 9.59996E-01  5.03382E-05  1.03555E+00 
3.52999E+01 9.64996E-01  5.04214E-05  1.04055E+00 
3.53999E+01 9.69996E-01  5.05044E-05  1.04557E+00 
3.54999E+01 9.74996E-01  5.05840E-05  1.05058E+00 
3.55999E+01 9.79996E-01  5.06524E-05  1.05557E+00 
3.56999E+01 9.84996E-01  5.07110E-05  1.06057E+00 
3.57999E+01 9.89996E-01  5.07829E-05  1.06556E+00 
3.58999E+01 9.94996E-01  5.08842E-05  1.07058E+00 
3.59999E+01 9.99995E-01  5.10250E-05  1.07559E+00 
3.60999E+01 1.00500E+00  5.11865E-05  1.08057E+00 
3.61999E+01 1.01000E+00  5.13659E-05  1.08557E+00 
3.62999E+01 1.01500E+00  5.15732E-05  1.09057E+00 
3.63999E+01 1.02000E+00  5.17577E-05  1.09561E+00 
3.64999E+01 1.02500E+00  5.19579E-05  1.10058E+00 
3.65999E+01 1.03000E+00  5.21667E-05  1.10561E+00 
3.66999E+01 1.03500E+00  5.23783E-05  1.11061E+00 
3.67999E+01 1.04000E+00  5.25895E-05  1.11564E+00 
3.68999E+01 1.04500E+00  5.28127E-05  1.12064E+00 
3.69999E+01 1.05000E+00  5.30329E-05  1.12566E+00 
3.70999E+01 1.05500E+00  5.32657E-05  1.13064E+00 
3.71999E+01 1.06000E+00  5.34789E-05  1.13563E+00 
3.72999E+01 1.06500E+00  5.36958E-05  1.14064E+00 
3.73999E+01 1.07000E+00  5.38847E-05  1.14565E+00 
3.74999E+01 1.07500E+00  5.40216E-05  1.15066E+00 
3.75999E+01 1.08000E+00  5.41688E-05  1.15565E+00 
3.76999E+01 1.08500E+00  5.43436E-05  1.16064E+00 
3.77999E+01 1.09000E+00  5.45498E-05  1.16566E+00 
3.78999E+01 1.09500E+00  5.48115E-05  1.17066E+00 
3.79999E+01 1.10000E+00  5.50352E-05  1.17566E+00 
3.80999E+01 1.10500E+00  5.52874E-05  1.18066E+00 
3.81999E+01 1.11000E+00  5.55568E-05  1.18566E+00 
3.82999E+01 1.11500E+00  5.58409E-05  1.19067E+00 
3.83999E+01 1.12000E+00  5.61383E-05  1.19568E+00 
3.84999E+01 1.12500E+00  5.64307E-05  1.20066E+00 
3.85999E+01 1.13000E+00  5.67430E-05  1.20567E+00 
3.86999E+01 1.13500E+00  5.71752E-05  1.21068E+00 
3.87999E+01 1.14000E+00  5.74002E-05  1.21567E+00 
3.88999E+01 1.14500E+00  5.77275E-05  1.22067E+00 
3.89999E+01 1.15000E+00  5.80647E-05  1.22567E+00 
3.90999E+01 1.15500E+00  5.84137E-05  1.23070E+00 
3.91999E+01 1.16000E+00  5.87635E-05  1.23567E+00 
3.92999E+01 1.16500E+00  5.91426E-05  1.24067E+00 
3.93999E+01 1.17000E+00  5.94717E-05  1.24568E+00 
3.94999E+01 1.17500E+00  5.98257E-05  1.25070E+00 
3.95999E+01 1.18000E+00  6.01747E-05  1.25570E+00 
3.96999E+01 1.18500E+00  6.05253E-05  1.26068E+00 
3.97999E+01 1.19000E+00  6.08684E-05  1.26569E+00 
3.98999E+01 1.19500E+00  6.11996E-05  1.27071E+00 
3.99999E+01 1.19999E+00  6.15163E-05  1.27572E+00 
4.00999E+01 1.20499E+00  6.18488E-05  1.28071E+00 
4.01999E+01 1.20999E+00  6.21669E-05  1.28572E+00 
4.02999E+01 1.21499E+00  6.24709E-05  1.29072E+00 
4.03999E+01 1.21999E+00  6.27536E-05  1.29572E+00 
4.04999E+01 1.22499E+00  6.30377E-05  1.30072E+00 
4.05999E+01 1.22999E+00  6.33087E-05  1.30571E+00 
4.06999E+01 1.23499E+00  6.36260E-05  1.31074E+00 
4.07999E+01 1.23999E+00  6.39015E-05  1.31574E+00 
4.08999E+01 1.24499E+00  6.41845E-05  1.32072E+00 
4.09999E+01 1.24999E+00  6.44828E-05  1.32571E+00 
4.10999E+01 1.25499E+00  6.47904E-05  1.33071E+00 
4.11999E+01 1.25999E+00  6.51137E-05  1.33572E+00 
4.12999E+01 1.26499E+00  6.54452E-05  1.34073E+00 
4.13999E+01 1.26999E+00  6.57995E-05  1.34574E+00 
4.14999E+01 1.27499E+00  6.61931E-05  1.35073E+00 
4.15999E+01 1.27999E+00  6.66019E-05  1.35574E+00 
4.16999E+01 1.28499E+00  6.70520E-05  1.36073E+00 
4.17999E+01 1.28999E+00  6.75424E-05  1.36573E+00 
4.18999E+01 1.29499E+00  6.80836E-05  1.37074E+00 
4.19999E+01 1.29999E+00  6.86730E-05  1.37577E+00 
4.20999E+01 1.30499E+00  6.93163E-05  1.38076E+00 
4.21999E+01 1.30999E+00  7.00226E-05  1.38576E+00 
4.22999E+01 1.31499E+00  7.08036E-05  1.39074E+00 
4.23999E+01 1.31999E+00  7.16268E-05  1.39576E+00 
4.24999E+01 1.32499E+00  7.25122E-05  1.40077E+00 
4.25999E+01 1.32999E+00  7.34568E-05  1.40576E+00 
4.26999E+01 1.33499E+00  7.44616E-05  1.41077E+00 
4.27999E+01 1.33999E+00  7.55438E-05  1.41577E+00 
4.28999E+01 1.34499E+00  7.66851E-05  1.42079E+00 
4.29999E+01 1.34999E+00  7.78777E-05  1.42579E+00 
4.30999E+01 1.35499E+00  7.91346E-05  1.43080E+00 
4.31999E+01 1.35999E+00  8.04404E-05  1.43581E+00 
4.32999E+01 1.36499E+00  8.18183E-05  1.44080E+00 
4.33999E+01 1.36999E+00  8.32473E-05  1.44581E+00 
4.34999E+01 1.37499E+00  8.47283E-05  1.45083E+00 
4.35999E+01 1.37999E+00  8.62482E-05  1.45583E+00 
4.36999E+01 1.38499E+00  8.78464E-05  1.46083E+00 
4.37999E+01 1.38999E+00  8.95038E-05  1.46581E+00 
4.38999E+01 1.39499E+00  9.12164E-05  1.47082E+00 
4.39999E+01 1.39999E+00  9.30091E-05  1.47582E+00 
4.40999E+01 1.40499E+00  9.48530E-05  1.48082E+00 
4.41999E+01 1.40999E+00  9.67645E-05  1.48583E+00 
4.42999E+01 1.41499E+00  9.87520E-05  1.49083E+00 
4.43999E+01 1.41999E+00  1.00783E-04  1.49585E+00 
4.44999E+01 1.42499E+00  1.02834E-04  1.50083E+00 
4.45999E+01 1.42999E+00  1.04940E-04  1.50582E+00 
4.46999E+01 1.43499E+00  1.07315E-04  1.51085E+00 
4.47999E+01 1.43999E+00  1.09628E-04  1.51584E+00 
4.48999E+01 1.44499E+00  1.12017E-04  1.52083E+00 
4.49999E+01 1.44999E+00  1.14473E-04  1.52583E+00 
4.50999E+01 1.45499E+00  1.17007E-04  1.53084E+00 
4.51999E+01 1.45999E+00  1.19605E-04  1.53586E+00 
4.52999E+01 1.46499E+00  1.22254E-04  1.54084E+00 
4.53999E+01 1.46999E+00  1.24969E-04  1.54584E+00 
4.54999E+01 1.47499E+00  1.27745E-04  1.55084E+00 
4.55999E+01 1.47999E+00  1.30582E-04  1.55584E+00 
4.56999E+01 1.48499E+00  1.33472E-04  1.56085E+00 
4.57999E+01 1.48999E+00  1.36375E-04  1.56583E+00 
4.58999E+01 1.49499E+00  1.39348E-04  1.57084E+00 
4.59999E+01 1.49999E+00  1.42375E-04  1.57587E+00 
4.60999E+01 1.50499E+00  1.45446E-04  1.58085E+00 
4.61999E+01 1.50999E+00  1.48545E-04  1.58586E+00 
4.62999E+01 1.51499E+00  1.51684E-04  1.59087E+00 
4.63999E+01 1.51999E+00  1.54839E-04  1.59587E+00 
4.64999E+01 1.52499E+00  1.58029E-04  1.60086E+00 
4.65999E+01 1.52999E+00  1.61278E-04  1.60587E+00 
4.66999E+01 1.53499E+00  1.64548E-04  1.61088E+00 
4.67999E+01 1.53999E+00  1.67839E-04  1.61589E+00 
4.68999E+01 1.54499E+00  1.71117E-04  1.62090E+00 
4.69999E+01 1.54999E+00  1.74410E-04  1.62588E+00 
4.70999E+01 1.55499E+00  1.77707E-04  1.63089E+00 
4.71999E+01 1.55999E+00  1.81029E-04  1.63589E+00 
4.72999E+01 1.56499E+00  1.84399E-04  1.64089E+00 
4.73999E+01 1.56999E+00  1.87773E-04  1.64591E+00 
4.74999E+01 1.57499E+00  1.91162E-04  1.65091E+00 
4.75999E+01 1.57999E+00  1.94555E-04  1.65592E+00 
4.76999E+01 1.58499E+00  1.97962E-04  1.66090E+00 
4.77999E+01 1.58999E+00  2.01370E-04  1.66592E+00 
4.78999E+01 1.59499E+00  2.04809E-04  1.67092E+00 
4.79999E+01 1.59999E+00  2.08251E-04  1.67593E+00 
4.80999E+01 1.60499E+00  2.11661E-04  1.68092E+00 
4.81999E+01 1.60999E+00  2.15602E-04  1.68592E+00 
4.82999E+01 1.61499E+00  2.19079E-04  1.69094E+00 
4.83999E+01 1.61999E+00  2.22533E-04  1.69593E+00 
4.84999E+01 1.62499E+00  2.25997E-04  1.70092E+00 
4.85999E+01 1.62999E+00  2.29493E-04  1.70593E+00 
4.86999E+01 1.63499E+00  2.32936E-04  1.71095E+00 
4.87999E+01 1.63999E+00  2.36406E-04  1.71594E+00 
4.88999E+01 1.64499E+00  2.39878E-04  1.72094E+00 
4.89999E+01 1.64999E+00  2.43373E-04  1.72594E+00 
4.90999E+01 1.65499E+00  2.46804E-04  1.73095E+00 
4.91999E+01 1.65999E+00  2.50292E-04  1.73596E+00 
4.92999E+01 1.66499E+00  2.53789E-04  1.74095E+00 
4.93999E+01 1.66999E+00  2.57234E-04  1.74597E+00 
4.94999E+01 1.67499E+00  2.60747E-04  1.75097E+00 
4.95999E+01 1.67999E+00  2.64206E-04  1.75598E+00 
4.96999E+01 1.68499E+00  2.67663E-04  1.76100E+00 
4.97999E+01 1.68999E+00  2.71170E-04  1.76603E+00 
4.98999E+01 1.69499E+00  2.74573E-04  1.77100E+00 
4.99999E+01 1.69999E+00  2.78035E-04  1.77600E+00 
5.00999E+01 1.70499E+00  2.81449E-04  1.78101E+00 
5.01999E+01 1.70999E+00  2.84851E-04  1.78602E+00 
5.02999E+01 1.71499E+00  2.88263E-04  1.79100E+00 
5.03999E+01 1.71999E+00  2.91648E-04  1.79599E+00 
5.04999E+01 1.72499E+00  2.95067E-04  1.80102E+00 
5.05999E+01 1.72999E+00  2.98418E-04  1.80602E+00 
5.06999E+01 1.73499E+00  3.01794E-04  1.81102E+00 
5.07999E+01 1.73999E+00  3.05144E-04  1.81601E+00 
5.08999E+01 1.74499E+00  3.08422E-04  1.82103E+00 
5.09999E+01 1.74999E+00  3.11734E-04  1.82603E+00 
5.10999E+01 1.75499E+00  3.15053E-04  1.83105E+00 
5.11999E+01 1.75999E+00  3.18305E-04  1.83604E+00 
5.12999E+01 1.76499E+00  3.21493E-04  1.84104E+00 
5.13999E+01 1.76999E+00  3.24678E-04  1.84604E+00 
5.14999E+01 1.77499E+00  3.27823E-04  1.85104E+00 
5.15999E+01 1.77999E+00  3.31020E-04  1.85604E+00 
5.16999E+01 1.78499E+00  3.34017E-04  1.86104E+00 
5.17999E+01 1.78999E+00  3.37137E-04  1.86605E+00 
5.18999E+01 1.79499E+00  3.40138E-04  1.87104E+00 
5.19999E+01 1.79999E+00  3.43114E-04  1.87603E+00 
5.20999E+01 1.79499E+00  3.36517E-04  1.87104E+00 
5.21999E+01 1.78999E+00  3.30227E-04  1.86604E+00 
5.22999E+01 1.78499E+00  3.24043E-04  1.86103E+00 
5.23999E+01 1.77999E+00  3.18037E-04  1.85604E+00 
5.24999E+01 1.77499E+00  3.12284E-04  1.85104E+00 
5.25999E+01 1.76999E+00  3.06542E-04  1.84606E+00 
5.26999E+01 1.76499E+00  3.00891E-04  1.84102E+00 
5.27999E+01 1.75999E+00  2.95366E-04  1.83603E+00 
5.28999E+01 1.75499E+00  2.89819E-04  1.83103E+00 
5.29999E+01 1.74999E+00  2.84391E-04  1.82604E+00 
5.30999E+01 1.74499E+00  2.79004E-04  1.82101E+00 
5.31999E+01 1.73999E+00  2.73722E-04  1.81602E+00 
5.32999E+01 1.73499E+00  2.68504E-04  1.81103E+00 
5.33999E+01 1.72999E+00  2.63310E-04  1.80603E+00 
5.34999E+01 1.72499E+00  2.58194E-04  1.80102E+00 
5.35999E+01 1.71999E+00  2.53155E-04  1.79601E+00 
5.36999E+01 1.71499E+00  2.48235E-04  1.79100E+00 
5.37999E+01 1.70999E+00  2.43415E-04  1.78602E+00 
5.38999E+01 1.70499E+00  2.38645E-04  1.78102E+00 
5.39999E+01 1.69999E+00  2.33966E-04  1.77600E+00 
5.40999E+01 1.69499E+00  2.29287E-04  1.77101E+00 
5.41999E+01 1.68999E+00  2.24679E-04  1.76602E+00 
5.42999E+01 1.68499E+00  2.20189E-04  1.76101E+00 
5.43999E+01 1.67999E+00  2.15757E-04  1.75599E+00 
5.44999E+01 1.67499E+00  2.11385E-04  1.75099E+00 
5.45999E+01 1.66999E+00  2.07044E-04  1.74597E+00 
5.46999E+01 1.66499E+00  2.02865E-04  1.74096E+00 
5.47999E+01 1.65999E+00  1.98584E-04  1.73595E+00 
5.48999E+01 1.65499E+00  1.94466E-04  1.73095E+00 
5.49999E+01 1.64999E+00  1.90311E-04  1.72594E+00 
5.50999E+01 1.64499E+00  1.86234E-04  1.72095E+00 
5.51999E+01 1.63999E+00  1.82200E-04  1.71594E+00 
5.52999E+01 1.63499E+00  1.78277E-04  1.71096E+00 
5.53999E+01 1.62999E+00  1.74340E-04  1.70595E+00 
5.54999E+01 1.62499E+00  1.70487E-04  1.70094E+00 
5.55999E+01 1.61999E+00  1.66646E-04  1.69595E+00 
5.56999E+01 1.61499E+00  1.62894E-04  1.69095E+00 
5.57999E+01 1.60999E+00  1.59161E-04  1.68593E+00 
5.58999E+01 1.60499E+00  1.55512E-04  1.68092E+00 
5.59999E+01 1.59999E+00  1.51914E-04  1.67593E+00 
5.60999E+01 1.59499E+00  1.48379E-04  1.67093E+00 
5.61999E+01 1.58999E+00  1.44883E-04  1.66592E+00 
5.62999E+01 1.58499E+00  1.41407E-04  1.66093E+00 
5.63999E+01 1.57999E+00  1.37991E-04  1.65594E+00 
5.64999E+01 1.57499E+00  1.34642E-04  1.65093E+00 
5.65999E+01 1.56999E+00  1.31331E-04  1.64592E+00 
5.66999E+01 1.56499E+00  1.28059E-04  1.64091E+00 
5.67999E+01 1.55999E+00  1.24848E-04  1.63590E+00 
5.68999E+01 1.55499E+00  1.21665E-04  1.63093E+00 
5.69999E+01 1.54999E+00  1.18547E-04  1.62591E+00 
5.70999E+01 1.54499E+00  1.15474E-04  1.62089E+00 
5.71999E+01 1.53999E+00  1.12433E-04  1.61588E+00 
5.72999E+01 1.53499E+00  1.09451E-04  1.61090E+00 
5.73999E+01 1.52999E+00  1.06523E-04  1.60591E+00 
5.74999E+01 1.52499E+00  1.03627E-04  1.60090E+00 
5.75999E+01 1.51999E+00  1.00766E-04  1.59587E+00 
5.76999E+01 1.51499E+00  9.79322E-05  1.59086E+00 
5.77999E+01 1.50999E+00  9.51494E-05  1.58587E+00 
5.78999E+01 1.50499E+00  9.24285E-05  1.58085E+00 
5.79999E+01 1.49999E+00  8.97447E-05  1.57586E+00 
5.80999E+01 1.49499E+00  8.71101E-05  1.57083E+00 
5.81999E+01 1.48999E+00  8.45363E-05  1.56583E+00 
5.82999E+01 1.48499E+00  8.19907E-05  1.56085E+00 
5.83999E+01 1.47999E+00  7.95129E-05  1.55586E+00 
5.84999E+01 1.47499E+00  7.70902E-05  1.55083E+00 
5.85999E+01 1.46999E+00  7.47140E-05  1.54584E+00 
5.86999E+01 1.46499E+00  7.23738E-05  1.54084E+00 
5.87999E+01 1.45999E+00  7.00491E-05  1.53585E+00 
5.88999E+01 1.45499E+00  6.77521E-05  1.53086E+00 
5.89999E+01 1.44999E+00  6.55388E-05  1.52585E+00 
5.90999E+01 1.44499E+00  6.33511E-05  1.52084E+00 
5.91999E+01 1.43999E+00  6.12200E-05  1.51587E+00 
5.92999E+01 1.43499E+00  5.91349E-05  1.51086E+00 
5.93999E+01 1.42999E+00  5.71360E-05  1.50585E+00 
5.94999E+01 1.42499E+00  5.51224E-05  1.50085E+00 
5.95999E+01 1.41999E+00  5.31924E-05  1.49585E+00 
5.96999E+01 1.41499E+00  5.12892E-05  1.49084E+00 
5.97999E+01 1.40999E+00  4.94375E-05  1.48584E+00 
5.98999E+01 1.40499E+00  4.76283E-05  1.48085E+00 
5.99998E+01 1.39999E+00  4.58647E-05  1.47585E+00 
6.00998E+01 1.39499E+00  4.41649E-05  1.47083E+00 
6.01998E+01 1.38999E+00  4.24874E-05  1.46584E+00 
6.02998E+01 1.38499E+00  4.08778E-05  1.46083E+00 
6.03998E+01 1.37999E+00  3.93109E-05  1.45583E+00 
6.04998E+01 1.37499E+00  3.77720E-05  1.45082E+00 
6.05998E+01 1.36999E+00  3.63001E-05  1.44582E+00 
6.06998E+01 1.36499E+00  3.44608E-05  1.44081E+00 
6.07998E+01 1.35999E+00  3.30634E-05  1.43581E+00 
6.08998E+01 1.35499E+00  3.17102E-05  1.43078E+00 
6.09998E+01 1.34999E+00  3.04083E-05  1.42578E+00 
6.10998E+01 1.34499E+00  2.91647E-05  1.42077E+00 
6.11998E+01 1.33999E+00  2.79432E-05  1.41577E+00 
6.12998E+01 1.33499E+00  2.67720E-05  1.41074E+00 
6.13998E+01 1.32999E+00  2.56518E-05  1.40578E+00 
6.14998E+01 1.32499E+00  2.46174E-05  1.40076E+00 
6.15998E+01 1.31999E+00  2.35558E-05  1.39576E+00 
6.16998E+01 1.31499E+00  2.25376E-05  1.39073E+00 
6.17998E+01 1.30999E+00  2.15725E-05  1.38575E+00 
6.18998E+01 1.30499E+00  2.06549E-05  1.38075E+00 
6.19998E+01 1.29999E+00  1.97759E-05  1.37574E+00 
6.20998E+01 1.29499E+00  1.89338E-05  1.37074E+00 
6.21998E+01 1.28999E+00  1.81317E-05  1.36574E+00 
6.22998E+01 1.28499E+00  1.73624E-05  1.36074E+00 
6.23998E+01 1.27999E+00  1.66297E-05  1.35574E+00 
6.24998E+01 1.27499E+00  1.59298E-05  1.35073E+00 
6.25998E+01 1.26999E+00  1.52676E-05  1.34574E+00 
6.26998E+01 1.26499E+00  1.46302E-05  1.34073E+00 
6.27998E+01 1.25999E+00  1.40223E-05  1.33575E+00 
6.28998E+01 1.25499E+00  1.34534E-05  1.33072E+00 
6.29998E+01 1.24999E+00  1.29030E-05  1.32573E+00 
6.30998E+01 1.24499E+00  1.23806E-05  1.32072E+00 
6.31998E+01 1.23999E+00  1.18855E-05  1.31574E+00 
6.32998E+01 1.23499E+00  1.14193E-05  1.31072E+00 
6.33998E+01 1.22999E+00  1.09750E-05  1.30570E+00 
6.34998E+01 1.22499E+00  1.05533E-05  1.30071E+00 
6.35998E+01 1.21999E+00  1.01572E-05  1.29572E+00 
6.36998E+01 1.21499E+00  9.78612E-06  1.29070E+00 
6.37998E+01 1.20999E+00  9.43160E-06  1.28571E+00 
6.38998E+01 1.20499E+00  9.09289E-06  1.28070E+00 
6.39998E+01 1.19999E+00  8.76942E-06  1.27571E+00 
6.40998E+01 1.19500E+00  8.46749E-06  1.27071E+00 
6.41998E+01 1.19000E+00  8.17716E-06  1.26567E+00 
6.42998E+01 1.18500E+00  7.90508E-06  1.26069E+00 
6.43998E+01 1.18000E+00  7.64759E-06  1.25568E+00 
6.44998E+01 1.17500E+00  7.40530E-06  1.25067E+00 
6.45998E+01 1.17000E+00  7.17755E-06  1.24569E+00 
6.46998E+01 1.16500E+00  6.96325E-06  1.24069E+00 
6.47998E+01 1.16000E+00  6.75873E-06  1.23568E+00 
6.48998E+01 1.15500E+00  6.56680E-06  1.23068E+00 
6.49998E+01 1.15000E+00  6.38774E-06  1.22568E+00 
6.50998E+01 1.14500E+00  6.22278E-06  1.22066E+00 
6.51998E+01 1.14000E+00  6.05607E-06  1.21567E+00 
6.52998E+01 1.13500E+00  5.89866E-06  1.21068E+00 
6.53998E+01 1.13000E+00  5.75065E-06  1.20568E+00 
6.54998E+01 1.12500E+00  5.61131E-06  1.20065E+00 
6.55998E+01 1.12000E+00  5.47062E-06  1.19568E+00 
6.56998E+01 1.11500E+00  5.33732E-06  1.19070E+00 
6.57998E+01 1.11000E+00  5.20683E-06  1.18567E+00 
6.58998E+01 1.10500E+00  5.09181E-06  1.18066E+00 
6.59998E+01 1.10000E+00  4.97806E-06  1.17567E+00 
6.60998E+01 1.09500E+00  4.87061E-06  1.17068E+00 
6.61998E+01 1.09000E+00  4.76406E-06  1.16567E+00 
6.62998E+01 1.08500E+00  4.66351E-06  1.16066E+00 
6.63998E+01 1.08000E+00  4.56543E-06  1.15566E+00 
6.64998E+01 1.07500E+00  4.47553E-06  1.15067E+00 
6.65998E+01 1.07000E+00  4.38163E-06  1.14566E+00 
6.66998E+01 1.06500E+00  4.29985E-06  1.14063E+00 
6.67998E+01 1.06000E+00  4.21482E-06  1.13564E+00 
6.68998E+01 1.05500E+00  4.14209E-06  1.13065E+00 
6.69998E+01 1.05000E+00  4.06668E-06  1.12564E+00 
6.70998E+01 1.04500E+00  3.99337E-06  1.12064E+00 
6.71998E+01 1.04000E+00  3.93514E-06  1.11562E+00 
6.72998E+01 1.03500E+00  3.81040E-06  1.11061E+00 
6.73998E+01 1.03000E+00  3.71032E-06  1.10562E+00 
6.74998E+01 1.02500E+00  3.64505E-06  1.10062E+00 
6.75998E+01 1.02000E+00  3.58441E-06  1.09559E+00 
6.76998E+01 1.01500E+00  3.54736E-06  1.09060E+00 
6.77998E+01 1.01000E+00  3.43102E-06  1.08560E+00 
6.78998E+01 1.00500E+00  3.39217E-06  1.08059E+00 
6.79998E+01 9.99995E-01  3.31985E-06  1.07560E+00 
6.80998E+01 9.94996E-01  3.25150E-06  1.07057E+00 
6.81998E+01 9.89996E-01  3.20990E-06  1.06557E+00 
6.82998E+01 9.84996E-01  3.16977E-06  1.06057E+00 
6.83998E+01 9.79996E-01  3.08762E-06  1.05556E+00 
6.84998E+01 9.74996E-01  3.01073E-06  1.05055E+00 
6.85998E+01 9.69996E-01  2.97720E-06  1.04554E+00 
6.86998E+01 9.64996E-01  2.91891E-06  1.04052E+00 
6.87998E+01 9.59996E-01  2.83962E-06  1.03556E+00 
6.88998E+01 9.54996E-01  2.77312E-06  1.03055E+00 
6.89998E+01 9.49996E-01  2.72388E-06  1.02554E+00 
6.90998E+01 9.44996E-01  2.67301E-06  1.02055E+00 
6.91998E+01 9.39996E-01  2.60495E-06  1.01554E+00 
6.92998E+01 9.34996E-01  2.51921E-06  1.01055E+00 
6.93998E+01 9.29996E-01  2.45252E-06  1.00554E+00 
6.94998E+01 9.24996E-01  2.39531E-06  1.00052E+00 
6.95998E+01 9.19996E-01  2.33955E-06  9.95543E-01 
6.96998E+01 9.14996E-01  2.29349E-06  9.90560E-01 
6.97998E+01 9.09996E-01  2.23944E-06  9.85558E-01 
6.98998E+01 9.04996E-01  2.19009E-06  9.80529E-01 
6.99998E+01 8.99996E-01  2.14099E-06  9.75545E-01 
7.00998E+01 8.94996E-01  2.07270E-06  9.70544E-01 
7.01998E+01 8.89996E-01  2.01398E-06  9.65540E-01 
7.02998E+01 8.84996E-01  1.95583E-06  9.60529E-01 
7.03998E+01 8.79996E-01  1.89730E-06  9.55542E-01 
7.04998E+01 8.74996E-01  1.84313E-06  9.50538E-01 
7.05998E+01 8.69996E-01  1.78999E-06  9.45535E-01 
7.06998E+01 8.64996E-01  1.73389E-06  9.40555E-01 
7.07998E+01 8.59996E-01  1.67537E-06  9.35517E-01 
7.08998E+01 8.54996E-01  1.61569E-06  9.30508E-01 
7.09998E+01 8.49996E-01  1.55627E-06  9.25534E-01 
7.10998E+01 8.44996E-01  1.49944E-06  9.20517E-01 
7.11998E+01 8.39996E-01  1.44054E-06  9.15501E-01 
7.12998E+01 8.34996E-01  1.38051E-06  9.10488E-01 
7.13998E+01 8.29996E-01  1.32487E-06  9.05496E-01 
7.14998E+01 8.24996E-01  1.26634E-06  9.00520E-01 
7.15998E+01 8.19996E-01  1.20723E-06  8.95529E-01 
7.16998E+01 8.14996E-01  1.15507E-06  8.90492E-01 
7.17998E+01 8.09996E-01  1.10160E-06  8.85484E-01 
7.18998E+01 8.04996E-01  1.03989E-06  8.80497E-01 
7.19998E+01 7.99996E-01  9.75498E-07  8.75488E-01 
7.20998E+01 7.94996E-01  9.14315E-07  8.70473E-01 
7.21998E+01 7.89996E-01  8.52538E-07  8.65471E-01 
7.22998E+01 7.84996E-01  7.82512E-07  8.60481E-01 
7.23998E+01 7.79996E-01  7.16488E-07  8.55489E-01 
7.24998E+01 7.74996E-01  6.51840E-07  8.50456E-01 
7.25998E+01 7.69996E-01  5.86011E-07  8.45438E-01 
7.26998E+01 7.64996E-01  5.24216E-07  8.40469E-01 
7.27998E+01 7.59996E-01  4.61874E-07  8.35489E-01 
7.28998E+01 7.54996E-01  3.95475E-07  8.30461E-01 
7.29998E+01 7.49996E-01  3.39129E-07  8.25455E-01 
7.30998E+01 7.44996E-01  2.84949E-07  8.20459E-01 
7.31998E+01 7.39996E-01  2.16596E-07  8.15477E-01 
7.32998E+01 7.34996E-01  1.37479E-07  8.10465E-01 
7.33998E+01 7.29996E-01  6.98134E-08  8.05478E-01 
7.34998E+01 7.24996E-01  -1.17652E-08 8.00483E-01 
7.35998E+01 7.19996E-01  -1.06627E-07 7.95477E-01 
7.36998E+01 7.14996E-01  -1.79144E-07 7.90445E-01 
7.37998E+01 7.09996E-01  -2.55124E-07 7.85433E-01 
7.38998E+01 7.04996E-01  -3.36145E-07 7.80426E-01 
7.39998E+01 6.99996E-01  -4.37710E-07 7.75396E-01 
7.40998E+01 6.94996E-01  -5.26156E-07 7.70392E-01 
7.41998E+01 6.89996E-01  -5.80311E-07 7.65417E-01 
7.42998E+01 6.84996E-01  -6.57680E-07 7.60414E-01 
7.43998E+01 6.79996E-01  -7.38247E-07 7.55390E-01 
7.44998E+01 6.74996E-01  -7.72580E-07 7.50392E-01 
7.45998E+01 6.69996E-01  -8.85100E-07 7.45384E-01 
7.46998E+01 6.64996E-01  -9.87334E-07 7.40394E-01 
7.47998E+01 6.59996E-01  -1.06666E-06 7.35386E-01 
7.48998E+01 6.54996E-01  -1.15475E-06 7.30370E-01 
7.49998E+01 6.49996E-01  -1.25080E-06 7.25389E-01 
7.50998E+01 6.44996E-01  -1.34621E-06 7.20395E-01 
7.51998E+01 6.39996E-01  -1.44497E-06 7.15393E-01 
7.52998E+01 6.34996E-01  -1.54041E-06 7.10373E-01 
7.53998E+01 6.29996E-01  -1.64140E-06 7.05379E-01 
7.54998E+01 6.24996E-01  -1.73988E-06 7.00400E-01 
7.55998E+01 6.19996E-01  -1.84670E-06 6.95370E-01 
7.56998E+01 6.14996E-01  -1.96080E-06 6.90383E-01 
7.57998E+01 6.09996E-01  -2.03976E-06 6.85393E-01 
7.58998E+01 6.04996E-01  -2.17628E-06 6.80385E-01 
7.59998E+01 5.99996E-01  -2.27543E-06 6.75377E-01 
7.60998E+01 5.94997E-01  -2.37983E-06 6.70373E-01 
7.61998E+01 5.89997E-01  -2.46121E-06 6.65368E-01 
7.62998E+01 5.84997E-01  -2.59085E-06 6.60402E-01 
7.63998E+01 5.79997E-01  -2.70286E-06 6.55361E-01 
7.64998E+01 5.74997E-01  -2.81532E-06 6.50355E-01 
7.65998E+01 5.69997E-01  -2.93220E-06 6.45371E-01 
7.66998E+01 5.64997E-01  -3.04064E-06 6.40367E-01 
7.67998E+01 5.59997E-01  -3.13242E-06 6.35382E-01 
7.68998E+01 5.54997E-01  -3.24595E-06 6.30365E-01 
7.69998E+01 5.49997E-01  -3.36098E-06 6.25352E-01 
7.70998E+01 5.44997E-01  -3.47821E-06 6.20351E-01 
7.71998E+01 5.39997E-01  -3.59109E-06 6.15354E-01 
7.72998E+01 5.34997E-01  -3.69806E-06 6.10330E-01 
7.73998E+01 5.29997E-01  -3.80689E-06 6.05299E-01 
7.74998E+01 5.24997E-01  -3.92834E-06 6.00332E-01 
7.75998E+01 5.19997E-01  -4.05788E-06 5.95334E-01 
7.76998E+01 5.14997E-01  -4.17669E-06 5.90327E-01 
7.77998E+01 5.09997E-01  -4.30159E-06 5.85336E-01 
7.78998E+01 5.04997E-01  -4.41358E-06 5.80315E-01 
7.79998E+01 4.99997E-01  -4.53049E-06 5.75329E-01 
7.80998E+01 4.94997E-01  -4.65685E-06 5.70327E-01 
7.81998E+01 4.89997E-01  -4.78928E-06 5.65291E-01 
7.82998E+01 4.84997E-01  -4.93070E-06 5.60307E-01 
7.83998E+01 4.79997E-01  -5.06236E-06 5.55313E-01 
7.84998E+01 4.74997E-01  -5.20033E-06 5.50304E-01 
7.85998E+01 4.69997E-01  -5.34298E-06 5.45283E-01 
7.86998E+01 4.64997E-01  -5.49157E-06 5.40299E-01 
7.87998E+01 4.59997E-01  -5.64197E-06 5.35282E-01 
7.88998E+01 4.54997E-01  -5.80451E-06 5.30298E-01 
7.89998E+01 4.49997E-01  -5.97127E-06 5.25318E-01 
7.90998E+01 4.44997E-01  -6.14798E-06 5.20272E-01 
7.91998E+01 4.39997E-01  -6.33483E-06 5.15293E-01 
7.92998E+01 4.34997E-01  -6.52586E-06 5.10302E-01 
7.93998E+01 4.29997E-01  -6.72887E-06 5.05281E-01 
7.94998E+01 4.24997E-01  -6.94078E-06 5.00276E-01 
7.95998E+01 4.19997E-01  -7.16553E-06 4.95262E-01 
7.96998E+01 4.14997E-01  -7.39483E-06 4.90280E-01 
7.97998E+01 4.09997E-01  -7.63599E-06 4.85279E-01 
7.98998E+01 4.04997E-01  -7.88929E-06 4.80273E-01 
7.99998E+01 3.99997E-01  -8.15398E-06 4.75295E-01 
8.00998E+01 3.94997E-01  -8.42969E-06 4.70266E-01 
8.01998E+01 3.89997E-01  -8.72047E-06 4.65277E-01 
8.02998E+01 3.84997E-01  -9.02616E-06 4.60273E-01 
8.03998E+01 3.79997E-01  -9.34409E-06 4.55252E-01 
8.04998E+01 3.74997E-01  -9.67403E-06 4.50245E-01 
8.05998E+01 3.69997E-01  -1.00159E-05 4.45226E-01 
8.06998E+01 3.64997E-01  -1.03770E-05 4.40243E-01 
8.07998E+01 3.59997E-01  -1.07417E-05 4.35259E-01 
8.08998E+01 3.54997E-01  -1.11186E-05 4.30222E-01 
8.09998E+01 3.49997E-01  -1.15172E-05 4.25209E-01 
8.10998E+01 3.44997E-01  -1.19349E-05 4.20222E-01 
8.11998E+01 3.39997E-01  -1.23751E-05 4.15239E-01 
8.12998E+01 3.34997E-01  -1.28342E-05 4.10197E-01 
8.13998E+01 3.29997E-01  -1.33138E-05 4.05223E-01 
8.14998E+01 3.24997E-01  -1.38082E-05 4.00207E-01 
8.15998E+01 3.19997E-01  -1.43246E-05 3.95223E-01 
8.16998E+01 3.14997E-01  -1.48312E-05 3.90214E-01 
8.17998E+01 3.09997E-01  -1.53860E-05 3.85215E-01 
8.18998E+01 3.04997E-01  -1.59644E-05 3.80219E-01 
8.19998E+01 2.99997E-01  -1.65614E-05 3.75225E-01 
8.20998E+01 2.94997E-01  -1.71897E-05 3.70229E-01 
8.21998E+01 2.89997E-01  -1.77854E-05 3.65207E-01 
8.22998E+01 2.84997E-01  -1.83885E-05 3.60205E-01 
8.23998E+01 2.79997E-01  -1.89662E-05 3.55214E-01 
8.24998E+01 2.74997E-01  -1.95640E-05 3.50198E-01 
8.25998E+01 2.69997E-01  -2.02096E-05 3.45187E-01 
8.26998E+01 2.64997E-01  -2.08521E-05 3.40224E-01 
8.27998E+01 2.59997E-01  -2.15146E-05 3.35218E-01 
8.28998E+01 2.54997E-01  -2.21494E-05 3.30194E-01 
8.29998E+01 2.49997E-01  -2.28169E-05 3.25196E-01 
8.30998E+01 2.44997E-01  -2.34863E-05 3.20188E-01 
8.31998E+01 2.39997E-01  -2.41739E-05 3.15198E-01 
8.32998E+01 2.34997E-01  -2.48732E-05 3.10209E-01 
8.33998E+01 2.29997E-01  -2.55905E-05 3.05184E-01 
8.34998E+01 2.24997E-01  -2.63065E-05 3.00182E-01 
8.35998E+01 2.19997E-01  -2.70220E-05 2.95163E-01 
8.36998E+01 2.14997E-01  -2.77838E-05 2.90164E-01 
8.37998E+01 2.09997E-01  -2.84818E-05 2.85163E-01 
8.38998E+01 2.04997E-01  -2.91858E-05 2.80183E-01 
8.39998E+01 1.99997E-01  -2.99078E-05 2.75164E-01 
8.40998E+01 1.94998E-01  -3.06276E-05 2.70144E-01 
8.41998E+01 1.89998E-01  -3.13211E-05 2.65164E-01 
8.42998E+01 1.84998E-01  -3.20187E-05 2.60155E-01 
8.43998E+01 1.79998E-01  -3.27242E-05 2.55153E-01 
8.44998E+01 1.74998E-01  -3.34475E-05 2.50134E-01 
8.45998E+01 1.69998E-01  -3.41520E-05 2.45163E-01 
8.46998E+01 1.64998E-01  -3.48464E-05 2.40144E-01 
8.47998E+01 1.59998E-01  -3.55171E-05 2.35129E-01 
8.48998E+01 1.54998E-01  -3.61938E-05 2.30113E-01 
8.49998E+01 1.49998E-01  -3.68776E-05 2.25121E-01 
8.50998E+01 1.44998E-01  -3.75398E-05 2.20119E-01 
8.51998E+01 1.39998E-01  -3.81859E-05 2.15128E-01 
8.52998E+01 1.34998E-01  -3.89221E-05 2.10109E-01 
8.53998E+01 1.29998E-01  -3.94671E-05 2.05119E-01 
8.54998E+01 1.24998E-01  -3.99566E-05 2.00156E-01 
8.55998E+01 1.19998E-01  -4.04093E-05 1.95118E-01 
8.56998E+01 1.14998E-01  -4.08904E-05 1.90124E-01 
8.57998E+01 1.09998E-01  -4.14095E-05 1.85132E-01 
8.58998E+01 1.04998E-01  -4.19531E-05 1.80122E-01 
8.59998E+01 9.99977E-02  -4.25240E-05 1.75112E-01 
8.60998E+01 9.49978E-02  -4.31034E-05 1.70114E-01 
8.61998E+01 8.99978E-02  -4.36828E-05 1.65099E-01 
8.62998E+01 8.49978E-02  -4.42691E-05 1.60110E-01 
8.63998E+01 7.99978E-02  -4.48612E-05 1.55089E-01 
8.64998E+01 7.49978E-02  -4.54177E-05 1.50074E-01 
8.65998E+01 6.99978E-02  -4.59641E-05 1.45085E-01 
8.66998E+01 6.49978E-02  -4.65105E-05 1.40071E-01 
8.67998E+01 5.99978E-02  -4.70309E-05 1.35072E-01 
8.68998E+01 5.49979E-02  -4.75584E-05 1.30060E-01 
8.69998E+01 4.99979E-02  -4.80827E-05 1.25082E-01 
8.70998E+01 4.49979E-02  -4.86187E-05 1.20081E-01 
8.71998E+01 3.99979E-02  -4.91036E-05 1.15056E-01 
8.72998E+01 3.49979E-02  -4.95571E-05 1.10057E-01 
8.73998E+01 2.99979E-02  -4.99706E-05 1.05098E-01 
8.74998E+01 2.49979E-02  -5.03903E-05 1.00093E-01 
8.75998E+01 1.99979E-02  -5.07662E-05 9.50600E-02 
8.76998E+01 1.49980E-02  -5.11203E-05 9.00454E-02 
8.77998E+01 9.99797E-03  -5.15630E-05 8.50688E-02 
8.78998E+01 4.99799E-03  -5.18617E-05 8.00573E-02 
8.79998E+01 -2.00000E-06 -5.21455E-05 7.50426E-02 
8.80998E+01 -5.00199E-03 -5.24428E-05 7.00529E-02 
8.81998E+01 -1.00020E-02 -5.26770E-05 6.50670E-02 
8.82998E+01 -1.50020E-02 -5.29304E-05 6.00592E-02 
8.83998E+01 -2.00020E-02 -5.31580E-05 5.50689E-02 
8.84998E+01 -2.50019E-02 -5.33676E-05 5.00605E-02 
8.85998E+01 -3.00019E-02 -5.35882E-05 4.50596E-02 
8.86998E+01 -3.50019E-02 -5.37934E-05 4.00624E-02 
8.87998E+01 -4.00019E-02 -5.39964E-05 3.50571E-02 
8.88998E+01 -4.50019E-02 -5.42437E-05 3.00369E-02 
8.89998E+01 -5.00019E-02 -5.44456E-05 2.50522E-02 
8.90998E+01 -5.50019E-02 -5.46849E-05 2.00687E-02 
8.91998E+01 -6.00019E-02 -5.49514E-05 1.50328E-02 
8.92998E+01 -6.50018E-02 -5.51704E-05 1.00338E-02 
8.93998E+01 -7.00018E-02 -5.54031E-05 5.02348E-03 
8.94998E+01 -7.50018E-02 -5.56400E-05 3.13399E-05 
8.95998E+01 -8.00018E-02 -5.59012E-05 -4.96526E-03
8.96998E+01 -8.50018E-02 -5.61677E-05 -9.96927E-03
8.97998E+01 -9.00018E-02 -5.64321E-05 -1.49833E-02
8.98998E+01 -9.50018E-02 -5.67090E-05 -2.00017E-02
8.99998E+01 -1.00002E-01 -5.70037E-05 -2.49883E-02
9.00998E+01 -1.05002E-01 -5.72701E-05 -2.99904E-02
9.01998E+01 -1.10002E-01 -5.76049E-05 -3.50157E-02
9.02998E+01 -1.15002E-01 -5.78960E-05 -4.00147E-02
9.03998E+01 -1.20002E-01 -5.82087E-05 -4.50082E-02
9.04998E+01 -1.25002E-01 -5.85283E-05 -5.00066E-02
9.05998E+01 -1.30002E-01 -5.88838E-05 -5.50356E-02
9.06998E+01 -1.35002E-01 -5.92410E-05 -6.00403E-02
9.07998E+01 -1.40002E-01 -5.96502E-05 -6.50362E-02
9.08998E+01 -1.45002E-01 -5.98921E-05 -7.00328E-02
9.09998E+01 -1.50002E-01 -6.02691E-05 -7.50250E-02
9.10998E+01 -1.55002E-01 -6.06529E-05 -8.00515E-02
9.11998E+01 -1.60002E-01 -6.10810E-05 -8.50224E-02
9.12998E+01 -1.65002E-01 -6.15365E-05 -9.00321E-02
9.13998E+01 -1.70002E-01 -6.19983E-05 -9.50368E-02
9.14998E+01 -1.75002E-01 -6.24755E-05 -1.00047E-01
9.15998E+01 -1.80002E-01 -6.29723E-05 -1.05052E-01
9.16998E+01 -1.85002E-01 -6.35179E-05 -1.10025E-01
9.17998E+01 -1.90002E-01 -6.41326E-05 -1.15011E-01
9.18998E+01 -1.95002E-01 -6.48169E-05 -1.20024E-01
9.19998E+01 -2.00002E-01 -6.56168E-05 -1.25054E-01
9.20998E+01 -2.05001E-01 -6.65318E-05 -1.30045E-01
9.21998E+01 -2.10001E-01 -6.75897E-05 -1.35046E-01
9.22998E+01 -2.15001E-01 -6.87775E-05 -1.40053E-01
9.23998E+01 -2.20001E-01 -7.00995E-05 -1.45045E-01
9.24998E+01 -2.25001E-01 -7.15464E-05 -1.50027E-01
9.25998E+01 -2.30001E-01 -7.30903E-05 -1.55034E-01
9.26998E+01 -2.35001E-01 -7.46858E-05 -1.60045E-01
9.27998E+01 -2.40001E-01 -7.63068E-05 -1.65061E-01
9.28998E+01 -2.45001E-01 -7.79144E-05 -1.70077E-01
9.29998E+01 -2.50001E-01 -7.95337E-05 -1.75073E-01
9.30998E+01 -2.55001E-01 -8.11839E-05 -1.80073E-01
9.31998E+01 -2.60001E-01 -8.28225E-05 -1.85088E-01
9.32998E+01 -2.65001E-01 -8.44523E-05 -1.90076E-01
9.33998E+01 -2.70001E-01 -8.60859E-05 -1.95068E-01
9.34998E+01 -2.75001E-01 -8.76948E-05 -2.00088E-01
9.35998E+01 -2.80001E-01 -8.93187E-05 -2.05094E-01
9.36998E+01 -2.85001E-01 -9.09580E-05 -2.10095E-01
9.37998E+01 -2.90001E-01 -9.25917E-05 -2.15097E-01
9.38998E+01 -2.95001E-01 -9.42339E-05 -2.20098E-01
9.39998E+01 -3.00001E-01 -9.58735E-05 -2.25091E-01
9.40998E+01 -3.05001E-01 -9.75032E-05 -2.30077E-01
9.41998E+01 -3.10001E-01 -9.91058E-05 -2.35088E-01
9.42998E+01 -3.15001E-01 -1.00711E-04 -2.40108E-01
9.43998E+01 -3.20001E-01 -1.02274E-04 -2.45117E-01
9.44998E+01 -3.25001E-01 -1.03818E-04 -2.50108E-01
9.45998E+01 -3.30001E-01 -1.05330E-04 -2.55120E-01
9.46998E+01 -3.35001E-01 -1.06841E-04 -2.60123E-01
9.47998E+01 -3.40001E-01 -1.08319E-04 -2.65114E-01
9.48998E+01 -3.45001E-01 -1.09762E-04 -2.70110E-01
9.49998E+01 -3.50001E-01 -1.11170E-04 -2.75104E-01
9.50998E+01 -3.55001E-01 -1.12559E-04 -2.80141E-01
9.51998E+01 -3.60001E-01 -1.13917E-04 -2.85129E-01
9.52998E+01 -3.65001E-01 -1.15219E-04 -2.90101E-01
9.53998E+01 -3.70001E-01 -1.16469E-04 -2.95135E-01
9.54998E+01 -3.75001E-01 -1.17720E-04 -3.00137E-01
9.55998E+01 -3.80001E-01 -1.18942E-04 -3.05133E-01
9.56998E+01 -3.85001E-01 -1.20115E-04 -3.10123E-01
9.57998E+01 -3.90001E-01 -1.21259E-04 -3.15112E-01
9.58998E+01 -3.95001E-01 -1.22388E-04 -3.20129E-01
9.59998E+01 -4.00001E-01 -1.23455E-04 -3.25163E-01
9.60998E+01 -4.05001E-01 -1.24504E-04 -3.30156E-01
9.61998E+01 -4.10001E-01 -1.25546E-04 -3.35170E-01
9.62998E+01 -4.15001E-01 -1.26558E-04 -3.40174E-01
9.63998E+01 -4.20001E-01 -1.27549E-04 -3.45178E-01
9.64998E+01 -4.25001E-01 -1.28492E-04 -3.50169E-01
9.65998E+01 -4.30001E-01 -1.29420E-04 -3.55206E-01
9.66998E+01 -4.35001E-01 -1.30351E-04 -3.60190E-01
9.67998E+01 -4.40001E-01 -1.31130E-04 -3.65181E-01
9.68998E+01 -4.45001E-01 -1.31996E-04 -3.70182E-01
9.69998E+01 -4.50001E-01 -1.32840E-04 -3.75206E-01
9.70998E+01 -4.55001E-01 -1.33657E-04 -3.80177E-01
9.71998E+01 -4.60001E-01 -1.34443E-04 -3.85191E-01
9.72998E+01 -4.65001E-01 -1.35275E-04 -3.90215E-01
9.73998E+01 -4.70001E-01 -1.35991E-04 -3.95219E-01
9.74998E+01 -4.75001E-01 -1.36728E-04 -4.00201E-01
9.75998E+01 -4.80001E-01 -1.37454E-04 -4.05188E-01
9.76998E+01 -4.85001E-01 -1.38144E-04 -4.10211E-01
9.77998E+01 -4.90001E-01 -1.38818E-04 -4.15224E-01
9.78998E+01 -4.95001E-01 -1.39493E-04 -4.20204E-01
9.79998E+01 -5.00001E-01 -1.40135E-04 -4.25182E-01
9.80998E+01 -5.05001E-01 -1.40772E-04 -4.30190E-01
9.81998E+01 -5.10001E-01 -1.41438E-04 -4.35230E-01
9.82998E+01 -5.15001E-01 -1.42041E-04 -4.40195E-01
9.83998E+01 -5.20001E-01 -1.42672E-04 -4.45198E-01
9.84998E+01 -5.25001E-01 -1.43268E-04 -4.50212E-01
9.85998E+01 -5.30001E-01 -1.43807E-04 -4.55194E-01
9.86998E+01 -5.35001E-01 -1.44412E-04 -4.60199E-01
9.87998E+01 -5.40001E-01 -1.44964E-04 -4.65215E-01
9.88998E+01 -5.45001E-01 -1.45508E-04 -4.70202E-01
9.89998E+01 -5.50001E-01 -1.46057E-04 -4.75203E-01
9.90998E+01 -5.55001E-01 -1.46630E-04 -4.80207E-01
9.91998E+01 -5.60001E-01 -1.47127E-04 -4.85221E-01
9.92998E+01 -5.65001E-01 -1.47674E-04 -4.90229E-01
9.93998E+01 -5.70001E-01 -1.48247E-04 -4.95226E-01
9.94998E+01 -5.75001E-01 -1.48800E-04 -5.00214E-01
9.95998E+01 -5.80001E-01 -1.49334E-04 -5.05236E-01
9.96998E+01 -5.85001E-01 -1.49908E-04 -5.10238E-01
9.97998E+01 -5.90001E-01 -1.50410E-04 -5.15239E-01
9.98998E+01 -5.95001E-01 -1.50982E-04 -5.20255E-01
9.99997E+01 -6.00001E-01 -1.51506E-04 -5.25246E-01
1.00100E+02 -6.05000E-01 -1.52055E-04 -5.30254E-01
1.00200E+02 -6.10000E-01 -1.52573E-04 -5.35259E-01
1.00300E+02 -6.15000E-01 -1.53103E-04 -5.40227E-01
1.00400E+02 -6.20000E-01 -1.53615E-04 -5.45243E-01
1.00500E+02 -6.25000E-01 -1.54153E-04 -5.50265E-01
1.00600E+02 -6.30000E-01 -1.54712E-04 -5.55252E-01
1.00700E+02 -6.35000E-01 -1.55199E-04 -5.60256E-01
1.00800E+02 -6.40000E-01 -1.55677E-04 -5.65274E-01
1.00900E+02 -6.45000E-01 -1.56161E-04 -5.70271E-01
1.01000E+02 -6.50000E-01 -1.56676E-04 -5.75279E-01
1.01100E+02 -6.55000E-01 -1.57150E-04 -5.80281E-01
1.01200E+02 -6.60000E-01 -1.57643E-04 -5.85265E-01
1.01300E+02 -6.65000E-01 -1.58052E-04 -5.90275E-01
1.01400E+02 -6.70000E-01 -1.58415E-04 -5.95296E-01
1.01500E+02 -6.75000E-01 -1.58749E-04 -6.00289E-01
1.01600E+02 -6.80000E-01 -1.58983E-04 -6.05307E-01
1.01700E+02 -6.85000E-01 -1.59118E-04 -6.10306E-01
1.01800E+02 -6.90000E-01 -1.58991E-04 -6.15320E-01
1.01900E+02 -6.95000E-01 -1.58626E-04 -6.20313E-01
1.02000E+02 -7.00000E-01 -1.57904E-04 -6.25294E-01
1.02100E+02 -7.05000E-01 -1.56301E-04 -6.30298E-01
1.02200E+02 -7.10000E-01 -1.53244E-04 -6.35338E-01
1.02300E+02 -7.15000E-01 -1.47685E-04 -6.40307E-01
1.02400E+02 -7.20000E-01 -1.38464E-04 -6.45322E-01
1.02500E+02 -7.25000E-01 -1.26746E-04 -6.50316E-01
1.02600E+02 -7.30000E-01 -1.14386E-04 -6.55323E-01
1.02700E+02 -7.35000E-01 -1.03815E-04 -6.60345E-01
1.02800E+02 -7.40000E-01 -9.62622E-05 -6.65333E-01
1.02900E+02 -7.45000E-01 -9.05556E-05 -6.70312E-01
1.03000E+02 -7.50000E-01 -8.59902E-05 -6.75331E-01
1.03100E+02 -7.55000E-01 -8.23714E-05 -6.80350E-01
1.03200E+02 -7.60000E-01 -7.93116E-05 -6.85330E-01
1.03300E+02 -7.65000E-01 -7.65622E-05 -6.90325E-01
1.03400E+02 -7.70000E-01 -7.40760E-05 -6.95348E-01
1.03500E+02 -7.75000E-01 -7.19274E-05 -7.00363E-01
1.03600E+02 -7.80000E-01 -6.99742E-05 -7.05351E-01
1.03700E+02 -7.85000E-01 -6.80904E-05 -7.10348E-01
1.03800E+02 -7.90000E-01 -6.63624E-05 -7.15364E-01
1.03900E+02 -7.95000E-01 -6.47964E-05 -7.20355E-01
