time/s      E/V        I/A
0.00000E+00 -8.00000E-01 -7.48108E-05 -3.68209E-01
9.99997E-02 -7.95000E-01 -7.10177E-05 -3.63201E-01
1.99999E-01 -7.90000E-01 -6.75946E-05 -3.58227E-01
2.99999E-01 -7.85000E-01 -6.44936E-05 -3.53218E-01
3.99999E-01 -7.80000E-01 -6.16736E-05 -3.48199E-01
4.99999E-01 -7.75000E-01 -5.91042E-05 -3.43198E-01
5.99998E-01 -7.70000E-01 -5.67412E-05 -3.38208E-01
6.99998E-01 -7.65000E-01 -5.45614E-05 -3.33203E-01
7.99998E-01 -7.60000E-01 -5.25526E-05 -3.28204E-01
8.99998E-01 -7.55000E-01 -5.06759E-05 -3.23207E-01
9.99997E-01 -7.50000E-01 -4.89410E-05 -3.18184E-01
1.10000E+00 -7.45000E-01 -4.73171E-05 -3.13170E-01
1.20000E+00 -7.40000E-01 -4.58057E-05 -3.08198E-01
1.30000E+00 -7.35000E-01 -4.43479E-05 -3.03194E-01
1.40000E+00 -7.30000E-01 -4.29836E-05 -2.98173E-01
1.50000E+00 -7.25000E-01 -4.16975E-05 -2.93159E-01
1.60000E+00 -7.20000E-01 -4.04645E-05 -2.88159E-01
1.70000E+00 -7.15000E-01 -3.92940E-05 -2.83175E-01
1.80000E+00 -7.10000E-01 -3.81803E-05 -2.78160E-01
1.90000E+00 -7.05000E-01 -3.71120E-05 -2.73127E-01
1.99999E+00 -7.00000E-01 -3.60859E-05 -2.68146E-01
2.09999E+00 -6.95000E-01 -3.51030E-05 -2.63141E-01
2.19999E+00 -6.90000E-01 -3.41608E-05 -2.58156E-01
2.29999E+00 -6.85000E-01 -3.32681E-05 -2.53136E-01
2.39999E+00 -6.80000E-01 -3.24004E-05 -2.48135E-01
2.49999E+00 -6.75000E-01 -3.15676E-05 -2.43143E-01
2.59999E+00 -6.70000E-01 -3.07612E-05 -2.38152E-01
2.69999E+00 -6.65000E-01 -2.99900E-05 -2.33125E-01
2.79999E+00 -6.60000E-01 -2.92432E-05 -2.28120E-01
2.89999E+00 -6.55000E-01 -2.85197E-05 -2.23129E-01
2.99999E+00 -6.50000E-01 -2.78154E-05 -2.18135E-01
3.09999E+00 -6.45000E-01 -2.71212E-05 -2.13125E-01
3.19999E+00 -6.40000E-01 -2.64547E-05 -2.08115E-01
3.29999E+00 -6.35000E-01 -2.58039E-05 -2.03125E-01
3.39999E+00 -6.30000E-01 -2.51654E-05 -1.98134E-01
3.49999E+00 -6.25000E-01 -2.48037E-05 -1.93115E-01
3.59999E+00 -6.20000E-01 -2.39784E-05 -1.88116E-01
3.69999E+00 -6.15000E-01 -2.35608E-05 -1.83100E-01
3.79999E+00 -6.10000E-01 -2.28828E-05 -1.78111E-01
3.89999E+00 -6.05000E-01 -2.23336E-05 -1.73090E-01
3.99999E+00 -6.00001E-01 -2.17591E-05 -1.68102E-01
4.09999E+00 -5.95001E-01 -2.11851E-05 -1.63097E-01
4.19999E+00 -5.90001E-01 -2.06196E-05 -1.58080E-01
4.29999E+00 -5.85001E-01 -2.00772E-05 -1.53060E-01
4.39999E+00 -5.80001E-01 -1.95478E-05 -1.48073E-01
4.49999E+00 -5.75001E-01 -1.90271E-05 -1.43077E-01
4.59999E+00 -5.70001E-01 -1.85187E-05 -1.38073E-01
4.69999E+00 -5.65001E-01 -1.80182E-05 -1.33064E-01
4.79999E+00 -5.60001E-01 -1.75269E-05 -1.28035E-01
4.89999E+00 -5.55001E-01 -1.70411E-05 -1.23066E-01
4.99999E+00 -5.50001E-01 -1.65583E-05 -1.18055E-01
5.09999E+00 -5.45001E-01 -1.60862E-05 -1.13047E-01
5.19999E+00 -5.40001E-01 -1.56171E-05 -1.08053E-01
5.29999E+00 -5.35001E-01 -1.51532E-05 -1.03052E-01
5.39999E+00 -5.30001E-01 -1.46953E-05 -9.80565E-02
5.49999E+00 -5.25001E-01 -1.42443E-05 -9.30262E-02
5.59999E+00 -5.20001E-01 -1.37929E-05 -8.80228E-02
5.69999E+00 -5.15001E-01 -1.33561E-05 -8.30506E-02
5.79999E+00 -5.10001E-01 -1.29238E-05 -7.80422E-02
5.89999E+00 -5.05001E-01 -1.24926E-05 -7.30232E-02
5.99998E+00 -5.00001E-01 -1.20654E-05 -6.80510E-02
6.09998E+00 -4.95001E-01 -1.16426E-05 -6.30345E-02
6.19998E+00 -4.90001E-01 -1.12253E-05 -5.80323E-02
6.29998E+00 -4.85001E-01 -1.08137E-05 -5.30352E-02
6.39998E+00 -4.80001E-01 -1.04103E-05 -4.80136E-02
6.49998E+00 -4.75001E-01 -1.00083E-05 -4.30295E-02
6.59998E+00 -4.70001E-01 -9.61258E-06 -3.80286E-02
6.69998E+00 -4.65001E-01 -9.22210E-06 -3.30358E-02
6.79998E+00 -4.60001E-01 -8.84264E-06 -2.79987E-02
6.89998E+00 -4.55001E-01 -8.46058E-06 -2.30271E-02
6.99998E+00 -4.50001E-01 -8.08492E-06 -1.80431E-02
7.09998E+00 -4.45001E-01 -7.71529E-06 -1.30241E-02
7.19998E+00 -4.40001E-01 -7.35297E-06 -8.02373E-03
7.29998E+00 -4.35001E-01 -7.00094E-06 -3.01221E-03
7.39998E+00 -4.30001E-01 -6.63118E-06 1.99807E-03 
7.49998E+00 -4.25001E-01 -6.27281E-06 6.95654E-03 
7.59998E+00 -4.20001E-01 -5.91155E-06 1.19743E-02 
7.69998E+00 -4.15001E-01 -5.54804E-06 1.69846E-02 
7.79998E+00 -4.10001E-01 -5.18523E-06 2.20024E-02 
7.89998E+00 -4.05001E-01 -4.82271E-06 2.69765E-02 
7.99998E+00 -4.00001E-01 -4.45395E-06 3.19755E-02 
8.09998E+00 -3.95001E-01 -4.08014E-06 3.69820E-02 
8.19998E+00 -3.90001E-01 -3.70251E-06 4.20048E-02 
8.29998E+00 -3.85001E-01 -3.31633E-06 4.69876E-02 
8.39998E+00 -3.80001E-01 -2.92512E-06 5.19929E-02 
8.49998E+00 -3.75001E-01 -2.56146E-06 5.70026E-02 
8.59998E+00 -3.70001E-01 -2.15511E-06 6.20185E-02 
8.69998E+00 -3.65001E-01 -1.74784E-06 6.70013E-02 
8.79998E+00 -3.60001E-01 -1.33395E-06 7.20141E-02 
8.89998E+00 -3.55001E-01 -9.17602E-07 7.70269E-02 
8.99998E+00 -3.50001E-01 -5.00227E-07 8.20228E-02 
9.09998E+00 -3.45001E-01 -7.97281E-08 8.70187E-02 
9.19998E+00 -3.40001E-01 3.40803E-07  9.20028E-02 
9.29998E+00 -3.35001E-01 7.65684E-07  9.70274E-02 
9.39998E+00 -3.30001E-01 1.19187E-06  1.02033E-01 
9.49998E+00 -3.25001E-01 1.62707E-06  1.07029E-01 
9.59998E+00 -3.20001E-01 2.06676E-06  1.12021E-01 
9.69998E+00 -3.15001E-01 2.51834E-06  1.17038E-01 
9.79998E+00 -3.10001E-01 2.97699E-06  1.22036E-01 
9.89998E+00 -3.05001E-01 3.44354E-06  1.27042E-01 
9.99997E+00 -3.00001E-01 3.92225E-06  1.32040E-01 
1.01000E+01 -2.95001E-01 4.40579E-06  1.37038E-01 
1.02000E+01 -2.90001E-01 4.89200E-06  1.42039E-01 
1.03000E+01 -2.85001E-01 5.37923E-06  1.47065E-01 
1.04000E+01 -2.80001E-01 5.87277E-06  1.52059E-01 
1.05000E+01 -2.75001E-01 6.36700E-06  1.57054E-01 
1.06000E+01 -2.70001E-01 6.86317E-06  1.62086E-01 
1.07000E+01 -2.65001E-01 7.35390E-06  1.67052E-01 
1.08000E+01 -2.60001E-01 7.85196E-06  1.72084E-01 
1.09000E+01 -2.55001E-01 8.34263E-06  1.77102E-01 
1.10000E+01 -2.50001E-01 8.84494E-06  1.82089E-01 
1.11000E+01 -2.45001E-01 9.33759E-06  1.87083E-01 
1.12000E+01 -2.40001E-01 9.83954E-06  1.92066E-01 
1.13000E+01 -2.35001E-01 1.03455E-05  1.97103E-01 
1.14000E+01 -2.30001E-01 1.08464E-05  2.02097E-01 
1.15000E+01 -2.25001E-01 1.13479E-05  2.07090E-01 
1.16000E+01 -2.20001E-01 1.18400E-05  2.12097E-01 
1.17000E+01 -2.15001E-01 1.23118E-05  2.17109E-01 
1.18000E+01 -2.10001E-01 1.27844E-05  2.22112E-01 
1.19000E+01 -2.05001E-01 1.32530E-05  2.27096E-01 
1.20000E+01 -2.00002E-01 1.37324E-05  2.32110E-01 
1.21000E+01 -1.95002E-01 1.42321E-05  2.37096E-01 
1.22000E+01 -1.90002E-01 1.47688E-05  2.42115E-01 
1.23000E+01 -1.85002E-01 1.53590E-05  2.47096E-01 
1.24000E+01 -1.80002E-01 1.60152E-05  2.52097E-01 
1.25000E+01 -1.75002E-01 1.67538E-05  2.57102E-01 
1.26000E+01 -1.70002E-01 1.75571E-05  2.62106E-01 
1.27000E+01 -1.65002E-01 1.84035E-05  2.67111E-01 
1.28000E+01 -1.60002E-01 1.92878E-05  2.72125E-01 
1.29000E+01 -1.55002E-01 2.02172E-05  2.77137E-01 
1.30000E+01 -1.50002E-01 2.11593E-05  2.82140E-01 
1.31000E+01 -1.45002E-01 2.21507E-05  2.87136E-01 
1.32000E+01 -1.40002E-01 2.30741E-05  2.92128E-01 
1.33000E+01 -1.35002E-01 2.39797E-05  2.97117E-01 
1.34000E+01 -1.30002E-01 2.47964E-05  3.02150E-01 
1.35000E+01 -1.25002E-01 2.54704E-05  3.07151E-01 
1.36000E+01 -1.20002E-01 2.60090E-05  3.12158E-01 
1.37000E+01 -1.15002E-01 2.63938E-05  3.17165E-01 
1.38000E+01 -1.10002E-01 2.65866E-05  3.22133E-01 
1.39000E+01 -1.05002E-01 2.65409E-05  3.27154E-01 
1.40000E+01 -1.00002E-01 2.62572E-05  3.32172E-01 
1.41000E+01 -9.50018E-02 2.57562E-05  3.37172E-01 
1.42000E+01 -9.00018E-02 2.50229E-05  3.42179E-01 
1.43000E+01 -8.50018E-02 2.40695E-05  3.47181E-01 
1.44000E+01 -8.00018E-02 2.29286E-05  3.52190E-01 
1.45000E+01 -7.50018E-02 2.16516E-05  3.57187E-01 
1.46000E+01 -7.00018E-02 2.03141E-05  3.62188E-01 
1.47000E+01 -6.50018E-02 1.89779E-05  3.67170E-01 
1.48000E+01 -6.00019E-02 1.77316E-05  3.72196E-01 
1.49000E+01 -5.50019E-02 1.65998E-05  3.77215E-01 
1.50000E+01 -5.00019E-02 1.56442E-05  3.82210E-01 
1.51000E+01 -4.50019E-02 1.48589E-05  3.87203E-01 
1.52000E+01 -4.00019E-02 1.42218E-05  3.92217E-01 
1.53000E+01 -3.50019E-02 1.37083E-05  3.97237E-01 
1.54000E+01 -3.00019E-02 1.32889E-05  4.02204E-01 
1.55000E+01 -2.50019E-02 1.29564E-05  4.07204E-01 
1.56000E+01 -2.00020E-02 1.26938E-05  4.12222E-01 
1.57000E+01 -1.50020E-02 1.24899E-05  4.17234E-01 
1.58000E+01 -1.00020E-02 1.23303E-05  4.22213E-01 
1.59000E+01 -5.00199E-03 1.22153E-05  4.27232E-01 
1.60000E+01 -2.00000E-06 1.21312E-05  4.32225E-01 
1.61000E+01 4.99799E-03  1.20788E-05  4.37239E-01 
1.62000E+01 9.99797E-03  1.20524E-05  4.42212E-01 
1.63000E+01 1.49980E-02  1.20570E-05  4.47237E-01 
1.64000E+01 1.99979E-02  1.20825E-05  4.52229E-01 
1.65000E+01 2.49979E-02  1.21312E-05  4.57242E-01 
1.66000E+01 2.99979E-02  1.22071E-05  4.62251E-01 
1.67000E+01 3.49979E-02  1.23007E-05  4.67250E-01 
1.68000E+01 3.99979E-02  1.24168E-05  4.72245E-01 
1.69000E+01 4.49979E-02  1.25545E-05  4.77264E-01 
1.70000E+01 4.99979E-02  1.27126E-05  4.82260E-01 
1.71000E+01 5.49979E-02  1.28932E-05  4.87277E-01 
1.72000E+01 5.99978E-02  1.30948E-05  4.92286E-01 
1.73000E+01 6.49978E-02  1.33141E-05  4.97274E-01 
1.74000E+01 6.99978E-02  1.35598E-05  5.02252E-01 
1.75000E+01 7.49978E-02  1.38281E-05  5.07263E-01 
1.76000E+01 7.99978E-02  1.41206E-05  5.12306E-01 
1.77000E+01 8.49978E-02  1.44379E-05  5.17275E-01 
1.78000E+01 8.99978E-02  1.47851E-05  5.22279E-01 
1.79000E+01 9.49978E-02  1.51594E-05  5.27291E-01 
1.80000E+01 9.99977E-02  1.55674E-05  5.32295E-01 
1.81000E+01 1.04998E-01  1.60122E-05  5.37286E-01 
1.82000E+01 1.09998E-01  1.64939E-05  5.42272E-01 
1.83000E+01 1.14998E-01  1.70167E-05  5.47294E-01 
1.84000E+01 1.19998E-01  1.75821E-05  5.52318E-01 
1.85000E+01 1.24998E-01  1.81947E-05  5.57321E-01 
1.86000E+01 1.29998E-01  1.88559E-05  5.62300E-01 
1.87000E+01 1.34998E-01  1.95706E-05  5.67312E-01 
1.88000E+01 1.39998E-01  2.03383E-05  5.72309E-01 
1.89000E+01 1.44998E-01  2.11713E-05  5.77311E-01 
1.90000E+01 1.49998E-01  2.20644E-05  5.82315E-01 
1.91000E+01 1.54998E-01  2.30240E-05  5.87324E-01 
1.92000E+01 1.59998E-01  2.40493E-05  5.92329E-01 
1.93000E+01 1.64998E-01  2.51440E-05  5.97319E-01 
1.94000E+01 1.69998E-01  2.63079E-05  6.02302E-01 
1.95000E+01 1.74998E-01  2.75442E-05  6.07324E-01 
1.96000E+01 1.79998E-01  2.88440E-05  6.12334E-01 
1.97000E+01 1.84998E-01  3.02185E-05  6.17350E-01 
1.98000E+01 1.89998E-01  3.16509E-05  6.22320E-01 
1.99000E+01 1.94998E-01  3.31372E-05  6.27329E-01 
1.99999E+01 1.99997E-01  3.46937E-05  6.32337E-01 
2.00999E+01 2.04997E-01  3.63033E-05  6.37377E-01 
2.01999E+01 2.09997E-01  3.79598E-05  6.42351E-01 
2.02999E+01 2.14997E-01  3.96601E-05  6.47342E-01 
2.03999E+01 2.19997E-01  4.13999E-05  6.52366E-01 
2.04999E+01 2.24997E-01  4.31637E-05  6.57369E-01 
2.05999E+01 2.29997E-01  4.49550E-05  6.62367E-01 
2.06999E+01 2.34997E-01  4.67590E-05  6.67380E-01 
2.07999E+01 2.39997E-01  4.85625E-05  6.72381E-01 
2.08999E+01 2.44997E-01  5.03645E-05  6.77406E-01 
2.09999E+01 2.49997E-01  5.21449E-05  6.82397E-01 
2.10999E+01 2.54997E-01  5.39189E-05  6.87393E-01 
2.11999E+01 2.59997E-01  5.56643E-05  6.92384E-01 
2.12999E+01 2.64997E-01  5.73746E-05  6.97382E-01 
2.13999E+01 2.69997E-01  5.90387E-05  7.02380E-01 
2.14999E+01 2.74997E-01  6.06414E-05  7.07388E-01 
2.15999E+01 2.79997E-01  6.21667E-05  7.12393E-01 
2.16999E+01 2.84997E-01  6.36024E-05  7.17392E-01 
2.17999E+01 2.89997E-01  6.49272E-05  7.22401E-01 
2.18999E+01 2.94997E-01  6.61135E-05  7.27407E-01 
2.19999E+01 2.99997E-01  6.71496E-05  7.32404E-01 
2.20999E+01 3.04997E-01  6.80132E-05  7.37422E-01 
2.21999E+01 3.09997E-01  6.86653E-05  7.42429E-01 
2.22999E+01 3.14997E-01  6.90914E-05  7.47407E-01 
2.23999E+01 3.19997E-01  6.92640E-05  7.52394E-01 
2.24999E+01 3.24997E-01  6.91625E-05  7.57425E-01 
2.25999E+01 3.29997E-01  6.87692E-05  7.62448E-01 
2.26999E+01 3.34997E-01  6.80680E-05  7.67435E-01 
2.27999E+01 3.39997E-01  6.70491E-05  7.72429E-01 
2.28999E+01 3.44997E-01  6.57374E-05  7.77427E-01 
2.29999E+01 3.49997E-01  6.41377E-05  7.82444E-01 
2.30999E+01 3.54997E-01  6.23226E-05  7.87453E-01 
2.31999E+01 3.59997E-01  6.03190E-05  7.92446E-01 
2.32999E+01 3.64997E-01  5.81884E-05  7.97449E-01 
2.33999E+01 3.69997E-01  5.60141E-05  8.02447E-01 
2.34999E+01 3.74997E-01  5.38600E-05  8.07438E-01 
2.35999E+01 3.79997E-01  5.17967E-05  8.12465E-01 
2.36999E+01 3.84997E-01  4.99019E-05  8.17469E-01 
2.37999E+01 3.89997E-01  4.83750E-05  8.22441E-01 
2.38999E+01 3.94997E-01  4.68075E-05  8.27450E-01 
2.39999E+01 3.99997E-01  4.54912E-05  8.32471E-01 
2.40999E+01 4.04997E-01  4.44426E-05  8.37481E-01 
2.41999E+01 4.09997E-01  4.36385E-05  8.42469E-01 
2.42999E+01 4.14997E-01  4.30644E-05  8.47475E-01 
2.43999E+01 4.19997E-01  4.26790E-05  8.52476E-01 
2.44999E+01 4.24997E-01  4.24314E-05  8.57469E-01 
2.45999E+01 4.29997E-01  4.22898E-05  8.62475E-01 
2.46999E+01 4.34997E-01  4.22356E-05  8.67458E-01 
2.47999E+01 4.39997E-01  4.22078E-05  8.72472E-01 
2.48999E+01 4.44997E-01  4.22126E-05  8.77486E-01 
2.49999E+01 4.49997E-01  4.22607E-05  8.82479E-01 
2.50999E+01 4.54997E-01  4.23294E-05  8.87477E-01 
2.51999E+01 4.59997E-01  4.24148E-05  8.92506E-01 
2.52999E+01 4.64997E-01  4.25160E-05  8.97514E-01 
2.53999E+01 4.69997E-01  4.26279E-05  9.02508E-01 
2.54999E+01 4.74997E-01  4.27447E-05  9.07496E-01 
2.55999E+01 4.79997E-01  4.28664E-05  9.12493E-01 
2.56999E+01 4.84997E-01  4.29821E-05  9.17514E-01 
2.57999E+01 4.89997E-01  4.30895E-05  9.22507E-01 
2.58999E+01 4.94997E-01  4.31952E-05  9.27483E-01 
2.59999E+01 4.99997E-01  4.33009E-05  9.32509E-01 
2.60999E+01 5.04997E-01  4.34005E-05  9.37502E-01 
2.61999E+01 5.09997E-01  4.34904E-05  9.42524E-01 
2.62999E+01 5.14997E-01  4.35727E-05  9.47543E-01 
2.63999E+01 5.19997E-01  4.36478E-05  9.52535E-01 
2.64999E+01 5.24997E-01  4.36872E-05  9.57528E-01 
2.65999E+01 5.29997E-01  4.37081E-05  9.62552E-01 
2.66999E+01 5.34997E-01  4.37176E-05  9.67561E-01 
2.67999E+01 5.39997E-01  4.37075E-05  9.72560E-01 
2.68999E+01 5.44997E-01  4.36863E-05  9.77553E-01 
2.69999E+01 5.49997E-01  4.36341E-05  9.82549E-01 
2.70999E+01 5.54997E-01  4.35420E-05  9.87558E-01 
2.71999E+01 5.59997E-01  4.34361E-05  9.92568E-01 
2.72999E+01 5.64997E-01  4.33232E-05  9.97553E-01 
2.73999E+01 5.69997E-01  4.32079E-05  1.00253E+00 
2.74999E+01 5.74997E-01  4.30969E-05  1.00757E+00 
2.75999E+01 5.79997E-01  4.30237E-05  1.01258E+00 
2.76999E+01 5.84997E-01  4.29817E-05  1.01757E+00 
2.77999E+01 5.89997E-01  4.29691E-05  1.02257E+00 
2.78999E+01 5.94997E-01  4.29628E-05  1.02757E+00 
2.79999E+01 5.99996E-01  4.29519E-05  1.03258E+00 
2.80999E+01 6.04996E-01  4.29328E-05  1.03756E+00 
2.81999E+01 6.09996E-01  4.29014E-05  1.04255E+00 
2.82999E+01 6.14996E-01  4.28523E-05  1.04758E+00 
2.83999E+01 6.19996E-01  4.29009E-05  1.05257E+00 
2.84999E+01 6.24996E-01  4.27138E-05  1.05756E+00 
2.85999E+01 6.29996E-01  4.26234E-05  1.06256E+00 
2.86999E+01 6.34996E-01  4.25215E-05  1.06757E+00 
2.87999E+01 6.39996E-01  4.24053E-05  1.07257E+00 
2.88999E+01 6.44996E-01  4.22734E-05  1.07757E+00 
2.89999E+01 6.49996E-01  4.21533E-05  1.08256E+00 
2.90999E+01 6.54996E-01  4.20327E-05  1.08758E+00 
2.91999E+01 6.59996E-01  4.19120E-05  1.09259E+00 
2.92999E+01 6.64996E-01  4.18184E-05  1.09758E+00 
2.93999E+01 6.69996E-01  4.17326E-05  1.10261E+00 
2.94999E+01 6.74996E-01  4.17013E-05  1.10762E+00 
2.95999E+01 6.79996E-01  4.14621E-05  1.11261E+00 
2.96999E+01 6.84996E-01  4.13394E-05  1.11762E+00 
2.97999E+01 6.89996E-01  4.12288E-05  1.12264E+00 
2.98999E+01 6.94996E-01  4.11253E-05  1.12763E+00 
2.99999E+01 6.99996E-01  4.09931E-05  1.13264E+00 
3.00999E+01 7.04996E-01  4.08479E-05  1.13765E+00 
3.01999E+01 7.09996E-01  4.06902E-05  1.14265E+00 
3.02999E+01 7.14996E-01  4.05040E-05  1.14767E+00 
3.03999E+01 7.19996E-01  4.02905E-05  1.15265E+00 
3.04999E+01 7.24996E-01  4.00718E-05  1.15763E+00 
3.05999E+01 7.29996E-01  3.98250E-05  1.16264E+00 
3.06999E+01 7.34996E-01  3.95648E-05  1.16767E+00 
3.07999E+01 7.39996E-01  3.93156E-05  1.17266E+00 
3.08999E+01 7.44996E-01  3.90205E-05  1.17767E+00 
3.09999E+01 7.49996E-01  3.86399E-05  1.18269E+00 
3.10999E+01 7.54996E-01  3.82941E-05  1.18768E+00 
3.11999E+01 7.59996E-01  3.79547E-05  1.19266E+00 
3.12999E+01 7.64996E-01  3.76325E-05  1.19767E+00 
3.13999E+01 7.69996E-01  3.73677E-05  1.20265E+00 
3.14999E+01 7.74996E-01  3.71591E-05  1.20767E+00 
3.15999E+01 7.79996E-01  3.69845E-05  1.21267E+00 
3.16999E+01 7.84996E-01  3.68637E-05  1.21768E+00 
3.17999E+01 7.89996E-01  3.67543E-05  1.22268E+00 
3.18999E+01 7.94996E-01  3.66906E-05  1.22771E+00 
3.19999E+01 7.99996E-01  3.66657E-05  1.23270E+00 
3.20999E+01 8.04996E-01  3.66334E-05  1.23770E+00 
3.21999E+01 8.09996E-01  3.66091E-05  1.24270E+00 
3.22999E+01 8.14996E-01  3.66134E-05  1.24770E+00 
3.23999E+01 8.19996E-01  3.66077E-05  1.25271E+00 
3.24999E+01 8.24996E-01  3.66027E-05  1.25771E+00 
3.25999E+01 8.29996E-01  3.65776E-05  1.26270E+00 
3.26999E+01 8.34996E-01  3.65497E-05  1.26772E+00 
3.27999E+01 8.39996E-01  3.65479E-05  1.27273E+00 
3.28999E+01 8.44996E-01  3.65931E-05  1.27772E+00 
3.29999E+01 8.49996E-01  3.66712E-05  1.28273E+00 
3.30999E+01 8.54996E-01  3.67443E-05  1.28774E+00 
3.31999E+01 8.59996E-01  3.69121E-05  1.29274E+00 
3.32999E+01 8.64996E-01  3.70302E-05  1.29774E+00 
3.33999E+01 8.69996E-01  3.73933E-05  1.30273E+00 
3.34999E+01 8.74996E-01  3.74562E-05  1.30773E+00 
3.35999E+01 8.79996E-01  3.76296E-05  1.31273E+00 
3.36999E+01 8.84996E-01  3.78561E-05  1.31776E+00 
3.37999E+01 8.89996E-01  3.81130E-05  1.32273E+00 
3.38999E+01 8.94996E-01  3.84071E-05  1.32773E+00 
3.39999E+01 8.99996E-01  3.87693E-05  1.33274E+00 
3.40999E+01 9.04996E-01  3.91837E-05  1.33775E+00 
3.41999E+01 9.09996E-01  3.95660E-05  1.34274E+00 
3.42999E+01 9.14996E-01  3.99702E-05  1.34773E+00 
3.43999E+01 9.19996E-01  4.04391E-05  1.35274E+00 
3.44999E+01 9.24996E-01  4.10338E-05  1.35776E+00 
3.45999E+01 9.29996E-01  4.15331E-05  1.36276E+00 
3.46999E+01 9.34996E-01  4.21605E-05  1.36774E+00 
3.47999E+01 9.39996E-01  4.28393E-05  1.37275E+00 
3.48999E+01 9.44996E-01  4.37546E-05  1.37776E+00 
3.49999E+01 9.49996E-01  4.45966E-05  1.38276E+00 
3.50999E+01 9.54996E-01  4.53433E-05  1.38774E+00 
3.51999E+01 9.59996E-01  4.61890E-05  1.39276E+00 
3.52999E+01 9.64996E-01  4.71507E-05  1.39776E+00 
3.53999E+01 9.69996E-01  4.81674E-05  1.40275E+00 
3.54999E+01 9.74996E-01  4.92963E-05  1.40772E+00 
3.55999E+01 9.79996E-01  5.05247E-05  1.41273E+00 
3.56999E+01 9.84996E-01  5.16718E-05  1.41777E+00 
3.57999E+01 9.89996E-01  5.29652E-05  1.42276E+00 
3.58999E+01 9.94996E-01  5.43441E-05  1.42777E+00 
3.59999E+01 9.99995E-01  5.57949E-05  1.43278E+00 
3.60999E+01 1.00500E+00  5.73186E-05  1.43781E+00 
3.61999E+01 1.01000E+00  5.89137E-05  1.44279E+00 
3.62999E+01 1.01500E+00  6.05903E-05  1.44780E+00 
3.63999E+01 1.02000E+00  6.23480E-05  1.45281E+00 
3.64999E+01 1.02500E+00  6.41555E-05  1.45780E+00 
3.65999E+01 1.03000E+00  6.60476E-05  1.46280E+00 
3.66999E+01 1.03500E+00  6.80127E-05  1.46781E+00 
3.67999E+01 1.04000E+00  7.00488E-05  1.47283E+00 
3.68999E+01 1.04500E+00  7.21551E-05  1.47780E+00 
3.69999E+01 1.05000E+00  7.43324E-05  1.48280E+00 
3.70999E+01 1.05500E+00  7.65775E-05  1.48781E+00 
3.71999E+01 1.06000E+00  7.88816E-05  1.49283E+00 
3.72999E+01 1.06500E+00  8.12563E-05  1.49783E+00 
3.73999E+01 1.07000E+00  8.36882E-05  1.50284E+00 
3.74999E+01 1.07500E+00  8.61849E-05  1.50786E+00 
3.75999E+01 1.08000E+00  8.87448E-05  1.51287E+00 
3.76999E+01 1.08500E+00  9.13249E-05  1.51785E+00 
3.77999E+01 1.09000E+00  9.39777E-05  1.52286E+00 
3.78999E+01 1.09500E+00  9.66775E-05  1.52788E+00 
3.79999E+01 1.10000E+00  9.94194E-05  1.53288E+00 
3.80999E+01 1.10500E+00  1.02197E-04  1.53790E+00 
3.81999E+01 1.11000E+00  1.05021E-04  1.54289E+00 
3.82999E+01 1.11500E+00  1.07858E-04  1.54788E+00 
3.83999E+01 1.12000E+00  1.10734E-04  1.55288E+00 
3.84999E+01 1.12500E+00  1.13650E-04  1.55790E+00 
3.85999E+01 1.13000E+00  1.16573E-04  1.56288E+00 
3.86999E+01 1.13500E+00  1.19504E-04  1.56789E+00 
3.87999E+01 1.14000E+00  1.22438E-04  1.57289E+00 
3.88999E+01 1.14500E+00  1.25395E-04  1.57790E+00 
3.89999E+01 1.15000E+00  1.28351E-04  1.58289E+00 
3.90999E+01 1.15500E+00  1.31323E-04  1.58790E+00 
3.91999E+01 1.16000E+00  1.34274E-04  1.59287E+00 
3.92999E+01 1.16500E+00  1.37222E-04  1.59792E+00 
3.93999E+01 1.17000E+00  1.40175E-04  1.60291E+00 
3.94999E+01 1.17500E+00  1.43095E-04  1.60793E+00 
3.95999E+01 1.18000E+00  1.45993E-04  1.61293E+00 
3.96999E+01 1.18500E+00  1.48867E-04  1.61792E+00 
3.97999E+01 1.19000E+00  1.51713E-04  1.62295E+00 
3.98999E+01 1.19500E+00  1.54461E-04  1.62794E+00 
3.99999E+01 1.19999E+00  1.57246E-04  1.63294E+00 
4.00999E+01 1.20499E+00  1.59981E-04  1.63791E+00 
4.01999E+01 1.20999E+00  1.62633E-04  1.64292E+00 
4.02999E+01 1.21499E+00  1.65256E-04  1.64794E+00 
4.03999E+01 1.21999E+00  1.67833E-04  1.65293E+00 
4.04999E+01 1.22499E+00  1.70326E-04  1.65791E+00 
4.05999E+01 1.22999E+00  1.72754E-04  1.66292E+00 
4.06999E+01 1.23499E+00  1.75081E-04  1.66792E+00 
4.07999E+01 1.23999E+00  1.77289E-04  1.67292E+00 
4.08999E+01 1.24499E+00  1.79421E-04  1.67791E+00 
4.09999E+01 1.24999E+00  1.81445E-04  1.68293E+00 
4.10999E+01 1.25499E+00  1.83386E-04  1.68795E+00 
4.11999E+01 1.25999E+00  1.85187E-04  1.69293E+00 
4.12999E+01 1.26499E+00  1.86885E-04  1.69794E+00 
4.13999E+01 1.26999E+00  1.88490E-04  1.70292E+00 
4.14999E+01 1.27499E+00  1.89981E-04  1.70796E+00 
4.15999E+01 1.27999E+00  1.91396E-04  1.71293E+00 
4.16999E+01 1.28499E+00  1.92736E-04  1.71796E+00 
4.17999E+01 1.28999E+00  1.94044E-04  1.72291E+00 
4.18999E+01 1.29499E+00  1.95330E-04  1.72795E+00 
4.19999E+01 1.29999E+00  1.96615E-04  1.73296E+00 
4.20999E+01 1.30499E+00  1.97904E-04  1.73797E+00 
4.21999E+01 1.30999E+00  1.99207E-04  1.74298E+00 
4.22999E+01 1.31499E+00  2.00502E-04  1.74797E+00 
4.23999E+01 1.31999E+00  2.01824E-04  1.75299E+00 
4.24999E+01 1.32499E+00  2.03128E-04  1.75800E+00 
4.25999E+01 1.32999E+00  2.04450E-04  1.76301E+00 
4.26999E+01 1.33499E+00  2.05774E-04  1.76802E+00 
4.27999E+01 1.33999E+00  2.07077E-04  1.77300E+00 
4.28999E+01 1.34499E+00  2.08391E-04  1.77802E+00 
4.29999E+01 1.34999E+00  2.09696E-04  1.78303E+00 
4.30999E+01 1.35499E+00  2.11528E-04  1.78805E+00 
4.31999E+01 1.35999E+00  2.12861E-04  1.79306E+00 
4.32999E+01 1.36499E+00  2.14149E-04  1.79803E+00 
4.33999E+01 1.36999E+00  2.15537E-04  1.80306E+00 
4.34999E+01 1.37499E+00  2.16862E-04  1.80806E+00 
4.35999E+01 1.37999E+00  2.18211E-04  1.81306E+00 
4.36999E+01 1.38499E+00  2.19541E-04  1.81805E+00 
4.37999E+01 1.38999E+00  2.20841E-04  1.82306E+00 
4.38999E+01 1.39499E+00  2.22160E-04  1.82808E+00 
4.39999E+01 1.39999E+00  2.23466E-04  1.83307E+00 
4.40999E+01 1.40499E+00  2.24829E-04  1.83806E+00 
4.41999E+01 1.40999E+00  2.26056E-04  1.84307E+00 
4.42999E+01 1.41499E+00  2.27383E-04  1.84809E+00 
4.43999E+01 1.41999E+00  2.28705E-04  1.85306E+00 
4.44999E+01 1.42499E+00  2.29958E-04  1.85806E+00 
4.45999E+01 1.42999E+00  2.31302E-04  1.86306E+00 
4.46999E+01 1.43499E+00  2.32679E-04  1.86807E+00 
4.47999E+01 1.43999E+00  2.34060E-04  1.87304E+00 
4.48999E+01 1.44499E+00  2.35633E-04  1.87803E+00 
4.49999E+01 1.44999E+00  2.37028E-04  1.88307E+00 
4.50999E+01 1.45499E+00  2.38427E-04  1.88808E+00 
4.51999E+01 1.45999E+00  2.39870E-04  1.89307E+00 
4.52999E+01 1.46499E+00  2.41399E-04  1.89808E+00 
4.53999E+01 1.46999E+00  2.42904E-04  1.90309E+00 
4.54999E+01 1.47499E+00  2.44534E-04  1.90808E+00 
4.55999E+01 1.47999E+00  2.46157E-04  1.91309E+00 
4.56999E+01 1.48499E+00  2.47862E-04  1.91812E+00 
4.57999E+01 1.48999E+00  2.49609E-04  1.92308E+00 
4.58999E+01 1.49499E+00  2.51409E-04  1.92812E+00 
4.59999E+01 1.49999E+00  2.53236E-04  1.93313E+00 
4.60999E+01 1.50499E+00  2.55240E-04  1.93813E+00 
4.61999E+01 1.50999E+00  2.57345E-04  1.94311E+00 
4.62999E+01 1.51499E+00  2.59485E-04  1.94811E+00 
4.63999E+01 1.51999E+00  2.61757E-04  1.95313E+00 
4.64999E+01 1.52499E+00  2.64137E-04  1.95812E+00 
4.65999E+01 1.52999E+00  2.66698E-04  1.96312E+00 
4.66999E+01 1.53499E+00  2.69287E-04  1.96813E+00 
4.67999E+01 1.53999E+00  2.71873E-04  1.97313E+00 
4.68999E+01 1.54499E+00  2.74564E-04  1.97811E+00 
4.69999E+01 1.54999E+00  2.77312E-04  1.98313E+00 
4.70999E+01 1.55499E+00  2.80201E-04  1.98812E+00 
4.71999E+01 1.55999E+00  2.82996E-04  1.99314E+00 
4.72999E+01 1.56499E+00  2.85869E-04  1.99813E+00 
4.73999E+01 1.56999E+00  2.88746E-04  2.00315E+00 
4.74999E+01 1.57499E+00  2.91444E-04  2.00815E+00 
4.75999E+01 1.57999E+00  2.94195E-04  2.01315E+00 
4.76999E+01 1.58499E+00  2.97070E-04  2.01814E+00 
4.77999E+01 1.58999E+00  2.99935E-04  2.02315E+00 
4.78999E+01 1.59499E+00  3.02714E-04  2.02814E+00 
4.79999E+01 1.59999E+00  3.05462E-04  2.03314E+00 
4.80999E+01 1.60499E+00  3.07952E-04  2.03817E+00 
4.81999E+01 1.60999E+00  3.10527E-04  2.04315E+00 
4.82999E+01 1.61499E+00  3.13070E-04  2.04815E+00 
4.83999E+01 1.61999E+00  3.15563E-04  2.05317E+00 
4.84999E+01 1.62499E+00  3.18164E-04  2.05818E+00 
4.85999E+01 1.62999E+00  3.20624E-04  2.06318E+00 
4.86999E+01 1.63499E+00  3.23041E-04  2.06819E+00 
4.87999E+01 1.63999E+00  3.25397E-04  2.07320E+00 
4.88999E+01 1.64499E+00  3.27772E-04  2.07820E+00 
4.89999E+01 1.64999E+00  3.30043E-04  2.08321E+00 
4.90999E+01 1.65499E+00  3.32370E-04  2.08822E+00 
4.91999E+01 1.65999E+00  3.34712E-04  2.09322E+00 
4.92999E+01 1.66499E+00  3.36980E-04  2.09822E+00 
4.93999E+01 1.66999E+00  3.39078E-04  2.10324E+00 
4.94999E+01 1.67499E+00  3.41251E-04  2.10825E+00 
4.95999E+01 1.67999E+00  3.43388E-04  2.11324E+00 
4.96999E+01 1.68499E+00  3.45602E-04  2.11822E+00 
4.97999E+01 1.68999E+00  3.47651E-04  2.12322E+00 
4.98999E+01 1.69499E+00  3.49787E-04  2.12824E+00 
4.99999E+01 1.69999E+00  3.51853E-04  2.13324E+00 
5.00999E+01 1.70499E+00  3.53928E-04  2.13824E+00 
5.01999E+01 1.70999E+00  3.56117E-04  2.14324E+00 
5.02999E+01 1.71499E+00  3.58089E-04  2.14825E+00 
5.03999E+01 1.71999E+00  3.60275E-04  2.15325E+00 
5.04999E+01 1.72499E+00  3.62609E-04  2.15824E+00 
5.05999E+01 1.72999E+00  3.64786E-04  2.16322E+00 
5.06999E+01 1.73499E+00  3.66986E-04  2.16825E+00 
5.07999E+01 1.73999E+00  3.69188E-04  2.17326E+00 
5.08999E+01 1.74499E+00  3.71533E-04  2.17825E+00 
5.09999E+01 1.74999E+00  3.74051E-04  2.18324E+00 
5.10999E+01 1.75499E+00  3.76530E-04  2.18825E+00 
5.11999E+01 1.75999E+00  3.79196E-04  2.19328E+00 
5.12999E+01 1.76499E+00  3.81907E-04  2.19827E+00 
5.13999E+01 1.76999E+00  3.84680E-04  2.20326E+00 
5.14999E+01 1.77499E+00  3.87415E-04  2.20826E+00 
5.15999E+01 1.77999E+00  3.90396E-04  2.21328E+00 
5.16999E+01 1.78499E+00  3.93343E-04  2.21829E+00 
5.17999E+01 1.78999E+00  3.96413E-04  2.22328E+00 
5.18999E+01 1.79499E+00  3.99695E-04  2.22827E+00 
5.19999E+01 1.79999E+00  4.03104E-04  2.23328E+00 
5.20999E+01 1.79499E+00  3.99776E-04  2.22828E+00 
5.21999E+01 1.78999E+00  3.96516E-04  2.22330E+00 
5.22999E+01 1.78499E+00  3.93003E-04  2.21828E+00 
5.23999E+01 1.77999E+00  3.89694E-04  2.21328E+00 
5.24999E+01 1.77499E+00  3.86355E-04  2.20826E+00 
5.25999E+01 1.76999E+00  3.83075E-04  2.20325E+00 
5.26999E+01 1.76499E+00  3.79644E-04  2.19825E+00 
5.27999E+01 1.75999E+00  3.76229E-04  2.19328E+00 
5.28999E+01 1.75499E+00  3.72920E-04  2.18826E+00 
5.29999E+01 1.74999E+00  3.69621E-04  2.18324E+00 
5.30999E+01 1.74499E+00  3.66333E-04  2.17825E+00 
5.31999E+01 1.73999E+00  3.62937E-04  2.17325E+00 
5.32999E+01 1.73499E+00  3.59531E-04  2.16824E+00 
5.33999E+01 1.72999E+00  3.56087E-04  2.16323E+00 
5.34999E+01 1.72499E+00  3.52636E-04  2.15823E+00 
5.35999E+01 1.71999E+00  3.49090E-04  2.15324E+00 
5.36999E+01 1.71499E+00  3.45530E-04  2.14825E+00 
5.37999E+01 1.70999E+00  3.41975E-04  2.14323E+00 
5.38999E+01 1.70499E+00  3.38499E-04  2.13822E+00 
5.39999E+01 1.69999E+00  3.34992E-04  2.13323E+00 
5.40999E+01 1.69499E+00  3.31470E-04  2.12821E+00 
5.41999E+01 1.68999E+00  3.28074E-04  2.12324E+00 
5.42999E+01 1.68499E+00  3.24484E-04  2.11822E+00 
5.43999E+01 1.67999E+00  3.20959E-04  2.11325E+00 
5.44999E+01 1.67499E+00  3.17490E-04  2.10822E+00 
5.45999E+01 1.66999E+00  3.14020E-04  2.10323E+00 
5.46999E+01 1.66499E+00  3.10701E-04  2.09824E+00 
5.47999E+01 1.65999E+00  3.07331E-04  2.09324E+00 
5.48999E+01 1.65499E+00  3.03831E-04  2.08823E+00 
5.49999E+01 1.64999E+00  3.00359E-04  2.08322E+00 
5.50999E+01 1.64499E+00  2.96727E-04  2.07820E+00 
5.51999E+01 1.63999E+00  2.92854E-04  2.07319E+00 
5.52999E+01 1.63499E+00  2.88972E-04  2.06819E+00 
5.53999E+01 1.62999E+00  2.85545E-04  2.06316E+00 
5.54999E+01 1.62499E+00  2.82126E-04  2.05819E+00 
5.55999E+01 1.61999E+00  2.78760E-04  2.05319E+00 
5.56999E+01 1.61499E+00  2.75372E-04  2.04817E+00 
5.57999E+01 1.60999E+00  2.71707E-04  2.04315E+00 
5.58999E+01 1.60499E+00  2.68230E-04  2.03816E+00 
5.59999E+01 1.59999E+00  2.64785E-04  2.03315E+00 
5.60999E+01 1.59499E+00  2.61559E-04  2.02815E+00 
5.61999E+01 1.58999E+00  2.58273E-04  2.02316E+00 
5.62999E+01 1.58499E+00  2.55002E-04  2.01815E+00 
5.63999E+01 1.57999E+00  2.51629E-04  2.01315E+00 
5.64999E+01 1.57499E+00  2.48209E-04  2.00814E+00 
5.65999E+01 1.56999E+00  2.44783E-04  2.00313E+00 
5.66999E+01 1.56499E+00  2.41418E-04  1.99813E+00 
5.67999E+01 1.55999E+00  2.38203E-04  1.99313E+00 
5.68999E+01 1.55499E+00  2.35085E-04  1.98814E+00 
5.69999E+01 1.54999E+00  2.31832E-04  1.98309E+00 
5.70999E+01 1.54499E+00  2.28569E-04  1.97811E+00 
5.71999E+01 1.53999E+00  2.25360E-04  1.97313E+00 
5.72999E+01 1.53499E+00  2.22047E-04  1.96812E+00 
5.73999E+01 1.52999E+00  2.18702E-04  1.96310E+00 
5.74999E+01 1.52499E+00  2.15434E-04  1.95812E+00 
5.75999E+01 1.51999E+00  2.12211E-04  1.95313E+00 
5.76999E+01 1.51499E+00  2.09049E-04  1.94812E+00 
5.77999E+01 1.50999E+00  2.05817E-04  1.94311E+00 
5.78999E+01 1.50499E+00  2.02522E-04  1.93812E+00 
5.79999E+01 1.49999E+00  1.99199E-04  1.93313E+00 
5.80999E+01 1.49499E+00  1.96052E-04  1.92811E+00 
5.81999E+01 1.48999E+00  1.92983E-04  1.92310E+00 
5.82999E+01 1.48499E+00  1.90022E-04  1.91809E+00 
5.83999E+01 1.47999E+00  1.87062E-04  1.91310E+00 
5.84999E+01 1.47499E+00  1.84133E-04  1.90811E+00 
5.85999E+01 1.46999E+00  1.81155E-04  1.90309E+00 
5.86999E+01 1.46499E+00  1.78131E-04  1.89808E+00 
5.87999E+01 1.45999E+00  1.75240E-04  1.89309E+00 
5.88999E+01 1.45499E+00  1.72339E-04  1.88808E+00 
5.89999E+01 1.44999E+00  1.69509E-04  1.88307E+00 
5.90999E+01 1.44499E+00  1.66660E-04  1.87804E+00 
5.91999E+01 1.43999E+00  1.63779E-04  1.87307E+00 
5.92999E+01 1.43499E+00  1.60940E-04  1.86808E+00 
5.93999E+01 1.42999E+00  1.58065E-04  1.86306E+00 
5.94999E+01 1.42499E+00  1.55241E-04  1.85806E+00 
5.95999E+01 1.41999E+00  1.52323E-04  1.85307E+00 
5.96999E+01 1.41499E+00  1.49601E-04  1.84807E+00 
5.97999E+01 1.40999E+00  1.46956E-04  1.84307E+00 
5.98999E+01 1.40499E+00  1.44320E-04  1.83805E+00 
5.99998E+01 1.39999E+00  1.41762E-04  1.83305E+00 
6.00998E+01 1.39499E+00  1.39229E-04  1.82808E+00 
6.01998E+01 1.38999E+00  1.36676E-04  1.82306E+00 
6.02998E+01 1.38499E+00  1.34138E-04  1.81804E+00 
6.03998E+01 1.37999E+00  1.31684E-04  1.81307E+00 
6.04998E+01 1.37499E+00  1.29273E-04  1.80807E+00 
6.05998E+01 1.36999E+00  1.26945E-04  1.80306E+00 
6.06998E+01 1.36499E+00  1.24600E-04  1.79802E+00 
6.07998E+01 1.35999E+00  1.22273E-04  1.79301E+00 
6.08998E+01 1.35499E+00  1.19979E-04  1.78803E+00 
6.09998E+01 1.34999E+00  1.17720E-04  1.78303E+00 
6.10998E+01 1.34499E+00  1.15491E-04  1.77801E+00 
6.11998E+01 1.33999E+00  1.13247E-04  1.77301E+00 
6.12998E+01 1.33499E+00  1.11027E-04  1.76802E+00 
6.13998E+01 1.32999E+00  1.08827E-04  1.76302E+00 
6.14998E+01 1.32499E+00  1.06681E-04  1.75800E+00 
6.15998E+01 1.31999E+00  1.04537E-04  1.75300E+00 
6.16998E+01 1.31499E+00  1.02439E-04  1.74799E+00 
6.17998E+01 1.30999E+00  1.00373E-04  1.74297E+00 
6.18998E+01 1.30499E+00  9.84539E-05  1.73799E+00 
6.19998E+01 1.29999E+00  9.63415E-05  1.73297E+00 
6.20998E+01 1.29499E+00  9.43336E-05  1.72797E+00 
6.21998E+01 1.28999E+00  9.23952E-05  1.72294E+00 
6.22998E+01 1.28499E+00  9.04445E-05  1.71796E+00 
6.23998E+01 1.27999E+00  8.85246E-05  1.71297E+00 
6.24998E+01 1.27499E+00  8.66414E-05  1.70796E+00 
6.25998E+01 1.26999E+00  8.47664E-05  1.70296E+00 
6.26998E+01 1.26499E+00  8.29247E-05  1.69794E+00 
6.27998E+01 1.25999E+00  8.11080E-05  1.69295E+00 
6.28998E+01 1.25499E+00  7.93087E-05  1.68794E+00 
6.29998E+01 1.24999E+00  7.76331E-05  1.68295E+00 
6.30998E+01 1.24499E+00  7.57984E-05  1.67793E+00 
6.31998E+01 1.23999E+00  7.40581E-05  1.67295E+00 
6.32998E+01 1.23499E+00  7.23281E-05  1.66795E+00 
6.33998E+01 1.22999E+00  7.06385E-05  1.66292E+00 
6.34998E+01 1.22499E+00  6.89560E-05  1.65791E+00 
6.35998E+01 1.21999E+00  6.73289E-05  1.65292E+00 
6.36998E+01 1.21499E+00  6.57193E-05  1.64793E+00 
6.37998E+01 1.20999E+00  6.41294E-05  1.64294E+00 
6.38998E+01 1.20499E+00  6.25465E-05  1.63791E+00 
6.39998E+01 1.19999E+00  6.09861E-05  1.63291E+00 
6.40998E+01 1.19500E+00  5.94627E-05  1.62794E+00 
6.41998E+01 1.19000E+00  5.79411E-05  1.62292E+00 
6.42998E+01 1.18500E+00  5.64709E-05  1.61791E+00 
6.43998E+01 1.18000E+00  5.50024E-05  1.61292E+00 
6.44998E+01 1.17500E+00  5.35565E-05  1.60792E+00 
6.45998E+01 1.17000E+00  5.21590E-05  1.60292E+00 
6.46998E+01 1.16500E+00  5.07773E-05  1.59790E+00 
6.47998E+01 1.16000E+00  4.94195E-05  1.59291E+00 
6.48998E+01 1.15500E+00  4.80640E-05  1.58790E+00 
6.49998E+01 1.15000E+00  4.67415E-05  1.58290E+00 
6.50998E+01 1.14500E+00  4.54480E-05  1.57789E+00 
6.51998E+01 1.14000E+00  4.41732E-05  1.57288E+00 
6.52998E+01 1.13500E+00  4.29024E-05  1.56789E+00 
6.53998E+01 1.13000E+00  4.16616E-05  1.56288E+00 
6.54998E+01 1.12500E+00  4.04495E-05  1.55790E+00 
6.55998E+01 1.12000E+00  3.92422E-05  1.55288E+00 
6.56998E+01 1.11500E+00  3.80831E-05  1.54788E+00 
6.57998E+01 1.11000E+00  3.64921E-05  1.54287E+00 
6.58998E+01 1.10500E+00  3.53728E-05  1.53789E+00 
6.59998E+01 1.10000E+00  3.42716E-05  1.53286E+00 
6.60998E+01 1.09500E+00  3.31964E-05  1.52787E+00 
6.61998E+01 1.09000E+00  3.21428E-05  1.52286E+00 
6.62998E+01 1.08500E+00  3.11096E-05  1.51788E+00 
6.63998E+01 1.08000E+00  3.01163E-05  1.51287E+00 
6.64998E+01 1.07500E+00  2.91305E-05  1.50785E+00 
6.65998E+01 1.07000E+00  2.81760E-05  1.50284E+00 
6.66998E+01 1.06500E+00  2.72537E-05  1.49785E+00 
6.67998E+01 1.06000E+00  2.65491E-05  1.49286E+00 
6.68998E+01 1.05500E+00  2.54914E-05  1.48783E+00 
6.69998E+01 1.05000E+00  2.46368E-05  1.48283E+00 
6.70998E+01 1.04500E+00  2.38045E-05  1.47782E+00 
6.71998E+01 1.04000E+00  2.30081E-05  1.47284E+00 
6.72998E+01 1.03500E+00  2.22352E-05  1.46782E+00 
6.73998E+01 1.03000E+00  2.14933E-05  1.46281E+00 
6.74998E+01 1.02500E+00  2.07597E-05  1.45783E+00 
6.75998E+01 1.02000E+00  2.00425E-05  1.45282E+00 
6.76998E+01 1.01500E+00  1.93564E-05  1.44781E+00 
6.77998E+01 1.01000E+00  1.86958E-05  1.44280E+00 
6.78998E+01 1.00500E+00  1.80692E-05  1.43780E+00 
6.79998E+01 9.99995E-01  1.74692E-05  1.43280E+00 
6.80998E+01 9.94996E-01  1.68577E-05  1.42781E+00 
6.81998E+01 9.89996E-01  1.62977E-05  1.42277E+00 
6.82998E+01 9.84996E-01  1.57571E-05  1.41778E+00 
6.83998E+01 9.79996E-01  1.52191E-05  1.41276E+00 
6.84998E+01 9.74996E-01  1.47255E-05  1.40775E+00 
6.85998E+01 9.69996E-01  1.42562E-05  1.40276E+00 
6.86998E+01 9.64996E-01  1.38168E-05  1.39776E+00 
6.87998E+01 9.59996E-01  1.33814E-05  1.39275E+00 
6.88998E+01 9.54996E-01  1.29595E-05  1.38774E+00 
6.89998E+01 9.49996E-01  1.25617E-05  1.38273E+00 
6.90998E+01 9.44996E-01  1.21853E-05  1.37774E+00 
6.91998E+01 9.39996E-01  1.18180E-05  1.37273E+00 
6.92998E+01 9.34996E-01  1.14665E-05  1.36773E+00 
6.93998E+01 9.29996E-01  1.11323E-05  1.36273E+00 
6.94998E+01 9.24996E-01  1.08164E-05  1.35774E+00 
6.95998E+01 9.19996E-01  1.05225E-05  1.35271E+00 
6.96998E+01 9.14996E-01  1.02403E-05  1.34772E+00 
6.97998E+01 9.09996E-01  9.96795E-06  1.34271E+00 
6.98998E+01 9.04996E-01  9.71506E-06  1.33774E+00 
6.99998E+01 8.99996E-01  9.46837E-06  1.33272E+00 
7.00998E+01 8.94996E-01  9.21581E-06  1.32772E+00 
7.01998E+01 8.89996E-01  8.98196E-06  1.32272E+00 
7.02998E+01 8.84996E-01  8.80318E-06  1.31773E+00 
7.03998E+01 8.79996E-01  8.60393E-06  1.31272E+00 
7.04998E+01 8.74996E-01  8.39353E-06  1.30771E+00 
7.05998E+01 8.69996E-01  8.18841E-06  1.30272E+00 
7.06998E+01 8.64996E-01  7.97053E-06  1.29771E+00 
7.07998E+01 8.59996E-01  7.77518E-06  1.29271E+00 
7.08998E+01 8.54996E-01  7.59028E-06  1.28769E+00 
7.09998E+01 8.49996E-01  7.41557E-06  1.28273E+00 
7.10998E+01 8.44996E-01  7.25546E-06  1.27774E+00 
7.11998E+01 8.39996E-01  7.10274E-06  1.27272E+00 
7.12998E+01 8.34996E-01  6.96015E-06  1.26774E+00 
7.13998E+01 8.29996E-01  6.82084E-06  1.26271E+00 
7.14998E+01 8.24996E-01  6.70054E-06  1.25773E+00 
7.15998E+01 8.19996E-01  6.60789E-06  1.25273E+00 
7.16998E+01 8.14996E-01  6.47764E-06  1.24772E+00 
7.17998E+01 8.09996E-01  6.36420E-06  1.24272E+00 
7.18998E+01 8.04996E-01  6.24400E-06  1.23772E+00 
7.19998E+01 7.99996E-01  6.11718E-06  1.23270E+00 
7.20998E+01 7.94996E-01  6.00581E-06  1.22770E+00 
7.21998E+01 7.89996E-01  5.89989E-06  1.22268E+00 
7.22998E+01 7.84996E-01  5.79866E-06  1.21769E+00 
7.23998E+01 7.79996E-01  5.69721E-06  1.21270E+00 
7.24998E+01 7.74996E-01  5.60496E-06  1.20770E+00 
7.25998E+01 7.69996E-01  5.50898E-06  1.20268E+00 
7.26998E+01 7.64996E-01  5.41960E-06  1.19766E+00 
7.27998E+01 7.59996E-01  5.33865E-06  1.19267E+00 
7.28998E+01 7.54996E-01  5.26442E-06  1.18769E+00 
7.29998E+01 7.49996E-01  5.19628E-06  1.18268E+00 
7.30998E+01 7.44996E-01  5.13942E-06  1.17766E+00 
7.31998E+01 7.39996E-01  5.08041E-06  1.17266E+00 
7.32998E+01 7.34996E-01  5.00565E-06  1.16767E+00 
7.33998E+01 7.29996E-01  4.93577E-06  1.16264E+00 
7.34998E+01 7.24996E-01  4.85884E-06  1.15767E+00 
7.35998E+01 7.19996E-01  4.79563E-06  1.15265E+00 
7.36998E+01 7.14996E-01  4.72960E-06  1.14766E+00 
7.37998E+01 7.09996E-01  4.67638E-06  1.14263E+00 
7.38998E+01 7.04996E-01  4.62092E-06  1.13763E+00 
7.39998E+01 6.99996E-01  4.56294E-06  1.13263E+00 
7.40998E+01 6.94996E-01  4.50148E-06  1.12765E+00 
7.41998E+01 6.89996E-01  4.43619E-06  1.12262E+00 
7.42998E+01 6.84996E-01  4.37381E-06  1.11763E+00 
7.43998E+01 6.79996E-01  4.32432E-06  1.11262E+00 
7.44998E+01 6.74996E-01  4.27223E-06  1.10761E+00 
7.45998E+01 6.69996E-01  4.21909E-06  1.10260E+00 
7.46998E+01 6.64996E-01  4.17266E-06  1.09761E+00 
7.47998E+01 6.59996E-01  4.12709E-06  1.09262E+00 
7.48998E+01 6.54996E-01  4.07468E-06  1.08759E+00 
7.49998E+01 6.49996E-01  4.01987E-06  1.08258E+00 
7.50998E+01 6.44996E-01  3.96978E-06  1.07760E+00 
7.51998E+01 6.39996E-01  3.87568E-06  1.07260E+00 
7.52998E+01 6.34996E-01  3.82973E-06  1.06757E+00 
7.53998E+01 6.29996E-01  3.77601E-06  1.06258E+00 
7.54998E+01 6.24996E-01  3.72321E-06  1.05757E+00 
7.55998E+01 6.19996E-01  3.66695E-06  1.05259E+00 
7.56998E+01 6.14996E-01  3.62071E-06  1.04759E+00 
7.57998E+01 6.09996E-01  3.57808E-06  1.04256E+00 
7.58998E+01 6.04996E-01  3.52462E-06  1.03758E+00 
7.59998E+01 5.99996E-01  3.47754E-06  1.03257E+00 
7.60998E+01 5.94997E-01  3.43543E-06  1.02758E+00 
7.61998E+01 5.89997E-01  3.38342E-06  1.02257E+00 
7.62998E+01 5.84997E-01  3.33070E-06  1.01757E+00 
7.63998E+01 5.79997E-01  3.27267E-06  1.01257E+00 
7.64998E+01 5.74997E-01  3.22351E-06  1.00756E+00 
7.65998E+01 5.69997E-01  3.17888E-06  1.00256E+00 
7.66998E+01 5.64997E-01  3.12545E-06  9.97556E-01 
7.67998E+01 5.59997E-01  3.06926E-06  9.92563E-01 
7.68998E+01 5.54997E-01  3.02114E-06  9.87560E-01 
7.69998E+01 5.49997E-01  2.96910E-06  9.82575E-01 
7.70998E+01 5.44997E-01  2.91866E-06  9.77576E-01 
7.71998E+01 5.39997E-01  2.86556E-06  9.72579E-01 
7.72998E+01 5.34997E-01  2.81796E-06  9.67563E-01 
7.73998E+01 5.29997E-01  2.76989E-06  9.62521E-01 
7.74998E+01 5.24997E-01  2.71890E-06  9.57552E-01 
7.75998E+01 5.19997E-01  2.67011E-06  9.52508E-01 
7.76998E+01 5.14997E-01  2.61578E-06  9.47535E-01 
7.77998E+01 5.09997E-01  2.56037E-06  9.42533E-01 
7.78998E+01 5.04997E-01  2.50180E-06  9.37530E-01 
7.79998E+01 4.99997E-01  2.44177E-06  9.32499E-01 
7.80998E+01 4.94997E-01  2.38536E-06  9.27503E-01 
7.81998E+01 4.89997E-01  2.32423E-06  9.22507E-01 
7.82998E+01 4.84997E-01  2.26132E-06  9.17505E-01 
7.83998E+01 4.79997E-01  2.19854E-06  9.12489E-01 
7.84998E+01 4.74997E-01  2.13078E-06  9.07486E-01 
7.85998E+01 4.69997E-01  2.06857E-06  9.02491E-01 
7.86998E+01 4.64997E-01  2.00461E-06  8.97509E-01 
7.87998E+01 4.59997E-01  1.94268E-06  8.92481E-01 
7.88998E+01 4.54997E-01  1.88265E-06  8.87471E-01 
7.89998E+01 4.49997E-01  1.82802E-06  8.82485E-01 
7.90998E+01 4.44997E-01  1.76767E-06  8.77519E-01 
7.91998E+01 4.39997E-01  1.70237E-06  8.72494E-01 
7.92998E+01 4.34997E-01  1.63029E-06  8.67476E-01 
7.93998E+01 4.29997E-01  1.55857E-06  8.62470E-01 
7.94998E+01 4.24997E-01  1.48204E-06  8.57483E-01 
7.95998E+01 4.19997E-01  1.39977E-06  8.52465E-01 
7.96998E+01 4.14997E-01  1.31673E-06  8.47440E-01 
7.97998E+01 4.09997E-01  1.23610E-06  8.42444E-01 
7.98998E+01 4.04997E-01  1.15689E-06  8.37476E-01 
7.99998E+01 3.99997E-01  1.07720E-06  8.32462E-01 
8.00998E+01 3.94997E-01  1.00351E-06  8.27457E-01 
8.01998E+01 3.89997E-01  9.27271E-07  8.22479E-01 
8.02998E+01 3.84997E-01  8.48686E-07  8.17481E-01 
8.03998E+01 3.79997E-01  7.69416E-07  8.12474E-01 
8.04998E+01 3.74997E-01  6.88107E-07  8.07455E-01 
8.05998E+01 3.69997E-01  6.04380E-07  8.02471E-01 
8.06998E+01 3.64997E-01  5.17018E-07  7.97462E-01 
8.07998E+01 3.59997E-01  4.30223E-07  7.92454E-01 
8.08998E+01 3.54997E-01  3.41675E-07  7.87443E-01 
8.09998E+01 3.49997E-01  2.46321E-07  7.82428E-01 
8.10998E+01 3.44997E-01  1.59181E-07  7.77417E-01 
8.11998E+01 3.39997E-01  7.20368E-08  7.72385E-01 
8.12998E+01 3.34997E-01  -1.96447E-08 7.67405E-01 
8.13998E+01 3.29997E-01  -1.12485E-07 7.62410E-01 
8.14998E+01 3.24997E-01  -2.04434E-07 7.57410E-01 
8.15998E+01 3.19997E-01  -2.98836E-07 7.52405E-01 
8.16998E+01 3.14997E-01  -3.93563E-07 7.47404E-01 
8.17998E+01 3.09997E-01  -4.94261E-07 7.42401E-01 
8.18998E+01 3.04997E-01  -5.87429E-07 7.37411E-01 
8.19998E+01 2.99997E-01  -6.87172E-07 7.32378E-01 
8.20998E+01 2.94997E-01  -7.88522E-07 7.27374E-01 
8.21998E+01 2.89997E-01  -8.87671E-07 7.22397E-01 
8.22998E+01 2.84997E-01  -9.87984E-07 7.17408E-01 
8.23998E+01 2.79997E-01  -1.09339E-06 7.12380E-01 
8.24998E+01 2.74997E-01  -1.20596E-06 7.07380E-01 
8.25998E+01 2.69997E-01  -1.31523E-06 7.02383E-01 
8.26998E+01 2.64997E-01  -1.42889E-06 6.97391E-01 
8.27998E+01 2.59997E-01  -1.54353E-06 6.92379E-01 
8.28998E+01 2.54997E-01  -1.66235E-06 6.87381E-01 
8.29998E+01 2.49997E-01  -1.77654E-06 6.82376E-01 
8.30998E+01 2.44997E-01  -1.89898E-06 6.77386E-01 
8.31998E+01 2.39997E-01  -2.01617E-06 6.72372E-01 
8.32998E+01 2.34997E-01  -2.14115E-06 6.67373E-01 
8.33998E+01 2.29997E-01  -2.26725E-06 6.62383E-01 
8.34998E+01 2.24997E-01  -2.40049E-06 6.57369E-01 
8.35998E+01 2.19997E-01  -2.53296E-06 6.52356E-01 
8.36998E+01 2.14997E-01  -2.66660E-06 6.47344E-01 
8.37998E+01 2.09997E-01  -2.80821E-06 6.42355E-01 
8.38998E+01 2.04997E-01  -2.95262E-06 6.37375E-01 
8.39998E+01 1.99997E-01  -3.10430E-06 6.32365E-01 
8.40998E+01 1.94998E-01  -3.25428E-06 6.27320E-01 
8.41998E+01 1.89998E-01  -3.41135E-06 6.22316E-01 
8.42998E+01 1.84998E-01  -3.57502E-06 6.17335E-01 
8.43998E+01 1.79998E-01  -3.74669E-06 6.12322E-01 
8.44998E+01 1.74998E-01  -3.92031E-06 6.07317E-01 
8.45998E+01 1.69998E-01  -4.09862E-06 6.02307E-01 
8.46998E+01 1.64998E-01  -4.28371E-06 5.97304E-01 
8.47998E+01 1.59998E-01  -4.47323E-06 5.92327E-01 
8.48998E+01 1.54998E-01  -4.66735E-06 5.87302E-01 
8.49998E+01 1.49998E-01  -4.86461E-06 5.82283E-01 
8.50998E+01 1.44998E-01  -5.07516E-06 5.77286E-01 
8.51998E+01 1.39998E-01  -5.28205E-06 5.72298E-01 
8.52998E+01 1.34998E-01  -5.49989E-06 5.67300E-01 
8.53998E+01 1.29998E-01  -5.72498E-06 5.62297E-01 
8.54998E+01 1.24998E-01  -5.95259E-06 5.57308E-01 
8.55998E+01 1.19998E-01  -6.18760E-06 5.52311E-01 
8.56998E+01 1.14998E-01  -6.42506E-06 5.47290E-01 
8.57998E+01 1.09998E-01  -6.66878E-06 5.42297E-01 
8.58998E+01 1.04998E-01  -6.92147E-06 5.37279E-01 
8.59998E+01 9.99977E-02  -7.17388E-06 5.32300E-01 
8.60998E+01 9.49978E-02  -7.43158E-06 5.27271E-01 
8.61998E+01 8.99978E-02  -7.70078E-06 5.22275E-01 
8.62998E+01 8.49978E-02  -7.97359E-06 5.17288E-01 
8.63998E+01 7.99978E-02  -8.25396E-06 5.12294E-01 
8.64998E+01 7.49978E-02  -8.53941E-06 5.07291E-01 
8.65998E+01 6.99978E-02  -8.82849E-06 5.02267E-01 
8.66998E+01 6.49978E-02  -9.12077E-06 4.97275E-01 
8.67998E+01 5.99978E-02  -9.42199E-06 4.92268E-01 
8.68998E+01 5.49979E-02  -9.73558E-06 4.87263E-01 
8.69998E+01 4.99979E-02  -1.00521E-05 4.82249E-01 
8.70998E+01 4.49979E-02  -1.03770E-05 4.77261E-01 
8.71998E+01 3.99979E-02  -1.07033E-05 4.72243E-01 
8.72998E+01 3.49979E-02  -1.10382E-05 4.67253E-01 
8.73998E+01 2.99979E-02  -1.13832E-05 4.62233E-01 
8.74998E+01 2.49979E-02  -1.17359E-05 4.57244E-01 
8.75998E+01 1.99979E-02  -1.21008E-05 4.52225E-01 
8.76998E+01 1.49980E-02  -1.24745E-05 4.47225E-01 
8.77998E+01 9.99797E-03  -1.28594E-05 4.42220E-01 
8.78998E+01 4.99799E-03  -1.32507E-05 4.37232E-01 
8.79998E+01 -2.00000E-06 -1.36501E-05 4.32226E-01 
8.80998E+01 -5.00199E-03 -1.40648E-05 4.27197E-01 
8.81998E+01 -1.00020E-02 -1.44809E-05 4.22228E-01 
8.82998E+01 -1.50020E-02 -1.49065E-05 4.17216E-01 
8.83998E+01 -2.00020E-02 -1.53453E-05 4.12212E-01 
8.84998E+01 -2.50019E-02 -1.57978E-05 4.07200E-01 
8.85998E+01 -3.00019E-02 -1.62692E-05 4.02214E-01 
8.86998E+01 -3.50019E-02 -1.67278E-05 3.97214E-01 
8.87998E+01 -4.00019E-02 -1.71851E-05 3.92209E-01 
8.88998E+01 -4.50019E-02 -1.76852E-05 3.87183E-01 
8.89998E+01 -5.00019E-02 -1.81754E-05 3.82212E-01 
8.90998E+01 -5.50019E-02 -1.86667E-05 3.77191E-01 
8.91998E+01 -6.00019E-02 -1.91816E-05 3.72189E-01 
8.92998E+01 -6.50018E-02 -1.96965E-05 3.67176E-01 
8.93998E+01 -7.00018E-02 -2.02272E-05 3.62185E-01 
8.94998E+01 -7.50018E-02 -2.07683E-05 3.57186E-01 
8.95998E+01 -8.00018E-02 -2.13036E-05 3.52185E-01 
8.96998E+01 -8.50018E-02 -2.18025E-05 3.47175E-01 
8.97998E+01 -9.00018E-02 -2.23479E-05 3.42180E-01 
8.98998E+01 -9.50018E-02 -2.29220E-05 3.37166E-01 
8.99998E+01 -1.00002E-01 -2.34924E-05 3.32179E-01 
9.00998E+01 -1.05002E-01 -2.40508E-05 3.27165E-01 
9.01998E+01 -1.10002E-01 -2.46103E-05 3.22176E-01 
9.02998E+01 -1.15002E-01 -2.51802E-05 3.17174E-01 
9.03998E+01 -1.20002E-01 -2.57438E-05 3.12131E-01 
9.04998E+01 -1.25002E-01 -2.63158E-05 3.07147E-01 
9.05998E+01 -1.30002E-01 -2.68865E-05 3.02157E-01 
9.06998E+01 -1.35002E-01 -2.74720E-05 2.97130E-01 
9.07998E+01 -1.40002E-01 -2.80479E-05 2.92129E-01 
9.08998E+01 -1.45002E-01 -2.85957E-05 2.87125E-01 
9.09998E+01 -1.50002E-01 -2.91237E-05 2.82120E-01 
9.10998E+01 -1.55002E-01 -2.96636E-05 2.77107E-01 
9.11998E+01 -1.60002E-01 -3.02055E-05 2.72095E-01 
9.12998E+01 -1.65002E-01 -3.07198E-05 2.67115E-01 
9.13998E+01 -1.70002E-01 -3.12404E-05 2.62145E-01 
9.14998E+01 -1.75002E-01 -3.17590E-05 2.57123E-01 
9.15998E+01 -1.80002E-01 -3.22757E-05 2.52111E-01 
9.16998E+01 -1.85002E-01 -3.27919E-05 2.47109E-01 
9.17998E+01 -1.90002E-01 -3.33042E-05 2.42127E-01 
9.18998E+01 -1.95002E-01 -3.37994E-05 2.37103E-01 
9.19998E+01 -2.00002E-01 -3.42948E-05 2.32107E-01 
9.20998E+01 -2.05001E-01 -3.47943E-05 2.27106E-01 
9.21998E+01 -2.10001E-01 -3.53034E-05 2.22106E-01 
9.22998E+01 -2.15001E-01 -3.58155E-05 2.17098E-01 
9.23998E+01 -2.20001E-01 -3.63265E-05 2.12079E-01 
9.24998E+01 -2.25001E-01 -3.68400E-05 2.07097E-01 
9.25998E+01 -2.30001E-01 -3.73662E-05 2.02089E-01 
9.26998E+01 -2.35001E-01 -3.78908E-05 1.97074E-01 
9.27998E+01 -2.40001E-01 -3.84079E-05 1.92075E-01 
9.28998E+01 -2.45001E-01 -3.89316E-05 1.87071E-01 
9.29998E+01 -2.50001E-01 -3.94487E-05 1.82078E-01 
9.30998E+01 -2.55001E-01 -3.99463E-05 1.77076E-01 
9.31998E+01 -2.60001E-01 -4.04323E-05 1.72078E-01 
9.32998E+01 -2.65001E-01 -4.09101E-05 1.67058E-01 
9.33998E+01 -2.70001E-01 -4.13765E-05 1.62049E-01 
9.34998E+01 -2.75001E-01 -4.18264E-05 1.57067E-01 
9.35998E+01 -2.80001E-01 -4.22551E-05 1.52081E-01 
9.36998E+01 -2.85001E-01 -4.26646E-05 1.47048E-01 
9.37998E+01 -2.90001E-01 -4.30616E-05 1.42045E-01 
9.38998E+01 -2.95001E-01 -4.34331E-05 1.37028E-01 
9.39998E+01 -3.00001E-01 -4.37806E-05 1.32018E-01 
9.40998E+01 -3.05001E-01 -4.41225E-05 1.27049E-01 
9.41998E+01 -3.10001E-01 -4.44419E-05 1.22035E-01 
9.42998E+01 -3.15001E-01 -4.47459E-05 1.17023E-01 
9.43998E+01 -3.20001E-01 -4.50493E-05 1.12001E-01 
9.44998E+01 -3.25001E-01 -4.53394E-05 1.07016E-01 
9.45998E+01 -3.30001E-01 -4.56344E-05 1.02044E-01 
9.46998E+01 -3.35001E-01 -4.59291E-05 9.70143E-02 
9.47998E+01 -3.40001E-01 -4.61962E-05 9.20147E-02 
9.48998E+01 -3.45001E-01 -4.64473E-05 8.70012E-02 
9.49998E+01 -3.50001E-01 -4.67074E-05 8.20215E-02 
9.50998E+01 -3.55001E-01 -4.69810E-05 7.70138E-02 
9.51998E+01 -3.60001E-01 -4.72730E-05 7.19929E-02 
9.52998E+01 -3.65001E-01 -4.75555E-05 6.69801E-02 
9.53998E+01 -3.70001E-01 -4.78393E-05 6.20104E-02 
9.54998E+01 -3.75001E-01 -4.81302E-05 5.69920E-02 
9.55998E+01 -3.80001E-01 -4.84317E-05 5.19823E-02 
9.56998E+01 -3.85001E-01 -4.87540E-05 4.69751E-02 
9.57998E+01 -3.90001E-01 -4.90893E-05 4.20185E-02 
9.58998E+01 -3.95001E-01 -4.94312E-05 3.70064E-02 
9.59998E+01 -4.00001E-01 -4.97793E-05 3.19899E-02 
9.60998E+01 -4.05001E-01 -5.01480E-05 2.69808E-02 
9.61998E+01 -4.10001E-01 -5.05493E-05 2.19811E-02 
9.62998E+01 -4.15001E-01 -5.09717E-05 1.69678E-02 
9.63998E+01 -4.20001E-01 -5.14116E-05 1.19238E-02 
9.64998E+01 -4.25001E-01 -5.18792E-05 6.94092E-03 
9.65998E+01 -4.30001E-01 -5.23830E-05 1.96001E-03 
9.66998E+01 -4.35001E-01 -5.29074E-05 -3.02469E-03
9.67998E+01 -4.40001E-01 -5.34641E-05 -8.01250E-03
9.68998E+01 -4.45001E-01 -5.40568E-05 -1.30365E-02
9.69998E+01 -4.50001E-01 -5.46787E-05 -1.80456E-02
9.70998E+01 -4.55001E-01 -5.53435E-05 -2.30465E-02
9.71998E+01 -4.60001E-01 -5.60486E-05 -2.80318E-02
9.72998E+01 -4.65001E-01 -5.67899E-05 -3.30496E-02
9.73998E+01 -4.70001E-01 -5.75748E-05 -3.80679E-02
9.74998E+01 -4.75001E-01 -5.84017E-05 -4.30614E-02
9.75998E+01 -4.80001E-01 -5.92769E-05 -4.80274E-02
9.76998E+01 -4.85001E-01 -6.01887E-05 -5.30389E-02
9.77998E+01 -4.90001E-01 -6.11460E-05 -5.80610E-02
9.78998E+01 -4.95001E-01 -6.21514E-05 -6.30694E-02
9.79998E+01 -5.00001E-01 -6.32009E-05 -6.80429E-02
9.80998E+01 -5.05001E-01 -6.43010E-05 -7.30451E-02
9.81998E+01 -5.10001E-01 -6.54546E-05 -7.80716E-02
9.82998E+01 -5.15001E-01 -6.66674E-05 -8.30706E-02
9.83998E+01 -5.20001E-01 -6.79413E-05 -8.80484E-02
9.84998E+01 -5.25001E-01 -6.92890E-05 -9.30656E-02
9.85998E+01 -5.30001E-01 -7.07205E-05 -9.80752E-02
9.86998E+01 -5.35001E-01 -7.22705E-05 -1.03061E-01
9.87998E+01 -5.40001E-01 -7.39554E-05 -1.08055E-01
9.88998E+01 -5.45001E-01 -7.58025E-05 -1.13076E-01
9.89998E+01 -5.50001E-01 -7.78521E-05 -1.18098E-01
9.90998E+01 -5.55001E-01 -8.01325E-05 -1.23087E-01
9.91998E+01 -5.60001E-01 -8.26691E-05 -1.28086E-01
9.92998E+01 -5.65001E-01 -8.54631E-05 -1.33099E-01
9.93998E+01 -5.70001E-01 -8.84865E-05 -1.38104E-01
9.94998E+01 -5.75001E-01 -9.17263E-05 -1.43105E-01
9.95998E+01 -5.80001E-01 -9.51548E-05 -1.48097E-01
9.96998E+01 -5.85001E-01 -9.87109E-05 -1.53096E-01
9.97998E+01 -5.90001E-01 -1.02359E-04 -1.58113E-01
9.98998E+01 -5.95001E-01 -1.06064E-04 -1.63118E-01
9.99997E+01 -6.00001E-01 -1.09795E-04 -1.68105E-01
1.00100E+02 -6.05000E-01 -1.13534E-04 -1.73123E-01
1.00200E+02 -6.10000E-01 -1.17270E-04 -1.78147E-01
1.00300E+02 -6.15000E-01 -1.20976E-04 -1.83133E-01
1.00400E+02 -6.20000E-01 -1.24658E-04 -1.88131E-01
1.00500E+02 -6.25000E-01 -1.28305E-04 -1.93125E-01
1.00600E+02 -6.30000E-01 -1.31910E-04 -1.98166E-01
1.00700E+02 -6.35000E-01 -1.35469E-04 -2.03160E-01
1.00800E+02 -6.40000E-01 -1.39015E-04 -2.08134E-01
1.00900E+02 -6.45000E-01 -1.42534E-04 -2.13156E-01
1.01000E+02 -6.50000E-01 -1.46058E-04 -2.18167E-01
1.01100E+02 -6.55000E-01 -1.49583E-04 -2.23152E-01
1.01200E+02 -6.60000E-01 -1.53127E-04 -2.28129E-01
1.01300E+02 -6.65000E-01 -1.56687E-04 -2.33163E-01
1.01400E+02 -6.70000E-01 -1.60267E-04 -2.38163E-01
1.01500E+02 -6.75000E-01 -1.63891E-04 -2.43164E-01
1.01600E+02 -6.80000E-01 -1.67525E-04 -2.48170E-01
1.01700E+02 -6.85000E-01 -1.71184E-04 -2.53162E-01
1.01800E+02 -6.90000E-01 -1.74859E-04 -2.58177E-01
1.01900E+02 -6.95000E-01 -1.78551E-04 -2.63182E-01
1.02000E+02 -7.00000E-01 -1.82241E-04 -2.68211E-01
1.02100E+02 -7.05000E-01 -1.85924E-04 -2.73207E-01
1.02200E+02 -7.10000E-01 -1.89598E-04 -2.78221E-01
1.02300E+02 -7.15000E-01 -1.93248E-04 -2.83200E-01
1.02400E+02 -7.20000E-01 -1.96880E-04 -2.88219E-01
1.02500E+02 -7.25000E-01 -2.00484E-04 -2.93218E-01
1.02600E+02 -7.30000E-01 -2.04049E-04 -2.98224E-01
1.02700E+02 -7.35000E-01 -2.07566E-04 -3.03225E-01
1.02800E+02 -7.40000E-01 -2.11013E-04 -3.08209E-01
1.02900E+02 -7.45000E-01 -2.13946E-04 -3.13206E-01
1.03000E+02 -7.50000E-01 -2.17211E-04 -3.18209E-01
1.03100E+02 -7.55000E-01 -2.20426E-04 -3.23222E-01
1.03200E+02 -7.60000E-01 -2.23594E-04 -3.28235E-01
1.03300E+02 -7.65000E-01 -2.26656E-04 -3.33220E-01
1.03400E+02 -7.70000E-01 -2.29660E-04 -3.38239E-01
1.03500E+02 -7.75000E-01 -2.32573E-04 -3.43231E-01
1.03600E+02 -7.80000E-01 -2.35420E-04 -3.48240E-01
1.03700E+02 -7.85000E-01 -2.38206E-04 -3.53246E-01
1.03800E+02 -7.90000E-01 -2.40909E-04 -3.58233E-01
1.03900E+02 -7.95000E-01 -2.43517E-04 -3.63215E-01
