time/s      E/V        I/A
0.00000E+00 -8.00000E-01 -4.40297E-05 -7.25671E-01
9.99997E-02 -7.95000E-01 -4.24198E-05 -7.20693E-01
1.99999E-01 -7.90000E-01 -4.10823E-05 -7.15657E-01
2.99999E-01 -7.85000E-01 -3.99230E-05 -7.10645E-01
3.99999E-01 -7.80000E-01 -3.88428E-05 -7.05659E-01
4.99999E-01 -7.75000E-01 -3.78531E-05 -7.00666E-01
5.99998E-01 -7.70000E-01 -3.73675E-05 -6.95625E-01
6.99998E-01 -7.65000E-01 -3.64729E-05 -6.90635E-01
7.99998E-01 -7.60000E-01 -3.56143E-05 -6.85621E-01
8.99998E-01 -7.55000E-01 -3.47959E-05 -6.80633E-01
9.99997E-01 -7.50000E-01 -3.40154E-05 -6.75624E-01
1.10000E+00 -7.45000E-01 -3.32684E-05 -6.70603E-01
1.20000E+00 -7.40000E-01 -3.25481E-05 -6.65631E-01
1.30000E+00 -7.35000E-01 -3.18524E-05 -6.60620E-01
1.40000E+00 -7.30000E-01 -3.11874E-05 -6.55624E-01
1.50000E+00 -7.25000E-01 -3.05372E-05 -6.50620E-01
1.60000E+00 -7.20000E-01 -2.99068E-05 -6.45571E-01
1.70000E+00 -7.15000E-01 -2.92998E-05 -6.40614E-01
1.80000E+00 -7.10000E-01 -2.87043E-05 -6.35609E-01
1.90000E+00 -7.05000E-01 -2.81300E-05 -6.30590E-01
1.99999E+00 -7.00000E-01 -2.75667E-05 -6.25583E-01
2.09999E+00 -6.95000E-01 -2.70195E-05 -6.20585E-01
2.19999E+00 -6.90000E-01 -2.64890E-05 -6.15608E-01
2.29999E+00 -6.85000E-01 -2.59690E-05 -6.10589E-01
2.39999E+00 -6.80000E-01 -2.54619E-05 -6.05587E-01
2.49999E+00 -6.75000E-01 -2.49664E-05 -6.00597E-01
2.59999E+00 -6.70000E-01 -2.44787E-05 -5.95590E-01
2.69999E+00 -6.65000E-01 -2.39997E-05 -5.90576E-01
2.79999E+00 -6.60000E-01 -2.35321E-05 -5.85563E-01
2.89999E+00 -6.55000E-01 -2.30767E-05 -5.80580E-01
2.99999E+00 -6.50000E-01 -2.26309E-05 -5.75599E-01
3.09999E+00 -6.45000E-01 -2.21881E-05 -5.70592E-01
3.19999E+00 -6.40000E-01 -2.17573E-05 -5.65571E-01
3.29999E+00 -6.35000E-01 -2.13369E-05 -5.60557E-01
3.39999E+00 -6.30000E-01 -2.09259E-05 -5.55562E-01
3.49999E+00 -6.25000E-01 -2.05206E-05 -5.50573E-01
3.59999E+00 -6.20000E-01 -2.01143E-05 -5.45570E-01
3.69999E+00 -6.15000E-01 -1.97174E-05 -5.40558E-01
3.79999E+00 -6.10000E-01 -1.93376E-05 -5.35572E-01
3.89999E+00 -6.05000E-01 -1.89561E-05 -5.30570E-01
3.99999E+00 -6.00001E-01 -1.85740E-05 -5.25570E-01
4.09999E+00 -5.95001E-01 -1.82059E-05 -5.20555E-01
4.19999E+00 -5.90001E-01 -1.78450E-05 -5.15559E-01
4.29999E+00 -5.85001E-01 -1.74952E-05 -5.10568E-01
4.39999E+00 -5.80001E-01 -1.71473E-05 -5.05543E-01
4.49999E+00 -5.75001E-01 -1.67985E-05 -5.00559E-01
4.59999E+00 -5.70001E-01 -1.64598E-05 -4.95547E-01
4.69999E+00 -5.65001E-01 -1.61321E-05 -4.90545E-01
4.79999E+00 -5.60001E-01 -1.58102E-05 -4.85529E-01
4.89999E+00 -5.55001E-01 -1.54955E-05 -4.80512E-01
4.99999E+00 -5.50001E-01 -1.51930E-05 -4.75534E-01
5.09999E+00 -5.45001E-01 -1.48932E-05 -4.70520E-01
5.19999E+00 -5.40001E-01 -1.46428E-05 -4.65517E-01
5.29999E+00 -5.35001E-01 -1.43442E-05 -4.60522E-01
5.39999E+00 -5.30001E-01 -1.40422E-05 -4.55543E-01
5.49999E+00 -5.25001E-01 -1.37507E-05 -4.50529E-01
5.59999E+00 -5.20001E-01 -1.34679E-05 -4.45524E-01
5.69999E+00 -5.15001E-01 -1.31900E-05 -4.40515E-01
5.79999E+00 -5.10001E-01 -1.29144E-05 -4.35513E-01
5.89999E+00 -5.05001E-01 -1.26400E-05 -4.30498E-01
5.99998E+00 -5.00001E-01 -1.23749E-05 -4.25488E-01
6.09998E+00 -4.95001E-01 -1.21169E-05 -4.20496E-01
6.19998E+00 -4.90001E-01 -1.18635E-05 -4.15515E-01
6.29998E+00 -4.85001E-01 -1.16085E-05 -4.10511E-01
6.39998E+00 -4.80001E-01 -1.13594E-05 -4.05512E-01
6.49998E+00 -4.75001E-01 -1.11127E-05 -4.00512E-01
6.59998E+00 -4.70001E-01 -1.08697E-05 -3.95520E-01
6.69998E+00 -4.65001E-01 -1.06340E-05 -3.90499E-01
6.79998E+00 -4.60001E-01 -1.03981E-05 -3.85489E-01
6.89998E+00 -4.55001E-01 -1.01713E-05 -3.80491E-01
6.99998E+00 -4.50001E-01 -9.95934E-06 -3.75502E-01
7.09998E+00 -4.45001E-01 -9.71575E-06 -3.70493E-01
7.19998E+00 -4.40001E-01 -9.47029E-06 -3.65490E-01
7.29998E+00 -4.35001E-01 -9.23282E-06 -3.60485E-01
7.39998E+00 -4.30001E-01 -9.02349E-06 -3.55497E-01
7.49998E+00 -4.25001E-01 -8.80250E-06 -3.50464E-01
7.59998E+00 -4.20001E-01 -8.58033E-06 -3.45482E-01
7.69998E+00 -4.15001E-01 -8.36061E-06 -3.40470E-01
7.79998E+00 -4.10001E-01 -8.14471E-06 -3.35467E-01
7.89998E+00 -4.05001E-01 -7.92901E-06 -3.30468E-01
7.99998E+00 -4.00001E-01 -7.71369E-06 -3.25477E-01
8.09998E+00 -3.95001E-01 -7.49542E-06 -3.20454E-01
8.19998E+00 -3.90001E-01 -7.28562E-06 -3.15442E-01
8.29998E+00 -3.85001E-01 -7.08421E-06 -3.10431E-01
8.39998E+00 -3.80001E-01 -6.88019E-06 -3.05454E-01
8.49998E+00 -3.75001E-01 -6.67716E-06 -3.00440E-01
8.59998E+00 -3.70001E-01 -6.47736E-06 -2.95419E-01
8.69998E+00 -3.65001E-01 -6.27749E-06 -2.90406E-01
8.79998E+00 -3.60001E-01 -6.07871E-06 -2.85424E-01
8.89998E+00 -3.55001E-01 -5.87621E-06 -2.80414E-01
8.99998E+00 -3.50001E-01 -5.68063E-06 -2.75406E-01
9.09998E+00 -3.45001E-01 -5.48088E-06 -2.70406E-01
9.19998E+00 -3.40001E-01 -5.27993E-06 -2.65410E-01
9.29998E+00 -3.35001E-01 -5.08270E-06 -2.60416E-01
9.39998E+00 -3.30001E-01 -4.88630E-06 -2.55405E-01
9.49998E+00 -3.25001E-01 -4.69554E-06 -2.50419E-01
9.59998E+00 -3.20001E-01 -4.49749E-06 -2.45422E-01
9.69998E+00 -3.15001E-01 -4.30166E-06 -2.40423E-01
9.79998E+00 -3.10001E-01 -4.10266E-06 -2.35433E-01
9.89998E+00 -3.05001E-01 -3.89964E-06 -2.30394E-01
9.99997E+00 -3.00001E-01 -3.69559E-06 -2.25395E-01
1.01000E+01 -2.95001E-01 -3.48726E-06 -2.20414E-01
1.02000E+01 -2.90001E-01 -3.31471E-06 -2.15399E-01
1.03000E+01 -2.85001E-01 -3.11647E-06 -2.10400E-01
1.04000E+01 -2.80001E-01 -2.90858E-06 -2.05402E-01
1.05000E+01 -2.75001E-01 -2.70274E-06 -2.00421E-01
1.06000E+01 -2.70001E-01 -2.49387E-06 -1.95402E-01
1.07000E+01 -2.65001E-01 -2.28455E-06 -1.90400E-01
1.08000E+01 -2.60001E-01 -2.07132E-06 -1.85406E-01
1.09000E+01 -2.55001E-01 -1.85307E-06 -1.80418E-01
1.10000E+01 -2.50001E-01 -1.63866E-06 -1.75387E-01
1.11000E+01 -2.45001E-01 -1.42127E-06 -1.70375E-01
1.12000E+01 -2.40001E-01 -1.20036E-06 -1.65377E-01
1.13000E+01 -2.35001E-01 -9.75165E-07 -1.60368E-01
1.14000E+01 -2.30001E-01 -7.48497E-07 -1.55367E-01
1.15000E+01 -2.25001E-01 -5.17962E-07 -1.50353E-01
1.16000E+01 -2.20001E-01 -2.89278E-07 -1.45341E-01
1.17000E+01 -2.15001E-01 -6.29746E-08 -1.40359E-01
1.18000E+01 -2.10001E-01 1.62279E-07  -1.35335E-01
1.19000E+01 -2.05001E-01 4.00282E-07  -1.30336E-01
1.20000E+01 -2.00002E-01 6.41849E-07  -1.25346E-01
1.21000E+01 -1.95002E-01 8.77599E-07  -1.20333E-01
1.22000E+01 -1.90002E-01 1.12066E-06  -1.15337E-01
1.23000E+01 -1.85002E-01 1.36072E-06  -1.10326E-01
1.24000E+01 -1.80002E-01 1.61537E-06  -1.05347E-01
1.25000E+01 -1.75002E-01 1.86575E-06  -1.00344E-01
1.26000E+01 -1.70002E-01 2.11987E-06  -9.53222E-02
1.27000E+01 -1.65002E-01 2.36655E-06  -9.03162E-02
1.28000E+01 -1.60002E-01 2.61219E-06  -8.53347E-02
1.29000E+01 -1.55002E-01 2.85707E-06  -8.03456E-02
1.30000E+01 -1.50002E-01 3.10547E-06  -7.53066E-02
1.31000E+01 -1.45002E-01 3.36426E-06  -7.03063E-02
1.32000E+01 -1.40002E-01 3.63483E-06  -6.53204E-02
1.33000E+01 -1.35002E-01 3.91491E-06  -6.03214E-02
1.34000E+01 -1.30002E-01 4.21554E-06  -5.53242E-02
1.35000E+01 -1.25002E-01 4.51804E-06  -5.02896E-02
1.36000E+01 -1.20002E-01 4.83688E-06  -4.53061E-02
1.37000E+01 -1.15002E-01 5.16989E-06  -4.03195E-02
1.38000E+01 -1.10002E-01 5.52340E-06  -3.53130E-02
1.39000E+01 -1.05002E-01 5.89664E-06  -3.02815E-02
1.40000E+01 -1.00002E-01 6.30374E-06  -2.52874E-02
1.41000E+01 -9.50018E-02 6.74540E-06  -2.03146E-02
1.42000E+01 -9.00018E-02 7.18797E-06  -1.53168E-02
1.43000E+01 -8.50018E-02 7.64988E-06  -1.02715E-02
1.44000E+01 -8.00018E-02 8.15170E-06  -5.26563E-03
1.45000E+01 -7.50018E-02 8.69158E-06  -2.59092E-04
1.46000E+01 -7.00018E-02 9.26354E-06  4.69997E-03 
1.47000E+01 -6.50018E-02 9.87697E-06  9.72398E-03 
1.48000E+01 -6.00019E-02 1.05319E-05  1.47180E-02 
1.49000E+01 -5.50019E-02 1.12204E-05  1.97421E-02 
1.50000E+01 -5.00019E-02 1.19466E-05  2.47080E-02 
1.51000E+01 -4.50019E-02 1.27252E-05  2.97464E-02 
1.52000E+01 -4.00019E-02 1.35582E-05  3.47448E-02 
1.53000E+01 -3.50019E-02 1.44378E-05  3.97539E-02 
1.54000E+01 -3.00019E-02 1.53927E-05  4.47442E-02 
1.55000E+01 -2.50019E-02 1.64074E-05  4.97344E-02 
1.56000E+01 -2.00020E-02 1.74385E-05  5.47479E-02 
1.57000E+01 -1.50020E-02 1.85280E-05  5.97813E-02 
1.58000E+01 -1.00020E-02 1.96659E-05  6.47435E-02 
1.59000E+01 -5.00199E-03 2.08573E-05  6.97406E-02 
1.60000E+01 -2.00000E-06 2.21453E-05  7.47272E-02 
1.61000E+01 4.99799E-03  2.34354E-05  7.97550E-02 
1.62000E+01 9.99797E-03  2.47725E-05  8.47646E-02 
1.63000E+01 1.49980E-02  2.61358E-05  8.97206E-02 
1.64000E+01 1.99979E-02  2.75358E-05  9.47384E-02 
1.65000E+01 2.49979E-02  2.89790E-05  9.97531E-02 
1.66000E+01 2.99979E-02  3.04389E-05  1.04754E-01 
1.67000E+01 3.49979E-02  3.19204E-05  1.09759E-01 
1.68000E+01 3.99979E-02  3.34109E-05  1.14739E-01 
1.69000E+01 4.49979E-02  3.49079E-05  1.19752E-01 
1.70000E+01 4.99979E-02  3.64044E-05  1.24771E-01 
1.71000E+01 5.49979E-02  3.78826E-05  1.29759E-01 
1.72000E+01 5.99978E-02  3.93462E-05  1.34761E-01 
1.73000E+01 6.49978E-02  4.07793E-05  1.39775E-01 
1.74000E+01 6.99978E-02  4.21516E-05  1.44789E-01 
1.75000E+01 7.49978E-02  4.34714E-05  1.49782E-01 
1.76000E+01 7.99978E-02  4.47247E-05  1.54778E-01 
1.77000E+01 8.49978E-02  4.59036E-05  1.59790E-01 
1.78000E+01 8.99978E-02  4.70116E-05  1.64804E-01 
1.79000E+01 9.49978E-02  4.80401E-05  1.69786E-01 
1.80000E+01 9.99977E-02  4.89993E-05  1.74806E-01 
1.81000E+01 1.04998E-01  4.99019E-05  1.79804E-01 
1.82000E+01 1.09998E-01  5.07476E-05  1.84819E-01 
1.83000E+01 1.14998E-01  5.15797E-05  1.89803E-01 
1.84000E+01 1.19998E-01  5.23622E-05  1.94801E-01 
1.85000E+01 1.24998E-01  5.31166E-05  1.99826E-01 
1.86000E+01 1.29998E-01  5.38270E-05  2.04846E-01 
1.87000E+01 1.34998E-01  5.45052E-05  2.09811E-01 
1.88000E+01 1.39998E-01  5.51436E-05  2.14832E-01 
1.89000E+01 1.44998E-01  5.57232E-05  2.19827E-01 
1.90000E+01 1.49998E-01  5.62641E-05  2.24842E-01 
1.91000E+01 1.54998E-01  5.67667E-05  2.29824E-01 
1.92000E+01 1.59998E-01  5.72470E-05  2.34840E-01 
1.93000E+01 1.64998E-01  5.77549E-05  2.39874E-01 
1.94000E+01 1.69998E-01  5.83779E-05  2.44849E-01 
1.95000E+01 1.74998E-01  5.92190E-05  2.49849E-01 
1.96000E+01 1.79998E-01  6.03648E-05  2.54857E-01 
1.97000E+01 1.84998E-01  6.18464E-05  2.59885E-01 
1.98000E+01 1.89998E-01  6.37033E-05  2.64873E-01 
1.99000E+01 1.94998E-01  6.58707E-05  2.69865E-01 
1.99999E+01 1.99997E-01  6.82834E-05  2.74850E-01 
2.00999E+01 2.04997E-01  7.08676E-05  2.79877E-01 
2.01999E+01 2.09997E-01  7.35402E-05  2.84869E-01 
2.02999E+01 2.14997E-01  7.62300E-05  2.89857E-01 
2.03999E+01 2.19997E-01  7.88892E-05  2.94848E-01 
2.04999E+01 2.24997E-01  8.14355E-05  2.99867E-01 
2.05999E+01 2.29997E-01  8.37759E-05  3.04879E-01 
2.06999E+01 2.34997E-01  8.57874E-05  3.09901E-01 
2.07999E+01 2.39997E-01  8.73183E-05  3.14881E-01 
2.08999E+01 2.44997E-01  8.82185E-05  3.19891E-01 
2.09999E+01 2.49997E-01  8.81897E-05  3.24887E-01 
2.10999E+01 2.54997E-01  8.71550E-05  3.29900E-01 
2.11999E+01 2.59997E-01  8.48525E-05  3.34905E-01 
2.12999E+01 2.64997E-01  8.13634E-05  3.39901E-01 
2.13999E+01 2.69997E-01  7.67498E-05  3.44887E-01 
2.14999E+01 2.74997E-01  7.15165E-05  3.49913E-01 
2.15999E+01 2.79997E-01  6.62667E-05  3.54902E-01 
2.16999E+01 2.84997E-01  6.15258E-05  3.59891E-01 
2.17999E+01 2.89997E-01  5.78521E-05  3.64873E-01 
2.18999E+01 2.94997E-01  5.55498E-05  3.69896E-01 
2.19999E+01 2.99997E-01  5.41623E-05  3.74905E-01 
2.20999E+01 3.04997E-01  5.33833E-05  3.79898E-01 
2.21999E+01 3.09997E-01  5.29033E-05  3.84886E-01 
2.22999E+01 3.14997E-01  5.25420E-05  3.89896E-01 
2.23999E+01 3.19997E-01  5.22643E-05  3.94917E-01 
2.24999E+01 3.24997E-01  5.20833E-05  3.99917E-01 
2.25999E+01 3.29997E-01  5.20484E-05  4.04902E-01 
2.26999E+01 3.34997E-01  5.20527E-05  4.09927E-01 
2.27999E+01 3.39997E-01  5.20974E-05  4.14945E-01 
2.28999E+01 3.44997E-01  5.21967E-05  4.19932E-01 
2.29999E+01 3.49997E-01  5.23050E-05  4.24920E-01 
2.30999E+01 3.54997E-01  5.24852E-05  4.29941E-01 
2.31999E+01 3.59997E-01  5.26504E-05  4.34940E-01 
2.32999E+01 3.64997E-01  5.28451E-05  4.39936E-01 
2.33999E+01 3.69997E-01  5.30807E-05  4.44935E-01 
2.34999E+01 3.74997E-01  5.33236E-05  4.49938E-01 
2.35999E+01 3.79997E-01  5.35836E-05  4.54964E-01 
2.36999E+01 3.84997E-01  5.38784E-05  4.59962E-01 
2.37999E+01 3.89997E-01  5.41939E-05  4.64960E-01 
2.38999E+01 3.94997E-01  5.45461E-05  4.69978E-01 
2.39999E+01 3.99997E-01  5.48916E-05  4.74968E-01 
2.40999E+01 4.04997E-01  5.52548E-05  4.79963E-01 
2.41999E+01 4.09997E-01  5.56141E-05  4.84977E-01 
2.42999E+01 4.14997E-01  5.59821E-05  4.90017E-01 
2.43999E+01 4.19997E-01  5.63475E-05  4.94981E-01 
2.44999E+01 4.24997E-01  5.66882E-05  4.99991E-01 
2.45999E+01 4.29997E-01  5.70294E-05  5.04982E-01 
2.46999E+01 4.34997E-01  5.73839E-05  5.10019E-01 
2.47999E+01 4.39997E-01  5.77132E-05  5.14995E-01 
2.48999E+01 4.44997E-01  5.80229E-05  5.19978E-01 
2.49999E+01 4.49997E-01  5.83340E-05  5.25007E-01 
2.50999E+01 4.54997E-01  5.86128E-05  5.30001E-01 
2.51999E+01 4.59997E-01  5.88630E-05  5.35008E-01 
2.52999E+01 4.64997E-01  5.91000E-05  5.40013E-01 
2.53999E+01 4.69997E-01  5.93104E-05  5.44994E-01 
2.54999E+01 4.74997E-01  5.94965E-05  5.50000E-01 
2.55999E+01 4.79997E-01  5.96362E-05  5.55000E-01 
2.56999E+01 4.84997E-01  5.97384E-05  5.60006E-01 
2.57999E+01 4.89997E-01  5.98008E-05  5.64991E-01 
2.58999E+01 4.94997E-01  5.98198E-05  5.70014E-01 
2.59999E+01 4.99997E-01  5.97956E-05  5.75043E-01 
2.60999E+01 5.04997E-01  5.96963E-05  5.80026E-01 
2.61999E+01 5.09997E-01  5.95706E-05  5.85015E-01 
2.62999E+01 5.14997E-01  5.93297E-05  5.90014E-01 
2.63999E+01 5.19997E-01  5.90313E-05  5.95038E-01 
2.64999E+01 5.24997E-01  5.86612E-05  6.00039E-01 
2.65999E+01 5.29997E-01  5.82208E-05  6.05014E-01 
2.66999E+01 5.34997E-01  5.76968E-05  6.10041E-01 
2.67999E+01 5.39997E-01  5.71078E-05  6.15047E-01 
2.68999E+01 5.44997E-01  5.64582E-05  6.20065E-01 
2.69999E+01 5.49997E-01  5.57337E-05  6.25048E-01 
2.70999E+01 5.54997E-01  5.49716E-05  6.30059E-01 
2.71999E+01 5.59997E-01  5.41609E-05  6.35072E-01 
2.72999E+01 5.64997E-01  5.33469E-05  6.40057E-01 
2.73999E+01 5.69997E-01  5.25356E-05  6.45067E-01 
2.74999E+01 5.74997E-01  5.17397E-05  6.50063E-01 
2.75999E+01 5.79997E-01  5.09820E-05  6.55063E-01 
2.76999E+01 5.84997E-01  5.02679E-05  6.60094E-01 
2.77999E+01 5.89997E-01  4.96163E-05  6.65077E-01 
2.78999E+01 5.94997E-01  4.90210E-05  6.70076E-01 
2.79999E+01 5.99996E-01  4.84900E-05  6.75089E-01 
2.80999E+01 6.04996E-01  4.80140E-05  6.80078E-01 
2.81999E+01 6.09996E-01  4.76051E-05  6.85086E-01 
2.82999E+01 6.14996E-01  4.72438E-05  6.90061E-01 
2.83999E+01 6.19996E-01  4.69300E-05  6.95067E-01 
2.84999E+01 6.24996E-01  4.66611E-05  7.00095E-01 
2.85999E+01 6.29996E-01  4.64343E-05  7.05081E-01 
2.86999E+01 6.34996E-01  4.62377E-05  7.10079E-01 
2.87999E+01 6.39996E-01  4.60713E-05  7.15102E-01 
2.88999E+01 6.44996E-01  4.59328E-05  7.20101E-01 
2.89999E+01 6.49996E-01  4.58170E-05  7.25098E-01 
2.90999E+01 6.54996E-01  4.57209E-05  7.30081E-01 
2.91999E+01 6.59996E-01  4.56521E-05  7.35082E-01 
2.92999E+01 6.64996E-01  4.56026E-05  7.40120E-01 
2.93999E+01 6.69996E-01  4.55693E-05  7.45111E-01 
2.94999E+01 6.74996E-01  4.55466E-05  7.50112E-01 
2.95999E+01 6.79996E-01  4.55424E-05  7.55100E-01 
2.96999E+01 6.84996E-01  4.55413E-05  7.60119E-01 
2.97999E+01 6.89996E-01  4.55572E-05  7.65134E-01 
2.98999E+01 6.94996E-01  4.55783E-05  7.70115E-01 
2.99999E+01 6.99996E-01  4.56100E-05  7.75133E-01 
3.00999E+01 7.04996E-01  4.56701E-05  7.80145E-01 
3.01999E+01 7.09996E-01  4.57392E-05  7.85154E-01 
3.02999E+01 7.14996E-01  4.58315E-05  7.90153E-01 
3.03999E+01 7.19996E-01  4.59392E-05  7.95151E-01 
3.04999E+01 7.24996E-01  4.60497E-05  8.00158E-01 
3.05999E+01 7.29996E-01  4.61647E-05  8.05153E-01 
3.06999E+01 7.34996E-01  4.62763E-05  8.10157E-01 
3.07999E+01 7.39996E-01  4.64133E-05  8.15177E-01 
3.08999E+01 7.44996E-01  4.65372E-05  8.20154E-01 
3.09999E+01 7.49996E-01  4.66769E-05  8.25158E-01 
3.10999E+01 7.54996E-01  4.68584E-05  8.30158E-01 
3.11999E+01 7.59996E-01  4.70415E-05  8.35161E-01 
3.12999E+01 7.64996E-01  4.72426E-05  8.40178E-01 
3.13999E+01 7.69996E-01  4.74278E-05  8.45167E-01 
3.14999E+01 7.74996E-01  4.76273E-05  8.50160E-01 
3.15999E+01 7.79996E-01  4.78500E-05  8.55178E-01 
3.16999E+01 7.84996E-01  4.80865E-05  8.60157E-01 
3.17999E+01 7.89996E-01  4.83171E-05  8.65169E-01 
3.18999E+01 7.94996E-01  4.85427E-05  8.70171E-01 
3.19999E+01 7.99996E-01  4.87387E-05  8.75188E-01 
3.20999E+01 8.04996E-01  4.89336E-05  8.80186E-01 
3.21999E+01 8.09996E-01  4.91591E-05  8.85175E-01 
3.22999E+01 8.14996E-01  4.93793E-05  8.90186E-01 
3.23999E+01 8.19996E-01  4.96067E-05  8.95195E-01 
3.24999E+01 8.24996E-01  4.98329E-05  9.00210E-01 
3.25999E+01 8.29996E-01  5.01026E-05  9.05198E-01 
3.26999E+01 8.34996E-01  5.02604E-05  9.10184E-01 
3.27999E+01 8.39996E-01  5.04516E-05  9.15218E-01 
3.28999E+01 8.44996E-01  5.06599E-05  9.20220E-01 
3.29999E+01 8.49996E-01  5.08587E-05  9.25196E-01 
3.30999E+01 8.54996E-01  5.10682E-05  9.30166E-01 
3.31999E+01 8.59996E-01  5.12811E-05  9.35186E-01 
3.32999E+01 8.64996E-01  5.14925E-05  9.40209E-01 
3.33999E+01 8.69996E-01  5.16945E-05  9.45248E-01 
3.34999E+01 8.74996E-01  5.18892E-05  9.50226E-01 
3.35999E+01 8.79996E-01  5.20843E-05  9.55228E-01 
3.36999E+01 8.84996E-01  5.22835E-05  9.60214E-01 
3.37999E+01 8.89996E-01  5.24680E-05  9.65249E-01 
3.38999E+01 8.94996E-01  5.26293E-05  9.70248E-01 
3.39999E+01 8.99996E-01  5.27770E-05  9.75246E-01 
3.40999E+01 9.04996E-01  5.29364E-05  9.80225E-01 
3.41999E+01 9.09996E-01  5.30916E-05  9.85246E-01 
3.42999E+01 9.14996E-01  5.32155E-05  9.90240E-01 
3.43999E+01 9.19996E-01  5.33549E-05  9.95244E-01 
3.44999E+01 9.24996E-01  5.34626E-05  1.00023E+00 
3.45999E+01 9.29996E-01  5.35726E-05  1.00526E+00 
3.46999E+01 9.34996E-01  5.36695E-05  1.01024E+00 
3.47999E+01 9.39996E-01  5.37630E-05  1.01523E+00 
3.48999E+01 9.44996E-01  5.38705E-05  1.02024E+00 
3.49999E+01 9.49996E-01  5.39782E-05  1.02528E+00 
3.50999E+01 9.54996E-01  5.40593E-05  1.03027E+00 
3.51999E+01 9.59996E-01  5.40881E-05  1.03525E+00 
3.52999E+01 9.64996E-01  5.40923E-05  1.04025E+00 
3.53999E+01 9.69996E-01  5.41226E-05  1.04525E+00 
3.54999E+01 9.74996E-01  5.42102E-05  1.05028E+00 
3.55999E+01 9.79996E-01  5.42538E-05  1.05528E+00 
3.56999E+01 9.84996E-01  5.43268E-05  1.06026E+00 
3.57999E+01 9.89996E-01  5.44438E-05  1.06525E+00 
3.58999E+01 9.94996E-01  5.44969E-05  1.07028E+00 
3.59999E+01 9.99995E-01  5.45519E-05  1.07530E+00 
3.60999E+01 1.00500E+00  5.46858E-05  1.08027E+00 
3.61999E+01 1.01000E+00  5.47626E-05  1.08527E+00 
3.62999E+01 1.01500E+00  5.48071E-05  1.09029E+00 
3.63999E+01 1.02000E+00  5.48450E-05  1.09530E+00 
3.64999E+01 1.02500E+00  5.49154E-05  1.10027E+00 
3.65999E+01 1.03000E+00  5.49807E-05  1.10531E+00 
3.66999E+01 1.03500E+00  5.50547E-05  1.11028E+00 
3.67999E+01 1.04000E+00  5.50979E-05  1.11531E+00 
3.68999E+01 1.04500E+00  5.51124E-05  1.12032E+00 
3.69999E+01 1.05000E+00  5.51809E-05  1.12533E+00 
3.70999E+01 1.05500E+00  5.52510E-05  1.13034E+00 
3.71999E+01 1.06000E+00  5.53157E-05  1.13534E+00 
3.72999E+01 1.06500E+00  5.54025E-05  1.14034E+00 
3.73999E+01 1.07000E+00  5.54849E-05  1.14535E+00 
3.74999E+01 1.07500E+00  5.55513E-05  1.15034E+00 
3.75999E+01 1.08000E+00  5.56179E-05  1.15535E+00 
3.76999E+01 1.08500E+00  5.56964E-05  1.16034E+00 
3.77999E+01 1.09000E+00  5.57342E-05  1.16536E+00 
3.78999E+01 1.09500E+00  5.58104E-05  1.17034E+00 
3.79999E+01 1.10000E+00  5.58700E-05  1.17538E+00 
3.80999E+01 1.10500E+00  5.59554E-05  1.18033E+00 
3.81999E+01 1.11000E+00  5.60370E-05  1.18535E+00 
3.82999E+01 1.11500E+00  5.61187E-05  1.19037E+00 
3.83999E+01 1.12000E+00  5.61785E-05  1.19535E+00 
3.84999E+01 1.12500E+00  5.62383E-05  1.20034E+00 
3.85999E+01 1.13000E+00  5.63009E-05  1.20535E+00 
3.86999E+01 1.13500E+00  5.63810E-05  1.21035E+00 
3.87999E+01 1.14000E+00  5.64416E-05  1.21535E+00 
3.88999E+01 1.14500E+00  5.64819E-05  1.22035E+00 
3.89999E+01 1.15000E+00  5.65492E-05  1.22536E+00 
3.90999E+01 1.15500E+00  5.66057E-05  1.23037E+00 
3.91999E+01 1.16000E+00  5.66834E-05  1.23536E+00 
3.92999E+01 1.16500E+00  5.67759E-05  1.24035E+00 
3.93999E+01 1.17000E+00  5.68767E-05  1.24538E+00 
3.94999E+01 1.17500E+00  5.69970E-05  1.25039E+00 
3.95999E+01 1.18000E+00  5.71195E-05  1.25537E+00 
3.96999E+01 1.18500E+00  5.72654E-05  1.26037E+00 
3.97999E+01 1.19000E+00  5.74079E-05  1.26538E+00 
3.98999E+01 1.19500E+00  5.75542E-05  1.27039E+00 
3.99999E+01 1.19999E+00  5.77198E-05  1.27540E+00 
4.00999E+01 1.20499E+00  5.78816E-05  1.28041E+00 
4.01999E+01 1.20999E+00  5.80627E-05  1.28540E+00 
4.02999E+01 1.21499E+00  5.82730E-05  1.29042E+00 
4.03999E+01 1.21999E+00  5.85041E-05  1.29543E+00 
4.04999E+01 1.22499E+00  5.87754E-05  1.30040E+00 
4.05999E+01 1.22999E+00  5.90805E-05  1.30539E+00 
4.06999E+01 1.23499E+00  5.94101E-05  1.31040E+00 
4.07999E+01 1.23999E+00  5.97904E-05  1.31543E+00 
4.08999E+01 1.24499E+00  6.02127E-05  1.32041E+00 
4.09999E+01 1.24999E+00  6.06606E-05  1.32541E+00 
4.10999E+01 1.25499E+00  6.11541E-05  1.33041E+00 
4.11999E+01 1.25999E+00  6.16684E-05  1.33545E+00 
4.12999E+01 1.26499E+00  6.22418E-05  1.34045E+00 
4.13999E+01 1.26999E+00  6.28463E-05  1.34543E+00 
4.14999E+01 1.27499E+00  6.34818E-05  1.35043E+00 
4.15999E+01 1.27999E+00  6.41962E-05  1.35547E+00 
4.16999E+01 1.28499E+00  6.49490E-05  1.36044E+00 
4.17999E+01 1.28999E+00  6.57297E-05  1.36543E+00 
4.18999E+01 1.29499E+00  6.65500E-05  1.37042E+00 
4.19999E+01 1.29999E+00  6.74406E-05  1.37544E+00 
4.20999E+01 1.30499E+00  6.83464E-05  1.38045E+00 
4.21999E+01 1.30999E+00  6.93056E-05  1.38545E+00 
4.22999E+01 1.31499E+00  7.03041E-05  1.39043E+00 
4.23999E+01 1.31999E+00  7.13800E-05  1.39546E+00 
4.24999E+01 1.32499E+00  7.24813E-05  1.40046E+00 
4.25999E+01 1.32999E+00  7.36367E-05  1.40546E+00 
4.26999E+01 1.33499E+00  7.48590E-05  1.41046E+00 
4.27999E+01 1.33999E+00  7.61471E-05  1.41545E+00 
4.28999E+01 1.34499E+00  7.74869E-05  1.42047E+00 
4.29999E+01 1.34999E+00  7.88643E-05  1.42548E+00 
4.30999E+01 1.35499E+00  8.02653E-05  1.43048E+00 
4.31999E+01 1.35999E+00  8.16817E-05  1.43549E+00 
4.32999E+01 1.36499E+00  8.31530E-05  1.44047E+00 
4.33999E+01 1.36999E+00  8.46960E-05  1.44549E+00 
4.34999E+01 1.37499E+00  8.62782E-05  1.45050E+00 
4.35999E+01 1.37999E+00  8.78995E-05  1.45550E+00 
4.36999E+01 1.38499E+00  8.95701E-05  1.46050E+00 
4.37999E+01 1.38999E+00  9.13157E-05  1.46548E+00 
4.38999E+01 1.39499E+00  9.30957E-05  1.47050E+00 
4.39999E+01 1.39999E+00  9.49027E-05  1.47553E+00 
4.40999E+01 1.40499E+00  9.67969E-05  1.48052E+00 
4.41999E+01 1.40999E+00  9.87456E-05  1.48551E+00 
4.42999E+01 1.41499E+00  1.00723E-04  1.49050E+00 
4.43999E+01 1.41999E+00  1.02792E-04  1.49551E+00 
4.44999E+01 1.42499E+00  1.04928E-04  1.50051E+00 
4.45999E+01 1.42999E+00  1.07134E-04  1.50550E+00 
4.46999E+01 1.43499E+00  1.09403E-04  1.51052E+00 
4.47999E+01 1.43999E+00  1.11704E-04  1.51551E+00 
4.48999E+01 1.44499E+00  1.14069E-04  1.52053E+00 
4.49999E+01 1.44999E+00  1.16508E-04  1.52552E+00 
4.50999E+01 1.45499E+00  1.19031E-04  1.53054E+00 
4.51999E+01 1.45999E+00  1.21594E-04  1.53553E+00 
4.52999E+01 1.46499E+00  1.24234E-04  1.54052E+00 
4.53999E+01 1.46999E+00  1.26900E-04  1.54551E+00 
4.54999E+01 1.47499E+00  1.29674E-04  1.55053E+00 
4.55999E+01 1.47999E+00  1.32477E-04  1.55555E+00 
4.56999E+01 1.48499E+00  1.35371E-04  1.56052E+00 
4.57999E+01 1.48999E+00  1.38313E-04  1.56554E+00 
4.58999E+01 1.49499E+00  1.41253E-04  1.57054E+00 
4.59999E+01 1.49999E+00  1.44197E-04  1.57557E+00 
4.60999E+01 1.50499E+00  1.47133E-04  1.58054E+00 
4.61999E+01 1.50999E+00  1.50190E-04  1.58557E+00 
4.62999E+01 1.51499E+00  1.53286E-04  1.59055E+00 
4.63999E+01 1.51999E+00  1.56392E-04  1.59556E+00 
4.64999E+01 1.52499E+00  1.59552E-04  1.60057E+00 
4.65999E+01 1.52999E+00  1.62740E-04  1.60560E+00 
4.66999E+01 1.53499E+00  1.65895E-04  1.61058E+00 
4.67999E+01 1.53999E+00  1.69060E-04  1.61560E+00 
4.68999E+01 1.54499E+00  1.72267E-04  1.62059E+00 
4.69999E+01 1.54999E+00  1.75539E-04  1.62560E+00 
4.70999E+01 1.55499E+00  1.78794E-04  1.63060E+00 
4.71999E+01 1.55999E+00  1.82081E-04  1.63561E+00 
4.72999E+01 1.56499E+00  1.85410E-04  1.64059E+00 
4.73999E+01 1.56999E+00  1.88709E-04  1.64560E+00 
4.74999E+01 1.57499E+00  1.92044E-04  1.65061E+00 
4.75999E+01 1.57999E+00  1.95417E-04  1.65562E+00 
4.76999E+01 1.58499E+00  1.98793E-04  1.66062E+00 
4.77999E+01 1.58999E+00  2.02196E-04  1.66561E+00 
4.78999E+01 1.59499E+00  2.05574E-04  1.67062E+00 
4.79999E+01 1.59999E+00  2.08987E-04  1.67561E+00 
4.80999E+01 1.60499E+00  2.12413E-04  1.68059E+00 
4.81999E+01 1.60999E+00  2.16360E-04  1.68561E+00 
4.82999E+01 1.61499E+00  2.19795E-04  1.69063E+00 
4.83999E+01 1.61999E+00  2.23246E-04  1.69562E+00 
4.84999E+01 1.62499E+00  2.26691E-04  1.70061E+00 
4.85999E+01 1.62999E+00  2.30165E-04  1.70564E+00 
4.86999E+01 1.63499E+00  2.33609E-04  1.71062E+00 
4.87999E+01 1.63999E+00  2.37079E-04  1.71562E+00 
4.88999E+01 1.64499E+00  2.40589E-04  1.72062E+00 
4.89999E+01 1.64999E+00  2.44072E-04  1.72564E+00 
4.90999E+01 1.65499E+00  2.47530E-04  1.73063E+00 
4.91999E+01 1.65999E+00  2.50951E-04  1.73563E+00 
4.92999E+01 1.66499E+00  2.54442E-04  1.74062E+00 
4.93999E+01 1.66999E+00  2.57932E-04  1.74567E+00 
4.94999E+01 1.67499E+00  2.61418E-04  1.75065E+00 
4.95999E+01 1.67999E+00  2.64800E-04  1.75568E+00 
4.96999E+01 1.68499E+00  2.68172E-04  1.76067E+00 
4.97999E+01 1.68999E+00  2.71568E-04  1.76568E+00 
4.98999E+01 1.69499E+00  2.75002E-04  1.77067E+00 
4.99999E+01 1.69999E+00  2.78331E-04  1.77568E+00 
5.00999E+01 1.70499E+00  2.81713E-04  1.78068E+00 
5.01999E+01 1.70999E+00  2.85021E-04  1.78570E+00 
5.02999E+01 1.71499E+00  2.88352E-04  1.79069E+00 
5.03999E+01 1.71999E+00  2.91668E-04  1.79568E+00 
5.04999E+01 1.72499E+00  2.94923E-04  1.80069E+00 
5.05999E+01 1.72999E+00  2.98153E-04  1.80572E+00 
5.06999E+01 1.73499E+00  3.01435E-04  1.81069E+00 
5.07999E+01 1.73999E+00  3.04687E-04  1.81570E+00 
5.08999E+01 1.74499E+00  3.07847E-04  1.82068E+00 
5.09999E+01 1.74999E+00  3.11041E-04  1.82570E+00 
5.10999E+01 1.75499E+00  3.14115E-04  1.83068E+00 
5.11999E+01 1.75999E+00  3.17210E-04  1.83569E+00 
5.12999E+01 1.76499E+00  3.20202E-04  1.84070E+00 
5.13999E+01 1.76999E+00  3.23293E-04  1.84572E+00 
5.14999E+01 1.77499E+00  3.26276E-04  1.85070E+00 
5.15999E+01 1.77999E+00  3.29304E-04  1.85569E+00 
5.16999E+01 1.78499E+00  3.32244E-04  1.86066E+00 
5.17999E+01 1.78999E+00  3.35179E-04  1.86572E+00 
5.18999E+01 1.79499E+00  3.38038E-04  1.87071E+00 
5.19999E+01 1.79999E+00  3.40990E-04  1.87572E+00 
5.20999E+01 1.79499E+00  3.34557E-04  1.87070E+00 
5.21999E+01 1.78999E+00  3.28429E-04  1.86574E+00 
5.22999E+01 1.78499E+00  3.22434E-04  1.86071E+00 
5.23999E+01 1.77999E+00  3.16637E-04  1.85573E+00 
5.24999E+01 1.77499E+00  3.10863E-04  1.85073E+00 
5.25999E+01 1.76999E+00  3.05187E-04  1.84574E+00 
5.26999E+01 1.76499E+00  2.99581E-04  1.84073E+00 
5.27999E+01 1.75999E+00  2.94137E-04  1.83571E+00 
5.28999E+01 1.75499E+00  2.88740E-04  1.83072E+00 
5.29999E+01 1.74999E+00  2.83499E-04  1.82574E+00 
5.30999E+01 1.74499E+00  2.78217E-04  1.82070E+00 
5.31999E+01 1.73999E+00  2.73035E-04  1.81572E+00 
5.32999E+01 1.73499E+00  2.67907E-04  1.81070E+00 
5.33999E+01 1.72999E+00  2.62841E-04  1.80570E+00 
5.34999E+01 1.72499E+00  2.57861E-04  1.80070E+00 
5.35999E+01 1.71999E+00  2.52928E-04  1.79568E+00 
5.36999E+01 1.71499E+00  2.48127E-04  1.79070E+00 
5.37999E+01 1.70999E+00  2.43424E-04  1.78571E+00 
5.38999E+01 1.70499E+00  2.38732E-04  1.78070E+00 
5.39999E+01 1.69999E+00  2.34072E-04  1.77567E+00 
5.40999E+01 1.69499E+00  2.29471E-04  1.77068E+00 
5.41999E+01 1.68999E+00  2.24953E-04  1.76570E+00 
5.42999E+01 1.68499E+00  2.20522E-04  1.76068E+00 
5.43999E+01 1.67999E+00  2.16186E-04  1.75567E+00 
5.44999E+01 1.67499E+00  2.11817E-04  1.75066E+00 
5.45999E+01 1.66999E+00  2.07544E-04  1.74566E+00 
5.46999E+01 1.66499E+00  2.03328E-04  1.74064E+00 
5.47999E+01 1.65999E+00  1.99177E-04  1.73565E+00 
5.48999E+01 1.65499E+00  1.95110E-04  1.73064E+00 
5.49999E+01 1.64999E+00  1.91146E-04  1.72564E+00 
5.50999E+01 1.64499E+00  1.87113E-04  1.72063E+00 
5.51999E+01 1.63999E+00  1.83154E-04  1.71564E+00 
5.52999E+01 1.63499E+00  1.79291E-04  1.71064E+00 
5.53999E+01 1.62999E+00  1.75457E-04  1.70562E+00 
5.54999E+01 1.62499E+00  1.71747E-04  1.70059E+00 
5.55999E+01 1.61999E+00  1.68160E-04  1.69561E+00 
5.56999E+01 1.61499E+00  1.64770E-04  1.69061E+00 
5.57999E+01 1.60999E+00  1.61468E-04  1.68561E+00 
5.58999E+01 1.60499E+00  1.58164E-04  1.68059E+00 
5.59999E+01 1.59999E+00  1.54796E-04  1.67562E+00 
5.60999E+01 1.59499E+00  1.51736E-04  1.67060E+00 
5.61999E+01 1.58999E+00  1.48346E-04  1.66561E+00 
5.62999E+01 1.58499E+00  1.44456E-04  1.66061E+00 
5.63999E+01 1.57999E+00  1.40791E-04  1.65561E+00 
5.64999E+01 1.57499E+00  1.37253E-04  1.65059E+00 
5.65999E+01 1.56999E+00  1.33912E-04  1.64559E+00 
5.66999E+01 1.56499E+00  1.30614E-04  1.64058E+00 
5.67999E+01 1.55999E+00  1.27454E-04  1.63559E+00 
5.68999E+01 1.55499E+00  1.24363E-04  1.63060E+00 
5.69999E+01 1.54999E+00  1.21284E-04  1.62559E+00 
5.70999E+01 1.54499E+00  1.18157E-04  1.62059E+00 
5.71999E+01 1.53999E+00  1.15044E-04  1.61559E+00 
5.72999E+01 1.53499E+00  1.11974E-04  1.61059E+00 
5.73999E+01 1.52999E+00  1.09051E-04  1.60558E+00 
5.74999E+01 1.52499E+00  1.06166E-04  1.60058E+00 
5.75999E+01 1.51999E+00  1.03334E-04  1.59559E+00 
5.76999E+01 1.51499E+00  1.00534E-04  1.59055E+00 
5.77999E+01 1.50999E+00  9.77690E-05  1.58556E+00 
5.78999E+01 1.50499E+00  9.50258E-05  1.58057E+00 
5.79999E+01 1.49999E+00  9.23637E-05  1.57557E+00 
5.80999E+01 1.49499E+00  8.97389E-05  1.57057E+00 
5.81999E+01 1.48999E+00  8.71923E-05  1.56556E+00 
5.82999E+01 1.48499E+00  8.46642E-05  1.56058E+00 
5.83999E+01 1.47999E+00  8.22128E-05  1.55555E+00 
5.84999E+01 1.47499E+00  7.97617E-05  1.55054E+00 
5.85999E+01 1.46999E+00  7.73638E-05  1.54554E+00 
5.86999E+01 1.46499E+00  7.50343E-05  1.54054E+00 
5.87999E+01 1.45999E+00  7.27239E-05  1.53555E+00 
5.88999E+01 1.45499E+00  7.05041E-05  1.53055E+00 
5.89999E+01 1.44999E+00  6.82034E-05  1.52555E+00 
5.90999E+01 1.44499E+00  6.59609E-05  1.52052E+00 
5.91999E+01 1.43999E+00  6.38370E-05  1.51555E+00 
5.92999E+01 1.43499E+00  6.18319E-05  1.51055E+00 
5.93999E+01 1.42999E+00  5.97141E-05  1.50552E+00 
5.94999E+01 1.42499E+00  5.79301E-05  1.50053E+00 
5.95999E+01 1.41999E+00  5.59632E-05  1.49554E+00 
5.96999E+01 1.41499E+00  5.39715E-05  1.49052E+00 
5.97999E+01 1.40999E+00  5.21825E-05  1.48552E+00 
5.98999E+01 1.40499E+00  5.04502E-05  1.48051E+00 
5.99998E+01 1.39999E+00  4.87969E-05  1.47552E+00 
6.00998E+01 1.39499E+00  4.72400E-05  1.47051E+00 
6.01998E+01 1.38999E+00  4.55309E-05  1.46551E+00 
6.02998E+01 1.38499E+00  4.38654E-05  1.46050E+00 
6.03998E+01 1.37999E+00  4.21973E-05  1.45550E+00 
6.04998E+01 1.37499E+00  4.06009E-05  1.45051E+00 
6.05998E+01 1.36999E+00  3.89591E-05  1.44548E+00 
6.06998E+01 1.36499E+00  3.73924E-05  1.44049E+00 
6.07998E+01 1.35999E+00  3.58363E-05  1.43549E+00 
6.08998E+01 1.35499E+00  3.38239E-05  1.43046E+00 
6.09998E+01 1.34999E+00  3.23164E-05  1.42545E+00 
6.10998E+01 1.34499E+00  3.08231E-05  1.42045E+00 
6.11998E+01 1.33999E+00  2.93443E-05  1.41543E+00 
6.12998E+01 1.33499E+00  2.80167E-05  1.41043E+00 
6.13998E+01 1.32999E+00  2.68500E-05  1.40545E+00 
6.14998E+01 1.32499E+00  2.57266E-05  1.40045E+00 
6.15998E+01 1.31999E+00  2.47153E-05  1.39545E+00 
6.16998E+01 1.31499E+00  2.37319E-05  1.39042E+00 
6.17998E+01 1.30999E+00  2.26813E-05  1.38543E+00 
6.18998E+01 1.30499E+00  2.17593E-05  1.38043E+00 
6.19998E+01 1.29999E+00  2.07538E-05  1.37543E+00 
6.20998E+01 1.29499E+00  1.96394E-05  1.37042E+00 
6.21998E+01 1.28999E+00  1.89139E-05  1.36542E+00 
6.22998E+01 1.28499E+00  1.82889E-05  1.36042E+00 
6.23998E+01 1.27999E+00  1.74215E-05  1.35542E+00 
6.24998E+01 1.27499E+00  1.67409E-05  1.35044E+00 
6.25998E+01 1.26999E+00  1.58892E-05  1.34541E+00 
6.26998E+01 1.26499E+00  1.52305E-05  1.34042E+00 
6.27998E+01 1.25999E+00  1.46568E-05  1.33542E+00 
6.28998E+01 1.25499E+00  1.39282E-05  1.33043E+00 
6.29998E+01 1.24999E+00  1.33448E-05  1.32543E+00 
6.30998E+01 1.24499E+00  1.28760E-05  1.32041E+00 
6.31998E+01 1.23999E+00  1.23114E-05  1.31543E+00 
6.32998E+01 1.23499E+00  1.17343E-05  1.31040E+00 
6.33998E+01 1.22999E+00  1.11973E-05  1.30541E+00 
6.34998E+01 1.22499E+00  1.07056E-05  1.30041E+00 
6.35998E+01 1.21999E+00  1.02172E-05  1.29542E+00 
6.36998E+01 1.21499E+00  9.76487E-06  1.29040E+00 
6.37998E+01 1.20999E+00  9.43121E-06  1.28539E+00 
6.38998E+01 1.20499E+00  9.20016E-06  1.28042E+00 
6.39998E+01 1.19999E+00  8.84177E-06  1.27542E+00 
6.40998E+01 1.19500E+00  8.22425E-06  1.27039E+00 
6.41998E+01 1.19000E+00  7.72614E-06  1.26537E+00 
6.42998E+01 1.18500E+00  7.90772E-06  1.26038E+00 
6.43998E+01 1.18000E+00  8.40500E-06  1.25537E+00 
6.44998E+01 1.17500E+00  7.84561E-06  1.25037E+00 
6.45998E+01 1.17000E+00  7.25001E-06  1.24538E+00 
6.46998E+01 1.16500E+00  6.73051E-06  1.24037E+00 
6.47998E+01 1.16000E+00  6.38777E-06  1.23537E+00 
6.48998E+01 1.15500E+00  6.05677E-06  1.23039E+00 
6.49998E+01 1.15000E+00  5.90526E-06  1.22537E+00 
6.50998E+01 1.14500E+00  5.89286E-06  1.22035E+00 
6.51998E+01 1.14000E+00  5.81076E-06  1.21538E+00 
6.52998E+01 1.13500E+00  5.70381E-06  1.21037E+00 
6.53998E+01 1.13000E+00  5.61401E-06  1.20535E+00 
6.54998E+01 1.12500E+00  5.59054E-06  1.20032E+00 
6.55998E+01 1.12000E+00  5.35994E-06  1.19537E+00 
6.56998E+01 1.11500E+00  5.47351E-06  1.19036E+00 
6.57998E+01 1.11000E+00  5.34884E-06  1.18536E+00 
6.58998E+01 1.10500E+00  5.14982E-06  1.18035E+00 
6.59998E+01 1.10000E+00  5.00410E-06  1.17536E+00 
6.60998E+01 1.09500E+00  4.86589E-06  1.17037E+00 
6.61998E+01 1.09000E+00  4.79340E-06  1.16535E+00 
6.62998E+01 1.08500E+00  4.60285E-06  1.16035E+00 
6.63998E+01 1.08000E+00  4.40972E-06  1.15535E+00 
6.64998E+01 1.07500E+00  4.32362E-06  1.15035E+00 
6.65998E+01 1.07000E+00  4.23117E-06  1.14534E+00 
6.66998E+01 1.06500E+00  4.03489E-06  1.14032E+00 
6.67998E+01 1.06000E+00  3.99625E-06  1.13532E+00 
6.68998E+01 1.05500E+00  3.87670E-06  1.13033E+00 
6.69998E+01 1.05000E+00  3.87338E-06  1.12533E+00 
6.70998E+01 1.04500E+00  3.80328E-06  1.12033E+00 
6.71998E+01 1.04000E+00  3.66794E-06  1.11531E+00 
6.72998E+01 1.03500E+00  3.49759E-06  1.11030E+00 
6.73998E+01 1.03000E+00  3.58097E-06  1.10531E+00 
6.74998E+01 1.02500E+00  3.62751E-06  1.10029E+00 
6.75998E+01 1.02000E+00  3.40312E-06  1.09530E+00 
6.76998E+01 1.01500E+00  3.11418E-06  1.09030E+00 
6.77998E+01 1.01000E+00  3.44449E-06  1.08528E+00 
6.78998E+01 1.00500E+00  3.30058E-06  1.08028E+00 
6.79998E+01 9.99995E-01  3.43767E-06  1.07529E+00 
6.80998E+01 9.94996E-01  3.44848E-06  1.07028E+00 
6.81998E+01 9.89996E-01  3.46333E-06  1.06528E+00 
6.82998E+01 9.84996E-01  3.40167E-06  1.06028E+00 
6.83998E+01 9.79996E-01  3.35667E-06  1.05528E+00 
6.84998E+01 9.74996E-01  3.33502E-06  1.05029E+00 
6.85998E+01 9.69996E-01  3.18913E-06  1.04527E+00 
6.86998E+01 9.64996E-01  3.07889E-06  1.04027E+00 
6.87998E+01 9.59996E-01  3.03992E-06  1.03526E+00 
6.88998E+01 9.54996E-01  2.93867E-06  1.03029E+00 
6.89998E+01 9.49996E-01  2.40132E-06  1.02529E+00 
6.90998E+01 9.44996E-01  2.21124E-06  1.02026E+00 
6.91998E+01 9.39996E-01  2.35149E-06  1.01528E+00 
6.92998E+01 9.34996E-01  2.40604E-06  1.01027E+00 
6.93998E+01 9.29996E-01  2.43182E-06  1.00526E+00 
6.94998E+01 9.24996E-01  2.41922E-06  1.00026E+00 
6.95998E+01 9.19996E-01  2.37773E-06  9.95224E-01 
6.96998E+01 9.14996E-01  2.34165E-06  9.90253E-01 
6.97998E+01 9.09996E-01  2.29754E-06  9.85259E-01 
6.98998E+01 9.04996E-01  2.21817E-06  9.80230E-01 
6.99998E+01 8.99996E-01  2.21135E-06  9.75243E-01 
7.00998E+01 8.94996E-01  2.19901E-06  9.70233E-01 
7.01998E+01 8.89996E-01  2.10012E-06  9.65241E-01 
7.02998E+01 8.84996E-01  2.03741E-06  9.60235E-01 
7.03998E+01 8.79996E-01  1.97380E-06  9.55233E-01 
7.04998E+01 8.74996E-01  1.91277E-06  9.50220E-01 
7.05998E+01 8.69996E-01  1.85388E-06  9.45229E-01 
7.06998E+01 8.64996E-01  1.80665E-06  9.40229E-01 
7.07998E+01 8.59996E-01  1.74781E-06  9.35203E-01 
7.08998E+01 8.54996E-01  1.69740E-06  9.30209E-01 
7.09998E+01 8.49996E-01  1.64663E-06  9.25196E-01 
7.10998E+01 8.44996E-01  1.59745E-06  9.20210E-01 
7.11998E+01 8.39996E-01  1.54286E-06  9.15228E-01 
7.12998E+01 8.34996E-01  1.48493E-06  9.10195E-01 
7.13998E+01 8.29996E-01  1.38365E-06  9.05215E-01 
7.14998E+01 8.24996E-01  1.34504E-06  9.00215E-01 
7.15998E+01 8.19996E-01  1.41936E-06  8.95205E-01 
7.16998E+01 8.14996E-01  1.33265E-06  8.90206E-01 
7.17998E+01 8.09996E-01  1.24368E-06  8.85213E-01 
7.18998E+01 8.04996E-01  1.16261E-06  8.80204E-01 
7.19998E+01 7.99996E-01  1.09576E-06  8.75200E-01 
7.20998E+01 7.94996E-01  1.03512E-06  8.70184E-01 
7.21998E+01 7.89996E-01  9.68580E-07  8.65198E-01 
7.22998E+01 7.84996E-01  8.98979E-07  8.60153E-01 
7.23998E+01 7.79996E-01  8.39225E-07  8.55179E-01 
7.24998E+01 7.74996E-01  7.85090E-07  8.50161E-01 
7.25998E+01 7.69996E-01  7.39094E-07  8.45159E-01 
7.26998E+01 7.64996E-01  6.71419E-07  8.40171E-01 
7.27998E+01 7.59996E-01  5.83307E-07  8.35175E-01 
7.28998E+01 7.54996E-01  5.15060E-07  8.30166E-01 
7.29998E+01 7.49996E-01  4.53910E-07  8.25147E-01 
7.30998E+01 7.44996E-01  3.79221E-07  8.20153E-01 
7.31998E+01 7.39996E-01  3.10007E-07  8.15176E-01 
7.32998E+01 7.34996E-01  2.50258E-07  8.10142E-01 
7.33998E+01 7.29996E-01  1.77109E-07  8.05162E-01 
7.34998E+01 7.24996E-01  9.78938E-08  8.00143E-01 
7.35998E+01 7.19996E-01  1.98254E-08  7.95179E-01 
7.36998E+01 7.14996E-01  -5.87776E-08 7.90160E-01 
7.37998E+01 7.09996E-01  -1.36966E-07 7.85152E-01 
7.38998E+01 7.04996E-01  -2.07767E-07 7.80139E-01 
7.39998E+01 6.99996E-01  -2.82867E-07 7.75099E-01 
7.40998E+01 6.94996E-01  -3.62265E-07 7.70131E-01 
7.41998E+01 6.89996E-01  -4.45487E-07 7.65129E-01 
7.42998E+01 6.84996E-01  -5.30328E-07 7.60138E-01 
7.43998E+01 6.79996E-01  -6.02031E-07 7.55122E-01 
7.44998E+01 6.74996E-01  -6.78758E-07 7.50098E-01 
7.45998E+01 6.69996E-01  -7.64778E-07 7.45110E-01 
7.46998E+01 6.64996E-01  -8.61851E-07 7.40112E-01 
7.47998E+01 6.59996E-01  -9.54069E-07 7.35109E-01 
7.48998E+01 6.54996E-01  -1.03581E-06 7.30121E-01 
7.49998E+01 6.49996E-01  -1.12869E-06 7.25110E-01 
7.50998E+01 6.44996E-01  -1.22755E-06 7.20114E-01 
7.51998E+01 6.39996E-01  -1.32033E-06 7.15105E-01 
7.52998E+01 6.34996E-01  -1.40704E-06 7.10088E-01 
7.53998E+01 6.29996E-01  -1.50811E-06 7.05095E-01 
7.54998E+01 6.24996E-01  -1.61138E-06 7.00099E-01 
7.55998E+01 6.19996E-01  -1.71078E-06 6.95082E-01 
7.56998E+01 6.14996E-01  -1.81106E-06 6.90058E-01 
7.57998E+01 6.09996E-01  -1.91037E-06 6.85087E-01 
7.58998E+01 6.04996E-01  -2.01456E-06 6.80100E-01 
7.59998E+01 5.99996E-01  -2.12107E-06 6.75090E-01 
7.60998E+01 5.94997E-01  -2.22309E-06 6.70083E-01 
7.61998E+01 5.89997E-01  -2.32989E-06 6.65091E-01 
7.62998E+01 5.84997E-01  -2.43484E-06 6.60096E-01 
7.63998E+01 5.79997E-01  -2.54510E-06 6.55096E-01 
7.64998E+01 5.74997E-01  -2.65314E-06 6.50076E-01 
7.65998E+01 5.69997E-01  -2.76974E-06 6.45081E-01 
7.66998E+01 5.64997E-01  -2.87858E-06 6.40052E-01 
7.67998E+01 5.59997E-01  -2.98883E-06 6.35077E-01 
7.68998E+01 5.54997E-01  -3.10451E-06 6.30061E-01 
7.69998E+01 5.49997E-01  -3.22038E-06 6.25042E-01 
7.70998E+01 5.44997E-01  -3.33492E-06 6.20042E-01 
7.71998E+01 5.39997E-01  -3.45285E-06 6.15053E-01 
7.72998E+01 5.34997E-01  -3.56509E-06 6.10032E-01 
7.73998E+01 5.29997E-01  -3.67982E-06 6.05046E-01 
7.74998E+01 5.24997E-01  -3.79160E-06 6.00033E-01 
7.75998E+01 5.19997E-01  -3.89784E-06 5.95050E-01 
7.76998E+01 5.14997E-01  -3.97968E-06 5.90022E-01 
7.77998E+01 5.09997E-01  -4.08789E-06 5.85018E-01 
7.78998E+01 5.04997E-01  -4.18070E-06 5.80010E-01 
7.79998E+01 4.99997E-01  -4.31195E-06 5.75028E-01 
7.80998E+01 4.94997E-01  -4.44582E-06 5.70022E-01 
7.81998E+01 4.89997E-01  -4.60856E-06 5.65003E-01 
7.82998E+01 4.84997E-01  -4.76466E-06 5.60013E-01 
7.83998E+01 4.79997E-01  -4.92104E-06 5.55013E-01 
7.84998E+01 4.74997E-01  -5.08212E-06 5.50008E-01 
7.85998E+01 4.69997E-01  -5.24688E-06 5.44997E-01 
7.86998E+01 4.64997E-01  -5.39511E-06 5.40004E-01 
7.87998E+01 4.59997E-01  -5.55129E-06 5.35012E-01 
7.88998E+01 4.54997E-01  -5.71121E-06 5.30011E-01 
7.89998E+01 4.49997E-01  -5.88106E-06 5.25008E-01 
7.90998E+01 4.44997E-01  -6.05688E-06 5.20006E-01 
7.91998E+01 4.39997E-01  -6.25031E-06 5.15001E-01 
7.92998E+01 4.34997E-01  -6.44691E-06 5.10010E-01 
7.93998E+01 4.29997E-01  -6.64585E-06 5.05011E-01 
7.94998E+01 4.24997E-01  -6.85171E-06 4.99997E-01 
7.95998E+01 4.19997E-01  -7.07539E-06 4.95007E-01 
7.96998E+01 4.14997E-01  -7.30798E-06 4.90009E-01 
7.97998E+01 4.09997E-01  -7.53285E-06 4.84991E-01 
7.98998E+01 4.04997E-01  -7.70838E-06 4.79979E-01 
7.99998E+01 3.99997E-01  -7.93208E-06 4.75009E-01 
8.00998E+01 3.94997E-01  -8.22242E-06 4.69987E-01 
8.01998E+01 3.89997E-01  -8.53665E-06 4.64967E-01 
8.02998E+01 3.84997E-01  -8.85762E-06 4.59972E-01 
8.03998E+01 3.79997E-01  -9.18908E-06 4.54951E-01 
8.04998E+01 3.74997E-01  -9.53584E-06 4.49949E-01 
8.05998E+01 3.69997E-01  -9.90857E-06 4.44952E-01 
8.06998E+01 3.64997E-01  -1.02806E-05 4.39959E-01 
8.07998E+01 3.59997E-01  -1.06547E-05 4.34960E-01 
8.08998E+01 3.54997E-01  -1.10493E-05 4.29942E-01 
8.09998E+01 3.49997E-01  -1.14656E-05 4.24944E-01 
8.10998E+01 3.44997E-01  -1.19083E-05 4.19928E-01 
8.11998E+01 3.39997E-01  -1.23418E-05 4.14928E-01 
8.12998E+01 3.34997E-01  -1.27823E-05 4.09930E-01 
8.13998E+01 3.29997E-01  -1.32976E-05 4.04917E-01 
8.14998E+01 3.24997E-01  -1.37798E-05 3.99922E-01 
8.15998E+01 3.19997E-01  -1.43155E-05 3.94932E-01 
8.16998E+01 3.14997E-01  -1.48137E-05 3.89911E-01 
8.17998E+01 3.09997E-01  -1.53276E-05 3.84904E-01 
8.18998E+01 3.04997E-01  -1.58616E-05 3.79922E-01 
8.19998E+01 2.99997E-01  -1.64189E-05 3.74925E-01 
8.20998E+01 2.94997E-01  -1.70093E-05 3.69920E-01 
8.21998E+01 2.89997E-01  -1.75827E-05 3.64912E-01 
8.22998E+01 2.84997E-01  -1.81746E-05 3.59919E-01 
8.23998E+01 2.79997E-01  -1.87954E-05 3.54936E-01 
8.24998E+01 2.74997E-01  -1.94182E-05 3.49911E-01 
8.25998E+01 2.69997E-01  -2.00701E-05 3.44916E-01 
8.26998E+01 2.64997E-01  -2.07197E-05 3.39910E-01 
8.27998E+01 2.59997E-01  -2.13847E-05 3.34912E-01 
8.28998E+01 2.54997E-01  -2.20232E-05 3.29921E-01 
8.29998E+01 2.49997E-01  -2.27148E-05 3.24894E-01 
8.30998E+01 2.44997E-01  -2.34193E-05 3.19907E-01 
8.31998E+01 2.39997E-01  -2.41284E-05 3.14877E-01 
8.32998E+01 2.34997E-01  -2.48391E-05 3.09865E-01 
8.33998E+01 2.29997E-01  -2.55650E-05 3.04868E-01 
8.34998E+01 2.24997E-01  -2.62934E-05 2.99856E-01 
8.35998E+01 2.19997E-01  -2.70253E-05 2.94841E-01 
8.36998E+01 2.14997E-01  -2.77522E-05 2.89834E-01 
8.37998E+01 2.09997E-01  -2.84888E-05 2.84866E-01 
8.38998E+01 2.04997E-01  -2.92187E-05 2.79838E-01 
8.39998E+01 1.99997E-01  -2.99497E-05 2.74860E-01 
8.40998E+01 1.94998E-01  -3.06759E-05 2.69841E-01 
8.41998E+01 1.89998E-01  -3.13999E-05 2.64840E-01 
8.42998E+01 1.84998E-01  -3.21241E-05 2.59844E-01 
8.43998E+01 1.79998E-01  -3.28404E-05 2.54823E-01 
8.44998E+01 1.74998E-01  -3.35412E-05 2.49808E-01 
8.45998E+01 1.69998E-01  -3.42340E-05 2.44800E-01 
8.46998E+01 1.64998E-01  -3.49233E-05 2.39826E-01 
8.47998E+01 1.59998E-01  -3.56070E-05 2.34828E-01 
8.48998E+01 1.54998E-01  -3.62689E-05 2.29810E-01 
8.49998E+01 1.49998E-01  -3.69174E-05 2.24821E-01 
8.50998E+01 1.44998E-01  -3.75567E-05 2.19828E-01 
8.51998E+01 1.39998E-01  -3.81740E-05 2.14822E-01 
8.52998E+01 1.34998E-01  -3.87823E-05 2.09801E-01 
8.53998E+01 1.29998E-01  -3.93779E-05 2.04808E-01 
8.54998E+01 1.24998E-01  -3.99667E-05 1.99813E-01 
8.55998E+01 1.19998E-01  -4.05385E-05 1.94807E-01 
8.56998E+01 1.14998E-01  -4.11000E-05 1.89827E-01 
8.57998E+01 1.09998E-01  -4.16511E-05 1.84823E-01 
8.58998E+01 1.04998E-01  -4.21986E-05 1.79841E-01 
8.59998E+01 9.99977E-02  -4.27511E-05 1.74806E-01 
8.60998E+01 9.49978E-02  -4.32945E-05 1.69825E-01 
8.61998E+01 8.99978E-02  -4.38331E-05 1.64833E-01 
8.62998E+01 8.49978E-02  -4.43724E-05 1.59827E-01 
8.63998E+01 7.99978E-02  -4.49251E-05 1.54800E-01 
8.64998E+01 7.49978E-02  -4.54639E-05 1.49807E-01 
8.65998E+01 6.99978E-02  -4.59978E-05 1.44819E-01 
8.66998E+01 6.49978E-02  -4.65309E-05 1.39811E-01 
8.67998E+01 5.99978E-02  -4.70590E-05 1.34782E-01 
8.68998E+01 5.49979E-02  -4.75649E-05 1.29772E-01 
8.69998E+01 4.99979E-02  -4.80818E-05 1.24799E-01 
8.70998E+01 4.49979E-02  -4.86142E-05 1.19796E-01 
8.71998E+01 3.99979E-02  -4.91388E-05 1.14817E-01 
8.72998E+01 3.49979E-02  -4.96493E-05 1.09772E-01 
8.73998E+01 2.99979E-02  -5.01194E-05 1.04782E-01 
8.74998E+01 2.49979E-02  -5.05692E-05 9.97899E-02 
8.75998E+01 1.99979E-02  -5.09880E-05 9.47989E-02 
8.76998E+01 1.49980E-02  -5.14045E-05 8.97749E-02 
8.77998E+01 9.99797E-03  -5.17999E-05 8.47778E-02 
8.78998E+01 4.99799E-03  -5.21570E-05 7.97824E-02 
8.79998E+01 -2.00000E-06 -5.25414E-05 7.47703E-02 
8.80998E+01 -5.00199E-03 -5.30212E-05 6.97494E-02 
8.81998E+01 -1.00020E-02 -5.31626E-05 6.47784E-02 
8.82998E+01 -1.50020E-02 -5.32283E-05 5.97925E-02 
8.83998E+01 -2.00020E-02 -5.35117E-05 5.47834E-02 
8.84998E+01 -2.50019E-02 -5.37607E-05 4.97464E-02 
8.85998E+01 -3.00019E-02 -5.39968E-05 4.47423E-02 
8.86998E+01 -3.50019E-02 -5.42268E-05 3.97476E-02 
8.87998E+01 -4.00019E-02 -5.44503E-05 3.47324E-02 
8.88998E+01 -4.50019E-02 -5.46776E-05 2.97383E-02 
8.89998E+01 -5.00019E-02 -5.49059E-05 2.47037E-02 
8.90998E+01 -5.50019E-02 -5.51342E-05 1.97352E-02 
8.91998E+01 -6.00019E-02 -5.53582E-05 1.47149E-02 
8.92998E+01 -6.50018E-02 -5.55807E-05 9.72525E-03 
8.93998E+01 -7.00018E-02 -5.58033E-05 4.69936E-03 
8.94998E+01 -7.50018E-02 -5.60283E-05 -2.79701E-04
8.95998E+01 -8.00018E-02 -5.62570E-05 -5.26629E-03
8.96998E+01 -8.50018E-02 -5.64928E-05 -1.03021E-02
8.97998E+01 -9.00018E-02 -5.67251E-05 -1.53156E-02
8.98998E+01 -9.50018E-02 -5.69623E-05 -2.03153E-02
8.99998E+01 -1.00002E-01 -5.72118E-05 -2.52956E-02
9.00998E+01 -1.05002E-01 -5.74605E-05 -3.02908E-02
9.01998E+01 -1.10002E-01 -5.77138E-05 -3.53068E-02
9.02998E+01 -1.15002E-01 -5.79798E-05 -4.03152E-02
9.03998E+01 -1.20002E-01 -5.82451E-05 -4.52936E-02
9.04998E+01 -1.25002E-01 -5.85195E-05 -5.02958E-02
9.05998E+01 -1.30002E-01 -5.88026E-05 -5.52954E-02
9.06998E+01 -1.35002E-01 -5.90965E-05 -6.03151E-02
9.07998E+01 -1.40002E-01 -5.93978E-05 -6.53023E-02
9.08998E+01 -1.45002E-01 -5.97058E-05 -7.02989E-02
9.09998E+01 -1.50002E-01 -6.00323E-05 -7.53067E-02
9.10998E+01 -1.55002E-01 -6.03722E-05 -8.03363E-02
9.11998E+01 -1.60002E-01 -6.07282E-05 -8.52991E-02
9.12998E+01 -1.65002E-01 -6.11089E-05 -9.03138E-02
9.13998E+01 -1.70002E-01 -6.15073E-05 -9.53259E-02
9.14998E+01 -1.75002E-01 -6.19252E-05 -1.00324E-01
9.15998E+01 -1.80002E-01 -6.23702E-05 -1.05326E-01
9.16998E+01 -1.85002E-01 -6.28558E-05 -1.10306E-01
9.17998E+01 -1.90002E-01 -6.33840E-05 -1.15331E-01
9.18998E+01 -1.95002E-01 -6.39652E-05 -1.20327E-01
9.19998E+01 -2.00002E-01 -6.46207E-05 -1.25307E-01
9.20998E+01 -2.05001E-01 -6.53822E-05 -1.30299E-01
9.21998E+01 -2.10001E-01 -6.62775E-05 -1.35308E-01
9.22998E+01 -2.15001E-01 -6.73168E-05 -1.40327E-01
9.23998E+01 -2.20001E-01 -6.84872E-05 -1.45324E-01
9.24998E+01 -2.25001E-01 -6.98090E-05 -1.50312E-01
9.25998E+01 -2.30001E-01 -7.12262E-05 -1.55325E-01
9.26998E+01 -2.35001E-01 -7.27007E-05 -1.60357E-01
9.27998E+01 -2.40001E-01 -7.42136E-05 -1.65334E-01
9.28998E+01 -2.45001E-01 -7.57419E-05 -1.70352E-01
9.29998E+01 -2.50001E-01 -7.73037E-05 -1.75351E-01
9.30998E+01 -2.55001E-01 -7.88805E-05 -1.80371E-01
9.31998E+01 -2.60001E-01 -8.04633E-05 -1.85372E-01
9.32998E+01 -2.65001E-01 -8.20585E-05 -1.90362E-01
9.33998E+01 -2.70001E-01 -8.36641E-05 -1.95382E-01
9.34998E+01 -2.75001E-01 -8.52742E-05 -2.00370E-01
9.35998E+01 -2.80001E-01 -8.68940E-05 -2.05383E-01
9.36998E+01 -2.85001E-01 -8.85204E-05 -2.10367E-01
9.37998E+01 -2.90001E-01 -9.01506E-05 -2.15380E-01
9.38998E+01 -2.95001E-01 -9.17868E-05 -2.20383E-01
9.39998E+01 -3.00001E-01 -9.34108E-05 -2.25382E-01
9.40998E+01 -3.05001E-01 -9.50450E-05 -2.30373E-01
9.41998E+01 -3.10001E-01 -9.66703E-05 -2.35375E-01
9.42998E+01 -3.15001E-01 -9.82989E-05 -2.40426E-01
9.43998E+01 -3.20001E-01 -9.99025E-05 -2.45403E-01
9.44998E+01 -3.25001E-01 -1.01512E-04 -2.50419E-01
9.45998E+01 -3.30001E-01 -1.03114E-04 -2.55412E-01
9.46998E+01 -3.35001E-01 -1.04695E-04 -2.60446E-01
9.47998E+01 -3.40001E-01 -1.06258E-04 -2.65417E-01
9.48998E+01 -3.45001E-01 -1.07793E-04 -2.70404E-01
9.49998E+01 -3.50001E-01 -1.09299E-04 -2.75391E-01
9.50998E+01 -3.55001E-01 -1.10783E-04 -2.80409E-01
9.51998E+01 -3.60001E-01 -1.12243E-04 -2.85419E-01
9.52998E+01 -3.65001E-01 -1.13673E-04 -2.90395E-01
9.53998E+01 -3.70001E-01 -1.15083E-04 -2.95411E-01
9.54998E+01 -3.75001E-01 -1.16455E-04 -3.00411E-01
9.55998E+01 -3.80001E-01 -1.17799E-04 -3.05429E-01
9.56998E+01 -3.85001E-01 -1.19127E-04 -3.10430E-01
9.57998E+01 -3.90001E-01 -1.20412E-04 -3.15405E-01
9.58998E+01 -3.95001E-01 -1.21646E-04 -3.20430E-01
9.59998E+01 -4.00001E-01 -1.22868E-04 -3.25443E-01
9.60998E+01 -4.05001E-01 -1.24059E-04 -3.30443E-01
9.61998E+01 -4.10001E-01 -1.25215E-04 -3.35436E-01
9.62998E+01 -4.15001E-01 -1.26334E-04 -3.40422E-01
9.63998E+01 -4.20001E-01 -1.27439E-04 -3.45463E-01
9.64998E+01 -4.25001E-01 -1.28489E-04 -3.50453E-01
9.65998E+01 -4.30001E-01 -1.29510E-04 -3.55474E-01
9.66998E+01 -4.35001E-01 -1.30497E-04 -3.60471E-01
9.67998E+01 -4.40001E-01 -1.31462E-04 -3.65452E-01
9.68998E+01 -4.45001E-01 -1.32404E-04 -3.70444E-01
9.69998E+01 -4.50001E-01 -1.33339E-04 -3.75462E-01
9.70998E+01 -4.55001E-01 -1.34206E-04 -3.80471E-01
9.71998E+01 -4.60001E-01 -1.35071E-04 -3.85470E-01
9.72998E+01 -4.65001E-01 -1.35906E-04 -3.90461E-01
9.73998E+01 -4.70001E-01 -1.36727E-04 -3.95476E-01
9.74998E+01 -4.75001E-01 -1.37519E-04 -4.00470E-01
9.75998E+01 -4.80001E-01 -1.38352E-04 -4.05464E-01
9.76998E+01 -4.85001E-01 -1.39122E-04 -4.10496E-01
9.77998E+01 -4.90001E-01 -1.39873E-04 -4.15494E-01
9.78998E+01 -4.95001E-01 -1.40582E-04 -4.20463E-01
9.79998E+01 -5.00001E-01 -1.41297E-04 -4.25450E-01
9.80998E+01 -5.05001E-01 -1.41972E-04 -4.30468E-01
9.81998E+01 -5.10001E-01 -1.42617E-04 -4.35495E-01
9.82998E+01 -5.15001E-01 -1.43259E-04 -4.40491E-01
9.83998E+01 -5.20001E-01 -1.43918E-04 -4.45494E-01
9.84998E+01 -5.25001E-01 -1.44544E-04 -4.50504E-01
9.85998E+01 -5.30001E-01 -1.45162E-04 -4.55498E-01
9.86998E+01 -5.35001E-01 -1.45774E-04 -4.60497E-01
9.87998E+01 -5.40001E-01 -1.46361E-04 -4.65486E-01
9.88998E+01 -5.45001E-01 -1.46947E-04 -4.70497E-01
9.89998E+01 -5.50001E-01 -1.47537E-04 -4.75512E-01
9.90998E+01 -5.55001E-01 -1.48100E-04 -4.80512E-01
9.91998E+01 -5.60001E-01 -1.48712E-04 -4.85538E-01
9.92998E+01 -5.65001E-01 -1.49315E-04 -4.90533E-01
9.93998E+01 -5.70001E-01 -1.49897E-04 -4.95521E-01
9.94998E+01 -5.75001E-01 -1.50519E-04 -5.00538E-01
9.95998E+01 -5.80001E-01 -1.51139E-04 -5.05534E-01
9.96998E+01 -5.85001E-01 -1.51830E-04 -5.10556E-01
9.97998E+01 -5.90001E-01 -1.52411E-04 -5.15541E-01
9.98998E+01 -5.95001E-01 -1.53049E-04 -5.20556E-01
9.99997E+01 -6.00001E-01 -1.53758E-04 -5.25553E-01
1.00100E+02 -6.05000E-01 -1.54364E-04 -5.30588E-01
1.00200E+02 -6.10000E-01 -1.54939E-04 -5.35577E-01
1.00300E+02 -6.15000E-01 -1.55587E-04 -5.40563E-01
1.00400E+02 -6.20000E-01 -1.56262E-04 -5.45592E-01
1.00500E+02 -6.25000E-01 -1.56924E-04 -5.50575E-01
1.00600E+02 -6.30000E-01 -1.57630E-04 -5.55590E-01
1.00700E+02 -6.35000E-01 -1.58264E-04 -5.60576E-01
1.00800E+02 -6.40000E-01 -1.58916E-04 -5.65582E-01
1.00900E+02 -6.45000E-01 -1.59437E-04 -5.70578E-01
1.01000E+02 -6.50000E-01 -1.60025E-04 -5.75585E-01
1.01100E+02 -6.55000E-01 -1.60524E-04 -5.80575E-01
1.01200E+02 -6.60000E-01 -1.61155E-04 -5.85586E-01
1.01300E+02 -6.65000E-01 -1.61635E-04 -5.90585E-01
1.01400E+02 -6.70000E-01 -1.62163E-04 -5.95596E-01
1.01500E+02 -6.75000E-01 -1.62655E-04 -6.00586E-01
1.01600E+02 -6.80000E-01 -1.63011E-04 -6.05576E-01
1.01700E+02 -6.85000E-01 -1.63145E-04 -6.10594E-01
1.01800E+02 -6.90000E-01 -1.63251E-04 -6.15613E-01
1.01900E+02 -6.95000E-01 -1.63154E-04 -6.20575E-01
1.02000E+02 -7.00000E-01 -1.62636E-04 -6.25601E-01
1.02100E+02 -7.05000E-01 -1.61459E-04 -6.30585E-01
1.02200E+02 -7.10000E-01 -1.58892E-04 -6.35611E-01
1.02300E+02 -7.15000E-01 -1.54081E-04 -6.40605E-01
1.02400E+02 -7.20000E-01 -1.45424E-04 -6.45587E-01
1.02500E+02 -7.25000E-01 -1.32496E-04 -6.50619E-01
1.02600E+02 -7.30000E-01 -1.18081E-04 -6.55625E-01
1.02700E+02 -7.35000E-01 -1.06161E-04 -6.60637E-01
1.02800E+02 -7.40000E-01 -9.77806E-05 -6.65625E-01
1.02900E+02 -7.45000E-01 -9.17955E-05 -6.70632E-01
1.03000E+02 -7.50000E-01 -8.71651E-05 -6.75637E-01
1.03100E+02 -7.55000E-01 -8.34317E-05 -6.80646E-01
1.03200E+02 -7.60000E-01 -8.01250E-05 -6.85649E-01
1.03300E+02 -7.65000E-01 -7.72823E-05 -6.90630E-01
1.03400E+02 -7.70000E-01 -7.46468E-05 -6.95644E-01
1.03500E+02 -7.75000E-01 -7.23104E-05 -7.00659E-01
1.03600E+02 -7.80000E-01 -7.02180E-05 -7.05654E-01
1.03700E+02 -7.85000E-01 -6.83230E-05 -7.10646E-01
1.03800E+02 -7.90000E-01 -6.66139E-05 -7.15654E-01
1.03900E+02 -7.95000E-01 -6.50369E-05 -7.20647E-01
