time/s      E/V        I/A
0.00000E+00 -8.00000E-01 -1.35023E-04 -6.58982E-01
9.99997E-02 -7.95000E-01 -1.02393E-04 -6.53952E-01
1.99999E-01 -7.90000E-01 -8.65453E-05 -6.48930E-01
2.99999E-01 -7.85000E-01 -7.57367E-05 -6.43944E-01
3.99999E-01 -7.80000E-01 -6.91145E-05 -6.38931E-01
4.99999E-01 -7.75000E-01 -6.27373E-05 -6.33952E-01
5.99998E-01 -7.70000E-01 -5.75717E-05 -6.28949E-01
6.99998E-01 -7.65000E-01 -5.32348E-05 -6.23924E-01
7.99998E-01 -7.60000E-01 -4.95371E-05 -6.18926E-01
8.99998E-01 -7.55000E-01 -4.62994E-05 -6.13938E-01
9.99997E-01 -7.50000E-01 -4.34645E-05 -6.08939E-01
1.10000E+00 -7.45000E-01 -4.09372E-05 -6.03911E-01
1.20000E+00 -7.40000E-01 -3.86759E-05 -5.98897E-01
1.30000E+00 -7.35000E-01 -3.66473E-05 -5.93931E-01
1.40000E+00 -7.30000E-01 -3.48168E-05 -5.88904E-01
1.50000E+00 -7.25000E-01 -3.32598E-05 -5.83906E-01
1.60000E+00 -7.20000E-01 -3.16803E-05 -5.78902E-01
1.70000E+00 -7.15000E-01 -3.02183E-05 -5.73920E-01
1.80000E+00 -7.10000E-01 -2.88727E-05 -5.68904E-01
1.90000E+00 -7.05000E-01 -2.76042E-05 -5.63898E-01
1.99999E+00 -7.00000E-01 -2.64231E-05 -5.58907E-01
2.09999E+00 -6.95000E-01 -2.53235E-05 -5.53913E-01
2.19999E+00 -6.90000E-01 -2.42924E-05 -5.48873E-01
2.29999E+00 -6.85000E-01 -2.33368E-05 -5.43886E-01
2.39999E+00 -6.80000E-01 -2.24370E-05 -5.38866E-01
2.49999E+00 -6.75000E-01 -2.15905E-05 -5.33881E-01
2.59999E+00 -6.70000E-01 -2.07878E-05 -5.28873E-01
2.69999E+00 -6.65000E-01 -1.99900E-05 -5.23870E-01
2.79999E+00 -6.60000E-01 -1.92130E-05 -5.18874E-01
2.89999E+00 -6.55000E-01 -1.84230E-05 -5.13870E-01
2.99999E+00 -6.50000E-01 -1.76517E-05 -5.08878E-01
3.09999E+00 -6.45000E-01 -1.69470E-05 -5.03855E-01
3.19999E+00 -6.40000E-01 -1.64292E-05 -4.98851E-01
3.29999E+00 -6.35000E-01 -1.59111E-05 -4.93836E-01
3.39999E+00 -6.30000E-01 -1.54284E-05 -4.88822E-01
3.49999E+00 -6.25000E-01 -1.49464E-05 -4.83827E-01
3.59999E+00 -6.20000E-01 -1.44396E-05 -4.78824E-01
3.69999E+00 -6.15000E-01 -1.39666E-05 -4.73804E-01
3.79999E+00 -6.10000E-01 -1.35224E-05 -4.68797E-01
3.89999E+00 -6.05000E-01 -1.30849E-05 -4.63798E-01
3.99999E+00 -6.00001E-01 -1.26061E-05 -4.58805E-01
4.09999E+00 -5.95001E-01 -1.20560E-05 -4.53797E-01
4.19999E+00 -5.90001E-01 -1.16452E-05 -4.48768E-01
4.29999E+00 -5.85001E-01 -1.12780E-05 -4.43776E-01
4.39999E+00 -5.80001E-01 -1.08981E-05 -4.38779E-01
4.49999E+00 -5.75001E-01 -1.05349E-05 -4.33791E-01
4.59999E+00 -5.70001E-01 -1.01402E-05 -4.28800E-01
4.69999E+00 -5.65001E-01 -9.78823E-06 -4.23785E-01
4.79999E+00 -5.60001E-01 -9.43297E-06 -4.18783E-01
4.89999E+00 -5.55001E-01 -9.14329E-06 -4.13789E-01
4.99999E+00 -5.50001E-01 -8.92724E-06 -4.08765E-01
5.09999E+00 -5.45001E-01 -8.62809E-06 -4.03748E-01
5.19999E+00 -5.40001E-01 -8.38800E-06 -3.98758E-01
5.29999E+00 -5.35001E-01 -8.08065E-06 -3.93764E-01
5.39999E+00 -5.30001E-01 -7.74370E-06 -3.88754E-01
5.49999E+00 -5.25001E-01 -7.47584E-06 -3.83740E-01
5.59999E+00 -5.20001E-01 -7.22970E-06 -3.78750E-01
5.69999E+00 -5.15001E-01 -7.01751E-06 -3.73758E-01
5.79999E+00 -5.10001E-01 -6.75832E-06 -3.68730E-01
5.89999E+00 -5.05001E-01 -6.49631E-06 -3.63712E-01
5.99998E+00 -5.00001E-01 -6.29681E-06 -3.58743E-01
6.09998E+00 -4.95001E-01 -6.17801E-06 -3.53710E-01
6.19998E+00 -4.90001E-01 -5.93262E-06 -3.48749E-01
6.29998E+00 -4.85001E-01 -5.65331E-06 -3.43725E-01
6.39998E+00 -4.80001E-01 -5.36358E-06 -3.38743E-01
6.49998E+00 -4.75001E-01 -5.23524E-06 -3.33717E-01
6.59998E+00 -4.70001E-01 -5.10874E-06 -3.28727E-01
6.69998E+00 -4.65001E-01 -4.99160E-06 -3.23714E-01
6.79998E+00 -4.60001E-01 -4.71301E-06 -3.18712E-01
6.89998E+00 -4.55001E-01 -4.49087E-06 -3.13698E-01
6.99998E+00 -4.50001E-01 -4.29712E-06 -3.08720E-01
7.09998E+00 -4.45001E-01 -4.13231E-06 -3.03730E-01
7.19998E+00 -4.40001E-01 -3.98804E-06 -2.98708E-01
7.29998E+00 -4.35001E-01 -3.96510E-06 -2.93668E-01
7.39998E+00 -4.30001E-01 -3.79569E-06 -2.88690E-01
7.49998E+00 -4.25001E-01 -3.62312E-06 -2.83700E-01
7.59998E+00 -4.20001E-01 -3.45432E-06 -2.78697E-01
7.69998E+00 -4.15001E-01 -3.26755E-06 -2.73680E-01
7.79998E+00 -4.10001E-01 -3.11533E-06 -2.68681E-01
7.89998E+00 -4.05001E-01 -2.95857E-06 -2.63667E-01
7.99998E+00 -4.00001E-01 -2.79405E-06 -2.58685E-01
8.09998E+00 -3.95001E-01 -2.65116E-06 -2.53663E-01
8.19998E+00 -3.90001E-01 -2.47863E-06 -2.48665E-01
8.29998E+00 -3.85001E-01 -2.33861E-06 -2.43669E-01
8.39998E+00 -3.80001E-01 -2.24814E-06 -2.38665E-01
8.49998E+00 -3.75001E-01 -2.11880E-06 -2.33642E-01
8.59998E+00 -3.70001E-01 -2.00197E-06 -2.28659E-01
8.69998E+00 -3.65001E-01 -1.84124E-06 -2.23662E-01
8.79998E+00 -3.60001E-01 -1.67644E-06 -2.18643E-01
8.89998E+00 -3.55001E-01 -1.52299E-06 -2.13635E-01
8.99998E+00 -3.50001E-01 -1.35205E-06 -2.08634E-01
9.09998E+00 -3.45001E-01 -1.20761E-06 -2.03638E-01
9.19998E+00 -3.40001E-01 -1.08622E-06 -1.98651E-01
9.29998E+00 -3.35001E-01 -9.51659E-07 -1.93637E-01
9.39998E+00 -3.30001E-01 -8.26430E-07 -1.88646E-01
9.49998E+00 -3.25001E-01 -7.11083E-07 -1.83640E-01
9.59998E+00 -3.20001E-01 -5.90421E-07 -1.78631E-01
9.69998E+00 -3.15001E-01 -4.77215E-07 -1.73614E-01
9.79998E+00 -3.10001E-01 -3.60089E-07 -1.68602E-01
9.89998E+00 -3.05001E-01 -2.32684E-07 -1.63621E-01
9.99997E+00 -3.00001E-01 -1.07229E-07 -1.58608E-01
1.01000E+01 -2.95001E-01 5.24790E-09  -1.53577E-01
1.02000E+01 -2.90001E-01 1.01959E-07  -1.48595E-01
1.03000E+01 -2.85001E-01 2.02324E-07  -1.43593E-01
1.04000E+01 -2.80001E-01 2.50733E-07  -1.38593E-01
1.05000E+01 -2.75001E-01 3.21139E-07  -1.33571E-01
1.06000E+01 -2.70001E-01 4.23518E-07  -1.28559E-01
1.07000E+01 -2.65001E-01 5.03105E-07  -1.23585E-01
1.08000E+01 -2.60001E-01 5.63426E-07  -1.18574E-01
1.09000E+01 -2.55001E-01 6.51125E-07  -1.13560E-01
1.10000E+01 -2.50001E-01 7.44326E-07  -1.08547E-01
1.11000E+01 -2.45001E-01 8.23858E-07  -1.03562E-01
1.12000E+01 -2.40001E-01 9.23809E-07  -9.85512E-02
1.13000E+01 -2.35001E-01 1.02810E-06  -9.35328E-02
1.14000E+01 -2.30001E-01 1.13365E-06  -8.85300E-02
1.15000E+01 -2.25001E-01 1.22103E-06  -8.35447E-02
1.16000E+01 -2.20001E-01 1.30531E-06  -7.85669E-02
1.17000E+01 -2.15001E-01 1.38589E-06  -7.35472E-02
1.18000E+01 -2.10001E-01 1.40398E-06  -6.85263E-02
1.19000E+01 -2.05001E-01 1.46635E-06  -6.35454E-02
1.20000E+01 -2.00002E-01 1.55011E-06  -5.85613E-02
1.21000E+01 -1.95002E-01 1.72912E-06  -5.35336E-02
1.22000E+01 -1.90002E-01 1.73337E-06  -4.85339E-02
1.23000E+01 -1.85002E-01 1.78281E-06  -4.35461E-02
1.24000E+01 -1.80002E-01 1.84993E-06  -3.85558E-02
1.25000E+01 -1.75002E-01 1.94445E-06  -3.35336E-02
1.26000E+01 -1.70002E-01 2.04793E-06  -2.85296E-02
1.27000E+01 -1.65002E-01 2.12396E-06  -2.35405E-02
1.28000E+01 -1.60002E-01 2.19218E-06  -1.85415E-02
1.29000E+01 -1.55002E-01 2.18609E-06  -1.35331E-02
1.30000E+01 -1.50002E-01 2.18250E-06  -8.53024E-03
1.31000E+01 -1.45002E-01 2.32134E-06  -3.50936E-03
1.32000E+01 -1.40002E-01 2.37637E-06  1.49967E-03 
1.33000E+01 -1.35002E-01 2.51038E-06  6.46937E-03 
1.34000E+01 -1.30002E-01 2.59813E-06  1.14878E-02 
1.35000E+01 -1.25002E-01 2.63782E-06  1.64975E-02 
1.36000E+01 -1.20002E-01 2.72656E-06  2.15159E-02 
1.37000E+01 -1.15002E-01 2.81002E-06  2.64893E-02 
1.38000E+01 -1.10002E-01 2.89586E-06  3.15064E-02 
1.39000E+01 -1.05002E-01 2.95798E-06  3.65186E-02 
1.40000E+01 -1.00002E-01 3.04828E-06  4.15370E-02 
1.41000E+01 -9.50018E-02 3.13933E-06  4.65248E-02 
1.42000E+01 -9.00018E-02 3.23960E-06  5.15033E-02 
1.43000E+01 -8.50018E-02 3.33173E-06  5.65229E-02 
1.44000E+01 -8.00018E-02 3.39944E-06  6.15407E-02 
1.45000E+01 -7.50018E-02 3.48135E-06  6.65304E-02 
1.46000E+01 -7.00018E-02 3.56917E-06  7.15101E-02 
1.47000E+01 -6.50018E-02 3.64371E-06  7.65204E-02 
1.48000E+01 -6.00019E-02 3.71400E-06  8.15537E-02 
1.49000E+01 -5.50019E-02 3.79281E-06  8.65521E-02 
1.50000E+01 -5.00019E-02 3.88257E-06  9.15300E-02 
1.51000E+01 -4.50019E-02 3.96948E-06  9.65721E-02 
1.52000E+01 -4.00019E-02 4.04407E-06  1.01552E-01 
1.53000E+01 -3.50019E-02 4.12275E-06  1.06551E-01 
1.54000E+01 -3.00019E-02 4.20656E-06  1.11541E-01 
1.55000E+01 -2.50019E-02 4.29446E-06  1.16558E-01 
1.56000E+01 -2.00020E-02 4.38798E-06  1.21595E-01 
1.57000E+01 -1.50020E-02 4.46429E-06  1.26592E-01 
1.58000E+01 -1.00020E-02 4.54515E-06  1.31564E-01 
1.59000E+01 -5.00199E-03 4.62389E-06  1.36578E-01 
1.60000E+01 -2.00000E-06 4.70170E-06  1.41595E-01 
1.61000E+01 4.99799E-03  4.79575E-06  1.46599E-01 
1.62000E+01 9.99797E-03  4.88887E-06  1.51585E-01 
1.63000E+01 1.49980E-02  4.97433E-06  1.56594E-01 
1.64000E+01 1.99979E-02  5.04446E-06  1.61606E-01 
1.65000E+01 2.49979E-02  5.11542E-06  1.66595E-01 
1.66000E+01 2.99979E-02  5.19625E-06  1.71590E-01 
1.67000E+01 3.49979E-02  5.28480E-06  1.76632E-01 
1.68000E+01 3.99979E-02  5.36419E-06  1.81626E-01 
1.69000E+01 4.49979E-02  5.45123E-06  1.86609E-01 
1.70000E+01 4.99979E-02  5.54332E-06  1.91623E-01 
1.71000E+01 5.49979E-02  5.63407E-06  1.96639E-01 
1.72000E+01 5.99978E-02  5.72450E-06  2.01623E-01 
1.73000E+01 6.49978E-02  5.81085E-06  2.06619E-01 
1.74000E+01 6.99978E-02  5.89417E-06  2.11632E-01 
1.75000E+01 7.49978E-02  5.98726E-06  2.16633E-01 
1.76000E+01 7.99978E-02  6.09067E-06  2.21633E-01 
1.77000E+01 8.49978E-02  6.19393E-06  2.26643E-01 
1.78000E+01 8.99978E-02  6.29233E-06  2.31613E-01 
1.79000E+01 9.49978E-02  6.37785E-06  2.36650E-01 
1.80000E+01 9.99977E-02  6.46066E-06  2.41646E-01 
1.81000E+01 1.04998E-01  6.55590E-06  2.46634E-01 
1.82000E+01 1.09998E-01  6.65074E-06  2.51620E-01 
1.83000E+01 1.14998E-01  6.79106E-06  2.56623E-01 
1.84000E+01 1.19998E-01  6.92894E-06  2.61641E-01 
1.85000E+01 1.24998E-01  7.03892E-06  2.66656E-01 
1.86000E+01 1.29998E-01  7.16169E-06  2.71630E-01 
1.87000E+01 1.34998E-01  7.32427E-06  2.76638E-01 
1.88000E+01 1.39998E-01  7.52655E-06  2.81654E-01 
1.89000E+01 1.44998E-01  7.70329E-06  2.86676E-01 
1.90000E+01 1.49998E-01  7.85024E-06  2.91656E-01 
1.91000E+01 1.54998E-01  7.98077E-06  2.96667E-01 
1.92000E+01 1.59998E-01  8.11714E-06  3.01655E-01 
1.93000E+01 1.64998E-01  8.26817E-06  3.06676E-01 
1.94000E+01 1.69998E-01  8.46202E-06  3.11693E-01 
1.95000E+01 1.74998E-01  8.64760E-06  3.16688E-01 
1.96000E+01 1.79998E-01  8.80841E-06  3.21673E-01 
1.97000E+01 1.84998E-01  8.98879E-06  3.26696E-01 
1.98000E+01 1.89998E-01  9.16074E-06  3.31710E-01 
1.99000E+01 1.94998E-01  9.28066E-06  3.36699E-01 
1.99999E+01 1.99997E-01  9.47322E-06  3.41711E-01 
2.00999E+01 2.04997E-01  9.69801E-06  3.46696E-01 
2.01999E+01 2.09997E-01  9.88678E-06  3.51715E-01 
2.02999E+01 2.14997E-01  1.01240E-05  3.56722E-01 
2.03999E+01 2.19997E-01  1.03586E-05  3.61728E-01 
2.04999E+01 2.24997E-01  1.05618E-05  3.66712E-01 
2.05999E+01 2.29997E-01  1.08150E-05  3.71712E-01 
2.06999E+01 2.34997E-01  1.11215E-05  3.76752E-01 
2.07999E+01 2.39997E-01  1.15375E-05  3.81727E-01 
2.08999E+01 2.44997E-01  1.17674E-05  3.86735E-01 
2.09999E+01 2.49997E-01  1.18170E-05  3.91751E-01 
2.10999E+01 2.54997E-01  1.18581E-05  3.96764E-01 
2.11999E+01 2.59997E-01  1.20230E-05  4.01741E-01 
2.12999E+01 2.64997E-01  1.22327E-05  4.06742E-01 
2.13999E+01 2.69997E-01  1.25427E-05  4.11766E-01 
2.14999E+01 2.74997E-01  1.28077E-05  4.16770E-01 
2.15999E+01 2.79997E-01  1.30384E-05  4.21759E-01 
2.16999E+01 2.84997E-01  1.33158E-05  4.26758E-01 
2.17999E+01 2.89997E-01  1.35129E-05  4.31773E-01 
2.18999E+01 2.94997E-01  1.36771E-05  4.36782E-01 
2.19999E+01 2.99997E-01  1.38770E-05  4.41781E-01 
2.20999E+01 3.04997E-01  1.41343E-05  4.46776E-01 
2.21999E+01 3.09997E-01  1.44234E-05  4.51795E-01 
2.22999E+01 3.14997E-01  1.46153E-05  4.56791E-01 
2.23999E+01 3.19997E-01  1.47546E-05  4.61786E-01 
2.24999E+01 3.24997E-01  1.51129E-05  4.66808E-01 
2.25999E+01 3.29997E-01  1.54650E-05  4.71802E-01 
2.26999E+01 3.34997E-01  1.57642E-05  4.76829E-01 
2.27999E+01 3.39997E-01  1.60246E-05  4.81836E-01 
2.28999E+01 3.44997E-01  1.62919E-05  4.86826E-01 
2.29999E+01 3.49997E-01  1.65682E-05  4.91855E-01 
2.30999E+01 3.54997E-01  1.68331E-05  4.96839E-01 
2.31999E+01 3.59997E-01  1.69902E-05  5.01820E-01 
2.32999E+01 3.64997E-01  1.71624E-05  5.06857E-01 
2.33999E+01 3.69997E-01  1.73397E-05  5.11836E-01 
2.34999E+01 3.74997E-01  1.75412E-05  5.16816E-01 
2.35999E+01 3.79997E-01  1.75894E-05  5.21834E-01 
2.36999E+01 3.84997E-01  1.76008E-05  5.26851E-01 
2.37999E+01 3.89997E-01  1.79509E-05  5.31856E-01 
2.38999E+01 3.94997E-01  1.83537E-05  5.36842E-01 
2.39999E+01 3.99997E-01  1.87748E-05  5.41829E-01 
2.40999E+01 4.04997E-01  1.91255E-05  5.46841E-01 
2.41999E+01 4.09997E-01  1.94354E-05  5.51868E-01 
2.42999E+01 4.14997E-01  1.96788E-05  5.56878E-01 
2.43999E+01 4.19997E-01  1.98617E-05  5.61841E-01 
2.44999E+01 4.24997E-01  2.00672E-05  5.66868E-01 
2.45999E+01 4.29997E-01  2.02733E-05  5.71864E-01 
2.46999E+01 4.34997E-01  2.04874E-05  5.76873E-01 
2.47999E+01 4.39997E-01  2.07111E-05  5.81863E-01 
2.48999E+01 4.44997E-01  2.09261E-05  5.86878E-01 
2.49999E+01 4.49997E-01  2.11482E-05  5.91871E-01 
2.50999E+01 4.54997E-01  2.13839E-05  5.96889E-01 
2.51999E+01 4.59997E-01  2.15947E-05  6.01887E-01 
2.52999E+01 4.64997E-01  2.18318E-05  6.06871E-01 
2.53999E+01 4.69997E-01  2.20930E-05  6.11902E-01 
2.54999E+01 4.74997E-01  2.22765E-05  6.16914E-01 
2.55999E+01 4.79997E-01  2.24638E-05  6.21896E-01 
2.56999E+01 4.84997E-01  2.26773E-05  6.26895E-01 
2.57999E+01 4.89997E-01  2.29258E-05  6.31911E-01 
2.58999E+01 4.94997E-01  2.31481E-05  6.36940E-01 
2.59999E+01 4.99997E-01  2.33111E-05  6.41938E-01 
2.60999E+01 5.04997E-01  2.35776E-05  6.46929E-01 
2.61999E+01 5.09997E-01  2.39321E-05  6.51929E-01 
2.62999E+01 5.14997E-01  2.41834E-05  6.56960E-01 
2.63999E+01 5.19997E-01  2.44174E-05  6.61928E-01 
2.64999E+01 5.24997E-01  2.46892E-05  6.66939E-01 
2.65999E+01 5.29997E-01  2.50084E-05  6.71946E-01 
2.66999E+01 5.34997E-01  2.53606E-05  6.76990E-01 
2.67999E+01 5.39997E-01  2.56466E-05  6.81959E-01 
2.68999E+01 5.44997E-01  2.58953E-05  6.86980E-01 
2.69999E+01 5.49997E-01  2.61608E-05  6.91978E-01 
2.70999E+01 5.54997E-01  2.65054E-05  6.96978E-01 
2.71999E+01 5.59997E-01  2.68793E-05  7.01996E-01 
2.72999E+01 5.64997E-01  2.72736E-05  7.07010E-01 
2.73999E+01 5.69997E-01  2.76729E-05  7.11995E-01 
2.74999E+01 5.74997E-01  2.79130E-05  7.17006E-01 
2.75999E+01 5.79997E-01  2.81673E-05  7.22005E-01 
2.76999E+01 5.84997E-01  2.84769E-05  7.27013E-01 
2.77999E+01 5.89997E-01  2.88017E-05  7.32022E-01 
2.78999E+01 5.94997E-01  2.92534E-05  7.37035E-01 
2.79999E+01 5.99996E-01  2.96757E-05  7.42030E-01 
2.80999E+01 6.04996E-01  3.01104E-05  7.47008E-01 
2.81999E+01 6.09996E-01  3.05133E-05  7.52012E-01 
2.82999E+01 6.14996E-01  3.09358E-05  7.57010E-01 
2.83999E+01 6.19996E-01  3.13737E-05  7.62023E-01 
2.84999E+01 6.24996E-01  3.18441E-05  7.67023E-01 
2.85999E+01 6.29996E-01  3.23002E-05  7.71994E-01 
2.86999E+01 6.34996E-01  3.27426E-05  7.77012E-01 
2.87999E+01 6.39996E-01  3.32232E-05  7.82027E-01 
2.88999E+01 6.44996E-01  3.37531E-05  7.87054E-01 
2.89999E+01 6.49996E-01  3.40501E-05  7.92001E-01 
2.90999E+01 6.54996E-01  3.46100E-05  7.97032E-01 
2.91999E+01 6.59996E-01  3.50853E-05  8.02042E-01 
2.92999E+01 6.64996E-01  3.55194E-05  8.07037E-01 
2.93999E+01 6.69996E-01  3.59896E-05  8.12039E-01 
2.94999E+01 6.74996E-01  3.65165E-05  8.17062E-01 
2.95999E+01 6.79996E-01  3.70685E-05  8.22068E-01 
2.96999E+01 6.84996E-01  3.75892E-05  8.27067E-01 
2.97999E+01 6.89996E-01  3.81075E-05  8.32066E-01 
2.98999E+01 6.94996E-01  3.86301E-05  8.37090E-01 
2.99999E+01 6.99996E-01  3.91567E-05  8.42076E-01 
3.00999E+01 7.04996E-01  3.96803E-05  8.47091E-01 
3.01999E+01 7.09996E-01  4.01972E-05  8.52085E-01 
3.02999E+01 7.14996E-01  4.07078E-05  8.57114E-01 
3.03999E+01 7.19996E-01  4.12327E-05  8.62089E-01 
3.04999E+01 7.24996E-01  4.17542E-05  8.67086E-01 
3.05999E+01 7.29996E-01  4.22617E-05  8.72095E-01 
3.06999E+01 7.34996E-01  4.27890E-05  8.77102E-01 
3.07999E+01 7.39996E-01  4.33194E-05  8.82086E-01 
3.08999E+01 7.44996E-01  4.38433E-05  8.87087E-01 
3.09999E+01 7.49996E-01  4.43693E-05  8.92100E-01 
3.10999E+01 7.54996E-01  4.48998E-05  8.97118E-01 
3.11999E+01 7.59996E-01  4.54258E-05  9.02111E-01 
3.12999E+01 7.64996E-01  4.59564E-05  9.07116E-01 
3.13999E+01 7.69996E-01  4.64750E-05  9.12140E-01 
3.14999E+01 7.74996E-01  4.69940E-05  9.17136E-01 
3.15999E+01 7.79996E-01  4.75132E-05  9.22132E-01 
3.16999E+01 7.84996E-01  4.80355E-05  9.27131E-01 
3.17999E+01 7.89996E-01  4.85506E-05  9.32128E-01 
3.18999E+01 7.94996E-01  4.90735E-05  9.37144E-01 
3.19999E+01 7.99996E-01  4.96021E-05  9.42149E-01 
3.20999E+01 8.04996E-01  5.01314E-05  9.47175E-01 
3.21999E+01 8.09996E-01  5.06307E-05  9.52138E-01 
3.22999E+01 8.14996E-01  5.11538E-05  9.57167E-01 
3.23999E+01 8.19996E-01  5.16424E-05  9.62158E-01 
3.24999E+01 8.24996E-01  5.21512E-05  9.67175E-01 
3.25999E+01 8.29996E-01  5.26777E-05  9.72190E-01 
3.26999E+01 8.34996E-01  5.31783E-05  9.77194E-01 
3.27999E+01 8.39996E-01  5.36894E-05  9.82178E-01 
3.28999E+01 8.44996E-01  5.41898E-05  9.87173E-01 
3.29999E+01 8.49996E-01  5.45799E-05  9.92189E-01 
3.30999E+01 8.54996E-01  5.52153E-05  9.97201E-01 
3.31999E+01 8.59996E-01  5.57728E-05  1.00218E+00 
3.32999E+01 8.64996E-01  5.63686E-05  1.00718E+00 
3.33999E+01 8.69996E-01  5.69969E-05  1.01223E+00 
3.34999E+01 8.74996E-01  5.76642E-05  1.01721E+00 
3.35999E+01 8.79996E-01  5.81914E-05  1.02220E+00 
3.36999E+01 8.84996E-01  5.87613E-05  1.02723E+00 
3.37999E+01 8.89996E-01  5.93751E-05  1.03223E+00 
3.38999E+01 8.94996E-01  5.99400E-05  1.03721E+00 
3.39999E+01 8.99996E-01  6.04039E-05  1.04219E+00 
3.40999E+01 9.04996E-01  6.07121E-05  1.04721E+00 
3.41999E+01 9.09996E-01  6.11570E-05  1.05222E+00 
3.42999E+01 9.14996E-01  6.17530E-05  1.05720E+00 
3.43999E+01 9.19996E-01  6.22947E-05  1.06221E+00 
3.44999E+01 9.24996E-01  6.27025E-05  1.06722E+00 
3.45999E+01 9.29996E-01  6.31088E-05  1.07222E+00 
3.46999E+01 9.34996E-01  6.35340E-05  1.07722E+00 
3.47999E+01 9.39996E-01  6.39202E-05  1.08222E+00 
3.48999E+01 9.44996E-01  6.43128E-05  1.08724E+00 
3.49999E+01 9.49996E-01  6.48279E-05  1.09223E+00 
3.50999E+01 9.54996E-01  6.52724E-05  1.09724E+00 
3.51999E+01 9.59996E-01  6.56651E-05  1.10225E+00 
3.52999E+01 9.64996E-01  6.60076E-05  1.10728E+00 
3.53999E+01 9.69996E-01  6.63658E-05  1.11226E+00 
3.54999E+01 9.74996E-01  6.67373E-05  1.11728E+00 
3.55999E+01 9.79996E-01  6.72087E-05  1.12228E+00 
3.56999E+01 9.84996E-01  6.76538E-05  1.12730E+00 
3.57999E+01 9.89996E-01  6.80316E-05  1.13230E+00 
3.58999E+01 9.94996E-01  6.84217E-05  1.13731E+00 
3.59999E+01 9.99995E-01  6.88111E-05  1.14231E+00 
3.60999E+01 1.00500E+00  6.92075E-05  1.14731E+00 
3.61999E+01 1.01000E+00  6.96629E-05  1.15230E+00 
3.62999E+01 1.01500E+00  7.02226E-05  1.15730E+00 
3.63999E+01 1.02000E+00  7.05278E-05  1.16231E+00 
3.64999E+01 1.02500E+00  7.08894E-05  1.16732E+00 
3.65999E+01 1.03000E+00  7.13237E-05  1.17232E+00 
3.66999E+01 1.03500E+00  7.17907E-05  1.17731E+00 
3.67999E+01 1.04000E+00  7.22646E-05  1.18232E+00 
3.68999E+01 1.04500E+00  7.28347E-05  1.18733E+00 
3.69999E+01 1.05000E+00  7.35079E-05  1.19234E+00 
3.70999E+01 1.05500E+00  7.39829E-05  1.19734E+00 
3.71999E+01 1.06000E+00  7.44350E-05  1.20233E+00 
3.72999E+01 1.06500E+00  7.49812E-05  1.20736E+00 
3.73999E+01 1.07000E+00  7.54989E-05  1.21236E+00 
3.74999E+01 1.07500E+00  7.61107E-05  1.21733E+00 
3.75999E+01 1.08000E+00  7.67524E-05  1.22235E+00 
3.76999E+01 1.08500E+00  7.73256E-05  1.22737E+00 
3.77999E+01 1.09000E+00  7.79021E-05  1.23237E+00 
3.78999E+01 1.09500E+00  7.84466E-05  1.23738E+00 
3.79999E+01 1.10000E+00  7.91211E-05  1.24235E+00 
3.80999E+01 1.10500E+00  8.00801E-05  1.24737E+00 
3.81999E+01 1.11000E+00  8.05038E-05  1.25239E+00 
3.82999E+01 1.11500E+00  8.10199E-05  1.25740E+00 
3.83999E+01 1.12000E+00  8.15623E-05  1.26236E+00 
3.84999E+01 1.12500E+00  8.22156E-05  1.26738E+00 
3.85999E+01 1.13000E+00  8.27072E-05  1.27241E+00 
3.86999E+01 1.13500E+00  8.32842E-05  1.27738E+00 
3.87999E+01 1.14000E+00  8.41324E-05  1.28241E+00 
3.88999E+01 1.14500E+00  8.45182E-05  1.28739E+00 
3.89999E+01 1.15000E+00  8.49980E-05  1.29240E+00 
3.90999E+01 1.15500E+00  8.56439E-05  1.29743E+00 
3.91999E+01 1.16000E+00  8.63851E-05  1.30239E+00 
3.92999E+01 1.16500E+00  8.70507E-05  1.30739E+00 
3.93999E+01 1.17000E+00  8.76469E-05  1.31242E+00 
3.94999E+01 1.17500E+00  8.85166E-05  1.31744E+00 
3.95999E+01 1.18000E+00  8.90531E-05  1.32241E+00 
3.96999E+01 1.18500E+00  8.98566E-05  1.32741E+00 
3.97999E+01 1.19000E+00  9.07075E-05  1.33242E+00 
3.98999E+01 1.19500E+00  9.12513E-05  1.33743E+00 
3.99999E+01 1.19999E+00  9.19365E-05  1.34241E+00 
4.00999E+01 1.20499E+00  9.25472E-05  1.34742E+00 
4.01999E+01 1.20999E+00  9.32768E-05  1.35241E+00 
4.02999E+01 1.21499E+00  9.40944E-05  1.35742E+00 
4.03999E+01 1.21999E+00  9.48877E-05  1.36240E+00 
4.04999E+01 1.22499E+00  9.57577E-05  1.36741E+00 
4.05999E+01 1.22999E+00  9.72228E-05  1.37242E+00 
4.06999E+01 1.23499E+00  9.80149E-05  1.37744E+00 
4.07999E+01 1.23999E+00  9.90926E-05  1.38242E+00 
4.08999E+01 1.24499E+00  1.00705E-04  1.38744E+00 
4.09999E+01 1.24999E+00  1.01615E-04  1.39243E+00 
4.10999E+01 1.25499E+00  1.02842E-04  1.39746E+00 
4.11999E+01 1.25999E+00  1.04168E-04  1.40244E+00 
4.12999E+01 1.26499E+00  1.04994E-04  1.40746E+00 
4.13999E+01 1.26999E+00  1.06170E-04  1.41246E+00 
4.14999E+01 1.27499E+00  1.07346E-04  1.41747E+00 
4.15999E+01 1.27999E+00  1.08500E-04  1.42246E+00 
4.16999E+01 1.28499E+00  1.09888E-04  1.42750E+00 
4.17999E+01 1.28999E+00  1.11142E-04  1.43248E+00 
4.18999E+01 1.29499E+00  1.12275E-04  1.43751E+00 
4.19999E+01 1.29999E+00  1.13601E-04  1.44250E+00 
4.20999E+01 1.30499E+00  1.14955E-04  1.44750E+00 
4.21999E+01 1.30999E+00  1.16371E-04  1.45252E+00 
4.22999E+01 1.31499E+00  1.17713E-04  1.45750E+00 
4.23999E+01 1.31999E+00  1.19069E-04  1.46252E+00 
4.24999E+01 1.32499E+00  1.20734E-04  1.46752E+00 
4.25999E+01 1.32999E+00  1.22289E-04  1.47252E+00 
4.26999E+01 1.33499E+00  1.23664E-04  1.47755E+00 
4.27999E+01 1.33999E+00  1.25250E-04  1.48253E+00 
4.28999E+01 1.34499E+00  1.26834E-04  1.48753E+00 
4.29999E+01 1.34999E+00  1.28431E-04  1.49255E+00 
4.30999E+01 1.35499E+00  1.29987E-04  1.49754E+00 
4.31999E+01 1.35999E+00  1.31628E-04  1.50257E+00 
4.32999E+01 1.36499E+00  1.33352E-04  1.50754E+00 
4.33999E+01 1.36999E+00  1.35104E-04  1.51256E+00 
4.34999E+01 1.37499E+00  1.36959E-04  1.51756E+00 
4.35999E+01 1.37999E+00  1.38822E-04  1.52256E+00 
4.36999E+01 1.38499E+00  1.40696E-04  1.52756E+00 
4.37999E+01 1.38999E+00  1.42624E-04  1.53258E+00 
4.38999E+01 1.39499E+00  1.44711E-04  1.53759E+00 
4.39999E+01 1.39999E+00  1.46821E-04  1.54259E+00 
4.40999E+01 1.40499E+00  1.48845E-04  1.54759E+00 
4.41999E+01 1.40999E+00  1.51421E-04  1.55260E+00 
4.42999E+01 1.41499E+00  1.53275E-04  1.55760E+00 
4.43999E+01 1.41999E+00  1.55593E-04  1.56260E+00 
4.44999E+01 1.42499E+00  1.57811E-04  1.56760E+00 
4.45999E+01 1.42999E+00  1.60191E-04  1.57260E+00 
4.46999E+01 1.43499E+00  1.62719E-04  1.57760E+00 
4.47999E+01 1.43999E+00  1.64886E-04  1.58261E+00 
4.48999E+01 1.44499E+00  1.67233E-04  1.58763E+00 
4.49999E+01 1.44999E+00  1.69481E-04  1.59264E+00 
4.50999E+01 1.45499E+00  1.71750E-04  1.59762E+00 
4.51999E+01 1.45999E+00  1.73976E-04  1.60264E+00 
4.52999E+01 1.46499E+00  1.76256E-04  1.60766E+00 
4.53999E+01 1.46999E+00  1.78375E-04  1.61262E+00 
4.54999E+01 1.47499E+00  1.80697E-04  1.61763E+00 
4.55999E+01 1.47999E+00  1.83067E-04  1.62265E+00 
4.56999E+01 1.48499E+00  1.85411E-04  1.62765E+00 
4.57999E+01 1.48999E+00  1.87821E-04  1.63264E+00 
4.58999E+01 1.49499E+00  1.90243E-04  1.63761E+00 
4.59999E+01 1.49999E+00  1.92550E-04  1.64264E+00 
4.60999E+01 1.50499E+00  1.95113E-04  1.64765E+00 
4.61999E+01 1.50999E+00  1.97643E-04  1.65264E+00 
4.62999E+01 1.51499E+00  2.00142E-04  1.65765E+00 
4.63999E+01 1.51999E+00  2.02823E-04  1.66265E+00 
4.64999E+01 1.52499E+00  2.05612E-04  1.66765E+00 
4.65999E+01 1.52999E+00  2.08222E-04  1.67266E+00 
4.66999E+01 1.53499E+00  2.10878E-04  1.67766E+00 
4.67999E+01 1.53999E+00  2.13850E-04  1.68266E+00 
4.68999E+01 1.54499E+00  2.16795E-04  1.68767E+00 
4.69999E+01 1.54999E+00  2.19546E-04  1.69266E+00 
4.70999E+01 1.55499E+00  2.22508E-04  1.69767E+00 
4.71999E+01 1.55999E+00  2.25575E-04  1.70266E+00 
4.72999E+01 1.56499E+00  2.29067E-04  1.70770E+00 
4.73999E+01 1.56999E+00  2.32170E-04  1.71270E+00 
4.74999E+01 1.57499E+00  2.35466E-04  1.71770E+00 
4.75999E+01 1.57999E+00  2.38628E-04  1.72268E+00 
4.76999E+01 1.58499E+00  2.41948E-04  1.72769E+00 
4.77999E+01 1.58999E+00  2.45239E-04  1.73271E+00 
4.78999E+01 1.59499E+00  2.48774E-04  1.73770E+00 
4.79999E+01 1.59999E+00  2.52467E-04  1.74271E+00 
4.80999E+01 1.60499E+00  2.55909E-04  1.74771E+00 
4.81999E+01 1.60999E+00  2.59324E-04  1.75274E+00 
4.82999E+01 1.61499E+00  2.62987E-04  1.75775E+00 
4.83999E+01 1.61999E+00  2.66827E-04  1.76276E+00 
4.84999E+01 1.62499E+00  2.70120E-04  1.76776E+00 
4.85999E+01 1.62999E+00  2.73679E-04  1.77275E+00 
4.86999E+01 1.63499E+00  2.77037E-04  1.77777E+00 
4.87999E+01 1.63999E+00  2.80692E-04  1.78279E+00 
4.88999E+01 1.64499E+00  2.84492E-04  1.78778E+00 
4.89999E+01 1.64999E+00  2.87958E-04  1.79277E+00 
4.90999E+01 1.65499E+00  2.91264E-04  1.79776E+00 
4.91999E+01 1.65999E+00  2.94720E-04  1.80279E+00 
4.92999E+01 1.66499E+00  2.98176E-04  1.80779E+00 
4.93999E+01 1.66999E+00  3.01720E-04  1.81278E+00 
4.94999E+01 1.67499E+00  3.05144E-04  1.81778E+00 
4.95999E+01 1.67999E+00  3.08712E-04  1.82279E+00 
4.96999E+01 1.68499E+00  3.12063E-04  1.82780E+00 
4.97999E+01 1.68999E+00  3.15384E-04  1.83279E+00 
4.98999E+01 1.69499E+00  3.18727E-04  1.83778E+00 
4.99999E+01 1.69999E+00  3.22142E-04  1.84280E+00 
5.00999E+01 1.70499E+00  3.25440E-04  1.84779E+00 
5.01999E+01 1.70999E+00  3.28625E-04  1.85280E+00 
5.02999E+01 1.71499E+00  3.31837E-04  1.85779E+00 
5.03999E+01 1.71999E+00  3.34958E-04  1.86281E+00 
5.04999E+01 1.72499E+00  3.38084E-04  1.86783E+00 
5.05999E+01 1.72999E+00  3.41263E-04  1.87281E+00 
5.06999E+01 1.73499E+00  3.44367E-04  1.87781E+00 
5.07999E+01 1.73999E+00  3.47469E-04  1.88281E+00 
5.08999E+01 1.74499E+00  3.50518E-04  1.88783E+00 
5.09999E+01 1.74999E+00  3.53408E-04  1.89281E+00 
5.10999E+01 1.75499E+00  3.56357E-04  1.89781E+00 
5.11999E+01 1.75999E+00  3.59183E-04  1.90283E+00 
5.12999E+01 1.76499E+00  3.62173E-04  1.90782E+00 
5.13999E+01 1.76999E+00  3.65211E-04  1.91283E+00 
5.14999E+01 1.77499E+00  3.68008E-04  1.91785E+00 
5.15999E+01 1.77999E+00  3.70801E-04  1.92283E+00 
5.16999E+01 1.78499E+00  3.73711E-04  1.92784E+00 
5.17999E+01 1.78999E+00  3.76508E-04  1.93286E+00 
5.18999E+01 1.79499E+00  3.79360E-04  1.93786E+00 
5.19999E+01 1.79999E+00  3.82269E-04  1.94285E+00 
5.20999E+01 1.79499E+00  3.74469E-04  1.93785E+00 
5.21999E+01 1.78999E+00  3.66954E-04  1.93286E+00 
5.22999E+01 1.78499E+00  3.59750E-04  1.92785E+00 
5.23999E+01 1.77999E+00  3.52670E-04  1.92284E+00 
5.24999E+01 1.77499E+00  3.45795E-04  1.91782E+00 
5.25999E+01 1.76999E+00  3.39251E-04  1.91285E+00 
5.26999E+01 1.76499E+00  3.32683E-04  1.90783E+00 
5.27999E+01 1.75999E+00  3.26299E-04  1.90280E+00 
5.28999E+01 1.75499E+00  3.20225E-04  1.89781E+00 
5.29999E+01 1.74999E+00  3.14091E-04  1.89279E+00 
5.30999E+01 1.74499E+00  3.08037E-04  1.88781E+00 
5.31999E+01 1.73999E+00  3.02167E-04  1.88278E+00 
5.32999E+01 1.73499E+00  2.96357E-04  1.87779E+00 
5.33999E+01 1.72999E+00  2.90781E-04  1.87279E+00 
5.34999E+01 1.72499E+00  2.85236E-04  1.86781E+00 
5.35999E+01 1.71999E+00  2.79763E-04  1.86281E+00 
5.36999E+01 1.71499E+00  2.74457E-04  1.85778E+00 
5.37999E+01 1.70999E+00  2.69069E-04  1.85279E+00 
5.38999E+01 1.70499E+00  2.63858E-04  1.84781E+00 
5.39999E+01 1.69999E+00  2.58782E-04  1.84278E+00 
5.40999E+01 1.69499E+00  2.53961E-04  1.83778E+00 
5.41999E+01 1.68999E+00  2.49189E-04  1.83280E+00 
5.42999E+01 1.68499E+00  2.44353E-04  1.82780E+00 
5.43999E+01 1.67999E+00  2.39686E-04  1.82278E+00 
5.44999E+01 1.67499E+00  2.35189E-04  1.81777E+00 
5.45999E+01 1.66999E+00  2.30575E-04  1.81278E+00 
5.46999E+01 1.66499E+00  2.26016E-04  1.80779E+00 
5.47999E+01 1.65999E+00  2.21690E-04  1.80278E+00 
5.48999E+01 1.65499E+00  2.17090E-04  1.79777E+00 
5.49999E+01 1.64999E+00  2.12628E-04  1.79278E+00 
5.50999E+01 1.64499E+00  2.08305E-04  1.78776E+00 
5.51999E+01 1.63999E+00  2.04134E-04  1.78277E+00 
5.52999E+01 1.63499E+00  1.99870E-04  1.77776E+00 
5.53999E+01 1.62999E+00  1.95817E-04  1.77275E+00 
5.54999E+01 1.62499E+00  1.91866E-04  1.76777E+00 
5.55999E+01 1.61999E+00  1.87973E-04  1.76276E+00 
5.56999E+01 1.61499E+00  1.84078E-04  1.75775E+00 
5.57999E+01 1.60999E+00  1.80177E-04  1.75273E+00 
5.58999E+01 1.60499E+00  1.76264E-04  1.74772E+00 
5.59999E+01 1.59999E+00  1.72481E-04  1.74273E+00 
5.60999E+01 1.59499E+00  1.68668E-04  1.73771E+00 
5.61999E+01 1.58999E+00  1.64916E-04  1.73273E+00 
5.62999E+01 1.58499E+00  1.60731E-04  1.72772E+00 
5.63999E+01 1.57999E+00  1.56594E-04  1.72270E+00 
5.64999E+01 1.57499E+00  1.52731E-04  1.71770E+00 
5.65999E+01 1.56999E+00  1.49341E-04  1.71270E+00 
5.66999E+01 1.56499E+00  1.46313E-04  1.70770E+00 
5.67999E+01 1.55999E+00  1.43394E-04  1.70269E+00 
5.68999E+01 1.55499E+00  1.40568E-04  1.69767E+00 
5.69999E+01 1.54999E+00  1.37796E-04  1.69266E+00 
5.70999E+01 1.54499E+00  1.35229E-04  1.68767E+00 
5.71999E+01 1.53999E+00  1.32512E-04  1.68264E+00 
5.72999E+01 1.53499E+00  1.29758E-04  1.67764E+00 
5.73999E+01 1.52999E+00  1.27160E-04  1.67265E+00 
5.74999E+01 1.52499E+00  1.23973E-04  1.66767E+00 
5.75999E+01 1.51999E+00  1.21098E-04  1.66264E+00 
5.76999E+01 1.51499E+00  1.18472E-04  1.65765E+00 
5.77999E+01 1.50999E+00  1.15991E-04  1.65265E+00 
5.78999E+01 1.50499E+00  1.13596E-04  1.64764E+00 
5.79999E+01 1.49999E+00  1.11750E-04  1.64262E+00 
5.80999E+01 1.49499E+00  1.08754E-04  1.63761E+00 
5.81999E+01 1.48999E+00  1.05999E-04  1.63261E+00 
5.82999E+01 1.48499E+00  1.03853E-04  1.62763E+00 
5.83999E+01 1.47999E+00  1.01774E-04  1.62261E+00 
5.84999E+01 1.47499E+00  9.89411E-05  1.61760E+00 
5.85999E+01 1.46999E+00  9.65557E-05  1.61260E+00 
5.86999E+01 1.46499E+00  9.41732E-05  1.60762E+00 
5.87999E+01 1.45999E+00  9.19032E-05  1.60259E+00 
5.88999E+01 1.45499E+00  8.94883E-05  1.59760E+00 
5.89999E+01 1.44999E+00  8.74132E-05  1.59259E+00 
5.90999E+01 1.44499E+00  8.53813E-05  1.58759E+00 
5.91999E+01 1.43999E+00  8.33570E-05  1.58259E+00 
5.92999E+01 1.43499E+00  8.13351E-05  1.57759E+00 
5.93999E+01 1.42999E+00  7.93337E-05  1.57257E+00 
5.94999E+01 1.42499E+00  7.73091E-05  1.56757E+00 
5.95999E+01 1.41999E+00  7.51920E-05  1.56258E+00 
5.96999E+01 1.41499E+00  7.32328E-05  1.55760E+00 
5.97999E+01 1.40999E+00  7.22509E-05  1.55257E+00 
5.98999E+01 1.40499E+00  7.06753E-05  1.54757E+00 
5.99998E+01 1.39999E+00  6.90084E-05  1.54258E+00 
6.00998E+01 1.39499E+00  6.73646E-05  1.53758E+00 
6.01998E+01 1.38999E+00  6.57967E-05  1.53256E+00 
6.02998E+01 1.38499E+00  6.42593E-05  1.52755E+00 
6.03998E+01 1.37999E+00  6.27199E-05  1.52255E+00 
6.04998E+01 1.37499E+00  6.11475E-05  1.51756E+00 
6.05998E+01 1.36999E+00  5.97483E-05  1.51258E+00 
6.06998E+01 1.36499E+00  5.83254E-05  1.50755E+00 
6.07998E+01 1.35999E+00  5.69051E-05  1.50256E+00 
6.08998E+01 1.35499E+00  5.57783E-05  1.49757E+00 
6.09998E+01 1.34999E+00  5.45354E-05  1.49258E+00 
6.10998E+01 1.34499E+00  5.31167E-05  1.48755E+00 
6.11998E+01 1.33999E+00  5.18167E-05  1.48253E+00 
6.12998E+01 1.33499E+00  5.06711E-05  1.47755E+00 
6.13998E+01 1.32999E+00  4.96357E-05  1.47254E+00 
6.14998E+01 1.32499E+00  4.87394E-05  1.46755E+00 
6.15998E+01 1.31999E+00  4.77537E-05  1.46253E+00 
6.16998E+01 1.31499E+00  4.68330E-05  1.45752E+00 
6.17998E+01 1.30999E+00  4.61598E-05  1.45254E+00 
6.18998E+01 1.30499E+00  4.51234E-05  1.44751E+00 
6.19998E+01 1.29999E+00  4.43034E-05  1.44249E+00 
6.20998E+01 1.29499E+00  4.35330E-05  1.43750E+00 
6.21998E+01 1.28999E+00  4.28449E-05  1.43248E+00 
6.22998E+01 1.28499E+00  4.20571E-05  1.42747E+00 
6.23998E+01 1.27999E+00  4.12840E-05  1.42250E+00 
6.24998E+01 1.27499E+00  4.05754E-05  1.41746E+00 
6.25998E+01 1.26999E+00  3.98503E-05  1.41245E+00 
6.26998E+01 1.26499E+00  3.94008E-05  1.40743E+00 
6.27998E+01 1.25999E+00  3.85672E-05  1.40240E+00 
6.28998E+01 1.25499E+00  3.80253E-05  1.39743E+00 
6.29998E+01 1.24999E+00  3.74719E-05  1.39242E+00 
6.30998E+01 1.24499E+00  3.68608E-05  1.38742E+00 
6.31998E+01 1.23999E+00  3.62819E-05  1.38241E+00 
6.32998E+01 1.23499E+00  3.57690E-05  1.37743E+00 
6.33998E+01 1.22999E+00  3.52532E-05  1.37243E+00 
6.34998E+01 1.22499E+00  3.47086E-05  1.36742E+00 
6.35998E+01 1.21999E+00  3.43155E-05  1.36241E+00 
6.36998E+01 1.21499E+00  3.41233E-05  1.35741E+00 
6.37998E+01 1.20999E+00  3.35847E-05  1.35240E+00 
6.38998E+01 1.20499E+00  3.30700E-05  1.34739E+00 
6.39998E+01 1.19999E+00  3.26858E-05  1.34240E+00 
6.40998E+01 1.19500E+00  3.20455E-05  1.33742E+00 
6.41998E+01 1.19000E+00  3.15162E-05  1.33240E+00 
6.42998E+01 1.18500E+00  3.10637E-05  1.32739E+00 
6.43998E+01 1.18000E+00  3.07257E-05  1.32240E+00 
6.44998E+01 1.17500E+00  3.02531E-05  1.31742E+00 
6.45998E+01 1.17000E+00  2.98035E-05  1.31240E+00 
6.46998E+01 1.16500E+00  2.94131E-05  1.30737E+00 
6.47998E+01 1.16000E+00  2.90530E-05  1.30237E+00 
6.48998E+01 1.15500E+00  2.87056E-05  1.29739E+00 
6.49998E+01 1.15000E+00  2.83812E-05  1.29237E+00 
6.50998E+01 1.14500E+00  2.84226E-05  1.28736E+00 
6.51998E+01 1.14000E+00  2.82827E-05  1.28236E+00 
6.52998E+01 1.13500E+00  2.79848E-05  1.27738E+00 
6.53998E+01 1.13000E+00  2.76542E-05  1.27235E+00 
6.54998E+01 1.12500E+00  2.73554E-05  1.26735E+00 
6.55998E+01 1.12000E+00  2.70711E-05  1.26234E+00 
6.56998E+01 1.11500E+00  2.69412E-05  1.25737E+00 
6.57998E+01 1.11000E+00  2.66250E-05  1.25235E+00 
6.58998E+01 1.10500E+00  2.62560E-05  1.24735E+00 
6.59998E+01 1.10000E+00  2.58885E-05  1.24233E+00 
6.60998E+01 1.09500E+00  2.54870E-05  1.23734E+00 
6.61998E+01 1.09000E+00  2.51347E-05  1.23235E+00 
6.62998E+01 1.08500E+00  2.48372E-05  1.22734E+00 
6.63998E+01 1.08000E+00  2.45885E-05  1.22234E+00 
6.64998E+01 1.07500E+00  2.43025E-05  1.21733E+00 
6.65998E+01 1.07000E+00  2.40277E-05  1.21233E+00 
6.66998E+01 1.06500E+00  2.37514E-05  1.20732E+00 
6.67998E+01 1.06000E+00  2.34919E-05  1.20230E+00 
6.68998E+01 1.05500E+00  2.32284E-05  1.19732E+00 
6.69998E+01 1.05000E+00  2.29803E-05  1.19232E+00 
6.70998E+01 1.04500E+00  2.27728E-05  1.18731E+00 
6.71998E+01 1.04000E+00  2.25377E-05  1.18231E+00 
6.72998E+01 1.03500E+00  2.22938E-05  1.17730E+00 
6.73998E+01 1.03000E+00  2.20522E-05  1.17230E+00 
6.74998E+01 1.02500E+00  2.18213E-05  1.16730E+00 
6.75998E+01 1.02000E+00  2.16339E-05  1.16229E+00 
6.76998E+01 1.01500E+00  2.14143E-05  1.15729E+00 
6.77998E+01 1.01000E+00  2.11951E-05  1.15228E+00 
6.78998E+01 1.00500E+00  2.09914E-05  1.14729E+00 
6.79998E+01 9.99995E-01  2.07997E-05  1.14228E+00 
6.80998E+01 9.94996E-01  2.05860E-05  1.13725E+00 
6.81998E+01 9.89996E-01  2.03762E-05  1.13224E+00 
6.82998E+01 9.84996E-01  2.01868E-05  1.12727E+00 
6.83998E+01 9.79996E-01  2.00002E-05  1.12225E+00 
6.84998E+01 9.74996E-01  1.97795E-05  1.11726E+00 
6.85998E+01 9.69996E-01  1.95927E-05  1.11223E+00 
6.86998E+01 9.64996E-01  1.93871E-05  1.10723E+00 
6.87998E+01 9.59996E-01  1.91931E-05  1.10223E+00 
6.88998E+01 9.54996E-01  1.89822E-05  1.09720E+00 
6.89998E+01 9.49996E-01  1.87837E-05  1.09222E+00 
6.90998E+01 9.44996E-01  1.85896E-05  1.08721E+00 
6.91998E+01 9.39996E-01  1.83998E-05  1.08220E+00 
6.92998E+01 9.34996E-01  1.82172E-05  1.07719E+00 
6.93998E+01 9.29996E-01  1.80293E-05  1.07221E+00 
6.94998E+01 9.24996E-01  1.78367E-05  1.06720E+00 
6.95998E+01 9.19996E-01  1.76532E-05  1.06219E+00 
6.96998E+01 9.14996E-01  1.74686E-05  1.05718E+00 
6.97998E+01 9.09996E-01  1.72915E-05  1.05220E+00 
6.98998E+01 9.04996E-01  1.71137E-05  1.04718E+00 
6.99998E+01 8.99996E-01  1.69366E-05  1.04217E+00 
7.00998E+01 8.94996E-01  1.67606E-05  1.03716E+00 
7.01998E+01 8.89996E-01  1.65945E-05  1.03217E+00 
7.02998E+01 8.84996E-01  1.64225E-05  1.02718E+00 
7.03998E+01 8.79996E-01  1.62466E-05  1.02216E+00 
7.04998E+01 8.74996E-01  1.60724E-05  1.01717E+00 
7.05998E+01 8.69996E-01  1.58989E-05  1.01217E+00 
7.06998E+01 8.64996E-01  1.57232E-05  1.00717E+00 
7.07998E+01 8.59996E-01  1.55496E-05  1.00216E+00 
7.08998E+01 8.54996E-01  1.53782E-05  9.97164E-01 
7.09998E+01 8.49996E-01  1.52043E-05  9.92158E-01 
7.10998E+01 8.44996E-01  1.50326E-05  9.87161E-01 
7.11998E+01 8.39996E-01  1.48594E-05  9.82172E-01 
7.12998E+01 8.34996E-01  1.46871E-05  9.77157E-01 
7.13998E+01 8.29996E-01  1.45144E-05  9.72173E-01 
7.14998E+01 8.24996E-01  1.43412E-05  9.67161E-01 
7.15998E+01 8.19996E-01  1.41686E-05  9.62152E-01 
7.16998E+01 8.14996E-01  1.39991E-05  9.57145E-01 
7.17998E+01 8.09996E-01  1.38273E-05  9.52137E-01 
7.18998E+01 8.04996E-01  1.36543E-05  9.47144E-01 
7.19998E+01 7.99996E-01  1.34801E-05  9.42145E-01 
7.20998E+01 7.94996E-01  1.33082E-05  9.37123E-01 
7.21998E+01 7.89996E-01  1.31349E-05  9.32109E-01 
7.22998E+01 7.84996E-01  1.29627E-05  9.27105E-01 
7.23998E+01 7.79996E-01  1.27900E-05  9.22110E-01 
7.24998E+01 7.74996E-01  1.26165E-05  9.17122E-01 
7.25998E+01 7.69996E-01  1.24451E-05  9.12122E-01 
7.26998E+01 7.64996E-01  1.22739E-05  9.07083E-01 
7.27998E+01 7.59996E-01  1.20984E-05  9.02101E-01 
7.28998E+01 7.54996E-01  1.19245E-05  8.97102E-01 
7.29998E+01 7.49996E-01  1.17489E-05  8.92079E-01 
7.30998E+01 7.44996E-01  1.15707E-05  8.87085E-01 
7.31998E+01 7.39996E-01  1.13966E-05  8.82066E-01 
7.32998E+01 7.34996E-01  1.12204E-05  8.77082E-01 
7.33998E+01 7.29996E-01  1.10439E-05  8.72070E-01 
7.34998E+01 7.24996E-01  1.08644E-05  8.67056E-01 
7.35998E+01 7.19996E-01  1.06868E-05  8.62080E-01 
7.36998E+01 7.14996E-01  1.05102E-05  8.57072E-01 
7.37998E+01 7.09996E-01  1.03304E-05  8.52044E-01 
7.38998E+01 7.04996E-01  1.01507E-05  8.47046E-01 
7.39998E+01 6.99996E-01  9.97400E-06  8.42048E-01 
7.40998E+01 6.94996E-01  9.79509E-06  8.37032E-01 
7.41998E+01 6.89996E-01  9.61409E-06  8.32052E-01 
7.42998E+01 6.84996E-01  9.43385E-06  8.27020E-01 
7.43998E+01 6.79996E-01  9.25415E-06  8.22055E-01 
7.44998E+01 6.74996E-01  9.07084E-06  8.17059E-01 
7.45998E+01 6.69996E-01  8.88814E-06  8.12031E-01 
7.46998E+01 6.64996E-01  8.70248E-06  8.07028E-01 
7.47998E+01 6.59996E-01  8.51503E-06  8.02042E-01 
7.48998E+01 6.54996E-01  8.32847E-06  7.97046E-01 
7.49998E+01 6.49996E-01  8.13914E-06  7.92020E-01 
7.50998E+01 6.44996E-01  7.95091E-06  7.87022E-01 
7.51998E+01 6.39996E-01  7.75504E-06  7.81999E-01 
7.52998E+01 6.34996E-01  7.56024E-06  7.76991E-01 
7.53998E+01 6.29996E-01  7.36056E-06  7.71956E-01 
7.54998E+01 6.24996E-01  7.16178E-06  7.66979E-01 
7.55998E+01 6.19996E-01  6.96370E-06  7.61993E-01 
7.56998E+01 6.14996E-01  6.76138E-06  7.56965E-01 
7.57998E+01 6.09996E-01  6.55415E-06  7.51947E-01 
7.58998E+01 6.04996E-01  6.34865E-06  7.46975E-01 
7.59998E+01 5.99996E-01  6.13495E-06  7.41962E-01 
7.60998E+01 5.94997E-01  5.92880E-06  7.36979E-01 
7.61998E+01 5.89997E-01  5.71146E-06  7.31967E-01 
7.62998E+01 5.84997E-01  5.49551E-06  7.26967E-01 
7.63998E+01 5.79997E-01  5.27344E-06  7.21973E-01 
7.64998E+01 5.74997E-01  5.05142E-06  7.16965E-01 
7.65998E+01 5.69997E-01  4.82780E-06  7.11955E-01 
7.66998E+01 5.64997E-01  4.60043E-06  7.06960E-01 
7.67998E+01 5.59997E-01  4.37141E-06  7.01945E-01 
7.68998E+01 5.54997E-01  4.14021E-06  6.96967E-01 
7.69998E+01 5.49997E-01  3.90455E-06  6.91930E-01 
7.70998E+01 5.44997E-01  3.67078E-06  6.86952E-01 
7.71998E+01 5.39997E-01  3.43413E-06  6.81953E-01 
7.72998E+01 5.34997E-01  3.17571E-06  6.76957E-01 
7.73998E+01 5.29997E-01  2.93291E-06  6.71938E-01 
7.74998E+01 5.24997E-01  2.69113E-06  6.66958E-01 
7.75998E+01 5.19997E-01  2.44506E-06  6.61938E-01 
7.76998E+01 5.14997E-01  2.19980E-06  6.56942E-01 
7.77998E+01 5.09997E-01  1.95367E-06  6.51934E-01 
7.78998E+01 5.04997E-01  1.70389E-06  6.46911E-01 
7.79998E+01 4.99997E-01  1.44990E-06  6.41907E-01 
7.80998E+01 4.94997E-01  1.19925E-06  6.36911E-01 
7.81998E+01 4.89997E-01  9.44362E-07  6.31908E-01 
7.82998E+01 4.84997E-01  6.85379E-07  6.26897E-01 
7.83998E+01 4.79997E-01  4.23910E-07  6.21897E-01 
7.84998E+01 4.74997E-01  1.57580E-07  6.16874E-01 
7.85998E+01 4.69997E-01  -1.08103E-07 6.11869E-01 
7.86998E+01 4.64997E-01  -3.80734E-07 6.06859E-01 
7.87998E+01 4.59997E-01  -6.53346E-07 6.01852E-01 
7.88998E+01 4.54997E-01  -9.30061E-07 5.96867E-01 
7.89998E+01 4.49997E-01  -1.20748E-06 5.91868E-01 
7.90998E+01 4.44997E-01  -1.49118E-06 5.86855E-01 
7.91998E+01 4.39997E-01  -1.77295E-06 5.81871E-01 
7.92998E+01 4.34997E-01  -2.05587E-06 5.76852E-01 
7.93998E+01 4.29997E-01  -2.33829E-06 5.71837E-01 
7.94998E+01 4.24997E-01  -2.61151E-06 5.66829E-01 
7.95998E+01 4.19997E-01  -2.88808E-06 5.61801E-01 
7.96998E+01 4.14997E-01  -3.17436E-06 5.56808E-01 
7.97998E+01 4.09997E-01  -3.46404E-06 5.51831E-01 
7.98998E+01 4.04997E-01  -3.76475E-06 5.46828E-01 
7.99998E+01 3.99997E-01  -4.06376E-06 5.41801E-01 
8.00998E+01 3.94997E-01  -4.37086E-06 5.36812E-01 
8.01998E+01 3.89997E-01  -4.68103E-06 5.31829E-01 
8.02998E+01 3.84997E-01  -4.99888E-06 5.26817E-01 
8.03998E+01 3.79997E-01  -5.32397E-06 5.21796E-01 
8.04998E+01 3.74997E-01  -5.65906E-06 5.16816E-01 
8.05998E+01 3.69997E-01  -5.99566E-06 5.11816E-01 
8.06998E+01 3.64997E-01  -6.33461E-06 5.06805E-01 
8.07998E+01 3.59997E-01  -6.68325E-06 5.01806E-01 
8.08998E+01 3.54997E-01  -7.03807E-06 4.96814E-01 
8.09998E+01 3.49997E-01  -7.39339E-06 4.91819E-01 
8.10998E+01 3.44997E-01  -7.76749E-06 4.86797E-01 
8.11998E+01 3.39997E-01  -8.14466E-06 4.81784E-01 
8.12998E+01 3.34997E-01  -8.52038E-06 4.76804E-01 
8.13998E+01 3.29997E-01  -8.91037E-06 4.71790E-01 
8.14998E+01 3.24997E-01  -9.30441E-06 4.66773E-01 
8.15998E+01 3.19997E-01  -9.70476E-06 4.61763E-01 
8.16998E+01 3.14997E-01  -1.01087E-05 4.56772E-01 
8.17998E+01 3.09997E-01  -1.05208E-05 4.51761E-01 
8.18998E+01 3.04997E-01  -1.09396E-05 4.46752E-01 
8.19998E+01 2.99997E-01  -1.13626E-05 4.41747E-01 
8.20998E+01 2.94997E-01  -1.18022E-05 4.36763E-01 
8.21998E+01 2.89997E-01  -1.22398E-05 4.31728E-01 
8.22998E+01 2.84997E-01  -1.26840E-05 4.26722E-01 
8.23998E+01 2.79997E-01  -1.31344E-05 4.21732E-01 
8.24998E+01 2.74997E-01  -1.35883E-05 4.16735E-01 
8.25998E+01 2.69997E-01  -1.40521E-05 4.11712E-01 
8.26998E+01 2.64997E-01  -1.45154E-05 4.06697E-01 
8.27998E+01 2.59997E-01  -1.49879E-05 4.01732E-01 
8.28998E+01 2.54997E-01  -1.54667E-05 3.96741E-01 
8.29998E+01 2.49997E-01  -1.59513E-05 3.91729E-01 
8.30998E+01 2.44997E-01  -1.64520E-05 3.86703E-01 
8.31998E+01 2.39997E-01  -1.69506E-05 3.81723E-01 
8.32998E+01 2.34997E-01  -1.74529E-05 3.76712E-01 
8.33998E+01 2.29997E-01  -1.79527E-05 3.71710E-01 
8.34998E+01 2.24997E-01  -1.84660E-05 3.66694E-01 
8.35998E+01 2.19997E-01  -1.89889E-05 3.61689E-01 
8.36998E+01 2.14997E-01  -1.95219E-05 3.56695E-01 
8.37998E+01 2.09997E-01  -2.00665E-05 3.51705E-01 
8.38998E+01 2.04997E-01  -2.06176E-05 3.46687E-01 
8.39998E+01 1.99997E-01  -2.11859E-05 3.41682E-01 
8.40998E+01 1.94998E-01  -2.17410E-05 3.36694E-01 
8.41998E+01 1.89998E-01  -2.23104E-05 3.31683E-01 
8.42998E+01 1.84998E-01  -2.28661E-05 3.26678E-01 
8.43998E+01 1.79998E-01  -2.34150E-05 3.21654E-01 
8.44998E+01 1.74998E-01  -2.39635E-05 3.16672E-01 
8.45998E+01 1.69998E-01  -2.45175E-05 3.11649E-01 
8.46998E+01 1.64998E-01  -2.51015E-05 3.06676E-01 
8.47998E+01 1.59998E-01  -2.57331E-05 3.01650E-01 
8.48998E+01 1.54998E-01  -2.63928E-05 2.96621E-01 
8.49998E+01 1.49998E-01  -2.70199E-05 2.91618E-01 
8.50998E+01 1.44998E-01  -2.76476E-05 2.86628E-01 
8.51998E+01 1.39998E-01  -2.82809E-05 2.81624E-01 
8.52998E+01 1.34998E-01  -2.89515E-05 2.76619E-01 
8.53998E+01 1.29998E-01  -2.96121E-05 2.71600E-01 
8.54998E+01 1.24998E-01  -3.02792E-05 2.66626E-01 
8.55998E+01 1.19998E-01  -3.09263E-05 2.61619E-01 
8.56998E+01 1.14998E-01  -3.15066E-05 2.56611E-01 
8.57998E+01 1.09998E-01  -3.21189E-05 2.51585E-01 
8.58998E+01 1.04998E-01  -3.27988E-05 2.46595E-01 
8.59998E+01 9.99977E-02  -3.34865E-05 2.41611E-01 
8.60998E+01 9.49978E-02  -3.41288E-05 2.36598E-01 
8.61998E+01 8.99978E-02  -3.47489E-05 2.31601E-01 
8.62998E+01 8.49978E-02  -3.53977E-05 2.26600E-01 
8.63998E+01 7.99978E-02  -3.59914E-05 2.21601E-01 
8.64998E+01 7.49978E-02  -3.65733E-05 2.16595E-01 
8.65998E+01 6.99978E-02  -3.72733E-05 2.11589E-01 
8.66998E+01 6.49978E-02  -3.79420E-05 2.06574E-01 
8.67998E+01 5.99978E-02  -3.85394E-05 2.01593E-01 
8.68998E+01 5.49979E-02  -3.91046E-05 1.96586E-01 
8.69998E+01 4.99979E-02  -3.97661E-05 1.91564E-01 
8.70998E+01 4.49979E-02  -4.03669E-05 1.86580E-01 
8.71998E+01 3.99979E-02  -4.09956E-05 1.81560E-01 
8.72998E+01 3.49979E-02  -4.16976E-05 1.76561E-01 
8.73998E+01 2.99979E-02  -4.24015E-05 1.71547E-01 
8.74998E+01 2.49979E-02  -4.30381E-05 1.66551E-01 
8.75998E+01 1.99979E-02  -4.36746E-05 1.61564E-01 
8.76998E+01 1.49980E-02  -4.43205E-05 1.56558E-01 
8.77998E+01 9.99797E-03  -4.49744E-05 1.51525E-01 
8.78998E+01 4.99799E-03  -4.56556E-05 1.46548E-01 
8.79998E+01 -2.00000E-06 -4.63366E-05 1.41545E-01 
8.80998E+01 -5.00199E-03 -4.70741E-05 1.36538E-01 
8.81998E+01 -1.00020E-02 -4.78719E-05 1.31517E-01 
8.82998E+01 -1.50020E-02 -4.85619E-05 1.26527E-01 
8.83998E+01 -2.00020E-02 -4.92626E-05 1.21532E-01 
8.84998E+01 -2.50019E-02 -4.99879E-05 1.16525E-01 
8.85998E+01 -3.00019E-02 -5.06957E-05 1.11497E-01 
8.86998E+01 -3.50019E-02 -5.13860E-05 1.06512E-01 
8.87998E+01 -4.00019E-02 -5.21123E-05 1.01524E-01 
8.88998E+01 -4.50019E-02 -5.29268E-05 9.64978E-02 
8.89998E+01 -5.00019E-02 -5.38753E-05 9.14962E-02 
8.90998E+01 -5.50019E-02 -5.47024E-05 8.64997E-02 
8.91998E+01 -6.00019E-02 -5.55615E-05 8.15150E-02 
8.92998E+01 -6.50018E-02 -5.63620E-05 7.64897E-02 
8.93998E+01 -7.00018E-02 -5.69386E-05 7.14689E-02 
8.94998E+01 -7.50018E-02 -5.76543E-05 6.64654E-02 
8.95998E+01 -8.00018E-02 -5.82903E-05 6.15201E-02 
8.96998E+01 -8.50018E-02 -5.90477E-05 5.64948E-02 
8.97998E+01 -9.00018E-02 -5.97801E-05 5.14864E-02 
8.98998E+01 -9.50018E-02 -6.06284E-05 4.64823E-02 
8.99998E+01 -1.00002E-01 -6.15345E-05 4.14952E-02 
9.00998E+01 -1.05002E-01 -6.24065E-05 3.64805E-02 
9.01998E+01 -1.10002E-01 -6.32344E-05 3.14765E-02 
9.02998E+01 -1.15002E-01 -6.41382E-05 2.64612E-02 
9.03998E+01 -1.20002E-01 -6.51310E-05 2.14946E-02 
9.04998E+01 -1.25002E-01 -6.61692E-05 1.64631E-02 
9.05998E+01 -1.30002E-01 -6.72746E-05 1.14503E-02 
9.06998E+01 -1.35002E-01 -6.84256E-05 6.44440E-03 
9.07998E+01 -1.40002E-01 -6.96656E-05 1.44971E-03 
9.08998E+01 -1.45002E-01 -7.10765E-05 -3.55121E-03
9.09998E+01 -1.50002E-01 -7.25200E-05 -8.55776E-03
9.10998E+01 -1.55002E-01 -7.39234E-05 -1.35693E-02
9.11998E+01 -1.60002E-01 -7.53125E-05 -1.85789E-02
9.12998E+01 -1.65002E-01 -7.66570E-05 -2.35761E-02
9.13998E+01 -1.70002E-01 -7.81934E-05 -2.85964E-02
9.14998E+01 -1.75002E-01 -7.98004E-05 -3.35917E-02
9.15998E+01 -1.80002E-01 -8.14526E-05 -3.86132E-02
9.16998E+01 -1.85002E-01 -8.31433E-05 -4.35879E-02
9.17998E+01 -1.90002E-01 -8.48565E-05 -4.85976E-02
9.18998E+01 -1.95002E-01 -8.67044E-05 -5.35929E-02
9.19998E+01 -2.00002E-01 -8.86815E-05 -5.85926E-02
9.20998E+01 -2.05001E-01 -9.07424E-05 -6.35991E-02
9.21998E+01 -2.10001E-01 -9.29234E-05 -6.85800E-02
9.22998E+01 -2.15001E-01 -9.52004E-05 -7.36059E-02
9.23998E+01 -2.20001E-01 -9.76466E-05 -7.86112E-02
9.24998E+01 -2.25001E-01 -1.00302E-04 -8.36284E-02
9.25998E+01 -2.30001E-01 -1.03152E-04 -8.86037E-02
9.26998E+01 -2.35001E-01 -1.06250E-04 -9.36290E-02
9.27998E+01 -2.40001E-01 -1.09556E-04 -9.86392E-02
9.28998E+01 -2.45001E-01 -1.12919E-04 -1.03647E-01
9.29998E+01 -2.50001E-01 -1.17088E-04 -1.08626E-01
9.30998E+01 -2.55001E-01 -1.21622E-04 -1.13625E-01
9.31998E+01 -2.60001E-01 -1.26452E-04 -1.18640E-01
9.32998E+01 -2.65001E-01 -1.31535E-04 -1.23662E-01
9.33998E+01 -2.70001E-01 -1.36816E-04 -1.28599E-01
9.34998E+01 -2.75001E-01 -1.42341E-04 -1.33628E-01
9.35998E+01 -2.80001E-01 -1.47935E-04 -1.38636E-01
9.36998E+01 -2.85001E-01 -1.53648E-04 -1.43668E-01
9.37998E+01 -2.90001E-01 -1.59415E-04 -1.48629E-01
9.38998E+01 -2.95001E-01 -1.65192E-04 -1.53637E-01
9.39998E+01 -3.00001E-01 -1.70958E-04 -1.58646E-01
9.40998E+01 -3.05001E-01 -1.76667E-04 -1.63632E-01
9.41998E+01 -3.10001E-01 -1.82306E-04 -1.68640E-01
9.42998E+01 -3.15001E-01 -1.87886E-04 -1.73646E-01
9.43998E+01 -3.20001E-01 -1.93387E-04 -1.78680E-01
9.44998E+01 -3.25001E-01 -1.98779E-04 -1.83659E-01
9.45998E+01 -3.30001E-01 -2.04095E-04 -1.88640E-01
9.46998E+01 -3.35001E-01 -2.09341E-04 -1.93645E-01
9.47998E+01 -3.40001E-01 -2.14501E-04 -1.98677E-01
9.48998E+01 -3.45001E-01 -2.19423E-04 -2.03661E-01
9.49998E+01 -3.50001E-01 -2.24434E-04 -2.08674E-01
9.50998E+01 -3.55001E-01 -2.29416E-04 -2.13675E-01
9.51998E+01 -3.60001E-01 -2.34356E-04 -2.18675E-01
9.52998E+01 -3.65001E-01 -2.39244E-04 -2.23671E-01
9.53998E+01 -3.70001E-01 -2.44120E-04 -2.28674E-01
9.54998E+01 -3.75001E-01 -2.48999E-04 -2.33653E-01
9.55998E+01 -3.80001E-01 -2.53845E-04 -2.38689E-01
9.56998E+01 -3.85001E-01 -2.58710E-04 -2.43699E-01
9.57998E+01 -3.90001E-01 -2.63582E-04 -2.48703E-01
9.58998E+01 -3.95001E-01 -2.68449E-04 -2.53690E-01
9.59998E+01 -4.00001E-01 -2.73331E-04 -2.58712E-01
9.60998E+01 -4.05001E-01 -2.78213E-04 -2.63727E-01
9.61998E+01 -4.10001E-01 -2.83061E-04 -2.68716E-01
9.62998E+01 -4.15001E-01 -2.87937E-04 -2.73704E-01
9.63998E+01 -4.20001E-01 -2.92776E-04 -2.78739E-01
9.64998E+01 -4.25001E-01 -2.97613E-04 -2.83741E-01
9.65998E+01 -4.30001E-01 -3.02410E-04 -2.88739E-01
9.66998E+01 -4.35001E-01 -3.07189E-04 -2.93735E-01
9.67998E+01 -4.40001E-01 -3.11923E-04 -2.98737E-01
9.68998E+01 -4.45001E-01 -3.16598E-04 -3.03746E-01
9.69998E+01 -4.50001E-01 -3.21228E-04 -3.08759E-01
9.70998E+01 -4.55001E-01 -3.25790E-04 -3.13739E-01
9.71998E+01 -4.60001E-01 -3.30264E-04 -3.18749E-01
9.72998E+01 -4.65001E-01 -3.34651E-04 -3.23746E-01
9.73998E+01 -4.70001E-01 -3.38942E-04 -3.28776E-01
9.74998E+01 -4.75001E-01 -3.43114E-04 -3.33778E-01
9.75998E+01 -4.80001E-01 -3.47163E-04 -3.38775E-01
9.76998E+01 -4.85001E-01 -3.51076E-04 -3.43758E-01
9.77998E+01 -4.90001E-01 -3.54822E-04 -3.48790E-01
9.78998E+01 -4.95001E-01 -3.58394E-04 -3.53789E-01
9.79998E+01 -5.00001E-01 -3.61794E-04 -3.58783E-01
9.80998E+01 -5.05001E-01 -3.64968E-04 -3.63783E-01
9.81998E+01 -5.10001E-01 -3.67904E-04 -3.68786E-01
9.82998E+01 -5.15001E-01 -3.70546E-04 -3.73800E-01
9.83998E+01 -5.20001E-01 -3.72854E-04 -3.78789E-01
9.84998E+01 -5.25001E-01 -3.74775E-04 -3.83778E-01
9.85998E+01 -5.30001E-01 -3.76201E-04 -3.88801E-01
9.86998E+01 -5.35001E-01 -3.76953E-04 -3.93785E-01
9.87998E+01 -5.40001E-01 -3.76839E-04 -3.98804E-01
9.88998E+01 -5.45001E-01 -3.75344E-04 -4.03808E-01
9.89998E+01 -5.50001E-01 -3.71855E-04 -4.08804E-01
9.90998E+01 -5.55001E-01 -3.65189E-04 -4.13811E-01
9.91998E+01 -5.60001E-01 -3.53612E-04 -4.18812E-01
9.92998E+01 -5.65001E-01 -3.34162E-04 -4.23808E-01
9.93998E+01 -5.70001E-01 -3.01240E-04 -4.28811E-01
9.94998E+01 -5.75001E-01 -2.48608E-04 -4.33826E-01
9.95998E+01 -5.80001E-01 -1.95880E-04 -4.38835E-01
9.96998E+01 -5.85001E-01 -1.61737E-04 -4.43824E-01
9.97998E+01 -5.90001E-01 -1.39886E-04 -4.48830E-01
9.98998E+01 -5.95001E-01 -1.25049E-04 -4.53832E-01
9.99997E+01 -6.00001E-01 -1.14339E-04 -4.58838E-01
1.00100E+02 -6.05000E-01 -1.05919E-04 -4.63843E-01
1.00200E+02 -6.10000E-01 -9.92004E-05 -4.68840E-01
1.00300E+02 -6.15000E-01 -9.36387E-05 -4.73847E-01
1.00400E+02 -6.20000E-01 -8.88931E-05 -4.78867E-01
1.00500E+02 -6.25000E-01 -8.47551E-05 -4.83852E-01
1.00600E+02 -6.30000E-01 -8.12051E-05 -4.88866E-01
1.00700E+02 -6.35000E-01 -7.80666E-05 -4.93867E-01
1.00800E+02 -6.40000E-01 -7.53169E-05 -4.98880E-01
1.00900E+02 -6.45000E-01 -7.29074E-05 -5.03870E-01
1.01000E+02 -6.50000E-01 -7.07724E-05 -5.08904E-01
1.01100E+02 -6.55000E-01 -6.88519E-05 -5.13911E-01
1.01200E+02 -6.60000E-01 -6.71604E-05 -5.18901E-01
1.01300E+02 -6.65000E-01 -6.56622E-05 -5.23873E-01
1.01400E+02 -6.70000E-01 -6.42910E-05 -5.28911E-01
1.01500E+02 -6.75000E-01 -6.30724E-05 -5.33913E-01
1.01600E+02 -6.80000E-01 -6.19745E-05 -5.38926E-01
1.01700E+02 -6.85000E-01 -6.09953E-05 -5.43908E-01
1.01800E+02 -6.90000E-01 -6.01303E-05 -5.48917E-01
1.01900E+02 -6.95000E-01 -5.93344E-05 -5.53941E-01
1.02000E+02 -7.00000E-01 -5.86221E-05 -5.58946E-01
1.02100E+02 -7.05000E-01 -5.79937E-05 -5.63911E-01
1.02200E+02 -7.10000E-01 -5.74298E-05 -5.68935E-01
1.02300E+02 -7.15000E-01 -5.69360E-05 -5.73939E-01
1.02400E+02 -7.20000E-01 -5.65020E-05 -5.78931E-01
1.02500E+02 -7.25000E-01 -5.61240E-05 -5.83933E-01
1.02600E+02 -7.30000E-01 -5.57874E-05 -5.88942E-01
1.02700E+02 -7.35000E-01 -5.55061E-05 -5.93960E-01
1.02800E+02 -7.40000E-01 -5.52687E-05 -5.98942E-01
1.02900E+02 -7.45000E-01 -5.50641E-05 -6.03946E-01
1.03000E+02 -7.50000E-01 -5.48792E-05 -6.08940E-01
1.03100E+02 -7.55000E-01 -5.47447E-05 -6.13949E-01
1.03200E+02 -7.60000E-01 -5.46206E-05 -6.18960E-01
1.03300E+02 -7.65000E-01 -5.45359E-05 -6.23940E-01
1.03400E+02 -7.70000E-01 -5.44771E-05 -6.28943E-01
1.03500E+02 -7.75000E-01 -5.44334E-05 -6.33969E-01
1.03600E+02 -7.80000E-01 -5.44242E-05 -6.38988E-01
1.03700E+02 -7.85000E-01 -5.44282E-05 -6.43949E-01
1.03800E+02 -7.90000E-01 -5.44464E-05 -6.48976E-01
1.03900E+02 -7.95000E-01 -5.44632E-05 -6.53987E-01
