time/s      E/V        I/A
0.00000E+00 -8.00000E-01 -4.71477E-05 -7.63028E-01
9.99997E-02 -7.95000E-01 -4.54183E-05 -7.58033E-01
1.99999E-01 -7.90000E-01 -4.41485E-05 -7.53023E-01
2.99999E-01 -7.85000E-01 -4.30068E-05 -7.48009E-01
3.99999E-01 -7.80000E-01 -4.15394E-05 -7.43020E-01
4.99999E-01 -7.75000E-01 -4.00886E-05 -7.37997E-01
5.99998E-01 -7.70000E-01 -3.90044E-05 -7.33001E-01
6.99998E-01 -7.65000E-01 -3.77779E-05 -7.28003E-01
7.99998E-01 -7.60000E-01 -3.72167E-05 -7.23012E-01
8.99998E-01 -7.55000E-01 -3.61517E-05 -7.18028E-01
9.99997E-01 -7.50000E-01 -3.50745E-05 -7.13008E-01
1.10000E+00 -7.45000E-01 -3.39938E-05 -7.08009E-01
1.20000E+00 -7.40000E-01 -3.32220E-05 -7.02986E-01
1.30000E+00 -7.35000E-01 -3.25327E-05 -6.97998E-01
1.40000E+00 -7.30000E-01 -3.17695E-05 -6.92995E-01
1.50000E+00 -7.25000E-01 -3.10045E-05 -6.87994E-01
1.60000E+00 -7.20000E-01 -3.04481E-05 -6.83000E-01
1.70000E+00 -7.15000E-01 -2.99377E-05 -6.78006E-01
1.80000E+00 -7.10000E-01 -2.91820E-05 -6.72997E-01
1.90000E+00 -7.05000E-01 -2.85618E-05 -6.68001E-01
1.99999E+00 -7.00000E-01 -2.80789E-05 -6.63005E-01
2.09999E+00 -6.95000E-01 -2.74545E-05 -6.58020E-01
2.19999E+00 -6.90000E-01 -2.67207E-05 -6.53003E-01
2.29999E+00 -6.85000E-01 -2.61736E-05 -6.47941E-01
2.39999E+00 -6.80000E-01 -2.56879E-05 -6.42949E-01
2.49999E+00 -6.75000E-01 -2.51385E-05 -6.37958E-01
2.59999E+00 -6.70000E-01 -2.46037E-05 -6.32974E-01
2.69999E+00 -6.65000E-01 -2.40777E-05 -6.27957E-01
2.79999E+00 -6.60000E-01 -2.35989E-05 -6.22947E-01
2.89999E+00 -6.55000E-01 -2.31193E-05 -6.17950E-01
2.99999E+00 -6.50000E-01 -2.26279E-05 -6.12938E-01
3.09999E+00 -6.45000E-01 -2.21086E-05 -6.07945E-01
3.19999E+00 -6.40000E-01 -2.16926E-05 -6.02951E-01
3.29999E+00 -6.35000E-01 -2.12522E-05 -5.97940E-01
3.39999E+00 -6.30000E-01 -2.08173E-05 -5.92935E-01
3.49999E+00 -6.25000E-01 -2.03967E-05 -5.87919E-01
3.59999E+00 -6.20000E-01 -1.99792E-05 -5.82924E-01
3.69999E+00 -6.15000E-01 -1.95755E-05 -5.77929E-01
3.79999E+00 -6.10000E-01 -1.91820E-05 -5.72926E-01
3.89999E+00 -6.05000E-01 -1.87928E-05 -5.67937E-01
3.99999E+00 -6.00001E-01 -1.84229E-05 -5.62916E-01
4.09999E+00 -5.95001E-01 -1.80511E-05 -5.57923E-01
4.19999E+00 -5.90001E-01 -1.76883E-05 -5.52912E-01
4.29999E+00 -5.85001E-01 -1.73275E-05 -5.47932E-01
4.39999E+00 -5.80001E-01 -1.69730E-05 -5.42895E-01
4.49999E+00 -5.75001E-01 -1.66319E-05 -5.37922E-01
4.59999E+00 -5.70001E-01 -1.62970E-05 -5.32915E-01
4.69999E+00 -5.65001E-01 -1.59669E-05 -5.27907E-01
4.79999E+00 -5.60001E-01 -1.56401E-05 -5.22877E-01
4.89999E+00 -5.55001E-01 -1.53226E-05 -5.17907E-01
4.99999E+00 -5.50001E-01 -1.50164E-05 -5.12910E-01
5.09999E+00 -5.45001E-01 -1.47068E-05 -5.07910E-01
5.19999E+00 -5.40001E-01 -1.44005E-05 -5.02896E-01
5.29999E+00 -5.35001E-01 -1.41072E-05 -4.97901E-01
5.39999E+00 -5.30001E-01 -1.38138E-05 -4.92901E-01
5.49999E+00 -5.25001E-01 -1.35304E-05 -4.87871E-01
5.59999E+00 -5.20001E-01 -1.32508E-05 -4.82844E-01
5.69999E+00 -5.15001E-01 -1.29828E-05 -4.77859E-01
5.79999E+00 -5.10001E-01 -1.27095E-05 -4.72833E-01
5.89999E+00 -5.05001E-01 -1.24426E-05 -4.67827E-01
5.99998E+00 -5.00001E-01 -1.21748E-05 -4.62861E-01
6.09998E+00 -4.95001E-01 -1.19113E-05 -4.57851E-01
6.19998E+00 -4.90001E-01 -1.16555E-05 -4.52848E-01
6.29998E+00 -4.85001E-01 -1.14037E-05 -4.47835E-01
6.39998E+00 -4.80001E-01 -1.11611E-05 -4.42836E-01
6.49998E+00 -4.75001E-01 -1.09208E-05 -4.37854E-01
6.59998E+00 -4.70001E-01 -1.06906E-05 -4.32840E-01
6.69998E+00 -4.65001E-01 -1.05327E-05 -4.27826E-01
6.79998E+00 -4.60001E-01 -1.02040E-05 -4.22838E-01
6.89998E+00 -4.55001E-01 -9.97304E-06 -4.17827E-01
6.99998E+00 -4.50001E-01 -9.83285E-06 -4.12832E-01
7.09998E+00 -4.45001E-01 -9.52102E-06 -4.07822E-01
7.19998E+00 -4.40001E-01 -9.21710E-06 -4.02848E-01
7.29998E+00 -4.35001E-01 -8.99730E-06 -3.97851E-01
7.39998E+00 -4.30001E-01 -8.77336E-06 -3.92848E-01
7.49998E+00 -4.25001E-01 -8.54874E-06 -3.87831E-01
7.59998E+00 -4.20001E-01 -8.41924E-06 -3.82813E-01
7.69998E+00 -4.15001E-01 -8.22669E-06 -3.77821E-01
7.79998E+00 -4.10001E-01 -7.98615E-06 -3.72841E-01
7.89998E+00 -4.05001E-01 -7.76135E-06 -3.67812E-01
7.99998E+00 -4.00001E-01 -7.54890E-06 -3.62800E-01
8.09998E+00 -3.95001E-01 -7.34443E-06 -3.57801E-01
8.19998E+00 -3.90001E-01 -7.14488E-06 -3.52810E-01
8.29998E+00 -3.85001E-01 -6.98119E-06 -3.47798E-01
8.39998E+00 -3.80001E-01 -6.78386E-06 -3.42782E-01
8.49998E+00 -3.75001E-01 -6.60458E-06 -3.37786E-01
8.59998E+00 -3.70001E-01 -6.42565E-06 -3.32789E-01
8.69998E+00 -3.65001E-01 -6.24842E-06 -3.27797E-01
8.79998E+00 -3.60001E-01 -6.13899E-06 -3.22778E-01
8.89998E+00 -3.55001E-01 -5.96356E-06 -3.17759E-01
8.99998E+00 -3.50001E-01 -5.73757E-06 -3.12758E-01
9.09998E+00 -3.45001E-01 -5.49093E-06 -3.07763E-01
9.19998E+00 -3.40001E-01 -5.25331E-06 -3.02764E-01
9.29998E+00 -3.35001E-01 -5.07615E-06 -2.97770E-01
9.39998E+00 -3.30001E-01 -4.89802E-06 -2.92724E-01
9.49998E+00 -3.25001E-01 -4.72029E-06 -2.87769E-01
9.59998E+00 -3.20001E-01 -4.53546E-06 -2.82763E-01
9.69998E+00 -3.15001E-01 -4.34398E-06 -2.77749E-01
9.79998E+00 -3.10001E-01 -4.16007E-06 -2.72736E-01
9.89998E+00 -3.05001E-01 -3.97747E-06 -2.67729E-01
9.99997E+00 -3.00001E-01 -3.79996E-06 -2.62755E-01
1.01000E+01 -2.95001E-01 -3.62058E-06 -2.57743E-01
1.02000E+01 -2.90001E-01 -3.48067E-06 -2.52740E-01
1.03000E+01 -2.85001E-01 -3.29493E-06 -2.47726E-01
1.04000E+01 -2.80001E-01 -3.11053E-06 -2.42723E-01
1.05000E+01 -2.75001E-01 -2.92501E-06 -2.37721E-01
1.06000E+01 -2.70001E-01 -2.74118E-06 -2.32730E-01
1.07000E+01 -2.65001E-01 -2.55144E-06 -2.27711E-01
1.08000E+01 -2.60001E-01 -2.36968E-06 -2.22708E-01
1.09000E+01 -2.55001E-01 -2.18709E-06 -2.17721E-01
1.10000E+01 -2.50001E-01 -1.98937E-06 -2.12709E-01
1.11000E+01 -2.45001E-01 -1.78146E-06 -2.07724E-01
1.12000E+01 -2.40001E-01 -1.58924E-06 -2.02710E-01
1.13000E+01 -2.35001E-01 -1.40647E-06 -1.97724E-01
1.14000E+01 -2.30001E-01 -1.21594E-06 -1.92697E-01
1.15000E+01 -2.25001E-01 -1.00057E-06 -1.87698E-01
1.16000E+01 -2.20001E-01 -7.83178E-07 -1.82703E-01
1.17000E+01 -2.15001E-01 -5.89477E-07 -1.77714E-01
1.18000E+01 -2.10001E-01 -3.89506E-07 -1.72707E-01
1.19000E+01 -2.05001E-01 -1.85957E-07 -1.67676E-01
1.20000E+01 -2.00002E-01 1.13463E-08  -1.62679E-01
1.21000E+01 -1.95002E-01 2.05587E-07  -1.57690E-01
1.22000E+01 -1.90002E-01 4.02050E-07  -1.52674E-01
1.23000E+01 -1.85002E-01 5.96356E-07  -1.47673E-01
1.24000E+01 -1.80002E-01 7.96437E-07  -1.42683E-01
1.25000E+01 -1.75002E-01 9.97568E-07  -1.37665E-01
1.26000E+01 -1.70002E-01 1.19783E-06  -1.32639E-01
1.27000E+01 -1.65002E-01 1.39747E-06  -1.27640E-01
1.28000E+01 -1.60002E-01 1.59912E-06  -1.22665E-01
1.29000E+01 -1.55002E-01 1.80358E-06  -1.17659E-01
1.30000E+01 -1.50002E-01 2.00376E-06  -1.12661E-01
1.31000E+01 -1.45002E-01 2.20906E-06  -1.07667E-01
1.32000E+01 -1.40002E-01 2.41546E-06  -1.02681E-01
1.33000E+01 -1.35002E-01 2.63339E-06  -9.76755E-02
1.34000E+01 -1.30002E-01 2.85707E-06  -9.26621E-02
1.35000E+01 -1.25002E-01 3.09368E-06  -8.76337E-02
1.36000E+01 -1.20002E-01 3.34044E-06  -8.26690E-02
1.37000E+01 -1.15002E-01 3.59706E-06  -7.76637E-02
1.38000E+01 -1.10002E-01 3.87118E-06  -7.26353E-02
1.39000E+01 -1.05002E-01 4.16192E-06  -6.76363E-02
1.40000E+01 -1.00002E-01 4.47474E-06  -6.26379E-02
1.41000E+01 -9.50018E-02 4.80484E-06  -5.76494E-02
1.42000E+01 -9.00018E-02 5.15834E-06  -5.26279E-02
1.43000E+01 -8.50018E-02 5.54165E-06  -4.76251E-02
1.44000E+01 -8.00018E-02 5.94630E-06  -4.26586E-02
1.45000E+01 -7.50018E-02 6.38494E-06  -3.76489E-02
1.46000E+01 -7.00018E-02 6.86272E-06  -3.26298E-02
1.47000E+01 -6.50018E-02 7.36879E-06  -2.76233E-02
1.48000E+01 -6.00019E-02 7.91285E-06  -2.26286E-02
1.49000E+01 -5.50019E-02 8.48783E-06  -1.76540E-02
1.50000E+01 -5.00019E-02 9.11876E-06  -1.26112E-02
1.51000E+01 -4.50019E-02 9.80070E-06  -7.62651E-03
1.52000E+01 -4.00019E-02 1.05351E-05  -2.60995E-03
1.53000E+01 -3.50019E-02 1.13118E-05  2.37908E-03 
1.54000E+01 -3.00019E-02 1.21594E-05  7.38189E-03 
1.55000E+01 -2.50019E-02 1.30967E-05  1.24071E-02 
1.56000E+01 -2.00020E-02 1.39740E-05  1.74025E-02 
1.57000E+01 -1.50020E-02 1.49552E-05  2.24177E-02 
1.58000E+01 -1.00020E-02 1.60235E-05  2.73962E-02 
1.59000E+01 -5.00199E-03 1.71213E-05  3.24346E-02 
1.60000E+01 -2.00000E-06 1.82673E-05  3.74361E-02 
1.61000E+01 4.99799E-03  1.94558E-05  4.24177E-02 
1.62000E+01 9.99797E-03  2.07149E-05  4.74204E-02 
1.63000E+01 1.49980E-02  2.20875E-05  5.24058E-02 
1.64000E+01 1.99979E-02  2.34680E-05  5.74304E-02 
1.65000E+01 2.49979E-02  2.48603E-05  6.24563E-02 
1.66000E+01 2.99979E-02  2.63937E-05  6.74185E-02 
1.67000E+01 3.49979E-02  2.78826E-05  7.24057E-02 
1.68000E+01 3.99979E-02  2.94279E-05  7.74285E-02 
1.69000E+01 4.49979E-02  3.10502E-05  8.24456E-02 
1.70000E+01 4.99979E-02  3.26763E-05  8.74184E-02 
1.71000E+01 5.49979E-02  3.42922E-05  9.24294E-02 
1.72000E+01 5.99978E-02  3.58969E-05  9.74296E-02 
1.73000E+01 6.49978E-02  3.76146E-05  1.02451E-01 
1.74000E+01 6.99978E-02  3.91755E-05  1.07435E-01 
1.75000E+01 7.49978E-02  4.06709E-05  1.12444E-01 
1.76000E+01 7.99978E-02  4.20395E-05  1.17446E-01 
1.77000E+01 8.49978E-02  4.32568E-05  1.22437E-01 
1.78000E+01 8.99978E-02  4.47712E-05  1.27456E-01 
1.79000E+01 9.49978E-02  4.60663E-05  1.32429E-01 
1.80000E+01 9.99977E-02  4.75400E-05  1.37463E-01 
1.81000E+01 1.04998E-01  4.90794E-05  1.42449E-01 
1.82000E+01 1.09998E-01  5.03210E-05  1.47453E-01 
1.83000E+01 1.14998E-01  5.11253E-05  1.52468E-01 
1.84000E+01 1.19998E-01  5.18718E-05  1.57485E-01 
1.85000E+01 1.24998E-01  5.28130E-05  1.62478E-01 
1.86000E+01 1.29998E-01  5.37280E-05  1.67460E-01 
1.87000E+01 1.34998E-01  5.46119E-05  1.72475E-01 
1.88000E+01 1.39998E-01  5.54296E-05  1.77509E-01 
1.89000E+01 1.44998E-01  5.61585E-05  1.82497E-01 
1.90000E+01 1.49998E-01  5.68724E-05  1.87482E-01 
1.91000E+01 1.54998E-01  5.76901E-05  1.92456E-01 
1.92000E+01 1.59998E-01  5.85218E-05  1.97494E-01 
1.93000E+01 1.64998E-01  5.94556E-05  2.02475E-01 
1.94000E+01 1.69998E-01  6.03661E-05  2.07485E-01 
1.95000E+01 1.74998E-01  6.14040E-05  2.12477E-01 
1.96000E+01 1.79998E-01  6.24894E-05  2.17504E-01 
1.97000E+01 1.84998E-01  6.36597E-05  2.22486E-01 
1.98000E+01 1.89998E-01  6.48927E-05  2.27491E-01 
1.99000E+01 1.94998E-01  6.62326E-05  2.32487E-01 
1.99999E+01 1.99997E-01  6.76568E-05  2.37521E-01 
2.00999E+01 2.04997E-01  6.92615E-05  2.42513E-01 
2.01999E+01 2.09997E-01  7.10380E-05  2.47510E-01 
2.02999E+01 2.14997E-01  7.29778E-05  2.52514E-01 
2.03999E+01 2.19997E-01  7.51289E-05  2.57502E-01 
2.04999E+01 2.24997E-01  7.74854E-05  2.62522E-01 
2.05999E+01 2.29997E-01  8.00728E-05  2.67531E-01 
2.06999E+01 2.34997E-01  8.27663E-05  2.72520E-01 
2.07999E+01 2.39997E-01  8.55951E-05  2.77521E-01 
2.08999E+01 2.44997E-01  8.85789E-05  2.82539E-01 
2.09999E+01 2.49997E-01  9.17190E-05  2.87536E-01 
2.10999E+01 2.54997E-01  9.50108E-05  2.92545E-01 
2.11999E+01 2.59997E-01  9.83493E-05  2.97525E-01 
2.12999E+01 2.64997E-01  1.01732E-04  3.02534E-01 
2.13999E+01 2.69997E-01  1.05093E-04  3.07571E-01 
2.14999E+01 2.74997E-01  1.08357E-04  3.12547E-01 
2.15999E+01 2.79997E-01  1.11522E-04  3.17575E-01 
2.16999E+01 2.84997E-01  1.14545E-04  3.22557E-01 
2.17999E+01 2.89997E-01  1.17380E-04  3.27577E-01 
2.18999E+01 2.94997E-01  1.19964E-04  3.32588E-01 
2.19999E+01 2.99997E-01  1.22180E-04  3.37596E-01 
2.20999E+01 3.04997E-01  1.23925E-04  3.42570E-01 
2.21999E+01 3.09997E-01  1.25129E-04  3.47578E-01 
2.22999E+01 3.14997E-01  1.25709E-04  3.52595E-01 
2.23999E+01 3.19997E-01  1.25480E-04  3.57587E-01 
2.24999E+01 3.24997E-01  1.24304E-04  3.62590E-01 
2.25999E+01 3.29997E-01  1.22105E-04  3.67592E-01 
2.26999E+01 3.34997E-01  1.18819E-04  3.72610E-01 
2.27999E+01 3.39997E-01  1.14435E-04  3.77609E-01 
2.28999E+01 3.44997E-01  1.08906E-04  3.82617E-01 
2.29999E+01 3.49997E-01  1.02332E-04  3.87586E-01 
2.30999E+01 3.54997E-01  9.46526E-05  3.92595E-01 
2.31999E+01 3.59997E-01  8.56668E-05  3.97627E-01 
2.32999E+01 3.64997E-01  7.70158E-05  4.02592E-01 
2.33999E+01 3.69997E-01  7.00550E-05  4.07603E-01 
2.34999E+01 3.74997E-01  6.54606E-05  4.12605E-01 
2.35999E+01 3.79997E-01  6.24135E-05  4.17645E-01 
2.36999E+01 3.84997E-01  6.03392E-05  4.22604E-01 
2.37999E+01 3.89997E-01  5.88363E-05  4.27601E-01 
2.38999E+01 3.94997E-01  5.76709E-05  4.32629E-01 
2.39999E+01 3.99997E-01  5.67315E-05  4.37648E-01 
2.40999E+01 4.04997E-01  5.59773E-05  4.42633E-01 
2.41999E+01 4.09997E-01  5.53337E-05  4.47614E-01 
2.42999E+01 4.14997E-01  5.47961E-05  4.52639E-01 
2.43999E+01 4.19997E-01  5.43555E-05  4.57652E-01 
2.44999E+01 4.24997E-01  5.39877E-05  4.62640E-01 
2.45999E+01 4.29997E-01  5.36919E-05  4.67646E-01 
2.46999E+01 4.34997E-01  5.34426E-05  4.72628E-01 
2.47999E+01 4.39997E-01  5.32854E-05  4.77683E-01 
2.48999E+01 4.44997E-01  5.32085E-05  4.82661E-01 
2.49999E+01 4.49997E-01  5.32145E-05  4.87678E-01 
2.50999E+01 4.54997E-01  5.32651E-05  4.92685E-01 
2.51999E+01 4.59997E-01  5.33319E-05  4.97674E-01 
2.52999E+01 4.64997E-01  5.34031E-05  5.02665E-01 
2.53999E+01 4.69997E-01  5.34381E-05  5.07689E-01 
2.54999E+01 4.74997E-01  5.34469E-05  5.12692E-01 
2.55999E+01 4.79997E-01  5.34614E-05  5.17685E-01 
2.56999E+01 4.84997E-01  5.34962E-05  5.22663E-01 
2.57999E+01 4.89997E-01  5.34515E-05  5.27683E-01 
2.58999E+01 4.94997E-01  5.33602E-05  5.32696E-01 
2.59999E+01 4.99997E-01  5.34438E-05  5.37689E-01 
2.60999E+01 5.04997E-01  5.36576E-05  5.42687E-01 
2.61999E+01 5.09997E-01  5.38385E-05  5.47702E-01 
2.62999E+01 5.14997E-01  5.39970E-05  5.52726E-01 
2.63999E+01 5.19997E-01  5.39149E-05  5.57705E-01 
2.64999E+01 5.24997E-01  5.36881E-05  5.62677E-01 
2.65999E+01 5.29997E-01  5.34736E-05  5.67710E-01 
2.66999E+01 5.34997E-01  5.34419E-05  5.72712E-01 
2.67999E+01 5.39997E-01  5.32787E-05  5.77703E-01 
2.68999E+01 5.44997E-01  5.31598E-05  5.82719E-01 
2.69999E+01 5.49997E-01  5.30347E-05  5.87731E-01 
2.70999E+01 5.54997E-01  5.27320E-05  5.92732E-01 
2.71999E+01 5.59997E-01  5.25312E-05  5.97716E-01 
2.72999E+01 5.64997E-01  5.21580E-05  6.02718E-01 
2.73999E+01 5.69997E-01  5.17108E-05  6.07711E-01 
2.74999E+01 5.74997E-01  5.12591E-05  6.12737E-01 
2.75999E+01 5.79997E-01  5.07077E-05  6.17731E-01 
2.76999E+01 5.84997E-01  5.01058E-05  6.22720E-01 
2.77999E+01 5.89997E-01  4.94256E-05  6.27727E-01 
2.78999E+01 5.94997E-01  4.86742E-05  6.32740E-01 
2.79999E+01 5.99996E-01  4.78692E-05  6.37768E-01 
2.80999E+01 6.04996E-01  4.70117E-05  6.42733E-01 
2.81999E+01 6.09996E-01  4.63476E-05  6.47719E-01 
2.82999E+01 6.14996E-01  4.56680E-05  6.52730E-01 
2.83999E+01 6.19996E-01  4.49845E-05  6.57756E-01 
2.84999E+01 6.24996E-01  4.42766E-05  6.62758E-01 
2.85999E+01 6.29996E-01  4.35004E-05  6.67743E-01 
2.86999E+01 6.34996E-01  4.27249E-05  6.72768E-01 
2.87999E+01 6.39996E-01  4.19432E-05  6.77768E-01 
2.88999E+01 6.44996E-01  4.11689E-05  6.82766E-01 
2.89999E+01 6.49996E-01  4.04470E-05  6.87747E-01 
2.90999E+01 6.54996E-01  3.97544E-05  6.92783E-01 
2.91999E+01 6.59996E-01  3.90810E-05  6.97776E-01 
2.92999E+01 6.64996E-01  3.84641E-05  7.02767E-01 
2.93999E+01 6.69996E-01  3.79044E-05  7.07782E-01 
2.94999E+01 6.74996E-01  3.74032E-05  7.12775E-01 
2.95999E+01 6.79996E-01  3.69584E-05  7.17758E-01 
2.96999E+01 6.84996E-01  3.65406E-05  7.22789E-01 
2.97999E+01 6.89996E-01  3.61616E-05  7.27768E-01 
2.98999E+01 6.94996E-01  3.58543E-05  7.32766E-01 
2.99999E+01 6.99996E-01  3.56459E-05  7.37785E-01 
3.00999E+01 7.04996E-01  3.54870E-05  7.42786E-01 
3.01999E+01 7.09996E-01  3.54566E-05  7.47779E-01 
3.02999E+01 7.14996E-01  3.54177E-05  7.52793E-01 
3.03999E+01 7.19996E-01  3.52127E-05  7.57782E-01 
3.04999E+01 7.24996E-01  3.50187E-05  7.62790E-01 
3.05999E+01 7.29996E-01  3.50237E-05  7.67813E-01 
3.06999E+01 7.34996E-01  3.49526E-05  7.72775E-01 
3.07999E+01 7.39996E-01  3.50394E-05  7.77804E-01 
3.08999E+01 7.44996E-01  3.51890E-05  7.82825E-01 
3.09999E+01 7.49996E-01  3.52037E-05  7.87824E-01 
3.10999E+01 7.54996E-01  3.50790E-05  7.92815E-01 
3.11999E+01 7.59996E-01  3.49172E-05  7.97855E-01 
3.12999E+01 7.64996E-01  3.47753E-05  8.02835E-01 
3.13999E+01 7.69996E-01  3.45547E-05  8.07821E-01 
3.14999E+01 7.74996E-01  3.45271E-05  8.12854E-01 
3.15999E+01 7.79996E-01  3.43985E-05  8.17834E-01 
3.16999E+01 7.84996E-01  3.42497E-05  8.22853E-01 
3.17999E+01 7.89996E-01  3.42775E-05  8.27847E-01 
3.18999E+01 7.94996E-01  3.43990E-05  8.32852E-01 
3.19999E+01 7.99996E-01  3.44131E-05  8.37875E-01 
3.20999E+01 8.04996E-01  3.40677E-05  8.42849E-01 
3.21999E+01 8.09996E-01  3.38148E-05  8.47860E-01 
3.22999E+01 8.14996E-01  3.41000E-05  8.52855E-01 
3.23999E+01 8.19996E-01  3.43034E-05  8.57859E-01 
3.24999E+01 8.24996E-01  3.41585E-05  8.62875E-01 
3.25999E+01 8.29996E-01  3.39737E-05  8.67859E-01 
3.26999E+01 8.34996E-01  3.39886E-05  8.72873E-01 
3.27999E+01 8.39996E-01  3.39253E-05  8.77891E-01 
3.28999E+01 8.44996E-01  3.40620E-05  8.82869E-01 
3.29999E+01 8.49996E-01  3.41942E-05  8.87855E-01 
3.30999E+01 8.54996E-01  3.41470E-05  8.92840E-01 
3.31999E+01 8.59996E-01  3.39376E-05  8.97897E-01 
3.32999E+01 8.64996E-01  3.36365E-05  9.02866E-01 
3.33999E+01 8.69996E-01  3.37116E-05  9.07878E-01 
3.34999E+01 8.74996E-01  3.38015E-05  9.12886E-01 
3.35999E+01 8.79996E-01  3.41368E-05  9.17893E-01 
3.36999E+01 8.84996E-01  3.37204E-05  9.22888E-01 
3.37999E+01 8.89996E-01  3.36423E-05  9.27864E-01 
3.38999E+01 8.94996E-01  3.33329E-05  9.32878E-01 
3.39999E+01 8.99996E-01  3.37359E-05  9.37898E-01 
3.40999E+01 9.04996E-01  3.40601E-05  9.42890E-01 
3.41999E+01 9.09996E-01  3.41557E-05  9.47889E-01 
3.42999E+01 9.14996E-01  3.36775E-05  9.52882E-01 
3.43999E+01 9.19996E-01  3.42591E-05  9.57896E-01 
3.44999E+01 9.24996E-01  3.47392E-05  9.62918E-01 
3.45999E+01 9.29996E-01  3.56023E-05  9.67911E-01 
3.46999E+01 9.34996E-01  3.64970E-05  9.72945E-01 
3.47999E+01 9.39996E-01  3.62723E-05  9.77939E-01 
3.48999E+01 9.44996E-01  3.66280E-05  9.82903E-01 
3.49999E+01 9.49996E-01  3.68736E-05  9.87930E-01 
3.50999E+01 9.54996E-01  3.74108E-05  9.92934E-01 
3.51999E+01 9.59996E-01  3.79101E-05  9.97934E-01 
3.52999E+01 9.64996E-01  3.78960E-05  1.00291E+00 
3.53999E+01 9.69996E-01  3.80325E-05  1.00792E+00 
3.54999E+01 9.74996E-01  3.81770E-05  1.01294E+00 
3.55999E+01 9.79996E-01  3.85331E-05  1.01793E+00 
3.56999E+01 9.84996E-01  3.87376E-05  1.02294E+00 
3.57999E+01 9.89996E-01  3.89059E-05  1.02793E+00 
3.58999E+01 9.94996E-01  3.89065E-05  1.03295E+00 
3.59999E+01 9.99995E-01  3.90197E-05  1.03793E+00 
3.60999E+01 1.00500E+00  3.90938E-05  1.04293E+00 
3.61999E+01 1.01000E+00  3.92033E-05  1.04796E+00 
3.62999E+01 1.01500E+00  3.93022E-05  1.05297E+00 
3.63999E+01 1.02000E+00  3.93400E-05  1.05795E+00 
3.64999E+01 1.02500E+00  3.95080E-05  1.06293E+00 
3.65999E+01 1.03000E+00  3.96784E-05  1.06796E+00 
3.66999E+01 1.03500E+00  3.98048E-05  1.07295E+00 
3.67999E+01 1.04000E+00  3.99365E-05  1.07795E+00 
3.68999E+01 1.04500E+00  4.00797E-05  1.08295E+00 
3.69999E+01 1.05000E+00  4.02051E-05  1.08797E+00 
3.70999E+01 1.05500E+00  4.03367E-05  1.09297E+00 
3.71999E+01 1.06000E+00  4.04864E-05  1.09798E+00 
3.72999E+01 1.06500E+00  4.06430E-05  1.10297E+00 
3.73999E+01 1.07000E+00  4.07975E-05  1.10798E+00 
3.74999E+01 1.07500E+00  4.09114E-05  1.11300E+00 
3.75999E+01 1.08000E+00  4.10958E-05  1.11800E+00 
3.76999E+01 1.08500E+00  4.12970E-05  1.12300E+00 
3.77999E+01 1.09000E+00  4.16002E-05  1.12802E+00 
3.78999E+01 1.09500E+00  4.21470E-05  1.13302E+00 
3.79999E+01 1.10000E+00  4.20499E-05  1.13800E+00 
3.80999E+01 1.10500E+00  4.23158E-05  1.14301E+00 
3.81999E+01 1.11000E+00  4.26680E-05  1.14804E+00 
3.82999E+01 1.11500E+00  4.30337E-05  1.15304E+00 
3.83999E+01 1.12000E+00  4.34579E-05  1.15800E+00 
3.84999E+01 1.12500E+00  4.35278E-05  1.16302E+00 
3.85999E+01 1.13000E+00  4.37446E-05  1.16805E+00 
3.86999E+01 1.13500E+00  4.39711E-05  1.17305E+00 
3.87999E+01 1.14000E+00  4.42181E-05  1.17804E+00 
3.88999E+01 1.14500E+00  4.45053E-05  1.18303E+00 
3.89999E+01 1.15000E+00  4.47421E-05  1.18805E+00 
3.90999E+01 1.15500E+00  4.50349E-05  1.19304E+00 
3.91999E+01 1.16000E+00  4.53957E-05  1.19803E+00 
3.92999E+01 1.16500E+00  4.56640E-05  1.20305E+00 
3.93999E+01 1.17000E+00  4.58870E-05  1.20806E+00 
3.94999E+01 1.17500E+00  4.61356E-05  1.21308E+00 
3.95999E+01 1.18000E+00  4.64093E-05  1.21805E+00 
3.96999E+01 1.18500E+00  4.67179E-05  1.22305E+00 
3.97999E+01 1.19000E+00  4.69391E-05  1.22805E+00 
3.98999E+01 1.19500E+00  4.71888E-05  1.23307E+00 
3.99999E+01 1.19999E+00  4.74814E-05  1.23806E+00 
4.00999E+01 1.20499E+00  4.77201E-05  1.24305E+00 
4.01999E+01 1.20999E+00  4.80352E-05  1.24807E+00 
4.02999E+01 1.21499E+00  4.82688E-05  1.25308E+00 
4.03999E+01 1.21999E+00  4.85932E-05  1.25806E+00 
4.04999E+01 1.22499E+00  4.89187E-05  1.26306E+00 
4.05999E+01 1.22999E+00  4.92893E-05  1.26807E+00 
4.06999E+01 1.23499E+00  4.96825E-05  1.27308E+00 
4.07999E+01 1.23999E+00  5.01171E-05  1.27808E+00 
4.08999E+01 1.24499E+00  5.05395E-05  1.28308E+00 
4.09999E+01 1.24999E+00  5.10444E-05  1.28810E+00 
4.10999E+01 1.25499E+00  5.15950E-05  1.29309E+00 
4.11999E+01 1.25999E+00  5.21855E-05  1.29809E+00 
4.12999E+01 1.26499E+00  5.28105E-05  1.30309E+00 
4.13999E+01 1.26999E+00  5.34841E-05  1.30807E+00 
4.14999E+01 1.27499E+00  5.41939E-05  1.31310E+00 
4.15999E+01 1.27999E+00  5.49248E-05  1.31811E+00 
4.16999E+01 1.28499E+00  5.57091E-05  1.32309E+00 
4.17999E+01 1.28999E+00  5.65389E-05  1.32808E+00 
4.18999E+01 1.29499E+00  5.74052E-05  1.33311E+00 
4.19999E+01 1.29999E+00  5.83332E-05  1.33810E+00 
4.20999E+01 1.30499E+00  5.93030E-05  1.34310E+00 
4.21999E+01 1.30999E+00  6.03326E-05  1.34810E+00 
4.22999E+01 1.31499E+00  6.14338E-05  1.35313E+00 
4.23999E+01 1.31999E+00  6.25762E-05  1.35813E+00 
4.24999E+01 1.32499E+00  6.38161E-05  1.36312E+00 
4.25999E+01 1.32999E+00  6.51978E-05  1.36810E+00 
4.26999E+01 1.33499E+00  6.64712E-05  1.37311E+00 
4.27999E+01 1.33999E+00  6.78171E-05  1.37813E+00 
4.28999E+01 1.34499E+00  6.92171E-05  1.38313E+00 
4.29999E+01 1.34999E+00  7.06618E-05  1.38813E+00 
4.30999E+01 1.35499E+00  7.21887E-05  1.39312E+00 
4.31999E+01 1.35999E+00  7.37866E-05  1.39813E+00 
4.32999E+01 1.36499E+00  7.54428E-05  1.40312E+00 
4.33999E+01 1.36999E+00  7.71409E-05  1.40813E+00 
4.34999E+01 1.37499E+00  7.88937E-05  1.41313E+00 
4.35999E+01 1.37999E+00  8.06980E-05  1.41815E+00 
4.36999E+01 1.38499E+00  8.25523E-05  1.42315E+00 
4.37999E+01 1.38999E+00  8.44640E-05  1.42818E+00 
4.38999E+01 1.39499E+00  8.64173E-05  1.43317E+00 
4.39999E+01 1.39999E+00  8.84205E-05  1.43818E+00 
4.40999E+01 1.40499E+00  9.04741E-05  1.44317E+00 
4.41999E+01 1.40999E+00  9.25766E-05  1.44819E+00 
4.42999E+01 1.41499E+00  9.47460E-05  1.45321E+00 
4.43999E+01 1.41999E+00  9.69597E-05  1.45820E+00 
4.44999E+01 1.42499E+00  9.92401E-05  1.46319E+00 
4.45999E+01 1.42999E+00  1.01570E-04  1.46822E+00 
4.46999E+01 1.43499E+00  1.03961E-04  1.47321E+00 
4.47999E+01 1.43999E+00  1.06530E-04  1.47820E+00 
4.48999E+01 1.44499E+00  1.08924E-04  1.48321E+00 
4.49999E+01 1.44999E+00  1.11504E-04  1.48821E+00 
4.50999E+01 1.45499E+00  1.14154E-04  1.49321E+00 
4.51999E+01 1.45999E+00  1.16877E-04  1.49821E+00 
4.52999E+01 1.46499E+00  1.19628E-04  1.50321E+00 
4.53999E+01 1.46999E+00  1.22459E-04  1.50820E+00 
4.54999E+01 1.47499E+00  1.25344E-04  1.51321E+00 
4.55999E+01 1.47999E+00  1.28259E-04  1.51821E+00 
4.56999E+01 1.48499E+00  1.31253E-04  1.52319E+00 
4.57999E+01 1.48999E+00  1.34279E-04  1.52820E+00 
4.58999E+01 1.49499E+00  1.37347E-04  1.53322E+00 
4.59999E+01 1.49999E+00  1.40454E-04  1.53822E+00 
4.60999E+01 1.50499E+00  1.43595E-04  1.54321E+00 
4.61999E+01 1.50999E+00  1.46921E-04  1.54821E+00 
4.62999E+01 1.51499E+00  1.49916E-04  1.55323E+00 
4.63999E+01 1.51999E+00  1.53135E-04  1.55824E+00 
4.64999E+01 1.52499E+00  1.56404E-04  1.56322E+00 
4.65999E+01 1.52999E+00  1.59597E-04  1.56823E+00 
4.66999E+01 1.53499E+00  1.62835E-04  1.57323E+00 
4.67999E+01 1.53999E+00  1.66092E-04  1.57825E+00 
4.68999E+01 1.54499E+00  1.69410E-04  1.58326E+00 
4.69999E+01 1.54999E+00  1.72747E-04  1.58826E+00 
4.70999E+01 1.55499E+00  1.76118E-04  1.59326E+00 
4.71999E+01 1.55999E+00  1.79450E-04  1.59826E+00 
4.72999E+01 1.56499E+00  1.82773E-04  1.60327E+00 
4.73999E+01 1.56999E+00  1.86113E-04  1.60827E+00 
4.74999E+01 1.57499E+00  1.89445E-04  1.61326E+00 
4.75999E+01 1.57999E+00  1.92812E-04  1.61826E+00 
4.76999E+01 1.58499E+00  1.96266E-04  1.62326E+00 
4.77999E+01 1.58999E+00  1.99711E-04  1.62830E+00 
4.78999E+01 1.59499E+00  2.03035E-04  1.63328E+00 
4.79999E+01 1.59999E+00  2.06458E-04  1.63827E+00 
4.80999E+01 1.60499E+00  2.09769E-04  1.64328E+00 
4.81999E+01 1.60999E+00  2.13696E-04  1.64830E+00 
4.82999E+01 1.61499E+00  2.17277E-04  1.65329E+00 
4.83999E+01 1.61999E+00  2.20727E-04  1.65829E+00 
4.84999E+01 1.62499E+00  2.24213E-04  1.66329E+00 
4.85999E+01 1.62999E+00  2.27644E-04  1.66829E+00 
4.86999E+01 1.63499E+00  2.31082E-04  1.67328E+00 
4.87999E+01 1.63999E+00  2.34571E-04  1.67828E+00 
4.88999E+01 1.64499E+00  2.38173E-04  1.68328E+00 
4.89999E+01 1.64999E+00  2.41661E-04  1.68830E+00 
4.90999E+01 1.65499E+00  2.45157E-04  1.69330E+00 
4.91999E+01 1.65999E+00  2.48573E-04  1.69829E+00 
4.92999E+01 1.66499E+00  2.52006E-04  1.70331E+00 
4.93999E+01 1.66999E+00  2.55416E-04  1.70831E+00 
4.94999E+01 1.67499E+00  2.58962E-04  1.71332E+00 
4.95999E+01 1.67999E+00  2.62404E-04  1.71832E+00 
4.96999E+01 1.68499E+00  2.65820E-04  1.72333E+00 
4.97999E+01 1.68999E+00  2.69240E-04  1.72833E+00 
4.98999E+01 1.69499E+00  2.72625E-04  1.73334E+00 
4.99999E+01 1.69999E+00  2.76016E-04  1.73836E+00 
5.00999E+01 1.70499E+00  2.79331E-04  1.74334E+00 
5.01999E+01 1.70999E+00  2.82698E-04  1.74834E+00 
5.02999E+01 1.71499E+00  2.85942E-04  1.75335E+00 
5.03999E+01 1.71999E+00  2.89213E-04  1.75837E+00 
5.04999E+01 1.72499E+00  2.92405E-04  1.76339E+00 
5.05999E+01 1.72999E+00  2.95613E-04  1.76838E+00 
5.06999E+01 1.73499E+00  2.98776E-04  1.77337E+00 
5.07999E+01 1.73999E+00  3.01869E-04  1.77837E+00 
5.08999E+01 1.74499E+00  3.04951E-04  1.78340E+00 
5.09999E+01 1.74999E+00  3.07974E-04  1.78839E+00 
5.10999E+01 1.75499E+00  3.11031E-04  1.79338E+00 
5.11999E+01 1.75999E+00  3.13999E-04  1.79839E+00 
5.12999E+01 1.76499E+00  3.16936E-04  1.80339E+00 
5.13999E+01 1.76999E+00  3.19836E-04  1.80838E+00 
5.14999E+01 1.77499E+00  3.22721E-04  1.81341E+00 
5.15999E+01 1.77999E+00  3.25563E-04  1.81839E+00 
5.16999E+01 1.78499E+00  3.28314E-04  1.82342E+00 
5.17999E+01 1.78999E+00  3.31060E-04  1.82841E+00 
5.18999E+01 1.79499E+00  3.33805E-04  1.83341E+00 
5.19999E+01 1.79999E+00  3.36526E-04  1.83841E+00 
5.20999E+01 1.79499E+00  3.29848E-04  1.83342E+00 
5.21999E+01 1.78999E+00  3.23466E-04  1.82843E+00 
5.22999E+01 1.78499E+00  3.17323E-04  1.82341E+00 
5.23999E+01 1.77999E+00  3.11350E-04  1.81838E+00 
5.24999E+01 1.77499E+00  3.05516E-04  1.81339E+00 
5.25999E+01 1.76999E+00  2.99748E-04  1.80839E+00 
5.26999E+01 1.76499E+00  2.94060E-04  1.80339E+00 
5.27999E+01 1.75999E+00  2.88463E-04  1.79837E+00 
5.28999E+01 1.75499E+00  2.82965E-04  1.79337E+00 
5.29999E+01 1.74999E+00  2.77535E-04  1.78838E+00 
5.30999E+01 1.74499E+00  2.72150E-04  1.78337E+00 
5.31999E+01 1.73999E+00  2.66888E-04  1.77837E+00 
5.32999E+01 1.73499E+00  2.61651E-04  1.77337E+00 
5.33999E+01 1.72999E+00  2.56486E-04  1.76837E+00 
5.34999E+01 1.72499E+00  2.51374E-04  1.76336E+00 
5.35999E+01 1.71999E+00  2.46305E-04  1.75835E+00 
5.36999E+01 1.71499E+00  2.41361E-04  1.75333E+00 
5.37999E+01 1.70999E+00  2.36452E-04  1.74832E+00 
5.38999E+01 1.70499E+00  2.31628E-04  1.74332E+00 
5.39999E+01 1.69999E+00  2.26924E-04  1.73831E+00 
5.40999E+01 1.69499E+00  2.22241E-04  1.73334E+00 
5.41999E+01 1.68999E+00  2.17661E-04  1.72832E+00 
5.42999E+01 1.68499E+00  2.13117E-04  1.72331E+00 
5.43999E+01 1.67999E+00  2.08668E-04  1.71831E+00 
5.44999E+01 1.67499E+00  2.04266E-04  1.71331E+00 
5.45999E+01 1.66999E+00  1.99943E-04  1.70831E+00 
5.46999E+01 1.66499E+00  1.95696E-04  1.70329E+00 
5.47999E+01 1.65999E+00  1.91491E-04  1.69829E+00 
5.48999E+01 1.65499E+00  1.87374E-04  1.69332E+00 
5.49999E+01 1.64999E+00  1.83297E-04  1.68834E+00 
5.50999E+01 1.64499E+00  1.79298E-04  1.68332E+00 
5.51999E+01 1.63999E+00  1.75350E-04  1.67832E+00 
5.52999E+01 1.63499E+00  1.71445E-04  1.67334E+00 
5.53999E+01 1.62999E+00  1.67606E-04  1.66834E+00 
5.54999E+01 1.62499E+00  1.63849E-04  1.66332E+00 
5.55999E+01 1.61999E+00  1.60130E-04  1.65831E+00 
5.56999E+01 1.61499E+00  1.56455E-04  1.65331E+00 
5.57999E+01 1.60999E+00  1.52864E-04  1.64830E+00 
5.58999E+01 1.60499E+00  1.49331E-04  1.64330E+00 
5.59999E+01 1.59999E+00  1.45811E-04  1.63827E+00 
5.60999E+01 1.59499E+00  1.42351E-04  1.63331E+00 
5.61999E+01 1.58999E+00  1.38953E-04  1.62831E+00 
5.62999E+01 1.58499E+00  1.35605E-04  1.62328E+00 
5.63999E+01 1.57999E+00  1.32313E-04  1.61829E+00 
5.64999E+01 1.57499E+00  1.29068E-04  1.61329E+00 
5.65999E+01 1.56999E+00  1.25880E-04  1.60828E+00 
5.66999E+01 1.56499E+00  1.22725E-04  1.60328E+00 
5.67999E+01 1.55999E+00  1.19627E-04  1.59828E+00 
5.68999E+01 1.55499E+00  1.16595E-04  1.59326E+00 
5.69999E+01 1.54999E+00  1.13590E-04  1.58826E+00 
5.70999E+01 1.54499E+00  1.10639E-04  1.58326E+00 
5.71999E+01 1.53999E+00  1.07736E-04  1.57824E+00 
5.72999E+01 1.53499E+00  1.04893E-04  1.57323E+00 
5.73999E+01 1.52999E+00  1.02074E-04  1.56823E+00 
5.74999E+01 1.52499E+00  9.93126E-05  1.56324E+00 
5.75999E+01 1.51999E+00  9.65727E-05  1.55823E+00 
5.76999E+01 1.51499E+00  9.38959E-05  1.55324E+00 
5.77999E+01 1.50999E+00  9.12506E-05  1.54822E+00 
5.78999E+01 1.50499E+00  8.87195E-05  1.54320E+00 
5.79999E+01 1.49999E+00  8.61699E-05  1.53823E+00 
5.80999E+01 1.49499E+00  8.36341E-05  1.53323E+00 
5.81999E+01 1.48999E+00  8.11767E-05  1.52823E+00 
5.82999E+01 1.48499E+00  7.87605E-05  1.52322E+00 
5.83999E+01 1.47999E+00  7.63651E-05  1.51821E+00 
5.84999E+01 1.47499E+00  7.40464E-05  1.51323E+00 
5.85999E+01 1.46999E+00  7.17439E-05  1.50820E+00 
5.86999E+01 1.46499E+00  6.95084E-05  1.50320E+00 
5.87999E+01 1.45999E+00  6.73199E-05  1.49821E+00 
5.88999E+01 1.45499E+00  6.51256E-05  1.49321E+00 
5.89999E+01 1.44999E+00  6.29883E-05  1.48819E+00 
5.90999E+01 1.44499E+00  6.09224E-05  1.48319E+00 
5.91999E+01 1.43999E+00  5.89000E-05  1.47819E+00 
5.92999E+01 1.43499E+00  5.69081E-05  1.47318E+00 
5.93999E+01 1.42999E+00  5.49627E-05  1.46818E+00 
5.94999E+01 1.42499E+00  5.30665E-05  1.46318E+00 
5.95999E+01 1.41999E+00  5.12071E-05  1.45818E+00 
5.96999E+01 1.41499E+00  4.93628E-05  1.45319E+00 
5.97999E+01 1.40999E+00  4.75883E-05  1.44820E+00 
5.98999E+01 1.40499E+00  4.58705E-05  1.44318E+00 
5.99998E+01 1.39999E+00  4.42522E-05  1.43817E+00 
6.00998E+01 1.39499E+00  4.25641E-05  1.43317E+00 
6.01998E+01 1.38999E+00  4.09435E-05  1.42816E+00 
6.02998E+01 1.38499E+00  3.93966E-05  1.42316E+00 
6.03998E+01 1.37999E+00  3.78634E-05  1.41818E+00 
6.04998E+01 1.37499E+00  3.63907E-05  1.41315E+00 
6.05998E+01 1.36999E+00  3.45171E-05  1.40816E+00 
6.06998E+01 1.36499E+00  3.31290E-05  1.40316E+00 
6.07998E+01 1.35999E+00  3.17769E-05  1.39814E+00 
6.08998E+01 1.35499E+00  3.04524E-05  1.39312E+00 
6.09998E+01 1.34999E+00  2.91875E-05  1.38814E+00 
6.10998E+01 1.34499E+00  2.79627E-05  1.38311E+00 
6.11998E+01 1.33999E+00  2.67859E-05  1.37813E+00 
6.12998E+01 1.33499E+00  2.56457E-05  1.37313E+00 
6.13998E+01 1.32999E+00  2.45461E-05  1.36813E+00 
6.14998E+01 1.32499E+00  2.34798E-05  1.36310E+00 
6.15998E+01 1.31999E+00  2.24661E-05  1.35814E+00 
6.16998E+01 1.31499E+00  2.14856E-05  1.35313E+00 
6.17998E+01 1.30999E+00  2.05356E-05  1.34811E+00 
6.18998E+01 1.30499E+00  1.96274E-05  1.34310E+00 
6.19998E+01 1.29999E+00  1.87581E-05  1.33811E+00 
6.20998E+01 1.29499E+00  1.79262E-05  1.33311E+00 
6.21998E+01 1.28999E+00  1.71264E-05  1.32811E+00 
6.22998E+01 1.28499E+00  1.63583E-05  1.32310E+00 
6.23998E+01 1.27999E+00  1.56284E-05  1.31811E+00 
6.24998E+01 1.27499E+00  1.49369E-05  1.31311E+00 
6.25998E+01 1.26999E+00  1.42767E-05  1.30811E+00 
6.26998E+01 1.26499E+00  1.36396E-05  1.30309E+00 
6.27998E+01 1.25999E+00  1.30350E-05  1.29808E+00 
6.28998E+01 1.25499E+00  1.24577E-05  1.29308E+00 
6.29998E+01 1.24999E+00  1.19152E-05  1.28809E+00 
6.30998E+01 1.24499E+00  1.13989E-05  1.28308E+00 
6.31998E+01 1.23999E+00  1.09063E-05  1.27809E+00 
6.32998E+01 1.23499E+00  1.04413E-05  1.27308E+00 
6.33998E+01 1.22999E+00  1.00029E-05  1.26806E+00 
6.34998E+01 1.22499E+00  9.59039E-06  1.26305E+00 
6.35998E+01 1.21999E+00  9.19541E-06  1.25807E+00 
6.36998E+01 1.21499E+00  8.82285E-06  1.25306E+00 
6.37998E+01 1.20999E+00  8.47714E-06  1.24809E+00 
6.38998E+01 1.20499E+00  8.15211E-06  1.24306E+00 
6.39998E+01 1.19999E+00  7.84282E-06  1.23806E+00 
6.40998E+01 1.19500E+00  7.55219E-06  1.23305E+00 
6.41998E+01 1.19000E+00  7.27788E-06  1.22805E+00 
6.42998E+01 1.18500E+00  7.01869E-06  1.22306E+00 
6.43998E+01 1.18000E+00  6.78017E-06  1.21807E+00 
6.44998E+01 1.17500E+00  6.55208E-06  1.21304E+00 
6.45998E+01 1.17000E+00  6.34235E-06  1.20805E+00 
6.46998E+01 1.16500E+00  6.14008E-06  1.20305E+00 
6.47998E+01 1.16000E+00  5.95375E-06  1.19803E+00 
6.48998E+01 1.15500E+00  5.77564E-06  1.19304E+00 
6.49998E+01 1.15000E+00  5.60976E-06  1.18804E+00 
6.50998E+01 1.14500E+00  5.45252E-06  1.18303E+00 
6.51998E+01 1.14000E+00  5.30540E-06  1.17802E+00 
6.52998E+01 1.13500E+00  5.16199E-06  1.17303E+00 
6.53998E+01 1.13000E+00  5.04479E-06  1.16804E+00 
6.54998E+01 1.12500E+00  4.91050E-06  1.16303E+00 
6.55998E+01 1.12000E+00  4.79523E-06  1.15803E+00 
6.56998E+01 1.11500E+00  4.68761E-06  1.15302E+00 
6.57998E+01 1.11000E+00  4.58668E-06  1.14803E+00 
6.58998E+01 1.10500E+00  4.49115E-06  1.14300E+00 
6.59998E+01 1.10000E+00  4.39043E-06  1.13800E+00 
6.60998E+01 1.09500E+00  4.29783E-06  1.13303E+00 
6.61998E+01 1.09000E+00  4.20940E-06  1.12803E+00 
6.62998E+01 1.08500E+00  4.12522E-06  1.12303E+00 
6.63998E+01 1.08000E+00  4.04191E-06  1.11801E+00 
6.64998E+01 1.07500E+00  3.96763E-06  1.11299E+00 
6.65998E+01 1.07000E+00  3.89260E-06  1.10798E+00 
6.66998E+01 1.06500E+00  3.77753E-06  1.10297E+00 
6.67998E+01 1.06000E+00  3.70882E-06  1.09795E+00 
6.68998E+01 1.05500E+00  3.64522E-06  1.09296E+00 
6.69998E+01 1.05000E+00  3.58192E-06  1.08794E+00 
6.70998E+01 1.04500E+00  3.52256E-06  1.08293E+00 
6.71998E+01 1.04000E+00  3.46405E-06  1.07796E+00 
6.72998E+01 1.03500E+00  3.40898E-06  1.07295E+00 
6.73998E+01 1.03000E+00  3.35046E-06  1.06793E+00 
6.74998E+01 1.02500E+00  3.29600E-06  1.06293E+00 
6.75998E+01 1.02000E+00  3.24554E-06  1.05794E+00 
6.76998E+01 1.01500E+00  3.19634E-06  1.05294E+00 
6.77998E+01 1.01000E+00  3.14407E-06  1.04794E+00 
6.78998E+01 1.00500E+00  3.09709E-06  1.04290E+00 
6.79998E+01 9.99995E-01  3.04993E-06  1.03793E+00 
6.80998E+01 9.94996E-01  2.99985E-06  1.03293E+00 
6.81998E+01 9.89996E-01  2.95256E-06  1.02793E+00 
6.82998E+01 9.84996E-01  2.90975E-06  1.02290E+00 
6.83998E+01 9.79996E-01  2.86730E-06  1.01794E+00 
6.84998E+01 9.74996E-01  2.82343E-06  1.01294E+00 
6.85998E+01 9.69996E-01  2.78003E-06  1.00792E+00 
6.86998E+01 9.64996E-01  2.74138E-06  1.00292E+00 
6.87998E+01 9.59996E-01  2.69682E-06  9.97905E-01 
6.88998E+01 9.54996E-01  2.65650E-06  9.92919E-01 
6.89998E+01 9.49996E-01  2.61576E-06  9.87916E-01 
6.90998E+01 9.44996E-01  2.57685E-06  9.82911E-01 
6.91998E+01 9.39996E-01  2.53011E-06  9.77926E-01 
6.92998E+01 9.34996E-01  2.49223E-06  9.72925E-01 
6.93998E+01 9.29996E-01  2.45401E-06  9.67915E-01 
6.94998E+01 9.24996E-01  2.41373E-06  9.62913E-01 
6.95998E+01 9.19996E-01  2.36113E-06  9.57911E-01 
6.96998E+01 9.14996E-01  2.32373E-06  9.52886E-01 
6.97998E+01 9.09996E-01  2.28608E-06  9.47895E-01 
6.98998E+01 9.04996E-01  2.25975E-06  9.42885E-01 
6.99998E+01 8.99996E-01  2.22108E-06  9.37901E-01 
7.00998E+01 8.94996E-01  2.19648E-06  9.32870E-01 
7.01998E+01 8.89996E-01  2.08579E-06  9.27853E-01 
7.02998E+01 8.84996E-01  2.05275E-06  9.22864E-01 
7.03998E+01 8.79996E-01  2.03020E-06  9.17886E-01 
7.04998E+01 8.74996E-01  2.01123E-06  9.12877E-01 
7.05998E+01 8.69996E-01  1.96967E-06  9.07850E-01 
7.06998E+01 8.64996E-01  1.90765E-06  9.02881E-01 
7.07998E+01 8.59996E-01  1.81476E-06  8.97872E-01 
7.08998E+01 8.54996E-01  1.78270E-06  8.92866E-01 
7.09998E+01 8.49996E-01  1.83278E-06  8.87869E-01 
7.10998E+01 8.44996E-01  1.81075E-06  8.82872E-01 
7.11998E+01 8.39996E-01  1.80578E-06  8.77878E-01 
7.12998E+01 8.34996E-01  1.71805E-06  8.72869E-01 
7.13998E+01 8.29996E-01  1.65183E-06  8.67855E-01 
7.14998E+01 8.24996E-01  1.56101E-06  8.62872E-01 
7.15998E+01 8.19996E-01  1.58173E-06  8.57870E-01 
7.16998E+01 8.14996E-01  1.57761E-06  8.52865E-01 
7.17998E+01 8.09996E-01  1.51940E-06  8.47864E-01 
7.18998E+01 8.04996E-01  1.43297E-06  8.42873E-01 
7.19998E+01 7.99996E-01  1.39484E-06  8.37865E-01 
7.20998E+01 7.94996E-01  1.35010E-06  8.32865E-01 
7.21998E+01 7.89996E-01  1.32482E-06  8.27847E-01 
7.22998E+01 7.84996E-01  1.31600E-06  8.22858E-01 
7.23998E+01 7.79996E-01  1.27834E-06  8.17863E-01 
7.24998E+01 7.74996E-01  1.21686E-06  8.12868E-01 
7.25998E+01 7.69996E-01  1.14554E-06  8.07831E-01 
7.26998E+01 7.64996E-01  1.09572E-06  8.02827E-01 
7.27998E+01 7.59996E-01  1.06237E-06  7.97850E-01 
7.28998E+01 7.54996E-01  1.00792E-06  7.92814E-01 
7.29998E+01 7.49996E-01  9.60913E-07  7.87824E-01 
7.30998E+01 7.44996E-01  9.07792E-07  7.82820E-01 
7.31998E+01 7.39996E-01  8.61302E-07  7.77800E-01 
7.32998E+01 7.34996E-01  8.07799E-07  7.72787E-01 
7.33998E+01 7.29996E-01  7.59523E-07  7.67790E-01 
7.34998E+01 7.24996E-01  7.10025E-07  7.62799E-01 
7.35998E+01 7.19996E-01  6.60746E-07  7.57791E-01 
7.36998E+01 7.14996E-01  6.11830E-07  7.52782E-01 
7.37998E+01 7.09996E-01  5.58584E-07  7.47786E-01 
7.38998E+01 7.04996E-01  5.06228E-07  7.42789E-01 
7.39998E+01 6.99996E-01  4.54594E-07  7.37767E-01 
7.40998E+01 6.94996E-01  3.96887E-07  7.32756E-01 
7.41998E+01 6.89996E-01  3.41737E-07  7.27764E-01 
7.42998E+01 6.84996E-01  2.85881E-07  7.22763E-01 
7.43998E+01 6.79996E-01  2.26979E-07  7.17773E-01 
7.44998E+01 6.74996E-01  1.71203E-07  7.12743E-01 
7.45998E+01 6.69996E-01  1.10975E-07  7.07742E-01 
7.46998E+01 6.64996E-01  5.09414E-08  7.02748E-01 
7.47998E+01 6.59996E-01  -7.05594E-09 6.97747E-01 
7.48998E+01 6.54996E-01  -6.71417E-08 6.92732E-01 
7.49998E+01 6.49996E-01  -1.28844E-07 6.87740E-01 
7.50998E+01 6.44996E-01  -1.91188E-07 6.82745E-01 
7.51998E+01 6.39996E-01  -2.56628E-07 6.77751E-01 
7.52998E+01 6.34996E-01  -3.18707E-07 6.72752E-01 
7.53998E+01 6.29996E-01  -3.82858E-07 6.67736E-01 
7.54998E+01 6.24996E-01  -4.48433E-07 6.62731E-01 
7.55998E+01 6.19996E-01  -5.13830E-07 6.57731E-01 
7.56998E+01 6.14996E-01  -5.83674E-07 6.52746E-01 
7.57998E+01 6.09996E-01  -6.50542E-07 6.47737E-01 
7.58998E+01 6.04996E-01  -7.21311E-07 6.42740E-01 
7.59998E+01 5.99996E-01  -7.93453E-07 6.37744E-01 
7.60998E+01 5.94997E-01  -8.64641E-07 6.32728E-01 
7.61998E+01 5.89997E-01  -9.37573E-07 6.27703E-01 
7.62998E+01 5.84997E-01  -1.01098E-06 6.22714E-01 
7.63998E+01 5.79997E-01  -1.08308E-06 6.17708E-01 
7.64998E+01 5.74997E-01  -1.16134E-06 6.12725E-01 
7.65998E+01 5.69997E-01  -1.23667E-06 6.07712E-01 
7.66998E+01 5.64997E-01  -1.31485E-06 6.02735E-01 
7.67998E+01 5.59997E-01  -1.39774E-06 5.97707E-01 
7.68998E+01 5.54997E-01  -1.47329E-06 5.92721E-01 
7.69998E+01 5.49997E-01  -1.55678E-06 5.87687E-01 
7.70998E+01 5.44997E-01  -1.63960E-06 5.82692E-01 
7.71998E+01 5.39997E-01  -1.72405E-06 5.77708E-01 
7.72998E+01 5.34997E-01  -1.80998E-06 5.72711E-01 
7.73998E+01 5.29997E-01  -1.90131E-06 5.67694E-01 
7.74998E+01 5.24997E-01  -1.99444E-06 5.62691E-01 
7.75998E+01 5.19997E-01  -2.09053E-06 5.57700E-01 
7.76998E+01 5.14997E-01  -2.18620E-06 5.52696E-01 
7.77998E+01 5.09997E-01  -2.29385E-06 5.47674E-01 
7.78998E+01 5.04997E-01  -2.40174E-06 5.42674E-01 
7.79998E+01 4.99997E-01  -2.51695E-06 5.37666E-01 
7.80998E+01 4.94997E-01  -2.63620E-06 5.32706E-01 
7.81998E+01 4.89997E-01  -2.76677E-06 5.27662E-01 
7.82998E+01 4.84997E-01  -2.89863E-06 5.22658E-01 
7.83998E+01 4.79997E-01  -3.04030E-06 5.17665E-01 
7.84998E+01 4.74997E-01  -3.18219E-06 5.12679E-01 
7.85998E+01 4.69997E-01  -3.33763E-06 5.07679E-01 
7.86998E+01 4.64997E-01  -3.49793E-06 5.02652E-01 
7.87998E+01 4.59997E-01  -3.66848E-06 4.97670E-01 
7.88998E+01 4.54997E-01  -3.84348E-06 4.92671E-01 
7.89998E+01 4.49997E-01  -4.03130E-06 4.87654E-01 
7.90998E+01 4.44997E-01  -4.22509E-06 4.82655E-01 
7.91998E+01 4.39997E-01  -4.43265E-06 4.77661E-01 
7.92998E+01 4.34997E-01  -4.64463E-06 4.72634E-01 
7.93998E+01 4.29997E-01  -4.87105E-06 4.67641E-01 
7.94998E+01 4.24997E-01  -5.10317E-06 4.62622E-01 
7.95998E+01 4.19997E-01  -5.34923E-06 4.57626E-01 
7.96998E+01 4.14997E-01  -5.60927E-06 4.52612E-01 
7.97998E+01 4.09997E-01  -5.87630E-06 4.47593E-01 
7.98998E+01 4.04997E-01  -6.16183E-06 4.42597E-01 
7.99998E+01 3.99997E-01  -6.45505E-06 4.37584E-01 
8.00998E+01 3.94997E-01  -6.76773E-06 4.32594E-01 
8.01998E+01 3.89997E-01  -7.09069E-06 4.27579E-01 
8.02998E+01 3.84997E-01  -7.42786E-06 4.22572E-01 
8.03998E+01 3.79997E-01  -7.77714E-06 4.17587E-01 
8.04998E+01 3.74997E-01  -8.14617E-06 4.12590E-01 
8.05998E+01 3.69997E-01  -8.52628E-06 4.07578E-01 
8.06998E+01 3.64997E-01  -8.92557E-06 4.02597E-01 
8.07998E+01 3.59997E-01  -9.33294E-06 3.97610E-01 
8.08998E+01 3.54997E-01  -9.76676E-06 3.92598E-01 
8.09998E+01 3.49997E-01  -1.02155E-05 3.87565E-01 
8.10998E+01 3.44997E-01  -1.06768E-05 3.82579E-01 
8.11998E+01 3.39997E-01  -1.11527E-05 3.77595E-01 
8.12998E+01 3.34997E-01  -1.16501E-05 3.72590E-01 
8.13998E+01 3.29997E-01  -1.21576E-05 3.67562E-01 
8.14998E+01 3.24997E-01  -1.26889E-05 3.62561E-01 
8.15998E+01 3.19997E-01  -1.32313E-05 3.57550E-01 
8.16998E+01 3.14997E-01  -1.37942E-05 3.52559E-01 
8.17998E+01 3.09997E-01  -1.43759E-05 3.47556E-01 
8.18998E+01 3.04997E-01  -1.49722E-05 3.42548E-01 
8.19998E+01 2.99997E-01  -1.55780E-05 3.37552E-01 
8.20998E+01 2.94997E-01  -1.62028E-05 3.32575E-01 
8.21998E+01 2.89997E-01  -1.68357E-05 3.27533E-01 
8.22998E+01 2.84997E-01  -1.74885E-05 3.22523E-01 
8.23998E+01 2.79997E-01  -1.81493E-05 3.17553E-01 
8.24998E+01 2.74997E-01  -1.88273E-05 3.12537E-01 
8.25998E+01 2.69997E-01  -1.95108E-05 3.07544E-01 
8.26998E+01 2.64997E-01  -2.02053E-05 3.02542E-01 
8.27998E+01 2.59997E-01  -2.09044E-05 2.97543E-01 
8.28998E+01 2.54997E-01  -2.16046E-05 2.92534E-01 
8.29998E+01 2.49997E-01  -2.22788E-05 2.87550E-01 
8.30998E+01 2.44997E-01  -2.29841E-05 2.82525E-01 
8.31998E+01 2.39997E-01  -2.36960E-05 2.77530E-01 
8.32998E+01 2.34997E-01  -2.44023E-05 2.72510E-01 
8.33998E+01 2.29997E-01  -2.51085E-05 2.67530E-01 
8.34998E+01 2.24997E-01  -2.58090E-05 2.62542E-01 
8.35998E+01 2.19997E-01  -2.64976E-05 2.57518E-01 
8.36998E+01 2.14997E-01  -2.71842E-05 2.52523E-01 
8.37998E+01 2.09997E-01  -2.78599E-05 2.47528E-01 
8.38998E+01 2.04997E-01  -2.85186E-05 2.42545E-01 
8.39998E+01 1.99997E-01  -2.91676E-05 2.37487E-01 
8.40998E+01 1.94998E-01  -2.97907E-05 2.32502E-01 
8.41998E+01 1.89998E-01  -3.04048E-05 2.27516E-01 
8.42998E+01 1.84998E-01  -3.09900E-05 2.22516E-01 
8.43998E+01 1.79998E-01  -3.15605E-05 2.17517E-01 
8.44998E+01 1.74998E-01  -3.20980E-05 2.12476E-01 
8.45998E+01 1.69998E-01  -3.26211E-05 2.07488E-01 
8.46998E+01 1.64998E-01  -3.31058E-05 2.02486E-01 
8.47998E+01 1.59998E-01  -3.35768E-05 1.97490E-01 
8.48998E+01 1.54998E-01  -3.40208E-05 1.92471E-01 
8.49998E+01 1.49998E-01  -3.44462E-05 1.87473E-01 
8.50998E+01 1.44998E-01  -3.48423E-05 1.82487E-01 
8.51998E+01 1.39998E-01  -3.52270E-05 1.77478E-01 
8.52998E+01 1.34998E-01  -3.55907E-05 1.72463E-01 
8.53998E+01 1.29998E-01  -3.59458E-05 1.67446E-01 
8.54998E+01 1.24998E-01  -3.62835E-05 1.62477E-01 
8.55998E+01 1.19998E-01  -3.66093E-05 1.57474E-01 
8.56998E+01 1.14998E-01  -3.69310E-05 1.52454E-01 
8.57998E+01 1.09998E-01  -3.72431E-05 1.47432E-01 
8.58998E+01 1.04998E-01  -3.75486E-05 1.42427E-01 
8.59998E+01 9.99977E-02  -3.78437E-05 1.37425E-01 
8.60998E+01 9.49978E-02  -3.81386E-05 1.32402E-01 
8.61998E+01 8.99978E-02  -3.84226E-05 1.27425E-01 
8.62998E+01 8.49978E-02  -3.86953E-05 1.22420E-01 
8.63998E+01 7.99978E-02  -3.89659E-05 1.17435E-01 
8.64998E+01 7.49978E-02  -3.92214E-05 1.12399E-01 
8.65998E+01 6.99978E-02  -3.94679E-05 1.07419E-01 
8.66998E+01 6.49978E-02  -3.97037E-05 1.02426E-01 
8.67998E+01 5.99978E-02  -3.99243E-05 9.74016E-02 
8.68998E+01 5.49979E-02  -4.01362E-05 9.24056E-02 
8.69998E+01 4.99979E-02  -4.03298E-05 8.74072E-02 
8.70998E+01 4.49979E-02  -4.05143E-05 8.24150E-02 
8.71998E+01 3.99979E-02  -4.06833E-05 7.74041E-02 
8.72998E+01 3.49979E-02  -4.08412E-05 7.24169E-02 
8.73998E+01 2.99979E-02  -4.09875E-05 6.73773E-02 
8.74998E+01 2.49979E-02  -4.11213E-05 6.24232E-02 
8.75998E+01 1.99979E-02  -4.12383E-05 5.74135E-02 
8.76998E+01 1.49980E-02  -4.13557E-05 5.23883E-02 
8.77998E+01 9.99797E-03  -4.14644E-05 4.73761E-02 
8.78998E+01 4.99799E-03  -4.15635E-05 4.23920E-02 
8.79998E+01 -2.00000E-06 -4.16570E-05 3.73818E-02 
8.80998E+01 -5.00199E-03 -4.17466E-05 3.24014E-02 
8.81998E+01 -1.00020E-02 -4.18307E-05 2.73656E-02 
8.82998E+01 -1.50020E-02 -4.19143E-05 2.23927E-02 
8.83998E+01 -2.00020E-02 -4.19975E-05 1.73887E-02 
8.84998E+01 -2.50019E-02 -4.20881E-05 1.23872E-02 
8.85998E+01 -3.00019E-02 -4.21899E-05 7.38311E-03 
8.86998E+01 -3.50019E-02 -4.22867E-05 2.36909E-03 
8.87998E+01 -4.00019E-02 -4.23614E-05 -2.60002E-03
8.88998E+01 -4.50019E-02 -4.24514E-05 -7.60966E-03
8.89998E+01 -5.00019E-02 -4.25453E-05 -1.26418E-02
8.90998E+01 -5.50019E-02 -4.26415E-05 -1.76396E-02
8.91998E+01 -6.00019E-02 -4.27389E-05 -2.26187E-02
8.92998E+01 -6.50018E-02 -4.28466E-05 -2.76164E-02
8.93998E+01 -7.00018E-02 -4.29499E-05 -3.26411E-02
8.94998E+01 -7.50018E-02 -4.30637E-05 -3.76451E-02
8.95998E+01 -8.00018E-02 -4.31772E-05 -4.26273E-02
8.96998E+01 -8.50018E-02 -4.33046E-05 -4.76045E-02
8.97998E+01 -9.00018E-02 -4.34328E-05 -5.26192E-02
8.98998E+01 -9.50018E-02 -4.35717E-05 -5.76545E-02
8.99998E+01 -1.00002E-01 -4.37127E-05 -6.26528E-02
9.00998E+01 -1.05002E-01 -4.38634E-05 -6.76413E-02
9.01998E+01 -1.10002E-01 -4.40210E-05 -7.26347E-02
9.02998E+01 -1.15002E-01 -4.41902E-05 -7.76469E-02
9.03998E+01 -1.20002E-01 -4.43627E-05 -8.26709E-02
9.04998E+01 -1.25002E-01 -4.45519E-05 -8.76424E-02
9.05998E+01 -1.30002E-01 -4.47520E-05 -9.26484E-02
9.06998E+01 -1.35002E-01 -4.49668E-05 -9.76612E-02
9.07998E+01 -1.40002E-01 -4.51970E-05 -1.02670E-01
9.08998E+01 -1.45002E-01 -4.54530E-05 -1.07669E-01
9.09998E+01 -1.50002E-01 -4.57289E-05 -1.12648E-01
9.10998E+01 -1.55002E-01 -4.60398E-05 -1.17673E-01
9.11998E+01 -1.60002E-01 -4.63814E-05 -1.22697E-01
9.12998E+01 -1.65002E-01 -4.67624E-05 -1.27669E-01
9.13998E+01 -1.70002E-01 -4.72072E-05 -1.32671E-01
9.14998E+01 -1.75002E-01 -4.77003E-05 -1.37695E-01
9.15998E+01 -1.80002E-01 -4.82657E-05 -1.42704E-01
9.16998E+01 -1.85002E-01 -4.89204E-05 -1.47695E-01
9.17998E+01 -1.90002E-01 -4.96901E-05 -1.52670E-01
9.18998E+01 -1.95002E-01 -5.05605E-05 -1.57704E-01
9.19998E+01 -2.00002E-01 -5.15041E-05 -1.62713E-01
9.20998E+01 -2.05001E-01 -5.24905E-05 -1.67703E-01
9.21998E+01 -2.10001E-01 -5.35339E-05 -1.72717E-01
9.22998E+01 -2.15001E-01 -5.46308E-05 -1.77722E-01
9.23998E+01 -2.20001E-01 -5.57732E-05 -1.82710E-01
9.24998E+01 -2.25001E-01 -5.69607E-05 -1.87706E-01
9.25998E+01 -2.30001E-01 -5.81940E-05 -1.92723E-01
9.26998E+01 -2.35001E-01 -5.94596E-05 -1.97744E-01
9.27998E+01 -2.40001E-01 -6.07452E-05 -2.02732E-01
9.28998E+01 -2.45001E-01 -6.20519E-05 -2.07712E-01
9.29998E+01 -2.50001E-01 -6.33670E-05 -2.12714E-01
9.30998E+01 -2.55001E-01 -6.46847E-05 -2.17748E-01
9.31998E+01 -2.60001E-01 -6.59388E-05 -2.22736E-01
9.32998E+01 -2.65001E-01 -6.72501E-05 -2.27712E-01
9.33998E+01 -2.70001E-01 -6.85697E-05 -2.32748E-01
9.34998E+01 -2.75001E-01 -6.98572E-05 -2.37742E-01
9.35998E+01 -2.80001E-01 -7.10938E-05 -2.42760E-01
9.36998E+01 -2.85001E-01 -7.23413E-05 -2.47727E-01
9.37998E+01 -2.90001E-01 -7.35720E-05 -2.52740E-01
9.38998E+01 -2.95001E-01 -7.47821E-05 -2.57736E-01
9.39998E+01 -3.00001E-01 -7.59798E-05 -2.62740E-01
9.40998E+01 -3.05001E-01 -7.71278E-05 -2.67753E-01
9.41998E+01 -3.10001E-01 -7.82697E-05 -2.72758E-01
9.42998E+01 -3.15001E-01 -7.93604E-05 -2.77750E-01
9.43998E+01 -3.20001E-01 -8.04638E-05 -2.82763E-01
9.44998E+01 -3.25001E-01 -8.15185E-05 -2.87779E-01
9.45998E+01 -3.30001E-01 -8.25545E-05 -2.92743E-01
9.46998E+01 -3.35001E-01 -8.35517E-05 -2.97742E-01
9.47998E+01 -3.40001E-01 -8.45304E-05 -3.02786E-01
9.48998E+01 -3.45001E-01 -8.54711E-05 -3.07777E-01
9.49998E+01 -3.50001E-01 -8.64164E-05 -3.12737E-01
9.50998E+01 -3.55001E-01 -8.73002E-05 -3.17766E-01
9.51998E+01 -3.60001E-01 -8.81623E-05 -3.22783E-01
9.52998E+01 -3.65001E-01 -8.90041E-05 -3.27788E-01
9.53998E+01 -3.70001E-01 -8.98243E-05 -3.32785E-01
9.54998E+01 -3.75001E-01 -9.05985E-05 -3.37818E-01
9.55998E+01 -3.80001E-01 -9.13457E-05 -3.42772E-01
9.56998E+01 -3.85001E-01 -9.20801E-05 -3.47795E-01
9.57998E+01 -3.90001E-01 -9.27677E-05 -3.52801E-01
9.58998E+01 -3.95001E-01 -9.34139E-05 -3.57803E-01
9.59998E+01 -4.00001E-01 -9.40810E-05 -3.62797E-01
9.60998E+01 -4.05001E-01 -9.46901E-05 -3.67798E-01
9.61998E+01 -4.10001E-01 -9.52487E-05 -3.72825E-01
9.62998E+01 -4.15001E-01 -9.58394E-05 -3.77808E-01
9.63998E+01 -4.20001E-01 -9.64071E-05 -3.82806E-01
9.64998E+01 -4.25001E-01 -9.69785E-05 -3.87818E-01
9.65998E+01 -4.30001E-01 -9.75214E-05 -3.92819E-01
9.66998E+01 -4.35001E-01 -9.79709E-05 -3.97858E-01
9.67998E+01 -4.40001E-01 -9.84476E-05 -4.02829E-01
9.68998E+01 -4.45001E-01 -9.89168E-05 -4.07836E-01
9.69998E+01 -4.50001E-01 -9.93644E-05 -4.12828E-01
9.70998E+01 -4.55001E-01 -9.98083E-05 -4.17852E-01
9.71998E+01 -4.60001E-01 -1.00263E-04 -4.22856E-01
9.72998E+01 -4.65001E-01 -1.00663E-04 -4.27835E-01
9.73998E+01 -4.70001E-01 -1.01077E-04 -4.32836E-01
9.74998E+01 -4.75001E-01 -1.01426E-04 -4.37850E-01
9.75998E+01 -4.80001E-01 -1.01843E-04 -4.42838E-01
9.76998E+01 -4.85001E-01 -1.02170E-04 -4.47834E-01
9.77998E+01 -4.90001E-01 -1.02596E-04 -4.52832E-01
9.78998E+01 -4.95001E-01 -1.02908E-04 -4.57859E-01
9.79998E+01 -5.00001E-01 -1.03260E-04 -4.62821E-01
9.80998E+01 -5.05001E-01 -1.03609E-04 -4.67838E-01
9.81998E+01 -5.10001E-01 -1.03957E-04 -4.72861E-01
9.82998E+01 -5.15001E-01 -1.04306E-04 -4.77875E-01
9.83998E+01 -5.20001E-01 -1.04698E-04 -4.82864E-01
9.84998E+01 -5.25001E-01 -1.05038E-04 -4.87882E-01
9.85998E+01 -5.30001E-01 -1.05407E-04 -4.92889E-01
9.86998E+01 -5.35001E-01 -1.05735E-04 -4.97882E-01
9.87998E+01 -5.40001E-01 -1.06082E-04 -5.02891E-01
9.88998E+01 -5.45001E-01 -1.06509E-04 -5.07909E-01
9.89998E+01 -5.50001E-01 -1.06928E-04 -5.12910E-01
9.90998E+01 -5.55001E-01 -1.07360E-04 -5.17918E-01
9.91998E+01 -5.60001E-01 -1.07761E-04 -5.22902E-01
9.92998E+01 -5.65001E-01 -1.08246E-04 -5.27914E-01
9.93998E+01 -5.70001E-01 -1.08919E-04 -5.32932E-01
9.94998E+01 -5.75001E-01 -1.09469E-04 -5.37908E-01
9.95998E+01 -5.80001E-01 -1.09637E-04 -5.42889E-01
9.96998E+01 -5.85001E-01 -1.10102E-04 -5.47898E-01
9.97998E+01 -5.90001E-01 -1.10697E-04 -5.52889E-01
9.98998E+01 -5.95001E-01 -1.11123E-04 -5.57924E-01
9.99997E+01 -6.00001E-01 -1.12002E-04 -5.62890E-01
1.00100E+02 -6.05000E-01 -1.12419E-04 -5.67911E-01
1.00200E+02 -6.10000E-01 -1.12818E-04 -5.72929E-01
1.00300E+02 -6.15000E-01 -1.13224E-04 -5.77922E-01
1.00400E+02 -6.20000E-01 -1.13756E-04 -5.82897E-01
1.00500E+02 -6.25000E-01 -1.14455E-04 -5.87922E-01
1.00600E+02 -6.30000E-01 -1.14764E-04 -5.92931E-01
1.00700E+02 -6.35000E-01 -1.15309E-04 -5.97936E-01
1.00800E+02 -6.40000E-01 -1.15868E-04 -6.02916E-01
1.00900E+02 -6.45000E-01 -1.16687E-04 -6.07913E-01
1.01000E+02 -6.50000E-01 -1.16978E-04 -6.12925E-01
1.01100E+02 -6.55000E-01 -1.17735E-04 -6.17943E-01
1.01200E+02 -6.60000E-01 -1.18275E-04 -6.22933E-01
1.01300E+02 -6.65000E-01 -1.18791E-04 -6.27930E-01
1.01400E+02 -6.70000E-01 -1.19334E-04 -6.32931E-01
1.01500E+02 -6.75000E-01 -1.19995E-04 -6.37967E-01
1.01600E+02 -6.80000E-01 -1.20541E-04 -6.42952E-01
1.01700E+02 -6.85000E-01 -1.21104E-04 -6.47957E-01
1.01800E+02 -6.90000E-01 -1.21772E-04 -6.52952E-01
1.01900E+02 -6.95000E-01 -1.22448E-04 -6.57998E-01
1.02000E+02 -7.00000E-01 -1.23048E-04 -6.62975E-01
1.02100E+02 -7.05000E-01 -1.23489E-04 -6.67968E-01
1.02200E+02 -7.10000E-01 -1.24100E-04 -6.72975E-01
1.02300E+02 -7.15000E-01 -1.24793E-04 -6.78019E-01
1.02400E+02 -7.20000E-01 -1.25333E-04 -6.83002E-01
1.02500E+02 -7.25000E-01 -1.25998E-04 -6.88004E-01
1.02600E+02 -7.30000E-01 -1.26622E-04 -6.93000E-01
1.02700E+02 -7.35000E-01 -1.27294E-04 -6.98021E-01
1.02800E+02 -7.40000E-01 -1.28013E-04 -7.02987E-01
1.02900E+02 -7.45000E-01 -1.28933E-04 -7.07969E-01
1.03000E+02 -7.50000E-01 -1.29515E-04 -7.12978E-01
1.03100E+02 -7.55000E-01 -1.30263E-04 -7.17996E-01
1.03200E+02 -7.60000E-01 -1.30878E-04 -7.22994E-01
1.03300E+02 -7.65000E-01 -1.31642E-04 -7.28001E-01
1.03400E+02 -7.70000E-01 -1.32668E-04 -7.33003E-01
1.03500E+02 -7.75000E-01 -1.33476E-04 -7.37992E-01
1.03600E+02 -7.80000E-01 -1.34424E-04 -7.43021E-01
1.03700E+02 -7.85000E-01 -1.35354E-04 -7.47997E-01
1.03800E+02 -7.90000E-01 -1.36024E-04 -7.53018E-01
1.03900E+02 -7.95000E-01 -1.36854E-04 -7.58008E-01
