time/s      E/V        I/A
0.00000E+00 -8.00000E-01 -1.03326E-04 -7.79697E-01
9.99997E-02 -7.95000E-01 -6.99617E-05 -7.74691E-01
1.99999E-01 -7.90000E-01 -5.52547E-05 -7.69688E-01
2.99999E-01 -7.85000E-01 -4.58087E-05 -7.64698E-01
3.99999E-01 -7.80000E-01 -4.32361E-05 -7.59699E-01
4.99999E-01 -7.75000E-01 -3.83328E-05 -7.54692E-01
5.99998E-01 -7.70000E-01 -3.45324E-05 -7.49676E-01
6.99998E-01 -7.65000E-01 -3.15129E-05 -7.44678E-01
7.99998E-01 -7.60000E-01 -2.90532E-05 -7.39691E-01
8.99998E-01 -7.55000E-01 -2.74094E-05 -7.34670E-01
9.99997E-01 -7.50000E-01 -2.56401E-05 -7.29671E-01
1.10000E+00 -7.45000E-01 -2.41307E-05 -7.24708E-01
1.20000E+00 -7.40000E-01 -2.28101E-05 -7.19685E-01
1.30000E+00 -7.35000E-01 -2.16443E-05 -7.14670E-01
1.40000E+00 -7.30000E-01 -2.06038E-05 -7.09656E-01
1.50000E+00 -7.25000E-01 -1.96680E-05 -7.04665E-01
1.60000E+00 -7.20000E-01 -1.88144E-05 -6.99679E-01
1.70000E+00 -7.15000E-01 -1.80467E-05 -6.94666E-01
1.80000E+00 -7.10000E-01 -1.73567E-05 -6.89651E-01
1.90000E+00 -7.05000E-01 -1.67117E-05 -6.84666E-01
1.99999E+00 -7.00000E-01 -1.61052E-05 -6.79653E-01
2.09999E+00 -6.95000E-01 -1.55335E-05 -6.74664E-01
2.19999E+00 -6.90000E-01 -1.50066E-05 -6.69641E-01
2.29999E+00 -6.85000E-01 -1.45067E-05 -6.64662E-01
2.39999E+00 -6.80000E-01 -1.40341E-05 -6.59668E-01
2.49999E+00 -6.75000E-01 -1.35927E-05 -6.54664E-01
2.59999E+00 -6.70000E-01 -1.31722E-05 -6.49643E-01
2.69999E+00 -6.65000E-01 -1.27678E-05 -6.44626E-01
2.79999E+00 -6.60000E-01 -1.23842E-05 -6.39620E-01
2.89999E+00 -6.55000E-01 -1.20218E-05 -6.34647E-01
2.99999E+00 -6.50000E-01 -1.16776E-05 -6.29615E-01
3.09999E+00 -6.45000E-01 -1.13440E-05 -6.24619E-01
3.19999E+00 -6.40000E-01 -1.10335E-05 -6.19616E-01
3.29999E+00 -6.35000E-01 -1.07306E-05 -6.14643E-01
3.39999E+00 -6.30000E-01 -1.04279E-05 -6.09614E-01
3.49999E+00 -6.25000E-01 -1.01351E-05 -6.04617E-01
3.59999E+00 -6.20000E-01 -9.85872E-06 -5.99619E-01
3.69999E+00 -6.15000E-01 -9.57354E-06 -5.94633E-01
3.79999E+00 -6.10000E-01 -9.34927E-06 -5.89591E-01
3.89999E+00 -6.05000E-01 -9.10355E-06 -5.84591E-01
3.99999E+00 -6.00001E-01 -8.87176E-06 -5.79597E-01
4.09999E+00 -5.95001E-01 -8.69180E-06 -5.74606E-01
4.19999E+00 -5.90001E-01 -8.49207E-06 -5.69609E-01
4.29999E+00 -5.85001E-01 -8.35023E-06 -5.64595E-01
4.39999E+00 -5.80001E-01 -8.22161E-06 -5.59586E-01
4.49999E+00 -5.75001E-01 -8.04283E-06 -5.54599E-01
4.59999E+00 -5.70001E-01 -7.85465E-06 -5.49618E-01
4.69999E+00 -5.65001E-01 -7.65443E-06 -5.44576E-01
4.79999E+00 -5.60001E-01 -7.44748E-06 -5.39600E-01
4.89999E+00 -5.55001E-01 -7.25972E-06 -5.34600E-01
4.99999E+00 -5.50001E-01 -7.07992E-06 -5.29605E-01
5.09999E+00 -5.45001E-01 -6.91306E-06 -5.24583E-01
5.19999E+00 -5.40001E-01 -6.74922E-06 -5.19590E-01
5.29999E+00 -5.35001E-01 -6.58811E-06 -5.14592E-01
5.39999E+00 -5.30001E-01 -6.42400E-06 -5.09590E-01
5.49999E+00 -5.25001E-01 -6.26761E-06 -5.04552E-01
5.59999E+00 -5.20001E-01 -6.11548E-06 -4.99573E-01
5.69999E+00 -5.15001E-01 -5.96794E-06 -4.94551E-01
5.79999E+00 -5.10001E-01 -5.82222E-06 -4.89556E-01
5.89999E+00 -5.05001E-01 -5.67878E-06 -4.84569E-01
5.99998E+00 -5.00001E-01 -5.54214E-06 -4.79567E-01
6.09998E+00 -4.95001E-01 -5.40142E-06 -4.74541E-01
6.19998E+00 -4.90001E-01 -5.26311E-06 -4.69527E-01
6.29998E+00 -4.85001E-01 -5.12554E-06 -4.64526E-01
6.39998E+00 -4.80001E-01 -4.98980E-06 -4.59547E-01
6.49998E+00 -4.75001E-01 -4.85693E-06 -4.54535E-01
6.59998E+00 -4.70001E-01 -4.72981E-06 -4.49514E-01
6.69998E+00 -4.65001E-01 -4.60507E-06 -4.44533E-01
6.79998E+00 -4.60001E-01 -4.48287E-06 -4.39532E-01
6.89998E+00 -4.55001E-01 -4.36090E-06 -4.34507E-01
6.99998E+00 -4.50001E-01 -4.23850E-06 -4.29519E-01
7.09998E+00 -4.45001E-01 -4.12073E-06 -4.24513E-01
7.19998E+00 -4.40001E-01 -4.00179E-06 -4.19503E-01
7.29998E+00 -4.35001E-01 -3.88614E-06 -4.14523E-01
7.39998E+00 -4.30001E-01 -3.77129E-06 -4.09501E-01
7.49998E+00 -4.25001E-01 -3.69408E-06 -4.04514E-01
7.59998E+00 -4.20001E-01 -3.58163E-06 -3.99514E-01
7.69998E+00 -4.15001E-01 -3.46753E-06 -3.94495E-01
7.79998E+00 -4.10001E-01 -3.35823E-06 -3.89496E-01
7.89998E+00 -4.05001E-01 -3.24980E-06 -3.84501E-01
7.99998E+00 -4.00001E-01 -3.14242E-06 -3.79495E-01
8.09998E+00 -3.95001E-01 -3.03302E-06 -3.74496E-01
8.19998E+00 -3.90001E-01 -2.92614E-06 -3.69480E-01
8.29998E+00 -3.85001E-01 -2.81789E-06 -3.64466E-01
8.39998E+00 -3.80001E-01 -2.71310E-06 -3.59486E-01
8.49998E+00 -3.75001E-01 -2.60481E-06 -3.54506E-01
8.59998E+00 -3.70001E-01 -2.49775E-06 -3.49478E-01
8.69998E+00 -3.65001E-01 -2.39291E-06 -3.44470E-01
8.79998E+00 -3.60001E-01 -2.28823E-06 -3.39482E-01
8.89998E+00 -3.55001E-01 -2.18330E-06 -3.34469E-01
8.99998E+00 -3.50001E-01 -2.07866E-06 -3.29488E-01
9.09998E+00 -3.45001E-01 -1.97395E-06 -3.24467E-01
9.19998E+00 -3.40001E-01 -1.86989E-06 -3.19458E-01
9.29998E+00 -3.35001E-01 -1.76639E-06 -3.14451E-01
9.39998E+00 -3.30001E-01 -1.66415E-06 -3.09454E-01
9.49998E+00 -3.25001E-01 -1.56081E-06 -3.04456E-01
9.59998E+00 -3.20001E-01 -1.45801E-06 -2.99457E-01
9.69998E+00 -3.15001E-01 -1.35684E-06 -2.94455E-01
9.79998E+00 -3.10001E-01 -1.25549E-06 -2.89454E-01
9.89998E+00 -3.05001E-01 -1.15537E-06 -2.84447E-01
9.99997E+00 -3.00001E-01 -1.05396E-06 -2.79431E-01
1.01000E+01 -2.95001E-01 -9.53997E-07 -2.74443E-01
1.02000E+01 -2.90001E-01 -8.79101E-07 -2.69457E-01
1.03000E+01 -2.85001E-01 -7.74319E-07 -2.64460E-01
1.04000E+01 -2.80001E-01 -6.72547E-07 -2.59452E-01
1.05000E+01 -2.75001E-01 -5.73139E-07 -2.54443E-01
1.06000E+01 -2.70001E-01 -4.77025E-07 -2.49433E-01
1.07000E+01 -2.65001E-01 -3.81069E-07 -2.44434E-01
1.08000E+01 -2.60001E-01 -2.87746E-07 -2.39420E-01
1.09000E+01 -2.55001E-01 -1.95390E-07 -2.34407E-01
1.10000E+01 -2.50001E-01 -1.04598E-07 -2.29419E-01
1.11000E+01 -2.45001E-01 -1.53601E-08 -2.24424E-01
1.12000E+01 -2.40001E-01 7.30510E-08  -2.19425E-01
1.13000E+01 -2.35001E-01 1.57485E-07  -2.14404E-01
1.14000E+01 -2.30001E-01 2.40045E-07  -2.09416E-01
1.15000E+01 -2.25001E-01 3.22541E-07  -2.04404E-01
1.16000E+01 -2.20001E-01 4.01741E-07  -1.99436E-01
1.17000E+01 -2.15001E-01 4.79552E-07  -1.94387E-01
1.18000E+01 -2.10001E-01 5.54168E-07  -1.89408E-01
1.19000E+01 -2.05001E-01 6.25611E-07  -1.84401E-01
1.20000E+01 -2.00002E-01 6.97156E-07  -1.79420E-01
1.21000E+01 -1.95002E-01 7.64794E-07  -1.74382E-01
1.22000E+01 -1.90002E-01 8.31046E-07  -1.69383E-01
1.23000E+01 -1.85002E-01 8.94964E-07  -1.64380E-01
1.24000E+01 -1.80002E-01 9.58312E-07  -1.59369E-01
1.25000E+01 -1.75002E-01 1.01777E-06  -1.54359E-01
1.26000E+01 -1.70002E-01 1.07687E-06  -1.49352E-01
1.27000E+01 -1.65002E-01 1.13504E-06  -1.44357E-01
1.28000E+01 -1.60002E-01 1.18959E-06  -1.39378E-01
1.29000E+01 -1.55002E-01 1.24531E-06  -1.34364E-01
1.30000E+01 -1.50002E-01 1.29945E-06  -1.29333E-01
1.31000E+01 -1.45002E-01 1.35375E-06  -1.24342E-01
1.32000E+01 -1.40002E-01 1.40681E-06  -1.19336E-01
1.33000E+01 -1.35002E-01 1.45950E-06  -1.14338E-01
1.34000E+01 -1.30002E-01 1.51165E-06  -1.09335E-01
1.35000E+01 -1.25002E-01 1.56634E-06  -1.04333E-01
1.36000E+01 -1.20002E-01 1.62046E-06  -9.93356E-02
1.37000E+01 -1.15002E-01 1.67390E-06  -9.43148E-02
1.38000E+01 -1.10002E-01 1.72899E-06  -8.93275E-02
1.39000E+01 -1.05002E-01 1.78336E-06  -8.43329E-02
1.40000E+01 -1.00002E-01 1.83934E-06  -7.93269E-02
1.41000E+01 -9.50018E-02 1.89567E-06  -7.43266E-02
1.42000E+01 -9.00018E-02 1.95182E-06  -6.93051E-02
1.43000E+01 -8.50018E-02 2.01074E-06  -6.43180E-02
1.44000E+01 -8.00018E-02 2.06969E-06  -5.93345E-02
1.45000E+01 -7.50018E-02 2.12923E-06  -5.43092E-02
1.46000E+01 -7.00018E-02 2.18946E-06  -4.93065E-02
1.47000E+01 -6.50018E-02 2.25178E-06  -4.42949E-02
1.48000E+01 -6.00019E-02 2.31454E-06  -3.93146E-02
1.49000E+01 -5.50019E-02 2.37678E-06  -3.43224E-02
1.50000E+01 -5.00019E-02 2.44282E-06  -2.93003E-02
1.51000E+01 -4.50019E-02 2.50877E-06  -2.42831E-02
1.52000E+01 -4.00019E-02 2.57516E-06  -1.93141E-02
1.53000E+01 -3.50019E-02 2.64368E-06  -1.43106E-02
1.54000E+01 -3.00019E-02 2.71364E-06  -9.28972E-03
1.55000E+01 -2.50019E-02 2.78365E-06  -4.28940E-03
1.56000E+01 -2.00020E-02 2.85620E-06  7.17735E-04 
1.57000E+01 -1.50020E-02 2.92909E-06  5.70616E-03 
1.58000E+01 -1.00020E-02 3.00282E-06  1.07127E-02 
1.59000E+01 -5.00199E-03 3.07957E-06  1.57067E-02 
1.60000E+01 -2.00000E-06 3.15785E-06  2.07158E-02 
1.61000E+01 4.99799E-03  3.23691E-06  2.56973E-02 
1.62000E+01 9.99797E-03  3.31725E-06  3.07188E-02 
1.63000E+01 1.49980E-02  3.39960E-06  3.57241E-02 
1.64000E+01 1.99979E-02  3.48334E-06  4.07382E-02 
1.65000E+01 2.49979E-02  3.56953E-06  4.57341E-02 
1.66000E+01 2.99979E-02  3.65812E-06  5.07188E-02 
1.67000E+01 3.49979E-02  3.74666E-06  5.57428E-02 
1.68000E+01 3.99979E-02  3.83885E-06  6.07644E-02 
1.69000E+01 4.49979E-02  3.93202E-06  6.57371E-02 
1.70000E+01 4.99979E-02  4.02685E-06  7.07237E-02 
1.71000E+01 5.49979E-02  4.12427E-06  7.57453E-02 
1.72000E+01 5.99978E-02  4.22313E-06  8.07474E-02 
1.73000E+01 6.49978E-02  4.32558E-06  8.57540E-02 
1.74000E+01 6.99978E-02  4.42927E-06  9.07617E-02 
1.75000E+01 7.49978E-02  4.53589E-06  9.57676E-02 
1.76000E+01 7.99978E-02  4.64381E-06  1.00772E-01 
1.77000E+01 8.49978E-02  4.75593E-06  1.05761E-01 
1.78000E+01 8.99978E-02  4.87002E-06  1.10752E-01 
1.79000E+01 9.49978E-02  4.98557E-06  1.15746E-01 
1.80000E+01 9.99977E-02  5.10397E-06  1.20769E-01 
1.81000E+01 1.04998E-01  5.22615E-06  1.25781E-01 
1.82000E+01 1.09998E-01  5.35100E-06  1.30772E-01 
1.83000E+01 1.14998E-01  5.47903E-06  1.35787E-01 
1.84000E+01 1.19998E-01  5.60941E-06  1.40780E-01 
1.85000E+01 1.24998E-01  5.74291E-06  1.45794E-01 
1.86000E+01 1.29998E-01  5.88109E-06  1.50793E-01 
1.87000E+01 1.34998E-01  6.02134E-06  1.55809E-01 
1.88000E+01 1.39998E-01  6.16649E-06  1.60816E-01 
1.89000E+01 1.44998E-01  6.31307E-06  1.65817E-01 
1.90000E+01 1.49998E-01  6.46373E-06  1.70803E-01 
1.91000E+01 1.54998E-01  6.61879E-06  1.75821E-01 
1.92000E+01 1.59998E-01  6.77672E-06  1.80816E-01 
1.93000E+01 1.64998E-01  6.93949E-06  1.85812E-01 
1.94000E+01 1.69998E-01  7.10386E-06  1.90815E-01 
1.95000E+01 1.74998E-01  7.27288E-06  1.95811E-01 
1.96000E+01 1.79998E-01  7.44742E-06  2.00833E-01 
1.97000E+01 1.84998E-01  7.62402E-06  2.05827E-01 
1.98000E+01 1.89998E-01  7.80505E-06  2.10814E-01 
1.99000E+01 1.94998E-01  7.99035E-06  2.15828E-01 
1.99999E+01 1.99997E-01  8.17899E-06  2.20841E-01 
2.00999E+01 2.04997E-01  8.37035E-06  2.25843E-01 
2.01999E+01 2.09997E-01  8.56621E-06  2.30811E-01 
2.02999E+01 2.14997E-01  8.76454E-06  2.35834E-01 
2.03999E+01 2.19997E-01  8.96606E-06  2.40846E-01 
2.04999E+01 2.24997E-01  9.17240E-06  2.45838E-01 
2.05999E+01 2.29997E-01  9.38126E-06  2.50852E-01 
2.06999E+01 2.34997E-01  9.59323E-06  2.55842E-01 
2.07999E+01 2.39997E-01  9.80680E-06  2.60857E-01 
2.08999E+01 2.44997E-01  1.00200E-05  2.65848E-01 
2.09999E+01 2.49997E-01  1.02399E-05  2.70852E-01 
2.10999E+01 2.54997E-01  1.04577E-05  2.75865E-01 
2.11999E+01 2.59997E-01  1.06775E-05  2.80866E-01 
2.12999E+01 2.64997E-01  1.08976E-05  2.85883E-01 
2.13999E+01 2.69997E-01  1.11155E-05  2.90849E-01 
2.14999E+01 2.74997E-01  1.13342E-05  2.95859E-01 
2.15999E+01 2.79997E-01  1.15502E-05  3.00867E-01 
2.16999E+01 2.84997E-01  1.17677E-05  3.05887E-01 
2.17999E+01 2.89997E-01  1.19834E-05  3.10878E-01 
2.18999E+01 2.94997E-01  1.21984E-05  3.15879E-01 
2.19999E+01 2.99997E-01  1.24119E-05  3.20905E-01 
2.20999E+01 3.04997E-01  1.26234E-05  3.25902E-01 
2.21999E+01 3.09997E-01  1.28325E-05  3.30908E-01 
2.22999E+01 3.14997E-01  1.30381E-05  3.35909E-01 
2.23999E+01 3.19997E-01  1.32423E-05  3.40904E-01 
2.24999E+01 3.24997E-01  1.34443E-05  3.45902E-01 
2.25999E+01 3.29997E-01  1.36413E-05  3.50912E-01 
2.26999E+01 3.34997E-01  1.38351E-05  3.55915E-01 
2.27999E+01 3.39997E-01  1.40264E-05  3.60909E-01 
2.28999E+01 3.44997E-01  1.42129E-05  3.65912E-01 
2.29999E+01 3.49997E-01  1.43987E-05  3.70919E-01 
2.30999E+01 3.54997E-01  1.45784E-05  3.75935E-01 
2.31999E+01 3.59997E-01  1.47569E-05  3.80927E-01 
2.32999E+01 3.64997E-01  1.49321E-05  3.85921E-01 
2.33999E+01 3.69997E-01  1.51041E-05  3.90932E-01 
2.34999E+01 3.74997E-01  1.52778E-05  3.95946E-01 
2.35999E+01 3.79997E-01  1.54459E-05  4.00920E-01 
2.36999E+01 3.84997E-01  1.56121E-05  4.05935E-01 
2.37999E+01 3.89997E-01  1.57783E-05  4.10952E-01 
2.38999E+01 3.94997E-01  1.59437E-05  4.15958E-01 
2.39999E+01 3.99997E-01  1.61100E-05  4.20943E-01 
2.40999E+01 4.04997E-01  1.62806E-05  4.25969E-01 
2.41999E+01 4.09997E-01  1.64493E-05  4.30972E-01 
2.42999E+01 4.14997E-01  1.66213E-05  4.35966E-01 
2.43999E+01 4.19997E-01  1.67959E-05  4.40954E-01 
2.44999E+01 4.24997E-01  1.69764E-05  4.45963E-01 
2.45999E+01 4.29997E-01  1.71555E-05  4.50954E-01 
2.46999E+01 4.34997E-01  1.73463E-05  4.55978E-01 
2.47999E+01 4.39997E-01  1.75370E-05  4.60972E-01 
2.48999E+01 4.44997E-01  1.77315E-05  4.65991E-01 
2.49999E+01 4.49997E-01  1.79349E-05  4.71005E-01 
2.50999E+01 4.54997E-01  1.81410E-05  4.75996E-01 
2.51999E+01 4.59997E-01  1.83550E-05  4.81003E-01 
2.52999E+01 4.64997E-01  1.85721E-05  4.86018E-01 
2.53999E+01 4.69997E-01  1.87958E-05  4.91015E-01 
2.54999E+01 4.74997E-01  1.90176E-05  4.96007E-01 
2.55999E+01 4.79997E-01  1.92434E-05  5.00988E-01 
2.56999E+01 4.84997E-01  1.94714E-05  5.06000E-01 
2.57999E+01 4.89997E-01  1.97030E-05  5.11023E-01 
2.58999E+01 4.94997E-01  1.99383E-05  5.16003E-01 
2.59999E+01 4.99997E-01  2.01720E-05  5.21014E-01 
2.60999E+01 5.04997E-01  2.04084E-05  5.26013E-01 
2.61999E+01 5.09997E-01  2.06481E-05  5.31018E-01 
2.62999E+01 5.14997E-01  2.08862E-05  5.36023E-01 
2.63999E+01 5.19997E-01  2.11235E-05  5.41029E-01 
2.64999E+01 5.24997E-01  2.14099E-05  5.46027E-01 
2.65999E+01 5.29997E-01  2.16445E-05  5.51042E-01 
2.66999E+01 5.34997E-01  2.18790E-05  5.56041E-01 
2.67999E+01 5.39997E-01  2.21135E-05  5.61037E-01 
2.68999E+01 5.44997E-01  2.23432E-05  5.66025E-01 
2.69999E+01 5.49997E-01  2.25769E-05  5.71050E-01 
2.70999E+01 5.54997E-01  2.28096E-05  5.76044E-01 
2.71999E+01 5.59997E-01  2.30419E-05  5.81035E-01 
2.72999E+01 5.64997E-01  2.32695E-05  5.86048E-01 
2.73999E+01 5.69997E-01  2.34991E-05  5.91048E-01 
2.74999E+01 5.74997E-01  2.37282E-05  5.96047E-01 
2.75999E+01 5.79997E-01  2.39313E-05  6.01050E-01 
2.76999E+01 5.84997E-01  2.41461E-05  6.06036E-01 
2.77999E+01 5.89997E-01  2.43663E-05  6.11044E-01 
2.78999E+01 5.94997E-01  2.45896E-05  6.16076E-01 
2.79999E+01 5.99996E-01  2.48084E-05  6.21045E-01 
2.80999E+01 6.04996E-01  2.50268E-05  6.26033E-01 
2.81999E+01 6.09996E-01  2.52443E-05  6.31054E-01 
2.82999E+01 6.14996E-01  2.54607E-05  6.36074E-01 
2.83999E+01 6.19996E-01  2.56747E-05  6.41065E-01 
2.84999E+01 6.24996E-01  2.58916E-05  6.46052E-01 
2.85999E+01 6.29996E-01  2.61049E-05  6.51087E-01 
2.86999E+01 6.34996E-01  2.63162E-05  6.56099E-01 
2.87999E+01 6.39996E-01  2.65288E-05  6.61081E-01 
2.88999E+01 6.44996E-01  2.67369E-05  6.66092E-01 
2.89999E+01 6.49996E-01  2.69443E-05  6.71081E-01 
2.90999E+01 6.54996E-01  2.71473E-05  6.76107E-01 
2.91999E+01 6.59996E-01  2.73493E-05  6.81104E-01 
2.92999E+01 6.64996E-01  2.75547E-05  6.86102E-01 
2.93999E+01 6.69996E-01  2.77538E-05  6.91103E-01 
2.94999E+01 6.74996E-01  2.79473E-05  6.96099E-01 
2.95999E+01 6.79996E-01  2.81416E-05  7.01107E-01 
2.96999E+01 6.84996E-01  2.83357E-05  7.06110E-01 
2.97999E+01 6.89996E-01  2.85252E-05  7.11096E-01 
2.98999E+01 6.94996E-01  2.87097E-05  7.16124E-01 
2.99999E+01 6.99996E-01  2.88940E-05  7.21146E-01 
3.00999E+01 7.04996E-01  2.90764E-05  7.26134E-01 
3.01999E+01 7.09996E-01  2.92555E-05  7.31107E-01 
3.02999E+01 7.14996E-01  2.94303E-05  7.36140E-01 
3.03999E+01 7.19996E-01  2.96026E-05  7.41132E-01 
3.04999E+01 7.24996E-01  2.97663E-05  7.46169E-01 
3.05999E+01 7.29996E-01  2.99389E-05  7.51144E-01 
3.06999E+01 7.34996E-01  3.01199E-05  7.56164E-01 
3.07999E+01 7.39996E-01  3.02943E-05  7.61165E-01 
3.08999E+01 7.44996E-01  3.04631E-05  7.66153E-01 
3.09999E+01 7.49996E-01  3.06358E-05  7.71146E-01 
3.10999E+01 7.54996E-01  3.08214E-05  7.76171E-01 
3.11999E+01 7.59996E-01  3.09964E-05  7.81175E-01 
3.12999E+01 7.64996E-01  3.11773E-05  7.86172E-01 
3.13999E+01 7.69996E-01  3.13550E-05  7.91173E-01 
3.14999E+01 7.74996E-01  3.15412E-05  7.96197E-01 
3.15999E+01 7.79996E-01  3.17004E-05  8.01196E-01 
3.16999E+01 7.84996E-01  3.18588E-05  8.06187E-01 
3.17999E+01 7.89996E-01  3.20096E-05  8.11214E-01 
3.18999E+01 7.94996E-01  3.21750E-05  8.16206E-01 
3.19999E+01 7.99996E-01  3.23386E-05  8.21214E-01 
3.20999E+01 8.04996E-01  3.24886E-05  8.26198E-01 
3.21999E+01 8.09996E-01  3.26475E-05  8.31213E-01 
3.22999E+01 8.14996E-01  3.28082E-05  8.36215E-01 
3.23999E+01 8.19996E-01  3.29665E-05  8.41221E-01 
3.24999E+01 8.24996E-01  3.31154E-05  8.46188E-01 
3.25999E+01 8.29996E-01  3.32734E-05  8.51205E-01 
3.26999E+01 8.34996E-01  3.34453E-05  8.56203E-01 
3.27999E+01 8.39996E-01  3.36213E-05  8.61210E-01 
3.28999E+01 8.44996E-01  3.38141E-05  8.66205E-01 
3.29999E+01 8.49996E-01  3.39832E-05  8.71215E-01 
3.30999E+01 8.54996E-01  3.41806E-05  8.76208E-01 
3.31999E+01 8.59996E-01  3.44014E-05  8.81207E-01 
3.32999E+01 8.64996E-01  3.45910E-05  8.86208E-01 
3.33999E+01 8.69996E-01  3.48128E-05  8.91190E-01 
3.34999E+01 8.74996E-01  3.50485E-05  8.96235E-01 
3.35999E+01 8.79996E-01  3.52852E-05  9.01223E-01 
3.36999E+01 8.84996E-01  3.55120E-05  9.06228E-01 
3.37999E+01 8.89996E-01  3.57544E-05  9.11229E-01 
3.38999E+01 8.94996E-01  3.60002E-05  9.16231E-01 
3.39999E+01 8.99996E-01  3.62358E-05  9.21227E-01 
3.40999E+01 9.04996E-01  3.64832E-05  9.26236E-01 
3.41999E+01 9.09996E-01  3.67110E-05  9.31223E-01 
3.42999E+01 9.14996E-01  3.69583E-05  9.36244E-01 
3.43999E+01 9.19996E-01  3.71822E-05  9.41260E-01 
3.44999E+01 9.24996E-01  3.73913E-05  9.46271E-01 
3.45999E+01 9.29996E-01  3.75963E-05  9.51243E-01 
3.46999E+01 9.34996E-01  3.78090E-05  9.56269E-01 
3.47999E+01 9.39996E-01  3.80175E-05  9.61250E-01 
3.48999E+01 9.44996E-01  3.82140E-05  9.66271E-01 
3.49999E+01 9.49996E-01  3.84064E-05  9.71295E-01 
3.50999E+01 9.54996E-01  3.85926E-05  9.76282E-01 
3.51999E+01 9.59996E-01  3.87835E-05  9.81268E-01 
3.52999E+01 9.64996E-01  3.89851E-05  9.86278E-01 
3.53999E+01 9.69996E-01  3.91939E-05  9.91294E-01 
3.54999E+01 9.74996E-01  3.94245E-05  9.96290E-01 
3.55999E+01 9.79996E-01  3.97025E-05  1.00128E+00 
3.56999E+01 9.84996E-01  3.98405E-05  1.00629E+00 
3.57999E+01 9.89996E-01  4.00109E-05  1.01132E+00 
3.58999E+01 9.94996E-01  4.00477E-05  1.01631E+00 
3.59999E+01 9.99995E-01  4.01734E-05  1.02131E+00 
3.60999E+01 1.00500E+00  4.02930E-05  1.02630E+00 
3.61999E+01 1.01000E+00  4.03975E-05  1.03133E+00 
3.62999E+01 1.01500E+00  4.05324E-05  1.03630E+00 
3.63999E+01 1.02000E+00  4.06947E-05  1.04129E+00 
3.64999E+01 1.02500E+00  4.07609E-05  1.04631E+00 
3.65999E+01 1.03000E+00  4.09232E-05  1.05131E+00 
3.66999E+01 1.03500E+00  4.11189E-05  1.05633E+00 
3.67999E+01 1.04000E+00  4.13018E-05  1.06132E+00 
3.68999E+01 1.04500E+00  4.14443E-05  1.06632E+00 
3.69999E+01 1.05000E+00  4.15658E-05  1.07133E+00 
3.70999E+01 1.05500E+00  4.16513E-05  1.07633E+00 
3.71999E+01 1.06000E+00  4.17577E-05  1.08132E+00 
3.72999E+01 1.06500E+00  4.19165E-05  1.08632E+00 
3.73999E+01 1.07000E+00  4.22590E-05  1.09133E+00 
3.74999E+01 1.07500E+00  4.26787E-05  1.09634E+00 
3.75999E+01 1.08000E+00  4.29670E-05  1.10133E+00 
3.76999E+01 1.08500E+00  4.32022E-05  1.10635E+00 
3.77999E+01 1.09000E+00  4.34096E-05  1.11134E+00 
3.78999E+01 1.09500E+00  4.37831E-05  1.11636E+00 
3.79999E+01 1.10000E+00  4.39759E-05  1.12138E+00 
3.80999E+01 1.10500E+00  4.43502E-05  1.12639E+00 
3.81999E+01 1.11000E+00  4.47379E-05  1.13138E+00 
3.82999E+01 1.11500E+00  4.50453E-05  1.13636E+00 
3.83999E+01 1.12000E+00  4.56052E-05  1.14137E+00 
3.84999E+01 1.12500E+00  4.60816E-05  1.14637E+00 
3.85999E+01 1.13000E+00  4.70469E-05  1.15138E+00 
3.86999E+01 1.13500E+00  4.74276E-05  1.15637E+00 
3.87999E+01 1.14000E+00  4.76696E-05  1.16141E+00 
3.88999E+01 1.14500E+00  4.80696E-05  1.16638E+00 
3.89999E+01 1.15000E+00  4.85443E-05  1.17139E+00 
3.90999E+01 1.15500E+00  4.90177E-05  1.17639E+00 
3.91999E+01 1.16000E+00  4.95730E-05  1.18140E+00 
3.92999E+01 1.16500E+00  5.00476E-05  1.18638E+00 
3.93999E+01 1.17000E+00  5.06305E-05  1.19140E+00 
3.94999E+01 1.17500E+00  5.11482E-05  1.19640E+00 
3.95999E+01 1.18000E+00  5.17382E-05  1.20138E+00 
3.96999E+01 1.18500E+00  5.24430E-05  1.20641E+00 
3.97999E+01 1.19000E+00  5.33097E-05  1.21141E+00 
3.98999E+01 1.19500E+00  5.35670E-05  1.21642E+00 
3.99999E+01 1.19999E+00  5.42389E-05  1.22139E+00 
4.00999E+01 1.20499E+00  5.48485E-05  1.22642E+00 
4.01999E+01 1.20999E+00  5.55589E-05  1.23143E+00 
4.02999E+01 1.21499E+00  5.63790E-05  1.23643E+00 
4.03999E+01 1.21999E+00  5.70202E-05  1.24142E+00 
4.04999E+01 1.22499E+00  5.77473E-05  1.24643E+00 
4.05999E+01 1.22999E+00  5.85172E-05  1.25144E+00 
4.06999E+01 1.23499E+00  5.93052E-05  1.25642E+00 
4.07999E+01 1.23999E+00  6.01400E-05  1.26144E+00 
4.08999E+01 1.24499E+00  6.09598E-05  1.26646E+00 
4.09999E+01 1.24999E+00  6.20188E-05  1.27145E+00 
4.10999E+01 1.25499E+00  6.28065E-05  1.27647E+00 
4.11999E+01 1.25999E+00  6.35703E-05  1.28147E+00 
4.12999E+01 1.26499E+00  6.45195E-05  1.28646E+00 
4.13999E+01 1.26999E+00  6.54101E-05  1.29147E+00 
4.14999E+01 1.27499E+00  6.63289E-05  1.29648E+00 
4.15999E+01 1.27999E+00  6.73178E-05  1.30146E+00 
4.16999E+01 1.28499E+00  6.84200E-05  1.30646E+00 
4.17999E+01 1.28999E+00  6.97236E-05  1.31146E+00 
4.18999E+01 1.29499E+00  7.06488E-05  1.31650E+00 
4.19999E+01 1.29999E+00  7.17232E-05  1.32146E+00 
4.20999E+01 1.30499E+00  7.28496E-05  1.32647E+00 
4.21999E+01 1.30999E+00  7.39692E-05  1.33148E+00 
4.22999E+01 1.31499E+00  7.51156E-05  1.33649E+00 
4.23999E+01 1.31999E+00  7.62743E-05  1.34148E+00 
4.24999E+01 1.32499E+00  7.74842E-05  1.34646E+00 
4.25999E+01 1.32999E+00  7.86569E-05  1.35148E+00 
4.26999E+01 1.33499E+00  7.98220E-05  1.35650E+00 
4.27999E+01 1.33999E+00  8.09689E-05  1.36148E+00 
4.28999E+01 1.34499E+00  8.21788E-05  1.36649E+00 
4.29999E+01 1.34999E+00  8.34199E-05  1.37148E+00 
4.30999E+01 1.35499E+00  8.47288E-05  1.37650E+00 
4.31999E+01 1.35999E+00  8.59593E-05  1.38149E+00 
4.32999E+01 1.36499E+00  8.72394E-05  1.38651E+00 
4.33999E+01 1.36999E+00  8.84319E-05  1.39149E+00 
4.34999E+01 1.37499E+00  8.96978E-05  1.39650E+00 
4.35999E+01 1.37999E+00  9.09802E-05  1.40151E+00 
4.36999E+01 1.38499E+00  9.23218E-05  1.40650E+00 
4.37999E+01 1.38999E+00  9.37176E-05  1.41149E+00 
4.38999E+01 1.39499E+00  9.52007E-05  1.41652E+00 
4.39999E+01 1.39999E+00  9.67664E-05  1.42152E+00 
4.40999E+01 1.40499E+00  9.83712E-05  1.42654E+00 
4.41999E+01 1.40999E+00  1.00060E-04  1.43151E+00 
4.42999E+01 1.41499E+00  1.01788E-04  1.43657E+00 
4.43999E+01 1.41999E+00  1.03561E-04  1.44154E+00 
4.44999E+01 1.42499E+00  1.05385E-04  1.44656E+00 
4.45999E+01 1.42999E+00  1.07224E-04  1.45158E+00 
4.46999E+01 1.43499E+00  1.09124E-04  1.45657E+00 
4.47999E+01 1.43999E+00  1.11049E-04  1.46159E+00 
4.48999E+01 1.44499E+00  1.12947E-04  1.46658E+00 
4.49999E+01 1.44999E+00  1.14801E-04  1.47157E+00 
4.50999E+01 1.45499E+00  1.16719E-04  1.47656E+00 
4.51999E+01 1.45999E+00  1.18738E-04  1.48157E+00 
4.52999E+01 1.46499E+00  1.20693E-04  1.48657E+00 
4.53999E+01 1.46999E+00  1.22687E-04  1.49160E+00 
4.54999E+01 1.47499E+00  1.24720E-04  1.49659E+00 
4.55999E+01 1.47999E+00  1.26830E-04  1.50159E+00 
4.56999E+01 1.48499E+00  1.28965E-04  1.50657E+00 
4.57999E+01 1.48999E+00  1.31155E-04  1.51159E+00 
4.58999E+01 1.49499E+00  1.33191E-04  1.51660E+00 
4.59999E+01 1.49999E+00  1.35297E-04  1.52158E+00 
4.60999E+01 1.50499E+00  1.37465E-04  1.52660E+00 
4.61999E+01 1.50999E+00  1.39654E-04  1.53161E+00 
4.62999E+01 1.51499E+00  1.41868E-04  1.53663E+00 
4.63999E+01 1.51999E+00  1.44076E-04  1.54162E+00 
4.64999E+01 1.52499E+00  1.46345E-04  1.54660E+00 
4.65999E+01 1.52999E+00  1.48661E-04  1.55163E+00 
4.66999E+01 1.53499E+00  1.51029E-04  1.55663E+00 
4.67999E+01 1.53999E+00  1.53435E-04  1.56162E+00 
4.68999E+01 1.54499E+00  1.55970E-04  1.56662E+00 
4.69999E+01 1.54999E+00  1.58399E-04  1.57163E+00 
4.70999E+01 1.55499E+00  1.61022E-04  1.57668E+00 
4.71999E+01 1.55999E+00  1.63627E-04  1.58164E+00 
4.72999E+01 1.56499E+00  1.66398E-04  1.58664E+00 
4.73999E+01 1.56999E+00  1.69126E-04  1.59162E+00 
4.74999E+01 1.57499E+00  1.72003E-04  1.59664E+00 
4.75999E+01 1.57999E+00  1.74929E-04  1.60163E+00 
4.76999E+01 1.58499E+00  1.77945E-04  1.60666E+00 
4.77999E+01 1.58999E+00  1.81053E-04  1.61165E+00 
4.78999E+01 1.59499E+00  1.84305E-04  1.61664E+00 
4.79999E+01 1.59999E+00  1.87487E-04  1.62166E+00 
4.80999E+01 1.60499E+00  1.90818E-04  1.62666E+00 
4.81999E+01 1.60999E+00  1.94196E-04  1.63165E+00 
4.82999E+01 1.61499E+00  1.97643E-04  1.63666E+00 
4.83999E+01 1.61999E+00  2.01099E-04  1.64167E+00 
4.84999E+01 1.62499E+00  2.04652E-04  1.64666E+00 
4.85999E+01 1.62999E+00  2.08031E-04  1.65168E+00 
4.86999E+01 1.63499E+00  2.11567E-04  1.65666E+00 
4.87999E+01 1.63999E+00  2.15624E-04  1.66165E+00 
4.88999E+01 1.64499E+00  2.19131E-04  1.66668E+00 
4.89999E+01 1.64999E+00  2.22721E-04  1.67167E+00 
4.90999E+01 1.65499E+00  2.26353E-04  1.67667E+00 
4.91999E+01 1.65999E+00  2.29981E-04  1.68166E+00 
4.92999E+01 1.66499E+00  2.33630E-04  1.68668E+00 
4.93999E+01 1.66999E+00  2.37260E-04  1.69168E+00 
4.94999E+01 1.67499E+00  2.40923E-04  1.69667E+00 
4.95999E+01 1.67999E+00  2.44517E-04  1.70166E+00 
4.96999E+01 1.68499E+00  2.48111E-04  1.70668E+00 
4.97999E+01 1.68999E+00  2.51741E-04  1.71169E+00 
4.98999E+01 1.69499E+00  2.55321E-04  1.71669E+00 
4.99999E+01 1.69999E+00  2.58847E-04  1.72167E+00 
5.00999E+01 1.70499E+00  2.62341E-04  1.72668E+00 
5.01999E+01 1.70999E+00  2.65868E-04  1.73171E+00 
5.02999E+01 1.71499E+00  2.69344E-04  1.73669E+00 
5.03999E+01 1.71999E+00  2.72907E-04  1.74169E+00 
5.04999E+01 1.72499E+00  2.76265E-04  1.74671E+00 
5.05999E+01 1.72999E+00  2.79584E-04  1.75172E+00 
5.06999E+01 1.73499E+00  2.82915E-04  1.75675E+00 
5.07999E+01 1.73999E+00  2.86201E-04  1.76176E+00 
5.08999E+01 1.74499E+00  2.89440E-04  1.76676E+00 
5.09999E+01 1.74999E+00  2.92715E-04  1.77173E+00 
5.10999E+01 1.75499E+00  2.95846E-04  1.77674E+00 
5.11999E+01 1.75999E+00  2.99060E-04  1.78176E+00 
5.12999E+01 1.76499E+00  3.02204E-04  1.78677E+00 
5.13999E+01 1.76999E+00  3.05404E-04  1.79175E+00 
5.14999E+01 1.77499E+00  3.08327E-04  1.79674E+00 
5.15999E+01 1.77999E+00  3.11347E-04  1.80178E+00 
5.16999E+01 1.78499E+00  3.14363E-04  1.80677E+00 
5.17999E+01 1.78999E+00  3.17527E-04  1.81179E+00 
5.18999E+01 1.79499E+00  3.20409E-04  1.81677E+00 
5.19999E+01 1.79999E+00  3.23418E-04  1.82180E+00 
5.20999E+01 1.79499E+00  3.15807E-04  1.81678E+00 
5.21999E+01 1.78999E+00  3.08546E-04  1.81181E+00 
5.22999E+01 1.78499E+00  3.01572E-04  1.80679E+00 
5.23999E+01 1.77999E+00  2.94769E-04  1.80179E+00 
5.24999E+01 1.77499E+00  2.88114E-04  1.79677E+00 
5.25999E+01 1.76999E+00  2.81718E-04  1.79178E+00 
5.26999E+01 1.76499E+00  2.75416E-04  1.78681E+00 
5.27999E+01 1.75999E+00  2.69287E-04  1.78177E+00 
5.28999E+01 1.75499E+00  2.63356E-04  1.77675E+00 
5.29999E+01 1.74999E+00  2.57513E-04  1.77174E+00 
5.30999E+01 1.74499E+00  2.51741E-04  1.76675E+00 
5.31999E+01 1.73999E+00  2.46167E-04  1.76175E+00 
5.32999E+01 1.73499E+00  2.40625E-04  1.75673E+00 
5.33999E+01 1.72999E+00  2.35164E-04  1.75174E+00 
5.34999E+01 1.72499E+00  2.29825E-04  1.74672E+00 
5.35999E+01 1.71999E+00  2.24614E-04  1.74171E+00 
5.36999E+01 1.71499E+00  2.19495E-04  1.73670E+00 
5.37999E+01 1.70999E+00  2.14547E-04  1.73172E+00 
5.38999E+01 1.70499E+00  2.09646E-04  1.72669E+00 
5.39999E+01 1.69999E+00  2.04802E-04  1.72169E+00 
5.40999E+01 1.69499E+00  2.00033E-04  1.71671E+00 
5.41999E+01 1.68999E+00  1.95371E-04  1.71170E+00 
5.42999E+01 1.68499E+00  1.90822E-04  1.70669E+00 
5.43999E+01 1.67999E+00  1.86342E-04  1.70169E+00 
5.44999E+01 1.67499E+00  1.81932E-04  1.69670E+00 
5.45999E+01 1.66999E+00  1.77582E-04  1.69169E+00 
5.46999E+01 1.66499E+00  1.73315E-04  1.68668E+00 
5.47999E+01 1.65999E+00  1.69130E-04  1.68170E+00 
5.48999E+01 1.65499E+00  1.64996E-04  1.67670E+00 
5.49999E+01 1.64999E+00  1.60976E-04  1.67167E+00 
5.50999E+01 1.64499E+00  1.57486E-04  1.66667E+00 
5.51999E+01 1.63999E+00  1.53114E-04  1.66166E+00 
5.52999E+01 1.63499E+00  1.49272E-04  1.65666E+00 
5.53999E+01 1.62999E+00  1.45526E-04  1.65166E+00 
5.54999E+01 1.62499E+00  1.41792E-04  1.64668E+00 
5.55999E+01 1.61999E+00  1.38112E-04  1.64166E+00 
5.56999E+01 1.61499E+00  1.34557E-04  1.63664E+00 
5.57999E+01 1.60999E+00  1.31110E-04  1.63165E+00 
5.58999E+01 1.60499E+00  1.27591E-04  1.62666E+00 
5.59999E+01 1.59999E+00  1.24157E-04  1.62165E+00 
5.60999E+01 1.59499E+00  1.20746E-04  1.61663E+00 
5.61999E+01 1.58999E+00  1.17395E-04  1.61163E+00 
5.62999E+01 1.58499E+00  1.14205E-04  1.60665E+00 
5.63999E+01 1.57999E+00  1.11015E-04  1.60166E+00 
5.64999E+01 1.57499E+00  1.07895E-04  1.59664E+00 
5.65999E+01 1.56999E+00  1.05173E-04  1.59163E+00 
5.66999E+01 1.56499E+00  1.01841E-04  1.58666E+00 
5.67999E+01 1.55999E+00  9.88891E-05  1.58163E+00 
5.68999E+01 1.55499E+00  9.59912E-05  1.57662E+00 
5.69999E+01 1.54999E+00  9.31828E-05  1.57161E+00 
5.70999E+01 1.54499E+00  9.04198E-05  1.56659E+00 
5.71999E+01 1.53999E+00  8.76836E-05  1.56161E+00 
5.72999E+01 1.53499E+00  8.49551E-05  1.55662E+00 
5.73999E+01 1.52999E+00  8.23108E-05  1.55159E+00 
5.74999E+01 1.52499E+00  7.97257E-05  1.54659E+00 
5.75999E+01 1.51999E+00  7.72379E-05  1.54161E+00 
5.76999E+01 1.51499E+00  7.47595E-05  1.53662E+00 
5.77999E+01 1.50999E+00  7.23466E-05  1.53161E+00 
5.78999E+01 1.50499E+00  7.00788E-05  1.52660E+00 
5.79999E+01 1.49999E+00  6.77141E-05  1.52159E+00 
5.80999E+01 1.49499E+00  6.54601E-05  1.51660E+00 
5.81999E+01 1.48999E+00  6.33036E-05  1.51159E+00 
5.82999E+01 1.48499E+00  6.11108E-05  1.50659E+00 
5.83999E+01 1.47999E+00  5.89980E-05  1.50158E+00 
5.84999E+01 1.47499E+00  5.69646E-05  1.49660E+00 
5.85999E+01 1.46999E+00  5.50069E-05  1.49159E+00 
5.86999E+01 1.46499E+00  5.30685E-05  1.48658E+00 
5.87999E+01 1.45999E+00  5.11851E-05  1.48155E+00 
5.88999E+01 1.45499E+00  4.93516E-05  1.47657E+00 
5.89999E+01 1.44999E+00  4.75591E-05  1.47158E+00 
5.90999E+01 1.44499E+00  4.58350E-05  1.46656E+00 
5.91999E+01 1.43999E+00  4.41405E-05  1.46155E+00 
5.92999E+01 1.43499E+00  4.25588E-05  1.45655E+00 
5.93999E+01 1.42999E+00  4.09310E-05  1.45157E+00 
5.94999E+01 1.42499E+00  3.93986E-05  1.44654E+00 
5.95999E+01 1.41999E+00  3.79559E-05  1.44155E+00 
5.96999E+01 1.41499E+00  3.65344E-05  1.43656E+00 
5.97999E+01 1.40999E+00  3.47959E-05  1.43152E+00 
5.98999E+01 1.40499E+00  3.34663E-05  1.42654E+00 
5.99998E+01 1.39999E+00  3.22402E-05  1.42152E+00 
6.00998E+01 1.39499E+00  3.10396E-05  1.41652E+00 
6.01998E+01 1.38999E+00  2.97908E-05  1.41149E+00 
6.02998E+01 1.38499E+00  2.87146E-05  1.40650E+00 
6.03998E+01 1.37999E+00  2.75947E-05  1.40149E+00 
6.04998E+01 1.37499E+00  2.65219E-05  1.39651E+00 
6.05998E+01 1.36999E+00  2.55039E-05  1.39148E+00 
6.06998E+01 1.36499E+00  2.44932E-05  1.38648E+00 
6.07998E+01 1.35999E+00  2.35655E-05  1.38147E+00 
6.08998E+01 1.35499E+00  2.26739E-05  1.37648E+00 
6.09998E+01 1.34999E+00  2.18049E-05  1.37146E+00 
6.10998E+01 1.34499E+00  2.09837E-05  1.36646E+00 
6.11998E+01 1.33999E+00  2.02049E-05  1.36146E+00 
6.12998E+01 1.33499E+00  1.94847E-05  1.35648E+00 
6.13998E+01 1.32999E+00  1.88145E-05  1.35144E+00 
6.14998E+01 1.32499E+00  1.81691E-05  1.34646E+00 
6.15998E+01 1.31999E+00  1.75548E-05  1.34146E+00 
6.16998E+01 1.31499E+00  1.69929E-05  1.33647E+00 
6.17998E+01 1.30999E+00  1.63587E-05  1.33145E+00 
6.18998E+01 1.30499E+00  1.57837E-05  1.32644E+00 
6.19998E+01 1.29999E+00  1.52793E-05  1.32144E+00 
6.20998E+01 1.29499E+00  1.47943E-05  1.31646E+00 
6.21998E+01 1.28999E+00  1.43573E-05  1.31146E+00 
6.22998E+01 1.28499E+00  1.39425E-05  1.30644E+00 
6.23998E+01 1.27999E+00  1.35964E-05  1.30144E+00 
6.24998E+01 1.27499E+00  1.36685E-05  1.29643E+00 
6.25998E+01 1.26999E+00  1.30039E-05  1.29144E+00 
6.26998E+01 1.26499E+00  1.25091E-05  1.28642E+00 
6.27998E+01 1.25999E+00  1.21420E-05  1.28142E+00 
6.28998E+01 1.25499E+00  1.18320E-05  1.27643E+00 
6.29998E+01 1.24999E+00  1.15312E-05  1.27144E+00 
6.30998E+01 1.24499E+00  1.12297E-05  1.26642E+00 
6.31998E+01 1.23999E+00  1.09430E-05  1.26141E+00 
6.32998E+01 1.23499E+00  1.06854E-05  1.25643E+00 
6.33998E+01 1.22999E+00  1.04718E-05  1.25144E+00 
6.34998E+01 1.22499E+00  1.02440E-05  1.24643E+00 
6.35998E+01 1.21999E+00  1.00012E-05  1.24141E+00 
6.36998E+01 1.21499E+00  9.82001E-06  1.23642E+00 
6.37998E+01 1.20999E+00  9.57260E-06  1.23145E+00 
6.38998E+01 1.20499E+00  9.37162E-06  1.22643E+00 
6.39998E+01 1.19999E+00  9.18601E-06  1.22139E+00 
6.40998E+01 1.19500E+00  9.01658E-06  1.21641E+00 
6.41998E+01 1.19000E+00  8.85369E-06  1.21141E+00 
6.42998E+01 1.18500E+00  8.70106E-06  1.20642E+00 
6.43998E+01 1.18000E+00  8.57169E-06  1.20140E+00 
6.44998E+01 1.17500E+00  8.99708E-06  1.19641E+00 
6.45998E+01 1.17000E+00  8.33100E-06  1.19139E+00 
6.46998E+01 1.16500E+00  8.14499E-06  1.18639E+00 
6.47998E+01 1.16000E+00  8.00625E-06  1.18138E+00 
6.48998E+01 1.15500E+00  7.89010E-06  1.17641E+00 
6.49998E+01 1.15000E+00  7.76393E-06  1.17140E+00 
6.50998E+01 1.14500E+00  7.64684E-06  1.16639E+00 
6.51998E+01 1.14000E+00  7.54084E-06  1.16139E+00 
6.52998E+01 1.13500E+00  7.43391E-06  1.15637E+00 
6.53998E+01 1.13000E+00  7.41089E-06  1.15139E+00 
6.54998E+01 1.12500E+00  7.28035E-06  1.14638E+00 
6.55998E+01 1.12000E+00  7.16328E-06  1.14136E+00 
6.56998E+01 1.11500E+00  7.05596E-06  1.13637E+00 
6.57998E+01 1.11000E+00  6.96215E-06  1.13136E+00 
6.58998E+01 1.10500E+00  6.87685E-06  1.12638E+00 
6.59998E+01 1.10000E+00  6.79187E-06  1.12136E+00 
6.60998E+01 1.09500E+00  6.70789E-06  1.11635E+00 
6.61998E+01 1.09000E+00  6.62749E-06  1.11134E+00 
6.62998E+01 1.08500E+00  6.54953E-06  1.10632E+00 
6.63998E+01 1.08000E+00  6.48359E-06  1.10131E+00 
6.64998E+01 1.07500E+00  6.41821E-06  1.09633E+00 
6.65998E+01 1.07000E+00  6.34925E-06  1.09130E+00 
6.66998E+01 1.06500E+00  6.28727E-06  1.08632E+00 
6.67998E+01 1.06000E+00  6.21521E-06  1.08131E+00 
6.68998E+01 1.05500E+00  6.14235E-06  1.07632E+00 
6.69998E+01 1.05000E+00  6.07214E-06  1.07132E+00 
6.70998E+01 1.04500E+00  6.00526E-06  1.06631E+00 
6.71998E+01 1.04000E+00  5.94278E-06  1.06131E+00 
6.72998E+01 1.03500E+00  5.87757E-06  1.05631E+00 
6.73998E+01 1.03000E+00  5.81781E-06  1.05132E+00 
6.74998E+01 1.02500E+00  5.75730E-06  1.04630E+00 
6.75998E+01 1.02000E+00  5.69484E-06  1.04126E+00 
6.76998E+01 1.01500E+00  5.63320E-06  1.03628E+00 
6.77998E+01 1.01000E+00  5.57472E-06  1.03129E+00 
6.78998E+01 1.00500E+00  5.51533E-06  1.02629E+00 
6.79998E+01 9.99995E-01  5.45874E-06  1.02126E+00 
6.80998E+01 9.94996E-01  5.40026E-06  1.01629E+00 
6.81998E+01 9.89996E-01  5.34467E-06  1.01130E+00 
6.82998E+01 9.84996E-01  5.29063E-06  1.00627E+00 
6.83998E+01 9.79996E-01  5.23520E-06  1.00126E+00 
6.84998E+01 9.74996E-01  5.18014E-06  9.96242E-01 
6.85998E+01 9.69996E-01  5.12482E-06  9.91286E-01 
6.86998E+01 9.64996E-01  5.06866E-06  9.86279E-01 
6.87998E+01 9.59996E-01  5.01302E-06  9.81245E-01 
6.88998E+01 9.54996E-01  4.95684E-06  9.76273E-01 
6.89998E+01 9.49996E-01  4.90418E-06  9.71288E-01 
6.90998E+01 9.44996E-01  4.85307E-06  9.66283E-01 
6.91998E+01 9.39996E-01  4.80498E-06  9.61260E-01 
6.92998E+01 9.34996E-01  4.75744E-06  9.56276E-01 
6.93998E+01 9.29996E-01  4.70803E-06  9.51262E-01 
6.94998E+01 9.24996E-01  4.69520E-06  9.46276E-01 
6.95998E+01 9.19996E-01  4.59770E-06  9.41257E-01 
6.96998E+01 9.14996E-01  4.53777E-06  9.36253E-01 
6.97998E+01 9.09996E-01  4.47976E-06  9.31237E-01 
6.98998E+01 9.04996E-01  4.42287E-06  9.26248E-01 
6.99998E+01 8.99996E-01  4.36923E-06  9.21235E-01 
7.00998E+01 8.94996E-01  4.31542E-06  9.16237E-01 
7.01998E+01 8.89996E-01  4.26123E-06  9.11227E-01 
7.02998E+01 8.84996E-01  4.20762E-06  9.06223E-01 
7.03998E+01 8.79996E-01  4.15256E-06  9.01239E-01 
7.04998E+01 8.74996E-01  4.09787E-06  8.96221E-01 
7.05998E+01 8.69996E-01  4.04411E-06  8.91212E-01 
7.06998E+01 8.64996E-01  3.99005E-06  8.86190E-01 
7.07998E+01 8.59996E-01  3.89420E-06  8.81196E-01 
7.08998E+01 8.54996E-01  3.83893E-06  8.76216E-01 
7.09998E+01 8.49996E-01  3.78288E-06  8.71218E-01 
7.10998E+01 8.44996E-01  3.72609E-06  8.66185E-01 
7.11998E+01 8.39996E-01  3.67037E-06  8.61216E-01 
7.12998E+01 8.34996E-01  3.61468E-06  8.56212E-01 
7.13998E+01 8.29996E-01  3.55626E-06  8.51216E-01 
7.14998E+01 8.24996E-01  3.49842E-06  8.46197E-01 
7.15998E+01 8.19996E-01  3.43926E-06  8.41192E-01 
7.16998E+01 8.14996E-01  3.38163E-06  8.36221E-01 
7.17998E+01 8.09996E-01  3.32169E-06  8.31208E-01 
7.18998E+01 8.04996E-01  3.26131E-06  8.26172E-01 
7.19998E+01 7.99996E-01  3.19955E-06  8.21182E-01 
7.20998E+01 7.94996E-01  3.13880E-06  8.16184E-01 
7.21998E+01 7.89996E-01  3.07533E-06  8.11195E-01 
7.22998E+01 7.84996E-01  3.01297E-06  8.06177E-01 
7.23998E+01 7.79996E-01  2.94742E-06  8.01174E-01 
7.24998E+01 7.74996E-01  2.88205E-06  7.96187E-01 
7.25998E+01 7.69996E-01  2.81703E-06  7.91153E-01 
7.26998E+01 7.64996E-01  2.74748E-06  7.86164E-01 
7.27998E+01 7.59996E-01  2.68256E-06  7.81148E-01 
7.28998E+01 7.54996E-01  2.61450E-06  7.76152E-01 
7.29998E+01 7.49996E-01  2.54334E-06  7.71113E-01 
7.30998E+01 7.44996E-01  2.47389E-06  7.66123E-01 
7.31998E+01 7.39996E-01  2.40322E-06  7.61143E-01 
7.32998E+01 7.34996E-01  2.33143E-06  7.56103E-01 
7.33998E+01 7.29996E-01  2.25964E-06  7.51106E-01 
7.34998E+01 7.24996E-01  2.18576E-06  7.46103E-01 
7.35998E+01 7.19996E-01  2.11395E-06  7.41120E-01 
7.36998E+01 7.14996E-01  2.03914E-06  7.36123E-01 
7.37998E+01 7.09996E-01  1.96483E-06  7.31091E-01 
7.38998E+01 7.04996E-01  1.88897E-06  7.26111E-01 
7.39998E+01 6.99996E-01  1.81318E-06  7.21087E-01 
7.40998E+01 6.94996E-01  1.73590E-06  7.16110E-01 
7.41998E+01 6.89996E-01  1.65796E-06  7.11086E-01 
7.42998E+01 6.84996E-01  1.57944E-06  7.06088E-01 
7.43998E+01 6.79996E-01  1.49911E-06  7.01118E-01 
7.44998E+01 6.74996E-01  1.41833E-06  6.96109E-01 
7.45998E+01 6.69996E-01  1.33687E-06  6.91102E-01 
7.46998E+01 6.64996E-01  1.25265E-06  6.86085E-01 
7.47998E+01 6.59996E-01  1.16853E-06  6.81093E-01 
7.48998E+01 6.54996E-01  1.08291E-06  6.76109E-01 
7.49998E+01 6.49996E-01  9.92381E-07  6.71088E-01 
7.50998E+01 6.44996E-01  9.05144E-07  6.66077E-01 
7.51998E+01 6.39996E-01  8.18035E-07  6.61075E-01 
7.52998E+01 6.34996E-01  7.26081E-07  6.56089E-01 
7.53998E+01 6.29996E-01  6.32983E-07  6.51085E-01 
7.54998E+01 6.24996E-01  5.37239E-07  6.46074E-01 
7.55998E+01 6.19996E-01  4.43274E-07  6.41073E-01 
7.56998E+01 6.14996E-01  3.51198E-07  6.36075E-01 
7.57998E+01 6.09996E-01  2.58170E-07  6.31055E-01 
7.58998E+01 6.04996E-01  1.60443E-07  6.26044E-01 
7.59998E+01 5.99996E-01  5.84712E-08  6.21056E-01 
7.60998E+01 5.94997E-01  -4.56317E-08 6.16041E-01 
7.61998E+01 5.89997E-01  -1.52725E-07 6.11021E-01 
7.62998E+01 5.84997E-01  -2.54412E-07 6.06036E-01 
7.63998E+01 5.79997E-01  -3.48352E-07 6.01033E-01 
7.64998E+01 5.74997E-01  -4.54071E-07 5.96045E-01 
7.65998E+01 5.69997E-01  -5.65971E-07 5.91022E-01 
7.66998E+01 5.64997E-01  -6.86148E-07 5.86013E-01 
7.67998E+01 5.59997E-01  -7.93763E-07 5.81032E-01 
7.68998E+01 5.54997E-01  -9.20980E-07 5.76033E-01 
7.69998E+01 5.49997E-01  -1.00712E-06 5.71011E-01 
7.70998E+01 5.44997E-01  -1.12999E-06 5.66016E-01 
7.71998E+01 5.39997E-01  -1.25823E-06 5.61002E-01 
7.72998E+01 5.34997E-01  -1.38746E-06 5.56002E-01 
7.73998E+01 5.29997E-01  -1.53711E-06 5.51002E-01 
7.74998E+01 5.24997E-01  -1.65343E-06 5.45990E-01 
7.75998E+01 5.19997E-01  -1.78036E-06 5.40992E-01 
7.76998E+01 5.14997E-01  -1.91091E-06 5.35971E-01 
7.77998E+01 5.09997E-01  -2.05333E-06 5.30998E-01 
7.78998E+01 5.04997E-01  -2.19863E-06 5.25989E-01 
7.79998E+01 4.99997E-01  -2.35273E-06 5.20973E-01 
7.80998E+01 4.94997E-01  -2.51142E-06 5.15987E-01 
7.81998E+01 4.89997E-01  -2.68737E-06 5.11007E-01 
7.82998E+01 4.84997E-01  -2.85747E-06 5.05979E-01 
7.83998E+01 4.79997E-01  -3.01585E-06 5.00970E-01 
7.84998E+01 4.74997E-01  -3.17397E-06 4.95972E-01 
7.85998E+01 4.69997E-01  -3.34483E-06 4.90991E-01 
7.86998E+01 4.64997E-01  -3.52386E-06 4.85972E-01 
7.87998E+01 4.59997E-01  -3.71095E-06 4.80963E-01 
7.88998E+01 4.54997E-01  -3.90029E-06 4.75966E-01 
7.89998E+01 4.49997E-01  -4.10291E-06 4.70952E-01 
7.90998E+01 4.44997E-01  -4.31976E-06 4.65961E-01 
7.91998E+01 4.39997E-01  -4.50763E-06 4.60940E-01 
7.92998E+01 4.34997E-01  -4.70518E-06 4.55946E-01 
7.93998E+01 4.29997E-01  -4.91202E-06 4.50941E-01 
7.94998E+01 4.24997E-01  -5.12534E-06 4.45911E-01 
7.95998E+01 4.19997E-01  -5.34319E-06 4.40901E-01 
7.96998E+01 4.14997E-01  -5.56028E-06 4.35928E-01 
7.97998E+01 4.09997E-01  -5.78795E-06 4.30903E-01 
7.98998E+01 4.04997E-01  -6.01971E-06 4.25891E-01 
7.99998E+01 3.99997E-01  -6.25639E-06 4.20930E-01 
8.00998E+01 3.94997E-01  -6.50007E-06 4.15931E-01 
8.01998E+01 3.89997E-01  -6.75039E-06 4.10930E-01 
8.02998E+01 3.84997E-01  -7.00318E-06 4.05913E-01 
8.03998E+01 3.79997E-01  -7.26194E-06 4.00916E-01 
8.04998E+01 3.74997E-01  -7.52240E-06 3.95930E-01 
8.05998E+01 3.69997E-01  -7.79216E-06 3.90903E-01 
8.06998E+01 3.64997E-01  -8.06305E-06 3.85922E-01 
8.07998E+01 3.59997E-01  -8.34196E-06 3.80897E-01 
8.08998E+01 3.54997E-01  -8.62684E-06 3.75910E-01 
8.09998E+01 3.49997E-01  -8.91448E-06 3.70940E-01 
8.10998E+01 3.44997E-01  -9.20872E-06 3.65889E-01 
8.11998E+01 3.39997E-01  -9.50636E-06 3.60894E-01 
8.12998E+01 3.34997E-01  -9.80675E-06 3.55902E-01 
8.13998E+01 3.29997E-01  -1.01131E-05 3.50893E-01 
8.14998E+01 3.24997E-01  -1.04271E-05 3.45882E-01 
8.15998E+01 3.19997E-01  -1.07419E-05 3.40904E-01 
8.16998E+01 3.14997E-01  -1.10642E-05 3.35907E-01 
8.17998E+01 3.09997E-01  -1.13918E-05 3.30893E-01 
8.18998E+01 3.04997E-01  -1.17257E-05 3.25887E-01 
8.19998E+01 2.99997E-01  -1.20600E-05 3.20860E-01 
8.20998E+01 2.94997E-01  -1.24002E-05 3.15885E-01 
8.21998E+01 2.89997E-01  -1.27414E-05 3.10884E-01 
8.22998E+01 2.84997E-01  -1.30816E-05 3.05859E-01 
8.23998E+01 2.79997E-01  -1.34306E-05 3.00863E-01 
8.24998E+01 2.74997E-01  -1.37886E-05 2.95845E-01 
8.25998E+01 2.69997E-01  -1.41429E-05 2.90820E-01 
8.26998E+01 2.64997E-01  -1.44985E-05 2.85851E-01 
8.27998E+01 2.59997E-01  -1.48585E-05 2.80843E-01 
8.28998E+01 2.54997E-01  -1.52233E-05 2.75818E-01 
8.29998E+01 2.49997E-01  -1.55925E-05 2.70812E-01 
8.30998E+01 2.44997E-01  -1.59607E-05 2.65799E-01 
8.31998E+01 2.39997E-01  -1.63345E-05 2.60816E-01 
8.32998E+01 2.34997E-01  -1.67064E-05 2.55837E-01 
8.33998E+01 2.29997E-01  -1.70845E-05 2.50820E-01 
8.34998E+01 2.24997E-01  -1.74661E-05 2.45823E-01 
8.35998E+01 2.19997E-01  -1.78541E-05 2.40809E-01 
8.36998E+01 2.14997E-01  -1.82414E-05 2.35814E-01 
8.37998E+01 2.09997E-01  -1.86329E-05 2.30806E-01 
8.38998E+01 2.04997E-01  -1.90251E-05 2.25802E-01 
8.39998E+01 1.99997E-01  -1.94219E-05 2.20816E-01 
8.40998E+01 1.94998E-01  -1.98230E-05 2.15802E-01 
8.41998E+01 1.89998E-01  -2.02260E-05 2.10821E-01 
8.42998E+01 1.84998E-01  -2.06347E-05 2.05807E-01 
8.43998E+01 1.79998E-01  -2.10477E-05 2.00826E-01 
8.44998E+01 1.74998E-01  -2.14308E-05 1.95803E-01 
8.45998E+01 1.69998E-01  -2.18518E-05 1.90809E-01 
8.46998E+01 1.64998E-01  -2.22782E-05 1.85815E-01 
8.47998E+01 1.59998E-01  -2.27089E-05 1.80806E-01 
8.48998E+01 1.54998E-01  -2.31447E-05 1.75815E-01 
8.49998E+01 1.49998E-01  -2.35846E-05 1.70775E-01 
8.50998E+01 1.44998E-01  -2.40296E-05 1.65792E-01 
8.51998E+01 1.39998E-01  -2.44812E-05 1.60795E-01 
8.52998E+01 1.34998E-01  -2.49398E-05 1.55772E-01 
8.53998E+01 1.29998E-01  -2.54020E-05 1.50749E-01 
8.54998E+01 1.24998E-01  -2.58671E-05 1.45771E-01 
8.55998E+01 1.19998E-01  -2.63393E-05 1.40770E-01 
8.56998E+01 1.14998E-01  -2.68190E-05 1.35754E-01 
8.57998E+01 1.09998E-01  -2.73019E-05 1.30746E-01 
8.58998E+01 1.04998E-01  -2.77952E-05 1.25758E-01 
8.59998E+01 9.99977E-02  -2.82957E-05 1.20777E-01 
8.60998E+01 9.49978E-02  -2.88045E-05 1.15748E-01 
8.61998E+01 8.99978E-02  -2.93247E-05 1.10744E-01 
8.62998E+01 8.49978E-02  -2.98444E-05 1.05746E-01 
8.63998E+01 7.99978E-02  -3.03748E-05 1.00743E-01 
8.64998E+01 7.49978E-02  -3.09071E-05 9.57477E-02 
8.65998E+01 6.99978E-02  -3.14553E-05 9.07212E-02 
8.66998E+01 6.49978E-02  -3.20077E-05 8.57271E-02 
8.67998E+01 5.99978E-02  -3.25656E-05 8.07374E-02 
8.68998E+01 5.49979E-02  -3.31327E-05 7.57265E-02 
8.69998E+01 4.99979E-02  -3.37100E-05 7.07169E-02 
8.70998E+01 4.49979E-02  -3.42922E-05 6.57172E-02 
8.71998E+01 3.99979E-02  -3.48831E-05 6.07238E-02 
8.72998E+01 3.49979E-02  -3.54743E-05 5.57366E-02 
8.73998E+01 2.99979E-02  -3.60736E-05 5.07169E-02 
8.74998E+01 2.49979E-02  -3.66764E-05 4.57079E-02 
8.75998E+01 1.99979E-02  -3.72864E-05 4.07307E-02 
8.76998E+01 1.49980E-02  -3.79020E-05 3.57010E-02 
8.77998E+01 9.99797E-03  -3.85279E-05 3.07238E-02 
8.78998E+01 4.99799E-03  -3.91598E-05 2.56942E-02 
8.79998E+01 -2.00000E-06 -3.98032E-05 2.07401E-02 
8.80998E+01 -5.00199E-03 -4.04632E-05 1.57055E-02 
8.81998E+01 -1.00020E-02 -4.11476E-05 1.06933E-02 
8.82998E+01 -1.50020E-02 -4.18609E-05 5.67803E-03 
8.83998E+01 -2.00020E-02 -4.25999E-05 6.90889E-04 
8.84998E+01 -2.50019E-02 -4.33673E-05 -4.31066E-03
8.85998E+01 -3.00019E-02 -4.41642E-05 -9.33470E-03
8.86998E+01 -3.50019E-02 -4.50052E-05 -1.43468E-02
8.87998E+01 -4.00019E-02 -4.58808E-05 -1.93509E-02
8.88998E+01 -4.50019E-02 -4.67968E-05 -2.43293E-02
8.89998E+01 -5.00019E-02 -4.77564E-05 -2.93334E-02
8.90998E+01 -5.50019E-02 -4.87618E-05 -3.43449E-02
8.91998E+01 -6.00019E-02 -4.98022E-05 -3.93602E-02
8.92998E+01 -6.50018E-02 -5.08799E-05 -4.43374E-02
8.93998E+01 -7.00018E-02 -5.20059E-05 -4.93277E-02
8.94998E+01 -7.50018E-02 -5.31814E-05 -5.43380E-02
8.95998E+01 -8.00018E-02 -5.44091E-05 -5.93570E-02
8.96998E+01 -8.50018E-02 -5.56830E-05 -6.43567E-02
8.97998E+01 -9.00018E-02 -5.70158E-05 -6.93670E-02
8.98998E+01 -9.50018E-02 -5.83969E-05 -7.43535E-02
8.99998E+01 -1.00002E-01 -5.98368E-05 -7.93632E-02
9.00998E+01 -1.05002E-01 -6.13269E-05 -8.43548E-02
9.01998E+01 -1.10002E-01 -6.28781E-05 -8.93551E-02
9.02998E+01 -1.15002E-01 -6.44912E-05 -9.43610E-02
9.03998E+01 -1.20002E-01 -6.61700E-05 -9.93769E-02
9.04998E+01 -1.25002E-01 -6.79173E-05 -1.04370E-01
9.05998E+01 -1.30002E-01 -6.97432E-05 -1.09336E-01
9.06998E+01 -1.35002E-01 -7.16680E-05 -1.14362E-01
9.07998E+01 -1.40002E-01 -7.37059E-05 -1.19386E-01
9.08998E+01 -1.45002E-01 -7.58733E-05 -1.24368E-01
9.09998E+01 -1.50002E-01 -7.82104E-05 -1.29349E-01
9.10998E+01 -1.55002E-01 -8.07487E-05 -1.34361E-01
9.11998E+01 -1.60002E-01 -8.35212E-05 -1.39379E-01
9.12998E+01 -1.65002E-01 -8.65675E-05 -1.44376E-01
9.13998E+01 -1.70002E-01 -8.99162E-05 -1.49365E-01
9.14998E+01 -1.75002E-01 -9.35783E-05 -1.54389E-01
9.15998E+01 -1.80002E-01 -9.75468E-05 -1.59385E-01
9.16998E+01 -1.85002E-01 -1.01810E-04 -1.64412E-01
9.17998E+01 -1.90002E-01 -1.06330E-04 -1.69382E-01
9.18998E+01 -1.95002E-01 -1.11069E-04 -1.74417E-01
9.19998E+01 -2.00002E-01 -1.15971E-04 -1.79423E-01
9.20998E+01 -2.05001E-01 -1.20996E-04 -1.84394E-01
9.21998E+01 -2.10001E-01 -1.26100E-04 -1.89398E-01
9.22998E+01 -2.15001E-01 -1.31246E-04 -1.94412E-01
9.23998E+01 -2.20001E-01 -1.36417E-04 -1.99431E-01
9.24998E+01 -2.25001E-01 -1.41580E-04 -2.04419E-01
9.25998E+01 -2.30001E-01 -1.46738E-04 -2.09408E-01
9.26998E+01 -2.35001E-01 -1.51867E-04 -2.14438E-01
9.27998E+01 -2.40001E-01 -1.56956E-04 -2.19441E-01
9.28998E+01 -2.45001E-01 -1.62007E-04 -2.24439E-01
9.29998E+01 -2.50001E-01 -1.67019E-04 -2.29434E-01
9.30998E+01 -2.55001E-01 -1.71982E-04 -2.34437E-01
9.31998E+01 -2.60001E-01 -1.76900E-04 -2.39458E-01
9.32998E+01 -2.65001E-01 -1.81765E-04 -2.44429E-01
9.33998E+01 -2.70001E-01 -1.86589E-04 -2.49434E-01
9.34998E+01 -2.75001E-01 -1.91337E-04 -2.54438E-01
9.35998E+01 -2.80001E-01 -1.95992E-04 -2.59457E-01
9.36998E+01 -2.85001E-01 -2.00566E-04 -2.64440E-01
9.37998E+01 -2.90001E-01 -2.05071E-04 -2.69446E-01
9.38998E+01 -2.95001E-01 -2.09466E-04 -2.74466E-01
9.39998E+01 -3.00001E-01 -2.13782E-04 -2.79471E-01
9.40998E+01 -3.05001E-01 -2.17563E-04 -2.84481E-01
9.41998E+01 -3.10001E-01 -2.21718E-04 -2.89467E-01
9.42998E+01 -3.15001E-01 -2.25820E-04 -2.94478E-01
9.43998E+01 -3.20001E-01 -2.29810E-04 -2.99484E-01
9.44998E+01 -3.25001E-01 -2.33742E-04 -3.04501E-01
9.45998E+01 -3.30001E-01 -2.37588E-04 -3.09503E-01
9.46998E+01 -3.35001E-01 -2.41376E-04 -3.14498E-01
9.47998E+01 -3.40001E-01 -2.45021E-04 -3.19499E-01
9.48998E+01 -3.45001E-01 -2.48560E-04 -3.24487E-01
9.49998E+01 -3.50001E-01 -2.51941E-04 -3.29520E-01
9.50998E+01 -3.55001E-01 -2.55168E-04 -3.34496E-01
9.51998E+01 -3.60001E-01 -2.58111E-04 -3.39509E-01
9.52998E+01 -3.65001E-01 -2.60770E-04 -3.44504E-01
9.53998E+01 -3.70001E-01 -2.63009E-04 -3.49522E-01
9.54998E+01 -3.75001E-01 -2.64632E-04 -3.54536E-01
9.55998E+01 -3.80001E-01 -2.65338E-04 -3.59507E-01
9.56998E+01 -3.85001E-01 -2.64520E-04 -3.64508E-01
9.57998E+01 -3.90001E-01 -2.61034E-04 -3.69532E-01
9.58998E+01 -3.95001E-01 -2.52795E-04 -3.74549E-01
9.59998E+01 -4.00001E-01 -2.36888E-04 -3.79524E-01
9.60998E+01 -4.05001E-01 -2.12489E-04 -3.84513E-01
9.61998E+01 -4.10001E-01 -1.84400E-04 -3.89524E-01
9.62998E+01 -4.15001E-01 -1.58889E-04 -3.94535E-01
9.63998E+01 -4.20001E-01 -1.38012E-04 -3.99535E-01
9.64998E+01 -4.25001E-01 -1.21148E-04 -4.04507E-01
9.65998E+01 -4.30001E-01 -1.07457E-04 -4.09519E-01
9.66998E+01 -4.35001E-01 -9.62717E-05 -4.14542E-01
9.67998E+01 -4.40001E-01 -8.69334E-05 -4.19536E-01
9.68998E+01 -4.45001E-01 -7.90837E-05 -4.24520E-01
9.69998E+01 -4.50001E-01 -7.23942E-05 -4.29527E-01
9.70998E+01 -4.55001E-01 -6.67254E-05 -4.34537E-01
9.71998E+01 -4.60001E-01 -6.18948E-05 -4.39514E-01
9.72998E+01 -4.65001E-01 -5.77686E-05 -4.44529E-01
9.73998E+01 -4.70001E-01 -5.42478E-05 -4.49497E-01
9.74998E+01 -4.75001E-01 -5.12487E-05 -4.54516E-01
9.75998E+01 -4.80001E-01 -4.86579E-05 -4.59529E-01
9.76998E+01 -4.85001E-01 -4.64393E-05 -4.64517E-01
9.77998E+01 -4.90001E-01 -4.45501E-05 -4.69522E-01
9.78998E+01 -4.95001E-01 -4.28811E-05 -4.74549E-01
9.79998E+01 -5.00001E-01 -4.14329E-05 -4.79551E-01
9.80998E+01 -5.05001E-01 -4.01583E-05 -4.84568E-01
9.81998E+01 -5.10001E-01 -3.90232E-05 -4.89562E-01
9.82998E+01 -5.15001E-01 -3.80165E-05 -4.94546E-01
9.83998E+01 -5.20001E-01 -3.75449E-05 -4.99568E-01
9.84998E+01 -5.25001E-01 -3.67380E-05 -5.04576E-01
9.85998E+01 -5.30001E-01 -3.60089E-05 -5.09594E-01
9.86998E+01 -5.35001E-01 -3.53409E-05 -5.14594E-01
9.87998E+01 -5.40001E-01 -3.47300E-05 -5.19581E-01
9.88998E+01 -5.45001E-01 -3.41720E-05 -5.24589E-01
9.89998E+01 -5.50001E-01 -3.36538E-05 -5.29583E-01
9.90998E+01 -5.55001E-01 -3.31780E-05 -5.34597E-01
9.91998E+01 -5.60001E-01 -3.29729E-05 -5.39588E-01
9.92998E+01 -5.65001E-01 -3.25949E-05 -5.44580E-01
9.93998E+01 -5.70001E-01 -3.19922E-05 -5.49601E-01
9.94998E+01 -5.75001E-01 -3.16379E-05 -5.54628E-01
9.95998E+01 -5.80001E-01 -3.13149E-05 -5.59621E-01
9.96998E+01 -5.85001E-01 -3.10234E-05 -5.64600E-01
9.97998E+01 -5.90001E-01 -3.07665E-05 -5.69609E-01
9.98998E+01 -5.95001E-01 -3.05525E-05 -5.74633E-01
9.99997E+01 -6.00001E-01 -3.03462E-05 -5.79618E-01
1.00100E+02 -6.05000E-01 -3.01761E-05 -5.84618E-01
1.00200E+02 -6.10000E-01 -3.00380E-05 -5.89640E-01
1.00300E+02 -6.15000E-01 -2.99121E-05 -5.94639E-01
1.00400E+02 -6.20000E-01 -2.98103E-05 -5.99619E-01
1.00500E+02 -6.25000E-01 -2.97213E-05 -6.04618E-01
1.00600E+02 -6.30000E-01 -2.96617E-05 -6.09620E-01
1.00700E+02 -6.35000E-01 -2.96343E-05 -6.14628E-01
1.00800E+02 -6.40000E-01 -2.96283E-05 -6.19624E-01
1.00900E+02 -6.45000E-01 -2.96591E-05 -6.24642E-01
1.01000E+02 -6.50000E-01 -2.96852E-05 -6.29635E-01
1.01100E+02 -6.55000E-01 -2.97537E-05 -6.34649E-01
1.01200E+02 -6.60000E-01 -2.98090E-05 -6.39659E-01
1.01300E+02 -6.65000E-01 -2.98707E-05 -6.44636E-01
1.01400E+02 -6.70000E-01 -2.99483E-05 -6.49668E-01
1.01500E+02 -6.75000E-01 -3.00599E-05 -6.54673E-01
1.01600E+02 -6.80000E-01 -3.01985E-05 -6.59692E-01
1.01700E+02 -6.85000E-01 -3.03268E-05 -6.64670E-01
1.01800E+02 -6.90000E-01 -3.04588E-05 -6.69665E-01
1.01900E+02 -6.95000E-01 -3.06063E-05 -6.74681E-01
1.02000E+02 -7.00000E-01 -3.07656E-05 -6.79700E-01
1.02100E+02 -7.05000E-01 -3.09276E-05 -6.84677E-01
1.02200E+02 -7.10000E-01 -3.10983E-05 -6.89684E-01
1.02300E+02 -7.15000E-01 -3.12713E-05 -6.94717E-01
1.02400E+02 -7.20000E-01 -3.14569E-05 -6.99716E-01
1.02500E+02 -7.25000E-01 -3.16317E-05 -7.04712E-01
1.02600E+02 -7.30000E-01 -3.18027E-05 -7.09679E-01
1.02700E+02 -7.35000E-01 -3.19805E-05 -7.14698E-01
1.02800E+02 -7.40000E-01 -3.21585E-05 -7.19708E-01
1.02900E+02 -7.45000E-01 -3.23351E-05 -7.24699E-01
1.03000E+02 -7.50000E-01 -3.25070E-05 -7.29691E-01
1.03100E+02 -7.55000E-01 -3.26815E-05 -7.34703E-01
1.03200E+02 -7.60000E-01 -3.28478E-05 -7.39708E-01
1.03300E+02 -7.65000E-01 -3.30077E-05 -7.44711E-01
1.03400E+02 -7.70000E-01 -3.31611E-05 -7.49684E-01
1.03500E+02 -7.75000E-01 -3.33094E-05 -7.54710E-01
1.03600E+02 -7.80000E-01 -3.34603E-05 -7.59698E-01
1.03700E+02 -7.85000E-01 -3.36035E-05 -7.64718E-01
1.03800E+02 -7.90000E-01 -3.37533E-05 -7.69691E-01
1.03900E+02 -7.95000E-01 -3.38859E-05 -7.74698E-01
