time/s      E/V        I/A
0.00000E+00 -8.00000E-01 -3.37565E-05 -7.64083E-01
9.99997E-02 -7.95000E-01 -3.24186E-05 -7.59064E-01
1.99999E-01 -7.90000E-01 -3.13374E-05 -7.54070E-01
2.99999E-01 -7.85000E-01 -3.03907E-05 -7.49074E-01
3.99999E-01 -7.80000E-01 -2.95239E-05 -7.44063E-01
4.99999E-01 -7.75000E-01 -2.87242E-05 -7.39052E-01
5.99998E-01 -7.70000E-01 -2.79827E-05 -7.34056E-01
6.99998E-01 -7.65000E-01 -2.72837E-05 -7.29041E-01
7.99998E-01 -7.60000E-01 -2.66217E-05 -7.24060E-01
8.99998E-01 -7.55000E-01 -2.59924E-05 -7.19053E-01
9.99997E-01 -7.50000E-01 -2.53976E-05 -7.14048E-01
1.10000E+00 -7.45000E-01 -2.48269E-05 -7.09043E-01
1.20000E+00 -7.40000E-01 -2.42894E-05 -7.04039E-01
1.30000E+00 -7.35000E-01 -2.37574E-05 -6.99034E-01
1.40000E+00 -7.30000E-01 -2.32459E-05 -6.94037E-01
1.50000E+00 -7.25000E-01 -2.27573E-05 -6.89029E-01
1.60000E+00 -7.20000E-01 -2.22863E-05 -6.84047E-01
1.70000E+00 -7.15000E-01 -2.18299E-05 -6.79043E-01
1.80000E+00 -7.10000E-01 -2.13885E-05 -6.74048E-01
1.90000E+00 -7.05000E-01 -2.09613E-05 -6.69014E-01
1.99999E+00 -7.00000E-01 -2.05453E-05 -6.64032E-01
2.09999E+00 -6.95000E-01 -2.01438E-05 -6.59043E-01
2.19999E+00 -6.90000E-01 -1.97479E-05 -6.54021E-01
2.29999E+00 -6.85000E-01 -1.93628E-05 -6.49006E-01
2.39999E+00 -6.80000E-01 -1.89907E-05 -6.43998E-01
2.49999E+00 -6.75000E-01 -1.86233E-05 -6.39001E-01
2.59999E+00 -6.70000E-01 -1.82615E-05 -6.34014E-01
2.69999E+00 -6.65000E-01 -1.79110E-05 -6.29004E-01
2.79999E+00 -6.60000E-01 -1.75676E-05 -6.23972E-01
2.89999E+00 -6.55000E-01 -1.72361E-05 -6.18964E-01
2.99999E+00 -6.50000E-01 -1.69029E-05 -6.13993E-01
3.09999E+00 -6.45000E-01 -1.65776E-05 -6.08976E-01
3.19999E+00 -6.40000E-01 -1.62553E-05 -6.03968E-01
3.29999E+00 -6.35000E-01 -1.59417E-05 -5.98969E-01
3.39999E+00 -6.30000E-01 -1.56322E-05 -5.93977E-01
3.49999E+00 -6.25000E-01 -1.53258E-05 -5.88964E-01
3.59999E+00 -6.20000E-01 -1.50264E-05 -5.83933E-01
3.69999E+00 -6.15000E-01 -1.47291E-05 -5.78959E-01
3.79999E+00 -6.10000E-01 -1.44379E-05 -5.73985E-01
3.89999E+00 -6.05000E-01 -1.41497E-05 -5.68977E-01
3.99999E+00 -6.00001E-01 -1.38672E-05 -5.63948E-01
4.09999E+00 -5.95001E-01 -1.35870E-05 -5.58952E-01
4.19999E+00 -5.90001E-01 -1.33105E-05 -5.53966E-01
4.29999E+00 -5.85001E-01 -1.30385E-05 -5.48968E-01
4.39999E+00 -5.80001E-01 -1.27720E-05 -5.43941E-01
4.49999E+00 -5.75001E-01 -1.25052E-05 -5.38975E-01
4.59999E+00 -5.70001E-01 -1.22433E-05 -5.33967E-01
4.69999E+00 -5.65001E-01 -1.19862E-05 -5.28962E-01
4.79999E+00 -5.60001E-01 -1.17318E-05 -5.23953E-01
4.89999E+00 -5.55001E-01 -1.14815E-05 -5.18946E-01
4.99999E+00 -5.50001E-01 -1.12344E-05 -5.13938E-01
5.09999E+00 -5.45001E-01 -1.09933E-05 -5.08971E-01
5.19999E+00 -5.40001E-01 -1.07545E-05 -5.03951E-01
5.29999E+00 -5.35001E-01 -1.05209E-05 -4.98949E-01
5.39999E+00 -5.30001E-01 -1.02897E-05 -4.93894E-01
5.49999E+00 -5.25001E-01 -1.00634E-05 -4.88918E-01
5.59999E+00 -5.20001E-01 -9.83965E-06 -4.83904E-01
5.69999E+00 -5.15001E-01 -9.62113E-06 -4.78911E-01
5.79999E+00 -5.10001E-01 -9.40563E-06 -4.73911E-01
5.89999E+00 -5.05001E-01 -9.19523E-06 -4.68875E-01
5.99998E+00 -5.00001E-01 -8.98775E-06 -4.63883E-01
6.09998E+00 -4.95001E-01 -8.78228E-06 -4.58880E-01
6.19998E+00 -4.90001E-01 -8.58008E-06 -4.53889E-01
6.29998E+00 -4.85001E-01 -8.38170E-06 -4.48885E-01
6.39998E+00 -4.80001E-01 -8.18597E-06 -4.43864E-01
6.49998E+00 -4.75001E-01 -7.99524E-06 -4.38866E-01
6.59998E+00 -4.70001E-01 -7.80267E-06 -4.33864E-01
6.69998E+00 -4.65001E-01 -7.61166E-06 -4.28854E-01
6.79998E+00 -4.60001E-01 -7.42826E-06 -4.23850E-01
6.89998E+00 -4.55001E-01 -7.24380E-06 -4.18857E-01
6.99998E+00 -4.50001E-01 -7.06080E-06 -4.13884E-01
7.09998E+00 -4.45001E-01 -6.88017E-06 -4.08837E-01
7.19998E+00 -4.40001E-01 -6.70108E-06 -4.03854E-01
7.29998E+00 -4.35001E-01 -6.52080E-06 -3.98860E-01
7.39998E+00 -4.30001E-01 -6.34232E-06 -3.93859E-01
7.49998E+00 -4.25001E-01 -6.16384E-06 -3.88839E-01
7.59998E+00 -4.20001E-01 -5.99308E-06 -3.83818E-01
7.69998E+00 -4.15001E-01 -5.81817E-06 -3.78861E-01
7.79998E+00 -4.10001E-01 -5.64359E-06 -3.73863E-01
7.89998E+00 -4.05001E-01 -5.47123E-06 -3.68841E-01
7.99998E+00 -4.00001E-01 -5.29882E-06 -3.63828E-01
8.09998E+00 -3.95001E-01 -5.13151E-06 -3.58823E-01
8.19998E+00 -3.90001E-01 -4.96163E-06 -3.53832E-01
8.29998E+00 -3.85001E-01 -4.78340E-06 -3.48844E-01
8.39998E+00 -3.80001E-01 -4.62949E-06 -3.43805E-01
8.49998E+00 -3.75001E-01 -4.46343E-06 -3.38814E-01
8.59998E+00 -3.70001E-01 -4.29499E-06 -3.33817E-01
8.69998E+00 -3.65001E-01 -4.12248E-06 -3.28830E-01
8.79998E+00 -3.60001E-01 -3.96347E-06 -3.23807E-01
8.89998E+00 -3.55001E-01 -3.80941E-06 -3.18799E-01
8.99998E+00 -3.50001E-01 -3.64997E-06 -3.13794E-01
9.09998E+00 -3.45001E-01 -3.53742E-06 -3.08802E-01
9.19998E+00 -3.40001E-01 -3.37858E-06 -3.03819E-01
9.29998E+00 -3.35001E-01 -3.21377E-06 -2.98792E-01
9.39998E+00 -3.30001E-01 -3.07260E-06 -2.93793E-01
9.49998E+00 -3.25001E-01 -2.93677E-06 -2.88801E-01
9.59998E+00 -3.20001E-01 -2.78276E-06 -2.83803E-01
9.69998E+00 -3.15001E-01 -2.62664E-06 -2.78800E-01
9.79998E+00 -3.10001E-01 -2.46726E-06 -2.73776E-01
9.89998E+00 -3.05001E-01 -2.32698E-06 -2.68795E-01
9.99997E+00 -3.00001E-01 -2.18828E-06 -2.63807E-01
1.01000E+01 -2.95001E-01 -2.04654E-06 -2.58813E-01
1.02000E+01 -2.90001E-01 -1.90225E-06 -2.53793E-01
1.03000E+01 -2.85001E-01 -1.75875E-06 -2.48799E-01
1.04000E+01 -2.80001E-01 -1.61511E-06 -2.43785E-01
1.05000E+01 -2.75001E-01 -1.47359E-06 -2.38793E-01
1.06000E+01 -2.70001E-01 -1.32822E-06 -2.33778E-01
1.07000E+01 -2.65001E-01 -1.18206E-06 -2.28774E-01
1.08000E+01 -2.60001E-01 -1.03594E-06 -2.23760E-01
1.09000E+01 -2.55001E-01 -8.85722E-07 -2.18771E-01
1.10000E+01 -2.50001E-01 -7.34572E-07 -2.13746E-01
1.11000E+01 -2.45001E-01 -5.84043E-07 -2.08742E-01
1.12000E+01 -2.40001E-01 -4.31881E-07 -2.03754E-01
1.13000E+01 -2.35001E-01 -2.78243E-07 -1.98750E-01
1.14000E+01 -2.30001E-01 -1.46712E-07 -1.93751E-01
1.15000E+01 -2.25001E-01 2.04075E-08  -1.88743E-01
1.16000E+01 -2.20001E-01 2.01057E-07  -1.83762E-01
1.17000E+01 -2.15001E-01 3.59680E-07  -1.78756E-01
1.18000E+01 -2.10001E-01 5.22095E-07  -1.73724E-01
1.19000E+01 -2.05001E-01 6.90408E-07  -1.68733E-01
1.20000E+01 -2.00002E-01 8.71448E-07  -1.63736E-01
1.21000E+01 -1.95002E-01 1.01611E-06  -1.58712E-01
1.22000E+01 -1.90002E-01 1.19754E-06  -1.53703E-01
1.23000E+01 -1.85002E-01 1.38236E-06  -1.48698E-01
1.24000E+01 -1.80002E-01 1.56064E-06  -1.43725E-01
1.25000E+01 -1.75002E-01 1.72452E-06  -1.38700E-01
1.26000E+01 -1.70002E-01 1.88966E-06  -1.33691E-01
1.27000E+01 -1.65002E-01 2.09394E-06  -1.28700E-01
1.28000E+01 -1.60002E-01 2.26646E-06  -1.23710E-01
1.29000E+01 -1.55002E-01 2.47174E-06  -1.18706E-01
1.30000E+01 -1.50002E-01 2.67773E-06  -1.13703E-01
1.31000E+01 -1.45002E-01 2.87452E-06  -1.08702E-01
1.32000E+01 -1.40002E-01 3.00279E-06  -1.03715E-01
1.33000E+01 -1.35002E-01 3.21815E-06  -9.86992E-02
1.34000E+01 -1.30002E-01 3.37147E-06  -9.36908E-02
1.35000E+01 -1.25002E-01 3.61129E-06  -8.86867E-02
1.36000E+01 -1.20002E-01 3.86478E-06  -8.36908E-02
1.37000E+01 -1.15002E-01 4.09883E-06  -7.86993E-02
1.38000E+01 -1.10002E-01 4.28372E-06  -7.36808E-02
1.39000E+01 -1.05002E-01 4.50987E-06  -6.86537E-02
1.40000E+01 -1.00002E-01 4.79260E-06  -6.36803E-02
1.41000E+01 -9.50018E-02 5.10860E-06  -5.86731E-02
1.42000E+01 -9.00018E-02 5.47466E-06  -5.36890E-02
1.43000E+01 -8.50018E-02 5.85262E-06  -4.86975E-02
1.44000E+01 -8.00018E-02 6.18346E-06  -4.36866E-02
1.45000E+01 -7.50018E-02 6.50232E-06  -3.86607E-02
1.46000E+01 -7.00018E-02 6.99078E-06  -3.36529E-02
1.47000E+01 -6.50018E-02 7.41087E-06  -2.86695E-02
1.48000E+01 -6.00019E-02 7.88148E-06  -2.36735E-02
1.49000E+01 -5.50019E-02 8.42543E-06  -1.86745E-02
1.50000E+01 -5.00019E-02 8.98500E-06  -1.36779E-02
1.51000E+01 -4.50019E-02 9.51959E-06  -8.65893E-03
1.52000E+01 -4.00019E-02 1.01023E-05  -3.64362E-03
1.53000E+01 -3.50019E-02 1.07788E-05  1.36103E-03 
1.54000E+01 -3.00019E-02 1.14664E-05  6.32508E-03 
1.55000E+01 -2.50019E-02 1.22472E-05  1.13560E-02 
1.56000E+01 -2.00020E-02 1.30721E-05  1.63326E-02 
1.57000E+01 -1.50020E-02 1.39265E-05  2.13566E-02 
1.58000E+01 -1.00020E-02 1.48204E-05  2.63344E-02 
1.59000E+01 -5.00199E-03 1.57948E-05  3.13478E-02 
1.60000E+01 -2.00000E-06 1.68043E-05  3.63525E-02 
1.61000E+01 4.99799E-03  1.78748E-05  4.13790E-02 
1.62000E+01 9.99797E-03  1.89918E-05  4.63474E-02 
1.63000E+01 1.49980E-02  2.01434E-05  5.13589E-02 
1.64000E+01 1.99979E-02  2.13149E-05  5.63849E-02 
1.65000E+01 2.49979E-02  2.25573E-05  6.13858E-02 
1.66000E+01 2.99979E-02  2.37774E-05  6.63474E-02 
1.67000E+01 3.49979E-02  2.49935E-05  7.13726E-02 
1.68000E+01 3.99979E-02  2.62095E-05  7.63661E-02 
1.69000E+01 4.49979E-02  2.74058E-05  8.13826E-02 
1.70000E+01 4.99979E-02  2.85740E-05  8.63792E-02 
1.71000E+01 5.49979E-02  2.96902E-05  9.13713E-02 
1.72000E+01 5.99978E-02  3.07563E-05  9.63929E-02 
1.73000E+01 6.49978E-02  3.17679E-05  1.01387E-01 
1.74000E+01 6.99978E-02  3.27046E-05  1.06372E-01 
1.75000E+01 7.49978E-02  3.35742E-05  1.11373E-01 
1.76000E+01 7.99978E-02  3.43834E-05  1.16387E-01 
1.77000E+01 8.49978E-02  3.51348E-05  1.21408E-01 
1.78000E+01 8.99978E-02  3.58305E-05  1.26375E-01 
1.79000E+01 9.49978E-02  3.64888E-05  1.31396E-01 
1.80000E+01 9.99977E-02  3.71143E-05  1.36411E-01 
1.81000E+01 1.04998E-01  3.77151E-05  1.41412E-01 
1.82000E+01 1.09998E-01  3.83007E-05  1.46412E-01 
1.83000E+01 1.14998E-01  3.88621E-05  1.51422E-01 
1.84000E+01 1.19998E-01  3.93879E-05  1.56439E-01 
1.85000E+01 1.24998E-01  3.98757E-05  1.61464E-01 
1.86000E+01 1.29998E-01  4.03080E-05  1.66461E-01 
1.87000E+01 1.34998E-01  4.06667E-05  1.71439E-01 
1.88000E+01 1.39998E-01  4.09316E-05  1.76473E-01 
1.89000E+01 1.44998E-01  4.10956E-05  1.81458E-01 
1.90000E+01 1.49998E-01  4.11400E-05  1.86476E-01 
1.91000E+01 1.54998E-01  4.10623E-05  1.91467E-01 
1.92000E+01 1.59998E-01  4.08663E-05  1.96482E-01 
1.93000E+01 1.64998E-01  4.05936E-05  2.01485E-01 
1.94000E+01 1.69998E-01  4.02532E-05  2.06489E-01 
1.95000E+01 1.74998E-01  3.98962E-05  2.11491E-01 
1.96000E+01 1.79998E-01  3.95500E-05  2.16479E-01 
1.97000E+01 1.84998E-01  3.92475E-05  2.21506E-01 
1.98000E+01 1.89998E-01  3.90049E-05  2.26493E-01 
1.99000E+01 1.94998E-01  3.88354E-05  2.31468E-01 
1.99999E+01 1.99997E-01  3.87596E-05  2.36500E-01 
2.00999E+01 2.04997E-01  3.87864E-05  2.41489E-01 
2.01999E+01 2.09997E-01  3.89156E-05  2.46472E-01 
2.02999E+01 2.14997E-01  3.91454E-05  2.51474E-01 
2.03999E+01 2.19997E-01  3.94586E-05  2.56485E-01 
2.04999E+01 2.24997E-01  3.98360E-05  2.61486E-01 
2.05999E+01 2.29997E-01  4.02535E-05  2.66473E-01 
2.06999E+01 2.34997E-01  4.07018E-05  2.71481E-01 
2.07999E+01 2.39997E-01  4.11615E-05  2.76483E-01 
2.08999E+01 2.44997E-01  4.16246E-05  2.81501E-01 
2.09999E+01 2.49997E-01  4.20801E-05  2.86493E-01 
2.10999E+01 2.54997E-01  4.25259E-05  2.91478E-01 
2.11999E+01 2.59997E-01  4.29528E-05  2.96491E-01 
2.12999E+01 2.64997E-01  4.33576E-05  3.01508E-01 
2.13999E+01 2.69997E-01  4.37387E-05  3.06508E-01 
2.14999E+01 2.74997E-01  4.40935E-05  3.11517E-01 
2.15999E+01 2.79997E-01  4.44195E-05  3.16538E-01 
2.16999E+01 2.84997E-01  4.47201E-05  3.21522E-01 
2.17999E+01 2.89997E-01  4.49879E-05  3.26526E-01 
2.18999E+01 2.94997E-01  4.52273E-05  3.31537E-01 
2.19999E+01 2.99997E-01  4.54380E-05  3.36534E-01 
2.20999E+01 3.04997E-01  4.56222E-05  3.41538E-01 
2.21999E+01 3.09997E-01  4.57726E-05  3.46535E-01 
2.22999E+01 3.14997E-01  4.58969E-05  3.51545E-01 
2.23999E+01 3.19997E-01  4.59940E-05  3.56567E-01 
2.24999E+01 3.24997E-01  4.60633E-05  3.61547E-01 
2.25999E+01 3.29997E-01  4.61062E-05  3.66565E-01 
2.26999E+01 3.34997E-01  4.61214E-05  3.71576E-01 
2.27999E+01 3.39997E-01  4.61087E-05  3.76574E-01 
2.28999E+01 3.44997E-01  4.60713E-05  3.81558E-01 
2.29999E+01 3.49997E-01  4.60012E-05  3.86550E-01 
2.30999E+01 3.54997E-01  4.59064E-05  3.91571E-01 
2.31999E+01 3.59997E-01  4.57819E-05  3.96582E-01 
2.32999E+01 3.64997E-01  4.56264E-05  4.01568E-01 
2.33999E+01 3.69997E-01  4.54449E-05  4.06558E-01 
2.34999E+01 3.74997E-01  4.52321E-05  4.11586E-01 
2.35999E+01 3.79997E-01  4.49943E-05  4.16589E-01 
2.36999E+01 3.84997E-01  4.47294E-05  4.21584E-01 
2.37999E+01 3.89997E-01  4.44411E-05  4.26582E-01 
2.38999E+01 3.94997E-01  4.41316E-05  4.31593E-01 
2.39999E+01 3.99997E-01  4.38042E-05  4.36608E-01 
2.40999E+01 4.04997E-01  4.34601E-05  4.41595E-01 
2.41999E+01 4.09997E-01  4.31072E-05  4.46575E-01 
2.42999E+01 4.14997E-01  4.27489E-05  4.51617E-01 
2.43999E+01 4.19997E-01  4.23880E-05  4.56617E-01 
2.44999E+01 4.24997E-01  4.20243E-05  4.61611E-01 
2.45999E+01 4.29997E-01  4.16663E-05  4.66628E-01 
2.46999E+01 4.34997E-01  4.13114E-05  4.71638E-01 
2.47999E+01 4.39997E-01  4.09589E-05  4.76634E-01 
2.48999E+01 4.44997E-01  4.06084E-05  4.81648E-01 
2.49999E+01 4.49997E-01  4.02599E-05  4.86636E-01 
2.50999E+01 4.54997E-01  3.99100E-05  4.91662E-01 
2.51999E+01 4.59997E-01  3.95572E-05  4.96648E-01 
2.52999E+01 4.64997E-01  3.91993E-05  5.01634E-01 
2.53999E+01 4.69997E-01  3.88392E-05  5.06643E-01 
2.54999E+01 4.74997E-01  3.84733E-05  5.11670E-01 
2.55999E+01 4.79997E-01  3.81009E-05  5.16642E-01 
2.56999E+01 4.84997E-01  3.77300E-05  5.21651E-01 
2.57999E+01 4.89997E-01  3.73588E-05  5.26655E-01 
2.58999E+01 4.94997E-01  3.69918E-05  5.31661E-01 
2.59999E+01 4.99997E-01  3.66320E-05  5.36652E-01 
2.60999E+01 5.04997E-01  3.62869E-05  5.41636E-01 
2.61999E+01 5.09997E-01  3.59566E-05  5.46663E-01 
2.62999E+01 5.14997E-01  3.56444E-05  5.51665E-01 
2.63999E+01 5.19997E-01  3.53495E-05  5.56659E-01 
2.64999E+01 5.24997E-01  3.50750E-05  5.61645E-01 
2.65999E+01 5.29997E-01  3.48231E-05  5.66670E-01 
2.66999E+01 5.34997E-01  3.45933E-05  5.71664E-01 
2.67999E+01 5.39997E-01  3.43863E-05  5.76670E-01 
2.68999E+01 5.44997E-01  3.41989E-05  5.81678E-01 
2.69999E+01 5.49997E-01  3.40360E-05  5.86650E-01 
2.70999E+01 5.54997E-01  3.38937E-05  5.91677E-01 
2.71999E+01 5.59997E-01  3.37722E-05  5.96682E-01 
2.72999E+01 5.64997E-01  3.36706E-05  6.01684E-01 
2.73999E+01 5.69997E-01  3.35861E-05  6.06676E-01 
2.74999E+01 5.74997E-01  3.35177E-05  6.11686E-01 
2.75999E+01 5.79997E-01  3.34658E-05  6.16711E-01 
2.76999E+01 5.84997E-01  3.34280E-05  6.21687E-01 
2.77999E+01 5.89997E-01  3.34066E-05  6.26685E-01 
2.78999E+01 5.94997E-01  3.33926E-05  6.31683E-01 
2.79999E+01 5.99996E-01  3.33935E-05  6.36707E-01 
2.80999E+01 6.04996E-01  3.34055E-05  6.41708E-01 
2.81999E+01 6.09996E-01  3.34270E-05  6.46695E-01 
2.82999E+01 6.14996E-01  3.34594E-05  6.51696E-01 
2.83999E+01 6.19996E-01  3.34975E-05  6.56718E-01 
2.84999E+01 6.24996E-01  3.35488E-05  6.61709E-01 
2.85999E+01 6.29996E-01  3.36017E-05  6.66729E-01 
2.86999E+01 6.34996E-01  3.36658E-05  6.71732E-01 
2.87999E+01 6.39996E-01  3.37339E-05  6.76747E-01 
2.88999E+01 6.44996E-01  3.38077E-05  6.81726E-01 
2.89999E+01 6.49996E-01  3.38832E-05  6.86721E-01 
2.90999E+01 6.54996E-01  3.39659E-05  6.91713E-01 
2.91999E+01 6.59996E-01  3.40508E-05  6.96741E-01 
2.92999E+01 6.64996E-01  3.41409E-05  7.01765E-01 
2.93999E+01 6.69996E-01  3.42334E-05  7.06735E-01 
2.94999E+01 6.74996E-01  3.43266E-05  7.11741E-01 
2.95999E+01 6.79996E-01  3.44222E-05  7.16745E-01 
2.96999E+01 6.84996E-01  3.45211E-05  7.21759E-01 
2.97999E+01 6.89996E-01  3.46178E-05  7.26751E-01 
2.98999E+01 6.94996E-01  3.47147E-05  7.31742E-01 
2.99999E+01 6.99996E-01  3.48131E-05  7.36757E-01 
3.00999E+01 7.04996E-01  3.49129E-05  7.41775E-01 
3.01999E+01 7.09996E-01  3.50082E-05  7.46773E-01 
3.02999E+01 7.14996E-01  3.51101E-05  7.51754E-01 
3.03999E+01 7.19996E-01  3.52126E-05  7.56776E-01 
3.04999E+01 7.24996E-01  3.53171E-05  7.61772E-01 
3.05999E+01 7.29996E-01  3.54291E-05  7.66789E-01 
3.06999E+01 7.34996E-01  3.55390E-05  7.71772E-01 
3.07999E+01 7.39996E-01  3.56528E-05  7.76786E-01 
3.08999E+01 7.44996E-01  3.57636E-05  7.81795E-01 
3.09999E+01 7.49996E-01  3.58788E-05  7.86815E-01 
3.10999E+01 7.54996E-01  3.60034E-05  7.91807E-01 
3.11999E+01 7.59996E-01  3.61231E-05  7.96836E-01 
3.12999E+01 7.64996E-01  3.62453E-05  8.01812E-01 
3.13999E+01 7.69996E-01  3.63702E-05  8.06806E-01 
3.14999E+01 7.74996E-01  3.65014E-05  8.11822E-01 
3.15999E+01 7.79996E-01  3.66270E-05  8.16830E-01 
3.16999E+01 7.84996E-01  3.67497E-05  8.21814E-01 
3.17999E+01 7.89996E-01  3.68738E-05  8.26822E-01 
3.18999E+01 7.94996E-01  3.69956E-05  8.31839E-01 
3.19999E+01 7.99996E-01  3.74215E-05  8.36846E-01 
3.20999E+01 8.04996E-01  3.72612E-05  8.41843E-01 
3.21999E+01 8.09996E-01  3.73837E-05  8.46827E-01 
3.22999E+01 8.14996E-01  3.75093E-05  8.51850E-01 
3.23999E+01 8.19996E-01  3.76344E-05  8.56848E-01 
3.24999E+01 8.24996E-01  3.77582E-05  8.61829E-01 
3.25999E+01 8.29996E-01  3.78859E-05  8.66827E-01 
3.26999E+01 8.34996E-01  3.80152E-05  8.71843E-01 
3.27999E+01 8.39996E-01  3.81387E-05  8.76854E-01 
3.28999E+01 8.44996E-01  3.82716E-05  8.81863E-01 
3.29999E+01 8.49996E-01  3.83829E-05  8.86844E-01 
3.30999E+01 8.54996E-01  3.84986E-05  8.91861E-01 
3.31999E+01 8.59996E-01  3.86074E-05  8.96873E-01 
3.32999E+01 8.64996E-01  3.87042E-05  9.01867E-01 
3.33999E+01 8.69996E-01  3.87984E-05  9.06864E-01 
3.34999E+01 8.74996E-01  3.88837E-05  9.11864E-01 
3.35999E+01 8.79996E-01  3.89710E-05  9.16880E-01 
3.36999E+01 8.84996E-01  3.90567E-05  9.21867E-01 
3.37999E+01 8.89996E-01  3.91227E-05  9.26872E-01 
3.38999E+01 8.94996E-01  3.91963E-05  9.31879E-01 
3.39999E+01 8.99996E-01  3.92586E-05  9.36873E-01 
3.40999E+01 9.04996E-01  3.93126E-05  9.41860E-01 
3.41999E+01 9.09996E-01  3.93563E-05  9.46910E-01 
3.42999E+01 9.14996E-01  3.93848E-05  9.51861E-01 
3.43999E+01 9.19996E-01  3.94021E-05  9.56892E-01 
3.44999E+01 9.24996E-01  3.94086E-05  9.61890E-01 
3.45999E+01 9.29996E-01  3.93908E-05  9.66886E-01 
3.46999E+01 9.34996E-01  3.93592E-05  9.71922E-01 
3.47999E+01 9.39996E-01  3.93140E-05  9.76916E-01 
3.48999E+01 9.44996E-01  3.92610E-05  9.81910E-01 
3.49999E+01 9.49996E-01  3.91331E-05  9.86904E-01 
3.50999E+01 9.54996E-01  3.90208E-05  9.91927E-01 
3.51999E+01 9.59996E-01  3.88964E-05  9.96931E-01 
3.52999E+01 9.64996E-01  3.87422E-05  1.00193E+00 
3.53999E+01 9.69996E-01  3.85836E-05  1.00693E+00 
3.54999E+01 9.74996E-01  3.84236E-05  1.01196E+00 
3.55999E+01 9.79996E-01  3.82212E-05  1.01694E+00 
3.56999E+01 9.84996E-01  3.79939E-05  1.02192E+00 
3.57999E+01 9.89996E-01  3.77475E-05  1.02693E+00 
3.58999E+01 9.94996E-01  3.74915E-05  1.03195E+00 
3.59999E+01 9.99995E-01  3.72439E-05  1.03693E+00 
3.60999E+01 1.00500E+00  3.70463E-05  1.04192E+00 
3.61999E+01 1.01000E+00  3.68704E-05  1.04693E+00 
3.62999E+01 1.01500E+00  3.67417E-05  1.05195E+00 
3.63999E+01 1.02000E+00  3.65528E-05  1.05694E+00 
3.64999E+01 1.02500E+00  3.63965E-05  1.06195E+00 
3.65999E+01 1.03000E+00  3.62618E-05  1.06695E+00 
3.66999E+01 1.03500E+00  3.61500E-05  1.07195E+00 
3.67999E+01 1.04000E+00  3.60622E-05  1.07696E+00 
3.68999E+01 1.04500E+00  3.59854E-05  1.08194E+00 
3.69999E+01 1.05000E+00  3.59090E-05  1.08694E+00 
3.70999E+01 1.05500E+00  3.58337E-05  1.09197E+00 
3.71999E+01 1.06000E+00  3.57421E-05  1.09697E+00 
3.72999E+01 1.06500E+00  3.56718E-05  1.10195E+00 
3.73999E+01 1.07000E+00  3.56429E-05  1.10699E+00 
3.74999E+01 1.07500E+00  3.56332E-05  1.11197E+00 
3.75999E+01 1.08000E+00  3.56492E-05  1.11698E+00 
3.76999E+01 1.08500E+00  3.56795E-05  1.12201E+00 
3.77999E+01 1.09000E+00  3.57219E-05  1.12701E+00 
3.78999E+01 1.09500E+00  3.57822E-05  1.13201E+00 
3.79999E+01 1.10000E+00  3.58620E-05  1.13700E+00 
3.80999E+01 1.10500E+00  3.59646E-05  1.14201E+00 
3.81999E+01 1.11000E+00  3.60880E-05  1.14699E+00 
3.82999E+01 1.11500E+00  3.62348E-05  1.15201E+00 
3.83999E+01 1.12000E+00  3.64068E-05  1.15699E+00 
3.84999E+01 1.12500E+00  3.66099E-05  1.16200E+00 
3.85999E+01 1.13000E+00  3.68575E-05  1.16702E+00 
3.86999E+01 1.13500E+00  3.70961E-05  1.17202E+00 
3.87999E+01 1.14000E+00  3.73775E-05  1.17700E+00 
3.88999E+01 1.14500E+00  3.76885E-05  1.18203E+00 
3.89999E+01 1.15000E+00  3.80210E-05  1.18702E+00 
3.90999E+01 1.15500E+00  3.83824E-05  1.19203E+00 
3.91999E+01 1.16000E+00  3.87713E-05  1.19704E+00 
3.92999E+01 1.16500E+00  3.91944E-05  1.20201E+00 
3.93999E+01 1.17000E+00  3.96383E-05  1.20703E+00 
3.94999E+01 1.17500E+00  4.01115E-05  1.21203E+00 
3.95999E+01 1.18000E+00  4.06170E-05  1.21703E+00 
3.96999E+01 1.18500E+00  4.12346E-05  1.22203E+00 
3.97999E+01 1.19000E+00  4.17123E-05  1.22705E+00 
3.98999E+01 1.19500E+00  4.22924E-05  1.23205E+00 
3.99999E+01 1.19999E+00  4.28859E-05  1.23704E+00 
4.00999E+01 1.20499E+00  4.35118E-05  1.24204E+00 
4.01999E+01 1.20999E+00  4.41578E-05  1.24705E+00 
4.02999E+01 1.21499E+00  4.48401E-05  1.25208E+00 
4.03999E+01 1.21999E+00  4.55438E-05  1.25709E+00 
4.04999E+01 1.22499E+00  4.62800E-05  1.26205E+00 
4.05999E+01 1.22999E+00  4.69913E-05  1.26706E+00 
4.06999E+01 1.23499E+00  4.77554E-05  1.27209E+00 
4.07999E+01 1.23999E+00  4.85723E-05  1.27709E+00 
4.08999E+01 1.24499E+00  4.94153E-05  1.28211E+00 
4.09999E+01 1.24999E+00  5.02902E-05  1.28708E+00 
4.10999E+01 1.25499E+00  5.11960E-05  1.29211E+00 
4.11999E+01 1.25999E+00  5.21286E-05  1.29710E+00 
4.12999E+01 1.26499E+00  5.30845E-05  1.30209E+00 
4.13999E+01 1.26999E+00  5.40619E-05  1.30707E+00 
4.14999E+01 1.27499E+00  5.50665E-05  1.31210E+00 
4.15999E+01 1.27999E+00  5.61060E-05  1.31712E+00 
4.16999E+01 1.28499E+00  5.71761E-05  1.32211E+00 
4.17999E+01 1.28999E+00  5.82803E-05  1.32712E+00 
4.18999E+01 1.29499E+00  5.93980E-05  1.33210E+00 
4.19999E+01 1.29999E+00  6.05352E-05  1.33712E+00 
4.20999E+01 1.30499E+00  6.16812E-05  1.34211E+00 
4.21999E+01 1.30999E+00  6.28509E-05  1.34712E+00 
4.22999E+01 1.31499E+00  6.40568E-05  1.35211E+00 
4.23999E+01 1.31999E+00  6.52834E-05  1.35712E+00 
4.24999E+01 1.32499E+00  6.65199E-05  1.36213E+00 
4.25999E+01 1.32999E+00  6.77916E-05  1.36711E+00 
4.26999E+01 1.33499E+00  6.90889E-05  1.37212E+00 
4.27999E+01 1.33999E+00  7.03985E-05  1.37714E+00 
4.28999E+01 1.34499E+00  7.17156E-05  1.38212E+00 
4.29999E+01 1.34999E+00  7.30534E-05  1.38713E+00 
4.30999E+01 1.35499E+00  7.44068E-05  1.39212E+00 
4.31999E+01 1.35999E+00  7.58048E-05  1.39712E+00 
4.32999E+01 1.36499E+00  7.71962E-05  1.40213E+00 
4.33999E+01 1.36999E+00  7.86362E-05  1.40714E+00 
4.34999E+01 1.37499E+00  8.00745E-05  1.41213E+00 
4.35999E+01 1.37999E+00  8.15596E-05  1.41714E+00 
4.36999E+01 1.38499E+00  8.30904E-05  1.42215E+00 
4.37999E+01 1.38999E+00  8.46342E-05  1.42716E+00 
4.38999E+01 1.39499E+00  8.62096E-05  1.43217E+00 
4.39999E+01 1.39999E+00  8.78178E-05  1.43718E+00 
4.40999E+01 1.40499E+00  8.94302E-05  1.44216E+00 
4.41999E+01 1.40999E+00  9.11181E-05  1.44718E+00 
4.42999E+01 1.41499E+00  9.28601E-05  1.45217E+00 
4.43999E+01 1.41999E+00  9.46543E-05  1.45720E+00 
4.44999E+01 1.42499E+00  9.65243E-05  1.46219E+00 
4.45999E+01 1.42999E+00  9.83984E-05  1.46721E+00 
4.46999E+01 1.43499E+00  1.00354E-04  1.47224E+00 
4.47999E+01 1.43999E+00  1.02377E-04  1.47720E+00 
4.48999E+01 1.44499E+00  1.04481E-04  1.48220E+00 
4.49999E+01 1.44999E+00  1.06660E-04  1.48721E+00 
4.50999E+01 1.45499E+00  1.08923E-04  1.49222E+00 
4.51999E+01 1.45999E+00  1.11270E-04  1.49722E+00 
4.52999E+01 1.46499E+00  1.13693E-04  1.50221E+00 
4.53999E+01 1.46999E+00  1.16195E-04  1.50723E+00 
4.54999E+01 1.47499E+00  1.18791E-04  1.51222E+00 
4.55999E+01 1.47999E+00  1.21464E-04  1.51725E+00 
4.56999E+01 1.48499E+00  1.24230E-04  1.52224E+00 
4.57999E+01 1.48999E+00  1.27064E-04  1.52723E+00 
4.58999E+01 1.49499E+00  1.29994E-04  1.53224E+00 
4.59999E+01 1.49999E+00  1.32983E-04  1.53724E+00 
4.60999E+01 1.50499E+00  1.36039E-04  1.54225E+00 
4.61999E+01 1.50999E+00  1.39174E-04  1.54722E+00 
4.62999E+01 1.51499E+00  1.42361E-04  1.55224E+00 
4.63999E+01 1.51999E+00  1.45579E-04  1.55726E+00 
4.64999E+01 1.52499E+00  1.48837E-04  1.56225E+00 
4.65999E+01 1.52999E+00  1.52154E-04  1.56727E+00 
4.66999E+01 1.53499E+00  1.55505E-04  1.57225E+00 
4.67999E+01 1.53999E+00  1.58901E-04  1.57728E+00 
4.68999E+01 1.54499E+00  1.62304E-04  1.58227E+00 
4.69999E+01 1.54999E+00  1.65745E-04  1.58731E+00 
4.70999E+01 1.55499E+00  1.69207E-04  1.59227E+00 
4.71999E+01 1.55999E+00  1.72778E-04  1.59729E+00 
4.72999E+01 1.56499E+00  1.76236E-04  1.60230E+00 
4.73999E+01 1.56999E+00  1.79730E-04  1.60732E+00 
4.74999E+01 1.57499E+00  1.83287E-04  1.61229E+00 
4.75999E+01 1.57999E+00  1.86845E-04  1.61727E+00 
4.76999E+01 1.58499E+00  1.90443E-04  1.62230E+00 
4.77999E+01 1.58999E+00  1.94035E-04  1.62731E+00 
4.78999E+01 1.59499E+00  1.97641E-04  1.63231E+00 
4.79999E+01 1.59999E+00  2.01274E-04  1.63731E+00 
4.80999E+01 1.60499E+00  2.04922E-04  1.64232E+00 
4.81999E+01 1.60999E+00  2.08580E-04  1.64732E+00 
4.82999E+01 1.61499E+00  2.12246E-04  1.65234E+00 
4.83999E+01 1.61999E+00  2.16361E-04  1.65732E+00 
4.84999E+01 1.62499E+00  2.20044E-04  1.66232E+00 
4.85999E+01 1.62999E+00  2.23769E-04  1.66731E+00 
4.86999E+01 1.63499E+00  2.27444E-04  1.67232E+00 
4.87999E+01 1.63999E+00  2.31149E-04  1.67732E+00 
4.88999E+01 1.64499E+00  2.34868E-04  1.68231E+00 
4.89999E+01 1.64999E+00  2.38613E-04  1.68734E+00 
4.90999E+01 1.65499E+00  2.42316E-04  1.69234E+00 
4.91999E+01 1.65999E+00  2.46031E-04  1.69733E+00 
4.92999E+01 1.66499E+00  2.49753E-04  1.70232E+00 
4.93999E+01 1.66999E+00  2.53432E-04  1.70734E+00 
4.94999E+01 1.67499E+00  2.57135E-04  1.71236E+00 
4.95999E+01 1.67999E+00  2.60836E-04  1.71734E+00 
4.96999E+01 1.68499E+00  2.64504E-04  1.72231E+00 
4.97999E+01 1.68999E+00  2.68177E-04  1.72734E+00 
4.98999E+01 1.69499E+00  2.71845E-04  1.73235E+00 
4.99999E+01 1.69999E+00  2.75487E-04  1.73735E+00 
5.00999E+01 1.70499E+00  2.79086E-04  1.74235E+00 
5.01999E+01 1.70999E+00  2.82681E-04  1.74737E+00 
5.02999E+01 1.71499E+00  2.86267E-04  1.75238E+00 
5.03999E+01 1.71999E+00  2.89836E-04  1.75737E+00 
5.04999E+01 1.72499E+00  2.93346E-04  1.76239E+00 
5.05999E+01 1.72999E+00  2.96832E-04  1.76739E+00 
5.06999E+01 1.73499E+00  3.00301E-04  1.77238E+00 
5.07999E+01 1.73999E+00  3.03742E-04  1.77738E+00 
5.08999E+01 1.74499E+00  3.07201E-04  1.78239E+00 
5.09999E+01 1.74999E+00  3.10596E-04  1.78741E+00 
5.10999E+01 1.75499E+00  3.13991E-04  1.79239E+00 
5.11999E+01 1.75999E+00  3.17286E-04  1.79738E+00 
5.12999E+01 1.76499E+00  3.20592E-04  1.80240E+00 
5.13999E+01 1.76999E+00  3.23852E-04  1.80741E+00 
5.14999E+01 1.77499E+00  3.27095E-04  1.81241E+00 
5.15999E+01 1.77999E+00  3.30287E-04  1.81740E+00 
5.16999E+01 1.78499E+00  3.33409E-04  1.82242E+00 
5.17999E+01 1.78999E+00  3.36563E-04  1.82742E+00 
5.18999E+01 1.79499E+00  3.39643E-04  1.83245E+00 
5.19999E+01 1.79999E+00  3.42712E-04  1.83742E+00 
5.20999E+01 1.79499E+00  3.35467E-04  1.83243E+00 
5.21999E+01 1.78999E+00  3.28569E-04  1.82744E+00 
5.22999E+01 1.78499E+00  3.21923E-04  1.82243E+00 
5.23999E+01 1.77999E+00  3.15352E-04  1.81743E+00 
5.24999E+01 1.77499E+00  3.08958E-04  1.81245E+00 
5.25999E+01 1.76999E+00  3.02725E-04  1.80746E+00 
5.26999E+01 1.76499E+00  2.96552E-04  1.80245E+00 
5.27999E+01 1.75999E+00  2.90465E-04  1.79743E+00 
5.28999E+01 1.75499E+00  2.84490E-04  1.79245E+00 
5.29999E+01 1.74999E+00  2.78613E-04  1.78741E+00 
5.30999E+01 1.74499E+00  2.72817E-04  1.78244E+00 
5.31999E+01 1.73999E+00  2.67125E-04  1.77740E+00 
5.32999E+01 1.73499E+00  2.61524E-04  1.77240E+00 
5.33999E+01 1.72999E+00  2.56061E-04  1.76743E+00 
5.34999E+01 1.72499E+00  2.50636E-04  1.76241E+00 
5.35999E+01 1.71999E+00  2.45301E-04  1.75739E+00 
5.36999E+01 1.71499E+00  2.40063E-04  1.75238E+00 
5.37999E+01 1.70999E+00  2.34871E-04  1.74738E+00 
5.38999E+01 1.70499E+00  2.29824E-04  1.74237E+00 
5.39999E+01 1.69999E+00  2.24892E-04  1.73735E+00 
5.40999E+01 1.69499E+00  2.19932E-04  1.73236E+00 
5.41999E+01 1.68999E+00  2.15049E-04  1.72736E+00 
5.42999E+01 1.68499E+00  2.10398E-04  1.72232E+00 
5.43999E+01 1.67999E+00  2.05616E-04  1.71735E+00 
5.44999E+01 1.67499E+00  2.01033E-04  1.71235E+00 
5.45999E+01 1.66999E+00  1.96479E-04  1.70734E+00 
5.46999E+01 1.66499E+00  1.92007E-04  1.70232E+00 
5.47999E+01 1.65999E+00  1.87586E-04  1.69732E+00 
5.48999E+01 1.65499E+00  1.83263E-04  1.69233E+00 
5.49999E+01 1.64999E+00  1.78962E-04  1.68734E+00 
5.50999E+01 1.64499E+00  1.74754E-04  1.68232E+00 
5.51999E+01 1.63999E+00  1.70622E-04  1.67731E+00 
5.52999E+01 1.63499E+00  1.66553E-04  1.67232E+00 
5.53999E+01 1.62999E+00  1.62537E-04  1.66732E+00 
5.54999E+01 1.62499E+00  1.58594E-04  1.66230E+00 
5.55999E+01 1.61999E+00  1.54683E-04  1.65730E+00 
5.56999E+01 1.61499E+00  1.50882E-04  1.65230E+00 
5.57999E+01 1.60999E+00  1.47099E-04  1.64733E+00 
5.58999E+01 1.60499E+00  1.43392E-04  1.64228E+00 
5.59999E+01 1.59999E+00  1.39723E-04  1.63730E+00 
5.60999E+01 1.59499E+00  1.36130E-04  1.63228E+00 
5.61999E+01 1.58999E+00  1.32567E-04  1.62731E+00 
5.62999E+01 1.58499E+00  1.29076E-04  1.62231E+00 
5.63999E+01 1.57999E+00  1.25636E-04  1.61728E+00 
5.64999E+01 1.57499E+00  1.22251E-04  1.61228E+00 
5.65999E+01 1.56999E+00  1.18902E-04  1.60728E+00 
5.66999E+01 1.56499E+00  1.15646E-04  1.60229E+00 
5.67999E+01 1.55999E+00  1.12425E-04  1.59727E+00 
5.68999E+01 1.55499E+00  1.09244E-04  1.59226E+00 
5.69999E+01 1.54999E+00  1.06123E-04  1.58727E+00 
5.70999E+01 1.54499E+00  1.03052E-04  1.58226E+00 
5.71999E+01 1.53999E+00  1.00043E-04  1.57727E+00 
5.72999E+01 1.53499E+00  9.70554E-05  1.57224E+00 
5.73999E+01 1.52999E+00  9.41535E-05  1.56725E+00 
5.74999E+01 1.52499E+00  9.13113E-05  1.56227E+00 
5.75999E+01 1.51999E+00  8.85019E-05  1.55728E+00 
5.76999E+01 1.51499E+00  8.57344E-05  1.55227E+00 
5.77999E+01 1.50999E+00  8.30476E-05  1.54726E+00 
5.78999E+01 1.50499E+00  8.03861E-05  1.54228E+00 
5.79999E+01 1.49999E+00  7.77916E-05  1.53725E+00 
5.80999E+01 1.49499E+00  7.52517E-05  1.53226E+00 
5.81999E+01 1.48999E+00  7.27451E-05  1.52725E+00 
5.82999E+01 1.48499E+00  7.03052E-05  1.52224E+00 
5.83999E+01 1.47999E+00  6.79000E-05  1.51723E+00 
5.84999E+01 1.47499E+00  6.55671E-05  1.51226E+00 
5.85999E+01 1.46999E+00  6.32664E-05  1.50724E+00 
5.86999E+01 1.46499E+00  6.10214E-05  1.50224E+00 
5.87999E+01 1.45999E+00  5.88431E-05  1.49725E+00 
5.88999E+01 1.45499E+00  5.67037E-05  1.49223E+00 
5.89999E+01 1.44999E+00  5.46264E-05  1.48723E+00 
5.90999E+01 1.44499E+00  5.25840E-05  1.48223E+00 
5.91999E+01 1.43999E+00  5.06114E-05  1.47724E+00 
5.92999E+01 1.43499E+00  4.86647E-05  1.47225E+00 
5.93999E+01 1.42999E+00  4.67693E-05  1.46722E+00 
5.94999E+01 1.42499E+00  4.49435E-05  1.46222E+00 
5.95999E+01 1.41999E+00  4.31800E-05  1.45721E+00 
5.96999E+01 1.41499E+00  4.14502E-05  1.45223E+00 
5.97999E+01 1.40999E+00  3.98156E-05  1.44719E+00 
5.98999E+01 1.40499E+00  3.81888E-05  1.44220E+00 
5.99998E+01 1.39999E+00  3.66204E-05  1.43720E+00 
6.00998E+01 1.39499E+00  3.46809E-05  1.43219E+00 
6.01998E+01 1.38999E+00  3.32299E-05  1.42720E+00 
6.02998E+01 1.38499E+00  3.18131E-05  1.42219E+00 
6.03998E+01 1.37999E+00  3.04861E-05  1.41717E+00 
6.04998E+01 1.37499E+00  2.91299E-05  1.41214E+00 
6.05998E+01 1.36999E+00  2.78542E-05  1.40714E+00 
6.06998E+01 1.36499E+00  2.66327E-05  1.40214E+00 
6.07998E+01 1.35999E+00  2.54636E-05  1.39715E+00 
6.08998E+01 1.35499E+00  2.43309E-05  1.39216E+00 
6.09998E+01 1.34999E+00  2.32737E-05  1.38715E+00 
6.10998E+01 1.34499E+00  2.22093E-05  1.38215E+00 
6.11998E+01 1.33999E+00  2.12162E-05  1.37715E+00 
6.12998E+01 1.33499E+00  2.02701E-05  1.37213E+00 
6.13998E+01 1.32999E+00  1.93519E-05  1.36714E+00 
6.14998E+01 1.32499E+00  1.84834E-05  1.36213E+00 
6.15998E+01 1.31999E+00  1.76713E-05  1.35715E+00 
6.16998E+01 1.31499E+00  1.68488E-05  1.35215E+00 
6.17998E+01 1.30999E+00  1.60931E-05  1.34711E+00 
6.18998E+01 1.30499E+00  1.53875E-05  1.34215E+00 
6.19998E+01 1.29999E+00  1.46791E-05  1.33716E+00 
6.20998E+01 1.29499E+00  1.40374E-05  1.33212E+00 
6.21998E+01 1.28999E+00  1.34177E-05  1.32711E+00 
6.22998E+01 1.28499E+00  1.28305E-05  1.32213E+00 
6.23998E+01 1.27999E+00  1.22729E-05  1.31713E+00 
6.24998E+01 1.27499E+00  1.17345E-05  1.31213E+00 
6.25998E+01 1.26999E+00  1.12255E-05  1.30711E+00 
6.26998E+01 1.26499E+00  1.07479E-05  1.30211E+00 
6.27998E+01 1.25999E+00  1.02931E-05  1.29713E+00 
6.28998E+01 1.25499E+00  9.86550E-06  1.29211E+00 
6.29998E+01 1.24999E+00  9.46327E-06  1.28711E+00 
6.30998E+01 1.24499E+00  9.08184E-06  1.28213E+00 
6.31998E+01 1.23999E+00  8.72258E-06  1.27711E+00 
6.32998E+01 1.23499E+00  8.38491E-06  1.27213E+00 
6.33998E+01 1.22999E+00  8.06069E-06  1.26711E+00 
6.34998E+01 1.22499E+00  7.76408E-06  1.26210E+00 
6.35998E+01 1.21999E+00  7.48000E-06  1.25712E+00 
6.36998E+01 1.21499E+00  7.21242E-06  1.25211E+00 
6.37998E+01 1.20999E+00  6.96303E-06  1.24710E+00 
6.38998E+01 1.20499E+00  6.72491E-06  1.24207E+00 
6.39998E+01 1.19999E+00  6.50421E-06  1.23710E+00 
6.40998E+01 1.19500E+00  6.29449E-06  1.23209E+00 
6.41998E+01 1.19000E+00  6.09574E-06  1.22707E+00 
6.42998E+01 1.18500E+00  5.91578E-06  1.22209E+00 
6.43998E+01 1.18000E+00  5.74310E-06  1.21707E+00 
6.44998E+01 1.17500E+00  5.57891E-06  1.21209E+00 
6.45998E+01 1.17000E+00  5.42688E-06  1.20709E+00 
6.46998E+01 1.16500E+00  5.28191E-06  1.20205E+00 
6.47998E+01 1.16000E+00  5.14654E-06  1.19707E+00 
6.48998E+01 1.15500E+00  5.02322E-06  1.19209E+00 
6.49998E+01 1.15000E+00  4.89470E-06  1.18707E+00 
6.50998E+01 1.14500E+00  4.77431E-06  1.18205E+00 
6.51998E+01 1.14000E+00  4.66396E-06  1.17705E+00 
6.52998E+01 1.13500E+00  4.56136E-06  1.17204E+00 
6.53998E+01 1.13000E+00  4.46236E-06  1.16707E+00 
6.54998E+01 1.12500E+00  4.36943E-06  1.16206E+00 
6.55998E+01 1.12000E+00  4.28213E-06  1.15705E+00 
6.56998E+01 1.11500E+00  4.19742E-06  1.15204E+00 
6.57998E+01 1.11000E+00  4.11624E-06  1.14705E+00 
6.58998E+01 1.10500E+00  4.04656E-06  1.14205E+00 
6.59998E+01 1.10000E+00  4.03686E-06  1.13703E+00 
6.60998E+01 1.09500E+00  4.15371E-06  1.13202E+00 
6.61998E+01 1.09000E+00  3.87817E-06  1.12702E+00 
6.62998E+01 1.08500E+00  3.75669E-06  1.12201E+00 
6.63998E+01 1.08000E+00  3.67550E-06  1.11701E+00 
6.64998E+01 1.07500E+00  3.60041E-06  1.11199E+00 
6.65998E+01 1.07000E+00  3.53406E-06  1.10701E+00 
6.66998E+01 1.06500E+00  3.48084E-06  1.10199E+00 
6.67998E+01 1.06000E+00  3.42877E-06  1.09699E+00 
6.68998E+01 1.05500E+00  3.39112E-06  1.09197E+00 
6.69998E+01 1.05000E+00  3.33327E-06  1.08697E+00 
6.70998E+01 1.04500E+00  3.25997E-06  1.08195E+00 
6.71998E+01 1.04000E+00  3.22374E-06  1.07696E+00 
6.72998E+01 1.03500E+00  3.18072E-06  1.07198E+00 
6.73998E+01 1.03000E+00  3.13747E-06  1.06697E+00 
6.74998E+01 1.02500E+00  3.08613E-06  1.06197E+00 
6.75998E+01 1.02000E+00  3.04633E-06  1.05697E+00 
6.76998E+01 1.01500E+00  3.00657E-06  1.05198E+00 
6.77998E+01 1.01000E+00  2.93950E-06  1.04696E+00 
6.78998E+01 1.00500E+00  2.91442E-06  1.04195E+00 
6.79998E+01 9.99995E-01  2.89054E-06  1.03695E+00 
6.80998E+01 9.94996E-01  2.84483E-06  1.03197E+00 
6.81998E+01 9.89996E-01  2.78877E-06  1.02693E+00 
6.82998E+01 9.84996E-01  2.76227E-06  1.02193E+00 
6.83998E+01 9.79996E-01  2.70233E-06  1.01695E+00 
6.84998E+01 9.74996E-01  2.63881E-06  1.01193E+00 
6.85998E+01 9.69996E-01  2.62378E-06  1.00695E+00 
6.86998E+01 9.64996E-01  2.59837E-06  1.00193E+00 
6.87998E+01 9.59996E-01  2.56545E-06  9.96941E-01 
6.88998E+01 9.54996E-01  2.52869E-06  9.91947E-01 
6.89998E+01 9.49996E-01  2.47800E-06  9.86952E-01 
6.90998E+01 9.44996E-01  2.43181E-06  9.81925E-01 
6.91998E+01 9.39996E-01  2.36588E-06  9.76951E-01 
6.92998E+01 9.34996E-01  2.34322E-06  9.71948E-01 
6.93998E+01 9.29996E-01  2.32658E-06  9.66935E-01 
6.94998E+01 9.24996E-01  2.32387E-06  9.61913E-01 
6.95998E+01 9.19996E-01  2.26481E-06  9.56939E-01 
6.96998E+01 9.14996E-01  2.21664E-06  9.51912E-01 
6.97998E+01 9.09996E-01  2.18043E-06  9.46934E-01 
6.98998E+01 9.04996E-01  2.13167E-06  9.41924E-01 
6.99998E+01 8.99996E-01  2.06065E-06  9.36923E-01 
7.00998E+01 8.94996E-01  2.05478E-06  9.31918E-01 
7.01998E+01 8.89996E-01  2.06578E-06  9.26876E-01 
7.02998E+01 8.84996E-01  2.03930E-06  9.21895E-01 
7.03998E+01 8.79996E-01  1.98706E-06  9.16927E-01 
7.04998E+01 8.74996E-01  1.94255E-06  9.11880E-01 
7.05998E+01 8.69996E-01  1.90464E-06  9.06890E-01 
7.06998E+01 8.64996E-01  1.86348E-06  9.01886E-01 
7.07998E+01 8.59996E-01  1.82588E-06  8.96878E-01 
7.08998E+01 8.54996E-01  1.78698E-06  8.91867E-01 
7.09998E+01 8.49996E-01  1.74840E-06  8.86862E-01 
7.10998E+01 8.44996E-01  1.70890E-06  8.81881E-01 
7.11998E+01 8.39996E-01  1.67201E-06  8.76877E-01 
7.12998E+01 8.34996E-01  1.63295E-06  8.71852E-01 
7.13998E+01 8.29996E-01  1.59552E-06  8.66862E-01 
7.14998E+01 8.24996E-01  1.55450E-06  8.61877E-01 
7.15998E+01 8.19996E-01  1.51517E-06  8.56894E-01 
7.16998E+01 8.14996E-01  1.48159E-06  8.51844E-01 
7.17998E+01 8.09996E-01  1.43700E-06  8.46849E-01 
7.18998E+01 8.04996E-01  1.39285E-06  8.41874E-01 
7.19998E+01 7.99996E-01  1.34964E-06  8.36859E-01 
7.20998E+01 7.94996E-01  1.30547E-06  8.31861E-01 
7.21998E+01 7.89996E-01  1.26068E-06  8.26842E-01 
7.22998E+01 7.84996E-01  1.21796E-06  8.21868E-01 
7.23998E+01 7.79996E-01  1.17258E-06  8.16871E-01 
7.24998E+01 7.74996E-01  1.12729E-06  8.11859E-01 
7.25998E+01 7.69996E-01  1.08090E-06  8.06848E-01 
7.26998E+01 7.64996E-01  1.03275E-06  8.01840E-01 
7.27998E+01 7.59996E-01  9.83865E-07  7.96869E-01 
7.28998E+01 7.54996E-01  9.35853E-07  7.91823E-01 
7.29998E+01 7.49996E-01  8.90120E-07  7.86864E-01 
7.30998E+01 7.44996E-01  8.46360E-07  7.81824E-01 
7.31998E+01 7.39996E-01  8.03440E-07  7.76813E-01 
7.32998E+01 7.34996E-01  7.52657E-07  7.71791E-01 
7.33998E+01 7.29996E-01  6.97593E-07  7.66805E-01 
7.34998E+01 7.24996E-01  6.39196E-07  7.61803E-01 
7.35998E+01 7.19996E-01  5.81309E-07  7.56815E-01 
7.36998E+01 7.14996E-01  5.21780E-07  7.51781E-01 
7.37998E+01 7.09996E-01  4.62731E-07  7.46801E-01 
7.38998E+01 7.04996E-01  4.02393E-07  7.41807E-01 
7.39998E+01 6.99996E-01  3.45152E-07  7.36797E-01 
7.40998E+01 6.94996E-01  2.84584E-07  7.31767E-01 
7.41998E+01 6.89996E-01  2.23652E-07  7.26805E-01 
7.42998E+01 6.84996E-01  1.61035E-07  7.21792E-01 
7.43998E+01 6.79996E-01  9.92804E-08  7.16789E-01 
7.44998E+01 6.74996E-01  3.54572E-08  7.11787E-01 
7.45998E+01 6.69996E-01  -2.95204E-08 7.06785E-01 
7.46998E+01 6.64996E-01  -9.55471E-08 7.01783E-01 
7.47998E+01 6.59996E-01  -1.61244E-07 6.96787E-01 
7.48998E+01 6.54996E-01  -2.30686E-07 6.91756E-01 
7.49998E+01 6.49996E-01  -2.98421E-07 6.86757E-01 
7.50998E+01 6.44996E-01  -3.65510E-07 6.81781E-01 
7.51998E+01 6.39996E-01  -4.36588E-07 6.76797E-01 
7.52998E+01 6.34996E-01  -5.07312E-07 6.71769E-01 
7.53998E+01 6.29996E-01  -5.77630E-07 6.66756E-01 
7.54998E+01 6.24996E-01  -6.50165E-07 6.61777E-01 
7.55998E+01 6.19996E-01  -7.24816E-07 6.56771E-01 
7.56998E+01 6.14996E-01  -8.06219E-07 6.51753E-01 
7.57998E+01 6.09996E-01  -9.00444E-07 6.46729E-01 
7.58998E+01 6.04996E-01  -9.68007E-07 6.41762E-01 
7.59998E+01 5.99996E-01  -1.03811E-06 6.36758E-01 
7.60998E+01 5.94997E-01  -1.10267E-06 6.31719E-01 
7.61998E+01 5.89997E-01  -1.17237E-06 6.26745E-01 
7.62998E+01 5.84997E-01  -1.25865E-06 6.21732E-01 
7.63998E+01 5.79997E-01  -1.34561E-06 6.16739E-01 
7.64998E+01 5.74997E-01  -1.43815E-06 6.11721E-01 
7.65998E+01 5.69997E-01  -1.53292E-06 6.06705E-01 
7.66998E+01 5.64997E-01  -1.62025E-06 6.01712E-01 
7.67998E+01 5.59997E-01  -1.71023E-06 5.96710E-01 
7.68998E+01 5.54997E-01  -1.79725E-06 5.91712E-01 
7.69998E+01 5.49997E-01  -1.88696E-06 5.86686E-01 
7.70998E+01 5.44997E-01  -1.97994E-06 5.81713E-01 
7.71998E+01 5.39997E-01  -2.07396E-06 5.76708E-01 
7.72998E+01 5.34997E-01  -2.17132E-06 5.71699E-01 
7.73998E+01 5.29997E-01  -2.26939E-06 5.66686E-01 
7.74998E+01 5.24997E-01  -2.37171E-06 5.61691E-01 
7.75998E+01 5.19997E-01  -2.48005E-06 5.56692E-01 
7.76998E+01 5.14997E-01  -2.58951E-06 5.51706E-01 
7.77998E+01 5.09997E-01  -2.70062E-06 5.46688E-01 
7.78998E+01 5.04997E-01  -2.81749E-06 5.41685E-01 
7.79998E+01 4.99997E-01  -2.93661E-06 5.36703E-01 
7.80998E+01 4.94997E-01  -3.05820E-06 5.31688E-01 
7.81998E+01 4.89997E-01  -3.18587E-06 5.26676E-01 
7.82998E+01 4.84997E-01  -3.31412E-06 5.21671E-01 
7.83998E+01 4.79997E-01  -3.45115E-06 5.16665E-01 
7.84998E+01 4.74997E-01  -3.59027E-06 5.11677E-01 
7.85998E+01 4.69997E-01  -3.73534E-06 5.06664E-01 
7.86998E+01 4.64997E-01  -3.88306E-06 5.01658E-01 
7.87998E+01 4.59997E-01  -4.04110E-06 4.96666E-01 
7.88998E+01 4.54997E-01  -4.20327E-06 4.91667E-01 
7.89998E+01 4.49997E-01  -4.37393E-06 4.86667E-01 
7.90998E+01 4.44997E-01  -4.54924E-06 4.81652E-01 
7.91998E+01 4.39997E-01  -4.73369E-06 4.76668E-01 
7.92998E+01 4.34997E-01  -4.92354E-06 4.71639E-01 
7.93998E+01 4.29997E-01  -5.12221E-06 4.66653E-01 
7.94998E+01 4.24997E-01  -5.32948E-06 4.61624E-01 
7.95998E+01 4.19997E-01  -5.54629E-06 4.56637E-01 
7.96998E+01 4.14997E-01  -5.77126E-06 4.51638E-01 
7.97998E+01 4.09997E-01  -6.00423E-06 4.46623E-01 
7.98998E+01 4.04997E-01  -6.24672E-06 4.41622E-01 
7.99998E+01 3.99997E-01  -6.49828E-06 4.36620E-01 
8.00998E+01 3.94997E-01  -6.76024E-06 4.31622E-01 
8.01998E+01 3.89997E-01  -7.03506E-06 4.26604E-01 
8.02998E+01 3.84997E-01  -7.31696E-06 4.21611E-01 
8.03998E+01 3.79997E-01  -7.61106E-06 4.16632E-01 
8.04998E+01 3.74997E-01  -7.91523E-06 4.11615E-01 
8.05998E+01 3.69997E-01  -8.23304E-06 4.06593E-01 
8.06998E+01 3.64997E-01  -8.56461E-06 4.01595E-01 
8.07998E+01 3.59997E-01  -8.90923E-06 3.96600E-01 
8.08998E+01 3.54997E-01  -9.26519E-06 3.91619E-01 
8.09998E+01 3.49997E-01  -9.63402E-06 3.86576E-01 
8.10998E+01 3.44997E-01  -1.00161E-05 3.81588E-01 
8.11998E+01 3.39997E-01  -1.04127E-05 3.76592E-01 
8.12998E+01 3.34997E-01  -1.08239E-05 3.71599E-01 
8.13998E+01 3.29997E-01  -1.12483E-05 3.66584E-01 
8.14998E+01 3.24997E-01  -1.16851E-05 3.61570E-01 
8.15998E+01 3.19997E-01  -1.21409E-05 3.56584E-01 
8.16998E+01 3.14997E-01  -1.26071E-05 3.51575E-01 
8.17998E+01 3.09997E-01  -1.30925E-05 3.46571E-01 
8.18998E+01 3.04997E-01  -1.35901E-05 3.41574E-01 
8.19998E+01 2.99997E-01  -1.41042E-05 3.36573E-01 
8.20998E+01 2.94997E-01  -1.46300E-05 3.31566E-01 
8.21998E+01 2.89997E-01  -1.51710E-05 3.26556E-01 
8.22998E+01 2.84997E-01  -1.57206E-05 3.21550E-01 
8.23998E+01 2.79997E-01  -1.62822E-05 3.16554E-01 
8.24998E+01 2.74997E-01  -1.68589E-05 3.11560E-01 
8.25998E+01 2.69997E-01  -1.74386E-05 3.06541E-01 
8.26998E+01 2.64997E-01  -1.80325E-05 3.01539E-01 
8.27998E+01 2.59997E-01  -1.86313E-05 2.96538E-01 
8.28998E+01 2.54997E-01  -1.92367E-05 2.91507E-01 
8.29998E+01 2.49997E-01  -1.98450E-05 2.86516E-01 
8.30998E+01 2.44997E-01  -2.04541E-05 2.81537E-01 
8.31998E+01 2.39997E-01  -2.10645E-05 2.76522E-01 
8.32998E+01 2.34997E-01  -2.16388E-05 2.71501E-01 
8.33998E+01 2.29997E-01  -2.22438E-05 2.66525E-01 
8.34998E+01 2.24997E-01  -2.28456E-05 2.61522E-01 
8.35998E+01 2.19997E-01  -2.34415E-05 2.56505E-01 
8.36998E+01 2.14997E-01  -2.40273E-05 2.51483E-01 
8.37998E+01 2.09997E-01  -2.45970E-05 2.46503E-01 
8.38998E+01 2.04997E-01  -2.51585E-05 2.41514E-01 
8.39998E+01 1.99997E-01  -2.57063E-05 2.36478E-01 
8.40998E+01 1.94998E-01  -2.62414E-05 2.31487E-01 
8.41998E+01 1.89998E-01  -2.67690E-05 2.26503E-01 
8.42998E+01 1.84998E-01  -2.72841E-05 2.21488E-01 
8.43998E+01 1.79998E-01  -2.77803E-05 2.16482E-01 
8.44998E+01 1.74998E-01  -2.82654E-05 2.11469E-01 
8.45998E+01 1.69998E-01  -2.87370E-05 2.06491E-01 
8.46998E+01 1.64998E-01  -2.91938E-05 2.01473E-01 
8.47998E+01 1.59998E-01  -2.96408E-05 1.96489E-01 
8.48998E+01 1.54998E-01  -3.00734E-05 1.91487E-01 
8.49998E+01 1.49998E-01  -3.04947E-05 1.86484E-01 
8.50998E+01 1.44998E-01  -3.09015E-05 1.81475E-01 
8.51998E+01 1.39998E-01  -3.12947E-05 1.76484E-01 
8.52998E+01 1.34998E-01  -3.16765E-05 1.71465E-01 
8.53998E+01 1.29998E-01  -3.20553E-05 1.66484E-01 
8.54998E+01 1.24998E-01  -3.24267E-05 1.61469E-01 
8.55998E+01 1.19998E-01  -3.27954E-05 1.56478E-01 
8.56998E+01 1.14998E-01  -3.31606E-05 1.51467E-01 
8.57998E+01 1.09998E-01  -3.35246E-05 1.46471E-01 
8.58998E+01 1.04998E-01  -3.38926E-05 1.41461E-01 
8.59998E+01 9.99977E-02  -3.42571E-05 1.36454E-01 
8.60998E+01 9.49978E-02  -3.46234E-05 1.31442E-01 
8.61998E+01 8.99978E-02  -3.49914E-05 1.26468E-01 
8.62998E+01 8.49978E-02  -3.53599E-05 1.21454E-01 
8.63998E+01 7.99978E-02  -3.57207E-05 1.16459E-01 
8.64998E+01 7.49978E-02  -3.60851E-05 1.11435E-01 
8.65998E+01 6.99978E-02  -3.64430E-05 1.06462E-01 
8.66998E+01 6.49978E-02  -3.67992E-05 1.01457E-01 
8.67998E+01 5.99978E-02  -3.71417E-05 9.64541E-02 
8.68998E+01 5.49979E-02  -3.74783E-05 9.14094E-02 
8.69998E+01 4.99979E-02  -3.77984E-05 8.64354E-02 
8.70998E+01 4.49979E-02  -3.81093E-05 8.14401E-02 
8.71998E+01 3.99979E-02  -3.84033E-05 7.64404E-02 
8.72998E+01 3.49979E-02  -3.86837E-05 7.14151E-02 
8.73998E+01 2.99979E-02  -3.89513E-05 6.64167E-02 
8.74998E+01 2.49979E-02  -3.92038E-05 6.14345E-02 
8.75998E+01 1.99979E-02  -3.94432E-05 5.64186E-02 
8.76998E+01 1.49980E-02  -3.96681E-05 5.14196E-02 
8.77998E+01 9.99797E-03  -3.98802E-05 4.64217E-02 
8.78998E+01 4.99799E-03  -4.00811E-05 4.14165E-02 
8.79998E+01 -2.00000E-06 -4.02730E-05 3.63993E-02 
8.80998E+01 -5.00199E-03 -4.04487E-05 3.13959E-02 
8.81998E+01 -1.00020E-02 -4.06127E-05 2.63887E-02 
8.82998E+01 -1.50020E-02 -4.07831E-05 2.13972E-02 
8.83998E+01 -2.00020E-02 -4.09558E-05 1.63881E-02 
8.84998E+01 -2.50019E-02 -4.11295E-05 1.13779E-02 
8.85998E+01 -3.00019E-02 -4.13058E-05 6.36006E-03 
8.86998E+01 -3.50019E-02 -4.14686E-05 1.37665E-03 
8.87998E+01 -4.00019E-02 -4.16385E-05 -3.61303E-03
8.88998E+01 -4.50019E-02 -4.18068E-05 -8.62334E-03
8.89998E+01 -5.00019E-02 -4.19760E-05 -1.36573E-02
8.90998E+01 -5.50019E-02 -4.21485E-05 -1.86508E-02
8.91998E+01 -6.00019E-02 -4.23270E-05 -2.36305E-02
8.92998E+01 -6.50018E-02 -4.25175E-05 -2.86357E-02
8.93998E+01 -7.00018E-02 -4.27075E-05 -3.36435E-02
8.94998E+01 -7.50018E-02 -4.29050E-05 -3.86432E-02
8.95998E+01 -8.00018E-02 -4.31139E-05 -4.36522E-02
8.96998E+01 -8.50018E-02 -4.33291E-05 -4.86363E-02
8.97998E+01 -9.00018E-02 -4.35471E-05 -5.36465E-02
8.98998E+01 -9.50018E-02 -4.37790E-05 -5.86544E-02
8.99998E+01 -1.00002E-01 -4.40138E-05 -6.36465E-02
9.00998E+01 -1.05002E-01 -4.42593E-05 -6.86362E-02
9.01998E+01 -1.10002E-01 -4.45179E-05 -7.36596E-02
9.02998E+01 -1.15002E-01 -4.47939E-05 -7.86512E-02
9.03998E+01 -1.20002E-01 -4.50868E-05 -8.36671E-02
9.04998E+01 -1.25002E-01 -4.53961E-05 -8.86318E-02
9.05998E+01 -1.30002E-01 -4.57258E-05 -9.36571E-02
9.06998E+01 -1.35002E-01 -4.60678E-05 -9.86705E-02
9.07998E+01 -1.40002E-01 -4.64348E-05 -1.03663E-01
9.08998E+01 -1.45002E-01 -4.68223E-05 -1.08659E-01
9.09998E+01 -1.50002E-01 -4.72432E-05 -1.13677E-01
9.10998E+01 -1.55002E-01 -4.76999E-05 -1.18679E-01
9.11998E+01 -1.60002E-01 -4.82145E-05 -1.23680E-01
9.12998E+01 -1.65002E-01 -4.88039E-05 -1.28672E-01
9.13998E+01 -1.70002E-01 -4.95222E-05 -1.33675E-01
9.14998E+01 -1.75002E-01 -5.03888E-05 -1.38681E-01
9.15998E+01 -1.80002E-01 -5.14267E-05 -1.43700E-01
9.16998E+01 -1.85002E-01 -5.26559E-05 -1.48690E-01
9.17998E+01 -1.90002E-01 -5.40358E-05 -1.53676E-01
9.18998E+01 -1.95002E-01 -5.55395E-05 -1.58682E-01
9.19998E+01 -2.00002E-01 -5.71599E-05 -1.63715E-01
9.20998E+01 -2.05001E-01 -5.89060E-05 -1.68698E-01
9.21998E+01 -2.10001E-01 -6.07872E-05 -1.73704E-01
9.22998E+01 -2.15001E-01 -6.27801E-05 -1.78722E-01
9.23998E+01 -2.20001E-01 -6.49170E-05 -1.83727E-01
9.24998E+01 -2.25001E-01 -6.71764E-05 -1.88730E-01
9.25998E+01 -2.30001E-01 -6.95360E-05 -1.93725E-01
9.26998E+01 -2.35001E-01 -7.20007E-05 -1.98730E-01
9.27998E+01 -2.40001E-01 -7.45527E-05 -2.03737E-01
9.28998E+01 -2.45001E-01 -7.71743E-05 -2.08734E-01
9.29998E+01 -2.50001E-01 -7.98545E-05 -2.13738E-01
9.30998E+01 -2.55001E-01 -8.25781E-05 -2.18751E-01
9.31998E+01 -2.60001E-01 -8.53404E-05 -2.23727E-01
9.32998E+01 -2.65001E-01 -8.81270E-05 -2.28737E-01
9.33998E+01 -2.70001E-01 -9.09398E-05 -2.33740E-01
9.34998E+01 -2.75001E-01 -9.37629E-05 -2.38766E-01
9.35998E+01 -2.80001E-01 -9.65880E-05 -2.43768E-01
9.36998E+01 -2.85001E-01 -9.94425E-05 -2.48778E-01
9.37998E+01 -2.90001E-01 -1.02255E-04 -2.53764E-01
9.38998E+01 -2.95001E-01 -1.05045E-04 -2.58784E-01
9.39998E+01 -3.00001E-01 -1.07829E-04 -2.63788E-01
9.40998E+01 -3.05001E-01 -1.10585E-04 -2.68783E-01
9.41998E+01 -3.10001E-01 -1.13317E-04 -2.73771E-01
9.42998E+01 -3.15001E-01 -1.16016E-04 -2.78797E-01
9.43998E+01 -3.20001E-01 -1.18693E-04 -2.83790E-01
9.44998E+01 -3.25001E-01 -1.21357E-04 -2.88780E-01
9.45998E+01 -3.30001E-01 -1.24011E-04 -2.93795E-01
9.46998E+01 -3.35001E-01 -1.26664E-04 -2.98785E-01
9.47998E+01 -3.40001E-01 -1.29286E-04 -3.03818E-01
9.48998E+01 -3.45001E-01 -1.31889E-04 -3.08777E-01
9.49998E+01 -3.50001E-01 -1.34375E-04 -3.13766E-01
9.50998E+01 -3.55001E-01 -1.36872E-04 -3.18808E-01
9.51998E+01 -3.60001E-01 -1.39377E-04 -3.23815E-01
9.52998E+01 -3.65001E-01 -1.41802E-04 -3.28826E-01
9.53998E+01 -3.70001E-01 -1.44171E-04 -3.33794E-01
9.54998E+01 -3.75001E-01 -1.46467E-04 -3.38825E-01
9.55998E+01 -3.80001E-01 -1.48731E-04 -3.43812E-01
9.56998E+01 -3.85001E-01 -1.50960E-04 -3.48821E-01
9.57998E+01 -3.90001E-01 -1.53209E-04 -3.53815E-01
9.58998E+01 -3.95001E-01 -1.55353E-04 -3.58828E-01
9.59998E+01 -4.00001E-01 -1.57484E-04 -3.63812E-01
9.60998E+01 -4.05001E-01 -1.59579E-04 -3.68842E-01
9.61998E+01 -4.10001E-01 -1.61640E-04 -3.73853E-01
9.62998E+01 -4.15001E-01 -1.63547E-04 -3.78840E-01
9.63998E+01 -4.20001E-01 -1.65481E-04 -3.83822E-01
9.64998E+01 -4.25001E-01 -1.67325E-04 -3.88839E-01
9.65998E+01 -4.30001E-01 -1.69132E-04 -3.93836E-01
9.66998E+01 -4.35001E-01 -1.70882E-04 -3.98831E-01
9.67998E+01 -4.40001E-01 -1.72631E-04 -4.03848E-01
9.68998E+01 -4.45001E-01 -1.74322E-04 -4.08837E-01
9.69998E+01 -4.50001E-01 -1.75997E-04 -4.13846E-01
9.70998E+01 -4.55001E-01 -1.77686E-04 -4.18852E-01
9.71998E+01 -4.60001E-01 -1.79226E-04 -4.23823E-01
9.72998E+01 -4.65001E-01 -1.80778E-04 -4.28825E-01
9.73998E+01 -4.70001E-01 -1.82209E-04 -4.33861E-01
9.74998E+01 -4.75001E-01 -1.83561E-04 -4.38862E-01
9.75998E+01 -4.80001E-01 -1.84924E-04 -4.43861E-01
9.76998E+01 -4.85001E-01 -1.86229E-04 -4.48843E-01
9.77998E+01 -4.90001E-01 -1.87442E-04 -4.53875E-01
9.78998E+01 -4.95001E-01 -1.88566E-04 -4.58883E-01
9.79998E+01 -5.00001E-01 -1.89868E-04 -4.63853E-01
9.80998E+01 -5.05001E-01 -1.90931E-04 -4.68862E-01
9.81998E+01 -5.10001E-01 -1.91948E-04 -4.73882E-01
9.82998E+01 -5.15001E-01 -1.92908E-04 -4.78877E-01
9.83998E+01 -5.20001E-01 -1.93900E-04 -4.83884E-01
9.84998E+01 -5.25001E-01 -1.94819E-04 -4.88892E-01
9.85998E+01 -5.30001E-01 -1.95785E-04 -4.93880E-01
9.86998E+01 -5.35001E-01 -1.96558E-04 -4.98918E-01
9.87998E+01 -5.40001E-01 -1.97299E-04 -5.03908E-01
9.88998E+01 -5.45001E-01 -1.98008E-04 -5.08928E-01
9.89998E+01 -5.50001E-01 -1.98626E-04 -5.13920E-01
9.90998E+01 -5.55001E-01 -1.99162E-04 -5.18928E-01
9.91998E+01 -5.60001E-01 -1.99604E-04 -5.23928E-01
9.92998E+01 -5.65001E-01 -1.99955E-04 -5.28928E-01
9.93998E+01 -5.70001E-01 -2.00098E-04 -5.33930E-01
9.94998E+01 -5.75001E-01 -2.00055E-04 -5.38932E-01
9.95998E+01 -5.80001E-01 -1.99489E-04 -5.43933E-01
9.96998E+01 -5.85001E-01 -1.98204E-04 -5.48931E-01
9.97998E+01 -5.90001E-01 -1.95466E-04 -5.53951E-01
9.98998E+01 -5.95001E-01 -1.89797E-04 -5.58950E-01
9.99997E+01 -6.00001E-01 -1.78461E-04 -5.63933E-01
1.00100E+02 -6.05000E-01 -1.58077E-04 -5.68932E-01
1.00200E+02 -6.10000E-01 -1.30114E-04 -5.73941E-01
1.00300E+02 -6.15000E-01 -1.07446E-04 -5.78950E-01
1.00400E+02 -6.20000E-01 -9.38395E-05 -5.83928E-01
1.00500E+02 -6.25000E-01 -8.51354E-05 -5.88930E-01
1.00600E+02 -6.30000E-01 -7.92340E-05 -5.93958E-01
1.00700E+02 -6.35000E-01 -7.44509E-05 -5.98936E-01
1.00800E+02 -6.40000E-01 -7.06751E-05 -6.03945E-01
1.00900E+02 -6.45000E-01 -6.74629E-05 -6.08951E-01
1.01000E+02 -6.50000E-01 -6.46776E-05 -6.13980E-01
1.01100E+02 -6.55000E-01 -6.22438E-05 -6.18965E-01
1.01200E+02 -6.60000E-01 -6.00741E-05 -6.23962E-01
1.01300E+02 -6.65000E-01 -5.81268E-05 -6.28954E-01
1.01400E+02 -6.70000E-01 -5.63714E-05 -6.33989E-01
1.01500E+02 -6.75000E-01 -5.47680E-05 -6.38963E-01
1.01600E+02 -6.80000E-01 -5.33096E-05 -6.43966E-01
1.01700E+02 -6.85000E-01 -5.19862E-05 -6.48983E-01
1.01800E+02 -6.90000E-01 -5.07716E-05 -6.54004E-01
1.01900E+02 -6.95000E-01 -4.96568E-05 -6.59000E-01
1.02000E+02 -7.00000E-01 -4.86446E-05 -6.64023E-01
1.02100E+02 -7.05000E-01 -4.77107E-05 -6.69001E-01
1.02200E+02 -7.10000E-01 -4.68731E-05 -6.73997E-01
1.02300E+02 -7.15000E-01 -4.61155E-05 -6.79039E-01
1.02400E+02 -7.20000E-01 -4.54317E-05 -6.84019E-01
1.02500E+02 -7.25000E-01 -4.48149E-05 -6.88996E-01
1.02600E+02 -7.30000E-01 -4.42603E-05 -6.94004E-01
1.02700E+02 -7.35000E-01 -4.37691E-05 -6.98994E-01
1.02800E+02 -7.40000E-01 -4.33306E-05 -7.04005E-01
1.02900E+02 -7.45000E-01 -4.29508E-05 -7.08991E-01
1.03000E+02 -7.50000E-01 -4.26108E-05 -7.14001E-01
1.03100E+02 -7.55000E-01 -4.23115E-05 -7.19033E-01
1.03200E+02 -7.60000E-01 -4.20527E-05 -7.24023E-01
1.03300E+02 -7.65000E-01 -4.18140E-05 -7.29014E-01
1.03400E+02 -7.70000E-01 -4.16112E-05 -7.34021E-01
1.03500E+02 -7.75000E-01 -4.14336E-05 -7.39020E-01
1.03600E+02 -7.80000E-01 -4.12823E-05 -7.44020E-01
1.03700E+02 -7.85000E-01 -4.11447E-05 -7.49026E-01
1.03800E+02 -7.90000E-01 -4.10275E-05 -7.54029E-01
1.03900E+02 -7.95000E-01 -4.09244E-05 -7.59019E-01
