time/s      E/V        I/A
0.00000E+00 -8.00000E-01 -3.51817E-05 -7.48716E-01
9.99997E-02 -7.95000E-01 -3.38004E-05 -7.43709E-01
1.99999E-01 -7.90000E-01 -3.26873E-05 -7.38711E-01
2.99999E-01 -7.85000E-01 -3.18260E-05 -7.33652E-01
3.99999E-01 -7.80000E-01 -3.07770E-05 -7.28652E-01
4.99999E-01 -7.75000E-01 -2.98689E-05 -7.23655E-01
5.99998E-01 -7.70000E-01 -2.90126E-05 -7.18655E-01
6.99998E-01 -7.65000E-01 -2.83924E-05 -7.13664E-01
7.99998E-01 -7.60000E-01 -2.78195E-05 -7.08659E-01
8.99998E-01 -7.55000E-01 -2.71014E-05 -7.03649E-01
9.99997E-01 -7.50000E-01 -2.64077E-05 -6.98671E-01
1.10000E+00 -7.45000E-01 -2.57817E-05 -6.93639E-01
1.20000E+00 -7.40000E-01 -2.53200E-05 -6.88657E-01
1.30000E+00 -7.35000E-01 -2.46823E-05 -6.83652E-01
1.40000E+00 -7.30000E-01 -2.43127E-05 -6.78678E-01
1.50000E+00 -7.25000E-01 -2.37099E-05 -6.73652E-01
1.60000E+00 -7.20000E-01 -2.30475E-05 -6.68632E-01
1.70000E+00 -7.15000E-01 -2.26202E-05 -6.63629E-01
1.80000E+00 -7.10000E-01 -2.22519E-05 -6.58646E-01
1.90000E+00 -7.05000E-01 -2.19921E-05 -6.53631E-01
1.99999E+00 -7.00000E-01 -2.14207E-05 -6.48625E-01
2.09999E+00 -6.95000E-01 -2.09171E-05 -6.43620E-01
2.19999E+00 -6.90000E-01 -2.05177E-05 -6.38593E-01
2.29999E+00 -6.85000E-01 -2.02516E-05 -6.33603E-01
2.39999E+00 -6.80000E-01 -2.00168E-05 -6.28608E-01
2.49999E+00 -6.75000E-01 -1.96426E-05 -6.23598E-01
2.59999E+00 -6.70000E-01 -1.90691E-05 -6.18597E-01
2.69999E+00 -6.65000E-01 -1.85676E-05 -6.13610E-01
2.79999E+00 -6.60000E-01 -1.82684E-05 -6.08588E-01
2.89999E+00 -6.55000E-01 -1.80621E-05 -6.03575E-01
2.99999E+00 -6.50000E-01 -1.77343E-05 -5.98578E-01
3.09999E+00 -6.45000E-01 -1.72567E-05 -5.93590E-01
3.19999E+00 -6.40000E-01 -1.70578E-05 -5.88581E-01
3.29999E+00 -6.35000E-01 -1.68447E-05 -5.83591E-01
3.39999E+00 -6.30000E-01 -1.66021E-05 -5.78593E-01
3.49999E+00 -6.25000E-01 -1.60559E-05 -5.73593E-01
3.59999E+00 -6.20000E-01 -1.58812E-05 -5.68581E-01
3.69999E+00 -6.15000E-01 -1.51733E-05 -5.63577E-01
3.79999E+00 -6.10000E-01 -1.47895E-05 -5.58559E-01
3.89999E+00 -6.05000E-01 -1.46516E-05 -5.53563E-01
3.99999E+00 -6.00001E-01 -1.43235E-05 -5.48589E-01
4.09999E+00 -5.95001E-01 -1.40527E-05 -5.43555E-01
4.19999E+00 -5.90001E-01 -1.37756E-05 -5.38563E-01
4.29999E+00 -5.85001E-01 -1.34268E-05 -5.33570E-01
4.39999E+00 -5.80001E-01 -1.32064E-05 -5.28565E-01
4.49999E+00 -5.75001E-01 -1.28622E-05 -5.23540E-01
4.59999E+00 -5.70001E-01 -1.26402E-05 -5.18568E-01
4.69999E+00 -5.65001E-01 -1.23550E-05 -5.13565E-01
4.79999E+00 -5.60001E-01 -1.20831E-05 -5.08577E-01
4.89999E+00 -5.55001E-01 -1.18442E-05 -5.03548E-01
4.99999E+00 -5.50001E-01 -1.16149E-05 -4.98541E-01
5.09999E+00 -5.45001E-01 -1.13748E-05 -4.93546E-01
5.19999E+00 -5.40001E-01 -1.11465E-05 -4.88530E-01
5.29999E+00 -5.35001E-01 -1.09118E-05 -4.83530E-01
5.39999E+00 -5.30001E-01 -1.06923E-05 -4.78533E-01
5.49999E+00 -5.25001E-01 -1.04909E-05 -4.73526E-01
5.59999E+00 -5.20001E-01 -1.02670E-05 -4.68520E-01
5.69999E+00 -5.15001E-01 -1.00386E-05 -4.63535E-01
5.79999E+00 -5.10001E-01 -9.81895E-06 -4.58538E-01
5.89999E+00 -5.05001E-01 -9.60435E-06 -4.53535E-01
5.99998E+00 -5.00001E-01 -9.39860E-06 -4.48531E-01
6.09998E+00 -4.95001E-01 -9.18121E-06 -4.43545E-01
6.19998E+00 -4.90001E-01 -8.98028E-06 -4.38533E-01
6.29998E+00 -4.85001E-01 -8.75616E-06 -4.33503E-01
6.39998E+00 -4.80001E-01 -8.57398E-06 -4.28500E-01
6.49998E+00 -4.75001E-01 -8.36635E-06 -4.23500E-01
6.59998E+00 -4.70001E-01 -8.20334E-06 -4.18529E-01
6.69998E+00 -4.65001E-01 -8.04091E-06 -4.13524E-01
6.79998E+00 -4.60001E-01 -7.68607E-06 -4.08501E-01
6.89998E+00 -4.55001E-01 -7.57077E-06 -4.03526E-01
6.99998E+00 -4.50001E-01 -7.48057E-06 -3.98515E-01
7.09998E+00 -4.45001E-01 -7.19179E-06 -3.93511E-01
7.19998E+00 -4.40001E-01 -7.03983E-06 -3.88535E-01
7.29998E+00 -4.35001E-01 -6.89296E-06 -3.83489E-01
7.39998E+00 -4.30001E-01 -6.68751E-06 -3.78502E-01
7.49998E+00 -4.25001E-01 -6.43115E-06 -3.73499E-01
7.59998E+00 -4.20001E-01 -6.07666E-06 -3.68505E-01
7.69998E+00 -4.15001E-01 -5.88526E-06 -3.63472E-01
7.79998E+00 -4.10001E-01 -5.75791E-06 -3.58495E-01
7.89998E+00 -4.05001E-01 -5.76993E-06 -3.53502E-01
7.99998E+00 -4.00001E-01 -5.77226E-06 -3.48488E-01
8.09998E+00 -3.95001E-01 -5.62364E-06 -3.43471E-01
8.19998E+00 -3.90001E-01 -5.36806E-06 -3.38488E-01
8.29998E+00 -3.85001E-01 -5.14673E-06 -3.33453E-01
8.39998E+00 -3.80001E-01 -4.91707E-06 -3.28487E-01
8.49998E+00 -3.75001E-01 -4.62006E-06 -3.23450E-01
8.59998E+00 -3.70001E-01 -4.43113E-06 -3.18464E-01
8.69998E+00 -3.65001E-01 -4.32119E-06 -3.13463E-01
8.79998E+00 -3.60001E-01 -4.17735E-06 -3.08452E-01
8.89998E+00 -3.55001E-01 -4.05475E-06 -3.03476E-01
8.99998E+00 -3.50001E-01 -3.87320E-06 -2.98469E-01
9.09998E+00 -3.45001E-01 -3.74188E-06 -2.93450E-01
9.19998E+00 -3.40001E-01 -3.62033E-06 -2.88451E-01
9.29998E+00 -3.35001E-01 -3.41562E-06 -2.83455E-01
9.39998E+00 -3.30001E-01 -3.27234E-06 -2.78464E-01
9.49998E+00 -3.25001E-01 -3.14927E-06 -2.73438E-01
9.59998E+00 -3.20001E-01 -2.97073E-06 -2.68448E-01
9.69998E+00 -3.15001E-01 -2.83349E-06 -2.63447E-01
9.79998E+00 -3.10001E-01 -2.72110E-06 -2.58449E-01
9.89998E+00 -3.05001E-01 -2.60902E-06 -2.53441E-01
9.99997E+00 -3.00001E-01 -2.44701E-06 -2.48424E-01
1.01000E+01 -2.95001E-01 -2.50022E-06 -2.43447E-01
1.02000E+01 -2.90001E-01 -2.33887E-06 -2.38445E-01
1.03000E+01 -2.85001E-01 -2.11150E-06 -2.33442E-01
1.04000E+01 -2.80001E-01 -1.93723E-06 -2.28418E-01
1.05000E+01 -2.75001E-01 -1.76272E-06 -2.23443E-01
1.06000E+01 -2.70001E-01 -1.55426E-06 -2.18443E-01
1.07000E+01 -2.65001E-01 -1.60430E-06 -2.13436E-01
1.08000E+01 -2.60001E-01 -1.41015E-06 -2.08418E-01
1.09000E+01 -2.55001E-01 -1.04111E-06 -2.03437E-01
1.10000E+01 -2.50001E-01 -6.34761E-07 -1.98447E-01
1.11000E+01 -2.45001E-01 -4.97111E-07 -1.93449E-01
1.12000E+01 -2.40001E-01 -4.36781E-07 -1.88455E-01
1.13000E+01 -2.35001E-01 -7.62562E-07 -1.83439E-01
1.14000E+01 -2.30001E-01 -1.43931E-06 -1.78454E-01
1.15000E+01 -2.25001E-01 -1.53926E-06 -1.73431E-01
1.16000E+01 -2.20001E-01 4.25302E-07  -1.68429E-01
1.17000E+01 -2.15001E-01 2.94863E-06  -1.63421E-01
1.18000E+01 -2.10001E-01 3.99906E-06  -1.58419E-01
1.19000E+01 -2.05001E-01 3.73172E-06  -1.53382E-01
1.20000E+01 -2.00002E-01 2.27694E-06  -1.48391E-01
1.21000E+01 -1.95002E-01 2.62168E-06  -1.43408E-01
1.22000E+01 -1.90002E-01 3.11167E-06  -1.38402E-01
1.23000E+01 -1.85002E-01 2.51538E-06  -1.33385E-01
1.24000E+01 -1.80002E-01 2.29410E-06  -1.28377E-01
1.25000E+01 -1.75002E-01 2.29065E-06  -1.23395E-01
1.26000E+01 -1.70002E-01 1.92862E-06  -1.18374E-01
1.27000E+01 -1.65002E-01 1.12515E-06  -1.13395E-01
1.28000E+01 -1.60002E-01 3.03296E-07  -1.08369E-01
1.29000E+01 -1.55002E-01 1.02625E-06  -1.03366E-01
1.30000E+01 -1.50002E-01 1.63758E-06  -9.83681E-02
1.31000E+01 -1.45002E-01 2.25218E-06  -9.33535E-02
1.32000E+01 -1.40002E-01 2.71179E-06  -8.83582E-02
1.33000E+01 -1.35002E-01 3.09174E-06  -8.33798E-02
1.34000E+01 -1.30002E-01 3.37649E-06  -7.83570E-02
1.35000E+01 -1.25002E-01 3.29363E-06  -7.33648E-02
1.36000E+01 -1.20002E-01 3.39698E-06  -6.83364E-02
1.37000E+01 -1.15002E-01 3.89224E-06  -6.33499E-02
1.38000E+01 -1.10002E-01 4.23953E-06  -5.83402E-02
1.39000E+01 -1.05002E-01 4.57462E-06  -5.33324E-02
1.40000E+01 -1.00002E-01 4.78604E-06  -4.83452E-02
1.41000E+01 -9.50018E-02 4.86934E-06  -4.33299E-02
1.42000E+01 -9.00018E-02 4.93041E-06  -3.83334E-02
1.43000E+01 -8.50018E-02 5.44023E-06  -3.33275E-02
1.44000E+01 -8.00018E-02 5.97724E-06  -2.83053E-02
1.45000E+01 -7.50018E-02 6.35919E-06  -2.33050E-02
1.46000E+01 -7.00018E-02 6.50370E-06  -1.83322E-02
1.47000E+01 -6.50018E-02 6.88806E-06  -1.33089E-02
1.48000E+01 -6.00019E-02 7.29237E-06  -8.29792E-03
1.49000E+01 -5.50019E-02 8.04294E-06  -3.29450E-03
1.50000E+01 -5.00019E-02 8.56255E-06  1.70828E-03 
1.51000E+01 -4.50019E-02 9.11923E-06  6.68234E-03 
1.52000E+01 -4.00019E-02 9.42364E-06  1.16914E-02 
1.53000E+01 -3.50019E-02 1.00633E-05  1.66967E-02 
1.54000E+01 -3.00019E-02 1.05339E-05  2.17213E-02 
1.55000E+01 -2.50019E-02 1.09401E-05  2.66985E-02 
1.56000E+01 -2.00020E-02 1.15130E-05  3.16969E-02 
1.57000E+01 -1.50020E-02 1.22105E-05  3.67022E-02 
1.58000E+01 -1.00020E-02 1.27802E-05  4.17138E-02 
1.59000E+01 -5.00199E-03 1.33953E-05  4.67191E-02 
1.60000E+01 -2.00000E-06 1.40642E-05  5.17231E-02 
1.61000E+01 4.99799E-03  1.47495E-05  5.67147E-02 
1.62000E+01 9.99797E-03  1.53632E-05  6.17212E-02 
1.63000E+01 1.49980E-02  1.58685E-05  6.66978E-02 
1.64000E+01 1.99979E-02  1.66188E-05  7.17243E-02 
1.65000E+01 2.49979E-02  1.72419E-05  7.67414E-02 
1.66000E+01 2.99979E-02  1.78626E-05  8.17386E-02 
1.67000E+01 3.49979E-02  1.84898E-05  8.67252E-02 
1.68000E+01 3.99979E-02  1.91319E-05  9.17123E-02 
1.69000E+01 4.49979E-02  1.97442E-05  9.67389E-02 
1.70000E+01 4.99979E-02  2.04140E-05  1.01742E-01 
1.71000E+01 5.49979E-02  2.11665E-05  1.06741E-01 
1.72000E+01 5.99978E-02  2.19402E-05  1.11732E-01 
1.73000E+01 6.49978E-02  2.25950E-05  1.16744E-01 
1.74000E+01 6.99978E-02  2.33145E-05  1.21768E-01 
1.75000E+01 7.49978E-02  2.40278E-05  1.26762E-01 
1.76000E+01 7.99978E-02  2.46270E-05  1.31743E-01 
1.77000E+01 8.49978E-02  2.48125E-05  1.36761E-01 
1.78000E+01 8.99978E-02  2.54037E-05  1.41765E-01 
1.79000E+01 9.49978E-02  2.61273E-05  1.46771E-01 
1.80000E+01 9.99977E-02  2.68021E-05  1.51772E-01 
1.81000E+01 1.04998E-01  2.73237E-05  1.56779E-01 
1.82000E+01 1.09998E-01  2.77704E-05  1.61783E-01 
1.83000E+01 1.14998E-01  2.82064E-05  1.66783E-01 
1.84000E+01 1.19998E-01  2.86177E-05  1.71798E-01 
1.85000E+01 1.24998E-01  2.87955E-05  1.76802E-01 
1.86000E+01 1.29998E-01  2.89020E-05  1.81789E-01 
1.87000E+01 1.34998E-01  2.89671E-05  1.86795E-01 
1.88000E+01 1.39998E-01  2.89307E-05  1.91785E-01 
1.89000E+01 1.44998E-01  2.88801E-05  1.96800E-01 
1.90000E+01 1.49998E-01  2.88310E-05  2.01803E-01 
1.91000E+01 1.54998E-01  2.87853E-05  2.06790E-01 
1.92000E+01 1.59998E-01  2.87702E-05  2.11807E-01 
1.93000E+01 1.64998E-01  2.88279E-05  2.16804E-01 
1.94000E+01 1.69998E-01  2.89949E-05  2.21846E-01 
1.95000E+01 1.74998E-01  2.92781E-05  2.26820E-01 
1.96000E+01 1.79998E-01  2.96536E-05  2.31827E-01 
1.97000E+01 1.84998E-01  3.00397E-05  2.36843E-01 
1.98000E+01 1.89998E-01  3.05072E-05  2.41850E-01 
1.99000E+01 1.94998E-01  3.09825E-05  2.46852E-01 
1.99999E+01 1.99997E-01  3.14985E-05  2.51824E-01 
2.00999E+01 2.04997E-01  3.20475E-05  2.56867E-01 
2.01999E+01 2.09997E-01  3.25958E-05  2.61860E-01 
2.02999E+01 2.14997E-01  3.31350E-05  2.66848E-01 
2.03999E+01 2.19997E-01  3.36647E-05  2.71829E-01 
2.04999E+01 2.24997E-01  3.42125E-05  2.76864E-01 
2.05999E+01 2.29997E-01  3.47497E-05  2.81851E-01 
2.06999E+01 2.34997E-01  3.53430E-05  2.86843E-01 
2.07999E+01 2.39997E-01  3.58890E-05  2.91847E-01 
2.08999E+01 2.44997E-01  3.63650E-05  2.96859E-01 
2.09999E+01 2.49997E-01  3.68500E-05  3.01848E-01 
2.10999E+01 2.54997E-01  3.73166E-05  3.06876E-01 
2.11999E+01 2.59997E-01  3.77745E-05  3.11858E-01 
2.12999E+01 2.64997E-01  3.82550E-05  3.16861E-01 
2.13999E+01 2.69997E-01  3.86980E-05  3.21868E-01 
2.14999E+01 2.74997E-01  3.91747E-05  3.26872E-01 
2.15999E+01 2.79997E-01  3.95430E-05  3.31888E-01 
2.16999E+01 2.84997E-01  3.99223E-05  3.36882E-01 
2.17999E+01 2.89997E-01  4.02710E-05  3.41878E-01 
2.18999E+01 2.94997E-01  4.05901E-05  3.46874E-01 
2.19999E+01 2.99997E-01  4.09575E-05  3.51891E-01 
2.20999E+01 3.04997E-01  4.12575E-05  3.56875E-01 
2.21999E+01 3.09997E-01  4.15592E-05  3.61892E-01 
2.22999E+01 3.14997E-01  4.18112E-05  3.66878E-01 
2.23999E+01 3.19997E-01  4.20417E-05  3.71894E-01 
2.24999E+01 3.24997E-01  4.22270E-05  3.76897E-01 
2.25999E+01 3.29997E-01  4.23077E-05  3.81905E-01 
2.26999E+01 3.34997E-01  4.24153E-05  3.86913E-01 
2.27999E+01 3.39997E-01  4.25253E-05  3.91919E-01 
2.28999E+01 3.44997E-01  4.25759E-05  3.96933E-01 
2.29999E+01 3.49997E-01  4.26064E-05  4.01923E-01 
2.30999E+01 3.54997E-01  4.25544E-05  4.06908E-01 
2.31999E+01 3.59997E-01  4.24633E-05  4.11918E-01 
2.32999E+01 3.64997E-01  4.22754E-05  4.16926E-01 
2.33999E+01 3.69997E-01  4.20775E-05  4.21934E-01 
2.34999E+01 3.74997E-01  4.17875E-05  4.26908E-01 
2.35999E+01 3.79997E-01  4.15288E-05  4.31948E-01 
2.36999E+01 3.84997E-01  4.11256E-05  4.36958E-01 
2.37999E+01 3.89997E-01  4.06762E-05  4.41951E-01 
2.38999E+01 3.94997E-01  4.02024E-05  4.46945E-01 
2.39999E+01 3.99997E-01  3.96399E-05  4.51958E-01 
2.40999E+01 4.04997E-01  3.90677E-05  4.56949E-01 
2.41999E+01 4.09997E-01  3.83894E-05  4.61957E-01 
2.42999E+01 4.14997E-01  3.77769E-05  4.66982E-01 
2.43999E+01 4.19997E-01  3.71649E-05  4.71966E-01 
2.44999E+01 4.24997E-01  3.65471E-05  4.77001E-01 
2.45999E+01 4.29997E-01  3.60093E-05  4.81983E-01 
2.46999E+01 4.34997E-01  3.54747E-05  4.87005E-01 
2.47999E+01 4.39997E-01  3.49676E-05  4.92006E-01 
2.48999E+01 4.44997E-01  3.44689E-05  4.96997E-01 
2.49999E+01 4.49997E-01  3.39912E-05  5.02010E-01 
2.50999E+01 4.54997E-01  3.35169E-05  5.07005E-01 
2.51999E+01 4.59997E-01  3.30922E-05  5.11996E-01 
2.52999E+01 4.64997E-01  3.26801E-05  5.17002E-01 
2.53999E+01 4.69997E-01  3.23796E-05  5.21993E-01 
2.54999E+01 4.74997E-01  3.20260E-05  5.27006E-01 
2.55999E+01 4.79997E-01  3.16455E-05  5.32019E-01 
2.56999E+01 4.84997E-01  3.13825E-05  5.37005E-01 
2.57999E+01 4.89997E-01  3.11095E-05  5.41998E-01 
2.58999E+01 4.94997E-01  3.08026E-05  5.47017E-01 
2.59999E+01 4.99997E-01  3.05380E-05  5.52025E-01 
2.60999E+01 5.04997E-01  3.02934E-05  5.57023E-01 
2.61999E+01 5.09997E-01  3.00849E-05  5.62010E-01 
2.62999E+01 5.14997E-01  2.98197E-05  5.67015E-01 
2.63999E+01 5.19997E-01  2.96765E-05  5.72017E-01 
2.64999E+01 5.24997E-01  2.94553E-05  5.77011E-01 
2.65999E+01 5.29997E-01  2.93367E-05  5.82018E-01 
2.66999E+01 5.34997E-01  2.91881E-05  5.86999E-01 
2.67999E+01 5.39997E-01  2.91799E-05  5.92019E-01 
2.68999E+01 5.44997E-01  2.91799E-05  5.97026E-01 
2.69999E+01 5.49997E-01  2.88793E-05  6.02047E-01 
2.70999E+01 5.54997E-01  2.91585E-05  6.07057E-01 
2.71999E+01 5.59997E-01  2.90567E-05  6.12046E-01 
2.72999E+01 5.64997E-01  2.90313E-05  6.17046E-01 
2.73999E+01 5.69997E-01  2.90551E-05  6.22031E-01 
2.74999E+01 5.74997E-01  2.91669E-05  6.27027E-01 
2.75999E+01 5.79997E-01  2.90623E-05  6.32048E-01 
2.76999E+01 5.84997E-01  2.91145E-05  6.37079E-01 
2.77999E+01 5.89997E-01  2.87949E-05  6.42066E-01 
2.78999E+01 5.94997E-01  2.89040E-05  6.47065E-01 
2.79999E+01 5.99996E-01  2.90401E-05  6.52064E-01 
2.80999E+01 6.04996E-01  2.91726E-05  6.57059E-01 
2.81999E+01 6.09996E-01  2.91538E-05  6.62058E-01 
2.82999E+01 6.14996E-01  2.92950E-05  6.67068E-01 
2.83999E+01 6.19996E-01  2.94901E-05  6.72072E-01 
2.84999E+01 6.24996E-01  2.94647E-05  6.77080E-01 
2.85999E+01 6.29996E-01  2.95813E-05  6.82066E-01 
2.86999E+01 6.34996E-01  2.97328E-05  6.87088E-01 
2.87999E+01 6.39996E-01  2.99216E-05  6.92081E-01 
2.88999E+01 6.44996E-01  3.00002E-05  6.97079E-01 
2.89999E+01 6.49996E-01  3.01445E-05  7.02081E-01 
2.90999E+01 6.54996E-01  3.02392E-05  7.07085E-01 
2.91999E+01 6.59996E-01  3.03641E-05  7.12084E-01 
2.92999E+01 6.64996E-01  3.05651E-05  7.17106E-01 
2.93999E+01 6.69996E-01  3.07612E-05  7.22107E-01 
2.94999E+01 6.74996E-01  3.08951E-05  7.27114E-01 
2.95999E+01 6.79996E-01  3.10511E-05  7.32105E-01 
2.96999E+01 6.84996E-01  3.12459E-05  7.37138E-01 
2.97999E+01 6.89996E-01  3.13777E-05  7.42127E-01 
2.98999E+01 6.94996E-01  3.15403E-05  7.47109E-01 
2.99999E+01 6.99996E-01  3.17243E-05  7.52105E-01 
3.00999E+01 7.04996E-01  3.19288E-05  7.57118E-01 
3.01999E+01 7.09996E-01  3.20739E-05  7.62125E-01 
3.02999E+01 7.14996E-01  3.22696E-05  7.67150E-01 
3.03999E+01 7.19996E-01  3.24165E-05  7.72110E-01 
3.04999E+01 7.24996E-01  3.25099E-05  7.77156E-01 
3.05999E+01 7.29996E-01  3.26631E-05  7.82143E-01 
3.06999E+01 7.34996E-01  3.28460E-05  7.87157E-01 
3.07999E+01 7.39996E-01  3.30590E-05  7.92161E-01 
3.08999E+01 7.44996E-01  3.31942E-05  7.97199E-01 
3.09999E+01 7.49996E-01  3.33406E-05  8.02153E-01 
3.10999E+01 7.54996E-01  3.35079E-05  8.07159E-01 
3.11999E+01 7.59996E-01  3.36456E-05  8.12195E-01 
3.12999E+01 7.64996E-01  3.37905E-05  8.17211E-01 
3.13999E+01 7.69996E-01  3.39888E-05  8.22191E-01 
3.14999E+01 7.74996E-01  3.42017E-05  8.27174E-01 
3.15999E+01 7.79996E-01  3.44178E-05  8.32178E-01 
3.16999E+01 7.84996E-01  3.45411E-05  8.37187E-01 
3.17999E+01 7.89996E-01  3.47266E-05  8.42197E-01 
3.18999E+01 7.94996E-01  3.49273E-05  8.47192E-01 
3.19999E+01 7.99996E-01  3.50790E-05  8.52217E-01 
3.20999E+01 8.04996E-01  3.52626E-05  8.57190E-01 
3.21999E+01 8.09996E-01  3.54341E-05  8.62205E-01 
3.22999E+01 8.14996E-01  3.56323E-05  8.67188E-01 
3.23999E+01 8.19996E-01  3.57825E-05  8.72189E-01 
3.24999E+01 8.24996E-01  3.59694E-05  8.77216E-01 
3.25999E+01 8.29996E-01  3.61359E-05  8.82198E-01 
3.26999E+01 8.34996E-01  3.62862E-05  8.87199E-01 
3.27999E+01 8.39996E-01  3.64688E-05  8.92229E-01 
3.28999E+01 8.44996E-01  3.66449E-05  8.97241E-01 
3.29999E+01 8.49996E-01  3.67708E-05  9.02221E-01 
3.30999E+01 8.54996E-01  3.69114E-05  9.07208E-01 
3.31999E+01 8.59996E-01  3.70418E-05  9.12229E-01 
3.32999E+01 8.64996E-01  3.71782E-05  9.17264E-01 
3.33999E+01 8.69996E-01  3.73293E-05  9.22235E-01 
3.34999E+01 8.74996E-01  3.74447E-05  9.27217E-01 
3.35999E+01 8.79996E-01  3.75703E-05  9.32211E-01 
3.36999E+01 8.84996E-01  3.76888E-05  9.37224E-01 
3.37999E+01 8.89996E-01  3.78128E-05  9.42240E-01 
3.38999E+01 8.94996E-01  3.79139E-05  9.47264E-01 
3.39999E+01 8.99996E-01  3.80165E-05  9.52225E-01 
3.40999E+01 9.04996E-01  3.81418E-05  9.57241E-01 
3.41999E+01 9.09996E-01  3.82554E-05  9.62228E-01 
3.42999E+01 9.14996E-01  3.83687E-05  9.67251E-01 
3.43999E+01 9.19996E-01  3.84976E-05  9.72267E-01 
3.44999E+01 9.24996E-01  3.85958E-05  9.77272E-01 
3.45999E+01 9.29996E-01  3.87250E-05  9.82266E-01 
3.46999E+01 9.34996E-01  3.87335E-05  9.87265E-01 
3.47999E+01 9.39996E-01  3.87976E-05  9.92272E-01 
3.48999E+01 9.44996E-01  3.88532E-05  9.97262E-01 
3.49999E+01 9.49996E-01  3.89508E-05  1.00227E+00 
3.50999E+01 9.54996E-01  3.89943E-05  1.00726E+00 
3.51999E+01 9.59996E-01  3.89697E-05  1.01228E+00 
3.52999E+01 9.64996E-01  3.89629E-05  1.01729E+00 
3.53999E+01 9.69996E-01  3.89549E-05  1.02226E+00 
3.54999E+01 9.74996E-01  3.89518E-05  1.02727E+00 
3.55999E+01 9.79996E-01  3.88861E-05  1.03229E+00 
3.56999E+01 9.84996E-01  3.88638E-05  1.03729E+00 
3.57999E+01 9.89996E-01  3.93757E-05  1.04227E+00 
3.58999E+01 9.94996E-01  3.93078E-05  1.04727E+00 
3.59999E+01 9.99995E-01  3.90342E-05  1.05228E+00 
3.60999E+01 1.00500E+00  3.87993E-05  1.05729E+00 
3.61999E+01 1.01000E+00  3.86879E-05  1.06228E+00 
3.62999E+01 1.01500E+00  3.86060E-05  1.06727E+00 
3.63999E+01 1.02000E+00  3.84685E-05  1.07231E+00 
3.64999E+01 1.02500E+00  3.84449E-05  1.07728E+00 
3.65999E+01 1.03000E+00  3.83930E-05  1.08229E+00 
3.66999E+01 1.03500E+00  3.83778E-05  1.08729E+00 
3.67999E+01 1.04000E+00  3.83973E-05  1.09229E+00 
3.68999E+01 1.04500E+00  3.83791E-05  1.09730E+00 
3.69999E+01 1.05000E+00  3.84227E-05  1.10229E+00 
3.70999E+01 1.05500E+00  3.84315E-05  1.10731E+00 
3.71999E+01 1.06000E+00  3.84988E-05  1.11231E+00 
3.72999E+01 1.06500E+00  3.85685E-05  1.11735E+00 
3.73999E+01 1.07000E+00  3.86180E-05  1.12234E+00 
3.74999E+01 1.07500E+00  3.87125E-05  1.12736E+00 
3.75999E+01 1.08000E+00  3.88123E-05  1.13234E+00 
3.76999E+01 1.08500E+00  3.89672E-05  1.13733E+00 
3.77999E+01 1.09000E+00  3.90763E-05  1.14235E+00 
3.78999E+01 1.09500E+00  3.91909E-05  1.14738E+00 
3.79999E+01 1.10000E+00  3.93574E-05  1.15235E+00 
3.80999E+01 1.10500E+00  3.94946E-05  1.15736E+00 
3.81999E+01 1.11000E+00  3.96995E-05  1.16236E+00 
3.82999E+01 1.11500E+00  3.98328E-05  1.16736E+00 
3.83999E+01 1.12000E+00  4.00506E-05  1.17237E+00 
3.84999E+01 1.12500E+00  4.02694E-05  1.17735E+00 
3.85999E+01 1.13000E+00  4.05083E-05  1.18236E+00 
3.86999E+01 1.13500E+00  4.07509E-05  1.18739E+00 
3.87999E+01 1.14000E+00  4.10188E-05  1.19238E+00 
3.88999E+01 1.14500E+00  4.13080E-05  1.19738E+00 
3.89999E+01 1.15000E+00  4.16353E-05  1.20237E+00 
3.90999E+01 1.15500E+00  4.19928E-05  1.20738E+00 
3.91999E+01 1.16000E+00  4.23798E-05  1.21238E+00 
3.92999E+01 1.16500E+00  4.27375E-05  1.21740E+00 
3.93999E+01 1.17000E+00  4.31567E-05  1.22237E+00 
3.94999E+01 1.17500E+00  4.36037E-05  1.22737E+00 
3.95999E+01 1.18000E+00  4.40795E-05  1.23238E+00 
3.96999E+01 1.18500E+00  4.45374E-05  1.23738E+00 
3.97999E+01 1.19000E+00  4.50121E-05  1.24236E+00 
3.98999E+01 1.19500E+00  4.55352E-05  1.24738E+00 
3.99999E+01 1.19999E+00  4.61170E-05  1.25240E+00 
4.00999E+01 1.20499E+00  4.67012E-05  1.25742E+00 
4.01999E+01 1.20999E+00  4.72513E-05  1.26239E+00 
4.02999E+01 1.21499E+00  4.78808E-05  1.26740E+00 
4.03999E+01 1.21999E+00  4.85104E-05  1.27241E+00 
4.04999E+01 1.22499E+00  4.91657E-05  1.27743E+00 
4.05999E+01 1.22999E+00  4.98061E-05  1.28243E+00 
4.06999E+01 1.23499E+00  5.05188E-05  1.28742E+00 
4.07999E+01 1.23999E+00  5.12634E-05  1.29243E+00 
4.08999E+01 1.24499E+00  5.20719E-05  1.29745E+00 
4.09999E+01 1.24999E+00  5.27841E-05  1.30242E+00 
4.10999E+01 1.25499E+00  5.36216E-05  1.30742E+00 
4.11999E+01 1.25999E+00  5.43938E-05  1.31243E+00 
4.12999E+01 1.26499E+00  5.51753E-05  1.31745E+00 
4.13999E+01 1.26999E+00  5.60488E-05  1.32243E+00 
4.14999E+01 1.27499E+00  5.68778E-05  1.32743E+00 
4.15999E+01 1.27999E+00  5.78377E-05  1.33242E+00 
4.16999E+01 1.28499E+00  5.87768E-05  1.33744E+00 
4.17999E+01 1.28999E+00  5.97456E-05  1.34245E+00 
4.18999E+01 1.29499E+00  6.06725E-05  1.34742E+00 
4.19999E+01 1.29999E+00  6.15314E-05  1.35245E+00 
4.20999E+01 1.30499E+00  6.25516E-05  1.35743E+00 
4.21999E+01 1.30999E+00  6.35596E-05  1.36244E+00 
4.22999E+01 1.31499E+00  6.46402E-05  1.36745E+00 
4.23999E+01 1.31999E+00  6.56690E-05  1.37245E+00 
4.24999E+01 1.32499E+00  6.67546E-05  1.37746E+00 
4.25999E+01 1.32999E+00  6.78075E-05  1.38245E+00 
4.26999E+01 1.33499E+00  6.88763E-05  1.38745E+00 
4.27999E+01 1.33999E+00  6.99969E-05  1.39245E+00 
4.28999E+01 1.34499E+00  7.11001E-05  1.39745E+00 
4.29999E+01 1.34999E+00  7.22669E-05  1.40244E+00 
4.30999E+01 1.35499E+00  7.34410E-05  1.40745E+00 
4.31999E+01 1.35999E+00  7.46446E-05  1.41243E+00 
4.32999E+01 1.36499E+00  7.59026E-05  1.41745E+00 
4.33999E+01 1.36999E+00  7.71926E-05  1.42245E+00 
4.34999E+01 1.37499E+00  7.84977E-05  1.42748E+00 
4.35999E+01 1.37999E+00  7.98511E-05  1.43248E+00 
4.36999E+01 1.38499E+00  8.12277E-05  1.43748E+00 
4.37999E+01 1.38999E+00  8.29051E-05  1.44248E+00 
4.38999E+01 1.39499E+00  8.41322E-05  1.44748E+00 
4.39999E+01 1.39999E+00  8.57447E-05  1.45251E+00 
4.40999E+01 1.40499E+00  8.70670E-05  1.45749E+00 
4.41999E+01 1.40999E+00  8.84508E-05  1.46249E+00 
4.42999E+01 1.41499E+00  8.99544E-05  1.46750E+00 
4.43999E+01 1.41999E+00  9.16403E-05  1.47252E+00 
4.44999E+01 1.42499E+00  9.31914E-05  1.47753E+00 
4.45999E+01 1.42999E+00  9.47639E-05  1.48252E+00 
4.46999E+01 1.43499E+00  9.65193E-05  1.48750E+00 
4.47999E+01 1.43999E+00  9.84184E-05  1.49252E+00 
4.48999E+01 1.44499E+00  1.00143E-04  1.49752E+00 
4.49999E+01 1.44999E+00  1.02080E-04  1.50252E+00 
4.50999E+01 1.45499E+00  1.03946E-04  1.50749E+00 
4.51999E+01 1.45999E+00  1.05954E-04  1.51252E+00 
4.52999E+01 1.46499E+00  1.08046E-04  1.51754E+00 
4.53999E+01 1.46999E+00  1.10367E-04  1.52251E+00 
4.54999E+01 1.47499E+00  1.12707E-04  1.52751E+00 
4.55999E+01 1.47999E+00  1.15147E-04  1.53251E+00 
4.56999E+01 1.48499E+00  1.17427E-04  1.53754E+00 
4.57999E+01 1.48999E+00  1.19605E-04  1.54251E+00 
4.58999E+01 1.49499E+00  1.22040E-04  1.54753E+00 
4.59999E+01 1.49999E+00  1.24354E-04  1.55252E+00 
4.60999E+01 1.50499E+00  1.26864E-04  1.55755E+00 
4.61999E+01 1.50999E+00  1.29404E-04  1.56251E+00 
4.62999E+01 1.51499E+00  1.32129E-04  1.56752E+00 
4.63999E+01 1.51999E+00  1.34863E-04  1.57253E+00 
4.64999E+01 1.52499E+00  1.37466E-04  1.57755E+00 
4.65999E+01 1.52999E+00  1.40239E-04  1.58253E+00 
4.66999E+01 1.53499E+00  1.43132E-04  1.58755E+00 
4.67999E+01 1.53999E+00  1.45929E-04  1.59253E+00 
4.68999E+01 1.54499E+00  1.48561E-04  1.59755E+00 
4.69999E+01 1.54999E+00  1.51275E-04  1.60256E+00 
4.70999E+01 1.55499E+00  1.54646E-04  1.60756E+00 
4.71999E+01 1.55999E+00  1.57345E-04  1.61256E+00 
4.72999E+01 1.56499E+00  1.60078E-04  1.61757E+00 
4.73999E+01 1.56999E+00  1.63184E-04  1.62260E+00 
4.74999E+01 1.57499E+00  1.66509E-04  1.62760E+00 
4.75999E+01 1.57999E+00  1.69080E-04  1.63260E+00 
4.76999E+01 1.58499E+00  1.71711E-04  1.63758E+00 
4.77999E+01 1.58999E+00  1.74930E-04  1.64260E+00 
4.78999E+01 1.59499E+00  1.77861E-04  1.64759E+00 
4.79999E+01 1.59999E+00  1.80575E-04  1.65258E+00 
4.80999E+01 1.60499E+00  1.83558E-04  1.65758E+00 
4.81999E+01 1.60999E+00  1.86637E-04  1.66261E+00 
4.82999E+01 1.61499E+00  1.89412E-04  1.66761E+00 
4.83999E+01 1.61999E+00  1.92023E-04  1.67261E+00 
4.84999E+01 1.62499E+00  1.94883E-04  1.67761E+00 
4.85999E+01 1.62999E+00  1.97954E-04  1.68261E+00 
4.86999E+01 1.63499E+00  2.01322E-04  1.68762E+00 
4.87999E+01 1.63999E+00  2.04208E-04  1.69264E+00 
4.88999E+01 1.64499E+00  2.07361E-04  1.69763E+00 
4.89999E+01 1.64999E+00  2.10242E-04  1.70261E+00 
4.90999E+01 1.65499E+00  2.13703E-04  1.70762E+00 
4.91999E+01 1.65999E+00  2.16781E-04  1.71261E+00 
4.92999E+01 1.66499E+00  2.19801E-04  1.71761E+00 
4.93999E+01 1.66999E+00  2.23053E-04  1.72262E+00 
4.94999E+01 1.67499E+00  2.26473E-04  1.72764E+00 
4.95999E+01 1.67999E+00  2.29406E-04  1.73264E+00 
4.96999E+01 1.68499E+00  2.32712E-04  1.73764E+00 
4.97999E+01 1.68999E+00  2.36115E-04  1.74261E+00 
4.98999E+01 1.69499E+00  2.39452E-04  1.74763E+00 
4.99999E+01 1.69999E+00  2.42003E-04  1.75265E+00 
5.00999E+01 1.70499E+00  2.44734E-04  1.75767E+00 
5.01999E+01 1.70999E+00  2.47972E-04  1.76269E+00 
5.02999E+01 1.71499E+00  2.50511E-04  1.76767E+00 
5.03999E+01 1.71999E+00  2.53664E-04  1.77265E+00 
5.04999E+01 1.72499E+00  2.56433E-04  1.77765E+00 
5.05999E+01 1.72999E+00  2.59143E-04  1.78267E+00 
5.06999E+01 1.73499E+00  2.62716E-04  1.78766E+00 
5.07999E+01 1.73999E+00  2.65327E-04  1.79267E+00 
5.08999E+01 1.74499E+00  2.68418E-04  1.79767E+00 
5.09999E+01 1.74999E+00  2.70602E-04  1.80269E+00 
5.10999E+01 1.75499E+00  2.73516E-04  1.80769E+00 
5.11999E+01 1.75999E+00  2.76620E-04  1.81268E+00 
5.12999E+01 1.76499E+00  2.80585E-04  1.81769E+00 
5.13999E+01 1.76999E+00  2.83259E-04  1.82270E+00 
5.14999E+01 1.77499E+00  2.85879E-04  1.82771E+00 
5.15999E+01 1.77999E+00  2.88955E-04  1.83271E+00 
5.16999E+01 1.78499E+00  2.92077E-04  1.83770E+00 
5.17999E+01 1.78999E+00  2.94206E-04  1.84271E+00 
5.18999E+01 1.79499E+00  2.97853E-04  1.84771E+00 
5.19999E+01 1.79999E+00  3.00542E-04  1.85270E+00 
5.20999E+01 1.79499E+00  2.95378E-04  1.84772E+00 
5.21999E+01 1.78999E+00  2.89979E-04  1.84270E+00 
5.22999E+01 1.78499E+00  2.85005E-04  1.83769E+00 
5.23999E+01 1.77999E+00  2.80132E-04  1.83270E+00 
5.24999E+01 1.77499E+00  2.75257E-04  1.82770E+00 
5.25999E+01 1.76999E+00  2.70596E-04  1.82271E+00 
5.26999E+01 1.76499E+00  2.65701E-04  1.81767E+00 
5.27999E+01 1.75999E+00  2.60801E-04  1.81271E+00 
5.28999E+01 1.75499E+00  2.56089E-04  1.80771E+00 
5.29999E+01 1.74999E+00  2.51624E-04  1.80271E+00 
5.30999E+01 1.74499E+00  2.47254E-04  1.79770E+00 
5.31999E+01 1.73999E+00  2.42585E-04  1.79271E+00 
5.32999E+01 1.73499E+00  2.38378E-04  1.78773E+00 
5.33999E+01 1.72999E+00  2.34231E-04  1.78271E+00 
5.34999E+01 1.72499E+00  2.29936E-04  1.77769E+00 
5.35999E+01 1.71999E+00  2.25783E-04  1.77270E+00 
5.36999E+01 1.71499E+00  2.21878E-04  1.76768E+00 
5.37999E+01 1.70999E+00  2.17883E-04  1.76268E+00 
5.38999E+01 1.70499E+00  2.13536E-04  1.75767E+00 
5.39999E+01 1.69999E+00  2.10060E-04  1.75268E+00 
5.40999E+01 1.69499E+00  2.05801E-04  1.74764E+00 
5.41999E+01 1.68999E+00  2.02241E-04  1.74264E+00 
5.42999E+01 1.68499E+00  1.98338E-04  1.73764E+00 
5.43999E+01 1.67999E+00  1.94381E-04  1.73264E+00 
5.44999E+01 1.67499E+00  1.91042E-04  1.72765E+00 
5.45999E+01 1.66999E+00  1.86873E-04  1.72262E+00 
5.46999E+01 1.66499E+00  1.83352E-04  1.71764E+00 
5.47999E+01 1.65999E+00  1.80070E-04  1.71261E+00 
5.48999E+01 1.65499E+00  1.76632E-04  1.70762E+00 
5.49999E+01 1.64999E+00  1.73029E-04  1.70260E+00 
5.50999E+01 1.64499E+00  1.69475E-04  1.69762E+00 
5.51999E+01 1.63999E+00  1.65679E-04  1.69262E+00 
5.52999E+01 1.63499E+00  1.62380E-04  1.68761E+00 
5.53999E+01 1.62999E+00  1.59367E-04  1.68259E+00 
5.54999E+01 1.62499E+00  1.55676E-04  1.67757E+00 
5.55999E+01 1.61999E+00  1.52477E-04  1.67261E+00 
5.56999E+01 1.61499E+00  1.49146E-04  1.66762E+00 
5.57999E+01 1.60999E+00  1.45648E-04  1.66258E+00 
5.58999E+01 1.60499E+00  1.42551E-04  1.65758E+00 
5.59999E+01 1.59999E+00  1.39334E-04  1.65259E+00 
5.60999E+01 1.59499E+00  1.36282E-04  1.64760E+00 
5.61999E+01 1.58999E+00  1.33294E-04  1.64257E+00 
5.62999E+01 1.58499E+00  1.30196E-04  1.63755E+00 
5.63999E+01 1.57999E+00  1.27498E-04  1.63258E+00 
5.64999E+01 1.57499E+00  1.24425E-04  1.62759E+00 
5.65999E+01 1.56999E+00  1.21616E-04  1.62260E+00 
5.66999E+01 1.56499E+00  1.18680E-04  1.61756E+00 
5.67999E+01 1.55999E+00  1.15789E-04  1.61258E+00 
5.68999E+01 1.55499E+00  1.13078E-04  1.60756E+00 
5.69999E+01 1.54999E+00  1.10305E-04  1.60256E+00 
5.70999E+01 1.54499E+00  1.07612E-04  1.59757E+00 
5.71999E+01 1.53999E+00  1.04989E-04  1.59256E+00 
5.72999E+01 1.53499E+00  1.02424E-04  1.58757E+00 
5.73999E+01 1.52999E+00  9.98278E-05  1.58257E+00 
5.74999E+01 1.52499E+00  9.73020E-05  1.57755E+00 
5.75999E+01 1.51999E+00  9.46927E-05  1.57254E+00 
5.76999E+01 1.51499E+00  9.22680E-05  1.56754E+00 
5.77999E+01 1.50999E+00  8.97624E-05  1.56255E+00 
5.78999E+01 1.50499E+00  8.75659E-05  1.55754E+00 
5.79999E+01 1.49999E+00  8.49603E-05  1.55253E+00 
5.80999E+01 1.49499E+00  8.26519E-05  1.54751E+00 
5.81999E+01 1.48999E+00  8.03102E-05  1.54252E+00 
5.82999E+01 1.48499E+00  7.80936E-05  1.53753E+00 
5.83999E+01 1.47999E+00  7.58889E-05  1.53253E+00 
5.84999E+01 1.47499E+00  7.40639E-05  1.52753E+00 
5.85999E+01 1.46999E+00  7.20937E-05  1.52252E+00 
5.86999E+01 1.46499E+00  6.99644E-05  1.51750E+00 
5.87999E+01 1.45999E+00  6.77654E-05  1.51253E+00 
5.88999E+01 1.45499E+00  6.55788E-05  1.50752E+00 
5.89999E+01 1.44999E+00  6.35075E-05  1.50253E+00 
5.90999E+01 1.44499E+00  6.14671E-05  1.49752E+00 
5.91999E+01 1.43999E+00  5.94327E-05  1.49252E+00 
5.92999E+01 1.43499E+00  5.75945E-05  1.48752E+00 
5.93999E+01 1.42999E+00  5.57243E-05  1.48250E+00 
5.94999E+01 1.42499E+00  5.38978E-05  1.47751E+00 
5.95999E+01 1.41999E+00  5.21160E-05  1.47253E+00 
5.96999E+01 1.41499E+00  5.03727E-05  1.46751E+00 
5.97999E+01 1.40999E+00  4.87159E-05  1.46250E+00 
5.98999E+01 1.40499E+00  4.70866E-05  1.45748E+00 
5.99998E+01 1.39999E+00  4.55109E-05  1.45251E+00 
6.00998E+01 1.39499E+00  4.39666E-05  1.44749E+00 
6.01998E+01 1.38999E+00  4.23907E-05  1.44249E+00 
6.02998E+01 1.38499E+00  4.09060E-05  1.43750E+00 
6.03998E+01 1.37999E+00  3.94865E-05  1.43247E+00 
6.04998E+01 1.37499E+00  3.81140E-05  1.42749E+00 
6.05998E+01 1.36999E+00  3.67625E-05  1.42248E+00 
6.06998E+01 1.36499E+00  3.49845E-05  1.41745E+00 
6.07998E+01 1.35999E+00  3.37125E-05  1.41242E+00 
6.08998E+01 1.35499E+00  3.25121E-05  1.40744E+00 
6.09998E+01 1.34999E+00  3.13002E-05  1.40244E+00 
6.10998E+01 1.34499E+00  3.01567E-05  1.39745E+00 
6.11998E+01 1.33999E+00  2.90479E-05  1.39245E+00 
6.12998E+01 1.33499E+00  2.79913E-05  1.38747E+00 
6.13998E+01 1.32999E+00  2.69740E-05  1.38244E+00 
6.14998E+01 1.32499E+00  2.59554E-05  1.37743E+00 
6.15998E+01 1.31999E+00  2.50228E-05  1.37244E+00 
6.16998E+01 1.31499E+00  2.41299E-05  1.36744E+00 
6.17998E+01 1.30999E+00  2.32346E-05  1.36244E+00 
6.18998E+01 1.30499E+00  2.24043E-05  1.35745E+00 
6.19998E+01 1.29999E+00  2.15706E-05  1.35243E+00 
6.20998E+01 1.29499E+00  2.07554E-05  1.34743E+00 
6.21998E+01 1.28999E+00  1.99898E-05  1.34242E+00 
6.22998E+01 1.28499E+00  1.92663E-05  1.33745E+00 
6.23998E+01 1.27999E+00  1.85865E-05  1.33243E+00 
6.24998E+01 1.27499E+00  1.79648E-05  1.32742E+00 
6.25998E+01 1.26999E+00  1.72927E-05  1.32242E+00 
6.26998E+01 1.26499E+00  1.66536E-05  1.31741E+00 
6.27998E+01 1.25999E+00  1.60927E-05  1.31242E+00 
6.28998E+01 1.25499E+00  1.55376E-05  1.30740E+00 
6.29998E+01 1.24999E+00  1.50154E-05  1.30241E+00 
6.30998E+01 1.24499E+00  1.45044E-05  1.29742E+00 
6.31998E+01 1.23999E+00  1.40121E-05  1.29242E+00 
6.32998E+01 1.23499E+00  1.35550E-05  1.28739E+00 
6.33998E+01 1.22999E+00  1.31503E-05  1.28242E+00 
6.34998E+01 1.22499E+00  1.27209E-05  1.27743E+00 
6.35998E+01 1.21999E+00  1.23351E-05  1.27242E+00 
6.36998E+01 1.21499E+00  1.19615E-05  1.26741E+00 
6.37998E+01 1.20999E+00  1.16076E-05  1.26241E+00 
6.38998E+01 1.20499E+00  1.12783E-05  1.25740E+00 
6.39998E+01 1.19999E+00  1.09793E-05  1.25242E+00 
6.40998E+01 1.19500E+00  1.06736E-05  1.24739E+00 
6.41998E+01 1.19000E+00  1.03816E-05  1.24239E+00 
6.42998E+01 1.18500E+00  1.01003E-05  1.23740E+00 
6.43998E+01 1.18000E+00  9.84553E-06  1.23241E+00 
6.44998E+01 1.17500E+00  9.60076E-06  1.22742E+00 
6.45998E+01 1.17000E+00  9.36497E-06  1.22238E+00 
6.46998E+01 1.16500E+00  9.14635E-06  1.21738E+00 
6.47998E+01 1.16000E+00  8.94122E-06  1.21241E+00 
6.48998E+01 1.15500E+00  8.75189E-06  1.20740E+00 
6.49998E+01 1.15000E+00  8.56886E-06  1.20236E+00 
6.50998E+01 1.14500E+00  8.39786E-06  1.19737E+00 
6.51998E+01 1.14000E+00  8.22517E-06  1.19238E+00 
6.52998E+01 1.13500E+00  8.07181E-06  1.18738E+00 
6.53998E+01 1.13000E+00  7.91805E-06  1.18236E+00 
6.54998E+01 1.12500E+00  7.76933E-06  1.17736E+00 
6.55998E+01 1.12000E+00  7.61664E-06  1.17236E+00 
6.56998E+01 1.11500E+00  7.48955E-06  1.16737E+00 
6.57998E+01 1.11000E+00  7.36913E-06  1.16236E+00 
6.58998E+01 1.10500E+00  7.24356E-06  1.15735E+00 
6.59998E+01 1.10000E+00  7.13524E-06  1.15237E+00 
6.60998E+01 1.09500E+00  7.02446E-06  1.14737E+00 
6.61998E+01 1.09000E+00  6.90319E-06  1.14233E+00 
6.62998E+01 1.08500E+00  6.80284E-06  1.13734E+00 
6.63998E+01 1.08000E+00  6.71234E-06  1.13237E+00 
6.64998E+01 1.07500E+00  6.61379E-06  1.12735E+00 
6.65998E+01 1.07000E+00  6.51934E-06  1.12233E+00 
6.66998E+01 1.06500E+00  6.43488E-06  1.11733E+00 
6.67998E+01 1.06000E+00  6.34688E-06  1.11231E+00 
6.68998E+01 1.05500E+00  6.26030E-06  1.10731E+00 
6.69998E+01 1.05000E+00  6.18994E-06  1.10229E+00 
6.70998E+01 1.04500E+00  6.11144E-06  1.09728E+00 
6.71998E+01 1.04000E+00  6.02735E-06  1.09230E+00 
6.72998E+01 1.03500E+00  5.94865E-06  1.08732E+00 
6.73998E+01 1.03000E+00  5.87547E-06  1.08229E+00 
6.74998E+01 1.02500E+00  5.79991E-06  1.07729E+00 
6.75998E+01 1.02000E+00  5.72765E-06  1.07229E+00 
6.76998E+01 1.01500E+00  5.66319E-06  1.06727E+00 
6.77998E+01 1.01000E+00  5.59678E-06  1.06226E+00 
6.78998E+01 1.00500E+00  5.53527E-06  1.05728E+00 
6.79998E+01 9.99995E-01  5.47279E-06  1.05228E+00 
6.80998E+01 9.94996E-01  5.41660E-06  1.04728E+00 
6.81998E+01 9.89996E-01  5.34745E-06  1.04228E+00 
6.82998E+01 9.84996E-01  5.28036E-06  1.03727E+00 
6.83998E+01 9.79996E-01  5.22162E-06  1.03228E+00 
6.84998E+01 9.74996E-01  5.15814E-06  1.02728E+00 
6.85998E+01 9.69996E-01  5.09756E-06  1.02226E+00 
6.86998E+01 9.64996E-01  5.03867E-06  1.01726E+00 
6.87998E+01 9.59996E-01  4.97906E-06  1.01227E+00 
6.88998E+01 9.54996E-01  4.92447E-06  1.00724E+00 
6.89998E+01 9.49996E-01  4.86206E-06  1.00223E+00 
6.90998E+01 9.44996E-01  4.80513E-06  9.97252E-01 
6.91998E+01 9.39996E-01  4.74874E-06  9.92267E-01 
6.92998E+01 9.34996E-01  4.69498E-06  9.87272E-01 
6.93998E+01 9.29996E-01  4.63257E-06  9.82251E-01 
6.94998E+01 9.24996E-01  4.57421E-06  9.77243E-01 
6.95998E+01 9.19996E-01  4.51885E-06  9.72271E-01 
6.96998E+01 9.14996E-01  4.46296E-06  9.67250E-01 
6.97998E+01 9.09996E-01  4.40805E-06  9.62248E-01 
6.98998E+01 9.04996E-01  4.34699E-06  9.57227E-01 
6.99998E+01 8.99996E-01  4.28873E-06  9.52217E-01 
7.00998E+01 8.94996E-01  4.23342E-06  9.47231E-01 
7.01998E+01 8.89996E-01  4.17580E-06  9.42220E-01 
7.02998E+01 8.84996E-01  4.12062E-06  9.37216E-01 
7.03998E+01 8.79996E-01  4.05678E-06  9.32227E-01 
7.04998E+01 8.74996E-01  3.99775E-06  9.27216E-01 
7.05998E+01 8.69996E-01  3.93856E-06  9.22225E-01 
7.06998E+01 8.64996E-01  3.83794E-06  9.17215E-01 
7.07998E+01 8.59996E-01  3.77622E-06  9.12197E-01 
7.08998E+01 8.54996E-01  3.71592E-06  9.07170E-01 
7.09998E+01 8.49996E-01  3.64325E-06  9.02205E-01 
7.10998E+01 8.44996E-01  3.58462E-06  8.97199E-01 
7.11998E+01 8.39996E-01  3.52674E-06  8.92187E-01 
7.12998E+01 8.34996E-01  3.46291E-06  8.87181E-01 
7.13998E+01 8.29996E-01  3.40071E-06  8.82177E-01 
7.14998E+01 8.24996E-01  3.33624E-06  8.77181E-01 
7.15998E+01 8.19996E-01  3.27812E-06  8.72173E-01 
7.16998E+01 8.14996E-01  3.21828E-06  8.67169E-01 
7.17998E+01 8.09996E-01  3.15760E-06  8.62168E-01 
7.18998E+01 8.04996E-01  3.08387E-06  8.57192E-01 
7.19998E+01 7.99996E-01  3.02644E-06  8.52164E-01 
7.20998E+01 7.94996E-01  2.97123E-06  8.47170E-01 
7.21998E+01 7.89996E-01  2.90775E-06  8.42184E-01 
7.22998E+01 7.84996E-01  2.84392E-06  8.37185E-01 
7.23998E+01 7.79996E-01  2.77231E-06  8.32182E-01 
7.24998E+01 7.74996E-01  2.70316E-06  8.27185E-01 
7.25998E+01 7.69996E-01  2.60979E-06  8.22178E-01 
7.26998E+01 7.64996E-01  2.56386E-06  8.17185E-01 
7.27998E+01 7.59996E-01  2.51089E-06  8.12167E-01 
7.28998E+01 7.54996E-01  2.43915E-06  8.07154E-01 
7.29998E+01 7.49996E-01  2.37063E-06  8.02177E-01 
7.30998E+01 7.44996E-01  2.29822E-06  7.97157E-01 
7.31998E+01 7.39996E-01  2.22413E-06  7.92121E-01 
7.32998E+01 7.34996E-01  2.18620E-06  7.87138E-01 
7.33998E+01 7.29996E-01  2.09332E-06  7.82116E-01 
7.34998E+01 7.24996E-01  2.00853E-06  7.77109E-01 
7.35998E+01 7.19996E-01  1.95068E-06  7.72089E-01 
7.36998E+01 7.14996E-01  1.88378E-06  7.67095E-01 
7.37998E+01 7.09996E-01  1.81377E-06  7.62112E-01 
7.38998E+01 7.04996E-01  1.72805E-06  7.57116E-01 
7.39998E+01 6.99996E-01  1.65396E-06  7.52099E-01 
7.40998E+01 6.94996E-01  1.54988E-06  7.47113E-01 
7.41998E+01 6.89996E-01  1.49123E-06  7.42117E-01 
7.42998E+01 6.84996E-01  1.44172E-06  7.37100E-01 
7.43998E+01 6.79996E-01  1.33628E-06  7.32095E-01 
7.44998E+01 6.74996E-01  1.26945E-06  7.27093E-01 
7.45998E+01 6.69996E-01  1.18231E-06  7.22085E-01 
7.46998E+01 6.64996E-01  1.09087E-06  7.17093E-01 
7.47998E+01 6.59996E-01  1.00555E-06  7.12086E-01 
7.48998E+01 6.54996E-01  9.30150E-07  7.07076E-01 
7.49998E+01 6.49996E-01  8.47015E-07  7.02104E-01 
7.50998E+01 6.44996E-01  7.93906E-07  6.97078E-01 
7.51998E+01 6.39996E-01  7.14494E-07  6.92070E-01 
7.52998E+01 6.34996E-01  6.22822E-07  6.87082E-01 
7.53998E+01 6.29996E-01  5.28888E-07  6.82099E-01 
7.54998E+01 6.24996E-01  4.38403E-07  6.77097E-01 
7.55998E+01 6.19996E-01  3.52915E-07  6.72091E-01 
7.56998E+01 6.14996E-01  2.58255E-07  6.67097E-01 
7.57998E+01 6.09996E-01  1.73194E-07  6.62096E-01 
7.58998E+01 6.04996E-01  7.66135E-08  6.57093E-01 
7.59998E+01 5.99996E-01  2.14272E-09  6.52056E-01 
7.60998E+01 5.94997E-01  -8.03100E-08 6.47060E-01 
7.61998E+01 5.89997E-01  -1.74870E-07 6.42063E-01 
7.62998E+01 5.84997E-01  -2.69864E-07 6.37072E-01 
7.63998E+01 5.79997E-01  -3.88609E-07 6.32050E-01 
7.64998E+01 5.74997E-01  -4.46639E-07 6.27051E-01 
7.65998E+01 5.69997E-01  -5.11884E-07 6.22050E-01 
7.66998E+01 5.64997E-01  -6.24648E-07 6.17042E-01 
7.67998E+01 5.59997E-01  -7.27999E-07 6.12052E-01 
7.68998E+01 5.54997E-01  -8.16095E-07 6.07039E-01 
7.69998E+01 5.49997E-01  -9.35685E-07 6.02015E-01 
7.70998E+01 5.44997E-01  -1.02928E-06 5.97042E-01 
7.71998E+01 5.39997E-01  -1.12078E-06 5.92037E-01 
7.72998E+01 5.34997E-01  -1.22205E-06 5.87024E-01 
7.73998E+01 5.29997E-01  -1.33070E-06 5.82037E-01 
7.74998E+01 5.24997E-01  -1.42793E-06 5.77023E-01 
7.75998E+01 5.19997E-01  -1.51950E-06 5.72034E-01 
7.76998E+01 5.14997E-01  -1.63005E-06 5.67023E-01 
7.77998E+01 5.09997E-01  -1.74284E-06 5.62015E-01 
7.78998E+01 5.04997E-01  -1.86846E-06 5.57003E-01 
7.79998E+01 4.99997E-01  -1.96863E-06 5.52016E-01 
7.80998E+01 4.94997E-01  -2.08167E-06 5.47019E-01 
7.81998E+01 4.89997E-01  -2.19575E-06 5.41977E-01 
7.82998E+01 4.84997E-01  -2.31267E-06 5.36982E-01 
7.83998E+01 4.79997E-01  -2.45450E-06 5.31975E-01 
7.84998E+01 4.74997E-01  -2.55806E-06 5.26993E-01 
7.85998E+01 4.69997E-01  -2.68209E-06 5.21985E-01 
7.86998E+01 4.64997E-01  -2.81343E-06 5.16991E-01 
7.87998E+01 4.59997E-01  -2.95185E-06 5.11984E-01 
7.88998E+01 4.54997E-01  -3.13408E-06 5.06962E-01 
7.89998E+01 4.49997E-01  -3.31988E-06 5.01962E-01 
7.90998E+01 4.44997E-01  -3.45944E-06 4.96974E-01 
7.91998E+01 4.39997E-01  -3.61941E-06 4.91989E-01 
7.92998E+01 4.34997E-01  -3.76969E-06 4.86974E-01 
7.93998E+01 4.29997E-01  -3.90509E-06 4.81956E-01 
7.94998E+01 4.24997E-01  -4.03098E-06 4.76946E-01 
7.95998E+01 4.19997E-01  -4.22357E-06 4.71938E-01 
7.96998E+01 4.14997E-01  -4.42103E-06 4.66961E-01 
7.97998E+01 4.09997E-01  -4.63166E-06 4.61923E-01 
7.98998E+01 4.04997E-01  -4.82637E-06 4.56954E-01 
7.99998E+01 3.99997E-01  -5.04606E-06 4.51920E-01 
8.00998E+01 3.94997E-01  -5.24697E-06 4.46926E-01 
8.01998E+01 3.89997E-01  -5.46937E-06 4.41900E-01 
8.02998E+01 3.84997E-01  -5.67814E-06 4.36908E-01 
8.03998E+01 3.79997E-01  -5.91383E-06 4.31910E-01 
8.04998E+01 3.74997E-01  -6.16165E-06 4.26901E-01 
8.05998E+01 3.69997E-01  -6.40159E-06 4.21897E-01 
8.06998E+01 3.64997E-01  -6.66980E-06 4.16911E-01 
8.07998E+01 3.59997E-01  -6.94486E-06 4.11924E-01 
8.08998E+01 3.54997E-01  -7.22584E-06 4.06918E-01 
8.09998E+01 3.49997E-01  -7.51208E-06 4.01913E-01 
8.10998E+01 3.44997E-01  -7.80801E-06 3.96905E-01 
8.11998E+01 3.39997E-01  -8.11048E-06 3.91934E-01 
8.12998E+01 3.34997E-01  -8.41920E-06 3.86902E-01 
8.13998E+01 3.29997E-01  -8.74447E-06 3.81919E-01 
8.14998E+01 3.24997E-01  -9.10174E-06 3.76915E-01 
8.15998E+01 3.19997E-01  -9.44318E-06 3.71906E-01 
8.16998E+01 3.14997E-01  -9.81710E-06 3.66903E-01 
8.17998E+01 3.09997E-01  -1.01827E-05 3.61891E-01 
8.18998E+01 3.04997E-01  -1.05735E-05 3.56897E-01 
8.19998E+01 2.99997E-01  -1.09839E-05 3.51929E-01 
8.20998E+01 2.94997E-01  -1.13903E-05 3.46895E-01 
8.21998E+01 2.89997E-01  -1.17926E-05 3.41891E-01 
8.22998E+01 2.84997E-01  -1.22218E-05 3.36902E-01 
8.23998E+01 2.79997E-01  -1.26814E-05 3.31888E-01 
8.24998E+01 2.74997E-01  -1.31269E-05 3.26875E-01 
8.25998E+01 2.69997E-01  -1.35765E-05 3.21876E-01 
8.26998E+01 2.64997E-01  -1.40675E-05 3.16882E-01 
8.27998E+01 2.59997E-01  -1.45440E-05 3.11888E-01 
8.28998E+01 2.54997E-01  -1.50199E-05 3.06878E-01 
8.29998E+01 2.49997E-01  -1.55529E-05 3.01870E-01 
8.30998E+01 2.44997E-01  -1.60659E-05 2.96852E-01 
8.31998E+01 2.39997E-01  -1.65639E-05 2.91849E-01 
8.32998E+01 2.34997E-01  -1.71060E-05 2.86856E-01 
8.33998E+01 2.29997E-01  -1.76355E-05 2.81887E-01 
8.34998E+01 2.24997E-01  -1.81629E-05 2.76863E-01 
8.35998E+01 2.19997E-01  -1.87094E-05 2.71838E-01 
8.36998E+01 2.14997E-01  -1.92542E-05 2.66838E-01 
8.37998E+01 2.09997E-01  -1.97893E-05 2.61829E-01 
8.38998E+01 2.04997E-01  -2.03373E-05 2.56834E-01 
8.39998E+01 1.99997E-01  -2.08941E-05 2.51824E-01 
8.40998E+01 1.94998E-01  -2.14230E-05 2.46826E-01 
8.41998E+01 1.89998E-01  -2.19174E-05 2.41822E-01 
8.42998E+01 1.84998E-01  -2.24574E-05 2.36808E-01 
8.43998E+01 1.79998E-01  -2.29958E-05 2.31802E-01 
8.44998E+01 1.74998E-01  -2.34990E-05 2.26815E-01 
8.45998E+01 1.69998E-01  -2.40450E-05 2.21824E-01 
8.46998E+01 1.64998E-01  -2.45444E-05 2.16798E-01 
8.47998E+01 1.59998E-01  -2.50615E-05 2.11792E-01 
8.48998E+01 1.54998E-01  -2.55643E-05 2.06813E-01 
8.49998E+01 1.49998E-01  -2.60609E-05 2.01791E-01 
8.50998E+01 1.44998E-01  -2.65274E-05 1.96789E-01 
8.51998E+01 1.39998E-01  -2.69918E-05 1.91781E-01 
8.52998E+01 1.34998E-01  -2.74546E-05 1.86784E-01 
8.53998E+01 1.29998E-01  -2.79111E-05 1.81808E-01 
8.54998E+01 1.24998E-01  -2.83388E-05 1.76797E-01 
8.55998E+01 1.19998E-01  -2.87591E-05 1.71781E-01 
8.56998E+01 1.14998E-01  -2.91712E-05 1.66806E-01 
8.57998E+01 1.09998E-01  -2.95579E-05 1.61803E-01 
8.58998E+01 1.04998E-01  -2.99998E-05 1.56806E-01 
8.59998E+01 9.99977E-02  -3.03690E-05 1.51790E-01 
8.60998E+01 9.49978E-02  -3.07695E-05 1.46783E-01 
8.61998E+01 8.99978E-02  -3.11826E-05 1.41780E-01 
8.62998E+01 8.49978E-02  -3.15380E-05 1.36764E-01 
8.63998E+01 7.99978E-02  -3.19307E-05 1.31766E-01 
8.64998E+01 7.49978E-02  -3.23613E-05 1.26773E-01 
8.65998E+01 6.99978E-02  -3.27079E-05 1.21782E-01 
8.66998E+01 6.49978E-02  -3.31340E-05 1.16770E-01 
8.67998E+01 5.99978E-02  -3.35093E-05 1.11755E-01 
8.68998E+01 5.49979E-02  -3.38643E-05 1.06763E-01 
8.69998E+01 4.99979E-02  -3.42073E-05 1.01769E-01 
8.70998E+01 4.49979E-02  -3.46020E-05 9.67557E-02 
8.71998E+01 3.99979E-02  -3.49454E-05 9.17461E-02 
8.72998E+01 3.49979E-02  -3.53041E-05 8.67489E-02 
8.73998E+01 2.99979E-02  -3.57186E-05 8.17761E-02 
8.74998E+01 2.49979E-02  -3.60528E-05 7.67639E-02 
8.75998E+01 1.99979E-02  -3.63984E-05 7.17312E-02 
8.76998E+01 1.49980E-02  -3.67581E-05 6.67371E-02 
8.77998E+01 9.99797E-03  -3.71045E-05 6.17662E-02 
8.78998E+01 4.99799E-03  -3.74727E-05 5.67309E-02 
8.79998E+01 -2.00000E-06 -3.78295E-05 5.17543E-02 
8.80998E+01 -5.00199E-03 -3.81990E-05 4.67134E-02 
8.81998E+01 -1.00020E-02 -3.85568E-05 4.17288E-02 
8.82998E+01 -1.50020E-02 -3.88894E-05 3.67372E-02 
8.83998E+01 -2.00020E-02 -3.92160E-05 3.17107E-02 
8.84998E+01 -2.50019E-02 -3.95236E-05 2.66967E-02 
8.85998E+01 -3.00019E-02 -3.98870E-05 2.17363E-02 
8.86998E+01 -3.50019E-02 -4.02287E-05 1.67354E-02 
8.87998E+01 -4.00019E-02 -4.05521E-05 1.17039E-02 
8.88998E+01 -4.50019E-02 -4.08936E-05 6.70858E-03 
8.89998E+01 -5.00019E-02 -4.12077E-05 1.71891E-03 
8.90998E+01 -5.50019E-02 -4.15409E-05 -3.27951E-03
8.91998E+01 -6.00019E-02 -4.19241E-05 -8.32598E-03
8.92998E+01 -6.50018E-02 -4.22993E-05 -1.33276E-02
8.93998E+01 -7.00018E-02 -4.26823E-05 -1.83359E-02
8.94998E+01 -7.50018E-02 -4.30894E-05 -2.33338E-02
8.95998E+01 -8.00018E-02 -4.34288E-05 -2.83335E-02
8.96998E+01 -8.50018E-02 -4.38275E-05 -3.33263E-02
8.97998E+01 -9.00018E-02 -4.42832E-05 -3.83297E-02
8.98998E+01 -9.50018E-02 -4.47012E-05 -4.33343E-02
8.99998E+01 -1.00002E-01 -4.51061E-05 -4.83328E-02
9.00998E+01 -1.05002E-01 -4.55264E-05 -5.33443E-02
9.01998E+01 -1.10002E-01 -4.60244E-05 -5.83346E-02
9.02998E+01 -1.15002E-01 -4.65170E-05 -6.33399E-02
9.03998E+01 -1.20002E-01 -4.69736E-05 -6.83458E-02
9.04998E+01 -1.25002E-01 -4.74916E-05 -7.33205E-02
9.05998E+01 -1.30002E-01 -4.80542E-05 -7.83339E-02
9.06998E+01 -1.35002E-01 -4.85796E-05 -8.33386E-02
9.07998E+01 -1.40002E-01 -4.92009E-05 -8.83108E-02
9.08998E+01 -1.45002E-01 -4.98934E-05 -9.33485E-02
9.09998E+01 -1.50002E-01 -5.04551E-05 -9.83625E-02
9.10998E+01 -1.55002E-01 -5.11526E-05 -1.03345E-01
9.11998E+01 -1.60002E-01 -5.18174E-05 -1.08321E-01
9.12998E+01 -1.65002E-01 -5.25975E-05 -1.13333E-01
9.13998E+01 -1.70002E-01 -5.33970E-05 -1.18333E-01
9.14998E+01 -1.75002E-01 -5.42478E-05 -1.23358E-01
9.15998E+01 -1.80002E-01 -5.51093E-05 -1.28322E-01
9.16998E+01 -1.85002E-01 -5.60938E-05 -1.33335E-01
9.17998E+01 -1.90002E-01 -5.71382E-05 -1.38342E-01
9.18998E+01 -1.95002E-01 -5.83068E-05 -1.43360E-01
9.19998E+01 -2.00002E-01 -5.96479E-05 -1.48348E-01
9.20998E+01 -2.05001E-01 -6.12086E-05 -1.53349E-01
9.21998E+01 -2.10001E-01 -6.30735E-05 -1.58369E-01
9.22998E+01 -2.15001E-01 -6.51791E-05 -1.63376E-01
9.23998E+01 -2.20001E-01 -6.75900E-05 -1.68386E-01
9.24998E+01 -2.25001E-01 -7.02054E-05 -1.73387E-01
9.25998E+01 -2.30001E-01 -7.29914E-05 -1.78412E-01
9.26998E+01 -2.35001E-01 -7.59799E-05 -1.83393E-01
9.27998E+01 -2.40001E-01 -7.90496E-05 -1.88379E-01
9.28998E+01 -2.45001E-01 -8.21298E-05 -1.93398E-01
9.29998E+01 -2.50001E-01 -8.54782E-05 -1.98397E-01
9.30998E+01 -2.55001E-01 -8.87724E-05 -2.03387E-01
9.31998E+01 -2.60001E-01 -9.22829E-05 -2.08405E-01
9.32998E+01 -2.65001E-01 -9.56173E-05 -2.13401E-01
9.33998E+01 -2.70001E-01 -9.91514E-05 -2.18425E-01
9.34998E+01 -2.75001E-01 -1.02526E-04 -2.23397E-01
9.35998E+01 -2.80001E-01 -1.06070E-04 -2.28408E-01
9.36998E+01 -2.85001E-01 -1.09562E-04 -2.33398E-01
9.37998E+01 -2.90001E-01 -1.13008E-04 -2.38413E-01
9.38998E+01 -2.95001E-01 -1.16585E-04 -2.43414E-01
9.39998E+01 -3.00001E-01 -1.20234E-04 -2.48426E-01
9.40998E+01 -3.05001E-01 -1.23792E-04 -2.53407E-01
9.41998E+01 -3.10001E-01 -1.27460E-04 -2.58423E-01
9.42998E+01 -3.15001E-01 -1.31074E-04 -2.63430E-01
9.43998E+01 -3.20001E-01 -1.34750E-04 -2.68436E-01
9.44998E+01 -3.25001E-01 -1.38511E-04 -2.73416E-01
9.45998E+01 -3.30001E-01 -1.42218E-04 -2.78430E-01
9.46998E+01 -3.35001E-01 -1.45529E-04 -2.83441E-01
9.47998E+01 -3.40001E-01 -1.49391E-04 -2.88438E-01
9.48998E+01 -3.45001E-01 -1.52870E-04 -2.93433E-01
9.49998E+01 -3.50001E-01 -1.56323E-04 -2.98456E-01
9.50998E+01 -3.55001E-01 -1.60147E-04 -3.03480E-01
9.51998E+01 -3.60001E-01 -1.63458E-04 -3.08461E-01
9.52998E+01 -3.65001E-01 -1.67055E-04 -3.13440E-01
9.53998E+01 -3.70001E-01 -1.70789E-04 -3.18465E-01
9.54998E+01 -3.75001E-01 -1.74424E-04 -3.23463E-01
9.55998E+01 -3.80001E-01 -1.78019E-04 -3.28494E-01
9.56998E+01 -3.85001E-01 -1.81306E-04 -3.33469E-01
9.57998E+01 -3.90001E-01 -1.84832E-04 -3.38494E-01
9.58998E+01 -3.95001E-01 -1.88154E-04 -3.43476E-01
9.59998E+01 -4.00001E-01 -1.91695E-04 -3.48484E-01
9.60998E+01 -4.05001E-01 -1.95092E-04 -3.53511E-01
9.61998E+01 -4.10001E-01 -1.98487E-04 -3.58486E-01
9.62998E+01 -4.15001E-01 -2.01925E-04 -3.63504E-01
9.63998E+01 -4.20001E-01 -2.05324E-04 -3.68502E-01
9.64998E+01 -4.25001E-01 -2.08453E-04 -3.73504E-01
9.65998E+01 -4.30001E-01 -2.11849E-04 -3.78498E-01
9.66998E+01 -4.35001E-01 -2.14434E-04 -3.83489E-01
9.67998E+01 -4.40001E-01 -2.17422E-04 -3.88494E-01
9.68998E+01 -4.45001E-01 -2.20682E-04 -3.93512E-01
9.69998E+01 -4.50001E-01 -2.24070E-04 -3.98510E-01
9.70998E+01 -4.55001E-01 -2.26960E-04 -4.03509E-01
9.71998E+01 -4.60001E-01 -2.30094E-04 -4.08508E-01
9.72998E+01 -4.65001E-01 -2.33011E-04 -4.13511E-01
9.73998E+01 -4.70001E-01 -2.35914E-04 -4.18493E-01
9.74998E+01 -4.75001E-01 -2.38551E-04 -4.23514E-01
9.75998E+01 -4.80001E-01 -2.40892E-04 -4.28500E-01
9.76998E+01 -4.85001E-01 -2.43790E-04 -4.33516E-01
9.77998E+01 -4.90001E-01 -2.46201E-04 -4.38519E-01
9.78998E+01 -4.95001E-01 -2.48380E-04 -4.43505E-01
9.79998E+01 -5.00001E-01 -2.50523E-04 -4.48502E-01
9.80998E+01 -5.05001E-01 -2.51909E-04 -4.53527E-01
9.81998E+01 -5.10001E-01 -2.53622E-04 -4.58529E-01
9.82998E+01 -5.15001E-01 -2.54506E-04 -4.63510E-01
9.83998E+01 -5.20001E-01 -2.54500E-04 -4.68514E-01
9.84998E+01 -5.25001E-01 -2.53090E-04 -4.73529E-01
9.85998E+01 -5.30001E-01 -2.50001E-04 -4.78532E-01
9.86998E+01 -5.35001E-01 -2.44292E-04 -4.83532E-01
9.87998E+01 -5.40001E-01 -2.33262E-04 -4.88548E-01
9.88998E+01 -5.45001E-01 -2.13908E-04 -4.93544E-01
9.89998E+01 -5.50001E-01 -1.81014E-04 -4.98559E-01
9.90998E+01 -5.55001E-01 -1.41900E-04 -5.03553E-01
9.91998E+01 -5.60001E-01 -1.16818E-04 -5.08575E-01
9.92998E+01 -5.65001E-01 -1.01878E-04 -5.13581E-01
9.93998E+01 -5.70001E-01 -9.20001E-05 -5.18565E-01
9.94998E+01 -5.75001E-01 -8.47041E-05 -5.23551E-01
9.95998E+01 -5.80001E-01 -7.90575E-05 -5.28572E-01
9.96998E+01 -5.85001E-01 -7.43594E-05 -5.33568E-01
9.97998E+01 -5.90001E-01 -7.04670E-05 -5.38573E-01
9.98998E+01 -5.95001E-01 -6.71164E-05 -5.43559E-01
9.99997E+01 -6.00001E-01 -6.40978E-05 -5.48580E-01
1.00100E+02 -6.05000E-01 -6.14593E-05 -5.53582E-01
1.00200E+02 -6.10000E-01 -5.92153E-05 -5.58578E-01
1.00300E+02 -6.15000E-01 -5.71642E-05 -5.63565E-01
1.00400E+02 -6.20000E-01 -5.53486E-05 -5.68593E-01
1.00500E+02 -6.25000E-01 -5.36876E-05 -5.73596E-01
1.00600E+02 -6.30000E-01 -5.21902E-05 -5.78606E-01
1.00700E+02 -6.35000E-01 -5.08566E-05 -5.83613E-01
1.00800E+02 -6.40000E-01 -4.96061E-05 -5.88604E-01
1.00900E+02 -6.45000E-01 -4.84915E-05 -5.93618E-01
1.01000E+02 -6.50000E-01 -4.74665E-05 -5.98591E-01
1.01100E+02 -6.55000E-01 -4.65470E-05 -6.03575E-01
1.01200E+02 -6.60000E-01 -4.56953E-05 -6.08591E-01
1.01300E+02 -6.65000E-01 -4.49157E-05 -6.13616E-01
1.01400E+02 -6.70000E-01 -4.42453E-05 -6.18606E-01
1.01500E+02 -6.75000E-01 -4.35679E-05 -6.23591E-01
1.01600E+02 -6.80000E-01 -4.30492E-05 -6.28609E-01
1.01700E+02 -6.85000E-01 -4.25135E-05 -6.33616E-01
1.01800E+02 -6.90000E-01 -4.20468E-05 -6.38614E-01
1.01900E+02 -6.95000E-01 -4.16500E-05 -6.43632E-01
1.02000E+02 -7.00000E-01 -4.13002E-05 -6.48609E-01
1.02100E+02 -7.05000E-01 -4.10046E-05 -6.53628E-01
1.02200E+02 -7.10000E-01 -4.07555E-05 -6.58667E-01
1.02300E+02 -7.15000E-01 -4.09657E-05 -6.63631E-01
1.02400E+02 -7.20000E-01 -4.07719E-05 -6.68630E-01
1.02500E+02 -7.25000E-01 -4.05949E-05 -6.73649E-01
1.02600E+02 -7.30000E-01 -4.04924E-05 -6.78637E-01
1.02700E+02 -7.35000E-01 -4.03573E-05 -6.83645E-01
1.02800E+02 -7.40000E-01 -4.02539E-05 -6.88640E-01
1.02900E+02 -7.45000E-01 -4.01623E-05 -6.93626E-01
1.03000E+02 -7.50000E-01 -4.01019E-05 -6.98680E-01
1.03100E+02 -7.55000E-01 -4.00543E-05 -7.03647E-01
1.03200E+02 -7.60000E-01 -4.00596E-05 -7.08633E-01
1.03300E+02 -7.65000E-01 -4.00307E-05 -7.13660E-01
1.03400E+02 -7.70000E-01 -4.00268E-05 -7.18680E-01
1.03500E+02 -7.75000E-01 -3.99888E-05 -7.23666E-01
1.03600E+02 -7.80000E-01 -3.99834E-05 -7.28635E-01
1.03700E+02 -7.85000E-01 -3.99981E-05 -7.33667E-01
1.03800E+02 -7.90000E-01 -4.00216E-05 -7.38674E-01
1.03900E+02 -7.95000E-01 -4.00244E-05 -7.43672E-01
