time/s      E/V        I/A
0.00000E+00 -8.00000E-01 -1.35910E-04 -7.00137E-01
9.99997E-02 -7.95000E-01 -1.33143E-04 -6.95122E-01
1.99999E-01 -7.90000E-01 -1.30614E-04 -6.90111E-01
2.99999E-01 -7.85000E-01 -1.28288E-04 -6.85111E-01
3.99999E-01 -7.80000E-01 -1.26120E-04 -6.80119E-01
4.99999E-01 -7.75000E-01 -1.24007E-04 -6.75098E-01
5.99998E-01 -7.70000E-01 -1.22085E-04 -6.70101E-01
6.99998E-01 -7.65000E-01 -1.20231E-04 -6.65092E-01
7.99998E-01 -7.60000E-01 -1.18163E-04 -6.60116E-01
8.99998E-01 -7.55000E-01 -1.16322E-04 -6.55087E-01
9.99997E-01 -7.50000E-01 -1.14756E-04 -6.50064E-01
1.10000E+00 -7.45000E-01 -1.12874E-04 -6.45054E-01
1.20000E+00 -7.40000E-01 -1.11045E-04 -6.40073E-01
1.30000E+00 -7.35000E-01 -1.09076E-04 -6.35061E-01
1.40000E+00 -7.30000E-01 -1.07229E-04 -6.30058E-01
1.50000E+00 -7.25000E-01 -1.05719E-04 -6.25061E-01
1.60000E+00 -7.20000E-01 -1.04455E-04 -6.20065E-01
1.70000E+00 -7.15000E-01 -1.02988E-04 -6.15066E-01
1.80000E+00 -7.10000E-01 -1.01548E-04 -6.10061E-01
1.90000E+00 -7.05000E-01 -1.00088E-04 -6.05050E-01
1.99999E+00 -7.00000E-01 -9.85436E-05 -6.00058E-01
2.09999E+00 -6.95000E-01 -9.68610E-05 -5.95068E-01
2.19999E+00 -6.90000E-01 -9.55473E-05 -5.90038E-01
2.29999E+00 -6.85000E-01 -9.40728E-05 -5.85050E-01
2.39999E+00 -6.80000E-01 -9.27383E-05 -5.80041E-01
2.49999E+00 -6.75000E-01 -9.12359E-05 -5.75061E-01
2.59999E+00 -6.70000E-01 -8.98543E-05 -5.70050E-01
2.69999E+00 -6.65000E-01 -8.86220E-05 -5.65028E-01
2.79999E+00 -6.60000E-01 -8.73374E-05 -5.60034E-01
2.89999E+00 -6.55000E-01 -8.62829E-05 -5.55035E-01
2.99999E+00 -6.50000E-01 -8.48743E-05 -5.50032E-01
3.09999E+00 -6.45000E-01 -8.35875E-05 -5.45040E-01
3.19999E+00 -6.40000E-01 -8.24658E-05 -5.40010E-01
3.29999E+00 -6.35000E-01 -8.12754E-05 -5.35021E-01
3.39999E+00 -6.30000E-01 -8.01294E-05 -5.30032E-01
3.49999E+00 -6.25000E-01 -7.87833E-05 -5.25016E-01
3.59999E+00 -6.20000E-01 -7.76479E-05 -5.20032E-01
3.69999E+00 -6.15000E-01 -7.64206E-05 -5.15017E-01
3.79999E+00 -6.10000E-01 -7.52768E-05 -5.10034E-01
3.89999E+00 -6.05000E-01 -7.41693E-05 -5.05036E-01
3.99999E+00 -6.00001E-01 -7.29291E-05 -5.00010E-01
4.09999E+00 -5.95001E-01 -7.18221E-05 -4.95037E-01
4.19999E+00 -5.90001E-01 -7.06581E-05 -4.90029E-01
4.29999E+00 -5.85001E-01 -6.95140E-05 -4.85011E-01
4.39999E+00 -5.80001E-01 -6.83411E-05 -4.80003E-01
4.49999E+00 -5.75001E-01 -6.71354E-05 -4.74974E-01
4.59999E+00 -5.70001E-01 -6.61156E-05 -4.69968E-01
4.69999E+00 -5.65001E-01 -6.50171E-05 -4.64970E-01
4.79999E+00 -5.60001E-01 -6.39962E-05 -4.59979E-01
4.89999E+00 -5.55001E-01 -6.29741E-05 -4.54978E-01
4.99999E+00 -5.50001E-01 -6.19473E-05 -4.49965E-01
5.09999E+00 -5.45001E-01 -6.09015E-05 -4.44958E-01
5.19999E+00 -5.40001E-01 -5.99149E-05 -4.39969E-01
5.29999E+00 -5.35001E-01 -5.88819E-05 -4.34973E-01
5.39999E+00 -5.30001E-01 -5.78233E-05 -4.29937E-01
5.49999E+00 -5.25001E-01 -5.69014E-05 -4.24956E-01
5.59999E+00 -5.20001E-01 -5.58500E-05 -4.19955E-01
5.69999E+00 -5.15001E-01 -5.48502E-05 -4.14941E-01
5.79999E+00 -5.10001E-01 -5.38690E-05 -4.09937E-01
5.89999E+00 -5.05001E-01 -5.28933E-05 -4.04938E-01
5.99998E+00 -5.00001E-01 -5.19530E-05 -3.99930E-01
6.09998E+00 -4.95001E-01 -5.10485E-05 -3.94936E-01
6.19998E+00 -4.90001E-01 -5.01131E-05 -3.89917E-01
6.29998E+00 -4.85001E-01 -4.91589E-05 -3.84914E-01
6.39998E+00 -4.80001E-01 -4.81872E-05 -3.79934E-01
6.49998E+00 -4.75001E-01 -4.72488E-05 -3.74955E-01
6.59998E+00 -4.70001E-01 -4.63164E-05 -3.69934E-01
6.69998E+00 -4.65001E-01 -4.54264E-05 -3.64913E-01
6.79998E+00 -4.60001E-01 -4.45380E-05 -3.59904E-01
6.89998E+00 -4.55001E-01 -4.36267E-05 -3.54918E-01
6.99998E+00 -4.50001E-01 -4.27285E-05 -3.49902E-01
7.09998E+00 -4.45001E-01 -4.17923E-05 -3.44914E-01
7.19998E+00 -4.40001E-01 -4.09160E-05 -3.39898E-01
7.29998E+00 -4.35001E-01 -4.00019E-05 -3.34887E-01
7.39998E+00 -4.30001E-01 -3.91010E-05 -3.29903E-01
7.49998E+00 -4.25001E-01 -3.82233E-05 -3.24900E-01
7.59998E+00 -4.20001E-01 -3.73500E-05 -3.19881E-01
7.69998E+00 -4.15001E-01 -3.64720E-05 -3.14882E-01
7.79998E+00 -4.10001E-01 -3.56502E-05 -3.09871E-01
7.89998E+00 -4.05001E-01 -3.48232E-05 -3.04873E-01
7.99998E+00 -4.00001E-01 -3.39405E-05 -2.99876E-01
8.09998E+00 -3.95001E-01 -3.30746E-05 -2.94873E-01
8.19998E+00 -3.90001E-01 -3.22202E-05 -2.89863E-01
8.29998E+00 -3.85001E-01 -3.14101E-05 -2.84862E-01
8.39998E+00 -3.80001E-01 -3.05686E-05 -2.79865E-01
8.49998E+00 -3.75001E-01 -2.97543E-05 -2.74844E-01
8.59998E+00 -3.70001E-01 -2.89349E-05 -2.69828E-01
8.69998E+00 -3.65001E-01 -2.81184E-05 -2.64843E-01
8.79998E+00 -3.60001E-01 -2.73110E-05 -2.59855E-01
8.89998E+00 -3.55001E-01 -2.65078E-05 -2.54834E-01
8.99998E+00 -3.50001E-01 -2.56921E-05 -2.49851E-01
9.09998E+00 -3.45001E-01 -2.48914E-05 -2.44849E-01
9.19998E+00 -3.40001E-01 -2.41067E-05 -2.39859E-01
9.29998E+00 -3.35001E-01 -2.33273E-05 -2.34836E-01
9.39998E+00 -3.30001E-01 -2.25515E-05 -2.29837E-01
9.49998E+00 -3.25001E-01 -2.17853E-05 -2.24836E-01
9.59998E+00 -3.20001E-01 -2.10207E-05 -2.19847E-01
9.69998E+00 -3.15001E-01 -2.02651E-05 -2.14845E-01
9.79998E+00 -3.10001E-01 -1.95104E-05 -2.09827E-01
9.89998E+00 -3.05001E-01 -1.87691E-05 -2.04837E-01
9.99997E+00 -3.00001E-01 -1.80339E-05 -1.99842E-01
1.01000E+01 -2.95001E-01 -1.73108E-05 -1.94833E-01
1.02000E+01 -2.90001E-01 -1.65850E-05 -1.89813E-01
1.03000E+01 -2.85001E-01 -1.58679E-05 -1.84818E-01
1.04000E+01 -2.80001E-01 -1.51619E-05 -1.79844E-01
1.05000E+01 -2.75001E-01 -1.44610E-05 -1.74792E-01
1.06000E+01 -2.70001E-01 -1.37677E-05 -1.69804E-01
1.07000E+01 -2.65001E-01 -1.30857E-05 -1.64802E-01
1.08000E+01 -2.60001E-01 -1.24117E-05 -1.59787E-01
1.09000E+01 -2.55001E-01 -1.17458E-05 -1.54787E-01
1.10000E+01 -2.50001E-01 -1.10879E-05 -1.49788E-01
1.11000E+01 -2.45001E-01 -1.04351E-05 -1.44808E-01
1.12000E+01 -2.40001E-01 -9.79428E-06 -1.39768E-01
1.13000E+01 -2.35001E-01 -9.16089E-06 -1.34788E-01
1.14000E+01 -2.30001E-01 -8.53769E-06 -1.29761E-01
1.15000E+01 -2.25001E-01 -7.92294E-06 -1.24792E-01
1.16000E+01 -2.20001E-01 -7.31881E-06 -1.19767E-01
1.17000E+01 -2.15001E-01 -6.72710E-06 -1.14778E-01
1.18000E+01 -2.10001E-01 -6.14054E-06 -1.09748E-01
1.19000E+01 -2.05001E-01 -5.56396E-06 -1.04762E-01
1.20000E+01 -2.00002E-01 -5.01642E-06 -9.97803E-02
1.21000E+01 -1.95002E-01 -4.48072E-06 -9.47526E-02
1.22000E+01 -1.90002E-01 -3.94108E-06 -8.97180E-02
1.23000E+01 -1.85002E-01 -3.42468E-06 -8.47488E-02
1.24000E+01 -1.80002E-01 -2.93532E-06 -7.97379E-02
1.25000E+01 -1.75002E-01 -2.47501E-06 -7.47470E-02
1.26000E+01 -1.70002E-01 -2.05874E-06 -6.97373E-02
1.27000E+01 -1.65002E-01 -1.64040E-06 -6.47196E-02
1.28000E+01 -1.60002E-01 -1.24194E-06 -5.97374E-02
1.29000E+01 -1.55002E-01 -8.65181E-07 -5.47190E-02
1.30000E+01 -1.50002E-01 -5.11124E-07 -4.97030E-02
1.31000E+01 -1.45002E-01 -1.65069E-07 -4.47009E-02
1.32000E+01 -1.40002E-01 1.55994E-07  -3.97231E-02
1.33000E+01 -1.35002E-01 4.68387E-07  -3.46915E-02
1.34000E+01 -1.30002E-01 7.69314E-07  -2.97006E-02
1.35000E+01 -1.25002E-01 1.03379E-06  -2.46772E-02
1.36000E+01 -1.20002E-01 1.33800E-06  -1.97138E-02
1.37000E+01 -1.15002E-01 1.66398E-06  -1.47023E-02
1.38000E+01 -1.10002E-01 1.99872E-06  -9.70944E-03
1.39000E+01 -1.05002E-01 2.38415E-06  -4.68292E-03
1.40000E+01 -1.00002E-01 2.77182E-06  3.19270E-04 
1.41000E+01 -9.50018E-02 3.15105E-06  5.29207E-03 
1.42000E+01 -9.00018E-02 3.60201E-06  1.03086E-02 
1.43000E+01 -8.50018E-02 4.06513E-06  1.53214E-02 
1.44000E+01 -8.00018E-02 4.56417E-06  2.03435E-02 
1.45000E+01 -7.50018E-02 5.09197E-06  2.53201E-02 
1.46000E+01 -7.00018E-02 5.65527E-06  3.03198E-02 
1.47000E+01 -6.50018E-02 6.28741E-06  3.53257E-02 
1.48000E+01 -6.00019E-02 6.95575E-06  4.03366E-02 
1.49000E+01 -5.50019E-02 7.63303E-06  4.53356E-02 
1.50000E+01 -5.00019E-02 8.34475E-06  5.03191E-02 
1.51000E+01 -4.50019E-02 9.14026E-06  5.53275E-02 
1.52000E+01 -4.00019E-02 9.98755E-06  6.03390E-02 
1.53000E+01 -3.50019E-02 1.09334E-05  6.53449E-02 
1.54000E+01 -3.00019E-02 1.19809E-05  7.03278E-02 
1.55000E+01 -2.50019E-02 1.30912E-05  7.53368E-02 
1.56000E+01 -2.00020E-02 1.42218E-05  8.03446E-02 
1.57000E+01 -1.50020E-02 1.54367E-05  8.53392E-02 
1.58000E+01 -1.00020E-02 1.66856E-05  9.03333E-02 
1.59000E+01 -5.00199E-03 1.78796E-05  9.53405E-02 
1.60000E+01 -2.00000E-06 1.93081E-05  1.00366E-01 
1.61000E+01 4.99799E-03  2.08059E-05  1.05354E-01 
1.62000E+01 9.99797E-03  2.23764E-05  1.10336E-01 
1.63000E+01 1.49980E-02  2.40232E-05  1.15362E-01 
1.64000E+01 1.99979E-02  2.56637E-05  1.20349E-01 
1.65000E+01 2.49979E-02  2.73896E-05  1.25333E-01 
1.66000E+01 2.99979E-02  2.91523E-05  1.30318E-01 
1.67000E+01 3.49979E-02  3.09107E-05  1.35332E-01 
1.68000E+01 3.99979E-02  3.26399E-05  1.40339E-01 
1.69000E+01 4.49979E-02  3.43982E-05  1.45366E-01 
1.70000E+01 4.99979E-02  3.63394E-05  1.50371E-01 
1.71000E+01 5.49979E-02  3.83718E-05  1.55365E-01 
1.72000E+01 5.99978E-02  4.03476E-05  1.60395E-01 
1.73000E+01 6.49978E-02  4.23685E-05  1.65366E-01 
1.74000E+01 6.99978E-02  4.44307E-05  1.70378E-01 
1.75000E+01 7.49978E-02  4.64871E-05  1.75375E-01 
1.76000E+01 7.99978E-02  4.84854E-05  1.80398E-01 
1.77000E+01 8.49978E-02  5.05770E-05  1.85391E-01 
1.78000E+01 8.99978E-02  5.29475E-05  1.90386E-01 
1.79000E+01 9.49978E-02  5.52163E-05  1.95400E-01 
1.80000E+01 9.99977E-02  5.75095E-05  2.00388E-01 
1.81000E+01 1.04998E-01  5.98913E-05  2.05415E-01 
1.82000E+01 1.09998E-01  6.23338E-05  2.10402E-01 
1.83000E+01 1.14998E-01  6.49340E-05  2.15407E-01 
1.84000E+01 1.19998E-01  6.74289E-05  2.20432E-01 
1.85000E+01 1.24998E-01  6.99863E-05  2.25414E-01 
1.86000E+01 1.29998E-01  7.23462E-05  2.30421E-01 
1.87000E+01 1.34998E-01  7.50422E-05  2.35417E-01 
1.88000E+01 1.39998E-01  7.74878E-05  2.40426E-01 
1.89000E+01 1.44998E-01  7.94429E-05  2.45399E-01 
1.90000E+01 1.49998E-01  8.13139E-05  2.50394E-01 
1.91000E+01 1.54998E-01  8.36450E-05  2.55415E-01 
1.92000E+01 1.59998E-01  8.60855E-05  2.60438E-01 
1.93000E+01 1.64998E-01  8.86277E-05  2.65427E-01 
1.94000E+01 1.69998E-01  9.17205E-05  2.70424E-01 
1.95000E+01 1.74998E-01  9.42231E-05  2.75419E-01 
1.96000E+01 1.79998E-01  9.68993E-05  2.80428E-01 
1.97000E+01 1.84998E-01  9.83234E-05  2.85441E-01 
1.98000E+01 1.89998E-01  9.96223E-05  2.90430E-01 
1.99000E+01 1.94998E-01  1.01120E-04  2.95451E-01 
1.99999E+01 1.99997E-01  1.02932E-04  3.00441E-01 
2.00999E+01 2.04997E-01  1.04807E-04  3.05450E-01 
2.01999E+01 2.09997E-01  1.06795E-04  3.10460E-01 
2.02999E+01 2.14997E-01  1.08418E-04  3.15457E-01 
2.03999E+01 2.19997E-01  1.10261E-04  3.20452E-01 
2.04999E+01 2.24997E-01  1.12187E-04  3.25447E-01 
2.05999E+01 2.29997E-01  1.14007E-04  3.30454E-01 
2.06999E+01 2.34997E-01  1.15959E-04  3.35490E-01 
2.07999E+01 2.39997E-01  1.17518E-04  3.40456E-01 
2.08999E+01 2.44997E-01  1.18376E-04  3.45450E-01 
2.09999E+01 2.49997E-01  1.18659E-04  3.50469E-01 
2.10999E+01 2.54997E-01  1.18726E-04  3.55464E-01 
2.11999E+01 2.59997E-01  1.18399E-04  3.60465E-01 
2.12999E+01 2.64997E-01  1.17196E-04  3.65462E-01 
2.13999E+01 2.69997E-01  1.15520E-04  3.70484E-01 
2.14999E+01 2.74997E-01  1.13268E-04  3.75497E-01 
2.15999E+01 2.79997E-01  1.10694E-04  3.80501E-01 
2.16999E+01 2.84997E-01  1.07874E-04  3.85486E-01 
2.17999E+01 2.89997E-01  1.04583E-04  3.90497E-01 
2.18999E+01 2.94997E-01  1.00431E-04  3.95511E-01 
2.19999E+01 2.99997E-01  9.53584E-05  4.00508E-01 
2.20999E+01 3.04997E-01  9.04174E-05  4.05506E-01 
2.21999E+01 3.09997E-01  8.52529E-05  4.10494E-01 
2.22999E+01 3.14997E-01  8.00372E-05  4.15546E-01 
2.23999E+01 3.19997E-01  7.47965E-05  4.20534E-01 
2.24999E+01 3.24997E-01  6.98810E-05  4.25515E-01 
2.25999E+01 3.29997E-01  6.42021E-05  4.30519E-01 
2.26999E+01 3.34997E-01  5.91404E-05  4.35538E-01 
2.27999E+01 3.39997E-01  5.46022E-05  4.40523E-01 
2.28999E+01 3.44997E-01  5.07383E-05  4.45536E-01 
2.29999E+01 3.49997E-01  4.75855E-05  4.50516E-01 
2.30999E+01 3.54997E-01  4.50876E-05  4.55546E-01 
2.31999E+01 3.59997E-01  4.29544E-05  4.60531E-01 
2.32999E+01 3.64997E-01  4.13916E-05  4.65550E-01 
2.33999E+01 3.69997E-01  3.98550E-05  4.70571E-01 
2.34999E+01 3.74997E-01  3.87370E-05  4.75581E-01 
2.35999E+01 3.79997E-01  3.78339E-05  4.80572E-01 
2.36999E+01 3.84997E-01  3.71025E-05  4.85575E-01 
2.37999E+01 3.89997E-01  3.64265E-05  4.90600E-01 
2.38999E+01 3.94997E-01  3.58261E-05  4.95581E-01 
2.39999E+01 3.99997E-01  3.53225E-05  5.00572E-01 
2.40999E+01 4.04997E-01  3.47956E-05  5.05584E-01 
2.41999E+01 4.09997E-01  3.43398E-05  5.10598E-01 
2.42999E+01 4.14997E-01  3.39963E-05  5.15608E-01 
2.43999E+01 4.19997E-01  3.37381E-05  5.20590E-01 
2.44999E+01 4.24997E-01  3.36202E-05  5.25588E-01 
2.45999E+01 4.29997E-01  3.35584E-05  5.30602E-01 
2.46999E+01 4.34997E-01  3.35938E-05  5.35597E-01 
2.47999E+01 4.39997E-01  3.37525E-05  5.40611E-01 
2.48999E+01 4.44997E-01  3.39925E-05  5.45607E-01 
2.49999E+01 4.49997E-01  3.42438E-05  5.50618E-01 
2.50999E+01 4.54997E-01  3.45939E-05  5.55619E-01 
2.51999E+01 4.59997E-01  3.50290E-05  5.60613E-01 
2.52999E+01 4.64997E-01  3.55069E-05  5.65620E-01 
2.53999E+01 4.69997E-01  3.61137E-05  5.70633E-01 
2.54999E+01 4.74997E-01  3.67209E-05  5.75625E-01 
2.55999E+01 4.79997E-01  3.74239E-05  5.80606E-01 
2.56999E+01 4.84997E-01  3.82931E-05  5.85614E-01 
2.57999E+01 4.89997E-01  3.91189E-05  5.90603E-01 
2.58999E+01 4.94997E-01  4.01741E-05  5.95638E-01 
2.59999E+01 4.99997E-01  4.14721E-05  6.00623E-01 
2.60999E+01 5.04997E-01  4.17522E-05  6.05628E-01 
2.61999E+01 5.09997E-01  4.23348E-05  6.10630E-01 
2.62999E+01 5.14997E-01  4.30164E-05  6.15647E-01 
2.63999E+01 5.19997E-01  4.35701E-05  6.20644E-01 
2.64999E+01 5.24997E-01  4.42361E-05  6.25636E-01 
2.65999E+01 5.29997E-01  4.47161E-05  6.30635E-01 
2.66999E+01 5.34997E-01  4.47512E-05  6.35682E-01 
2.67999E+01 5.39997E-01  4.38173E-05  6.40672E-01 
2.68999E+01 5.44997E-01  4.27772E-05  6.45669E-01 
2.69999E+01 5.49997E-01  4.18396E-05  6.50678E-01 
2.70999E+01 5.54997E-01  4.10636E-05  6.55678E-01 
2.71999E+01 5.59997E-01  4.15113E-05  6.60678E-01 
2.72999E+01 5.64997E-01  4.41096E-05  6.65699E-01 
2.73999E+01 5.69997E-01  4.69892E-05  6.70673E-01 
2.74999E+01 5.74997E-01  4.45543E-05  6.75684E-01 
2.75999E+01 5.79997E-01  4.54133E-05  6.80693E-01 
2.76999E+01 5.84997E-01  5.12084E-05  6.85698E-01 
2.77999E+01 5.89997E-01  5.90157E-05  6.90675E-01 
2.78999E+01 5.94997E-01  6.33275E-05  6.95683E-01 
2.79999E+01 5.99996E-01  6.41506E-05  7.00694E-01 
2.80999E+01 6.04996E-01  6.52161E-05  7.05700E-01 
2.81999E+01 6.09996E-01  6.64757E-05  7.10696E-01 
2.82999E+01 6.14996E-01  6.73433E-05  7.15679E-01 
2.83999E+01 6.19996E-01  6.78762E-05  7.20715E-01 
2.84999E+01 6.24996E-01  6.76915E-05  7.25692E-01 
2.85999E+01 6.29996E-01  6.87247E-05  7.30672E-01 
2.86999E+01 6.34996E-01  7.11694E-05  7.35698E-01 
2.87999E+01 6.39996E-01  7.09610E-05  7.40716E-01 
2.88999E+01 6.44996E-01  7.06588E-05  7.45710E-01 
2.89999E+01 6.49996E-01  7.00452E-05  7.50715E-01 
2.90999E+01 6.54996E-01  6.93321E-05  7.55725E-01 
2.91999E+01 6.59996E-01  6.84982E-05  7.60728E-01 
2.92999E+01 6.64996E-01  6.74029E-05  7.65757E-01 
2.93999E+01 6.69996E-01  6.65526E-05  7.70724E-01 
2.94999E+01 6.74996E-01  6.52396E-05  7.75732E-01 
2.95999E+01 6.79996E-01  6.39882E-05  7.80761E-01 
2.96999E+01 6.84996E-01  6.33125E-05  7.85777E-01 
2.97999E+01 6.89996E-01  6.21473E-05  7.90776E-01 
2.98999E+01 6.94996E-01  6.10639E-05  7.95821E-01 
2.99999E+01 6.99996E-01  6.00601E-05  8.00788E-01 
3.00999E+01 7.04996E-01  5.94601E-05  8.05783E-01 
3.01999E+01 7.09996E-01  5.83584E-05  8.10787E-01 
3.02999E+01 7.14996E-01  5.73999E-05  8.15795E-01 
3.03999E+01 7.19996E-01  5.54307E-05  8.20807E-01 
3.04999E+01 7.24996E-01  5.29005E-05  8.25776E-01 
3.05999E+01 7.29996E-01  5.03717E-05  8.30779E-01 
3.06999E+01 7.34996E-01  4.85559E-05  8.35816E-01 
3.07999E+01 7.39996E-01  4.68984E-05  8.40823E-01 
3.08999E+01 7.44996E-01  4.53892E-05  8.45785E-01 
3.09999E+01 7.49996E-01  4.40645E-05  8.50807E-01 
3.10999E+01 7.54996E-01  4.32217E-05  8.55815E-01 
3.11999E+01 7.59996E-01  4.26996E-05  8.60790E-01 
3.12999E+01 7.64996E-01  4.22574E-05  8.65806E-01 
3.13999E+01 7.69996E-01  4.21311E-05  8.70824E-01 
3.14999E+01 7.74996E-01  4.21267E-05  8.75821E-01 
3.15999E+01 7.79996E-01  4.22608E-05  8.80818E-01 
3.16999E+01 7.84996E-01  4.24071E-05  8.85827E-01 
3.17999E+01 7.89996E-01  4.24460E-05  8.90796E-01 
3.18999E+01 7.94996E-01  4.27444E-05  8.95819E-01 
3.19999E+01 7.99996E-01  4.30488E-05  9.00837E-01 
3.20999E+01 8.04996E-01  4.31926E-05  9.05834E-01 
3.21999E+01 8.09996E-01  4.32303E-05  9.10823E-01 
3.22999E+01 8.14996E-01  4.33464E-05  9.15812E-01 
3.23999E+01 8.19996E-01  4.34556E-05  9.20819E-01 
3.24999E+01 8.24996E-01  4.34392E-05  9.25822E-01 
3.25999E+01 8.29996E-01  4.36421E-05  9.30824E-01 
3.26999E+01 8.34996E-01  4.37716E-05  9.35837E-01 
3.27999E+01 8.39996E-01  4.38625E-05  9.40851E-01 
3.28999E+01 8.44996E-01  4.40049E-05  9.45857E-01 
3.29999E+01 8.49996E-01  4.41025E-05  9.50855E-01 
3.30999E+01 8.54996E-01  4.42008E-05  9.55863E-01 
3.31999E+01 8.59996E-01  4.43280E-05  9.60847E-01 
3.32999E+01 8.64996E-01  4.45055E-05  9.65867E-01 
3.33999E+01 8.69996E-01  4.46674E-05  9.70874E-01 
3.34999E+01 8.74996E-01  4.48029E-05  9.75872E-01 
3.35999E+01 8.79996E-01  4.49788E-05  9.80880E-01 
3.36999E+01 8.84996E-01  4.51981E-05  9.85870E-01 
3.37999E+01 8.89996E-01  4.53758E-05  9.90872E-01 
3.38999E+01 8.94996E-01  4.55608E-05  9.95884E-01 
3.39999E+01 8.99996E-01  4.57468E-05  1.00087E+00 
3.40999E+01 9.04996E-01  4.59209E-05  1.00587E+00 
3.41999E+01 9.09996E-01  4.60839E-05  1.01089E+00 
3.42999E+01 9.14996E-01  4.63313E-05  1.01589E+00 
3.43999E+01 9.19996E-01  4.65012E-05  1.02087E+00 
3.44999E+01 9.24996E-01  4.68115E-05  1.02590E+00 
3.45999E+01 9.29996E-01  4.70815E-05  1.03089E+00 
3.46999E+01 9.34996E-01  4.73238E-05  1.03590E+00 
3.47999E+01 9.39996E-01  4.75726E-05  1.04090E+00 
3.48999E+01 9.44996E-01  4.78639E-05  1.04588E+00 
3.49999E+01 9.49996E-01  4.81945E-05  1.05091E+00 
3.50999E+01 9.54996E-01  4.80716E-05  1.05590E+00 
3.51999E+01 9.59996E-01  4.83888E-05  1.06090E+00 
3.52999E+01 9.64996E-01  4.87421E-05  1.06589E+00 
3.53999E+01 9.69996E-01  4.90824E-05  1.07090E+00 
3.54999E+01 9.74996E-01  4.92648E-05  1.07593E+00 
3.55999E+01 9.79996E-01  4.93140E-05  1.08090E+00 
3.56999E+01 9.84996E-01  4.93568E-05  1.08593E+00 
3.57999E+01 9.89996E-01  4.93470E-05  1.09094E+00 
3.58999E+01 9.94996E-01  4.94157E-05  1.09594E+00 
3.59999E+01 9.99995E-01  4.96052E-05  1.10094E+00 
3.60999E+01 1.00500E+00  4.98666E-05  1.10596E+00 
3.61999E+01 1.01000E+00  5.02219E-05  1.11096E+00 
3.62999E+01 1.01500E+00  5.06017E-05  1.11597E+00 
3.63999E+01 1.02000E+00  5.10013E-05  1.12098E+00 
3.64999E+01 1.02500E+00  5.13117E-05  1.12599E+00 
3.65999E+01 1.03000E+00  5.16801E-05  1.13097E+00 
3.66999E+01 1.03500E+00  5.20510E-05  1.13599E+00 
3.67999E+01 1.04000E+00  5.23905E-05  1.14099E+00 
3.68999E+01 1.04500E+00  5.27430E-05  1.14599E+00 
3.69999E+01 1.05000E+00  5.30199E-05  1.15098E+00 
3.70999E+01 1.05500E+00  5.32440E-05  1.15599E+00 
3.71999E+01 1.06000E+00  5.35801E-05  1.16101E+00 
3.72999E+01 1.06500E+00  5.38404E-05  1.16602E+00 
3.73999E+01 1.07000E+00  5.42482E-05  1.17101E+00 
3.74999E+01 1.07500E+00  5.47118E-05  1.17599E+00 
3.75999E+01 1.08000E+00  5.53111E-05  1.18099E+00 
3.76999E+01 1.08500E+00  5.58156E-05  1.18601E+00 
3.77999E+01 1.09000E+00  5.64501E-05  1.19100E+00 
3.78999E+01 1.09500E+00  5.73153E-05  1.19601E+00 
3.79999E+01 1.10000E+00  5.81881E-05  1.20098E+00 
3.80999E+01 1.10500E+00  5.90048E-05  1.20602E+00 
3.81999E+01 1.11000E+00  5.97391E-05  1.21103E+00 
3.82999E+01 1.11500E+00  5.99592E-05  1.21599E+00 
3.83999E+01 1.12000E+00  6.04631E-05  1.22099E+00 
3.84999E+01 1.12500E+00  6.10433E-05  1.22603E+00 
3.85999E+01 1.13000E+00  6.15571E-05  1.23103E+00 
3.86999E+01 1.13500E+00  6.20153E-05  1.23602E+00 
3.87999E+01 1.14000E+00  6.23529E-05  1.24102E+00 
3.88999E+01 1.14500E+00  6.26316E-05  1.24603E+00 
3.89999E+01 1.15000E+00  6.31122E-05  1.25102E+00 
3.90999E+01 1.15500E+00  6.41551E-05  1.25601E+00 
3.91999E+01 1.16000E+00  6.46051E-05  1.26101E+00 
3.92999E+01 1.16500E+00  6.49093E-05  1.26602E+00 
3.93999E+01 1.17000E+00  6.50224E-05  1.27103E+00 
3.94999E+01 1.17500E+00  6.51513E-05  1.27605E+00 
3.95999E+01 1.18000E+00  6.53220E-05  1.28105E+00 
3.96999E+01 1.18500E+00  6.55823E-05  1.28602E+00 
3.97999E+01 1.19000E+00  6.59462E-05  1.29104E+00 
3.98999E+01 1.19500E+00  6.63343E-05  1.29606E+00 
3.99999E+01 1.19999E+00  6.69903E-05  1.30105E+00 
4.00999E+01 1.20499E+00  6.74974E-05  1.30604E+00 
4.01999E+01 1.20999E+00  6.74132E-05  1.31107E+00 
4.02999E+01 1.21499E+00  6.79709E-05  1.31608E+00 
4.03999E+01 1.21999E+00  6.87141E-05  1.32106E+00 
4.04999E+01 1.22499E+00  6.95655E-05  1.32605E+00 
4.05999E+01 1.22999E+00  7.03643E-05  1.33108E+00 
4.06999E+01 1.23499E+00  7.09503E-05  1.33609E+00 
4.07999E+01 1.23999E+00  7.16722E-05  1.34109E+00 
4.08999E+01 1.24499E+00  7.24723E-05  1.34610E+00 
4.09999E+01 1.24999E+00  7.31628E-05  1.35107E+00 
4.10999E+01 1.25499E+00  7.37503E-05  1.35609E+00 
4.11999E+01 1.25999E+00  7.44171E-05  1.36106E+00 
4.12999E+01 1.26499E+00  7.51268E-05  1.36608E+00 
4.13999E+01 1.26999E+00  7.56607E-05  1.37108E+00 
4.14999E+01 1.27499E+00  7.61947E-05  1.37609E+00 
4.15999E+01 1.27999E+00  7.70495E-05  1.38112E+00 
4.16999E+01 1.28499E+00  7.80475E-05  1.38609E+00 
4.17999E+01 1.28999E+00  7.88807E-05  1.39110E+00 
4.18999E+01 1.29499E+00  7.96379E-05  1.39610E+00 
4.19999E+01 1.29999E+00  8.06709E-05  1.40110E+00 
4.20999E+01 1.30499E+00  8.20294E-05  1.40610E+00 
4.21999E+01 1.30999E+00  8.34059E-05  1.41109E+00 
4.22999E+01 1.31499E+00  8.48699E-05  1.41612E+00 
4.23999E+01 1.31999E+00  8.65334E-05  1.42111E+00 
4.24999E+01 1.32499E+00  8.85967E-05  1.42613E+00 
4.25999E+01 1.32999E+00  9.03141E-05  1.43111E+00 
4.26999E+01 1.33499E+00  9.18568E-05  1.43612E+00 
4.27999E+01 1.33999E+00  9.35111E-05  1.44113E+00 
4.28999E+01 1.34499E+00  9.52438E-05  1.44615E+00 
4.29999E+01 1.34999E+00  9.69771E-05  1.45114E+00 
4.30999E+01 1.35499E+00  9.85979E-05  1.45615E+00 
4.31999E+01 1.35999E+00  1.00721E-04  1.46115E+00 
4.32999E+01 1.36499E+00  1.02566E-04  1.46614E+00 
4.33999E+01 1.36999E+00  1.04682E-04  1.47117E+00 
4.34999E+01 1.37499E+00  1.06936E-04  1.47616E+00 
4.35999E+01 1.37999E+00  1.09201E-04  1.48117E+00 
4.36999E+01 1.38499E+00  1.11231E-04  1.48614E+00 
4.37999E+01 1.38999E+00  1.13664E-04  1.49117E+00 
4.38999E+01 1.39499E+00  1.15576E-04  1.49617E+00 
4.39999E+01 1.39999E+00  1.17825E-04  1.50120E+00 
4.40999E+01 1.40499E+00  1.20478E-04  1.50619E+00 
4.41999E+01 1.40999E+00  1.23459E-04  1.51118E+00 
4.42999E+01 1.41499E+00  1.26082E-04  1.51619E+00 
4.43999E+01 1.41999E+00  1.28736E-04  1.52119E+00 
4.44999E+01 1.42499E+00  1.31484E-04  1.52618E+00 
4.45999E+01 1.42999E+00  1.34138E-04  1.53119E+00 
4.46999E+01 1.43499E+00  1.36797E-04  1.53618E+00 
4.47999E+01 1.43999E+00  1.39670E-04  1.54118E+00 
4.48999E+01 1.44499E+00  1.42592E-04  1.54616E+00 
4.49999E+01 1.44999E+00  1.45573E-04  1.55120E+00 
4.50999E+01 1.45499E+00  1.48679E-04  1.55621E+00 
4.51999E+01 1.45999E+00  1.51808E-04  1.56119E+00 
4.52999E+01 1.46499E+00  1.54549E-04  1.56619E+00 
4.53999E+01 1.46999E+00  1.57788E-04  1.57121E+00 
4.54999E+01 1.47499E+00  1.61070E-04  1.57623E+00 
4.55999E+01 1.47999E+00  1.64360E-04  1.58121E+00 
4.56999E+01 1.48499E+00  1.67521E-04  1.58623E+00 
4.57999E+01 1.48999E+00  1.70771E-04  1.59120E+00 
4.58999E+01 1.49499E+00  1.74004E-04  1.59623E+00 
4.59999E+01 1.49999E+00  1.77333E-04  1.60123E+00 
4.60999E+01 1.50499E+00  1.80653E-04  1.60625E+00 
4.61999E+01 1.50999E+00  1.84072E-04  1.61127E+00 
4.62999E+01 1.51499E+00  1.87364E-04  1.61627E+00 
4.63999E+01 1.51999E+00  1.90363E-04  1.62126E+00 
4.64999E+01 1.52499E+00  1.93793E-04  1.62630E+00 
4.65999E+01 1.52999E+00  1.97234E-04  1.63129E+00 
4.66999E+01 1.53499E+00  2.00652E-04  1.63627E+00 
4.67999E+01 1.53999E+00  2.04063E-04  1.64128E+00 
4.68999E+01 1.54499E+00  2.07500E-04  1.64630E+00 
4.69999E+01 1.54999E+00  2.10993E-04  1.65128E+00 
4.70999E+01 1.55499E+00  2.15033E-04  1.65627E+00 
4.71999E+01 1.55999E+00  2.18477E-04  1.66128E+00 
4.72999E+01 1.56499E+00  2.21892E-04  1.66628E+00 
4.73999E+01 1.56999E+00  2.25235E-04  1.67128E+00 
4.74999E+01 1.57499E+00  2.28621E-04  1.67627E+00 
4.75999E+01 1.57999E+00  2.32038E-04  1.68126E+00 
4.76999E+01 1.58499E+00  2.35471E-04  1.68628E+00 
4.77999E+01 1.58999E+00  2.38890E-04  1.69129E+00 
4.78999E+01 1.59499E+00  2.42311E-04  1.69629E+00 
4.79999E+01 1.59999E+00  2.45720E-04  1.70128E+00 
4.80999E+01 1.60499E+00  2.49141E-04  1.70631E+00 
4.81999E+01 1.60999E+00  2.52512E-04  1.71131E+00 
4.82999E+01 1.61499E+00  2.55888E-04  1.71630E+00 
4.83999E+01 1.61999E+00  2.59235E-04  1.72128E+00 
4.84999E+01 1.62499E+00  2.62585E-04  1.72630E+00 
4.85999E+01 1.62999E+00  2.65899E-04  1.73130E+00 
4.86999E+01 1.63499E+00  2.69200E-04  1.73629E+00 
4.87999E+01 1.63999E+00  2.72471E-04  1.74129E+00 
4.88999E+01 1.64499E+00  2.75760E-04  1.74631E+00 
4.89999E+01 1.64999E+00  2.79060E-04  1.75131E+00 
4.90999E+01 1.65499E+00  2.82348E-04  1.75634E+00 
4.91999E+01 1.65999E+00  2.85559E-04  1.76134E+00 
4.92999E+01 1.66499E+00  2.88755E-04  1.76636E+00 
4.93999E+01 1.66999E+00  2.91927E-04  1.77134E+00 
4.94999E+01 1.67499E+00  2.95223E-04  1.77632E+00 
4.95999E+01 1.67999E+00  2.98517E-04  1.78135E+00 
4.96999E+01 1.68499E+00  3.01677E-04  1.78636E+00 
4.97999E+01 1.68999E+00  3.04736E-04  1.79136E+00 
4.98999E+01 1.69499E+00  3.07794E-04  1.79637E+00 
4.99999E+01 1.69999E+00  3.10879E-04  1.80136E+00 
5.00999E+01 1.70499E+00  3.13816E-04  1.80638E+00 
5.01999E+01 1.70999E+00  3.16736E-04  1.81138E+00 
5.02999E+01 1.71499E+00  3.19629E-04  1.81637E+00 
5.03999E+01 1.71999E+00  3.22484E-04  1.82137E+00 
5.04999E+01 1.72499E+00  3.25308E-04  1.82639E+00 
5.05999E+01 1.72999E+00  3.28107E-04  1.83138E+00 
5.06999E+01 1.73499E+00  3.30742E-04  1.83636E+00 
5.07999E+01 1.73999E+00  3.33436E-04  1.84139E+00 
5.08999E+01 1.74499E+00  3.36161E-04  1.84641E+00 
5.09999E+01 1.74999E+00  3.38803E-04  1.85136E+00 
5.10999E+01 1.75499E+00  3.41531E-04  1.85637E+00 
5.11999E+01 1.75999E+00  3.44107E-04  1.86138E+00 
5.12999E+01 1.76499E+00  3.46481E-04  1.86640E+00 
5.13999E+01 1.76999E+00  3.48875E-04  1.87139E+00 
5.14999E+01 1.77499E+00  3.51268E-04  1.87640E+00 
5.15999E+01 1.77999E+00  3.53658E-04  1.88140E+00 
5.16999E+01 1.78499E+00  3.55961E-04  1.88641E+00 
5.17999E+01 1.78999E+00  3.58224E-04  1.89142E+00 
5.18999E+01 1.79499E+00  3.60463E-04  1.89642E+00 
5.19999E+01 1.79999E+00  3.62633E-04  1.90141E+00 
5.20999E+01 1.79499E+00  3.55092E-04  1.89644E+00 
5.21999E+01 1.78999E+00  3.47972E-04  1.89143E+00 
5.22999E+01 1.78499E+00  3.41107E-04  1.88644E+00 
5.23999E+01 1.77999E+00  3.34440E-04  1.88141E+00 
5.24999E+01 1.77499E+00  3.28055E-04  1.87640E+00 
5.25999E+01 1.76999E+00  3.21831E-04  1.87140E+00 
5.26999E+01 1.76499E+00  3.15762E-04  1.86642E+00 
5.27999E+01 1.75999E+00  3.09899E-04  1.86140E+00 
5.28999E+01 1.75499E+00  3.04094E-04  1.85639E+00 
5.29999E+01 1.74999E+00  2.98443E-04  1.85139E+00 
5.30999E+01 1.74499E+00  2.92890E-04  1.84641E+00 
5.31999E+01 1.73999E+00  2.87451E-04  1.84138E+00 
5.32999E+01 1.73499E+00  2.82286E-04  1.83639E+00 
5.33999E+01 1.72999E+00  2.76874E-04  1.83140E+00 
5.34999E+01 1.72499E+00  2.71816E-04  1.82639E+00 
5.35999E+01 1.71999E+00  2.66772E-04  1.82137E+00 
5.36999E+01 1.71499E+00  2.61810E-04  1.81637E+00 
5.37999E+01 1.70999E+00  2.56883E-04  1.81137E+00 
5.38999E+01 1.70499E+00  2.52114E-04  1.80638E+00 
5.39999E+01 1.69999E+00  2.47612E-04  1.80138E+00 
5.40999E+01 1.69499E+00  2.42752E-04  1.79636E+00 
5.41999E+01 1.68999E+00  2.38221E-04  1.79136E+00 
5.42999E+01 1.68499E+00  2.33642E-04  1.78637E+00 
5.43999E+01 1.67999E+00  2.29093E-04  1.78135E+00 
5.44999E+01 1.67499E+00  2.24711E-04  1.77635E+00 
5.45999E+01 1.66999E+00  2.20337E-04  1.77134E+00 
5.46999E+01 1.66499E+00  2.16005E-04  1.76634E+00 
5.47999E+01 1.65999E+00  2.11710E-04  1.76136E+00 
5.48999E+01 1.65499E+00  2.07458E-04  1.75634E+00 
5.49999E+01 1.64999E+00  2.03277E-04  1.75133E+00 
5.50999E+01 1.64499E+00  1.98960E-04  1.74632E+00 
5.51999E+01 1.63999E+00  1.94802E-04  1.74130E+00 
5.52999E+01 1.63499E+00  1.90757E-04  1.73631E+00 
5.53999E+01 1.62999E+00  1.86778E-04  1.73132E+00 
5.54999E+01 1.62499E+00  1.82735E-04  1.72630E+00 
5.55999E+01 1.61999E+00  1.78855E-04  1.72127E+00 
5.56999E+01 1.61499E+00  1.74557E-04  1.71629E+00 
5.57999E+01 1.60999E+00  1.70576E-04  1.71130E+00 
5.58999E+01 1.60499E+00  1.66808E-04  1.70628E+00 
5.59999E+01 1.59999E+00  1.62652E-04  1.70127E+00 
5.60999E+01 1.59499E+00  1.58506E-04  1.69628E+00 
5.61999E+01 1.58999E+00  1.54193E-04  1.69129E+00 
5.62999E+01 1.58499E+00  1.49766E-04  1.68630E+00 
5.63999E+01 1.57999E+00  1.46184E-04  1.68129E+00 
5.64999E+01 1.57499E+00  1.43084E-04  1.67629E+00 
5.65999E+01 1.56999E+00  1.39859E-04  1.67130E+00 
5.66999E+01 1.56499E+00  1.36614E-04  1.66629E+00 
5.67999E+01 1.55999E+00  1.33450E-04  1.66126E+00 
5.68999E+01 1.55499E+00  1.29285E-04  1.65626E+00 
5.69999E+01 1.54999E+00  1.25943E-04  1.65128E+00 
5.70999E+01 1.54499E+00  1.23065E-04  1.64627E+00 
5.71999E+01 1.53999E+00  1.20324E-04  1.64124E+00 
5.72999E+01 1.53499E+00  1.17728E-04  1.63626E+00 
5.73999E+01 1.52999E+00  1.15309E-04  1.63125E+00 
5.74999E+01 1.52499E+00  1.11667E-04  1.62628E+00 
5.75999E+01 1.51999E+00  1.08710E-04  1.62125E+00 
5.76999E+01 1.51499E+00  1.06164E-04  1.61625E+00 
5.77999E+01 1.50999E+00  1.03735E-04  1.61128E+00 
5.78999E+01 1.50499E+00  1.00967E-04  1.60625E+00 
5.79999E+01 1.49999E+00  9.82235E-05  1.60125E+00 
5.80999E+01 1.49499E+00  9.56094E-05  1.59623E+00 
5.81999E+01 1.48999E+00  9.28547E-05  1.59124E+00 
5.82999E+01 1.48499E+00  8.92160E-05  1.58623E+00 
5.83999E+01 1.47999E+00  8.63910E-05  1.58121E+00 
5.84999E+01 1.47499E+00  8.43714E-05  1.57622E+00 
5.85999E+01 1.46999E+00  8.25562E-05  1.57120E+00 
5.86999E+01 1.46499E+00  7.98712E-05  1.56619E+00 
5.87999E+01 1.45999E+00  7.74150E-05  1.56120E+00 
5.88999E+01 1.45499E+00  7.47452E-05  1.55620E+00 
5.89999E+01 1.44999E+00  7.16805E-05  1.55121E+00 
5.90999E+01 1.44499E+00  6.86096E-05  1.54620E+00 
5.91999E+01 1.43999E+00  6.58822E-05  1.54121E+00 
5.92999E+01 1.43499E+00  6.44654E-05  1.53621E+00 
5.93999E+01 1.42999E+00  6.31889E-05  1.53119E+00 
5.94999E+01 1.42499E+00  6.09606E-05  1.52616E+00 
5.95999E+01 1.41999E+00  5.94277E-05  1.52119E+00 
5.96999E+01 1.41499E+00  5.78684E-05  1.51618E+00 
5.97999E+01 1.40999E+00  5.56783E-05  1.51118E+00 
5.98999E+01 1.40499E+00  5.47921E-05  1.50619E+00 
5.99998E+01 1.39999E+00  5.43268E-05  1.50117E+00 
6.00998E+01 1.39499E+00  5.36220E-05  1.49618E+00 
6.01998E+01 1.38999E+00  5.31112E-05  1.49117E+00 
6.02998E+01 1.38499E+00  5.25980E-05  1.48617E+00 
6.03998E+01 1.37999E+00  5.12782E-05  1.48116E+00 
6.04998E+01 1.37499E+00  4.99925E-05  1.47615E+00 
6.05998E+01 1.36999E+00  4.84383E-05  1.47116E+00 
6.06998E+01 1.36499E+00  4.64104E-05  1.46615E+00 
6.07998E+01 1.35999E+00  4.47406E-05  1.46116E+00 
6.08998E+01 1.35499E+00  4.32350E-05  1.45617E+00 
6.09998E+01 1.34999E+00  4.18787E-05  1.45116E+00 
6.10998E+01 1.34499E+00  4.06879E-05  1.44616E+00 
6.11998E+01 1.33999E+00  3.94955E-05  1.44114E+00 
6.12998E+01 1.33499E+00  3.83122E-05  1.43614E+00 
6.13998E+01 1.32999E+00  3.71448E-05  1.43112E+00 
6.14998E+01 1.32499E+00  3.56147E-05  1.42614E+00 
6.15998E+01 1.31999E+00  3.44227E-05  1.42113E+00 
6.16998E+01 1.31499E+00  3.33224E-05  1.41610E+00 
6.17998E+01 1.30999E+00  3.23380E-05  1.41109E+00 
6.18998E+01 1.30499E+00  3.14297E-05  1.40611E+00 
6.19998E+01 1.29999E+00  3.04018E-05  1.40110E+00 
6.20998E+01 1.29499E+00  2.94477E-05  1.39610E+00 
6.21998E+01 1.28999E+00  2.85703E-05  1.39108E+00 
6.22998E+01 1.28499E+00  2.77197E-05  1.38608E+00 
6.23998E+01 1.27999E+00  2.68764E-05  1.38109E+00 
6.24998E+01 1.27499E+00  2.60582E-05  1.37609E+00 
6.25998E+01 1.26999E+00  2.52660E-05  1.37108E+00 
6.26998E+01 1.26499E+00  2.45107E-05  1.36609E+00 
6.27998E+01 1.25999E+00  2.37979E-05  1.36109E+00 
6.28998E+01 1.25499E+00  2.31241E-05  1.35609E+00 
6.29998E+01 1.24999E+00  2.24174E-05  1.35108E+00 
6.30998E+01 1.24499E+00  2.17691E-05  1.34607E+00 
6.31998E+01 1.23999E+00  2.11710E-05  1.34109E+00 
6.32998E+01 1.23499E+00  2.05798E-05  1.33610E+00 
6.33998E+01 1.22999E+00  2.01100E-05  1.33110E+00 
6.34998E+01 1.22499E+00  1.95825E-05  1.32609E+00 
6.35998E+01 1.21999E+00  1.90906E-05  1.32109E+00 
6.36998E+01 1.21499E+00  1.86553E-05  1.31610E+00 
6.37998E+01 1.20999E+00  1.82365E-05  1.31108E+00 
6.38998E+01 1.20499E+00  1.78735E-05  1.30606E+00 
6.39998E+01 1.19999E+00  1.76389E-05  1.30108E+00 
6.40998E+01 1.19500E+00  1.71111E-05  1.29606E+00 
6.41998E+01 1.19000E+00  1.66791E-05  1.29106E+00 
6.42998E+01 1.18500E+00  1.62883E-05  1.28606E+00 
6.43998E+01 1.18000E+00  1.60289E-05  1.28105E+00 
6.44998E+01 1.17500E+00  1.56373E-05  1.27605E+00 
6.45998E+01 1.17000E+00  1.53019E-05  1.27104E+00 
6.46998E+01 1.16500E+00  1.50014E-05  1.26602E+00 
6.47998E+01 1.16000E+00  1.47149E-05  1.26101E+00 
6.48998E+01 1.15500E+00  1.44474E-05  1.25601E+00 
6.49998E+01 1.15000E+00  1.41926E-05  1.25102E+00 
6.50998E+01 1.14500E+00  1.39457E-05  1.24603E+00 
6.51998E+01 1.14000E+00  1.37105E-05  1.24100E+00 
6.52998E+01 1.13500E+00  1.34933E-05  1.23603E+00 
6.53998E+01 1.13000E+00  1.32788E-05  1.23102E+00 
6.54998E+01 1.12500E+00  1.30808E-05  1.22601E+00 
6.55998E+01 1.12000E+00  1.28840E-05  1.22100E+00 
6.56998E+01 1.11500E+00  1.27026E-05  1.21600E+00 
6.57998E+01 1.11000E+00  1.25180E-05  1.21099E+00 
6.58998E+01 1.10500E+00  1.23395E-05  1.20599E+00 
6.59998E+01 1.10000E+00  1.21756E-05  1.20099E+00 
6.60998E+01 1.09500E+00  1.20138E-05  1.19602E+00 
6.61998E+01 1.09000E+00  1.18605E-05  1.19100E+00 
6.62998E+01 1.08500E+00  1.17148E-05  1.18599E+00 
6.63998E+01 1.08000E+00  1.15694E-05  1.18098E+00 
6.64998E+01 1.07500E+00  1.14320E-05  1.17599E+00 
6.65998E+01 1.07000E+00  1.13024E-05  1.17102E+00 
6.66998E+01 1.06500E+00  1.11661E-05  1.16601E+00 
6.67998E+01 1.06000E+00  1.10397E-05  1.16100E+00 
6.68998E+01 1.05500E+00  1.09046E-05  1.15600E+00 
6.69998E+01 1.05000E+00  1.07916E-05  1.15100E+00 
6.70998E+01 1.04500E+00  1.06695E-05  1.14600E+00 
6.71998E+01 1.04000E+00  1.05566E-05  1.14098E+00 
6.72998E+01 1.03500E+00  1.04375E-05  1.13598E+00 
6.73998E+01 1.03000E+00  1.03214E-05  1.13098E+00 
6.74998E+01 1.02500E+00  1.02120E-05  1.12598E+00 
6.75998E+01 1.02000E+00  1.01016E-05  1.12094E+00 
6.76998E+01 1.01500E+00  9.99667E-06  1.11596E+00 
6.77998E+01 1.01000E+00  9.89764E-06  1.11094E+00 
6.78998E+01 1.00500E+00  9.79332E-06  1.10596E+00 
6.79998E+01 9.99995E-01  9.69112E-06  1.10094E+00 
6.80998E+01 9.94996E-01  9.58639E-06  1.09593E+00 
6.81998E+01 9.89996E-01  9.46582E-06  1.09093E+00 
6.82998E+01 9.84996E-01  9.37957E-06  1.08592E+00 
6.83998E+01 9.79996E-01  9.22398E-06  1.08093E+00 
6.84998E+01 9.74996E-01  9.14368E-06  1.07593E+00 
6.85998E+01 9.69996E-01  9.05729E-06  1.07092E+00 
6.86998E+01 9.64996E-01  8.97134E-06  1.06592E+00 
6.87998E+01 9.59996E-01  8.88009E-06  1.06090E+00 
6.88998E+01 9.54996E-01  8.79361E-06  1.05591E+00 
6.89998E+01 9.49996E-01  8.70291E-06  1.05092E+00 
6.90998E+01 9.44996E-01  8.62892E-06  1.04590E+00 
6.91998E+01 9.39996E-01  8.55297E-06  1.04090E+00 
6.92998E+01 9.34996E-01  8.47856E-06  1.03591E+00 
6.93998E+01 9.29996E-01  8.39346E-06  1.03091E+00 
6.94998E+01 9.24996E-01  8.32122E-06  1.02589E+00 
6.95998E+01 9.19996E-01  8.24944E-06  1.02089E+00 
6.96998E+01 9.14996E-01  8.18318E-06  1.01591E+00 
6.97998E+01 9.09996E-01  8.11482E-06  1.01089E+00 
6.98998E+01 9.04996E-01  8.04542E-06  1.00590E+00 
6.99998E+01 8.99996E-01  7.95384E-06  1.00087E+00 
7.00998E+01 8.94996E-01  7.88855E-06  9.95878E-01 
7.01998E+01 8.89996E-01  7.81167E-06  9.90900E-01 
7.02998E+01 8.84996E-01  7.73199E-06  9.85893E-01 
7.03998E+01 8.79996E-01  7.63072E-06  9.80861E-01 
7.04998E+01 8.74996E-01  7.55134E-06  9.75879E-01 
7.05998E+01 8.69996E-01  7.45733E-06  9.70900E-01 
7.06998E+01 8.64996E-01  7.37140E-06  9.65864E-01 
7.07998E+01 8.59996E-01  7.28473E-06  9.60872E-01 
7.08998E+01 8.54996E-01  7.19752E-06  9.55868E-01 
7.09998E+01 8.49996E-01  7.11472E-06  9.50850E-01 
7.10998E+01 8.44996E-01  7.02804E-06  9.45843E-01 
7.11998E+01 8.39996E-01  6.93991E-06  9.40830E-01 
7.12998E+01 8.34996E-01  6.85466E-06  9.35823E-01 
7.13998E+01 8.29996E-01  6.76795E-06  9.30820E-01 
7.14998E+01 8.24996E-01  6.68922E-06  9.25831E-01 
7.15998E+01 8.19996E-01  6.61396E-06  9.20843E-01 
7.16998E+01 8.14996E-01  6.51969E-06  9.15836E-01 
7.17998E+01 8.09996E-01  6.43168E-06  9.10811E-01 
7.18998E+01 8.04996E-01  6.34725E-06  9.05828E-01 
7.19998E+01 7.99996E-01  6.25685E-06  9.00842E-01 
7.20998E+01 7.94996E-01  6.16915E-06  8.95812E-01 
7.21998E+01 7.89996E-01  6.08254E-06  8.90811E-01 
7.22998E+01 7.84996E-01  5.98816E-06  8.85791E-01 
7.23998E+01 7.79996E-01  5.89891E-06  8.80805E-01 
7.24998E+01 7.74996E-01  5.80466E-06  8.75805E-01 
7.25998E+01 7.69996E-01  5.70553E-06  8.70796E-01 
7.26998E+01 7.64996E-01  5.60981E-06  8.65788E-01 
7.27998E+01 7.59996E-01  5.51203E-06  8.60795E-01 
7.28998E+01 7.54996E-01  5.41365E-06  8.55779E-01 
7.29998E+01 7.49996E-01  5.33060E-06  8.50792E-01 
7.30998E+01 7.44996E-01  5.22315E-06  8.45783E-01 
7.31998E+01 7.39996E-01  5.12073E-06  8.40813E-01 
7.32998E+01 7.34996E-01  5.01890E-06  8.35793E-01 
7.33998E+01 7.29996E-01  4.91620E-06  8.30779E-01 
7.34998E+01 7.24996E-01  4.81443E-06  8.25758E-01 
7.35998E+01 7.19996E-01  4.70812E-06  8.20792E-01 
7.36998E+01 7.14996E-01  4.60230E-06  8.15824E-01 
7.37998E+01 7.09996E-01  4.49488E-06  8.10788E-01 
7.38998E+01 7.04996E-01  4.38505E-06  8.05776E-01 
7.39998E+01 6.99996E-01  4.27341E-06  8.00771E-01 
7.40998E+01 6.94996E-01  4.16366E-06  7.95801E-01 
7.41998E+01 6.89996E-01  4.04898E-06  7.90779E-01 
7.42998E+01 6.84996E-01  3.93654E-06  7.85768E-01 
7.43998E+01 6.79996E-01  3.83439E-06  7.80760E-01 
7.44998E+01 6.74996E-01  3.67486E-06  7.75731E-01 
7.45998E+01 6.69996E-01  3.55275E-06  7.70734E-01 
7.46998E+01 6.64996E-01  3.43019E-06  7.65755E-01 
7.47998E+01 6.59996E-01  3.31035E-06  7.60750E-01 
7.48998E+01 6.54996E-01  3.17355E-06  7.55734E-01 
7.49998E+01 6.49996E-01  3.07016E-06  7.50743E-01 
7.50998E+01 6.44996E-01  2.94258E-06  7.45726E-01 
7.51998E+01 6.39996E-01  2.83047E-06  7.40735E-01 
7.52998E+01 6.34996E-01  2.70258E-06  7.35717E-01 
7.53998E+01 6.29996E-01  2.57497E-06  7.30715E-01 
7.54998E+01 6.24996E-01  2.44315E-06  7.25720E-01 
7.55998E+01 6.19996E-01  2.33801E-06  7.20721E-01 
7.56998E+01 6.14996E-01  2.23972E-06  7.15701E-01 
7.57998E+01 6.09996E-01  2.05321E-06  7.10713E-01 
7.58998E+01 6.04996E-01  1.90807E-06  7.05719E-01 
7.59998E+01 5.99996E-01  1.77201E-06  7.00725E-01 
7.60998E+01 5.94997E-01  1.64498E-06  6.95711E-01 
7.61998E+01 5.89997E-01  1.52421E-06  6.90682E-01 
7.62998E+01 5.84997E-01  1.39708E-06  6.85699E-01 
7.63998E+01 5.79997E-01  1.26451E-06  6.80695E-01 
7.64998E+01 5.74997E-01  1.13281E-06  6.75695E-01 
7.65998E+01 5.69997E-01  1.00277E-06  6.70692E-01 
7.66998E+01 5.64997E-01  9.04620E-07  6.65681E-01 
7.67998E+01 5.59997E-01  7.25404E-07  6.60685E-01 
7.68998E+01 5.54997E-01  5.53038E-07  6.55663E-01 
7.69998E+01 5.49997E-01  4.20143E-07  6.50659E-01 
7.70998E+01 5.44997E-01  2.68353E-07  6.45675E-01 
7.71998E+01 5.39997E-01  1.11075E-07  6.40675E-01 
7.72998E+01 5.34997E-01  -1.92749E-08 6.35673E-01 
7.73998E+01 5.29997E-01  -1.61901E-07 6.30667E-01 
7.74998E+01 5.24997E-01  -2.29724E-07 6.25635E-01 
7.75998E+01 5.19997E-01  -4.04708E-07 6.20646E-01 
7.76998E+01 5.14997E-01  -6.46223E-07 6.15660E-01 
7.77998E+01 5.09997E-01  -8.31972E-07 6.10639E-01 
7.78998E+01 5.04997E-01  -1.00096E-06 6.05610E-01 
7.79998E+01 4.99997E-01  -1.19643E-06 6.00608E-01 
7.80998E+01 4.94997E-01  -1.27930E-06 5.95634E-01 
7.81998E+01 4.89997E-01  -1.48301E-06 5.90613E-01 
7.82998E+01 4.84997E-01  -1.64429E-06 5.85606E-01 
7.83998E+01 4.79997E-01  -1.80263E-06 5.80616E-01 
7.84998E+01 4.74997E-01  -1.95029E-06 5.75644E-01 
7.85998E+01 4.69997E-01  -2.13755E-06 5.70613E-01 
7.86998E+01 4.64997E-01  -2.31512E-06 5.65627E-01 
7.87998E+01 4.59997E-01  -2.48344E-06 5.60593E-01 
7.88998E+01 4.54997E-01  -2.69110E-06 5.55608E-01 
7.89998E+01 4.49997E-01  -2.87519E-06 5.50613E-01 
7.90998E+01 4.44997E-01  -3.06079E-06 5.45612E-01 
7.91998E+01 4.39997E-01  -3.27129E-06 5.40607E-01 
7.92998E+01 4.34997E-01  -3.52834E-06 5.35615E-01 
7.93998E+01 4.29997E-01  -3.81572E-06 5.30603E-01 
7.94998E+01 4.24997E-01  -4.08495E-06 5.25609E-01 
7.95998E+01 4.19997E-01  -4.31711E-06 5.20580E-01 
7.96998E+01 4.14997E-01  -4.52376E-06 5.15593E-01 
7.97998E+01 4.09997E-01  -4.77853E-06 5.10633E-01 
7.98998E+01 4.04997E-01  -5.05984E-06 5.05619E-01 
7.99998E+01 3.99997E-01  -5.35977E-06 5.00617E-01 
8.00998E+01 3.94997E-01  -5.63124E-06 4.95619E-01 
8.01998E+01 3.89997E-01  -5.96521E-06 4.90611E-01 
8.02998E+01 3.84997E-01  -6.28376E-06 4.85595E-01 
8.03998E+01 3.79997E-01  -6.62825E-06 4.80598E-01 
8.04998E+01 3.74997E-01  -6.98263E-06 4.75598E-01 
8.05998E+01 3.69997E-01  -7.32110E-06 4.70597E-01 
8.06998E+01 3.64997E-01  -7.66809E-06 4.65591E-01 
8.07998E+01 3.59997E-01  -8.02918E-06 4.60579E-01 
8.08998E+01 3.54997E-01  -8.37306E-06 4.55583E-01 
8.09998E+01 3.49997E-01  -8.83789E-06 4.50559E-01 
8.10998E+01 3.44997E-01  -9.23593E-06 4.45565E-01 
8.11998E+01 3.39997E-01  -9.65376E-06 4.40572E-01 
8.12998E+01 3.34997E-01  -1.00519E-05 4.35563E-01 
8.13998E+01 3.29997E-01  -1.05327E-05 4.30527E-01 
8.14998E+01 3.24997E-01  -1.10615E-05 4.25527E-01 
8.15998E+01 3.19997E-01  -1.15058E-05 4.20539E-01 
8.16998E+01 3.14997E-01  -1.20674E-05 4.15557E-01 
8.17998E+01 3.09997E-01  -1.25624E-05 4.10541E-01 
8.18998E+01 3.04997E-01  -1.30173E-05 4.05529E-01 
8.19998E+01 2.99997E-01  -1.35804E-05 4.00540E-01 
8.20998E+01 2.94997E-01  -1.43076E-05 3.95535E-01 
8.21998E+01 2.89997E-01  -1.49279E-05 3.90526E-01 
8.22998E+01 2.84997E-01  -1.56036E-05 3.85487E-01 
8.23998E+01 2.79997E-01  -1.59850E-05 3.80505E-01 
8.24998E+01 2.74997E-01  -1.67020E-05 3.75507E-01 
8.25998E+01 2.69997E-01  -1.72388E-05 3.70483E-01 
8.26998E+01 2.64997E-01  -1.78349E-05 3.65481E-01 
8.27998E+01 2.59997E-01  -1.85596E-05 3.60491E-01 
8.28998E+01 2.54997E-01  -1.92984E-05 3.55499E-01 
8.29998E+01 2.49997E-01  -1.99979E-05 3.50480E-01 
8.30998E+01 2.44997E-01  -2.06625E-05 3.45467E-01 
8.31998E+01 2.39997E-01  -2.13754E-05 3.40492E-01 
8.32998E+01 2.34997E-01  -2.21835E-05 3.35477E-01 
8.33998E+01 2.29997E-01  -2.30440E-05 3.30490E-01 
8.34998E+01 2.24997E-01  -2.38599E-05 3.25459E-01 
8.35998E+01 2.19997E-01  -2.46469E-05 3.20471E-01 
8.36998E+01 2.14997E-01  -2.53660E-05 3.15472E-01 
8.37998E+01 2.09997E-01  -2.60237E-05 3.10455E-01 
8.38998E+01 2.04997E-01  -2.67983E-05 3.05460E-01 
8.39998E+01 1.99997E-01  -2.76544E-05 3.00461E-01 
8.40998E+01 1.94998E-01  -2.83163E-05 2.95450E-01 
8.41998E+01 1.89998E-01  -2.89021E-05 2.90429E-01 
8.42998E+01 1.84998E-01  -2.94269E-05 2.85441E-01 
8.43998E+01 1.79998E-01  -3.00957E-05 2.80439E-01 
8.44998E+01 1.74998E-01  -3.07817E-05 2.75445E-01 
8.45998E+01 1.69998E-01  -3.15143E-05 2.70431E-01 
8.46998E+01 1.64998E-01  -3.23120E-05 2.65442E-01 
8.47998E+01 1.59998E-01  -3.30868E-05 2.60440E-01 
8.48998E+01 1.54998E-01  -3.38512E-05 2.55432E-01 
8.49998E+01 1.49998E-01  -3.45955E-05 2.50418E-01 
8.50998E+01 1.44998E-01  -3.53254E-05 2.45437E-01 
8.51998E+01 1.39998E-01  -3.60753E-05 2.40435E-01 
8.52998E+01 1.34998E-01  -3.67763E-05 2.35447E-01 
8.53998E+01 1.29998E-01  -3.74273E-05 2.30433E-01 
8.54998E+01 1.24998E-01  -3.80833E-05 2.25439E-01 
8.55998E+01 1.19998E-01  -3.86996E-05 2.20442E-01 
8.56998E+01 1.14998E-01  -3.93274E-05 2.15442E-01 
8.57998E+01 1.09998E-01  -3.99452E-05 2.10401E-01 
8.58998E+01 1.04998E-01  -4.05365E-05 2.05428E-01 
8.59998E+01 9.99977E-02  -4.11278E-05 2.00429E-01 
8.60998E+01 9.49978E-02  -4.17105E-05 1.95418E-01 
8.61998E+01 8.99978E-02  -4.23000E-05 1.90409E-01 
8.62998E+01 8.49978E-02  -4.28847E-05 1.85425E-01 
8.63998E+01 7.99978E-02  -4.34641E-05 1.80421E-01 
8.64998E+01 7.49978E-02  -4.40462E-05 1.75396E-01 
8.65998E+01 6.99978E-02  -4.46254E-05 1.70385E-01 
8.66998E+01 6.49978E-02  -4.51921E-05 1.65396E-01 
8.67998E+01 5.99978E-02  -4.57563E-05 1.60414E-01 
8.68998E+01 5.49979E-02  -4.63356E-05 1.55386E-01 
8.69998E+01 4.99979E-02  -4.68710E-05 1.50373E-01 
8.70998E+01 4.49979E-02  -4.73966E-05 1.45394E-01 
8.71998E+01 3.99979E-02  -4.78989E-05 1.40361E-01 
8.72998E+01 3.49979E-02  -4.83933E-05 1.35342E-01 
8.73998E+01 2.99979E-02  -4.88449E-05 1.30374E-01 
8.74998E+01 2.49979E-02  -4.92562E-05 1.25363E-01 
8.75998E+01 1.99979E-02  -4.96665E-05 1.20349E-01 
8.76998E+01 1.49980E-02  -5.00508E-05 1.15345E-01 
8.77998E+01 9.99797E-03  -5.04103E-05 1.10336E-01 
8.78998E+01 4.99799E-03  -5.07393E-05 1.05347E-01 
8.79998E+01 -2.00000E-06 -5.10470E-05 1.00356E-01 
8.80998E+01 -5.00199E-03 -5.13271E-05 9.53611E-02 
8.81998E+01 -1.00020E-02 -5.15906E-05 9.03283E-02 
8.82998E+01 -1.50020E-02 -5.18379E-05 8.53461E-02 
8.83998E+01 -2.00020E-02 -5.20680E-05 8.03446E-02 
8.84998E+01 -2.50019E-02 -5.22883E-05 7.53287E-02 
8.85998E+01 -3.00019E-02 -5.24984E-05 7.03140E-02 
8.86998E+01 -3.50019E-02 -5.26975E-05 6.53306E-02 
8.87998E+01 -4.00019E-02 -5.28905E-05 6.03309E-02 
8.88998E+01 -4.50019E-02 -5.30754E-05 5.53094E-02 
8.89998E+01 -5.00019E-02 -5.32588E-05 5.03128E-02 
8.90998E+01 -5.50019E-02 -5.34391E-05 4.53001E-02 
8.91998E+01 -6.00019E-02 -5.36191E-05 4.03191E-02 
8.92998E+01 -6.50018E-02 -5.37984E-05 3.53220E-02 
8.93998E+01 -7.00018E-02 -5.39730E-05 3.02929E-02 
8.94998E+01 -7.50018E-02 -5.41528E-05 2.52751E-02 
8.95998E+01 -8.00018E-02 -5.43311E-05 2.03204E-02 
8.96998E+01 -8.50018E-02 -5.45171E-05 1.53039E-02 
8.97998E+01 -9.00018E-02 -5.46971E-05 1.02680E-02 
8.98998E+01 -9.50018E-02 -5.48848E-05 5.27022E-03 
8.99998E+01 -1.00002E-01 -5.50690E-05 3.19870E-04 
9.00998E+01 -1.05002E-01 -5.52580E-05 -4.69853E-03
9.01998E+01 -1.10002E-01 -5.54430E-05 -9.69320E-03
9.02998E+01 -1.15002E-01 -5.56389E-05 -1.47403E-02
9.03998E+01 -1.20002E-01 -5.58292E-05 -1.97244E-02
9.04998E+01 -1.25002E-01 -5.60291E-05 -2.47159E-02
9.05998E+01 -1.30002E-01 -5.62199E-05 -2.97137E-02
9.06998E+01 -1.35002E-01 -5.64165E-05 -3.47184E-02
9.07998E+01 -1.40002E-01 -5.66209E-05 -3.97212E-02
9.08998E+01 -1.45002E-01 -5.68528E-05 -4.47271E-02
9.09998E+01 -1.50002E-01 -5.70764E-05 -4.97130E-02
9.10998E+01 -1.55002E-01 -5.72947E-05 -5.47302E-02
9.11998E+01 -1.60002E-01 -5.75236E-05 -5.97374E-02
9.12998E+01 -1.65002E-01 -5.77851E-05 -6.47239E-02
9.13998E+01 -1.70002E-01 -5.80534E-05 -6.97211E-02
9.14998E+01 -1.75002E-01 -5.83393E-05 -7.47345E-02
9.15998E+01 -1.80002E-01 -5.86492E-05 -7.97529E-02
9.16998E+01 -1.85002E-01 -5.89447E-05 -8.47407E-02
9.17998E+01 -1.90002E-01 -5.92689E-05 -8.97604E-02
9.18998E+01 -1.95002E-01 -5.97521E-05 -9.47413E-02
9.19998E+01 -2.00002E-01 -6.02429E-05 -9.97566E-02
9.20998E+01 -2.05001E-01 -6.08523E-05 -1.04751E-01
9.21998E+01 -2.10001E-01 -6.14676E-05 -1.09742E-01
9.22998E+01 -2.15001E-01 -6.21271E-05 -1.14754E-01
9.23998E+01 -2.20001E-01 -6.28643E-05 -1.19766E-01
9.24998E+01 -2.25001E-01 -6.35506E-05 -1.24772E-01
9.25998E+01 -2.30001E-01 -6.41242E-05 -1.29731E-01
9.26998E+01 -2.35001E-01 -6.47535E-05 -1.34752E-01
9.27998E+01 -2.40001E-01 -6.54277E-05 -1.39776E-01
9.28998E+01 -2.45001E-01 -6.60342E-05 -1.44772E-01
9.29998E+01 -2.50001E-01 -6.68238E-05 -1.49750E-01
9.30998E+01 -2.55001E-01 -6.72609E-05 -1.54765E-01
9.31998E+01 -2.60001E-01 -6.78593E-05 -1.59801E-01
9.32998E+01 -2.65001E-01 -6.83477E-05 -1.64789E-01
9.33998E+01 -2.70001E-01 -6.88653E-05 -1.69804E-01
9.34998E+01 -2.75001E-01 -6.95099E-05 -1.74815E-01
9.35998E+01 -2.80001E-01 -7.03470E-05 -1.79851E-01
9.36998E+01 -2.85001E-01 -7.11264E-05 -1.84831E-01
9.37998E+01 -2.90001E-01 -7.17499E-05 -1.89832E-01
9.38998E+01 -2.95001E-01 -7.23230E-05 -1.94837E-01
9.39998E+01 -3.00001E-01 -7.29530E-05 -1.99832E-01
9.40998E+01 -3.05001E-01 -7.36302E-05 -2.04822E-01
9.41998E+01 -3.10001E-01 -7.43370E-05 -2.09805E-01
9.42998E+01 -3.15001E-01 -7.51161E-05 -2.14803E-01
9.43998E+01 -3.20001E-01 -7.57494E-05 -2.19828E-01
9.44998E+01 -3.25001E-01 -7.64500E-05 -2.24820E-01
9.45998E+01 -3.30001E-01 -7.71291E-05 -2.29839E-01
9.46998E+01 -3.35001E-01 -7.77690E-05 -2.34842E-01
9.47998E+01 -3.40001E-01 -7.84692E-05 -2.39844E-01
9.48998E+01 -3.45001E-01 -7.91401E-05 -2.44846E-01
9.49998E+01 -3.50001E-01 -7.97822E-05 -2.49845E-01
9.50998E+01 -3.55001E-01 -8.04493E-05 -2.54848E-01
9.51998E+01 -3.60001E-01 -8.11216E-05 -2.59853E-01
9.52998E+01 -3.65001E-01 -8.17641E-05 -2.64843E-01
9.53998E+01 -3.70001E-01 -8.25543E-05 -2.69850E-01
9.54998E+01 -3.75001E-01 -8.32721E-05 -2.74851E-01
9.55998E+01 -3.80001E-01 -8.38279E-05 -2.79866E-01
9.56998E+01 -3.85001E-01 -8.43010E-05 -2.84869E-01
9.57998E+01 -3.90001E-01 -8.47779E-05 -2.89868E-01
9.58998E+01 -3.95001E-01 -8.52901E-05 -2.94848E-01
9.59998E+01 -4.00001E-01 -8.57906E-05 -2.99870E-01
9.60998E+01 -4.05001E-01 -8.63372E-05 -3.04876E-01
9.61998E+01 -4.10001E-01 -8.67755E-05 -3.09843E-01
9.62998E+01 -4.15001E-01 -8.71921E-05 -3.14868E-01
9.63998E+01 -4.20001E-01 -8.76693E-05 -3.19871E-01
9.64998E+01 -4.25001E-01 -8.81734E-05 -3.24892E-01
9.65998E+01 -4.30001E-01 -8.84260E-05 -3.29902E-01
9.66998E+01 -4.35001E-01 -8.87210E-05 -3.34885E-01
9.67998E+01 -4.40001E-01 -8.90307E-05 -3.39904E-01
9.68998E+01 -4.45001E-01 -8.93358E-05 -3.44890E-01
9.69998E+01 -4.50001E-01 -8.96504E-05 -3.49894E-01
9.70998E+01 -4.55001E-01 -8.99822E-05 -3.54911E-01
9.71998E+01 -4.60001E-01 -9.02735E-05 -3.59897E-01
9.72998E+01 -4.65001E-01 -9.05333E-05 -3.64903E-01
9.73998E+01 -4.70001E-01 -9.07680E-05 -3.69921E-01
9.74998E+01 -4.75001E-01 -9.11189E-05 -3.74910E-01
9.75998E+01 -4.80001E-01 -9.12852E-05 -3.79916E-01
9.76998E+01 -4.85001E-01 -9.16502E-05 -3.84906E-01
9.77998E+01 -4.90001E-01 -9.19496E-05 -3.89911E-01
9.78998E+01 -4.95001E-01 -9.20591E-05 -3.94922E-01
9.79998E+01 -5.00001E-01 -9.22984E-05 -3.99934E-01
9.80998E+01 -5.05001E-01 -9.28462E-05 -4.04900E-01
9.81998E+01 -5.10001E-01 -9.32667E-05 -4.09912E-01
9.82998E+01 -5.15001E-01 -9.36450E-05 -4.14934E-01
9.83998E+01 -5.20001E-01 -9.36531E-05 -4.19922E-01
9.84998E+01 -5.25001E-01 -9.40388E-05 -4.24919E-01
9.85998E+01 -5.30001E-01 -9.41717E-05 -4.29939E-01
9.86998E+01 -5.35001E-01 -9.50803E-05 -4.34948E-01
9.87998E+01 -5.40001E-01 -9.54378E-05 -4.39951E-01
9.88998E+01 -5.45001E-01 -9.54288E-05 -4.44953E-01
9.89998E+01 -5.50001E-01 -9.51420E-05 -4.49946E-01
9.90998E+01 -5.55001E-01 -9.54636E-05 -4.54964E-01
9.91998E+01 -5.60001E-01 -9.58699E-05 -4.59973E-01
9.92998E+01 -5.65001E-01 -9.61943E-05 -4.64960E-01
9.93998E+01 -5.70001E-01 -9.61623E-05 -4.69959E-01
9.94998E+01 -5.75001E-01 -9.54830E-05 -4.74965E-01
9.95998E+01 -5.80001E-01 -9.57813E-05 -4.79971E-01
9.96998E+01 -5.85001E-01 -9.62174E-05 -4.84988E-01
9.97998E+01 -5.90001E-01 -9.65261E-05 -4.89984E-01
9.98998E+01 -5.95001E-01 -9.63052E-05 -4.94982E-01
9.99997E+01 -6.00001E-01 -9.65976E-05 -5.00003E-01
1.00100E+02 -6.05000E-01 -9.69128E-05 -5.05000E-01
1.00200E+02 -6.10000E-01 -9.73060E-05 -5.10011E-01
1.00300E+02 -6.15000E-01 -9.74062E-05 -5.15032E-01
1.00400E+02 -6.20000E-01 -9.74363E-05 -5.20001E-01
1.00500E+02 -6.25000E-01 -9.79224E-05 -5.24993E-01
1.00600E+02 -6.30000E-01 -9.82206E-05 -5.30029E-01
1.00700E+02 -6.35000E-01 -9.85893E-05 -5.35018E-01
1.00800E+02 -6.40000E-01 -9.91527E-05 -5.39993E-01
1.00900E+02 -6.45000E-01 -9.94462E-05 -5.44998E-01
1.01000E+02 -6.50000E-01 -9.97906E-05 -5.50020E-01
1.01100E+02 -6.55000E-01 -1.00035E-04 -5.55025E-01
1.01200E+02 -6.60000E-01 -1.00442E-04 -5.60032E-01
1.01300E+02 -6.65000E-01 -1.00961E-04 -5.65029E-01
1.01400E+02 -6.70000E-01 -1.01697E-04 -5.70020E-01
1.01500E+02 -6.75000E-01 -1.01583E-04 -5.75014E-01
1.01600E+02 -6.80000E-01 -1.01886E-04 -5.80016E-01
1.01700E+02 -6.85000E-01 -1.02346E-04 -5.85002E-01
1.01800E+02 -6.90000E-01 -1.02652E-04 -5.90038E-01
1.01900E+02 -6.95000E-01 -1.02879E-04 -5.95044E-01
1.02000E+02 -7.00000E-01 -1.03108E-04 -6.00019E-01
1.02100E+02 -7.05000E-01 -1.03442E-04 -6.05022E-01
1.02200E+02 -7.10000E-01 -1.03682E-04 -6.10013E-01
1.02300E+02 -7.15000E-01 -1.04124E-04 -6.15065E-01
1.02400E+02 -7.20000E-01 -1.04539E-04 -6.20058E-01
1.02500E+02 -7.25000E-01 -1.04819E-04 -6.25042E-01
1.02600E+02 -7.30000E-01 -1.05159E-04 -6.30057E-01
1.02700E+02 -7.35000E-01 -1.05819E-04 -6.35067E-01
1.02800E+02 -7.40000E-01 -1.06191E-04 -6.40046E-01
1.02900E+02 -7.45000E-01 -1.06393E-04 -6.45050E-01
1.03000E+02 -7.50000E-01 -1.07175E-04 -6.50068E-01
1.03100E+02 -7.55000E-01 -1.08081E-04 -6.55090E-01
1.03200E+02 -7.60000E-01 -1.08647E-04 -6.60083E-01
1.03300E+02 -7.65000E-01 -1.09051E-04 -6.65086E-01
1.03400E+02 -7.70000E-01 -1.09599E-04 -6.70064E-01
1.03500E+02 -7.75000E-01 -1.10024E-04 -6.75093E-01
1.03600E+02 -7.80000E-01 -1.10093E-04 -6.80097E-01
1.03700E+02 -7.85000E-01 -1.09770E-04 -6.85096E-01
1.03800E+02 -7.90000E-01 -1.10562E-04 -6.90090E-01
1.03900E+02 -7.95000E-01 -1.11507E-04 -6.95108E-01
