time/s      E/V        I/A
0.00000E+00 -8.00000E-01 -3.40257E-05 -7.79712E-01
9.99997E-02 -7.95000E-01 -3.26642E-05 -7.74716E-01
1.99999E-01 -7.90000E-01 -3.15569E-05 -7.69722E-01
2.99999E-01 -7.85000E-01 -3.05771E-05 -7.64730E-01
3.99999E-01 -7.80000E-01 -2.96726E-05 -7.59723E-01
4.99999E-01 -7.75000E-01 -2.88559E-05 -7.54692E-01
5.99998E-01 -7.70000E-01 -2.80833E-05 -7.49683E-01
6.99998E-01 -7.65000E-01 -2.73834E-05 -7.44710E-01
7.99998E-01 -7.60000E-01 -2.66846E-05 -7.39717E-01
8.99998E-01 -7.55000E-01 -2.60383E-05 -7.34697E-01
9.99997E-01 -7.50000E-01 -2.54240E-05 -7.29703E-01
1.10000E+00 -7.45000E-01 -2.48426E-05 -7.24688E-01
1.20000E+00 -7.40000E-01 -2.42765E-05 -7.19701E-01
1.30000E+00 -7.35000E-01 -2.37385E-05 -7.14696E-01
1.40000E+00 -7.30000E-01 -2.32129E-05 -7.09691E-01
1.50000E+00 -7.25000E-01 -2.27120E-05 -7.04693E-01
1.60000E+00 -7.20000E-01 -2.22369E-05 -6.99723E-01
1.70000E+00 -7.15000E-01 -2.17748E-05 -6.94699E-01
1.80000E+00 -7.10000E-01 -2.13238E-05 -6.89675E-01
1.90000E+00 -7.05000E-01 -2.08967E-05 -6.84687E-01
1.99999E+00 -7.00000E-01 -2.04734E-05 -6.79685E-01
2.09999E+00 -6.95000E-01 -2.00614E-05 -6.74683E-01
2.19999E+00 -6.90000E-01 -1.96635E-05 -6.69670E-01
2.29999E+00 -6.85000E-01 -1.92825E-05 -6.64674E-01
2.39999E+00 -6.80000E-01 -1.89041E-05 -6.59685E-01
2.49999E+00 -6.75000E-01 -1.85418E-05 -6.54657E-01
2.59999E+00 -6.70000E-01 -1.81818E-05 -6.49665E-01
2.69999E+00 -6.65000E-01 -1.78302E-05 -6.44662E-01
2.79999E+00 -6.60000E-01 -1.74889E-05 -6.39644E-01
2.89999E+00 -6.55000E-01 -1.71589E-05 -6.34661E-01
2.99999E+00 -6.50000E-01 -1.68324E-05 -6.29635E-01
3.09999E+00 -6.45000E-01 -1.65105E-05 -6.24614E-01
3.19999E+00 -6.40000E-01 -1.61954E-05 -6.19624E-01
3.29999E+00 -6.35000E-01 -1.58781E-05 -6.14645E-01
3.39999E+00 -6.30000E-01 -1.55793E-05 -6.09641E-01
3.49999E+00 -6.25000E-01 -1.52827E-05 -6.04628E-01
3.59999E+00 -6.20000E-01 -1.49880E-05 -5.99628E-01
3.69999E+00 -6.15000E-01 -1.46991E-05 -5.94638E-01
3.79999E+00 -6.10000E-01 -1.44131E-05 -5.89622E-01
3.89999E+00 -6.05000E-01 -1.41312E-05 -5.84615E-01
3.99999E+00 -6.00001E-01 -1.38546E-05 -5.79640E-01
4.09999E+00 -5.95001E-01 -1.35782E-05 -5.74627E-01
4.19999E+00 -5.90001E-01 -1.33089E-05 -5.69621E-01
4.29999E+00 -5.85001E-01 -1.30415E-05 -5.64614E-01
4.39999E+00 -5.80001E-01 -1.27771E-05 -5.59614E-01
4.49999E+00 -5.75001E-01 -1.25162E-05 -5.54630E-01
4.59999E+00 -5.70001E-01 -1.22582E-05 -5.49627E-01
4.69999E+00 -5.65001E-01 -1.20022E-05 -5.44612E-01
4.79999E+00 -5.60001E-01 -1.17509E-05 -5.39602E-01
4.89999E+00 -5.55001E-01 -1.15033E-05 -5.34605E-01
4.99999E+00 -5.50001E-01 -1.12592E-05 -5.29619E-01
5.09999E+00 -5.45001E-01 -1.10163E-05 -5.24610E-01
5.19999E+00 -5.40001E-01 -1.07760E-05 -5.19611E-01
5.29999E+00 -5.35001E-01 -1.05425E-05 -5.14594E-01
5.39999E+00 -5.30001E-01 -1.03106E-05 -5.09606E-01
5.49999E+00 -5.25001E-01 -1.00813E-05 -5.04602E-01
5.59999E+00 -5.20001E-01 -9.85569E-06 -4.99578E-01
5.69999E+00 -5.15001E-01 -9.63537E-06 -4.94559E-01
5.79999E+00 -5.10001E-01 -9.41538E-06 -4.89583E-01
5.89999E+00 -5.05001E-01 -9.20083E-06 -4.84587E-01
5.99998E+00 -5.00001E-01 -8.99043E-06 -4.79583E-01
6.09998E+00 -4.95001E-01 -8.78248E-06 -4.74547E-01
6.19998E+00 -4.90001E-01 -8.57943E-06 -4.69544E-01
6.29998E+00 -4.85001E-01 -8.37315E-06 -4.64541E-01
6.39998E+00 -4.80001E-01 -8.17580E-06 -4.59541E-01
6.49998E+00 -4.75001E-01 -7.98075E-06 -4.54552E-01
6.59998E+00 -4.70001E-01 -7.78859E-06 -4.49525E-01
6.69998E+00 -4.65001E-01 -7.59797E-06 -4.44545E-01
6.79998E+00 -4.60001E-01 -7.41089E-06 -4.39546E-01
6.89998E+00 -4.55001E-01 -7.22436E-06 -4.34566E-01
6.99998E+00 -4.50001E-01 -7.04285E-06 -4.29544E-01
7.09998E+00 -4.45001E-01 -6.86179E-06 -4.24540E-01
7.19998E+00 -4.40001E-01 -6.68201E-06 -4.19545E-01
7.29998E+00 -4.35001E-01 -6.50720E-06 -4.14558E-01
7.39998E+00 -4.30001E-01 -6.32985E-06 -4.09529E-01
7.49998E+00 -4.25001E-01 -6.15389E-06 -4.04533E-01
7.59998E+00 -4.20001E-01 -5.98236E-06 -3.99538E-01
7.69998E+00 -4.15001E-01 -5.81030E-06 -3.94544E-01
7.79998E+00 -4.10001E-01 -5.63976E-06 -3.89513E-01
7.89998E+00 -4.05001E-01 -5.46913E-06 -3.84519E-01
7.99998E+00 -4.00001E-01 -5.30062E-06 -3.79530E-01
8.09998E+00 -3.95001E-01 -5.13524E-06 -3.74530E-01
8.19998E+00 -3.90001E-01 -4.96828E-06 -3.69523E-01
8.29998E+00 -3.85001E-01 -4.80304E-06 -3.64511E-01
8.39998E+00 -3.80001E-01 -4.63593E-06 -3.59495E-01
8.49998E+00 -3.75001E-01 -4.47250E-06 -3.54525E-01
8.59998E+00 -3.70001E-01 -4.31046E-06 -3.49495E-01
8.69998E+00 -3.65001E-01 -4.14858E-06 -3.44515E-01
8.79998E+00 -3.60001E-01 -3.99099E-06 -3.39512E-01
8.89998E+00 -3.55001E-01 -3.82830E-06 -3.34473E-01
8.99998E+00 -3.50001E-01 -3.66937E-06 -3.29492E-01
9.09998E+00 -3.45001E-01 -3.55404E-06 -3.24474E-01
9.19998E+00 -3.40001E-01 -3.39673E-06 -3.19471E-01
9.29998E+00 -3.35001E-01 -3.24372E-06 -3.14435E-01
9.39998E+00 -3.30001E-01 -3.09206E-06 -3.09459E-01
9.49998E+00 -3.25001E-01 -2.93891E-06 -3.04471E-01
9.59998E+00 -3.20001E-01 -2.78945E-06 -2.99460E-01
9.69998E+00 -3.15001E-01 -2.64048E-06 -2.94436E-01
9.79998E+00 -3.10001E-01 -2.49269E-06 -2.89457E-01
9.89998E+00 -3.05001E-01 -2.34722E-06 -2.84459E-01
9.99997E+00 -3.00001E-01 -2.20383E-06 -2.79449E-01
1.01000E+01 -2.95001E-01 -2.06013E-06 -2.74435E-01
1.02000E+01 -2.90001E-01 -1.91783E-06 -2.69421E-01
1.03000E+01 -2.85001E-01 -1.77903E-06 -2.64428E-01
1.04000E+01 -2.80001E-01 -1.63900E-06 -2.59451E-01
1.05000E+01 -2.75001E-01 -1.50003E-06 -2.54434E-01
1.06000E+01 -2.70001E-01 -1.36168E-06 -2.49423E-01
1.07000E+01 -2.65001E-01 -1.22226E-06 -2.44443E-01
1.08000E+01 -2.60001E-01 -1.08329E-06 -2.39424E-01
1.09000E+01 -2.55001E-01 -9.44181E-07 -2.34412E-01
1.10000E+01 -2.50001E-01 -8.03986E-07 -2.29417E-01
1.11000E+01 -2.45001E-01 -6.61205E-07 -2.24424E-01
1.12000E+01 -2.40001E-01 -5.19106E-07 -2.19424E-01
1.13000E+01 -2.35001E-01 -3.73344E-07 -2.14402E-01
1.14000E+01 -2.30001E-01 -2.29089E-07 -2.09406E-01
1.15000E+01 -2.25001E-01 -8.03951E-08 -2.04404E-01
1.16000E+01 -2.20001E-01 6.67753E-08  -1.99396E-01
1.17000E+01 -2.15001E-01 2.19107E-07  -1.94394E-01
1.18000E+01 -2.10001E-01 3.71769E-07  -1.89383E-01
1.19000E+01 -2.05001E-01 5.26804E-07  -1.84411E-01
1.20000E+01 -2.00002E-01 6.83545E-07  -1.79404E-01
1.21000E+01 -1.95002E-01 8.41741E-07  -1.74408E-01
1.22000E+01 -1.90002E-01 1.00289E-06  -1.69387E-01
1.23000E+01 -1.85002E-01 1.16544E-06  -1.64388E-01
1.24000E+01 -1.80002E-01 1.32989E-06  -1.59385E-01
1.25000E+01 -1.75002E-01 1.49359E-06  -1.54384E-01
1.26000E+01 -1.70002E-01 1.66135E-06  -1.49373E-01
1.27000E+01 -1.65002E-01 1.82906E-06  -1.44403E-01
1.28000E+01 -1.60002E-01 1.99922E-06  -1.39379E-01
1.29000E+01 -1.55002E-01 2.17201E-06  -1.34381E-01
1.30000E+01 -1.50002E-01 2.34653E-06  -1.29385E-01
1.31000E+01 -1.45002E-01 2.52259E-06  -1.24386E-01
1.32000E+01 -1.40002E-01 2.70134E-06  -1.19371E-01
1.33000E+01 -1.35002E-01 2.88346E-06  -1.14370E-01
1.34000E+01 -1.30002E-01 3.06860E-06  -1.09331E-01
1.35000E+01 -1.25002E-01 3.25881E-06  -1.04370E-01
1.36000E+01 -1.20002E-01 3.45263E-06  -9.93681E-02
1.37000E+01 -1.15002E-01 3.65200E-06  -9.43553E-02
1.38000E+01 -1.10002E-01 3.85834E-06  -8.93700E-02
1.39000E+01 -1.05002E-01 4.07766E-06  -8.43628E-02
1.40000E+01 -1.00002E-01 4.30240E-06  -7.93551E-02
1.41000E+01 -9.50018E-02 4.53978E-06  -7.43460E-02
1.42000E+01 -9.00018E-02 4.79000E-06  -6.93588E-02
1.43000E+01 -8.50018E-02 5.05419E-06  -6.43242E-02
1.44000E+01 -8.00018E-02 5.33686E-06  -5.93745E-02
1.45000E+01 -7.50018E-02 5.63348E-06  -5.43342E-02
1.46000E+01 -7.00018E-02 5.95509E-06  -4.93227E-02
1.47000E+01 -6.50018E-02 6.29217E-06  -4.43424E-02
1.48000E+01 -6.00019E-02 6.65534E-06  -3.93533E-02
1.49000E+01 -5.50019E-02 7.04483E-06  -3.43462E-02
1.50000E+01 -5.00019E-02 7.46269E-06  -2.93427E-02
1.51000E+01 -4.50019E-02 7.91422E-06  -2.43299E-02
1.52000E+01 -4.00019E-02 8.38518E-06  -1.93584E-02
1.53000E+01 -3.50019E-02 8.89229E-06  -1.43543E-02
1.54000E+01 -3.00019E-02 9.43409E-06  -9.32909E-03
1.55000E+01 -2.50019E-02 1.00104E-05  -4.28197E-03
1.56000E+01 -2.00020E-02 1.06287E-05  7.03974E-04 
1.57000E+01 -1.50020E-02 1.12909E-05  5.68180E-03 
1.58000E+01 -1.00020E-02 1.19941E-05  1.06852E-02 
1.59000E+01 -5.00199E-03 1.27431E-05  1.57142E-02 
1.60000E+01 -2.00000E-06 1.35410E-05  2.07152E-02 
1.61000E+01 4.99799E-03  1.43817E-05  2.56798E-02 
1.62000E+01 9.99797E-03  1.52648E-05  3.07126E-02 
1.63000E+01 1.49980E-02  1.61886E-05  3.57210E-02 
1.64000E+01 1.99979E-02  1.71511E-05  4.07201E-02 
1.65000E+01 2.49979E-02  1.81422E-05  4.57235E-02 
1.66000E+01 2.99979E-02  1.91603E-05  5.06857E-02 
1.67000E+01 3.49979E-02  2.01976E-05  5.57179E-02 
1.68000E+01 3.99979E-02  2.12386E-05  6.07188E-02 
1.69000E+01 4.49979E-02  2.23295E-05  6.56947E-02 
1.70000E+01 4.99979E-02  2.33426E-05  7.07137E-02 
1.71000E+01 5.49979E-02  2.43349E-05  7.57253E-02 
1.72000E+01 5.99978E-02  2.52854E-05  8.07362E-02 
1.73000E+01 6.49978E-02  2.61873E-05  8.57315E-02 
1.74000E+01 6.99978E-02  2.70288E-05  9.07187E-02 
1.75000E+01 7.49978E-02  2.78191E-05  9.57233E-02 
1.76000E+01 7.99978E-02  2.85491E-05  1.00711E-01 
1.77000E+01 8.49978E-02  2.92376E-05  1.05738E-01 
1.78000E+01 8.99978E-02  2.98821E-05  1.10704E-01 
1.79000E+01 9.49978E-02  3.05089E-05  1.15729E-01 
1.80000E+01 9.99977E-02  3.11177E-05  1.20712E-01 
1.81000E+01 1.04998E-01  3.17225E-05  1.25717E-01 
1.82000E+01 1.09998E-01  3.23336E-05  1.30698E-01 
1.83000E+01 1.14998E-01  3.29453E-05  1.35722E-01 
1.84000E+01 1.19998E-01  3.35499E-05  1.40727E-01 
1.85000E+01 1.24998E-01  3.41425E-05  1.45748E-01 
1.86000E+01 1.29998E-01  3.47213E-05  1.50743E-01 
1.87000E+01 1.34998E-01  3.52579E-05  1.55760E-01 
1.88000E+01 1.39998E-01  3.57456E-05  1.60770E-01 
1.89000E+01 1.44998E-01  3.61645E-05  1.65764E-01 
1.90000E+01 1.49998E-01  3.65012E-05  1.70770E-01 
1.91000E+01 1.54998E-01  3.67352E-05  1.75790E-01 
1.92000E+01 1.59998E-01  3.68710E-05  1.80805E-01 
1.93000E+01 1.64998E-01  3.68907E-05  1.85804E-01 
1.94000E+01 1.69998E-01  3.68027E-05  1.90786E-01 
1.95000E+01 1.74998E-01  3.66177E-05  1.95787E-01 
1.96000E+01 1.79998E-01  3.63731E-05  2.00810E-01 
1.97000E+01 1.84998E-01  3.60920E-05  2.05797E-01 
1.98000E+01 1.89998E-01  3.58272E-05  2.10779E-01 
1.99000E+01 1.94998E-01  3.56085E-05  2.15813E-01 
1.99999E+01 1.99997E-01  3.54708E-05  2.20819E-01 
2.00999E+01 2.04997E-01  3.54345E-05  2.25797E-01 
2.01999E+01 2.09997E-01  3.55115E-05  2.30791E-01 
2.02999E+01 2.14997E-01  3.57157E-05  2.35814E-01 
2.03999E+01 2.19997E-01  3.60258E-05  2.40809E-01 
2.04999E+01 2.24997E-01  3.64222E-05  2.45825E-01 
2.05999E+01 2.29997E-01  3.68834E-05  2.50795E-01 
2.06999E+01 2.34997E-01  3.73948E-05  2.55815E-01 
2.07999E+01 2.39997E-01  3.79386E-05  2.60844E-01 
2.08999E+01 2.44997E-01  3.85023E-05  2.65834E-01 
2.09999E+01 2.49997E-01  3.90800E-05  2.70830E-01 
2.10999E+01 2.54997E-01  3.96607E-05  2.75868E-01 
2.11999E+01 2.59997E-01  4.02370E-05  2.80862E-01 
2.12999E+01 2.64997E-01  4.08058E-05  2.85853E-01 
2.13999E+01 2.69997E-01  4.13612E-05  2.90823E-01 
2.14999E+01 2.74997E-01  4.19015E-05  2.95833E-01 
2.15999E+01 2.79997E-01  4.24210E-05  3.00839E-01 
2.16999E+01 2.84997E-01  4.29150E-05  3.05847E-01 
2.17999E+01 2.89997E-01  4.33846E-05  3.10867E-01 
2.18999E+01 2.94997E-01  4.38257E-05  3.15846E-01 
2.19999E+01 2.99997E-01  4.42374E-05  3.20860E-01 
2.20999E+01 3.04997E-01  4.46174E-05  3.25862E-01 
2.21999E+01 3.09997E-01  4.49637E-05  3.30850E-01 
2.22999E+01 3.14997E-01  4.52804E-05  3.35892E-01 
2.23999E+01 3.19997E-01  4.55652E-05  3.40858E-01 
2.24999E+01 3.24997E-01  4.58128E-05  3.45865E-01 
2.25999E+01 3.29997E-01  4.60250E-05  3.50859E-01 
2.26999E+01 3.34997E-01  4.62030E-05  3.55880E-01 
2.27999E+01 3.39997E-01  4.63490E-05  3.60888E-01 
2.28999E+01 3.44997E-01  4.64499E-05  3.65873E-01 
2.29999E+01 3.49997E-01  4.65213E-05  3.70873E-01 
2.30999E+01 3.54997E-01  4.65645E-05  3.75892E-01 
2.31999E+01 3.59997E-01  4.65789E-05  3.80914E-01 
2.32999E+01 3.64997E-01  4.65510E-05  3.85892E-01 
2.33999E+01 3.69997E-01  4.64833E-05  3.90897E-01 
2.34999E+01 3.74997E-01  4.63632E-05  3.95922E-01 
2.35999E+01 3.79997E-01  4.62089E-05  4.00909E-01 
2.36999E+01 3.84997E-01  4.60178E-05  4.05911E-01 
2.37999E+01 3.89997E-01  4.58283E-05  4.10929E-01 
2.38999E+01 3.94997E-01  4.55651E-05  4.15917E-01 
2.39999E+01 3.99997E-01  4.52556E-05  4.20929E-01 
2.40999E+01 4.04997E-01  4.48972E-05  4.25921E-01 
2.41999E+01 4.09997E-01  4.44797E-05  4.30910E-01 
2.42999E+01 4.14997E-01  4.40551E-05  4.35934E-01 
2.43999E+01 4.19997E-01  4.36278E-05  4.40939E-01 
2.44999E+01 4.24997E-01  4.31565E-05  4.45933E-01 
2.45999E+01 4.29997E-01  4.26658E-05  4.50940E-01 
2.46999E+01 4.34997E-01  4.21717E-05  4.55966E-01 
2.47999E+01 4.39997E-01  4.16805E-05  4.60939E-01 
2.48999E+01 4.44997E-01  4.11936E-05  4.65977E-01 
2.49999E+01 4.49997E-01  4.07066E-05  4.70960E-01 
2.50999E+01 4.54997E-01  4.02446E-05  4.75980E-01 
2.51999E+01 4.59997E-01  3.98365E-05  4.80984E-01 
2.52999E+01 4.64997E-01  3.94242E-05  4.85984E-01 
2.53999E+01 4.69997E-01  3.90099E-05  4.90990E-01 
2.54999E+01 4.74997E-01  3.86010E-05  4.95995E-01 
2.55999E+01 4.79997E-01  3.81789E-05  5.00981E-01 
2.56999E+01 4.84997E-01  3.77423E-05  5.05988E-01 
2.57999E+01 4.89997E-01  3.73259E-05  5.10988E-01 
2.58999E+01 4.94997E-01  3.69337E-05  5.16002E-01 
2.59999E+01 4.99997E-01  3.65402E-05  5.20988E-01 
2.60999E+01 5.04997E-01  3.61481E-05  5.26001E-01 
2.61999E+01 5.09997E-01  3.57704E-05  5.31004E-01 
2.62999E+01 5.14997E-01  3.54036E-05  5.36022E-01 
2.63999E+01 5.19997E-01  3.50611E-05  5.41026E-01 
2.64999E+01 5.24997E-01  3.47410E-05  5.46023E-01 
2.65999E+01 5.29997E-01  3.44447E-05  5.51012E-01 
2.66999E+01 5.34997E-01  3.41813E-05  5.56043E-01 
2.67999E+01 5.39997E-01  3.39441E-05  5.61038E-01 
2.68999E+01 5.44997E-01  3.37367E-05  5.66019E-01 
2.69999E+01 5.49997E-01  3.35495E-05  5.71042E-01 
2.70999E+01 5.54997E-01  3.33919E-05  5.76047E-01 
2.71999E+01 5.59997E-01  3.32618E-05  5.81055E-01 
2.72999E+01 5.64997E-01  3.31564E-05  5.86048E-01 
2.73999E+01 5.69997E-01  3.30707E-05  5.91039E-01 
2.74999E+01 5.74997E-01  3.30112E-05  5.96044E-01 
2.75999E+01 5.79997E-01  3.29693E-05  6.01037E-01 
2.76999E+01 5.84997E-01  3.29470E-05  6.06043E-01 
2.77999E+01 5.89997E-01  3.29392E-05  6.11045E-01 
2.78999E+01 5.94997E-01  3.29482E-05  6.16082E-01 
2.79999E+01 5.99996E-01  3.29754E-05  6.21061E-01 
2.80999E+01 6.04996E-01  3.30139E-05  6.26052E-01 
2.81999E+01 6.09996E-01  3.30655E-05  6.31057E-01 
2.82999E+01 6.14996E-01  3.31346E-05  6.36096E-01 
2.83999E+01 6.19996E-01  3.32229E-05  6.41070E-01 
2.84999E+01 6.24996E-01  3.33045E-05  6.46077E-01 
2.85999E+01 6.29996E-01  3.34026E-05  6.51067E-01 
2.86999E+01 6.34996E-01  3.35148E-05  6.56084E-01 
2.87999E+01 6.39996E-01  3.36353E-05  6.61086E-01 
2.88999E+01 6.44996E-01  3.37667E-05  6.66078E-01 
2.89999E+01 6.49996E-01  3.39032E-05  6.71082E-01 
2.90999E+01 6.54996E-01  3.40461E-05  6.76070E-01 
2.91999E+01 6.59996E-01  3.42005E-05  6.81081E-01 
2.92999E+01 6.64996E-01  3.43616E-05  6.86079E-01 
2.93999E+01 6.69996E-01  3.45279E-05  6.91073E-01 
2.94999E+01 6.74996E-01  3.47008E-05  6.96083E-01 
2.95999E+01 6.79996E-01  3.48822E-05  7.01101E-01 
2.96999E+01 6.84996E-01  3.50663E-05  7.06088E-01 
2.97999E+01 6.89996E-01  3.52501E-05  7.11067E-01 
2.98999E+01 6.94996E-01  3.54492E-05  7.16089E-01 
2.99999E+01 6.99996E-01  3.56469E-05  7.21065E-01 
3.00999E+01 7.04996E-01  3.58493E-05  7.26080E-01 
3.01999E+01 7.09996E-01  3.60522E-05  7.31075E-01 
3.02999E+01 7.14996E-01  3.62552E-05  7.36074E-01 
3.03999E+01 7.19996E-01  3.64598E-05  7.41086E-01 
3.04999E+01 7.24996E-01  3.66669E-05  7.46085E-01 
3.05999E+01 7.29996E-01  3.68701E-05  7.51064E-01 
3.06999E+01 7.34996E-01  3.70830E-05  7.56068E-01 
3.07999E+01 7.39996E-01  3.72935E-05  7.61099E-01 
3.08999E+01 7.44996E-01  3.75038E-05  7.66099E-01 
3.09999E+01 7.49996E-01  3.77178E-05  7.71074E-01 
3.10999E+01 7.54996E-01  3.79211E-05  7.76105E-01 
3.11999E+01 7.59996E-01  3.81209E-05  7.81106E-01 
3.12999E+01 7.64996E-01  3.83092E-05  7.86129E-01 
3.13999E+01 7.69996E-01  3.84998E-05  7.91120E-01 
3.14999E+01 7.74996E-01  3.86758E-05  7.96152E-01 
3.15999E+01 7.79996E-01  3.88422E-05  8.01113E-01 
3.16999E+01 7.84996E-01  3.90096E-05  8.06161E-01 
3.17999E+01 7.89996E-01  3.91613E-05  8.11154E-01 
3.18999E+01 7.94996E-01  3.93061E-05  8.16159E-01 
3.19999E+01 7.99996E-01  3.94408E-05  8.21179E-01 
3.20999E+01 8.04996E-01  3.95642E-05  8.26173E-01 
3.21999E+01 8.09996E-01  3.96793E-05  8.31174E-01 
3.22999E+01 8.14996E-01  3.97816E-05  8.36177E-01 
3.23999E+01 8.19996E-01  3.98811E-05  8.41182E-01 
3.24999E+01 8.24996E-01  3.99853E-05  8.46164E-01 
3.25999E+01 8.29996E-01  4.00884E-05  8.51174E-01 
3.26999E+01 8.34996E-01  4.01890E-05  8.56196E-01 
3.27999E+01 8.39996E-01  4.03020E-05  8.61193E-01 
3.28999E+01 8.44996E-01  4.04300E-05  8.66180E-01 
3.29999E+01 8.49996E-01  4.05650E-05  8.71159E-01 
3.30999E+01 8.54996E-01  4.07034E-05  8.76172E-01 
3.31999E+01 8.59996E-01  4.08426E-05  8.81171E-01 
3.32999E+01 8.64996E-01  4.09843E-05  8.86163E-01 
3.33999E+01 8.69996E-01  4.11210E-05  8.91177E-01 
3.34999E+01 8.74996E-01  4.12604E-05  8.96191E-01 
3.35999E+01 8.79996E-01  4.13992E-05  9.01194E-01 
3.36999E+01 8.84996E-01  4.15271E-05  9.06190E-01 
3.37999E+01 8.89996E-01  4.16455E-05  9.11181E-01 
3.38999E+01 8.94996E-01  4.17524E-05  9.16192E-01 
3.39999E+01 8.99996E-01  4.18577E-05  9.21187E-01 
3.40999E+01 9.04996E-01  4.19652E-05  9.26202E-01 
3.41999E+01 9.09996E-01  4.20832E-05  9.31198E-01 
3.42999E+01 9.14996E-01  4.21956E-05  9.36216E-01 
3.43999E+01 9.19996E-01  4.22887E-05  9.41214E-01 
3.44999E+01 9.24996E-01  4.23996E-05  9.46215E-01 
3.45999E+01 9.29996E-01  4.24352E-05  9.51208E-01 
3.46999E+01 9.34996E-01  4.24929E-05  9.56249E-01 
3.47999E+01 9.39996E-01  4.25548E-05  9.61220E-01 
3.48999E+01 9.44996E-01  4.26084E-05  9.66232E-01 
3.49999E+01 9.49996E-01  4.26401E-05  9.71228E-01 
3.50999E+01 9.54996E-01  4.26539E-05  9.76236E-01 
3.51999E+01 9.59996E-01  4.26475E-05  9.81223E-01 
3.52999E+01 9.64996E-01  4.26069E-05  9.86254E-01 
3.53999E+01 9.69996E-01  4.25595E-05  9.91260E-01 
3.54999E+01 9.74996E-01  4.24793E-05  9.96270E-01 
3.55999E+01 9.79996E-01  4.23882E-05  1.00125E+00 
3.56999E+01 9.84996E-01  4.22636E-05  1.00625E+00 
3.57999E+01 9.89996E-01  4.21028E-05  1.01129E+00 
3.58999E+01 9.94996E-01  4.19175E-05  1.01626E+00 
3.59999E+01 9.99995E-01  4.17277E-05  1.02126E+00 
3.60999E+01 1.00500E+00  4.15010E-05  1.02627E+00 
3.61999E+01 1.01000E+00  4.12626E-05  1.03128E+00 
3.62999E+01 1.01500E+00  4.10131E-05  1.03628E+00 
3.63999E+01 1.02000E+00  4.07800E-05  1.04126E+00 
3.64999E+01 1.02500E+00  4.04086E-05  1.04627E+00 
3.65999E+01 1.03000E+00  4.00551E-05  1.05128E+00 
3.66999E+01 1.03500E+00  3.97599E-05  1.05630E+00 
3.67999E+01 1.04000E+00  3.94772E-05  1.06128E+00 
3.68999E+01 1.04500E+00  3.93217E-05  1.06628E+00 
3.69999E+01 1.05000E+00  3.89025E-05  1.07130E+00 
3.70999E+01 1.05500E+00  3.86585E-05  1.07630E+00 
3.71999E+01 1.06000E+00  3.84742E-05  1.08129E+00 
3.72999E+01 1.06500E+00  3.83187E-05  1.08630E+00 
3.73999E+01 1.07000E+00  3.82021E-05  1.09131E+00 
3.74999E+01 1.07500E+00  3.81447E-05  1.09632E+00 
3.75999E+01 1.08000E+00  3.81191E-05  1.10129E+00 
3.76999E+01 1.08500E+00  3.81163E-05  1.10634E+00 
3.77999E+01 1.09000E+00  3.81344E-05  1.11131E+00 
3.78999E+01 1.09500E+00  3.81746E-05  1.11634E+00 
3.79999E+01 1.10000E+00  3.82368E-05  1.12136E+00 
3.80999E+01 1.10500E+00  3.83060E-05  1.12637E+00 
3.81999E+01 1.11000E+00  3.84163E-05  1.13136E+00 
3.82999E+01 1.11500E+00  3.86559E-05  1.13635E+00 
3.83999E+01 1.12000E+00  3.86879E-05  1.14137E+00 
3.84999E+01 1.12500E+00  3.88252E-05  1.14637E+00 
3.85999E+01 1.13000E+00  3.90056E-05  1.15136E+00 
3.86999E+01 1.13500E+00  3.92043E-05  1.15634E+00 
3.87999E+01 1.14000E+00  3.94405E-05  1.16135E+00 
3.88999E+01 1.14500E+00  3.96899E-05  1.16637E+00 
3.89999E+01 1.15000E+00  3.99736E-05  1.17138E+00 
3.90999E+01 1.15500E+00  4.02708E-05  1.17636E+00 
3.91999E+01 1.16000E+00  4.06021E-05  1.18136E+00 
3.92999E+01 1.16500E+00  4.09519E-05  1.18637E+00 
3.93999E+01 1.17000E+00  4.13365E-05  1.19137E+00 
3.94999E+01 1.17500E+00  4.17453E-05  1.19638E+00 
3.95999E+01 1.18000E+00  4.21797E-05  1.20137E+00 
3.96999E+01 1.18500E+00  4.26255E-05  1.20636E+00 
3.97999E+01 1.19000E+00  4.31001E-05  1.21138E+00 
3.98999E+01 1.19500E+00  4.36026E-05  1.21638E+00 
3.99999E+01 1.19999E+00  4.42203E-05  1.22136E+00 
4.00999E+01 1.20499E+00  4.47846E-05  1.22638E+00 
4.01999E+01 1.20999E+00  4.53283E-05  1.23139E+00 
4.02999E+01 1.21499E+00  4.59021E-05  1.23638E+00 
4.03999E+01 1.21999E+00  4.65138E-05  1.24138E+00 
4.04999E+01 1.22499E+00  4.71571E-05  1.24638E+00 
4.05999E+01 1.22999E+00  4.78278E-05  1.25139E+00 
4.06999E+01 1.23499E+00  4.85493E-05  1.25639E+00 
4.07999E+01 1.23999E+00  4.92780E-05  1.26139E+00 
4.08999E+01 1.24499E+00  5.00453E-05  1.26640E+00 
4.09999E+01 1.24999E+00  5.08428E-05  1.27140E+00 
4.10999E+01 1.25499E+00  5.16596E-05  1.27643E+00 
4.11999E+01 1.25999E+00  5.24902E-05  1.28141E+00 
4.12999E+01 1.26499E+00  5.33706E-05  1.28640E+00 
4.13999E+01 1.26999E+00  5.42849E-05  1.29140E+00 
4.14999E+01 1.27499E+00  5.52237E-05  1.29643E+00 
4.15999E+01 1.27999E+00  5.61833E-05  1.30143E+00 
4.16999E+01 1.28499E+00  5.71809E-05  1.30641E+00 
4.17999E+01 1.28999E+00  5.82037E-05  1.31142E+00 
4.18999E+01 1.29499E+00  5.92594E-05  1.31644E+00 
4.19999E+01 1.29999E+00  6.03534E-05  1.32143E+00 
4.20999E+01 1.30499E+00  6.14612E-05  1.32641E+00 
4.21999E+01 1.30999E+00  6.25809E-05  1.33145E+00 
4.22999E+01 1.31499E+00  6.37511E-05  1.33645E+00 
4.23999E+01 1.31999E+00  6.49245E-05  1.34145E+00 
4.24999E+01 1.32499E+00  6.60161E-05  1.34644E+00 
4.25999E+01 1.32999E+00  6.72061E-05  1.35146E+00 
4.26999E+01 1.33499E+00  6.84106E-05  1.35646E+00 
4.27999E+01 1.33999E+00  6.96637E-05  1.36145E+00 
4.28999E+01 1.34499E+00  7.09384E-05  1.36645E+00 
4.29999E+01 1.34999E+00  7.22379E-05  1.37147E+00 
4.30999E+01 1.35499E+00  7.35980E-05  1.37646E+00 
4.31999E+01 1.35999E+00  7.49385E-05  1.38148E+00 
4.32999E+01 1.36499E+00  7.62790E-05  1.38649E+00 
4.33999E+01 1.36999E+00  7.76811E-05  1.39149E+00 
4.34999E+01 1.37499E+00  7.91050E-05  1.39650E+00 
4.35999E+01 1.37999E+00  8.05451E-05  1.40150E+00 
4.36999E+01 1.38499E+00  8.20018E-05  1.40648E+00 
4.37999E+01 1.38999E+00  8.34626E-05  1.41148E+00 
4.38999E+01 1.39499E+00  8.49733E-05  1.41650E+00 
4.39999E+01 1.39999E+00  8.65335E-05  1.42150E+00 
4.40999E+01 1.40499E+00  8.81306E-05  1.42654E+00 
4.41999E+01 1.40999E+00  8.97447E-05  1.43152E+00 
4.42999E+01 1.41499E+00  9.13981E-05  1.43653E+00 
4.43999E+01 1.41999E+00  9.31239E-05  1.44152E+00 
4.44999E+01 1.42499E+00  9.49062E-05  1.44653E+00 
4.45999E+01 1.42999E+00  9.67586E-05  1.45155E+00 
4.46999E+01 1.43499E+00  9.86633E-05  1.45654E+00 
4.47999E+01 1.43999E+00  1.00664E-04  1.46153E+00 
4.48999E+01 1.44499E+00  1.02749E-04  1.46654E+00 
4.49999E+01 1.44999E+00  1.04885E-04  1.47155E+00 
4.50999E+01 1.45499E+00  1.07064E-04  1.47656E+00 
4.51999E+01 1.45999E+00  1.09291E-04  1.48153E+00 
4.52999E+01 1.46499E+00  1.11581E-04  1.48655E+00 
4.53999E+01 1.46999E+00  1.13918E-04  1.49156E+00 
4.54999E+01 1.47499E+00  1.16343E-04  1.49657E+00 
4.55999E+01 1.47999E+00  1.18895E-04  1.50155E+00 
4.56999E+01 1.48499E+00  1.21517E-04  1.50654E+00 
4.57999E+01 1.48999E+00  1.24296E-04  1.51155E+00 
4.58999E+01 1.49499E+00  1.27096E-04  1.51656E+00 
4.59999E+01 1.49999E+00  1.30021E-04  1.52155E+00 
4.60999E+01 1.50499E+00  1.32989E-04  1.52656E+00 
4.61999E+01 1.50999E+00  1.36015E-04  1.53154E+00 
4.62999E+01 1.51499E+00  1.39116E-04  1.53657E+00 
4.63999E+01 1.51999E+00  1.42289E-04  1.54158E+00 
4.64999E+01 1.52499E+00  1.45571E-04  1.54656E+00 
4.65999E+01 1.52999E+00  1.48910E-04  1.55157E+00 
4.66999E+01 1.53499E+00  1.52221E-04  1.55658E+00 
4.67999E+01 1.53999E+00  1.55670E-04  1.56158E+00 
4.68999E+01 1.54499E+00  1.59175E-04  1.56656E+00 
4.69999E+01 1.54999E+00  1.62656E-04  1.57157E+00 
4.70999E+01 1.55499E+00  1.66097E-04  1.57657E+00 
4.71999E+01 1.55999E+00  1.69511E-04  1.58158E+00 
4.72999E+01 1.56499E+00  1.72955E-04  1.58658E+00 
4.73999E+01 1.56999E+00  1.76510E-04  1.59157E+00 
4.74999E+01 1.57499E+00  1.80084E-04  1.59659E+00 
4.75999E+01 1.57999E+00  1.83675E-04  1.60160E+00 
4.76999E+01 1.58499E+00  1.87299E-04  1.60663E+00 
4.77999E+01 1.58999E+00  1.90936E-04  1.61163E+00 
4.78999E+01 1.59499E+00  1.94584E-04  1.61662E+00 
4.79999E+01 1.59999E+00  1.98283E-04  1.62161E+00 
4.80999E+01 1.60499E+00  2.01959E-04  1.62664E+00 
4.81999E+01 1.60999E+00  2.05663E-04  1.63164E+00 
4.82999E+01 1.61499E+00  2.09347E-04  1.63663E+00 
4.83999E+01 1.61999E+00  2.13047E-04  1.64162E+00 
4.84999E+01 1.62499E+00  2.17234E-04  1.64665E+00 
4.85999E+01 1.62999E+00  2.20953E-04  1.65164E+00 
4.86999E+01 1.63499E+00  2.24669E-04  1.65666E+00 
4.87999E+01 1.63999E+00  2.28379E-04  1.66163E+00 
4.88999E+01 1.64499E+00  2.32114E-04  1.66665E+00 
4.89999E+01 1.64999E+00  2.35843E-04  1.67168E+00 
4.90999E+01 1.65499E+00  2.39561E-04  1.67667E+00 
4.91999E+01 1.65999E+00  2.43262E-04  1.68165E+00 
4.92999E+01 1.66499E+00  2.46973E-04  1.68665E+00 
4.93999E+01 1.66999E+00  2.50712E-04  1.69167E+00 
4.94999E+01 1.67499E+00  2.54452E-04  1.69667E+00 
4.95999E+01 1.67999E+00  2.58166E-04  1.70165E+00 
4.96999E+01 1.68499E+00  2.61951E-04  1.70667E+00 
4.97999E+01 1.68999E+00  2.65549E-04  1.71168E+00 
4.98999E+01 1.69499E+00  2.69187E-04  1.71668E+00 
4.99999E+01 1.69999E+00  2.72851E-04  1.72165E+00 
5.00999E+01 1.70499E+00  2.76462E-04  1.72667E+00 
5.01999E+01 1.70999E+00  2.80032E-04  1.73166E+00 
5.02999E+01 1.71499E+00  2.83606E-04  1.73668E+00 
5.03999E+01 1.71999E+00  2.87188E-04  1.74166E+00 
5.04999E+01 1.72499E+00  2.90697E-04  1.74669E+00 
5.05999E+01 1.72999E+00  2.94170E-04  1.75169E+00 
5.06999E+01 1.73499E+00  2.97565E-04  1.75672E+00 
5.07999E+01 1.73999E+00  3.00949E-04  1.76172E+00 
5.08999E+01 1.74499E+00  3.04276E-04  1.76673E+00 
5.09999E+01 1.74999E+00  3.07674E-04  1.77172E+00 
5.10999E+01 1.75499E+00  3.11014E-04  1.77671E+00 
5.11999E+01 1.75999E+00  3.14265E-04  1.78173E+00 
5.12999E+01 1.76499E+00  3.17817E-04  1.78674E+00 
5.13999E+01 1.76999E+00  3.20766E-04  1.79174E+00 
5.14999E+01 1.77499E+00  3.23834E-04  1.79673E+00 
5.15999E+01 1.77999E+00  3.26887E-04  1.80173E+00 
5.16999E+01 1.78499E+00  3.29889E-04  1.80675E+00 
5.17999E+01 1.78999E+00  3.32939E-04  1.81175E+00 
5.18999E+01 1.79499E+00  3.35988E-04  1.81672E+00 
5.19999E+01 1.79999E+00  3.38959E-04  1.82174E+00 
5.20999E+01 1.79499E+00  3.31508E-04  1.81672E+00 
5.21999E+01 1.78999E+00  3.24372E-04  1.81174E+00 
5.22999E+01 1.78499E+00  3.17447E-04  1.80675E+00 
5.23999E+01 1.77999E+00  3.10698E-04  1.80174E+00 
5.24999E+01 1.77499E+00  3.04084E-04  1.79672E+00 
5.25999E+01 1.76999E+00  2.97626E-04  1.79174E+00 
5.26999E+01 1.76499E+00  2.91261E-04  1.78673E+00 
5.27999E+01 1.75999E+00  2.85042E-04  1.78173E+00 
5.28999E+01 1.75499E+00  2.78816E-04  1.77673E+00 
5.29999E+01 1.74999E+00  2.72687E-04  1.77169E+00 
5.30999E+01 1.74499E+00  2.66783E-04  1.76672E+00 
5.31999E+01 1.73999E+00  2.61018E-04  1.76172E+00 
5.32999E+01 1.73499E+00  2.55327E-04  1.75672E+00 
5.33999E+01 1.72999E+00  2.49756E-04  1.75169E+00 
5.34999E+01 1.72499E+00  2.44293E-04  1.74669E+00 
5.35999E+01 1.71999E+00  2.38943E-04  1.74167E+00 
5.36999E+01 1.71499E+00  2.33687E-04  1.73667E+00 
5.37999E+01 1.70999E+00  2.28574E-04  1.73167E+00 
5.38999E+01 1.70499E+00  2.23519E-04  1.72665E+00 
5.39999E+01 1.69999E+00  2.18567E-04  1.72165E+00 
5.40999E+01 1.69499E+00  2.13639E-04  1.71666E+00 
5.41999E+01 1.68999E+00  2.08806E-04  1.71165E+00 
5.42999E+01 1.68499E+00  2.04098E-04  1.70665E+00 
5.43999E+01 1.67999E+00  1.99484E-04  1.70167E+00 
5.44999E+01 1.67499E+00  1.94830E-04  1.69666E+00 
5.45999E+01 1.66999E+00  1.90303E-04  1.69168E+00 
5.46999E+01 1.66499E+00  1.85834E-04  1.68668E+00 
5.47999E+01 1.65999E+00  1.81471E-04  1.68166E+00 
5.48999E+01 1.65499E+00  1.77198E-04  1.67667E+00 
5.49999E+01 1.64999E+00  1.72974E-04  1.67164E+00 
5.50999E+01 1.64499E+00  1.68839E-04  1.66664E+00 
5.51999E+01 1.63999E+00  1.64788E-04  1.66165E+00 
5.52999E+01 1.63499E+00  1.60779E-04  1.65665E+00 
5.53999E+01 1.62999E+00  1.56825E-04  1.65164E+00 
5.54999E+01 1.62499E+00  1.52935E-04  1.64663E+00 
5.55999E+01 1.61999E+00  1.49128E-04  1.64161E+00 
5.56999E+01 1.61499E+00  1.45364E-04  1.63663E+00 
5.57999E+01 1.60999E+00  1.41670E-04  1.63163E+00 
5.58999E+01 1.60499E+00  1.38009E-04  1.62666E+00 
5.59999E+01 1.59999E+00  1.34425E-04  1.62162E+00 
5.60999E+01 1.59499E+00  1.30856E-04  1.61660E+00 
5.61999E+01 1.58999E+00  1.27386E-04  1.61161E+00 
5.62999E+01 1.58499E+00  1.24031E-04  1.60663E+00 
5.63999E+01 1.57999E+00  1.20555E-04  1.60162E+00 
5.64999E+01 1.57499E+00  1.17221E-04  1.59661E+00 
5.65999E+01 1.56999E+00  1.13928E-04  1.59160E+00 
5.66999E+01 1.56499E+00  1.10706E-04  1.58661E+00 
5.67999E+01 1.55999E+00  1.07568E-04  1.58160E+00 
5.68999E+01 1.55499E+00  1.04505E-04  1.57661E+00 
5.69999E+01 1.54999E+00  1.01495E-04  1.57157E+00 
5.70999E+01 1.54499E+00  9.85348E-05  1.56657E+00 
5.71999E+01 1.53999E+00  9.56007E-05  1.56158E+00 
5.72999E+01 1.53499E+00  9.27440E-05  1.55659E+00 
5.73999E+01 1.52999E+00  8.99283E-05  1.55157E+00 
5.74999E+01 1.52499E+00  8.71799E-05  1.54656E+00 
5.75999E+01 1.51999E+00  8.44908E-05  1.54158E+00 
5.76999E+01 1.51499E+00  8.18401E-05  1.53658E+00 
5.77999E+01 1.50999E+00  7.92073E-05  1.53157E+00 
5.78999E+01 1.50499E+00  7.66607E-05  1.52655E+00 
5.79999E+01 1.49999E+00  7.40936E-05  1.52156E+00 
5.80999E+01 1.49499E+00  7.16917E-05  1.51658E+00 
5.81999E+01 1.48999E+00  6.93377E-05  1.51155E+00 
5.82999E+01 1.48499E+00  6.69965E-05  1.50654E+00 
5.83999E+01 1.47999E+00  6.47146E-05  1.50155E+00 
5.84999E+01 1.47499E+00  6.25023E-05  1.49654E+00 
5.85999E+01 1.46999E+00  6.03232E-05  1.49153E+00 
5.86999E+01 1.46499E+00  5.82182E-05  1.48653E+00 
5.87999E+01 1.45999E+00  5.61755E-05  1.48154E+00 
5.88999E+01 1.45499E+00  5.41699E-05  1.47653E+00 
5.89999E+01 1.44999E+00  5.22180E-05  1.47154E+00 
5.90999E+01 1.44499E+00  5.03280E-05  1.46650E+00 
5.91999E+01 1.43999E+00  4.84826E-05  1.46152E+00 
5.92999E+01 1.43499E+00  4.66900E-05  1.45651E+00 
5.93999E+01 1.42999E+00  4.49485E-05  1.45152E+00 
5.94999E+01 1.42499E+00  4.32245E-05  1.44651E+00 
5.95999E+01 1.41999E+00  4.15704E-05  1.44149E+00 
5.96999E+01 1.41499E+00  4.03056E-05  1.43650E+00 
5.97999E+01 1.40999E+00  3.85373E-05  1.43148E+00 
5.98999E+01 1.40499E+00  3.69552E-05  1.42651E+00 
5.99998E+01 1.39999E+00  3.50475E-05  1.42150E+00 
6.00998E+01 1.39499E+00  3.36380E-05  1.41650E+00 
6.01998E+01 1.38999E+00  3.23029E-05  1.41147E+00 
6.02998E+01 1.38499E+00  3.09695E-05  1.40648E+00 
6.03998E+01 1.37999E+00  2.96960E-05  1.40147E+00 
6.04998E+01 1.37499E+00  2.84762E-05  1.39648E+00 
6.05998E+01 1.36999E+00  2.73042E-05  1.39147E+00 
6.06998E+01 1.36499E+00  2.61744E-05  1.38647E+00 
6.07998E+01 1.35999E+00  2.50786E-05  1.38148E+00 
6.08998E+01 1.35499E+00  2.40345E-05  1.37648E+00 
6.09998E+01 1.34999E+00  2.30315E-05  1.37145E+00 
6.10998E+01 1.34499E+00  2.20746E-05  1.36646E+00 
6.11998E+01 1.33999E+00  2.12263E-05  1.36147E+00 
6.12998E+01 1.33499E+00  2.02787E-05  1.35646E+00 
6.13998E+01 1.32999E+00  1.94245E-05  1.35145E+00 
6.14998E+01 1.32499E+00  1.86099E-05  1.34647E+00 
6.15998E+01 1.31999E+00  1.78374E-05  1.34146E+00 
6.16998E+01 1.31499E+00  1.70924E-05  1.33647E+00 
6.17998E+01 1.30999E+00  1.63869E-05  1.33145E+00 
6.18998E+01 1.30499E+00  1.57106E-05  1.32643E+00 
6.19998E+01 1.29999E+00  1.50681E-05  1.32145E+00 
6.20998E+01 1.29499E+00  1.44568E-05  1.31644E+00 
6.21998E+01 1.28999E+00  1.38716E-05  1.31142E+00 
6.22998E+01 1.28499E+00  1.33197E-05  1.30642E+00 
6.23998E+01 1.27999E+00  1.27975E-05  1.30142E+00 
6.24998E+01 1.27499E+00  1.22976E-05  1.29645E+00 
6.25998E+01 1.26999E+00  1.18228E-05  1.29143E+00 
6.26998E+01 1.26499E+00  1.13754E-05  1.28642E+00 
6.27998E+01 1.25999E+00  1.09505E-05  1.28143E+00 
6.28998E+01 1.25499E+00  1.05492E-05  1.27643E+00 
6.29998E+01 1.24999E+00  1.01686E-05  1.27141E+00 
6.30998E+01 1.24499E+00  9.80709E-06  1.26639E+00 
6.31998E+01 1.23999E+00  9.47057E-06  1.26138E+00 
6.32998E+01 1.23499E+00  9.15162E-06  1.25641E+00 
6.33998E+01 1.22999E+00  8.84760E-06  1.25139E+00 
6.34998E+01 1.22499E+00  8.56019E-06  1.24642E+00 
6.35998E+01 1.21999E+00  8.28771E-06  1.24137E+00 
6.36998E+01 1.21499E+00  8.02537E-06  1.23641E+00 
6.37998E+01 1.20999E+00  7.78265E-06  1.23139E+00 
6.38998E+01 1.20499E+00  7.55838E-06  1.22640E+00 
6.39998E+01 1.19999E+00  7.34339E-06  1.22137E+00 
6.40998E+01 1.19500E+00  7.14316E-06  1.21639E+00 
6.41998E+01 1.19000E+00  6.95076E-06  1.21140E+00 
6.42998E+01 1.18500E+00  6.77203E-06  1.20639E+00 
6.43998E+01 1.18000E+00  6.60269E-06  1.20137E+00 
6.44998E+01 1.17500E+00  6.44246E-06  1.19638E+00 
6.45998E+01 1.17000E+00  6.29419E-06  1.19138E+00 
6.46998E+01 1.16500E+00  6.15218E-06  1.18636E+00 
6.47998E+01 1.16000E+00  6.02248E-06  1.18137E+00 
6.48998E+01 1.15500E+00  5.89409E-06  1.17637E+00 
6.49998E+01 1.15000E+00  5.76904E-06  1.17137E+00 
6.50998E+01 1.14500E+00  5.68471E-06  1.16639E+00 
6.51998E+01 1.14000E+00  5.56562E-06  1.16137E+00 
6.52998E+01 1.13500E+00  5.45272E-06  1.15637E+00 
6.53998E+01 1.13000E+00  5.34027E-06  1.15137E+00 
6.54998E+01 1.12500E+00  5.24290E-06  1.14638E+00 
6.55998E+01 1.12000E+00  5.14987E-06  1.14137E+00 
6.56998E+01 1.11500E+00  5.06219E-06  1.13635E+00 
6.57998E+01 1.11000E+00  4.98028E-06  1.13137E+00 
6.58998E+01 1.10500E+00  4.89990E-06  1.12639E+00 
6.59998E+01 1.10000E+00  4.82235E-06  1.12137E+00 
6.60998E+01 1.09500E+00  4.74922E-06  1.11636E+00 
6.61998E+01 1.09000E+00  4.67706E-06  1.11133E+00 
6.62998E+01 1.08500E+00  4.60935E-06  1.10634E+00 
6.63998E+01 1.08000E+00  4.54317E-06  1.10133E+00 
6.64998E+01 1.07500E+00  4.47968E-06  1.09633E+00 
6.65998E+01 1.07000E+00  4.41747E-06  1.09131E+00 
6.66998E+01 1.06500E+00  4.35634E-06  1.08630E+00 
6.67998E+01 1.06000E+00  4.30200E-06  1.08130E+00 
6.68998E+01 1.05500E+00  4.23856E-06  1.07630E+00 
6.69998E+01 1.05000E+00  4.18063E-06  1.07129E+00 
6.70998E+01 1.04500E+00  4.12499E-06  1.06630E+00 
6.71998E+01 1.04000E+00  4.07218E-06  1.06129E+00 
6.72998E+01 1.03500E+00  4.02182E-06  1.05629E+00 
6.73998E+01 1.03000E+00  3.97168E-06  1.05129E+00 
6.74998E+01 1.02500E+00  3.87840E-06  1.04628E+00 
6.75998E+01 1.02000E+00  3.82332E-06  1.04126E+00 
6.76998E+01 1.01500E+00  3.77992E-06  1.03628E+00 
6.77998E+01 1.01000E+00  3.73864E-06  1.03126E+00 
6.78998E+01 1.00500E+00  3.68585E-06  1.02625E+00 
6.79998E+01 9.99995E-01  3.63759E-06  1.02125E+00 
6.80998E+01 9.94996E-01  3.59088E-06  1.01625E+00 
6.81998E+01 9.89996E-01  3.54639E-06  1.01128E+00 
6.82998E+01 9.84996E-01  3.50110E-06  1.00625E+00 
6.83998E+01 9.79996E-01  3.45532E-06  1.00125E+00 
6.84998E+01 9.74996E-01  3.41132E-06  9.96267E-01 
6.85998E+01 9.69996E-01  3.36354E-06  9.91267E-01 
6.86998E+01 9.64996E-01  3.31730E-06  9.86251E-01 
6.87998E+01 9.59996E-01  3.27174E-06  9.81243E-01 
6.88998E+01 9.54996E-01  3.23038E-06  9.76252E-01 
6.89998E+01 9.49996E-01  3.18940E-06  9.71251E-01 
6.90998E+01 9.44996E-01  3.14494E-06  9.66248E-01 
6.91998E+01 9.39996E-01  3.10050E-06  9.61241E-01 
6.92998E+01 9.34996E-01  3.05819E-06  9.56250E-01 
6.93998E+01 9.29996E-01  3.01687E-06  9.51239E-01 
6.94998E+01 9.24996E-01  2.97576E-06  9.46251E-01 
6.95998E+01 9.19996E-01  2.93311E-06  9.41230E-01 
6.96998E+01 9.14996E-01  2.89039E-06  9.36230E-01 
6.97998E+01 9.09996E-01  2.84603E-06  9.31203E-01 
6.98998E+01 9.04996E-01  2.80400E-06  9.26203E-01 
6.99998E+01 8.99996E-01  2.76006E-06  9.21222E-01 
7.00998E+01 8.94996E-01  2.71712E-06  9.16219E-01 
7.01998E+01 8.89996E-01  2.67618E-06  9.11201E-01 
7.02998E+01 8.84996E-01  2.62910E-06  9.06210E-01 
7.03998E+01 8.79996E-01  2.58678E-06  9.01204E-01 
7.04998E+01 8.74996E-01  2.54265E-06  8.96221E-01 
7.05998E+01 8.69996E-01  2.49670E-06  8.91207E-01 
7.06998E+01 8.64996E-01  2.45256E-06  8.86205E-01 
7.07998E+01 8.59996E-01  2.40870E-06  8.81191E-01 
7.08998E+01 8.54996E-01  2.36220E-06  8.76199E-01 
7.09998E+01 8.49996E-01  2.31637E-06  8.71180E-01 
7.10998E+01 8.44996E-01  2.27002E-06  8.66177E-01 
7.11998E+01 8.39996E-01  2.22334E-06  8.61186E-01 
7.12998E+01 8.34996E-01  2.17678E-06  8.56205E-01 
7.13998E+01 8.29996E-01  2.12857E-06  8.51181E-01 
7.14998E+01 8.24996E-01  2.08123E-06  8.46179E-01 
7.15998E+01 8.19996E-01  2.03396E-06  8.41192E-01 
7.16998E+01 8.14996E-01  1.98360E-06  8.36187E-01 
7.17998E+01 8.09996E-01  1.93425E-06  8.31178E-01 
7.18998E+01 8.04996E-01  1.88377E-06  8.26180E-01 
7.19998E+01 7.99996E-01  1.83205E-06  8.21167E-01 
7.20998E+01 7.94996E-01  1.78051E-06  8.16179E-01 
7.21998E+01 7.89996E-01  1.72869E-06  8.11179E-01 
7.22998E+01 7.84996E-01  1.67584E-06  8.06171E-01 
7.23998E+01 7.79996E-01  1.62347E-06  8.01180E-01 
7.24998E+01 7.74996E-01  1.56854E-06  7.96186E-01 
7.25998E+01 7.69996E-01  1.51441E-06  7.91165E-01 
7.26998E+01 7.64996E-01  1.45820E-06  7.86157E-01 
7.27998E+01 7.59996E-01  1.40243E-06  7.81126E-01 
7.28998E+01 7.54996E-01  1.34440E-06  7.76129E-01 
7.29998E+01 7.49996E-01  1.28672E-06  7.71095E-01 
7.30998E+01 7.44996E-01  1.22704E-06  7.66128E-01 
7.31998E+01 7.39996E-01  1.16778E-06  7.61122E-01 
7.32998E+01 7.34996E-01  1.10601E-06  7.56111E-01 
7.33998E+01 7.29996E-01  1.04280E-06  7.51110E-01 
7.34998E+01 7.24996E-01  9.80237E-07  7.46121E-01 
7.35998E+01 7.19996E-01  9.14718E-07  7.41132E-01 
7.36998E+01 7.14996E-01  8.50964E-07  7.36114E-01 
7.37998E+01 7.09996E-01  7.86574E-07  7.31112E-01 
7.38998E+01 7.04996E-01  7.19246E-07  7.26112E-01 
7.39998E+01 6.99996E-01  6.52992E-07  7.21115E-01 
7.40998E+01 6.94996E-01  5.83292E-07  7.16097E-01 
7.41998E+01 6.89996E-01  5.13945E-07  7.11087E-01 
7.42998E+01 6.84996E-01  4.43144E-07  7.06093E-01 
7.43998E+01 6.79996E-01  3.72683E-07  7.01091E-01 
7.44998E+01 6.74996E-01  3.01743E-07  6.96087E-01 
7.45998E+01 6.69996E-01  2.28496E-07  6.91096E-01 
7.46998E+01 6.64996E-01  1.55254E-07  6.86095E-01 
7.47998E+01 6.59996E-01  7.88621E-08  6.81071E-01 
7.48998E+01 6.54996E-01  2.70477E-09  6.76097E-01 
7.49998E+01 6.49996E-01  -7.37721E-08 6.71074E-01 
7.50998E+01 6.44996E-01  -1.52505E-07 6.66077E-01 
7.51998E+01 6.39996E-01  -2.31161E-07 6.61083E-01 
7.52998E+01 6.34996E-01  -3.09309E-07 6.56079E-01 
7.53998E+01 6.29996E-01  -3.90085E-07 6.51055E-01 
7.54998E+01 6.24996E-01  -4.71574E-07 6.46071E-01 
7.55998E+01 6.19996E-01  -5.55868E-07 6.41071E-01 
7.56998E+01 6.14996E-01  -6.40974E-07 6.36071E-01 
7.57998E+01 6.09996E-01  -7.28853E-07 6.31073E-01 
7.58998E+01 6.04996E-01  -8.17204E-07 6.26034E-01 
7.59998E+01 5.99996E-01  -9.08079E-07 6.21042E-01 
7.60998E+01 5.94997E-01  -1.00006E-06 6.16066E-01 
7.61998E+01 5.89997E-01  -1.09283E-06 6.11035E-01 
7.62998E+01 5.84997E-01  -1.18825E-06 6.06035E-01 
7.63998E+01 5.79997E-01  -1.28751E-06 6.01037E-01 
7.64998E+01 5.74997E-01  -1.38897E-06 5.96041E-01 
7.65998E+01 5.69997E-01  -1.49289E-06 5.91025E-01 
7.66998E+01 5.64997E-01  -1.59619E-06 5.86028E-01 
7.67998E+01 5.59997E-01  -1.70563E-06 5.81042E-01 
7.68998E+01 5.54997E-01  -1.81702E-06 5.76036E-01 
7.69998E+01 5.49997E-01  -1.92801E-06 5.71031E-01 
7.70998E+01 5.44997E-01  -2.04270E-06 5.66026E-01 
7.71998E+01 5.39997E-01  -2.16106E-06 5.61023E-01 
7.72998E+01 5.34997E-01  -2.28356E-06 5.56025E-01 
7.73998E+01 5.29997E-01  -2.40877E-06 5.51031E-01 
7.74998E+01 5.24997E-01  -2.53338E-06 5.46003E-01 
7.75998E+01 5.19997E-01  -2.66600E-06 5.41001E-01 
7.76998E+01 5.14997E-01  -2.79939E-06 5.35999E-01 
7.77998E+01 5.09997E-01  -2.93843E-06 5.31014E-01 
7.78998E+01 5.04997E-01  -3.08155E-06 5.25974E-01 
7.79998E+01 4.99997E-01  -3.22904E-06 5.20993E-01 
7.80998E+01 4.94997E-01  -3.38293E-06 5.16009E-01 
7.81998E+01 4.89997E-01  -3.53996E-06 5.11004E-01 
7.82998E+01 4.84997E-01  -3.70587E-06 5.05982E-01 
7.83998E+01 4.79997E-01  -3.87502E-06 5.00992E-01 
7.84998E+01 4.74997E-01  -4.04954E-06 4.95981E-01 
7.85998E+01 4.69997E-01  -4.23358E-06 4.90990E-01 
7.86998E+01 4.64997E-01  -4.42345E-06 4.85966E-01 
7.87998E+01 4.59997E-01  -4.61842E-06 4.80980E-01 
7.88998E+01 4.54997E-01  -4.82079E-06 4.75961E-01 
7.89998E+01 4.49997E-01  -5.03208E-06 4.70975E-01 
7.90998E+01 4.44997E-01  -5.25375E-06 4.65973E-01 
7.91998E+01 4.39997E-01  -5.47673E-06 4.60953E-01 
7.92998E+01 4.34997E-01  -5.71245E-06 4.55966E-01 
7.93998E+01 4.29997E-01  -5.95613E-06 4.50937E-01 
7.94998E+01 4.24997E-01  -6.20700E-06 4.45931E-01 
7.95998E+01 4.19997E-01  -6.46935E-06 4.40924E-01 
7.96998E+01 4.14997E-01  -6.74013E-06 4.35941E-01 
7.97998E+01 4.09997E-01  -7.02577E-06 4.30915E-01 
7.98998E+01 4.04997E-01  -7.31497E-06 4.25915E-01 
7.99998E+01 3.99997E-01  -7.61638E-06 4.20921E-01 
8.00998E+01 3.94997E-01  -7.92987E-06 4.15930E-01 
8.01998E+01 3.89997E-01  -8.25411E-06 4.10911E-01 
8.02998E+01 3.84997E-01  -8.59325E-06 4.05890E-01 
8.03998E+01 3.79997E-01  -8.94476E-06 4.00913E-01 
8.04998E+01 3.74997E-01  -9.30834E-06 3.95941E-01 
8.05998E+01 3.69997E-01  -9.68643E-06 3.90921E-01 
8.06998E+01 3.64997E-01  -1.00682E-05 3.85899E-01 
8.07998E+01 3.59997E-01  -1.04725E-05 3.80903E-01 
8.08998E+01 3.54997E-01  -1.08916E-05 3.75937E-01 
8.09998E+01 3.49997E-01  -1.13237E-05 3.70901E-01 
8.10998E+01 3.44997E-01  -1.17706E-05 3.65897E-01 
8.11998E+01 3.39997E-01  -1.22277E-05 3.60907E-01 
8.12998E+01 3.34997E-01  -1.27024E-05 3.55919E-01 
8.13998E+01 3.29997E-01  -1.31896E-05 3.50911E-01 
8.14998E+01 3.24997E-01  -1.36934E-05 3.45885E-01 
8.15998E+01 3.19997E-01  -1.42102E-05 3.40905E-01 
8.16998E+01 3.14997E-01  -1.47393E-05 3.35900E-01 
8.17998E+01 3.09997E-01  -1.52822E-05 3.30886E-01 
8.18998E+01 3.04997E-01  -1.58395E-05 3.25884E-01 
8.19998E+01 2.99997E-01  -1.64087E-05 3.20869E-01 
8.20998E+01 2.94997E-01  -1.69949E-05 3.15863E-01 
8.21998E+01 2.89997E-01  -1.75724E-05 3.10895E-01 
8.22998E+01 2.84997E-01  -1.81764E-05 3.05881E-01 
8.23998E+01 2.79997E-01  -1.87841E-05 3.00875E-01 
8.24998E+01 2.74997E-01  -1.94021E-05 2.95859E-01 
8.25998E+01 2.69997E-01  -2.00210E-05 2.90851E-01 
8.26998E+01 2.64997E-01  -2.06461E-05 2.85865E-01 
8.27998E+01 2.59997E-01  -2.12713E-05 2.80871E-01 
8.28998E+01 2.54997E-01  -2.18576E-05 2.75853E-01 
8.29998E+01 2.49997E-01  -2.24726E-05 2.70840E-01 
8.30998E+01 2.44997E-01  -2.30825E-05 2.65860E-01 
8.31998E+01 2.39997E-01  -2.37022E-05 2.60857E-01 
8.32998E+01 2.34997E-01  -2.43228E-05 2.55841E-01 
8.33998E+01 2.29997E-01  -2.49629E-05 2.50834E-01 
8.34998E+01 2.24997E-01  -2.55493E-05 2.45856E-01 
8.35998E+01 2.19997E-01  -2.61129E-05 2.40846E-01 
8.36998E+01 2.14997E-01  -2.66990E-05 2.35840E-01 
8.37998E+01 2.09997E-01  -2.72835E-05 2.30820E-01 
8.38998E+01 2.04997E-01  -2.78308E-05 2.25850E-01 
8.39998E+01 1.99997E-01  -2.83566E-05 2.20844E-01 
8.40998E+01 1.94998E-01  -2.88763E-05 2.15825E-01 
8.41998E+01 1.89998E-01  -2.93608E-05 2.10819E-01 
8.42998E+01 1.84998E-01  -2.97996E-05 2.05815E-01 
8.43998E+01 1.79998E-01  -3.02318E-05 2.00836E-01 
8.44998E+01 1.74998E-01  -3.06998E-05 1.95809E-01 
8.45998E+01 1.69998E-01  -3.11378E-05 1.90786E-01 
8.46998E+01 1.64998E-01  -3.15549E-05 1.85792E-01 
8.47998E+01 1.59998E-01  -3.19612E-05 1.80815E-01 
8.48998E+01 1.54998E-01  -3.23536E-05 1.75801E-01 
8.49998E+01 1.49998E-01  -3.27175E-05 1.70788E-01 
8.50998E+01 1.44998E-01  -3.30705E-05 1.65787E-01 
8.51998E+01 1.39998E-01  -3.34334E-05 1.60785E-01 
8.52998E+01 1.34998E-01  -3.37914E-05 1.55786E-01 
8.53998E+01 1.29998E-01  -3.41251E-05 1.50748E-01 
8.54998E+01 1.24998E-01  -3.44869E-05 1.45762E-01 
8.55998E+01 1.19998E-01  -3.48662E-05 1.40750E-01 
8.56998E+01 1.14998E-01  -3.52608E-05 1.35764E-01 
8.57998E+01 1.09998E-01  -3.56499E-05 1.30741E-01 
8.58998E+01 1.04998E-01  -3.60218E-05 1.25735E-01 
8.59998E+01 9.99977E-02  -3.63762E-05 1.20768E-01 
8.60998E+01 9.49978E-02  -3.67224E-05 1.15744E-01 
8.61998E+01 8.99978E-02  -3.70668E-05 1.10725E-01 
8.62998E+01 8.49978E-02  -3.74155E-05 1.05740E-01 
8.63998E+01 7.99978E-02  -3.77432E-05 1.00747E-01 
8.64998E+01 7.49978E-02  -3.80636E-05 9.57327E-02 
8.65998E+01 6.99978E-02  -3.83725E-05 9.07224E-02 
8.66998E+01 6.49978E-02  -3.86691E-05 8.57134E-02 
8.67998E+01 5.99978E-02  -3.89487E-05 8.07343E-02 
8.68998E+01 5.49979E-02  -3.91903E-05 7.57221E-02 
8.69998E+01 4.99979E-02  -3.94515E-05 7.07137E-02 
8.70998E+01 4.49979E-02  -3.96973E-05 6.57166E-02 
8.71998E+01 3.99979E-02  -3.99533E-05 6.07188E-02 
8.72998E+01 3.49979E-02  -4.01848E-05 5.57004E-02 
8.73998E+01 2.99979E-02  -4.03903E-05 5.06951E-02 
8.74998E+01 2.49979E-02  -4.05107E-05 4.57166E-02 
8.75998E+01 1.99979E-02  -4.07021E-05 4.07369E-02 
8.76998E+01 1.49980E-02  -4.08938E-05 3.56986E-02 
8.77998E+01 9.99797E-03  -4.10458E-05 3.07033E-02 
8.78998E+01 4.99799E-03  -4.11568E-05 2.56792E-02 
8.79998E+01 -2.00000E-06 -4.12909E-05 2.07071E-02 
8.80998E+01 -5.00199E-03 -4.14303E-05 1.56974E-02 
8.81998E+01 -1.00020E-02 -4.15767E-05 1.06927E-02 
8.82998E+01 -1.50020E-02 -4.17219E-05 5.68054E-03 
8.83998E+01 -2.00020E-02 -4.18257E-05 7.02730E-04 
8.84998E+01 -2.50019E-02 -4.19765E-05 -4.29818E-03
8.85998E+01 -3.00019E-02 -4.21109E-05 -9.29913E-03
8.86998E+01 -3.50019E-02 -4.22503E-05 -1.43250E-02
8.87998E+01 -4.00019E-02 -4.23982E-05 -1.93328E-02
8.88998E+01 -4.50019E-02 -4.25381E-05 -2.43031E-02
8.89998E+01 -5.00019E-02 -4.26536E-05 -2.93196E-02
8.90998E+01 -5.50019E-02 -4.27757E-05 -3.43200E-02
8.91998E+01 -6.00019E-02 -4.28996E-05 -3.93434E-02
8.92998E+01 -6.50018E-02 -4.30436E-05 -4.43293E-02
8.93998E+01 -7.00018E-02 -4.31951E-05 -4.93352E-02
8.94998E+01 -7.50018E-02 -4.33527E-05 -5.43292E-02
8.95998E+01 -8.00018E-02 -4.35311E-05 -5.93564E-02
8.96998E+01 -8.50018E-02 -4.37026E-05 -6.43330E-02
8.97998E+01 -9.00018E-02 -4.38808E-05 -6.93351E-02
8.98998E+01 -9.50018E-02 -4.40689E-05 -7.43597E-02
8.99998E+01 -1.00002E-01 -4.42768E-05 -7.93538E-02
9.00998E+01 -1.05002E-01 -4.44904E-05 -8.43441E-02
9.01998E+01 -1.10002E-01 -4.47175E-05 -8.93344E-02
9.02998E+01 -1.15002E-01 -4.49562E-05 -9.43460E-02
9.03998E+01 -1.20002E-01 -4.52115E-05 -9.93525E-02
9.04998E+01 -1.25002E-01 -4.54706E-05 -1.04362E-01
9.05998E+01 -1.30002E-01 -4.57404E-05 -1.09354E-01
9.06998E+01 -1.35002E-01 -4.60484E-05 -1.14375E-01
9.07998E+01 -1.40002E-01 -4.63882E-05 -1.19382E-01
9.08998E+01 -1.45002E-01 -4.67770E-05 -1.24402E-01
9.09998E+01 -1.50002E-01 -4.72239E-05 -1.29364E-01
9.10998E+01 -1.55002E-01 -4.77668E-05 -1.34388E-01
9.11998E+01 -1.60002E-01 -4.84079E-05 -1.39407E-01
9.12998E+01 -1.65002E-01 -4.91697E-05 -1.44395E-01
9.13998E+01 -1.70002E-01 -5.00327E-05 -1.49405E-01
9.14998E+01 -1.75002E-01 -5.09723E-05 -1.54399E-01
9.15998E+01 -1.80002E-01 -5.19607E-05 -1.59404E-01
9.16998E+01 -1.85002E-01 -5.29837E-05 -1.64414E-01
9.17998E+01 -1.90002E-01 -5.40499E-05 -1.69413E-01
9.18998E+01 -1.95002E-01 -5.51644E-05 -1.74438E-01
9.19998E+01 -2.00002E-01 -5.63198E-05 -1.79421E-01
9.20998E+01 -2.05001E-01 -5.75220E-05 -1.84426E-01
9.21998E+01 -2.10001E-01 -5.87645E-05 -1.89433E-01
9.22998E+01 -2.15001E-01 -6.00529E-05 -1.94447E-01
9.23998E+01 -2.20001E-01 -6.13797E-05 -1.99456E-01
9.24998E+01 -2.25001E-01 -6.27493E-05 -2.04428E-01
9.25998E+01 -2.30001E-01 -6.41567E-05 -2.09419E-01
9.26998E+01 -2.35001E-01 -6.55987E-05 -2.14442E-01
9.27998E+01 -2.40001E-01 -6.70661E-05 -2.19441E-01
9.28998E+01 -2.45001E-01 -6.85571E-05 -2.24441E-01
9.29998E+01 -2.50001E-01 -7.00778E-05 -2.29426E-01
9.30998E+01 -2.55001E-01 -7.16009E-05 -2.34434E-01
9.31998E+01 -2.60001E-01 -7.31793E-05 -2.39452E-01
9.32998E+01 -2.65001E-01 -7.47524E-05 -2.44430E-01
9.33998E+01 -2.70001E-01 -7.63386E-05 -2.49443E-01
9.34998E+01 -2.75001E-01 -7.79272E-05 -2.54434E-01
9.35998E+01 -2.80001E-01 -7.95131E-05 -2.59433E-01
9.36998E+01 -2.85001E-01 -8.11008E-05 -2.64463E-01
9.37998E+01 -2.90001E-01 -8.26712E-05 -2.69437E-01
9.38998E+01 -2.95001E-01 -8.42330E-05 -2.74432E-01
9.39998E+01 -3.00001E-01 -8.58112E-05 -2.79447E-01
9.40998E+01 -3.05001E-01 -8.73617E-05 -2.84454E-01
9.41998E+01 -3.10001E-01 -8.89036E-05 -2.89436E-01
9.42998E+01 -3.15001E-01 -9.04263E-05 -2.94438E-01
9.43998E+01 -3.20001E-01 -9.19513E-05 -2.99459E-01
9.44998E+01 -3.25001E-01 -9.34906E-05 -3.04455E-01
9.45998E+01 -3.30001E-01 -9.49866E-05 -3.09452E-01
9.46998E+01 -3.35001E-01 -9.64771E-05 -3.14451E-01
9.47998E+01 -3.40001E-01 -9.78910E-05 -3.19455E-01
9.48998E+01 -3.45001E-01 -9.92910E-05 -3.24463E-01
9.49998E+01 -3.50001E-01 -1.00686E-04 -3.29495E-01
9.50998E+01 -3.55001E-01 -1.02086E-04 -3.34491E-01
9.51998E+01 -3.60001E-01 -1.03405E-04 -3.39493E-01
9.52998E+01 -3.65001E-01 -1.04704E-04 -3.44477E-01
9.53998E+01 -3.70001E-01 -1.06098E-04 -3.49483E-01
9.54998E+01 -3.75001E-01 -1.07348E-04 -3.54497E-01
9.55998E+01 -3.80001E-01 -1.08510E-04 -3.59483E-01
9.56998E+01 -3.85001E-01 -1.09781E-04 -3.64476E-01
9.57998E+01 -3.90001E-01 -1.10866E-04 -3.69493E-01
9.58998E+01 -3.95001E-01 -1.11993E-04 -3.74498E-01
9.59998E+01 -4.00001E-01 -1.13116E-04 -3.79479E-01
9.60998E+01 -4.05001E-01 -1.14164E-04 -3.84488E-01
9.61998E+01 -4.10001E-01 -1.15270E-04 -3.89517E-01
9.62998E+01 -4.15001E-01 -1.16307E-04 -3.94540E-01
9.63998E+01 -4.20001E-01 -1.17259E-04 -3.99513E-01
9.64998E+01 -4.25001E-01 -1.18205E-04 -4.04534E-01
9.65998E+01 -4.30001E-01 -1.19166E-04 -4.09531E-01
9.66998E+01 -4.35001E-01 -1.20064E-04 -4.14536E-01
9.67998E+01 -4.40001E-01 -1.20925E-04 -4.19533E-01
9.68998E+01 -4.45001E-01 -1.21903E-04 -4.24528E-01
9.69998E+01 -4.50001E-01 -1.22649E-04 -4.29536E-01
9.70998E+01 -4.55001E-01 -1.23444E-04 -4.34551E-01
9.71998E+01 -4.60001E-01 -1.24259E-04 -4.39535E-01
9.72998E+01 -4.65001E-01 -1.25160E-04 -4.44535E-01
9.73998E+01 -4.70001E-01 -1.25872E-04 -4.49546E-01
9.74998E+01 -4.75001E-01 -1.26643E-04 -4.54551E-01
9.75998E+01 -4.80001E-01 -1.27341E-04 -4.59540E-01
9.76998E+01 -4.85001E-01 -1.28148E-04 -4.64551E-01
9.77998E+01 -4.90001E-01 -1.28919E-04 -4.69525E-01
9.78998E+01 -4.95001E-01 -1.29627E-04 -4.74550E-01
9.79998E+01 -5.00001E-01 -1.30261E-04 -4.79559E-01
9.80998E+01 -5.05001E-01 -1.30953E-04 -4.84568E-01
9.81998E+01 -5.10001E-01 -1.31626E-04 -4.89569E-01
9.82998E+01 -5.15001E-01 -1.32450E-04 -4.94569E-01
9.83998E+01 -5.20001E-01 -1.33048E-04 -4.99584E-01
9.84998E+01 -5.25001E-01 -1.33798E-04 -5.04596E-01
9.85998E+01 -5.30001E-01 -1.34349E-04 -5.09603E-01
9.86998E+01 -5.35001E-01 -1.35166E-04 -5.14594E-01
9.87998E+01 -5.40001E-01 -1.35810E-04 -5.19581E-01
9.88998E+01 -5.45001E-01 -1.36407E-04 -5.24589E-01
9.89998E+01 -5.50001E-01 -1.37037E-04 -5.29608E-01
9.90998E+01 -5.55001E-01 -1.37772E-04 -5.34601E-01
9.91998E+01 -5.60001E-01 -1.38368E-04 -5.39605E-01
9.92998E+01 -5.65001E-01 -1.38900E-04 -5.44603E-01
9.93998E+01 -5.70001E-01 -1.39512E-04 -5.49600E-01
9.94998E+01 -5.75001E-01 -1.40207E-04 -5.54626E-01
9.95998E+01 -5.80001E-01 -1.40925E-04 -5.59598E-01
9.96998E+01 -5.85001E-01 -1.41716E-04 -5.64612E-01
9.97998E+01 -5.90001E-01 -1.42318E-04 -5.69602E-01
9.98998E+01 -5.95001E-01 -1.42781E-04 -5.74623E-01
9.99997E+01 -6.00001E-01 -1.43543E-04 -5.79614E-01
1.00100E+02 -6.05000E-01 -1.43898E-04 -5.84588E-01
1.00200E+02 -6.10000E-01 -1.44550E-04 -5.89600E-01
1.00300E+02 -6.15000E-01 -1.45030E-04 -5.94614E-01
1.00400E+02 -6.20000E-01 -1.45551E-04 -5.99601E-01
1.00500E+02 -6.25000E-01 -1.46092E-04 -6.04601E-01
1.00600E+02 -6.30000E-01 -1.46609E-04 -6.09612E-01
1.00700E+02 -6.35000E-01 -1.47060E-04 -6.14642E-01
1.00800E+02 -6.40000E-01 -1.47294E-04 -6.19627E-01
1.00900E+02 -6.45000E-01 -1.47469E-04 -6.24631E-01
1.01000E+02 -6.50000E-01 -1.47658E-04 -6.29622E-01
1.01100E+02 -6.55000E-01 -1.47428E-04 -6.34649E-01
1.01200E+02 -6.60000E-01 -1.46678E-04 -6.39634E-01
1.01300E+02 -6.65000E-01 -1.45401E-04 -6.44638E-01
1.01400E+02 -6.70000E-01 -1.42879E-04 -6.49636E-01
1.01500E+02 -6.75000E-01 -1.39799E-04 -6.54661E-01
1.01600E+02 -6.80000E-01 -1.35634E-04 -6.59674E-01
1.01700E+02 -6.85000E-01 -1.30343E-04 -6.64673E-01
1.01800E+02 -6.90000E-01 -1.24025E-04 -6.69665E-01
1.01900E+02 -6.95000E-01 -1.16839E-04 -6.74686E-01
1.02000E+02 -7.00000E-01 -1.09145E-04 -6.79693E-01
1.02100E+02 -7.05000E-01 -1.01703E-04 -6.84702E-01
1.02200E+02 -7.10000E-01 -9.49614E-05 -6.89670E-01
1.02300E+02 -7.15000E-01 -8.89411E-05 -6.94692E-01
1.02400E+02 -7.20000E-01 -8.36284E-05 -6.99710E-01
1.02500E+02 -7.25000E-01 -7.89205E-05 -7.04680E-01
1.02600E+02 -7.30000E-01 -7.47696E-05 -7.09696E-01
1.02700E+02 -7.35000E-01 -7.10779E-05 -7.14695E-01
1.02800E+02 -7.40000E-01 -6.76954E-05 -7.19723E-01
1.02900E+02 -7.45000E-01 -6.46584E-05 -7.24690E-01
1.03000E+02 -7.50000E-01 -6.18865E-05 -7.29698E-01
1.03100E+02 -7.55000E-01 -5.94078E-05 -7.34717E-01
1.03200E+02 -7.60000E-01 -5.71736E-05 -7.39736E-01
1.03300E+02 -7.65000E-01 -5.51789E-05 -7.44712E-01
1.03400E+02 -7.70000E-01 -5.34099E-05 -7.49728E-01
1.03500E+02 -7.75000E-01 -5.18352E-05 -7.54727E-01
1.03600E+02 -7.80000E-01 -5.04281E-05 -7.59732E-01
1.03700E+02 -7.85000E-01 -4.91863E-05 -7.64723E-01
1.03800E+02 -7.90000E-01 -4.80830E-05 -7.69720E-01
1.03900E+02 -7.95000E-01 -4.71164E-05 -7.74701E-01
