time/s      E/V        I/A
0.00000E+00 -8.00000E-01 -1.33182E-04 -7.41388E-01
9.99997E-02 -7.95000E-01 -1.30780E-04 -7.36364E-01
1.99999E-01 -7.90000E-01 -1.28893E-04 -7.31365E-01
2.99999E-01 -7.85000E-01 -1.27102E-04 -7.26374E-01
3.99999E-01 -7.80000E-01 -1.25410E-04 -7.21390E-01
4.99999E-01 -7.75000E-01 -1.23543E-04 -7.16399E-01
5.99998E-01 -7.70000E-01 -1.21989E-04 -7.11373E-01
6.99998E-01 -7.65000E-01 -1.20109E-04 -7.06382E-01
7.99998E-01 -7.60000E-01 -1.18241E-04 -7.01366E-01
8.99998E-01 -7.55000E-01 -1.16669E-04 -6.96372E-01
9.99997E-01 -7.50000E-01 -1.15116E-04 -6.91350E-01
1.10000E+00 -7.45000E-01 -1.13435E-04 -6.86363E-01
1.20000E+00 -7.40000E-01 -1.11553E-04 -6.81378E-01
1.30000E+00 -7.35000E-01 -1.09886E-04 -6.76377E-01
1.40000E+00 -7.30000E-01 -1.08322E-04 -6.71352E-01
1.50000E+00 -7.25000E-01 -1.06774E-04 -6.66361E-01
1.60000E+00 -7.20000E-01 -1.05268E-04 -6.61365E-01
1.70000E+00 -7.15000E-01 -1.03787E-04 -6.56376E-01
1.80000E+00 -7.10000E-01 -1.02054E-04 -6.51332E-01
1.90000E+00 -7.05000E-01 -1.00508E-04 -6.46339E-01
1.99999E+00 -7.00000E-01 -9.90351E-05 -6.41337E-01
2.09999E+00 -6.95000E-01 -9.74505E-05 -6.36331E-01
2.19999E+00 -6.90000E-01 -9.61319E-05 -6.31314E-01
2.29999E+00 -6.85000E-01 -9.47488E-05 -6.26319E-01
2.39999E+00 -6.80000E-01 -9.32337E-05 -6.21318E-01
2.49999E+00 -6.75000E-01 -9.19699E-05 -6.16307E-01
2.59999E+00 -6.70000E-01 -9.03887E-05 -6.11302E-01
2.69999E+00 -6.65000E-01 -8.88027E-05 -6.06311E-01
2.79999E+00 -6.60000E-01 -8.74097E-05 -6.01301E-01
2.89999E+00 -6.55000E-01 -8.55137E-05 -5.96312E-01
2.99999E+00 -6.50000E-01 -8.36566E-05 -5.91299E-01
3.09999E+00 -6.45000E-01 -8.17652E-05 -5.86282E-01
3.19999E+00 -6.40000E-01 -7.97628E-05 -5.81290E-01
3.29999E+00 -6.35000E-01 -7.74699E-05 -5.76299E-01
3.39999E+00 -6.30000E-01 -7.46471E-05 -5.71295E-01
3.49999E+00 -6.25000E-01 -7.13689E-05 -5.66295E-01
3.59999E+00 -6.20000E-01 -6.80322E-05 -5.61262E-01
3.69999E+00 -6.15000E-01 -6.46073E-05 -5.56270E-01
3.79999E+00 -6.10000E-01 -6.10324E-05 -5.51287E-01
3.89999E+00 -6.05000E-01 -5.75334E-05 -5.46271E-01
3.99999E+00 -6.00001E-01 -5.42913E-05 -5.41280E-01
4.09999E+00 -5.95001E-01 -5.15050E-05 -5.36282E-01
4.19999E+00 -5.90001E-01 -4.89652E-05 -5.31285E-01
4.29999E+00 -5.85001E-01 -4.66759E-05 -5.26276E-01
4.39999E+00 -5.80001E-01 -4.45622E-05 -5.21256E-01
4.49999E+00 -5.75001E-01 -4.26747E-05 -5.16256E-01
4.59999E+00 -5.70001E-01 -4.09432E-05 -5.11268E-01
4.69999E+00 -5.65001E-01 -3.95503E-05 -5.06267E-01
4.79999E+00 -5.60001E-01 -3.82596E-05 -5.01246E-01
4.89999E+00 -5.55001E-01 -3.68076E-05 -4.96258E-01
4.99999E+00 -5.50001E-01 -3.54136E-05 -4.91234E-01
5.09999E+00 -5.45001E-01 -3.40902E-05 -4.86245E-01
5.19999E+00 -5.40001E-01 -3.28788E-05 -4.81256E-01
5.29999E+00 -5.35001E-01 -3.17634E-05 -4.76241E-01
5.39999E+00 -5.30001E-01 -3.07225E-05 -4.71214E-01
5.49999E+00 -5.25001E-01 -2.97283E-05 -4.66223E-01
5.59999E+00 -5.20001E-01 -2.87958E-05 -4.61192E-01
5.69999E+00 -5.15001E-01 -2.79056E-05 -4.56220E-01
5.79999E+00 -5.10001E-01 -2.70514E-05 -4.51212E-01
5.89999E+00 -5.05001E-01 -2.62391E-05 -4.46212E-01
5.99998E+00 -5.00001E-01 -2.54583E-05 -4.41227E-01
6.09998E+00 -4.95001E-01 -2.47061E-05 -4.36251E-01
6.19998E+00 -4.90001E-01 -2.39818E-05 -4.31218E-01
6.29998E+00 -4.85001E-01 -2.32892E-05 -4.26217E-01
6.39998E+00 -4.80001E-01 -2.26189E-05 -4.21222E-01
6.49998E+00 -4.75001E-01 -2.19706E-05 -4.16225E-01
6.59998E+00 -4.70001E-01 -2.13477E-05 -4.11208E-01
6.69998E+00 -4.65001E-01 -2.07429E-05 -4.06183E-01
6.79998E+00 -4.60001E-01 -2.01575E-05 -4.01192E-01
6.89998E+00 -4.55001E-01 -1.95900E-05 -3.96227E-01
6.99998E+00 -4.50001E-01 -1.90441E-05 -3.91193E-01
7.09998E+00 -4.45001E-01 -1.85079E-05 -3.86194E-01
7.19998E+00 -4.40001E-01 -1.79880E-05 -3.81178E-01
7.29998E+00 -4.35001E-01 -1.74852E-05 -3.76206E-01
7.39998E+00 -4.30001E-01 -1.69955E-05 -3.71175E-01
7.49998E+00 -4.25001E-01 -1.65201E-05 -3.66168E-01
7.59998E+00 -4.20001E-01 -1.60531E-05 -3.61182E-01
7.69998E+00 -4.15001E-01 -1.56001E-05 -3.56199E-01
7.79998E+00 -4.10001E-01 -1.51571E-05 -3.51185E-01
7.89998E+00 -4.05001E-01 -1.47262E-05 -3.46183E-01
7.99998E+00 -4.00001E-01 -1.43031E-05 -3.41161E-01
8.09998E+00 -3.95001E-01 -1.38894E-05 -3.36173E-01
8.19998E+00 -3.90001E-01 -1.34844E-05 -3.31164E-01
8.29998E+00 -3.85001E-01 -1.30882E-05 -3.26155E-01
8.39998E+00 -3.80001E-01 -1.27003E-05 -3.21160E-01
8.49998E+00 -3.75001E-01 -1.23209E-05 -3.16136E-01
8.59998E+00 -3.70001E-01 -1.19459E-05 -3.11117E-01
8.69998E+00 -3.65001E-01 -1.15788E-05 -3.06134E-01
8.79998E+00 -3.60001E-01 -1.12182E-05 -3.01136E-01
8.89998E+00 -3.55001E-01 -1.08638E-05 -2.96131E-01
8.99998E+00 -3.50001E-01 -1.05144E-05 -2.91117E-01
9.09998E+00 -3.45001E-01 -1.01703E-05 -2.86128E-01
9.19998E+00 -3.40001E-01 -9.82995E-06 -2.81113E-01
9.29998E+00 -3.35001E-01 -9.49441E-06 -2.76123E-01
9.39998E+00 -3.30001E-01 -9.16286E-06 -2.71114E-01
9.49998E+00 -3.25001E-01 -8.83489E-06 -2.66116E-01
9.59998E+00 -3.20001E-01 -8.51037E-06 -2.61122E-01
9.69998E+00 -3.15001E-01 -8.18932E-06 -2.56100E-01
9.79998E+00 -3.10001E-01 -7.87177E-06 -2.51096E-01
9.89998E+00 -3.05001E-01 -7.55620E-06 -2.46112E-01
9.99997E+00 -3.00001E-01 -7.24465E-06 -2.41101E-01
1.01000E+01 -2.95001E-01 -6.93460E-06 -2.36091E-01
1.02000E+01 -2.90001E-01 -6.62910E-06 -2.31096E-01
1.03000E+01 -2.85001E-01 -6.32358E-06 -2.26096E-01
1.04000E+01 -2.80001E-01 -6.02147E-06 -2.21107E-01
1.05000E+01 -2.75001E-01 -5.72115E-06 -2.16110E-01
1.06000E+01 -2.70001E-01 -5.42404E-06 -2.11092E-01
1.07000E+01 -2.65001E-01 -5.12901E-06 -2.06080E-01
1.08000E+01 -2.60001E-01 -4.83666E-06 -2.01098E-01
1.09000E+01 -2.55001E-01 -4.54736E-06 -1.96071E-01
1.10000E+01 -2.50001E-01 -4.25743E-06 -1.91077E-01
1.11000E+01 -2.45001E-01 -3.97217E-06 -1.86082E-01
1.12000E+01 -2.40001E-01 -3.68824E-06 -1.81089E-01
1.13000E+01 -2.35001E-01 -3.40871E-06 -1.76079E-01
1.14000E+01 -2.30001E-01 -3.13042E-06 -1.71070E-01
1.15000E+01 -2.25001E-01 -2.89619E-06 -1.66071E-01
1.16000E+01 -2.20001E-01 -2.62549E-06 -1.61069E-01
1.17000E+01 -2.15001E-01 -2.35788E-06 -1.56043E-01
1.18000E+01 -2.10001E-01 -2.09312E-06 -1.51047E-01
1.19000E+01 -2.05001E-01 -1.83383E-06 -1.46046E-01
1.20000E+01 -2.00002E-01 -1.57693E-06 -1.41059E-01
1.21000E+01 -1.95002E-01 -1.32569E-06 -1.36039E-01
1.22000E+01 -1.90002E-01 -1.07942E-06 -1.31031E-01
1.23000E+01 -1.85002E-01 -8.37056E-07 -1.26041E-01
1.24000E+01 -1.80002E-01 -6.00430E-07 -1.21063E-01
1.25000E+01 -1.75002E-01 -3.67051E-07 -1.16041E-01
1.26000E+01 -1.70002E-01 -1.38897E-07 -1.11035E-01
1.27000E+01 -1.65002E-01 8.67364E-08  -1.06064E-01
1.28000E+01 -1.60002E-01 3.07656E-07  -1.01065E-01
1.29000E+01 -1.55002E-01 5.28168E-07  -9.60517E-02
1.30000E+01 -1.50002E-01 7.47154E-07  -9.10389E-02
1.31000E+01 -1.45002E-01 9.69802E-07  -8.60286E-02
1.32000E+01 -1.40002E-01 1.19323E-06  -8.10489E-02
1.33000E+01 -1.35002E-01 1.42263E-06  -7.60292E-02
1.34000E+01 -1.30002E-01 1.65929E-06  -7.10196E-02
1.35000E+01 -1.25002E-01 1.90677E-06  -6.60206E-02
1.36000E+01 -1.20002E-01 2.16476E-06  -6.10427E-02
1.37000E+01 -1.15002E-01 2.43788E-06  -5.60137E-02
1.38000E+01 -1.10002E-01 2.72578E-06  -5.10059E-02
1.39000E+01 -1.05002E-01 3.03376E-06  -4.60019E-02
1.40000E+01 -1.00002E-01 3.35805E-06  -4.10197E-02
1.41000E+01 -9.50018E-02 3.70467E-06  -3.60088E-02
1.42000E+01 -9.00018E-02 4.07373E-06  -3.10053E-02
1.43000E+01 -8.50018E-02 4.46845E-06  -2.59813E-02
1.44000E+01 -8.00018E-02 4.88927E-06  -2.09835E-02
1.45000E+01 -7.50018E-02 5.33740E-06  -1.59714E-02
1.46000E+01 -7.00018E-02 5.81408E-06  -1.09898E-02
1.47000E+01 -6.50018E-02 6.32188E-06  -5.94952E-03
1.48000E+01 -6.00019E-02 6.86274E-06  -9.44872E-04
1.49000E+01 -5.50019E-02 7.43681E-06  4.01795E-03 
1.50000E+01 -5.00019E-02 8.04624E-06  9.01139E-03 
1.51000E+01 -4.50019E-02 8.69253E-06  1.40454E-02 
1.52000E+01 -4.00019E-02 9.37810E-06  1.90401E-02 
1.53000E+01 -3.50019E-02 1.01041E-05  2.40447E-02 
1.54000E+01 -3.00019E-02 1.08711E-05  2.90369E-02 
1.55000E+01 -2.50019E-02 1.16804E-05  3.40559E-02 
1.56000E+01 -2.00020E-02 1.25317E-05  3.90687E-02 
1.57000E+01 -1.50020E-02 1.34297E-05  4.40466E-02 
1.58000E+01 -1.00020E-02 1.43699E-05  4.90625E-02 
1.59000E+01 -5.00199E-03 1.53564E-05  5.40652E-02 
1.60000E+01 -2.00000E-06 1.63902E-05  5.90868E-02 
1.61000E+01 4.99799E-03  1.74678E-05  6.40745E-02 
1.62000E+01 9.99797E-03  1.85895E-05  6.90630E-02 
1.63000E+01 1.49980E-02  1.97576E-05  7.40720E-02 
1.64000E+01 1.99979E-02  2.09751E-05  7.90917E-02 
1.65000E+01 2.49979E-02  2.22835E-05  8.40701E-02 
1.66000E+01 2.99979E-02  2.35864E-05  8.90729E-02 
1.67000E+01 3.49979E-02  2.49345E-05  9.40969E-02 
1.68000E+01 3.99979E-02  2.63207E-05  9.90760E-02 
1.69000E+01 4.49979E-02  2.77464E-05  1.04094E-01 
1.70000E+01 4.99979E-02  2.92090E-05  1.09062E-01 
1.71000E+01 5.49979E-02  3.07051E-05  1.14063E-01 
1.72000E+01 5.99978E-02  3.22303E-05  1.19067E-01 
1.73000E+01 6.49978E-02  3.37719E-05  1.24065E-01 
1.74000E+01 6.99978E-02  3.53266E-05  1.29063E-01 
1.75000E+01 7.49978E-02  3.68937E-05  1.34072E-01 
1.76000E+01 7.99978E-02  3.84767E-05  1.39096E-01 
1.77000E+01 8.49978E-02  4.00762E-05  1.44095E-01 
1.78000E+01 8.99978E-02  4.16709E-05  1.49065E-01 
1.79000E+01 9.49978E-02  4.32691E-05  1.54101E-01 
1.80000E+01 9.99977E-02  4.48805E-05  1.59122E-01 
1.81000E+01 1.04998E-01  4.64956E-05  1.64122E-01 
1.82000E+01 1.09998E-01  4.81307E-05  1.69113E-01 
1.83000E+01 1.14998E-01  4.97817E-05  1.74105E-01 
1.84000E+01 1.19998E-01  5.14564E-05  1.79119E-01 
1.85000E+01 1.24998E-01  5.31483E-05  1.84104E-01 
1.86000E+01 1.29998E-01  5.48603E-05  1.89133E-01 
1.87000E+01 1.34998E-01  5.65885E-05  1.94128E-01 
1.88000E+01 1.39998E-01  5.83345E-05  1.99141E-01 
1.89000E+01 1.44998E-01  6.00930E-05  2.04125E-01 
1.90000E+01 1.49998E-01  6.18562E-05  2.09121E-01 
1.91000E+01 1.54998E-01  6.36298E-05  2.14128E-01 
1.92000E+01 1.59998E-01  6.54161E-05  2.19151E-01 
1.93000E+01 1.64998E-01  6.72128E-05  2.24152E-01 
1.94000E+01 1.69998E-01  6.90080E-05  2.29131E-01 
1.95000E+01 1.74998E-01  7.08024E-05  2.34135E-01 
1.96000E+01 1.79998E-01  7.25866E-05  2.39147E-01 
1.97000E+01 1.84998E-01  7.43743E-05  2.44164E-01 
1.98000E+01 1.89998E-01  7.61507E-05  2.49152E-01 
1.99000E+01 1.94998E-01  7.79123E-05  2.54162E-01 
1.99999E+01 1.99997E-01  7.96412E-05  2.59171E-01 
2.00999E+01 2.04997E-01  8.13495E-05  2.64189E-01 
2.01999E+01 2.09997E-01  8.30223E-05  2.69165E-01 
2.02999E+01 2.14997E-01  8.46553E-05  2.74177E-01 
2.03999E+01 2.19997E-01  8.62382E-05  2.79171E-01 
2.04999E+01 2.24997E-01  8.77639E-05  2.84191E-01 
2.05999E+01 2.29997E-01  8.92921E-05  2.89177E-01 
2.06999E+01 2.34997E-01  9.08000E-05  2.94164E-01 
2.07999E+01 2.39997E-01  9.23587E-05  2.99176E-01 
2.08999E+01 2.44997E-01  9.37507E-05  3.04176E-01 
2.09999E+01 2.49997E-01  9.51403E-05  3.09188E-01 
2.10999E+01 2.54997E-01  9.63560E-05  3.14171E-01 
2.11999E+01 2.59997E-01  9.76584E-05  3.19197E-01 
2.12999E+01 2.64997E-01  9.90075E-05  3.24200E-01 
2.13999E+01 2.69997E-01  1.00340E-04  3.29208E-01 
2.14999E+01 2.74997E-01  1.01669E-04  3.34218E-01 
2.15999E+01 2.79997E-01  1.02800E-04  3.39213E-01 
2.16999E+01 2.84997E-01  1.03781E-04  3.44212E-01 
2.17999E+01 2.89997E-01  1.04607E-04  3.49204E-01 
2.18999E+01 2.94997E-01  1.05121E-04  3.54240E-01 
2.19999E+01 2.99997E-01  1.05305E-04  3.59215E-01 
2.20999E+01 3.04997E-01  1.05076E-04  3.64207E-01 
2.21999E+01 3.09997E-01  1.04444E-04  3.69232E-01 
2.22999E+01 3.14997E-01  1.03550E-04  3.74239E-01 
2.23999E+01 3.19997E-01  1.01860E-04  3.79237E-01 
2.24999E+01 3.24997E-01  1.00211E-04  3.84234E-01 
2.25999E+01 3.29997E-01  9.81923E-05  3.89229E-01 
2.26999E+01 3.34997E-01  9.57281E-05  3.94253E-01 
2.27999E+01 3.39997E-01  9.21078E-05  3.99230E-01 
2.28999E+01 3.44997E-01  8.68125E-05  4.04227E-01 
2.29999E+01 3.49997E-01  8.04390E-05  4.09239E-01 
2.30999E+01 3.54997E-01  7.40811E-05  4.14251E-01 
2.31999E+01 3.59997E-01  6.81941E-05  4.19260E-01 
2.32999E+01 3.64997E-01  6.32333E-05  4.24247E-01 
2.33999E+01 3.69997E-01  5.92699E-05  4.29243E-01 
2.34999E+01 3.74997E-01  5.46682E-05  4.34236E-01 
2.35999E+01 3.79997E-01  5.12035E-05  4.39275E-01 
2.36999E+01 3.84997E-01  4.81010E-05  4.44258E-01 
2.37999E+01 3.89997E-01  4.54638E-05  4.49274E-01 
2.38999E+01 3.94997E-01  4.32769E-05  4.54264E-01 
2.39999E+01 3.99997E-01  4.18438E-05  4.59269E-01 
2.40999E+01 4.04997E-01  4.09306E-05  4.64269E-01 
2.41999E+01 4.09997E-01  4.03737E-05  4.69293E-01 
2.42999E+01 4.14997E-01  3.98020E-05  4.74294E-01 
2.43999E+01 4.19997E-01  3.94561E-05  4.79293E-01 
2.44999E+01 4.24997E-01  3.93578E-05  4.84297E-01 
2.45999E+01 4.29997E-01  3.92923E-05  4.89321E-01 
2.46999E+01 4.34997E-01  3.92867E-05  4.94312E-01 
2.47999E+01 4.39997E-01  3.92808E-05  4.99288E-01 
2.48999E+01 4.44997E-01  3.93708E-05  5.04307E-01 
2.49999E+01 4.49997E-01  3.96807E-05  5.09316E-01 
2.50999E+01 4.54997E-01  4.01042E-05  5.14306E-01 
2.51999E+01 4.59997E-01  4.05840E-05  5.19306E-01 
2.52999E+01 4.64997E-01  4.11167E-05  5.24300E-01 
2.53999E+01 4.69997E-01  4.17877E-05  5.29316E-01 
2.54999E+01 4.74997E-01  4.24647E-05  5.34338E-01 
2.55999E+01 4.79997E-01  4.31062E-05  5.39329E-01 
2.56999E+01 4.84997E-01  4.38323E-05  5.44335E-01 
2.57999E+01 4.89997E-01  4.46050E-05  5.49326E-01 
2.58999E+01 4.94997E-01  4.53915E-05  5.54360E-01 
2.59999E+01 4.99997E-01  4.62118E-05  5.59321E-01 
2.60999E+01 5.04997E-01  4.70360E-05  5.64327E-01 
2.61999E+01 5.09997E-01  4.78804E-05  5.69333E-01 
2.62999E+01 5.14997E-01  4.87412E-05  5.74339E-01 
2.63999E+01 5.19997E-01  4.95971E-05  5.79352E-01 
2.64999E+01 5.24997E-01  5.04536E-05  5.84342E-01 
2.65999E+01 5.29997E-01  5.13051E-05  5.89349E-01 
2.66999E+01 5.34997E-01  5.21474E-05  5.94364E-01 
2.67999E+01 5.39997E-01  5.29723E-05  5.99350E-01 
2.68999E+01 5.44997E-01  5.37835E-05  6.04341E-01 
2.69999E+01 5.49997E-01  5.45788E-05  6.09360E-01 
2.70999E+01 5.54997E-01  5.53538E-05  6.14366E-01 
2.71999E+01 5.59997E-01  5.60949E-05  6.19351E-01 
2.72999E+01 5.64997E-01  5.68122E-05  6.24366E-01 
2.73999E+01 5.69997E-01  5.74967E-05  6.29383E-01 
2.74999E+01 5.74997E-01  5.81471E-05  6.34402E-01 
2.75999E+01 5.79997E-01  5.87537E-05  6.39405E-01 
2.76999E+01 5.84997E-01  5.93471E-05  6.44402E-01 
2.77999E+01 5.89997E-01  5.98400E-05  6.49378E-01 
2.78999E+01 5.94997E-01  6.03024E-05  6.54392E-01 
2.79999E+01 5.99996E-01  6.07179E-05  6.59415E-01 
2.80999E+01 6.04996E-01  6.10620E-05  6.64379E-01 
2.81999E+01 6.09996E-01  6.13435E-05  6.69391E-01 
2.82999E+01 6.14996E-01  6.15478E-05  6.74382E-01 
2.83999E+01 6.19996E-01  6.16762E-05  6.79416E-01 
2.84999E+01 6.24996E-01  6.17223E-05  6.84389E-01 
2.85999E+01 6.29996E-01  6.16780E-05  6.89378E-01 
2.86999E+01 6.34996E-01  6.15382E-05  6.94407E-01 
2.87999E+01 6.39996E-01  6.13009E-05  6.99422E-01 
2.88999E+01 6.44996E-01  6.09656E-05  7.04401E-01 
2.89999E+01 6.49996E-01  6.05290E-05  7.09386E-01 
2.90999E+01 6.54996E-01  5.99921E-05  7.14400E-01 
2.91999E+01 6.59996E-01  5.93408E-05  7.19414E-01 
2.92999E+01 6.64996E-01  5.85882E-05  7.24428E-01 
2.93999E+01 6.69996E-01  5.77356E-05  7.29419E-01 
2.94999E+01 6.74996E-01  5.67813E-05  7.34404E-01 
2.95999E+01 6.79996E-01  5.57251E-05  7.39427E-01 
2.96999E+01 6.84996E-01  5.45767E-05  7.44430E-01 
2.97999E+01 6.89996E-01  5.33294E-05  7.49434E-01 
2.98999E+01 6.94996E-01  5.19957E-05  7.54432E-01 
2.99999E+01 6.99996E-01  5.05827E-05  7.59433E-01 
3.00999E+01 7.04996E-01  4.91108E-05  7.64448E-01 
3.01999E+01 7.09996E-01  4.76123E-05  7.69430E-01 
3.02999E+01 7.14996E-01  4.61171E-05  7.74429E-01 
3.03999E+01 7.19996E-01  4.46761E-05  7.79420E-01 
3.04999E+01 7.24996E-01  4.33375E-05  7.84465E-01 
3.05999E+01 7.29996E-01  4.21412E-05  7.89487E-01 
3.06999E+01 7.34996E-01  4.11220E-05  7.94479E-01 
3.07999E+01 7.39996E-01  4.02876E-05  7.99501E-01 
3.08999E+01 7.44996E-01  3.96171E-05  8.04477E-01 
3.09999E+01 7.49996E-01  3.90881E-05  8.09481E-01 
3.10999E+01 7.54996E-01  3.86777E-05  8.14492E-01 
3.11999E+01 7.59996E-01  3.83573E-05  8.19511E-01 
3.12999E+01 7.64996E-01  3.81048E-05  8.24515E-01 
3.13999E+01 7.69996E-01  3.79086E-05  8.29504E-01 
3.14999E+01 7.74996E-01  3.77591E-05  8.34517E-01 
3.15999E+01 7.79996E-01  3.76421E-05  8.39502E-01 
3.16999E+01 7.84996E-01  3.75666E-05  8.44498E-01 
3.17999E+01 7.89996E-01  3.75013E-05  8.49507E-01 
3.18999E+01 7.94996E-01  3.74617E-05  8.54530E-01 
3.19999E+01 7.99996E-01  3.74360E-05  8.59513E-01 
3.20999E+01 8.04996E-01  3.74321E-05  8.64528E-01 
3.21999E+01 8.09996E-01  3.74247E-05  8.69512E-01 
3.22999E+01 8.14996E-01  3.74416E-05  8.74528E-01 
3.23999E+01 8.19996E-01  3.74849E-05  8.79515E-01 
3.24999E+01 8.24996E-01  3.75158E-05  8.84533E-01 
3.25999E+01 8.29996E-01  3.75698E-05  8.89519E-01 
3.26999E+01 8.34996E-01  3.76392E-05  8.94525E-01 
3.27999E+01 8.39996E-01  3.77178E-05  8.99542E-01 
3.28999E+01 8.44996E-01  3.78064E-05  9.04522E-01 
3.29999E+01 8.49996E-01  3.79015E-05  9.09538E-01 
3.30999E+01 8.54996E-01  3.80059E-05  9.14529E-01 
3.31999E+01 8.59996E-01  3.81184E-05  9.19537E-01 
3.32999E+01 8.64996E-01  3.82398E-05  9.24534E-01 
3.33999E+01 8.69996E-01  3.83660E-05  9.29535E-01 
3.34999E+01 8.74996E-01  3.84940E-05  9.34549E-01 
3.35999E+01 8.79996E-01  3.86249E-05  9.39555E-01 
3.36999E+01 8.84996E-01  3.87554E-05  9.44564E-01 
3.37999E+01 8.89996E-01  3.88881E-05  9.49555E-01 
3.38999E+01 8.94996E-01  3.90118E-05  9.54544E-01 
3.39999E+01 8.99996E-01  3.91350E-05  9.59555E-01 
3.40999E+01 9.04996E-01  3.92510E-05  9.64579E-01 
3.41999E+01 9.09996E-01  3.93634E-05  9.69588E-01 
3.42999E+01 9.14996E-01  3.94644E-05  9.74581E-01 
3.43999E+01 9.19996E-01  3.95609E-05  9.79571E-01 
3.44999E+01 9.24996E-01  3.96497E-05  9.84586E-01 
3.45999E+01 9.29996E-01  3.97308E-05  9.89588E-01 
3.46999E+01 9.34996E-01  3.98105E-05  9.94581E-01 
3.47999E+01 9.39996E-01  3.98941E-05  9.99576E-01 
3.48999E+01 9.44996E-01  3.99733E-05  1.00459E+00 
3.49999E+01 9.49996E-01  4.00512E-05  1.00959E+00 
3.50999E+01 9.54996E-01  4.01117E-05  1.01460E+00 
3.51999E+01 9.59996E-01  4.01652E-05  1.01959E+00 
3.52999E+01 9.64996E-01  4.02051E-05  1.02461E+00 
3.53999E+01 9.69996E-01  4.02324E-05  1.02960E+00 
3.54999E+01 9.74996E-01  4.02766E-05  1.03460E+00 
3.55999E+01 9.79996E-01  4.03405E-05  1.03961E+00 
3.56999E+01 9.84996E-01  4.04145E-05  1.04459E+00 
3.57999E+01 9.89996E-01  4.04969E-05  1.04959E+00 
3.58999E+01 9.94996E-01  4.05774E-05  1.05463E+00 
3.59999E+01 9.99995E-01  4.06825E-05  1.05962E+00 
3.60999E+01 1.00500E+00  4.07957E-05  1.06462E+00 
3.61999E+01 1.01000E+00  4.09150E-05  1.06962E+00 
3.62999E+01 1.01500E+00  4.10374E-05  1.07465E+00 
3.63999E+01 1.02000E+00  4.11335E-05  1.07961E+00 
3.64999E+01 1.02500E+00  4.12170E-05  1.08461E+00 
3.65999E+01 1.03000E+00  4.12787E-05  1.08962E+00 
3.66999E+01 1.03500E+00  4.13220E-05  1.09464E+00 
3.67999E+01 1.04000E+00  4.13770E-05  1.09963E+00 
3.68999E+01 1.04500E+00  4.14631E-05  1.10467E+00 
3.69999E+01 1.05000E+00  4.15671E-05  1.10966E+00 
3.70999E+01 1.05500E+00  4.16823E-05  1.11468E+00 
3.71999E+01 1.06000E+00  4.17970E-05  1.11967E+00 
3.72999E+01 1.06500E+00  4.19063E-05  1.12470E+00 
3.73999E+01 1.07000E+00  4.20209E-05  1.12970E+00 
3.74999E+01 1.07500E+00  4.21630E-05  1.13471E+00 
3.75999E+01 1.08000E+00  4.23377E-05  1.13969E+00 
3.76999E+01 1.08500E+00  4.25281E-05  1.14469E+00 
3.77999E+01 1.09000E+00  4.27640E-05  1.14969E+00 
3.78999E+01 1.09500E+00  4.30192E-05  1.15469E+00 
3.79999E+01 1.10000E+00  4.32911E-05  1.15967E+00 
3.80999E+01 1.10500E+00  4.35568E-05  1.16470E+00 
3.81999E+01 1.11000E+00  4.38597E-05  1.16970E+00 
3.82999E+01 1.11500E+00  4.41619E-05  1.17470E+00 
3.83999E+01 1.12000E+00  4.44512E-05  1.17968E+00 
3.84999E+01 1.12500E+00  4.47358E-05  1.18471E+00 
3.85999E+01 1.13000E+00  4.50268E-05  1.18970E+00 
3.86999E+01 1.13500E+00  4.53579E-05  1.19471E+00 
3.87999E+01 1.14000E+00  4.56580E-05  1.19969E+00 
3.88999E+01 1.14500E+00  4.58618E-05  1.20472E+00 
3.89999E+01 1.15000E+00  4.61839E-05  1.20970E+00 
3.90999E+01 1.15500E+00  4.65291E-05  1.21472E+00 
3.91999E+01 1.16000E+00  4.68807E-05  1.21970E+00 
3.92999E+01 1.16500E+00  4.72582E-05  1.22470E+00 
3.93999E+01 1.17000E+00  4.76685E-05  1.22974E+00 
3.94999E+01 1.17500E+00  4.80712E-05  1.23471E+00 
3.95999E+01 1.18000E+00  4.84827E-05  1.23971E+00 
3.96999E+01 1.18500E+00  4.89163E-05  1.24471E+00 
3.97999E+01 1.19000E+00  4.93589E-05  1.24971E+00 
3.98999E+01 1.19500E+00  4.98143E-05  1.25474E+00 
3.99999E+01 1.19999E+00  5.02842E-05  1.25972E+00 
4.00999E+01 1.20499E+00  5.07769E-05  1.26471E+00 
4.01999E+01 1.20999E+00  5.12782E-05  1.26976E+00 
4.02999E+01 1.21499E+00  5.18064E-05  1.27476E+00 
4.03999E+01 1.21999E+00  5.23490E-05  1.27976E+00 
4.04999E+01 1.22499E+00  5.29092E-05  1.28474E+00 
4.05999E+01 1.22999E+00  5.35095E-05  1.28977E+00 
4.06999E+01 1.23499E+00  5.41746E-05  1.29474E+00 
4.07999E+01 1.23999E+00  5.47696E-05  1.29976E+00 
4.08999E+01 1.24499E+00  5.57002E-05  1.30475E+00 
4.09999E+01 1.24999E+00  5.61815E-05  1.30977E+00 
4.10999E+01 1.25499E+00  5.68313E-05  1.31476E+00 
4.11999E+01 1.25999E+00  5.75299E-05  1.31975E+00 
4.12999E+01 1.26499E+00  5.82658E-05  1.32476E+00 
4.13999E+01 1.26999E+00  5.90121E-05  1.32978E+00 
4.14999E+01 1.27499E+00  5.97894E-05  1.33480E+00 
4.15999E+01 1.27999E+00  6.05509E-05  1.33979E+00 
4.16999E+01 1.28499E+00  6.13275E-05  1.34479E+00 
4.17999E+01 1.28999E+00  6.21269E-05  1.34976E+00 
4.18999E+01 1.29499E+00  6.29244E-05  1.35481E+00 
4.19999E+01 1.29999E+00  6.37334E-05  1.35980E+00 
4.20999E+01 1.30499E+00  6.45379E-05  1.36480E+00 
4.21999E+01 1.30999E+00  6.53693E-05  1.36980E+00 
4.22999E+01 1.31499E+00  6.62468E-05  1.37484E+00 
4.23999E+01 1.31999E+00  6.71624E-05  1.37982E+00 
4.24999E+01 1.32499E+00  6.81367E-05  1.38480E+00 
4.25999E+01 1.32999E+00  6.91674E-05  1.38980E+00 
4.26999E+01 1.33499E+00  7.02944E-05  1.39483E+00 
4.27999E+01 1.33999E+00  7.14934E-05  1.39982E+00 
4.28999E+01 1.34499E+00  7.27629E-05  1.40483E+00 
4.29999E+01 1.34999E+00  7.41116E-05  1.40982E+00 
4.30999E+01 1.35499E+00  7.55190E-05  1.41483E+00 
4.31999E+01 1.35999E+00  7.69990E-05  1.41982E+00 
4.32999E+01 1.36499E+00  7.85512E-05  1.42483E+00 
4.33999E+01 1.36999E+00  8.01648E-05  1.42985E+00 
4.34999E+01 1.37499E+00  8.18385E-05  1.43486E+00 
4.35999E+01 1.37999E+00  8.35839E-05  1.43986E+00 
4.36999E+01 1.38499E+00  8.53961E-05  1.44485E+00 
4.37999E+01 1.38999E+00  8.72649E-05  1.44986E+00 
4.38999E+01 1.39499E+00  8.92066E-05  1.45488E+00 
4.39999E+01 1.39999E+00  9.12149E-05  1.45986E+00 
4.40999E+01 1.40499E+00  9.32925E-05  1.46487E+00 
4.41999E+01 1.40999E+00  9.54436E-05  1.46987E+00 
4.42999E+01 1.41499E+00  9.76635E-05  1.47488E+00 
4.43999E+01 1.41999E+00  9.99396E-05  1.47986E+00 
4.44999E+01 1.42499E+00  1.02297E-04  1.48485E+00 
4.45999E+01 1.42999E+00  1.04713E-04  1.48988E+00 
4.46999E+01 1.43499E+00  1.07203E-04  1.49489E+00 
4.47999E+01 1.43999E+00  1.09753E-04  1.49989E+00 
4.48999E+01 1.44499E+00  1.12360E-04  1.50487E+00 
4.49999E+01 1.44999E+00  1.15024E-04  1.50986E+00 
4.50999E+01 1.45499E+00  1.17740E-04  1.51488E+00 
4.51999E+01 1.45999E+00  1.20500E-04  1.51988E+00 
4.52999E+01 1.46499E+00  1.23317E-04  1.52488E+00 
4.53999E+01 1.46999E+00  1.26188E-04  1.52987E+00 
4.54999E+01 1.47499E+00  1.29101E-04  1.53489E+00 
4.55999E+01 1.47999E+00  1.32058E-04  1.53987E+00 
4.56999E+01 1.48499E+00  1.35034E-04  1.54487E+00 
4.57999E+01 1.48999E+00  1.38041E-04  1.54988E+00 
4.58999E+01 1.49499E+00  1.41098E-04  1.55490E+00 
4.59999E+01 1.49999E+00  1.44172E-04  1.55989E+00 
4.60999E+01 1.50499E+00  1.47282E-04  1.56489E+00 
4.61999E+01 1.50999E+00  1.50426E-04  1.56990E+00 
4.62999E+01 1.51499E+00  1.53596E-04  1.57491E+00 
4.63999E+01 1.51999E+00  1.56801E-04  1.57990E+00 
4.64999E+01 1.52499E+00  1.60011E-04  1.58492E+00 
4.65999E+01 1.52999E+00  1.63255E-04  1.58992E+00 
4.66999E+01 1.53499E+00  1.66520E-04  1.59492E+00 
4.67999E+01 1.53999E+00  1.69821E-04  1.59992E+00 
4.68999E+01 1.54499E+00  1.73100E-04  1.60495E+00 
4.69999E+01 1.54999E+00  1.76426E-04  1.60996E+00 
4.70999E+01 1.55499E+00  1.79759E-04  1.61494E+00 
4.71999E+01 1.55999E+00  1.83105E-04  1.61992E+00 
4.72999E+01 1.56499E+00  1.86469E-04  1.62493E+00 
4.73999E+01 1.56999E+00  1.89860E-04  1.62995E+00 
4.74999E+01 1.57499E+00  1.93238E-04  1.63496E+00 
4.75999E+01 1.57999E+00  1.96650E-04  1.63993E+00 
4.76999E+01 1.58499E+00  2.00087E-04  1.64494E+00 
4.77999E+01 1.58999E+00  2.03557E-04  1.65000E+00 
4.78999E+01 1.59499E+00  2.07130E-04  1.65499E+00 
4.79999E+01 1.59999E+00  2.10471E-04  1.65997E+00 
4.80999E+01 1.60499E+00  2.14390E-04  1.66497E+00 
4.81999E+01 1.60999E+00  2.17908E-04  1.66998E+00 
4.82999E+01 1.61499E+00  2.21366E-04  1.67500E+00 
4.83999E+01 1.61999E+00  2.24867E-04  1.67999E+00 
4.84999E+01 1.62499E+00  2.28348E-04  1.68499E+00 
4.85999E+01 1.62999E+00  2.31833E-04  1.69000E+00 
4.86999E+01 1.63499E+00  2.35356E-04  1.69502E+00 
4.87999E+01 1.63999E+00  2.38917E-04  1.70000E+00 
4.88999E+01 1.64499E+00  2.42479E-04  1.70501E+00 
4.89999E+01 1.64999E+00  2.45998E-04  1.71002E+00 
4.90999E+01 1.65499E+00  2.49485E-04  1.71500E+00 
4.91999E+01 1.65999E+00  2.52985E-04  1.72000E+00 
4.92999E+01 1.66499E+00  2.56486E-04  1.72500E+00 
4.93999E+01 1.66999E+00  2.59995E-04  1.73001E+00 
4.94999E+01 1.67499E+00  2.63491E-04  1.73501E+00 
4.95999E+01 1.67999E+00  2.66964E-04  1.74001E+00 
4.96999E+01 1.68499E+00  2.70450E-04  1.74504E+00 
4.97999E+01 1.68999E+00  2.73913E-04  1.75003E+00 
4.98999E+01 1.69499E+00  2.77367E-04  1.75504E+00 
4.99999E+01 1.69999E+00  2.80827E-04  1.76005E+00 
5.00999E+01 1.70499E+00  2.84246E-04  1.76506E+00 
5.01999E+01 1.70999E+00  2.87618E-04  1.77006E+00 
5.02999E+01 1.71499E+00  2.91014E-04  1.77506E+00 
5.03999E+01 1.71999E+00  2.94382E-04  1.78008E+00 
5.04999E+01 1.72499E+00  2.97677E-04  1.78507E+00 
5.05999E+01 1.72999E+00  3.01406E-04  1.79006E+00 
5.06999E+01 1.73499E+00  3.04380E-04  1.79505E+00 
5.07999E+01 1.73999E+00  3.07677E-04  1.80006E+00 
5.08999E+01 1.74499E+00  3.10994E-04  1.80506E+00 
5.09999E+01 1.74999E+00  3.14171E-04  1.81008E+00 
5.10999E+01 1.75499E+00  3.17393E-04  1.81506E+00 
5.11999E+01 1.75999E+00  3.20636E-04  1.82007E+00 
5.12999E+01 1.76499E+00  3.23796E-04  1.82508E+00 
5.13999E+01 1.76999E+00  3.26899E-04  1.83007E+00 
5.14999E+01 1.77499E+00  3.30006E-04  1.83509E+00 
5.15999E+01 1.77999E+00  3.33043E-04  1.84007E+00 
5.16999E+01 1.78499E+00  3.36039E-04  1.84508E+00 
5.17999E+01 1.78999E+00  3.39068E-04  1.85009E+00 
5.18999E+01 1.79499E+00  3.41933E-04  1.85509E+00 
5.19999E+01 1.79999E+00  3.44809E-04  1.86009E+00 
5.20999E+01 1.79499E+00  3.38028E-04  1.85507E+00 
5.21999E+01 1.78999E+00  3.31513E-04  1.85010E+00 
5.22999E+01 1.78499E+00  3.25246E-04  1.84511E+00 
5.23999E+01 1.77999E+00  3.19157E-04  1.84007E+00 
5.24999E+01 1.77499E+00  3.13191E-04  1.83509E+00 
5.25999E+01 1.76999E+00  3.07345E-04  1.83008E+00 
5.26999E+01 1.76499E+00  3.01572E-04  1.82509E+00 
5.27999E+01 1.75999E+00  2.95863E-04  1.82007E+00 
5.28999E+01 1.75499E+00  2.90335E-04  1.81506E+00 
5.29999E+01 1.74999E+00  2.84783E-04  1.81007E+00 
5.30999E+01 1.74499E+00  2.79316E-04  1.80507E+00 
5.31999E+01 1.73999E+00  2.73943E-04  1.80005E+00 
5.32999E+01 1.73499E+00  2.68587E-04  1.79504E+00 
5.33999E+01 1.72999E+00  2.63330E-04  1.79009E+00 
5.34999E+01 1.72499E+00  2.58117E-04  1.78508E+00 
5.35999E+01 1.71999E+00  2.53010E-04  1.78007E+00 
5.36999E+01 1.71499E+00  2.47959E-04  1.77506E+00 
5.37999E+01 1.70999E+00  2.42979E-04  1.77008E+00 
5.38999E+01 1.70499E+00  2.38026E-04  1.76508E+00 
5.39999E+01 1.69999E+00  2.33176E-04  1.76009E+00 
5.40999E+01 1.69499E+00  2.28396E-04  1.75506E+00 
5.41999E+01 1.68999E+00  2.23694E-04  1.75002E+00 
5.42999E+01 1.68499E+00  2.19047E-04  1.74505E+00 
5.43999E+01 1.67999E+00  2.14474E-04  1.74001E+00 
5.44999E+01 1.67499E+00  2.09934E-04  1.73500E+00 
5.45999E+01 1.66999E+00  2.05560E-04  1.73001E+00 
5.46999E+01 1.66499E+00  2.01116E-04  1.72500E+00 
5.47999E+01 1.65999E+00  1.96811E-04  1.71998E+00 
5.48999E+01 1.65499E+00  1.92530E-04  1.71499E+00 
5.49999E+01 1.64999E+00  1.88321E-04  1.71001E+00 
5.50999E+01 1.64499E+00  1.84185E-04  1.70499E+00 
5.51999E+01 1.63999E+00  1.80108E-04  1.69996E+00 
5.52999E+01 1.63499E+00  1.76075E-04  1.69500E+00 
5.53999E+01 1.62999E+00  1.72134E-04  1.69001E+00 
5.54999E+01 1.62499E+00  1.68226E-04  1.68500E+00 
5.55999E+01 1.61999E+00  1.64393E-04  1.67998E+00 
5.56999E+01 1.61499E+00  1.60601E-04  1.67499E+00 
5.57999E+01 1.60999E+00  1.56888E-04  1.66999E+00 
5.58999E+01 1.60499E+00  1.53187E-04  1.66500E+00 
5.59999E+01 1.59999E+00  1.49535E-04  1.65995E+00 
5.60999E+01 1.59499E+00  1.45967E-04  1.65497E+00 
5.61999E+01 1.58999E+00  1.42465E-04  1.64997E+00 
5.62999E+01 1.58499E+00  1.39003E-04  1.64496E+00 
5.63999E+01 1.57999E+00  1.35605E-04  1.63994E+00 
5.64999E+01 1.57499E+00  1.32252E-04  1.63496E+00 
5.65999E+01 1.56999E+00  1.28950E-04  1.62995E+00 
5.66999E+01 1.56499E+00  1.25716E-04  1.62497E+00 
5.67999E+01 1.55999E+00  1.22560E-04  1.61997E+00 
5.68999E+01 1.55499E+00  1.19395E-04  1.61497E+00 
5.69999E+01 1.54999E+00  1.16382E-04  1.60997E+00 
5.70999E+01 1.54499E+00  1.13260E-04  1.60495E+00 
5.71999E+01 1.53999E+00  1.10274E-04  1.59994E+00 
5.72999E+01 1.53499E+00  1.07330E-04  1.59494E+00 
5.73999E+01 1.52999E+00  1.04418E-04  1.58993E+00 
5.74999E+01 1.52499E+00  1.01586E-04  1.58494E+00 
5.75999E+01 1.51999E+00  9.87819E-05  1.57993E+00 
5.76999E+01 1.51499E+00  9.60187E-05  1.57492E+00 
5.77999E+01 1.50999E+00  9.33217E-05  1.56991E+00 
5.78999E+01 1.50499E+00  9.06569E-05  1.56490E+00 
5.79999E+01 1.49999E+00  8.80301E-05  1.55990E+00 
5.80999E+01 1.49499E+00  8.54988E-05  1.55492E+00 
5.81999E+01 1.48999E+00  8.29664E-05  1.54992E+00 
5.82999E+01 1.48499E+00  8.05028E-05  1.54488E+00 
5.83999E+01 1.47999E+00  7.80639E-05  1.53989E+00 
5.84999E+01 1.47499E+00  7.57057E-05  1.53490E+00 
5.85999E+01 1.46999E+00  7.33782E-05  1.52990E+00 
5.86999E+01 1.46499E+00  7.11115E-05  1.52488E+00 
5.87999E+01 1.45999E+00  6.89040E-05  1.51991E+00 
5.88999E+01 1.45499E+00  6.67079E-05  1.51489E+00 
5.89999E+01 1.44999E+00  6.45464E-05  1.50989E+00 
5.90999E+01 1.44499E+00  6.24506E-05  1.50489E+00 
5.91999E+01 1.43999E+00  6.04067E-05  1.49989E+00 
5.92999E+01 1.43499E+00  5.85282E-05  1.49490E+00 
5.93999E+01 1.42999E+00  5.64519E-05  1.48988E+00 
5.94999E+01 1.42499E+00  5.45414E-05  1.48488E+00 
5.95999E+01 1.41999E+00  5.26722E-05  1.47987E+00 
5.96999E+01 1.41499E+00  5.08580E-05  1.47489E+00 
5.97999E+01 1.40999E+00  4.90905E-05  1.46987E+00 
5.98999E+01 1.40499E+00  4.73612E-05  1.46488E+00 
5.99998E+01 1.39999E+00  4.56873E-05  1.45988E+00 
6.00998E+01 1.39499E+00  4.40632E-05  1.45487E+00 
6.01998E+01 1.38999E+00  4.24799E-05  1.44987E+00 
6.02998E+01 1.38499E+00  4.09535E-05  1.44487E+00 
6.03998E+01 1.37999E+00  3.94558E-05  1.43983E+00 
6.04998E+01 1.37499E+00  3.80054E-05  1.43484E+00 
6.05998E+01 1.36999E+00  3.66351E-05  1.42983E+00 
6.06998E+01 1.36499E+00  3.48297E-05  1.42482E+00 
6.07998E+01 1.35999E+00  3.35253E-05  1.41982E+00 
6.08998E+01 1.35499E+00  3.22459E-05  1.41479E+00 
6.09998E+01 1.34999E+00  3.10239E-05  1.40979E+00 
6.10998E+01 1.34499E+00  2.98563E-05  1.40482E+00 
6.11998E+01 1.33999E+00  2.87079E-05  1.39980E+00 
6.12998E+01 1.33499E+00  2.77363E-05  1.39481E+00 
6.13998E+01 1.32999E+00  2.65648E-05  1.38979E+00 
6.14998E+01 1.32499E+00  2.55419E-05  1.38478E+00 
6.15998E+01 1.31999E+00  2.45680E-05  1.37979E+00 
6.16998E+01 1.31499E+00  2.36443E-05  1.37479E+00 
6.17998E+01 1.30999E+00  2.27585E-05  1.36979E+00 
6.18998E+01 1.30499E+00  2.18838E-05  1.36479E+00 
6.19998E+01 1.29999E+00  2.10537E-05  1.35978E+00 
6.20998E+01 1.29499E+00  2.02664E-05  1.35479E+00 
6.21998E+01 1.28999E+00  1.95129E-05  1.34976E+00 
6.22998E+01 1.28499E+00  1.87939E-05  1.34479E+00 
6.23998E+01 1.27999E+00  1.81552E-05  1.33978E+00 
6.24998E+01 1.27499E+00  1.74614E-05  1.33478E+00 
6.25998E+01 1.26999E+00  1.68323E-05  1.32977E+00 
6.26998E+01 1.26499E+00  1.62388E-05  1.32477E+00 
6.27998E+01 1.25999E+00  1.56768E-05  1.31976E+00 
6.28998E+01 1.25499E+00  1.51453E-05  1.31480E+00 
6.29998E+01 1.24999E+00  1.46417E-05  1.30977E+00 
6.30998E+01 1.24499E+00  1.41431E-05  1.30475E+00 
6.31998E+01 1.23999E+00  1.36838E-05  1.29977E+00 
6.32998E+01 1.23499E+00  1.32550E-05  1.29478E+00 
6.33998E+01 1.22999E+00  1.28676E-05  1.28977E+00 
6.34998E+01 1.22499E+00  1.24763E-05  1.28475E+00 
6.35998E+01 1.21999E+00  1.20750E-05  1.27975E+00 
6.36998E+01 1.21499E+00  1.17142E-05  1.27476E+00 
6.37998E+01 1.20999E+00  1.13828E-05  1.26974E+00 
6.38998E+01 1.20499E+00  1.10838E-05  1.26473E+00 
6.39998E+01 1.19999E+00  1.07753E-05  1.25972E+00 
6.40998E+01 1.19500E+00  1.05203E-05  1.25474E+00 
6.41998E+01 1.19000E+00  1.02248E-05  1.24971E+00 
6.42998E+01 1.18500E+00  9.95978E-06  1.24472E+00 
6.43998E+01 1.18000E+00  9.71409E-06  1.23972E+00 
6.44998E+01 1.17500E+00  9.47874E-06  1.23472E+00 
6.45998E+01 1.17000E+00  9.25830E-06  1.22974E+00 
6.46998E+01 1.16500E+00  9.06049E-06  1.22474E+00 
6.47998E+01 1.16000E+00  8.87009E-06  1.21970E+00 
6.48998E+01 1.15500E+00  8.66729E-06  1.21472E+00 
6.49998E+01 1.15000E+00  8.49001E-06  1.20974E+00 
6.50998E+01 1.14500E+00  8.32375E-06  1.20473E+00 
6.51998E+01 1.14000E+00  8.15414E-06  1.19971E+00 
6.52998E+01 1.13500E+00  7.99373E-06  1.19471E+00 
6.53998E+01 1.13000E+00  7.84456E-06  1.18973E+00 
6.54998E+01 1.12500E+00  7.71272E-06  1.18473E+00 
6.55998E+01 1.12000E+00  7.57106E-06  1.17971E+00 
6.56998E+01 1.11500E+00  7.42587E-06  1.17471E+00 
6.57998E+01 1.11000E+00  7.29755E-06  1.16972E+00 
6.58998E+01 1.10500E+00  7.17598E-06  1.16469E+00 
6.59998E+01 1.10000E+00  7.05818E-06  1.15968E+00 
6.60998E+01 1.09500E+00  6.94496E-06  1.15469E+00 
6.61998E+01 1.09000E+00  6.83733E-06  1.14971E+00 
6.62998E+01 1.08500E+00  6.73251E-06  1.14471E+00 
6.63998E+01 1.08000E+00  6.62978E-06  1.13969E+00 
6.64998E+01 1.07500E+00  6.53308E-06  1.13470E+00 
6.65998E+01 1.07000E+00  6.43801E-06  1.12969E+00 
6.66998E+01 1.06500E+00  6.34373E-06  1.12470E+00 
6.67998E+01 1.06000E+00  6.25457E-06  1.11967E+00 
6.68998E+01 1.05500E+00  6.16745E-06  1.11466E+00 
6.69998E+01 1.05000E+00  6.08197E-06  1.10964E+00 
6.70998E+01 1.04500E+00  5.99854E-06  1.10464E+00 
6.71998E+01 1.04000E+00  5.91883E-06  1.09963E+00 
6.72998E+01 1.03500E+00  5.83815E-06  1.09463E+00 
6.73998E+01 1.03000E+00  5.77599E-06  1.08964E+00 
6.74998E+01 1.02500E+00  5.68794E-06  1.08463E+00 
6.75998E+01 1.02000E+00  5.60423E-06  1.07961E+00 
6.76998E+01 1.01500E+00  5.53032E-06  1.07464E+00 
6.77998E+01 1.01000E+00  5.45537E-06  1.06964E+00 
6.78998E+01 1.00500E+00  5.38466E-06  1.06462E+00 
6.79998E+01 9.99995E-01  5.31485E-06  1.05963E+00 
6.80998E+01 9.94996E-01  5.24697E-06  1.05463E+00 
6.81998E+01 9.89996E-01  5.17744E-06  1.04963E+00 
6.82998E+01 9.84996E-01  5.11053E-06  1.04459E+00 
6.83998E+01 9.79996E-01  5.04292E-06  1.03960E+00 
6.84998E+01 9.74996E-01  4.97506E-06  1.03460E+00 
6.85998E+01 9.69996E-01  4.91275E-06  1.02961E+00 
6.86998E+01 9.64996E-01  4.84677E-06  1.02460E+00 
6.87998E+01 9.59996E-01  4.78216E-06  1.01960E+00 
6.88998E+01 9.54996E-01  4.71862E-06  1.01460E+00 
6.89998E+01 9.49996E-01  4.65779E-06  1.00960E+00 
6.90998E+01 9.44996E-01  4.59465E-06  1.00460E+00 
6.91998E+01 9.39996E-01  4.53344E-06  9.99570E-01 
6.92998E+01 9.34996E-01  4.47121E-06  9.94578E-01 
6.93998E+01 9.29996E-01  4.40950E-06  9.89596E-01 
6.94998E+01 9.24996E-01  4.34871E-06  9.84583E-01 
6.95998E+01 9.19996E-01  4.28920E-06  9.79580E-01 
6.96998E+01 9.14996E-01  4.22917E-06  9.74585E-01 
6.97998E+01 9.09996E-01  4.16861E-06  9.69581E-01 
6.98998E+01 9.04996E-01  4.11097E-06  9.64560E-01 
6.99998E+01 8.99996E-01  4.05103E-06  9.59558E-01 
7.00998E+01 8.94996E-01  3.99237E-06  9.54569E-01 
7.01998E+01 8.89996E-01  3.89311E-06  9.49564E-01 
7.02998E+01 8.84996E-01  3.83345E-06  9.44574E-01 
7.03998E+01 8.79996E-01  3.77555E-06  9.39544E-01 
7.04998E+01 8.74996E-01  3.71703E-06  9.34549E-01 
7.05998E+01 8.69996E-01  3.65936E-06  9.29540E-01 
7.06998E+01 8.64996E-01  3.59820E-06  9.24559E-01 
7.07998E+01 8.59996E-01  3.53802E-06  9.19554E-01 
7.08998E+01 8.54996E-01  3.48141E-06  9.14544E-01 
7.09998E+01 8.49996E-01  3.42043E-06  9.09535E-01 
7.10998E+01 8.44996E-01  3.36211E-06  9.04540E-01 
7.11998E+01 8.39996E-01  3.30314E-06  8.99545E-01 
7.12998E+01 8.34996E-01  3.24443E-06  8.94516E-01 
7.13998E+01 8.29996E-01  3.18924E-06  8.89539E-01 
7.14998E+01 8.24996E-01  3.13366E-06  8.84524E-01 
7.15998E+01 8.19996E-01  3.07461E-06  8.79526E-01 
7.16998E+01 8.14996E-01  3.01459E-06  8.74537E-01 
7.17998E+01 8.09996E-01  2.95312E-06  8.69504E-01 
7.18998E+01 8.04996E-01  2.89853E-06  8.64516E-01 
7.19998E+01 7.99996E-01  2.83345E-06  8.59521E-01 
7.20998E+01 7.94996E-01  2.77339E-06  8.54504E-01 
7.21998E+01 7.89996E-01  2.71332E-06  8.49501E-01 
7.22998E+01 7.84996E-01  2.65312E-06  8.44510E-01 
7.23998E+01 7.79996E-01  2.58732E-06  8.39514E-01 
7.24998E+01 7.74996E-01  2.52355E-06  8.34518E-01 
7.25998E+01 7.69996E-01  2.45836E-06  8.29490E-01 
7.26998E+01 7.64996E-01  2.39286E-06  8.24498E-01 
7.27998E+01 7.59996E-01  2.32994E-06  8.19499E-01 
7.28998E+01 7.54996E-01  2.26889E-06  8.14487E-01 
7.29998E+01 7.49996E-01  2.20683E-06  8.09505E-01 
7.30998E+01 7.44996E-01  2.14313E-06  8.04467E-01 
7.31998E+01 7.39996E-01  2.07863E-06  7.99476E-01 
7.32998E+01 7.34996E-01  2.00880E-06  7.94469E-01 
7.33998E+01 7.29996E-01  1.94237E-06  7.89477E-01 
7.34998E+01 7.24996E-01  1.87289E-06  7.84467E-01 
7.35998E+01 7.19996E-01  1.80461E-06  7.79441E-01 
7.36998E+01 7.14996E-01  1.73700E-06  7.74424E-01 
7.37998E+01 7.09996E-01  1.66415E-06  7.69425E-01 
7.38998E+01 7.04996E-01  1.58626E-06  7.64454E-01 
7.39998E+01 6.99996E-01  1.50973E-06  7.59448E-01 
7.40998E+01 6.94996E-01  1.42878E-06  7.54429E-01 
7.41998E+01 6.89996E-01  1.34694E-06  7.49426E-01 
7.42998E+01 6.84996E-01  1.26534E-06  7.44429E-01 
7.43998E+01 6.79996E-01  1.18563E-06  7.39437E-01 
7.44998E+01 6.74996E-01  1.10231E-06  7.34436E-01 
7.45998E+01 6.69996E-01  1.01837E-06  7.29412E-01 
7.46998E+01 6.64996E-01  9.33782E-07  7.24420E-01 
7.47998E+01 6.59996E-01  8.48461E-07  7.19435E-01 
7.48998E+01 6.54996E-01  7.62338E-07  7.14413E-01 
7.49998E+01 6.49996E-01  6.76680E-07  7.09396E-01 
7.50998E+01 6.44996E-01  5.87524E-07  7.04397E-01 
7.51998E+01 6.39996E-01  4.98793E-07  6.99406E-01 
7.52998E+01 6.34996E-01  4.10637E-07  6.94408E-01 
7.53998E+01 6.29996E-01  3.19928E-07  6.89396E-01 
7.54998E+01 6.24996E-01  2.28621E-07  6.84395E-01 
7.55998E+01 6.19996E-01  1.36115E-07  6.79409E-01 
7.56998E+01 6.14996E-01  4.63870E-08  6.74418E-01 
7.57998E+01 6.09996E-01  -4.57091E-08 6.69384E-01 
7.58998E+01 6.04996E-01  -1.40411E-07 6.64416E-01 
7.59998E+01 5.99996E-01  -2.35910E-07 6.59428E-01 
7.60998E+01 5.94997E-01  -3.31276E-07 6.54402E-01 
7.61998E+01 5.89997E-01  -4.29208E-07 6.49382E-01 
7.62998E+01 5.84997E-01  -5.26863E-07 6.44405E-01 
7.63998E+01 5.79997E-01  -6.25197E-07 6.39407E-01 
7.64998E+01 5.74997E-01  -7.27899E-07 6.34367E-01 
7.65998E+01 5.69997E-01  -8.28979E-07 6.29378E-01 
7.66998E+01 5.64997E-01  -9.36357E-07 6.24359E-01 
7.67998E+01 5.59997E-01  -1.03956E-06 6.19344E-01 
7.68998E+01 5.54997E-01  -1.14745E-06 6.14369E-01 
7.69998E+01 5.49997E-01  -1.25447E-06 6.09350E-01 
7.70998E+01 5.44997E-01  -1.36676E-06 6.04348E-01 
7.71998E+01 5.39997E-01  -1.47929E-06 5.99346E-01 
7.72998E+01 5.34997E-01  -1.59308E-06 5.94371E-01 
7.73998E+01 5.29997E-01  -1.70848E-06 5.89378E-01 
7.74998E+01 5.24997E-01  -1.82564E-06 5.84314E-01 
7.75998E+01 5.19997E-01  -1.95108E-06 5.79333E-01 
7.76998E+01 5.14997E-01  -2.07518E-06 5.74351E-01 
7.77998E+01 5.09997E-01  -2.20368E-06 5.69344E-01 
7.78998E+01 5.04997E-01  -2.33346E-06 5.64355E-01 
7.79998E+01 4.99997E-01  -2.47117E-06 5.59360E-01 
7.80998E+01 4.94997E-01  -2.60855E-06 5.54355E-01 
7.81998E+01 4.89997E-01  -2.75366E-06 5.49366E-01 
7.82998E+01 4.84997E-01  -2.90158E-06 5.44323E-01 
7.83998E+01 4.79997E-01  -3.05602E-06 5.39331E-01 
7.84998E+01 4.74997E-01  -3.21538E-06 5.34317E-01 
7.85998E+01 4.69997E-01  -3.37949E-06 5.29314E-01 
7.86998E+01 4.64997E-01  -3.55242E-06 5.24298E-01 
7.87998E+01 4.59997E-01  -3.73188E-06 5.19293E-01 
7.88998E+01 4.54997E-01  -3.91655E-06 5.14298E-01 
7.89998E+01 4.49997E-01  -4.11334E-06 5.09296E-01 
7.90998E+01 4.44997E-01  -4.31303E-06 5.04292E-01 
7.91998E+01 4.39997E-01  -4.52547E-06 4.99274E-01 
7.92998E+01 4.34997E-01  -4.74443E-06 4.94285E-01 
7.93998E+01 4.29997E-01  -4.97119E-06 4.89286E-01 
7.94998E+01 4.24997E-01  -5.21107E-06 4.84261E-01 
7.95998E+01 4.19997E-01  -5.45941E-06 4.79272E-01 
7.96998E+01 4.14997E-01  -5.71561E-06 4.74262E-01 
7.97998E+01 4.09997E-01  -5.98290E-06 4.69261E-01 
7.98998E+01 4.04997E-01  -6.26245E-06 4.64254E-01 
7.99998E+01 3.99997E-01  -6.55622E-06 4.59265E-01 
8.00998E+01 3.94997E-01  -6.85877E-06 4.54237E-01 
8.01998E+01 3.89997E-01  -7.17250E-06 4.49241E-01 
8.02998E+01 3.84997E-01  -7.50012E-06 4.44224E-01 
8.03998E+01 3.79997E-01  -7.83952E-06 4.39238E-01 
8.04998E+01 3.74997E-01  -8.19420E-06 4.34234E-01 
8.05998E+01 3.69997E-01  -8.55921E-06 4.29225E-01 
8.06998E+01 3.64997E-01  -8.94096E-06 4.24229E-01 
8.07998E+01 3.59997E-01  -9.33498E-06 4.19230E-01 
8.08998E+01 3.54997E-01  -9.74731E-06 4.14225E-01 
8.09998E+01 3.49997E-01  -1.01725E-05 4.09212E-01 
8.10998E+01 3.44997E-01  -1.06143E-05 4.04217E-01 
8.11998E+01 3.39997E-01  -1.10690E-05 3.99221E-01 
8.12998E+01 3.34997E-01  -1.15438E-05 3.94217E-01 
8.13998E+01 3.29997E-01  -1.20315E-05 3.89197E-01 
8.14998E+01 3.24997E-01  -1.25360E-05 3.84227E-01 
8.15998E+01 3.19997E-01  -1.30566E-05 3.79218E-01 
8.16998E+01 3.14997E-01  -1.35962E-05 3.74233E-01 
8.17998E+01 3.09997E-01  -1.41515E-05 3.69204E-01 
8.18998E+01 3.04997E-01  -1.47248E-05 3.64195E-01 
8.19998E+01 2.99997E-01  -1.53101E-05 3.59215E-01 
8.20998E+01 2.94997E-01  -1.59138E-05 3.54221E-01 
8.21998E+01 2.89997E-01  -1.65313E-05 3.49199E-01 
8.22998E+01 2.84997E-01  -1.71694E-05 3.44184E-01 
8.23998E+01 2.79997E-01  -1.78167E-05 3.39204E-01 
8.24998E+01 2.74997E-01  -1.84842E-05 3.34214E-01 
8.25998E+01 2.69997E-01  -1.91602E-05 3.29196E-01 
8.26998E+01 2.64997E-01  -1.98511E-05 3.24172E-01 
8.27998E+01 2.59997E-01  -2.05515E-05 3.19198E-01 
8.28998E+01 2.54997E-01  -2.12667E-05 3.14169E-01 
8.29998E+01 2.49997E-01  -2.19551E-05 3.09171E-01 
8.30998E+01 2.44997E-01  -2.26887E-05 3.04173E-01 
8.31998E+01 2.39997E-01  -2.34290E-05 2.99158E-01 
8.32998E+01 2.34997E-01  -2.41784E-05 2.94150E-01 
8.33998E+01 2.29997E-01  -2.49296E-05 2.89167E-01 
8.34998E+01 2.24997E-01  -2.56820E-05 2.84166E-01 
8.35998E+01 2.19997E-01  -2.64390E-05 2.79158E-01 
8.36998E+01 2.14997E-01  -2.71943E-05 2.74149E-01 
8.37998E+01 2.09997E-01  -2.79506E-05 2.69140E-01 
8.38998E+01 2.04997E-01  -2.87009E-05 2.64141E-01 
8.39998E+01 1.99997E-01  -2.94444E-05 2.59137E-01 
8.40998E+01 1.94998E-01  -3.01756E-05 2.54108E-01 
8.41998E+01 1.89998E-01  -3.09034E-05 2.49124E-01 
8.42998E+01 1.84998E-01  -3.16069E-05 2.44130E-01 
8.43998E+01 1.79998E-01  -3.22959E-05 2.39112E-01 
8.44998E+01 1.74998E-01  -3.29671E-05 2.34112E-01 
8.45998E+01 1.69998E-01  -3.36172E-05 2.29102E-01 
8.46998E+01 1.64998E-01  -3.42353E-05 2.24135E-01 
8.47998E+01 1.59998E-01  -3.48364E-05 2.19117E-01 
8.48998E+01 1.54998E-01  -3.54104E-05 2.14121E-01 
8.49998E+01 1.49998E-01  -3.59621E-05 2.09105E-01 
8.50998E+01 1.44998E-01  -3.64913E-05 2.04100E-01 
8.51998E+01 1.39998E-01  -3.69965E-05 1.99103E-01 
8.52998E+01 1.34998E-01  -3.74865E-05 1.94097E-01 
8.53998E+01 1.29998E-01  -3.79541E-05 1.89090E-01 
8.54998E+01 1.24998E-01  -3.84127E-05 1.84103E-01 
8.55998E+01 1.19998E-01  -3.88609E-05 1.79115E-01 
8.56998E+01 1.14998E-01  -3.92994E-05 1.74107E-01 
8.57998E+01 1.09998E-01  -3.97354E-05 1.69087E-01 
8.58998E+01 1.04998E-01  -4.01650E-05 1.64095E-01 
8.59998E+01 9.99977E-02  -4.05909E-05 1.59123E-01 
8.60998E+01 9.49978E-02  -4.10152E-05 1.54075E-01 
8.61998E+01 8.99978E-02  -4.14406E-05 1.49084E-01 
8.62998E+01 8.49978E-02  -4.18605E-05 1.44069E-01 
8.63998E+01 7.99978E-02  -4.22777E-05 1.39066E-01 
8.64998E+01 7.49978E-02  -4.26914E-05 1.34045E-01 
8.65998E+01 6.99978E-02  -4.30967E-05 1.29050E-01 
8.66998E+01 6.49978E-02  -4.34875E-05 1.24089E-01 
8.67998E+01 5.99978E-02  -4.38672E-05 1.19067E-01 
8.68998E+01 5.49979E-02  -4.42306E-05 1.14060E-01 
8.69998E+01 4.99979E-02  -4.45781E-05 1.09048E-01 
8.70998E+01 4.49979E-02  -4.49086E-05 1.04083E-01 
8.71998E+01 3.99979E-02  -4.52157E-05 9.90816E-02 
8.72998E+01 3.49979E-02  -4.55056E-05 9.40476E-02 
8.73998E+01 2.99979E-02  -4.57744E-05 8.90398E-02 
8.74998E+01 2.49979E-02  -4.60213E-05 8.40620E-02 
8.75998E+01 1.99979E-02  -4.62497E-05 7.90617E-02 
8.76998E+01 1.49980E-02  -4.64573E-05 7.40514E-02 
8.77998E+01 9.99797E-03  -4.66501E-05 6.90462E-02 
8.78998E+01 4.99799E-03  -4.68240E-05 6.40527E-02 
8.79998E+01 -2.00000E-06 -4.69887E-05 5.90387E-02 
8.80998E+01 -5.00199E-03 -4.71395E-05 5.40540E-02 
8.81998E+01 -1.00020E-02 -4.72803E-05 4.90343E-02 
8.82998E+01 -1.50020E-02 -4.74108E-05 4.40297E-02 
8.83998E+01 -2.00020E-02 -4.75412E-05 3.90512E-02 
8.84998E+01 -2.50019E-02 -4.76631E-05 3.40210E-02 
8.85998E+01 -3.00019E-02 -4.77854E-05 2.90051E-02 
8.86998E+01 -3.50019E-02 -4.79031E-05 2.40204E-02 
8.87998E+01 -4.00019E-02 -4.80263E-05 1.90294E-02 
8.88998E+01 -4.50019E-02 -4.81426E-05 1.40042E-02 
8.89998E+01 -5.00019E-02 -4.82546E-05 8.99951E-03 
8.90998E+01 -5.50019E-02 -4.83722E-05 4.01670E-03 
8.91998E+01 -6.00019E-02 -4.84914E-05 -9.59882E-04
8.92998E+01 -6.50018E-02 -4.86123E-05 -5.97640E-03
8.93998E+01 -7.00018E-02 -4.87314E-05 -1.10054E-02
8.94998E+01 -7.50018E-02 -4.88659E-05 -1.60107E-02
8.95998E+01 -8.00018E-02 -4.89968E-05 -2.10123E-02
8.96998E+01 -8.50018E-02 -4.91319E-05 -2.60163E-02
8.97998E+01 -9.00018E-02 -4.92702E-05 -3.10079E-02
8.98998E+01 -9.50018E-02 -4.94167E-05 -3.60294E-02
8.99998E+01 -1.00002E-01 -4.95692E-05 -4.10278E-02
9.00998E+01 -1.05002E-01 -4.97398E-05 -4.60125E-02
9.01998E+01 -1.10002E-01 -4.99129E-05 -5.10221E-02
9.02998E+01 -1.15002E-01 -5.00614E-05 -5.60255E-02
9.03998E+01 -1.20002E-01 -5.02130E-05 -6.10515E-02
9.04998E+01 -1.25002E-01 -5.04040E-05 -6.60180E-02
9.05998E+01 -1.30002E-01 -5.05874E-05 -7.10127E-02
9.06998E+01 -1.35002E-01 -5.07454E-05 -7.60368E-02
9.07998E+01 -1.40002E-01 -5.09484E-05 -8.10676E-02
9.08998E+01 -1.45002E-01 -5.11569E-05 -8.60323E-02
9.09998E+01 -1.50002E-01 -5.13676E-05 -9.10520E-02
9.10998E+01 -1.55002E-01 -5.15767E-05 -9.60598E-02
9.11998E+01 -1.60002E-01 -5.18243E-05 -1.01068E-01
9.12998E+01 -1.65002E-01 -5.20866E-05 -1.06052E-01
9.13998E+01 -1.70002E-01 -5.24189E-05 -1.11071E-01
9.14998E+01 -1.75002E-01 -5.26916E-05 -1.16056E-01
9.15998E+01 -1.80002E-01 -5.29756E-05 -1.21065E-01
9.16998E+01 -1.85002E-01 -5.32722E-05 -1.26054E-01
9.17998E+01 -1.90002E-01 -5.37101E-05 -1.31048E-01
9.18998E+01 -1.95002E-01 -5.41743E-05 -1.36054E-01
9.19998E+01 -2.00002E-01 -5.47266E-05 -1.41066E-01
9.20998E+01 -2.05001E-01 -5.53391E-05 -1.46080E-01
9.21998E+01 -2.10001E-01 -5.60027E-05 -1.51053E-01
9.22998E+01 -2.15001E-01 -5.66976E-05 -1.56053E-01
9.23998E+01 -2.20001E-01 -5.74390E-05 -1.61065E-01
9.24998E+01 -2.25001E-01 -5.82158E-05 -1.66078E-01
9.25998E+01 -2.30001E-01 -5.90171E-05 -1.71077E-01
9.26998E+01 -2.35001E-01 -5.98037E-05 -1.76087E-01
9.27998E+01 -2.40001E-01 -6.05966E-05 -1.81100E-01
9.28998E+01 -2.45001E-01 -6.14044E-05 -1.86109E-01
9.29998E+01 -2.50001E-01 -6.22133E-05 -1.91097E-01
9.30998E+01 -2.55001E-01 -6.30358E-05 -1.96104E-01
9.31998E+01 -2.60001E-01 -6.38519E-05 -2.01111E-01
9.32998E+01 -2.65001E-01 -6.46713E-05 -2.06121E-01
9.33998E+01 -2.70001E-01 -6.55283E-05 -2.11111E-01
9.34998E+01 -2.75001E-01 -6.63702E-05 -2.16114E-01
9.35998E+01 -2.80001E-01 -6.72429E-05 -2.21110E-01
9.36998E+01 -2.85001E-01 -6.81137E-05 -2.26111E-01
9.37998E+01 -2.90001E-01 -6.89917E-05 -2.31090E-01
9.38998E+01 -2.95001E-01 -6.98709E-05 -2.36106E-01
9.39998E+01 -3.00001E-01 -7.07438E-05 -2.41139E-01
9.40998E+01 -3.05001E-01 -7.15836E-05 -2.46139E-01
9.41998E+01 -3.10001E-01 -7.24389E-05 -2.51123E-01
9.42998E+01 -3.15001E-01 -7.32863E-05 -2.56127E-01
9.43998E+01 -3.20001E-01 -7.41102E-05 -2.61136E-01
9.44998E+01 -3.25001E-01 -7.49252E-05 -2.66132E-01
9.45998E+01 -3.30001E-01 -7.57258E-05 -2.71134E-01
9.46998E+01 -3.35001E-01 -7.64891E-05 -2.76128E-01
9.47998E+01 -3.40001E-01 -7.72383E-05 -2.81159E-01
9.48998E+01 -3.45001E-01 -7.79549E-05 -2.86135E-01
9.49998E+01 -3.50001E-01 -7.86464E-05 -2.91132E-01
9.50998E+01 -3.55001E-01 -7.93143E-05 -2.96128E-01
9.51998E+01 -3.60001E-01 -7.99562E-05 -3.01149E-01
9.52998E+01 -3.65001E-01 -8.05780E-05 -3.06163E-01
9.53998E+01 -3.70001E-01 -8.11712E-05 -3.11164E-01
9.54998E+01 -3.75001E-01 -8.17472E-05 -3.16165E-01
9.55998E+01 -3.80001E-01 -8.23079E-05 -3.21183E-01
9.56998E+01 -3.85001E-01 -8.28544E-05 -3.26207E-01
9.57998E+01 -3.90001E-01 -8.33676E-05 -3.31185E-01
9.58998E+01 -3.95001E-01 -8.38442E-05 -3.36166E-01
9.59998E+01 -4.00001E-01 -8.43092E-05 -3.41170E-01
9.60998E+01 -4.05001E-01 -8.47556E-05 -3.46181E-01
9.61998E+01 -4.10001E-01 -8.51757E-05 -3.51195E-01
9.62998E+01 -4.15001E-01 -8.55886E-05 -3.56200E-01
9.63998E+01 -4.20001E-01 -8.59705E-05 -3.61197E-01
9.64998E+01 -4.25001E-01 -8.63503E-05 -3.66196E-01
9.65998E+01 -4.30001E-01 -8.66936E-05 -3.71198E-01
9.66998E+01 -4.35001E-01 -8.70584E-05 -3.76206E-01
9.67998E+01 -4.40001E-01 -8.74026E-05 -3.81210E-01
9.68998E+01 -4.45001E-01 -8.77290E-05 -3.86197E-01
9.69998E+01 -4.50001E-01 -8.80414E-05 -3.91202E-01
9.70998E+01 -4.55001E-01 -8.83725E-05 -3.96209E-01
9.71998E+01 -4.60001E-01 -8.86669E-05 -4.01202E-01
9.72998E+01 -4.65001E-01 -8.89660E-05 -4.06207E-01
9.73998E+01 -4.70001E-01 -8.92629E-05 -4.11219E-01
9.74998E+01 -4.75001E-01 -8.95139E-05 -4.16252E-01
9.75998E+01 -4.80001E-01 -8.97746E-05 -4.21234E-01
9.76998E+01 -4.85001E-01 -9.00151E-05 -4.26209E-01
9.77998E+01 -4.90001E-01 -9.02748E-05 -4.31226E-01
9.78998E+01 -4.95001E-01 -9.05413E-05 -4.36249E-01
9.79998E+01 -5.00001E-01 -9.08060E-05 -4.41244E-01
9.80998E+01 -5.05001E-01 -9.10729E-05 -4.46220E-01
9.81998E+01 -5.10001E-01 -9.13286E-05 -4.51235E-01
9.82998E+01 -5.15001E-01 -9.15836E-05 -4.56243E-01
9.83998E+01 -5.20001E-01 -9.18419E-05 -4.61232E-01
9.84998E+01 -5.25001E-01 -9.20872E-05 -4.66231E-01
9.85998E+01 -5.30001E-01 -9.23220E-05 -4.71213E-01
9.86998E+01 -5.35001E-01 -9.26166E-05 -4.76255E-01
9.87998E+01 -5.40001E-01 -9.29078E-05 -4.81244E-01
9.88998E+01 -5.45001E-01 -9.32399E-05 -4.86267E-01
9.89998E+01 -5.50001E-01 -9.34959E-05 -4.91250E-01
9.90998E+01 -5.55001E-01 -9.37463E-05 -4.96288E-01
9.91998E+01 -5.60001E-01 -9.40395E-05 -5.01275E-01
9.92998E+01 -5.65001E-01 -9.42993E-05 -5.06276E-01
9.93998E+01 -5.70001E-01 -9.45577E-05 -5.11287E-01
9.94998E+01 -5.75001E-01 -9.48171E-05 -5.16291E-01
9.95998E+01 -5.80001E-01 -9.50800E-05 -5.21296E-01
9.96998E+01 -5.85001E-01 -9.53435E-05 -5.26300E-01
9.97998E+01 -5.90001E-01 -9.56340E-05 -5.31299E-01
9.98998E+01 -5.95001E-01 -9.59659E-05 -5.36312E-01
9.99997E+01 -6.00001E-01 -9.61866E-05 -5.41288E-01
1.00100E+02 -6.05000E-01 -9.64375E-05 -5.46292E-01
1.00200E+02 -6.10000E-01 -9.67159E-05 -5.51303E-01
1.00300E+02 -6.15000E-01 -9.69959E-05 -5.56308E-01
1.00400E+02 -6.20000E-01 -9.72595E-05 -5.61305E-01
1.00500E+02 -6.25000E-01 -9.74784E-05 -5.66317E-01
1.00600E+02 -6.30000E-01 -9.77846E-05 -5.71306E-01
1.00700E+02 -6.35000E-01 -9.80886E-05 -5.76320E-01
1.00800E+02 -6.40000E-01 -9.83460E-05 -5.81299E-01
1.00900E+02 -6.45000E-01 -9.86278E-05 -5.86312E-01
1.01000E+02 -6.50000E-01 -9.89953E-05 -5.91332E-01
1.01100E+02 -6.55000E-01 -9.93394E-05 -5.96359E-01
1.01200E+02 -6.60000E-01 -9.96896E-05 -6.01338E-01
1.01300E+02 -6.65000E-01 -1.00056E-04 -6.06338E-01
1.01400E+02 -6.70000E-01 -1.00333E-04 -6.11349E-01
1.01500E+02 -6.75000E-01 -1.00676E-04 -6.16362E-01
1.01600E+02 -6.80000E-01 -1.01042E-04 -6.21339E-01
1.01700E+02 -6.85000E-01 -1.01420E-04 -6.26329E-01
1.01800E+02 -6.90000E-01 -1.01707E-04 -6.31346E-01
1.01900E+02 -6.95000E-01 -1.02023E-04 -6.36356E-01
1.02000E+02 -7.00000E-01 -1.02333E-04 -6.41349E-01
1.02100E+02 -7.05000E-01 -1.02600E-04 -6.46368E-01
1.02200E+02 -7.10000E-01 -1.02849E-04 -6.51364E-01
1.02300E+02 -7.15000E-01 -1.03129E-04 -6.56388E-01
1.02400E+02 -7.20000E-01 -1.03397E-04 -6.61374E-01
1.02500E+02 -7.25000E-01 -1.03740E-04 -6.66396E-01
1.02600E+02 -7.30000E-01 -1.04016E-04 -6.71384E-01
1.02700E+02 -7.35000E-01 -1.04304E-04 -6.76417E-01
1.02800E+02 -7.40000E-01 -1.04638E-04 -6.81389E-01
1.02900E+02 -7.45000E-01 -1.04978E-04 -6.86387E-01
1.03000E+02 -7.50000E-01 -1.05334E-04 -6.91381E-01
1.03100E+02 -7.55000E-01 -1.05689E-04 -6.96402E-01
1.03200E+02 -7.60000E-01 -1.05970E-04 -7.01401E-01
1.03300E+02 -7.65000E-01 -1.06385E-04 -7.06406E-01
1.03400E+02 -7.70000E-01 -1.06723E-04 -7.11393E-01
1.03500E+02 -7.75000E-01 -1.07225E-04 -7.16402E-01
1.03600E+02 -7.80000E-01 -1.07635E-04 -7.21423E-01
1.03700E+02 -7.85000E-01 -1.08080E-04 -7.26415E-01
1.03800E+02 -7.90000E-01 -1.08451E-04 -7.31403E-01
1.03900E+02 -7.95000E-01 -1.08880E-04 -7.36409E-01
