time/s      E/V        I/A
0.00000E+00 -8.00000E-01 -8.83048E-05 -7.23321E-01
9.99997E-02 -7.95000E-01 -5.79550E-05 -7.18326E-01
1.99999E-01 -7.90000E-01 -4.64026E-05 -7.13329E-01
2.99999E-01 -7.85000E-01 -3.91478E-05 -7.08329E-01
3.99999E-01 -7.80000E-01 -3.81904E-05 -7.03350E-01
4.99999E-01 -7.75000E-01 -3.44180E-05 -6.98325E-01
5.99998E-01 -7.70000E-01 -3.14749E-05 -6.93330E-01
6.99998E-01 -7.65000E-01 -2.90807E-05 -6.88301E-01
7.99998E-01 -7.60000E-01 -2.75102E-05 -6.83293E-01
8.99998E-01 -7.55000E-01 -2.58377E-05 -6.78316E-01
9.99997E-01 -7.50000E-01 -2.44024E-05 -6.73284E-01
1.10000E+00 -7.45000E-01 -2.31605E-05 -6.68285E-01
1.20000E+00 -7.40000E-01 -2.20468E-05 -6.63286E-01
1.30000E+00 -7.35000E-01 -2.10484E-05 -6.58302E-01
1.40000E+00 -7.30000E-01 -2.01484E-05 -6.53295E-01
1.50000E+00 -7.25000E-01 -1.93409E-05 -6.48272E-01
1.60000E+00 -7.20000E-01 -1.86022E-05 -6.43285E-01
1.70000E+00 -7.15000E-01 -1.78996E-05 -6.38267E-01
1.80000E+00 -7.10000E-01 -1.72686E-05 -6.33269E-01
1.90000E+00 -7.05000E-01 -1.66777E-05 -6.28256E-01
1.99999E+00 -7.00000E-01 -1.61284E-05 -6.23250E-01
2.09999E+00 -6.95000E-01 -1.56094E-05 -6.18266E-01
2.19999E+00 -6.90000E-01 -1.51272E-05 -6.13269E-01
2.29999E+00 -6.85000E-01 -1.46728E-05 -6.08246E-01
2.39999E+00 -6.80000E-01 -1.42562E-05 -6.03234E-01
2.49999E+00 -6.75000E-01 -1.38654E-05 -5.98259E-01
2.59999E+00 -6.70000E-01 -1.34964E-05 -5.93251E-01
2.69999E+00 -6.65000E-01 -1.31588E-05 -5.88235E-01
2.79999E+00 -6.60000E-01 -1.30965E-05 -5.83217E-01
2.89999E+00 -6.55000E-01 -1.31474E-05 -5.78218E-01
2.99999E+00 -6.50000E-01 -1.22744E-05 -5.73250E-01
3.09999E+00 -6.45000E-01 -1.16367E-05 -5.68222E-01
3.19999E+00 -6.40000E-01 -1.12752E-05 -5.63206E-01
3.29999E+00 -6.35000E-01 -1.10763E-05 -5.58208E-01
3.39999E+00 -6.30000E-01 -1.08484E-05 -5.53238E-01
3.49999E+00 -6.25000E-01 -1.06044E-05 -5.48226E-01
3.59999E+00 -6.20000E-01 -1.03500E-05 -5.43222E-01
3.69999E+00 -6.15000E-01 -1.01081E-05 -5.38228E-01
3.79999E+00 -6.10000E-01 -9.91133E-06 -5.33240E-01
3.89999E+00 -6.05000E-01 -9.72235E-06 -5.28221E-01
3.99999E+00 -6.00001E-01 -9.49596E-06 -5.23189E-01
4.09999E+00 -5.95001E-01 -9.27431E-06 -5.18217E-01
4.19999E+00 -5.90001E-01 -9.07716E-06 -5.13215E-01
4.29999E+00 -5.85001E-01 -8.88105E-06 -5.08219E-01
4.39999E+00 -5.80001E-01 -8.68733E-06 -5.03202E-01
4.49999E+00 -5.75001E-01 -8.49315E-06 -4.98202E-01
4.59999E+00 -5.70001E-01 -8.36570E-06 -4.93175E-01
4.69999E+00 -5.65001E-01 -8.17125E-06 -4.88198E-01
4.79999E+00 -5.60001E-01 -7.98582E-06 -4.83156E-01
4.89999E+00 -5.55001E-01 -7.80887E-06 -4.78189E-01
4.99999E+00 -5.50001E-01 -7.62973E-06 -4.73156E-01
5.09999E+00 -5.45001E-01 -7.45687E-06 -4.68160E-01
5.19999E+00 -5.40001E-01 -7.29109E-06 -4.63183E-01
5.29999E+00 -5.35001E-01 -7.13285E-06 -4.58165E-01
5.39999E+00 -5.30001E-01 -6.97382E-06 -4.53180E-01
5.49999E+00 -5.25001E-01 -6.81940E-06 -4.48157E-01
5.59999E+00 -5.20001E-01 -6.66709E-06 -4.43155E-01
5.69999E+00 -5.15001E-01 -6.51270E-06 -4.38171E-01
5.79999E+00 -5.10001E-01 -6.36272E-06 -4.33144E-01
5.89999E+00 -5.05001E-01 -6.22190E-06 -4.28142E-01
5.99998E+00 -5.00001E-01 -6.07556E-06 -4.23139E-01
6.09998E+00 -4.95001E-01 -5.93194E-06 -4.18168E-01
6.19998E+00 -4.90001E-01 -5.79488E-06 -4.13168E-01
6.29998E+00 -4.85001E-01 -5.65666E-06 -4.08138E-01
6.39998E+00 -4.80001E-01 -5.51949E-06 -4.03131E-01
6.49998E+00 -4.75001E-01 -5.39062E-06 -3.98145E-01
6.59998E+00 -4.70001E-01 -5.26128E-06 -3.93154E-01
6.69998E+00 -4.65001E-01 -5.13176E-06 -3.88120E-01
6.79998E+00 -4.60001E-01 -5.00384E-06 -3.83108E-01
6.89998E+00 -4.55001E-01 -4.87480E-06 -3.78135E-01
6.99998E+00 -4.50001E-01 -4.74343E-06 -3.73143E-01
7.09998E+00 -4.45001E-01 -4.62271E-06 -3.68122E-01
7.19998E+00 -4.40001E-01 -4.49859E-06 -3.63095E-01
7.29998E+00 -4.35001E-01 -4.37097E-06 -3.58137E-01
7.39998E+00 -4.30001E-01 -4.24703E-06 -3.53116E-01
7.49998E+00 -4.25001E-01 -4.12733E-06 -3.48116E-01
7.59998E+00 -4.20001E-01 -3.99759E-06 -3.43101E-01
7.69998E+00 -4.15001E-01 -3.86080E-06 -3.38109E-01
7.79998E+00 -4.10001E-01 -3.73540E-06 -3.33110E-01
7.89998E+00 -4.05001E-01 -3.65744E-06 -3.28101E-01
7.99998E+00 -4.00001E-01 -3.54669E-06 -3.23105E-01
8.09998E+00 -3.95001E-01 -3.43858E-06 -3.18086E-01
8.19998E+00 -3.90001E-01 -3.33773E-06 -3.13075E-01
8.29998E+00 -3.85001E-01 -3.24570E-06 -3.08090E-01
8.39998E+00 -3.80001E-01 -3.10480E-06 -3.03079E-01
8.49998E+00 -3.75001E-01 -2.95866E-06 -2.98054E-01
8.59998E+00 -3.70001E-01 -2.85201E-06 -2.93067E-01
8.69998E+00 -3.65001E-01 -2.72601E-06 -2.88053E-01
8.79998E+00 -3.60001E-01 -2.61316E-06 -2.83091E-01
8.89998E+00 -3.55001E-01 -2.49501E-06 -2.78075E-01
8.99998E+00 -3.50001E-01 -2.37482E-06 -2.73052E-01
9.09998E+00 -3.45001E-01 -2.25042E-06 -2.68051E-01
9.19998E+00 -3.40001E-01 -2.13160E-06 -2.63059E-01
9.29998E+00 -3.35001E-01 -2.00970E-06 -2.58055E-01
9.39998E+00 -3.30001E-01 -1.89117E-06 -2.53046E-01
9.49998E+00 -3.25001E-01 -1.77264E-06 -2.48050E-01
9.59998E+00 -3.20001E-01 -1.65859E-06 -2.43073E-01
9.69998E+00 -3.15001E-01 -1.54088E-06 -2.38070E-01
9.79998E+00 -3.10001E-01 -1.43300E-06 -2.33035E-01
9.89998E+00 -3.05001E-01 -1.32692E-06 -2.28027E-01
9.99997E+00 -3.00001E-01 -1.21988E-06 -2.23043E-01
1.01000E+01 -2.95001E-01 -1.11253E-06 -2.18019E-01
1.02000E+01 -2.90001E-01 -1.01043E-06 -2.13030E-01
1.03000E+01 -2.85001E-01 -9.11384E-07 -2.08016E-01
1.04000E+01 -2.80001E-01 -8.18314E-07 -2.03032E-01
1.05000E+01 -2.75001E-01 -7.26929E-07 -1.98044E-01
1.06000E+01 -2.70001E-01 -6.36575E-07 -1.93040E-01
1.07000E+01 -2.65001E-01 -5.48288E-07 -1.88031E-01
1.08000E+01 -2.60001E-01 -4.64471E-07 -1.83017E-01
1.09000E+01 -2.55001E-01 -3.83453E-07 -1.78026E-01
1.10000E+01 -2.50001E-01 -3.05357E-07 -1.73015E-01
1.11000E+01 -2.45001E-01 -2.26901E-07 -1.68010E-01
1.12000E+01 -2.40001E-01 -1.55638E-07 -1.63015E-01
1.13000E+01 -2.35001E-01 -9.11922E-08 -1.57986E-01
1.14000E+01 -2.30001E-01 -2.27008E-08 -1.53000E-01
1.15000E+01 -2.25001E-01 4.28089E-08  -1.48008E-01
1.16000E+01 -2.20001E-01 1.07349E-07  -1.43022E-01
1.17000E+01 -2.15001E-01 1.73591E-07  -1.37997E-01
1.18000E+01 -2.10001E-01 2.36971E-07  -1.33004E-01
1.19000E+01 -2.05001E-01 2.98914E-07  -1.27985E-01
1.20000E+01 -2.00002E-01 3.60783E-07  -1.23016E-01
1.21000E+01 -1.95002E-01 4.22713E-07  -1.17995E-01
1.22000E+01 -1.90002E-01 4.83125E-07  -1.12971E-01
1.23000E+01 -1.85002E-01 5.44127E-07  -1.07957E-01
1.24000E+01 -1.80002E-01 6.05430E-07  -1.02971E-01
1.25000E+01 -1.75002E-01 6.66063E-07  -9.79759E-02
1.26000E+01 -1.70002E-01 7.29335E-07  -9.29619E-02
1.27000E+01 -1.65002E-01 7.99670E-07  -8.79366E-02
1.28000E+01 -1.60002E-01 8.64283E-07  -8.29695E-02
1.29000E+01 -1.55002E-01 9.28118E-07  -7.79666E-02
1.30000E+01 -1.50002E-01 9.92941E-07  -7.29557E-02
1.31000E+01 -1.45002E-01 1.05938E-06  -6.79417E-02
1.32000E+01 -1.40002E-01 1.12428E-06  -6.29308E-02
1.33000E+01 -1.35002E-01 1.19327E-06  -5.79592E-02
1.34000E+01 -1.30002E-01 1.26010E-06  -5.29633E-02
1.35000E+01 -1.25002E-01 1.32746E-06  -4.79337E-02
1.36000E+01 -1.20002E-01 1.39590E-06  -4.29540E-02
1.37000E+01 -1.15002E-01 1.46884E-06  -3.79643E-02
1.38000E+01 -1.10002E-01 1.53806E-06  -3.29396E-02
1.39000E+01 -1.05002E-01 1.60985E-06  -2.79250E-02
1.40000E+01 -1.00002E-01 1.68334E-06  -2.29266E-02
1.41000E+01 -9.50018E-02 1.75843E-06  -1.79288E-02
1.42000E+01 -9.00018E-02 1.83168E-06  -1.29266E-02
1.43000E+01 -8.50018E-02 1.90500E-06  -7.91947E-03
1.44000E+01 -8.00018E-02 1.97907E-06  -2.91040E-03
1.45000E+01 -7.50018E-02 2.05172E-06  2.09489E-03 
1.46000E+01 -7.00018E-02 2.12062E-06  7.05773E-03 
1.47000E+01 -6.50018E-02 2.19722E-06  1.20736E-02 
1.48000E+01 -6.00019E-02 2.27378E-06  1.70565E-02 
1.49000E+01 -5.50019E-02 2.35343E-06  2.20836E-02 
1.50000E+01 -5.00019E-02 2.43185E-06  2.70576E-02 
1.51000E+01 -4.50019E-02 2.51017E-06  3.20735E-02 
1.52000E+01 -4.00019E-02 2.59051E-06  3.70838E-02 
1.53000E+01 -3.50019E-02 2.66920E-06  4.20885E-02 
1.54000E+01 -3.00019E-02 2.74950E-06  4.70819E-02 
1.55000E+01 -2.50019E-02 2.83379E-06  5.21085E-02 
1.56000E+01 -2.00020E-02 2.91342E-06  5.71206E-02 
1.57000E+01 -1.50020E-02 2.99846E-06  6.21190E-02 
1.58000E+01 -1.00020E-02 3.08212E-06  6.70888E-02 
1.59000E+01 -5.00199E-03 3.16685E-06  7.20866E-02 
1.60000E+01 -2.00000E-06 3.24816E-06  7.71099E-02 
1.61000E+01 4.99799E-03  3.33243E-06  8.21127E-02 
1.62000E+01 9.99797E-03  3.41597E-06  8.71168E-02 
1.63000E+01 1.49980E-02  3.50066E-06  9.20896E-02 
1.64000E+01 1.99979E-02  3.58912E-06  9.71211E-02 
1.65000E+01 2.49979E-02  3.67925E-06  1.02126E-01 
1.66000E+01 2.99979E-02  3.76812E-06  1.07087E-01 
1.67000E+01 3.49979E-02  3.85789E-06  1.12106E-01 
1.68000E+01 3.99979E-02  3.94957E-06  1.17105E-01 
1.69000E+01 4.49979E-02  4.04312E-06  1.22125E-01 
1.70000E+01 4.99979E-02  4.13534E-06  1.27102E-01 
1.71000E+01 5.49979E-02  4.22941E-06  1.32114E-01 
1.72000E+01 5.99978E-02  4.32601E-06  1.37105E-01 
1.73000E+01 6.49978E-02  4.42087E-06  1.42133E-01 
1.74000E+01 6.99978E-02  4.51812E-06  1.47119E-01 
1.75000E+01 7.49978E-02  4.61959E-06  1.52117E-01 
1.76000E+01 7.99978E-02  4.71921E-06  1.57155E-01 
1.77000E+01 8.49978E-02  4.82303E-06  1.62146E-01 
1.78000E+01 8.99978E-02  4.92541E-06  1.67150E-01 
1.79000E+01 9.49978E-02  5.02772E-06  1.72152E-01 
1.80000E+01 9.99977E-02  5.13002E-06  1.77170E-01 
1.81000E+01 1.04998E-01  5.23404E-06  1.82147E-01 
1.82000E+01 1.09998E-01  5.34179E-06  1.87152E-01 
1.83000E+01 1.14998E-01  5.44849E-06  1.92153E-01 
1.84000E+01 1.19998E-01  5.55588E-06  1.97164E-01 
1.85000E+01 1.24998E-01  5.66748E-06  2.02177E-01 
1.86000E+01 1.29998E-01  5.77632E-06  2.07158E-01 
1.87000E+01 1.34998E-01  5.88680E-06  2.12166E-01 
1.88000E+01 1.39998E-01  5.99376E-06  2.17181E-01 
1.89000E+01 1.44998E-01  6.09853E-06  2.22193E-01 
1.90000E+01 1.49998E-01  6.20045E-06  2.27198E-01 
1.91000E+01 1.54998E-01  6.30446E-06  2.32192E-01 
1.92000E+01 1.59998E-01  6.40598E-06  2.37206E-01 
1.93000E+01 1.64998E-01  6.50286E-06  2.42223E-01 
1.94000E+01 1.69998E-01  6.59882E-06  2.47199E-01 
1.95000E+01 1.74998E-01  6.69851E-06  2.52201E-01 
1.96000E+01 1.79998E-01  6.79398E-06  2.57201E-01 
1.97000E+01 1.84998E-01  6.89236E-06  2.62221E-01 
1.98000E+01 1.89998E-01  6.98098E-06  2.67212E-01 
1.99000E+01 1.94998E-01  7.06558E-06  2.72209E-01 
1.99999E+01 1.99997E-01  7.15066E-06  2.77229E-01 
2.00999E+01 2.04997E-01  7.23271E-06  2.82219E-01 
2.01999E+01 2.09997E-01  7.31637E-06  2.87247E-01 
2.02999E+01 2.14997E-01  7.39581E-06  2.92215E-01 
2.03999E+01 2.19997E-01  7.48225E-06  2.97241E-01 
2.04999E+01 2.24997E-01  7.56453E-06  3.02227E-01 
2.05999E+01 2.29997E-01  7.64771E-06  3.07242E-01 
2.06999E+01 2.34997E-01  7.73884E-06  3.12266E-01 
2.07999E+01 2.39997E-01  7.82799E-06  3.17252E-01 
2.08999E+01 2.44997E-01  7.91903E-06  3.22226E-01 
2.09999E+01 2.49997E-01  8.01735E-06  3.27244E-01 
2.10999E+01 2.54997E-01  8.11802E-06  3.32269E-01 
2.11999E+01 2.59997E-01  8.22619E-06  3.37280E-01 
2.12999E+01 2.64997E-01  8.33499E-06  3.42255E-01 
2.13999E+01 2.69997E-01  8.45041E-06  3.47240E-01 
2.14999E+01 2.74997E-01  8.58374E-06  3.52284E-01 
2.15999E+01 2.79997E-01  8.71252E-06  3.57263E-01 
2.16999E+01 2.84997E-01  8.85515E-06  3.62267E-01 
2.17999E+01 2.89997E-01  8.99813E-06  3.67265E-01 
2.18999E+01 2.94997E-01  9.14260E-06  3.72272E-01 
2.19999E+01 2.99997E-01  9.28660E-06  3.77297E-01 
2.20999E+01 3.04997E-01  9.44027E-06  3.82281E-01 
2.21999E+01 3.09997E-01  9.60094E-06  3.87268E-01 
2.22999E+01 3.14997E-01  9.76536E-06  3.92276E-01 
2.23999E+01 3.19997E-01  9.93503E-06  3.97280E-01 
2.24999E+01 3.24997E-01  1.01139E-05  4.02286E-01 
2.25999E+01 3.29997E-01  1.02938E-05  4.07266E-01 
2.26999E+01 3.34997E-01  1.04819E-05  4.12260E-01 
2.27999E+01 3.39997E-01  1.06683E-05  4.17286E-01 
2.28999E+01 3.44997E-01  1.08560E-05  4.22282E-01 
2.29999E+01 3.49997E-01  1.10481E-05  4.27270E-01 
2.30999E+01 3.54997E-01  1.12422E-05  4.32281E-01 
2.31999E+01 3.59997E-01  1.14412E-05  4.37292E-01 
2.32999E+01 3.64997E-01  1.16398E-05  4.42268E-01 
2.33999E+01 3.69997E-01  1.18433E-05  4.47276E-01 
2.34999E+01 3.74997E-01  1.20498E-05  4.52284E-01 
2.35999E+01 3.79997E-01  1.22547E-05  4.57298E-01 
2.36999E+01 3.84997E-01  1.24591E-05  4.62284E-01 
2.37999E+01 3.89997E-01  1.26699E-05  4.67292E-01 
2.38999E+01 3.94997E-01  1.28766E-05  4.72306E-01 
2.39999E+01 3.99997E-01  1.30742E-05  4.77345E-01 
2.40999E+01 4.04997E-01  1.32696E-05  4.82301E-01 
2.41999E+01 4.09997E-01  1.34628E-05  4.87297E-01 
2.42999E+01 4.14997E-01  1.36531E-05  4.92324E-01 
2.43999E+01 4.19997E-01  1.38459E-05  4.97341E-01 
2.44999E+01 4.24997E-01  1.40448E-05  5.02329E-01 
2.45999E+01 4.29997E-01  1.42366E-05  5.07348E-01 
2.46999E+01 4.34997E-01  1.44268E-05  5.12337E-01 
2.47999E+01 4.39997E-01  1.46157E-05  5.17343E-01 
2.48999E+01 4.44997E-01  1.47990E-05  5.22335E-01 
2.49999E+01 4.49997E-01  1.49852E-05  5.27329E-01 
2.50999E+01 4.54997E-01  1.51655E-05  5.32362E-01 
2.51999E+01 4.59997E-01  1.53471E-05  5.37344E-01 
2.52999E+01 4.64997E-01  1.55148E-05  5.42339E-01 
2.53999E+01 4.69997E-01  1.56699E-05  5.47355E-01 
2.54999E+01 4.74997E-01  1.58384E-05  5.52378E-01 
2.55999E+01 4.79997E-01  1.60121E-05  5.57357E-01 
2.56999E+01 4.84997E-01  1.61840E-05  5.62360E-01 
2.57999E+01 4.89997E-01  1.63605E-05  5.67390E-01 
2.58999E+01 4.94997E-01  1.65381E-05  5.72383E-01 
2.59999E+01 4.99997E-01  1.67140E-05  5.77370E-01 
2.60999E+01 5.04997E-01  1.68861E-05  5.82363E-01 
2.61999E+01 5.09997E-01  1.70569E-05  5.87417E-01 
2.62999E+01 5.14997E-01  1.72295E-05  5.92390E-01 
2.63999E+01 5.19997E-01  1.73998E-05  5.97397E-01 
2.64999E+01 5.24997E-01  1.75637E-05  6.02413E-01 
2.65999E+01 5.29997E-01  1.77383E-05  6.07403E-01 
2.66999E+01 5.34997E-01  1.79031E-05  6.12427E-01 
2.67999E+01 5.39997E-01  1.80765E-05  6.17399E-01 
2.68999E+01 5.44997E-01  1.82381E-05  6.22412E-01 
2.69999E+01 5.49997E-01  1.84039E-05  6.27415E-01 
2.70999E+01 5.54997E-01  1.85668E-05  6.32416E-01 
2.71999E+01 5.59997E-01  1.87328E-05  6.37436E-01 
2.72999E+01 5.64997E-01  1.88921E-05  6.42421E-01 
2.73999E+01 5.69997E-01  1.90613E-05  6.47427E-01 
2.74999E+01 5.74997E-01  1.92163E-05  6.52420E-01 
2.75999E+01 5.79997E-01  1.93633E-05  6.57444E-01 
2.76999E+01 5.84997E-01  1.95140E-05  6.62442E-01 
2.77999E+01 5.89997E-01  1.96651E-05  6.67431E-01 
2.78999E+01 5.94997E-01  1.98181E-05  6.72449E-01 
2.79999E+01 5.99996E-01  1.99727E-05  6.77464E-01 
2.80999E+01 6.04996E-01  2.01192E-05  6.82461E-01 
2.81999E+01 6.09996E-01  2.02612E-05  6.87438E-01 
2.82999E+01 6.14996E-01  2.04072E-05  6.92445E-01 
2.83999E+01 6.19996E-01  2.05540E-05  6.97453E-01 
2.84999E+01 6.24996E-01  2.07011E-05  7.02455E-01 
2.85999E+01 6.29996E-01  2.08417E-05  7.07432E-01 
2.86999E+01 6.34996E-01  2.09699E-05  7.12414E-01 
2.87999E+01 6.39996E-01  2.11553E-05  7.17448E-01 
2.88999E+01 6.44996E-01  2.12828E-05  7.22445E-01 
2.89999E+01 6.49996E-01  2.14098E-05  7.27441E-01 
2.90999E+01 6.54996E-01  2.15379E-05  7.32443E-01 
2.91999E+01 6.59996E-01  2.16682E-05  7.37466E-01 
2.92999E+01 6.64996E-01  2.17932E-05  7.42447E-01 
2.93999E+01 6.69996E-01  2.19173E-05  7.47464E-01 
2.94999E+01 6.74996E-01  2.20383E-05  7.52469E-01 
2.95999E+01 6.79996E-01  2.21608E-05  7.57477E-01 
2.96999E+01 6.84996E-01  2.22811E-05  7.62477E-01 
2.97999E+01 6.89996E-01  2.24025E-05  7.67465E-01 
2.98999E+01 6.94996E-01  2.25248E-05  7.72467E-01 
2.99999E+01 6.99996E-01  2.26547E-05  7.77487E-01 
3.00999E+01 7.04996E-01  2.27862E-05  7.82507E-01 
3.01999E+01 7.09996E-01  2.29213E-05  7.87511E-01 
3.02999E+01 7.14996E-01  2.30592E-05  7.92508E-01 
3.03999E+01 7.19996E-01  2.32073E-05  7.97535E-01 
3.04999E+01 7.24996E-01  2.33663E-05  8.02514E-01 
3.05999E+01 7.29996E-01  2.35346E-05  8.07526E-01 
3.06999E+01 7.34996E-01  2.37100E-05  8.12541E-01 
3.07999E+01 7.39996E-01  2.38976E-05  8.17540E-01 
3.08999E+01 7.44996E-01  2.40945E-05  8.22532E-01 
3.09999E+01 7.49996E-01  2.43107E-05  8.27552E-01 
3.10999E+01 7.54996E-01  2.45357E-05  8.32531E-01 
3.11999E+01 7.59996E-01  2.47746E-05  8.37560E-01 
3.12999E+01 7.64996E-01  2.50268E-05  8.42552E-01 
3.13999E+01 7.69996E-01  2.52960E-05  8.47568E-01 
3.14999E+01 7.74996E-01  2.55780E-05  8.52547E-01 
3.15999E+01 7.79996E-01  2.58787E-05  8.57578E-01 
3.16999E+01 7.84996E-01  2.61976E-05  8.62570E-01 
3.17999E+01 7.89996E-01  2.65204E-05  8.67552E-01 
3.18999E+01 7.94996E-01  2.68611E-05  8.72558E-01 
3.19999E+01 7.99996E-01  2.71868E-05  8.77581E-01 
3.20999E+01 8.04996E-01  2.75214E-05  8.82565E-01 
3.21999E+01 8.09996E-01  2.78542E-05  8.87566E-01 
3.22999E+01 8.14996E-01  2.81764E-05  8.92578E-01 
3.23999E+01 8.19996E-01  2.84952E-05  8.97570E-01 
3.24999E+01 8.24996E-01  2.88035E-05  9.02562E-01 
3.25999E+01 8.29996E-01  2.90748E-05  9.07576E-01 
3.26999E+01 8.34996E-01  2.93356E-05  9.12565E-01 
3.27999E+01 8.39996E-01  2.95222E-05  9.17596E-01 
3.28999E+01 8.44996E-01  2.96910E-05  9.22580E-01 
3.29999E+01 8.49996E-01  2.98242E-05  9.27583E-01 
3.30999E+01 8.54996E-01  2.99188E-05  9.32574E-01 
3.31999E+01 8.59996E-01  2.99836E-05  9.37586E-01 
3.32999E+01 8.64996E-01  3.00085E-05  9.42609E-01 
3.33999E+01 8.69996E-01  3.00370E-05  9.47607E-01 
3.34999E+01 8.74996E-01  3.00457E-05  9.52589E-01 
3.35999E+01 8.79996E-01  3.00253E-05  9.57614E-01 
3.36999E+01 8.84996E-01  3.01452E-05  9.62578E-01 
3.37999E+01 8.89996E-01  3.01578E-05  9.67599E-01 
3.38999E+01 8.94996E-01  3.02859E-05  9.72606E-01 
3.39999E+01 8.99996E-01  3.02531E-05  9.77561E-01 
3.40999E+01 9.04996E-01  3.02135E-05  9.82586E-01 
3.41999E+01 9.09996E-01  3.02823E-05  9.87616E-01 
3.42999E+01 9.14996E-01  3.03471E-05  9.92620E-01 
3.43999E+01 9.19996E-01  3.04818E-05  9.97619E-01 
3.44999E+01 9.24996E-01  3.05552E-05  1.00261E+00 
3.45999E+01 9.29996E-01  3.04804E-05  1.00762E+00 
3.46999E+01 9.34996E-01  3.04966E-05  1.01262E+00 
3.47999E+01 9.39996E-01  3.04703E-05  1.01762E+00 
3.48999E+01 9.44996E-01  3.04839E-05  1.02262E+00 
3.49999E+01 9.49996E-01  3.04710E-05  1.02763E+00 
3.50999E+01 9.54996E-01  3.05677E-05  1.03263E+00 
3.51999E+01 9.59996E-01  3.06260E-05  1.03764E+00 
3.52999E+01 9.64996E-01  3.06482E-05  1.04264E+00 
3.53999E+01 9.69996E-01  3.06559E-05  1.04763E+00 
3.54999E+01 9.74996E-01  3.07941E-05  1.05264E+00 
3.55999E+01 9.79996E-01  3.12956E-05  1.05767E+00 
3.56999E+01 9.84996E-01  3.15160E-05  1.06266E+00 
3.57999E+01 9.89996E-01  3.17066E-05  1.06767E+00 
3.58999E+01 9.94996E-01  3.18876E-05  1.07265E+00 
3.59999E+01 9.99995E-01  3.21053E-05  1.07766E+00 
3.60999E+01 1.00500E+00  3.24590E-05  1.08264E+00 
3.61999E+01 1.01000E+00  3.26851E-05  1.08765E+00 
3.62999E+01 1.01500E+00  3.29471E-05  1.09267E+00 
3.63999E+01 1.02000E+00  3.36219E-05  1.09766E+00 
3.64999E+01 1.02500E+00  3.39641E-05  1.10268E+00 
3.65999E+01 1.03000E+00  3.42567E-05  1.10770E+00 
3.66999E+01 1.03500E+00  3.45448E-05  1.11268E+00 
3.67999E+01 1.04000E+00  3.49079E-05  1.11769E+00 
3.68999E+01 1.04500E+00  3.60057E-05  1.12273E+00 
3.69999E+01 1.05000E+00  3.65055E-05  1.12773E+00 
3.70999E+01 1.05500E+00  3.70222E-05  1.13272E+00 
3.71999E+01 1.06000E+00  3.75931E-05  1.13770E+00 
3.72999E+01 1.06500E+00  3.79474E-05  1.14272E+00 
3.73999E+01 1.07000E+00  3.82477E-05  1.14773E+00 
3.74999E+01 1.07500E+00  3.84889E-05  1.15272E+00 
3.75999E+01 1.08000E+00  3.88862E-05  1.15772E+00 
3.76999E+01 1.08500E+00  3.94005E-05  1.16273E+00 
3.77999E+01 1.09000E+00  3.99065E-05  1.16773E+00 
3.78999E+01 1.09500E+00  4.03349E-05  1.17272E+00 
3.79999E+01 1.10000E+00  4.08291E-05  1.17771E+00 
3.80999E+01 1.10500E+00  4.13432E-05  1.18272E+00 
3.81999E+01 1.11000E+00  4.18545E-05  1.18773E+00 
3.82999E+01 1.11500E+00  4.24184E-05  1.19274E+00 
3.83999E+01 1.12000E+00  4.31806E-05  1.19773E+00 
3.84999E+01 1.12500E+00  4.36537E-05  1.20274E+00 
3.85999E+01 1.13000E+00  4.42502E-05  1.20773E+00 
3.86999E+01 1.13500E+00  4.49376E-05  1.21275E+00 
3.87999E+01 1.14000E+00  4.56841E-05  1.21774E+00 
3.88999E+01 1.14500E+00  4.62779E-05  1.22275E+00 
3.89999E+01 1.15000E+00  4.70100E-05  1.22776E+00 
3.90999E+01 1.15500E+00  4.77331E-05  1.23275E+00 
3.91999E+01 1.16000E+00  4.84519E-05  1.23776E+00 
3.92999E+01 1.16500E+00  4.91789E-05  1.24275E+00 
3.93999E+01 1.17000E+00  4.99632E-05  1.24777E+00 
3.94999E+01 1.17500E+00  5.08300E-05  1.25277E+00 
3.95999E+01 1.18000E+00  5.17430E-05  1.25775E+00 
3.96999E+01 1.18500E+00  5.26900E-05  1.26275E+00 
3.97999E+01 1.19000E+00  5.35410E-05  1.26775E+00 
3.98999E+01 1.19500E+00  5.43313E-05  1.27276E+00 
3.99999E+01 1.19999E+00  5.52208E-05  1.27779E+00 
4.00999E+01 1.20499E+00  5.61793E-05  1.28276E+00 
4.01999E+01 1.20999E+00  5.71437E-05  1.28777E+00 
4.02999E+01 1.21499E+00  5.81760E-05  1.29279E+00 
4.03999E+01 1.21999E+00  5.92281E-05  1.29779E+00 
4.04999E+01 1.22499E+00  6.02458E-05  1.30280E+00 
4.05999E+01 1.22999E+00  6.13414E-05  1.30777E+00 
4.06999E+01 1.23499E+00  6.24370E-05  1.31281E+00 
4.07999E+01 1.23999E+00  6.35525E-05  1.31781E+00 
4.08999E+01 1.24499E+00  6.46791E-05  1.32279E+00 
4.09999E+01 1.24999E+00  6.58284E-05  1.32778E+00 
4.10999E+01 1.25499E+00  6.69906E-05  1.33279E+00 
4.11999E+01 1.25999E+00  6.82425E-05  1.33780E+00 
4.12999E+01 1.26499E+00  6.93639E-05  1.34280E+00 
4.13999E+01 1.26999E+00  7.05623E-05  1.34779E+00 
4.14999E+01 1.27499E+00  7.19053E-05  1.35278E+00 
4.15999E+01 1.27999E+00  7.32708E-05  1.35781E+00 
4.16999E+01 1.28499E+00  7.44441E-05  1.36280E+00 
4.17999E+01 1.28999E+00  7.57048E-05  1.36780E+00 
4.18999E+01 1.29499E+00  7.70793E-05  1.37278E+00 
4.19999E+01 1.29999E+00  7.85131E-05  1.37781E+00 
4.20999E+01 1.30499E+00  8.00168E-05  1.38282E+00 
4.21999E+01 1.30999E+00  8.15591E-05  1.38781E+00 
4.22999E+01 1.31499E+00  8.31556E-05  1.39282E+00 
4.23999E+01 1.31999E+00  8.48105E-05  1.39782E+00 
4.24999E+01 1.32499E+00  8.65318E-05  1.40284E+00 
4.25999E+01 1.32999E+00  8.83051E-05  1.40782E+00 
4.26999E+01 1.33499E+00  9.01003E-05  1.41283E+00 
4.27999E+01 1.33999E+00  9.19454E-05  1.41785E+00 
4.28999E+01 1.34499E+00  9.38389E-05  1.42285E+00 
4.29999E+01 1.34999E+00  9.57922E-05  1.42786E+00 
4.30999E+01 1.35499E+00  9.77536E-05  1.43286E+00 
4.31999E+01 1.35999E+00  9.97283E-05  1.43786E+00 
4.32999E+01 1.36499E+00  1.01678E-04  1.44284E+00 
4.33999E+01 1.36999E+00  1.03753E-04  1.44788E+00 
4.34999E+01 1.37499E+00  1.05723E-04  1.45288E+00 
4.35999E+01 1.37999E+00  1.07752E-04  1.45787E+00 
4.36999E+01 1.38499E+00  1.09826E-04  1.46288E+00 
4.37999E+01 1.38999E+00  1.11919E-04  1.46787E+00 
4.38999E+01 1.39499E+00  1.13993E-04  1.47290E+00 
4.39999E+01 1.39999E+00  1.16080E-04  1.47787E+00 
4.40999E+01 1.40499E+00  1.18157E-04  1.48286E+00 
4.41999E+01 1.40999E+00  1.20244E-04  1.48786E+00 
4.42999E+01 1.41499E+00  1.22365E-04  1.49289E+00 
4.43999E+01 1.41999E+00  1.24474E-04  1.49787E+00 
4.44999E+01 1.42499E+00  1.26686E-04  1.50289E+00 
4.45999E+01 1.42999E+00  1.28902E-04  1.50788E+00 
4.46999E+01 1.43499E+00  1.31149E-04  1.51292E+00 
4.47999E+01 1.43999E+00  1.33900E-04  1.51790E+00 
4.48999E+01 1.44499E+00  1.35610E-04  1.52290E+00 
4.49999E+01 1.44999E+00  1.37678E-04  1.52787E+00 
4.50999E+01 1.45499E+00  1.39999E-04  1.53289E+00 
4.51999E+01 1.45999E+00  1.42169E-04  1.53788E+00 
4.52999E+01 1.46499E+00  1.44514E-04  1.54289E+00 
4.53999E+01 1.46999E+00  1.46931E-04  1.54789E+00 
4.54999E+01 1.47499E+00  1.49483E-04  1.55289E+00 
4.55999E+01 1.47999E+00  1.52824E-04  1.55790E+00 
4.56999E+01 1.48499E+00  1.56100E-04  1.56290E+00 
4.57999E+01 1.48999E+00  1.57921E-04  1.56790E+00 
4.58999E+01 1.49499E+00  1.60645E-04  1.57292E+00 
4.59999E+01 1.49999E+00  1.63566E-04  1.57792E+00 
4.60999E+01 1.50499E+00  1.66617E-04  1.58292E+00 
4.61999E+01 1.50999E+00  1.69820E-04  1.58792E+00 
4.62999E+01 1.51499E+00  1.73112E-04  1.59292E+00 
4.63999E+01 1.51999E+00  1.76502E-04  1.59793E+00 
4.64999E+01 1.52499E+00  1.79974E-04  1.60296E+00 
4.65999E+01 1.52999E+00  1.83500E-04  1.60794E+00 
4.66999E+01 1.53499E+00  1.87130E-04  1.61294E+00 
4.67999E+01 1.53999E+00  1.90819E-04  1.61793E+00 
4.68999E+01 1.54499E+00  1.94573E-04  1.62294E+00 
4.69999E+01 1.54999E+00  1.98401E-04  1.62798E+00 
4.70999E+01 1.55499E+00  2.02202E-04  1.63296E+00 
4.71999E+01 1.55999E+00  2.06104E-04  1.63794E+00 
4.72999E+01 1.56499E+00  2.10033E-04  1.64298E+00 
4.73999E+01 1.56999E+00  2.14465E-04  1.64796E+00 
4.74999E+01 1.57499E+00  2.18424E-04  1.65298E+00 
4.75999E+01 1.57999E+00  2.22461E-04  1.65797E+00 
4.76999E+01 1.58499E+00  2.26606E-04  1.66298E+00 
4.77999E+01 1.58999E+00  2.30704E-04  1.66798E+00 
4.78999E+01 1.59499E+00  2.34459E-04  1.67298E+00 
4.79999E+01 1.59999E+00  2.38466E-04  1.67800E+00 
4.80999E+01 1.60499E+00  2.42472E-04  1.68300E+00 
4.81999E+01 1.60999E+00  2.46459E-04  1.68801E+00 
4.82999E+01 1.61499E+00  2.50485E-04  1.69302E+00 
4.83999E+01 1.61999E+00  2.54387E-04  1.69800E+00 
4.84999E+01 1.62499E+00  2.58546E-04  1.70299E+00 
4.85999E+01 1.62999E+00  2.62280E-04  1.70799E+00 
4.86999E+01 1.63499E+00  2.66168E-04  1.71301E+00 
4.87999E+01 1.63999E+00  2.70099E-04  1.71799E+00 
4.88999E+01 1.64499E+00  2.73978E-04  1.72299E+00 
4.89999E+01 1.64999E+00  2.77807E-04  1.72802E+00 
4.90999E+01 1.65499E+00  2.81668E-04  1.73302E+00 
4.91999E+01 1.65999E+00  2.86103E-04  1.73801E+00 
4.92999E+01 1.66499E+00  2.89407E-04  1.74301E+00 
4.93999E+01 1.66999E+00  2.93129E-04  1.74801E+00 
4.94999E+01 1.67499E+00  2.96847E-04  1.75301E+00 
4.95999E+01 1.67999E+00  3.00589E-04  1.75806E+00 
4.96999E+01 1.68499E+00  3.04238E-04  1.76306E+00 
4.97999E+01 1.68999E+00  3.07873E-04  1.76804E+00 
4.98999E+01 1.69499E+00  3.11517E-04  1.77305E+00 
4.99999E+01 1.69999E+00  3.15084E-04  1.77804E+00 
5.00999E+01 1.70499E+00  3.18706E-04  1.78305E+00 
5.01999E+01 1.70999E+00  3.22297E-04  1.78807E+00 
5.02999E+01 1.71499E+00  3.26190E-04  1.79304E+00 
5.03999E+01 1.71999E+00  3.29387E-04  1.79806E+00 
5.04999E+01 1.72499E+00  3.32828E-04  1.80307E+00 
5.05999E+01 1.72999E+00  3.36302E-04  1.80808E+00 
5.06999E+01 1.73499E+00  3.39718E-04  1.81308E+00 
5.07999E+01 1.73999E+00  3.43096E-04  1.81805E+00 
5.08999E+01 1.74499E+00  3.46491E-04  1.82307E+00 
5.09999E+01 1.74999E+00  3.49838E-04  1.82809E+00 
5.10999E+01 1.75499E+00  3.53193E-04  1.83308E+00 
5.11999E+01 1.75999E+00  3.56405E-04  1.83806E+00 
5.12999E+01 1.76499E+00  3.59688E-04  1.84308E+00 
5.13999E+01 1.76999E+00  3.62821E-04  1.84809E+00 
5.14999E+01 1.77499E+00  3.66028E-04  1.85307E+00 
5.15999E+01 1.77999E+00  3.69117E-04  1.85807E+00 
5.16999E+01 1.78499E+00  3.72203E-04  1.86307E+00 
5.17999E+01 1.78999E+00  3.75354E-04  1.86812E+00 
5.18999E+01 1.79499E+00  3.78378E-04  1.87309E+00 
5.19999E+01 1.79999E+00  3.81350E-04  1.87808E+00 
5.20999E+01 1.79499E+00  3.73214E-04  1.87310E+00 
5.21999E+01 1.78999E+00  3.65514E-04  1.86810E+00 
5.22999E+01 1.78499E+00  3.57953E-04  1.86308E+00 
5.23999E+01 1.77999E+00  3.50679E-04  1.85808E+00 
5.24999E+01 1.77499E+00  3.43601E-04  1.85310E+00 
5.25999E+01 1.76999E+00  3.36520E-04  1.84811E+00 
5.26999E+01 1.76499E+00  3.29727E-04  1.84312E+00 
5.27999E+01 1.75999E+00  3.22942E-04  1.83807E+00 
5.28999E+01 1.75499E+00  3.16351E-04  1.83311E+00 
5.29999E+01 1.74999E+00  3.09864E-04  1.82808E+00 
5.30999E+01 1.74499E+00  3.03561E-04  1.82309E+00 
5.31999E+01 1.73999E+00  2.97329E-04  1.81808E+00 
5.32999E+01 1.73499E+00  2.91188E-04  1.81308E+00 
5.33999E+01 1.72999E+00  2.85149E-04  1.80811E+00 
5.34999E+01 1.72499E+00  2.79153E-04  1.80309E+00 
5.35999E+01 1.71999E+00  2.73351E-04  1.79807E+00 
5.36999E+01 1.71499E+00  2.67668E-04  1.79309E+00 
5.37999E+01 1.70999E+00  2.62186E-04  1.78806E+00 
5.38999E+01 1.70499E+00  2.56504E-04  1.78308E+00 
5.39999E+01 1.69999E+00  2.51045E-04  1.77806E+00 
5.40999E+01 1.69499E+00  2.45733E-04  1.77304E+00 
5.41999E+01 1.68999E+00  2.40461E-04  1.76804E+00 
5.42999E+01 1.68499E+00  2.35222E-04  1.76307E+00 
5.43999E+01 1.67999E+00  2.30255E-04  1.75805E+00 
5.44999E+01 1.67499E+00  2.25205E-04  1.75302E+00 
5.45999E+01 1.66999E+00  2.20458E-04  1.74804E+00 
5.46999E+01 1.66499E+00  2.15433E-04  1.74301E+00 
5.47999E+01 1.65999E+00  2.10784E-04  1.73801E+00 
5.48999E+01 1.65499E+00  2.05998E-04  1.73303E+00 
5.49999E+01 1.64999E+00  2.01344E-04  1.72798E+00 
5.50999E+01 1.64499E+00  1.96872E-04  1.72300E+00 
5.51999E+01 1.63999E+00  1.92372E-04  1.71799E+00 
5.52999E+01 1.63499E+00  1.87967E-04  1.71299E+00 
5.53999E+01 1.62999E+00  1.83665E-04  1.70799E+00 
5.54999E+01 1.62499E+00  1.79350E-04  1.70297E+00 
5.55999E+01 1.61999E+00  1.75120E-04  1.69799E+00 
5.56999E+01 1.61499E+00  1.71040E-04  1.69299E+00 
5.57999E+01 1.60999E+00  1.66937E-04  1.68798E+00 
5.58999E+01 1.60499E+00  1.62916E-04  1.68297E+00 
5.59999E+01 1.59999E+00  1.58936E-04  1.67798E+00 
5.60999E+01 1.59499E+00  1.55052E-04  1.67299E+00 
5.61999E+01 1.58999E+00  1.51247E-04  1.66800E+00 
5.62999E+01 1.58499E+00  1.47461E-04  1.66299E+00 
5.63999E+01 1.57999E+00  1.43768E-04  1.65797E+00 
5.64999E+01 1.57499E+00  1.40105E-04  1.65297E+00 
5.65999E+01 1.56999E+00  1.36477E-04  1.64796E+00 
5.66999E+01 1.56499E+00  1.32922E-04  1.64297E+00 
5.67999E+01 1.55999E+00  1.29427E-04  1.63795E+00 
5.68999E+01 1.55499E+00  1.26000E-04  1.63294E+00 
5.69999E+01 1.54999E+00  1.22618E-04  1.62796E+00 
5.70999E+01 1.54499E+00  1.19280E-04  1.62294E+00 
5.71999E+01 1.53999E+00  1.15988E-04  1.61794E+00 
5.72999E+01 1.53499E+00  1.12778E-04  1.61292E+00 
5.73999E+01 1.52999E+00  1.09727E-04  1.60795E+00 
5.74999E+01 1.52499E+00  1.06976E-04  1.60293E+00 
5.75999E+01 1.51999E+00  1.03457E-04  1.59793E+00 
5.76999E+01 1.51499E+00  1.00421E-04  1.59289E+00 
5.77999E+01 1.50999E+00  9.74432E-05  1.58793E+00 
5.78999E+01 1.50499E+00  9.45143E-05  1.58291E+00 
5.79999E+01 1.49999E+00  9.16591E-05  1.57792E+00 
5.80999E+01 1.49499E+00  8.88237E-05  1.57293E+00 
5.81999E+01 1.48999E+00  8.60615E-05  1.56788E+00 
5.82999E+01 1.48499E+00  8.33895E-05  1.56291E+00 
5.83999E+01 1.47999E+00  8.07409E-05  1.55791E+00 
5.84999E+01 1.47499E+00  7.81034E-05  1.55289E+00 
5.85999E+01 1.46999E+00  7.55493E-05  1.54789E+00 
5.86999E+01 1.46499E+00  7.30509E-05  1.54290E+00 
5.87999E+01 1.45999E+00  7.06243E-05  1.53788E+00 
5.88999E+01 1.45499E+00  6.82204E-05  1.53290E+00 
5.89999E+01 1.44999E+00  6.58707E-05  1.52790E+00 
5.90999E+01 1.44499E+00  6.35824E-05  1.52289E+00 
5.91999E+01 1.43999E+00  6.13317E-05  1.51790E+00 
5.92999E+01 1.43499E+00  5.91529E-05  1.51291E+00 
5.93999E+01 1.42999E+00  5.70321E-05  1.50789E+00 
5.94999E+01 1.42499E+00  5.49482E-05  1.50291E+00 
5.95999E+01 1.41999E+00  5.29716E-05  1.49791E+00 
5.96999E+01 1.41499E+00  5.25011E-05  1.49290E+00 
5.97999E+01 1.40999E+00  4.98443E-05  1.48792E+00 
5.98999E+01 1.40499E+00  4.73529E-05  1.48289E+00 
5.99998E+01 1.39999E+00  4.54982E-05  1.47789E+00 
6.00998E+01 1.39499E+00  4.36892E-05  1.47290E+00 
6.01998E+01 1.38999E+00  4.19622E-05  1.46788E+00 
6.02998E+01 1.38499E+00  4.03048E-05  1.46287E+00 
6.03998E+01 1.37999E+00  3.86835E-05  1.45789E+00 
6.04998E+01 1.37499E+00  3.70904E-05  1.45289E+00 
6.05998E+01 1.36999E+00  3.55717E-05  1.44787E+00 
6.06998E+01 1.36499E+00  3.36355E-05  1.44284E+00 
6.07998E+01 1.35999E+00  3.24546E-05  1.43787E+00 
6.08998E+01 1.35499E+00  3.08808E-05  1.43284E+00 
6.09998E+01 1.34999E+00  2.95325E-05  1.42784E+00 
6.10998E+01 1.34499E+00  2.82676E-05  1.42283E+00 
6.11998E+01 1.33999E+00  2.70406E-05  1.41783E+00 
6.12998E+01 1.33499E+00  2.58648E-05  1.41280E+00 
6.13998E+01 1.32999E+00  2.47425E-05  1.40780E+00 
6.14998E+01 1.32499E+00  2.36645E-05  1.40282E+00 
6.15998E+01 1.31999E+00  2.26319E-05  1.39782E+00 
6.16998E+01 1.31499E+00  2.16725E-05  1.39279E+00 
6.17998E+01 1.30999E+00  2.06988E-05  1.38780E+00 
6.18998E+01 1.30499E+00  1.98051E-05  1.38279E+00 
6.19998E+01 1.29999E+00  1.89435E-05  1.37779E+00 
6.20998E+01 1.29499E+00  1.81253E-05  1.37280E+00 
6.21998E+01 1.28999E+00  1.73460E-05  1.36775E+00 
6.22998E+01 1.28499E+00  1.69111E-05  1.36278E+00 
6.23998E+01 1.27999E+00  1.59391E-05  1.35778E+00 
6.24998E+01 1.27499E+00  1.52192E-05  1.35279E+00 
6.25998E+01 1.26999E+00  1.45733E-05  1.34778E+00 
6.26998E+01 1.26499E+00  1.39770E-05  1.34279E+00 
6.27998E+01 1.25999E+00  1.33963E-05  1.33779E+00 
6.28998E+01 1.25499E+00  1.28516E-05  1.33277E+00 
6.29998E+01 1.24999E+00  1.23345E-05  1.32778E+00 
6.30998E+01 1.24499E+00  1.18482E-05  1.32278E+00 
6.31998E+01 1.23999E+00  1.13928E-05  1.31779E+00 
6.32998E+01 1.23499E+00  1.09601E-05  1.31279E+00 
6.33998E+01 1.22999E+00  1.05484E-05  1.30779E+00 
6.34998E+01 1.22499E+00  1.01674E-05  1.30279E+00 
6.35998E+01 1.21999E+00  9.80536E-06  1.29780E+00 
6.36998E+01 1.21499E+00  9.45987E-06  1.29279E+00 
6.37998E+01 1.20999E+00  9.13300E-06  1.28777E+00 
6.38998E+01 1.20499E+00  8.83297E-06  1.28277E+00 
6.39998E+01 1.19999E+00  8.55254E-06  1.27778E+00 
6.40998E+01 1.19500E+00  8.27563E-06  1.27277E+00 
6.41998E+01 1.19000E+00  8.02107E-06  1.26774E+00 
6.42998E+01 1.18500E+00  7.78418E-06  1.26275E+00 
6.43998E+01 1.18000E+00  7.56683E-06  1.25776E+00 
6.44998E+01 1.17500E+00  7.36171E-06  1.25275E+00 
6.45998E+01 1.17000E+00  7.16685E-06  1.24776E+00 
6.46998E+01 1.16500E+00  6.96463E-06  1.24275E+00 
6.47998E+01 1.16000E+00  6.78580E-06  1.23775E+00 
6.48998E+01 1.15500E+00  6.62251E-06  1.23279E+00 
6.49998E+01 1.15000E+00  6.46395E-06  1.22775E+00 
6.50998E+01 1.14500E+00  6.31873E-06  1.22273E+00 
6.51998E+01 1.14000E+00  6.17887E-06  1.21774E+00 
6.52998E+01 1.13500E+00  6.05485E-06  1.21275E+00 
6.53998E+01 1.13000E+00  5.94415E-06  1.20775E+00 
6.54998E+01 1.12500E+00  5.81501E-06  1.20275E+00 
6.55998E+01 1.12000E+00  5.70533E-06  1.19772E+00 
6.56998E+01 1.11500E+00  5.59698E-06  1.19272E+00 
6.57998E+01 1.11000E+00  5.48779E-06  1.18775E+00 
6.58998E+01 1.10500E+00  5.38801E-06  1.18271E+00 
6.59998E+01 1.10000E+00  5.29798E-06  1.17770E+00 
6.60998E+01 1.09500E+00  5.20588E-06  1.17271E+00 
6.61998E+01 1.09000E+00  5.11805E-06  1.16772E+00 
6.62998E+01 1.08500E+00  5.04175E-06  1.16271E+00 
6.63998E+01 1.08000E+00  4.96431E-06  1.15772E+00 
6.64998E+01 1.07500E+00  4.89525E-06  1.15271E+00 
6.65998E+01 1.07000E+00  4.82929E-06  1.14770E+00 
6.66998E+01 1.06500E+00  4.75212E-06  1.14272E+00 
6.67998E+01 1.06000E+00  4.68525E-06  1.13771E+00 
6.68998E+01 1.05500E+00  4.62122E-06  1.13270E+00 
6.69998E+01 1.05000E+00  4.55986E-06  1.12772E+00 
6.70998E+01 1.04500E+00  4.50308E-06  1.12270E+00 
6.71998E+01 1.04000E+00  4.44751E-06  1.11766E+00 
6.72998E+01 1.03500E+00  4.39138E-06  1.11266E+00 
6.73998E+01 1.03000E+00  4.33614E-06  1.10766E+00 
6.74998E+01 1.02500E+00  4.28075E-06  1.10264E+00 
6.75998E+01 1.02000E+00  4.23101E-06  1.09763E+00 
6.76998E+01 1.01500E+00  4.18228E-06  1.09265E+00 
6.77998E+01 1.01000E+00  4.13604E-06  1.08762E+00 
6.78998E+01 1.00500E+00  4.08595E-06  1.08262E+00 
6.79998E+01 9.99995E-01  4.04484E-06  1.07763E+00 
6.80998E+01 9.94996E-01  3.99377E-06  1.07264E+00 
6.81998E+01 9.89996E-01  3.89843E-06  1.06764E+00 
6.82998E+01 9.84996E-01  3.85661E-06  1.06261E+00 
6.83998E+01 9.79996E-01  3.81341E-06  1.05762E+00 
6.84998E+01 9.74996E-01  3.76789E-06  1.05264E+00 
6.85998E+01 9.69996E-01  3.73475E-06  1.04762E+00 
6.86998E+01 9.64996E-01  3.70319E-06  1.04262E+00 
6.87998E+01 9.59996E-01  3.65700E-06  1.03764E+00 
6.88998E+01 9.54996E-01  3.61153E-06  1.03263E+00 
6.89998E+01 9.49996E-01  3.56986E-06  1.02763E+00 
6.90998E+01 9.44996E-01  3.53031E-06  1.02260E+00 
6.91998E+01 9.39996E-01  3.49051E-06  1.01762E+00 
6.92998E+01 9.34996E-01  3.45175E-06  1.01262E+00 
6.93998E+01 9.29996E-01  3.41441E-06  1.00763E+00 
6.94998E+01 9.24996E-01  3.37716E-06  1.00259E+00 
6.95998E+01 9.19996E-01  3.34297E-06  9.97614E-01 
6.96998E+01 9.14996E-01  3.30488E-06  9.92619E-01 
6.97998E+01 9.09996E-01  3.26696E-06  9.87613E-01 
6.98998E+01 9.04996E-01  3.22653E-06  9.82604E-01 
6.99998E+01 8.99996E-01  3.20729E-06  9.77600E-01 
7.00998E+01 8.94996E-01  3.16871E-06  9.72610E-01 
7.01998E+01 8.89996E-01  3.13016E-06  9.67585E-01 
7.02998E+01 8.84996E-01  3.08370E-06  9.62598E-01 
7.03998E+01 8.79996E-01  3.04723E-06  9.57597E-01 
7.04998E+01 8.74996E-01  3.01173E-06  9.52572E-01 
7.05998E+01 8.69996E-01  2.97058E-06  9.47598E-01 
7.06998E+01 8.64996E-01  2.93645E-06  9.42593E-01 
7.07998E+01 8.59996E-01  2.89463E-06  9.37574E-01 
7.08998E+01 8.54996E-01  2.84967E-06  9.32568E-01 
7.09998E+01 8.49996E-01  2.80546E-06  9.27536E-01 
7.10998E+01 8.44996E-01  2.76441E-06  9.22569E-01 
7.11998E+01 8.39996E-01  2.73446E-06  9.17571E-01 
7.12998E+01 8.34996E-01  2.68861E-06  9.12548E-01 
7.13998E+01 8.29996E-01  2.64193E-06  9.07557E-01 
7.14998E+01 8.24996E-01  2.59629E-06  9.02528E-01 
7.15998E+01 8.19996E-01  2.55320E-06  8.97550E-01 
7.16998E+01 8.14996E-01  2.51205E-06  8.92551E-01 
7.17998E+01 8.09996E-01  2.47172E-06  8.87541E-01 
7.18998E+01 8.04996E-01  2.43049E-06  8.82537E-01 
7.19998E+01 7.99996E-01  2.38396E-06  8.77562E-01 
7.20998E+01 7.94996E-01  2.33831E-06  8.72543E-01 
7.21998E+01 7.89996E-01  2.29210E-06  8.67528E-01 
7.22998E+01 7.84996E-01  2.24941E-06  8.62543E-01 
7.23998E+01 7.79996E-01  2.20342E-06  8.57548E-01 
7.24998E+01 7.74996E-01  2.15928E-06  8.52561E-01 
7.25998E+01 7.69996E-01  2.11077E-06  8.47520E-01 
7.26998E+01 7.64996E-01  2.06065E-06  8.42516E-01 
7.27998E+01 7.59996E-01  2.01111E-06  8.37527E-01 
7.28998E+01 7.54996E-01  1.96404E-06  8.32503E-01 
7.29998E+01 7.49996E-01  1.91689E-06  8.27505E-01 
7.30998E+01 7.44996E-01  1.86631E-06  8.22492E-01 
7.31998E+01 7.39996E-01  1.81595E-06  8.17507E-01 
7.32998E+01 7.34996E-01  1.76390E-06  8.12500E-01 
7.33998E+01 7.29996E-01  1.71177E-06  8.07502E-01 
7.34998E+01 7.24996E-01  1.66164E-06  8.02506E-01 
7.35998E+01 7.19996E-01  1.60966E-06  7.97521E-01 
7.36998E+01 7.14996E-01  1.55466E-06  7.92484E-01 
7.37998E+01 7.09996E-01  1.50003E-06  7.87479E-01 
7.38998E+01 7.04996E-01  1.44654E-06  7.82484E-01 
7.39998E+01 6.99996E-01  1.39168E-06  7.77456E-01 
7.40998E+01 6.94996E-01  1.33699E-06  7.72443E-01 
7.41998E+01 6.89996E-01  1.28201E-06  7.67442E-01 
7.42998E+01 6.84996E-01  1.22701E-06  7.62473E-01 
7.43998E+01 6.79996E-01  1.16996E-06  7.57438E-01 
7.44998E+01 6.74996E-01  1.11043E-06  7.52455E-01 
7.45998E+01 6.69996E-01  1.04359E-06  7.47467E-01 
7.46998E+01 6.64996E-01  9.83965E-07  7.42473E-01 
7.47998E+01 6.59996E-01  9.21381E-07  7.37462E-01 
7.48998E+01 6.54996E-01  8.60103E-07  7.32447E-01 
7.49998E+01 6.49996E-01  7.99560E-07  7.27447E-01 
7.50998E+01 6.44996E-01  7.38292E-07  7.22451E-01 
7.51998E+01 6.39996E-01  6.75409E-07  7.17442E-01 
7.52998E+01 6.34996E-01  6.17236E-07  7.12433E-01 
7.53998E+01 6.29996E-01  5.48487E-07  7.07446E-01 
7.54998E+01 6.24996E-01  4.82090E-07  7.02465E-01 
7.55998E+01 6.19996E-01  4.14209E-07  6.97464E-01 
7.56998E+01 6.14996E-01  3.43529E-07  6.92437E-01 
7.57998E+01 6.09996E-01  2.74471E-07  6.87440E-01 
7.58998E+01 6.04996E-01  2.04030E-07  6.82447E-01 
7.59998E+01 5.99996E-01  1.27637E-07  6.77467E-01 
7.60998E+01 5.94997E-01  5.94679E-08  6.72434E-01 
7.61998E+01 5.89997E-01  -1.12481E-08 6.67444E-01 
7.62998E+01 5.84997E-01  -8.05649E-08 6.62434E-01 
7.63998E+01 5.79997E-01  -1.55213E-07 6.57450E-01 
7.64998E+01 5.74997E-01  -2.36590E-07 6.52449E-01 
7.65998E+01 5.69997E-01  -3.07500E-07 6.47425E-01 
7.66998E+01 5.64997E-01  -3.88761E-07 6.42442E-01 
7.67998E+01 5.59997E-01  -4.66545E-07 6.37465E-01 
7.68998E+01 5.54997E-01  -5.47074E-07 6.32417E-01 
7.69998E+01 5.49997E-01  -6.25947E-07 6.27382E-01 
7.70998E+01 5.44997E-01  -7.10646E-07 6.22391E-01 
7.71998E+01 5.39997E-01  -7.94530E-07 6.17399E-01 
7.72998E+01 5.34997E-01  -8.76156E-07 6.12393E-01 
7.73998E+01 5.29997E-01  -9.59488E-07 6.07393E-01 
7.74998E+01 5.24997E-01  -1.04641E-06 6.02354E-01 
7.75998E+01 5.19997E-01  -1.13112E-06 5.97375E-01 
7.76998E+01 5.14997E-01  -1.22377E-06 5.92381E-01 
7.77998E+01 5.09997E-01  -1.31123E-06 5.87376E-01 
7.78998E+01 5.04997E-01  -1.40463E-06 5.82375E-01 
7.79998E+01 4.99997E-01  -1.49535E-06 5.77402E-01 
7.80998E+01 4.94997E-01  -1.59325E-06 5.72404E-01 
7.81998E+01 4.89997E-01  -1.68855E-06 5.67381E-01 
7.82998E+01 4.84997E-01  -1.78152E-06 5.62378E-01 
7.83998E+01 4.79997E-01  -1.88032E-06 5.57380E-01 
7.84998E+01 4.74997E-01  -1.98080E-06 5.52382E-01 
7.85998E+01 4.69997E-01  -2.08438E-06 5.47360E-01 
7.86998E+01 4.64997E-01  -2.19454E-06 5.42356E-01 
7.87998E+01 4.59997E-01  -2.30427E-06 5.37361E-01 
7.88998E+01 4.54997E-01  -2.41813E-06 5.32369E-01 
7.89998E+01 4.49997E-01  -2.53973E-06 5.27366E-01 
7.90998E+01 4.44997E-01  -2.65952E-06 5.22354E-01 
7.91998E+01 4.39997E-01  -2.78467E-06 5.17362E-01 
7.92998E+01 4.34997E-01  -2.91518E-06 5.12360E-01 
7.93998E+01 4.29997E-01  -3.04902E-06 5.07348E-01 
7.94998E+01 4.24997E-01  -3.18050E-06 5.02352E-01 
7.95998E+01 4.19997E-01  -3.32129E-06 4.97351E-01 
7.96998E+01 4.14997E-01  -3.46359E-06 4.92364E-01 
7.97998E+01 4.09997E-01  -3.61197E-06 4.87348E-01 
7.98998E+01 4.04997E-01  -3.76292E-06 4.82344E-01 
7.99998E+01 3.99997E-01  -3.92356E-06 4.77330E-01 
8.00998E+01 3.94997E-01  -4.08377E-06 4.72317E-01 
8.01998E+01 3.89997E-01  -4.24896E-06 4.67347E-01 
8.02998E+01 3.84997E-01  -4.42139E-06 4.62309E-01 
8.03998E+01 3.79997E-01  -4.59733E-06 4.57327E-01 
8.04998E+01 3.74997E-01  -4.76574E-06 4.52320E-01 
8.05998E+01 3.69997E-01  -4.94869E-06 4.47300E-01 
8.06998E+01 3.64997E-01  -5.13466E-06 4.42301E-01 
8.07998E+01 3.59997E-01  -5.33887E-06 4.37319E-01 
8.08998E+01 3.54997E-01  -5.55515E-06 4.32300E-01 
8.09998E+01 3.49997E-01  -5.76034E-06 4.27283E-01 
8.10998E+01 3.44997E-01  -5.97034E-06 4.22303E-01 
8.11998E+01 3.39997E-01  -6.18783E-06 4.17317E-01 
8.12998E+01 3.34997E-01  -6.43422E-06 4.12298E-01 
8.13998E+01 3.29997E-01  -6.68451E-06 4.07286E-01 
8.14998E+01 3.24997E-01  -6.92304E-06 4.02299E-01 
8.15998E+01 3.19997E-01  -7.18345E-06 3.97297E-01 
8.16998E+01 3.14997E-01  -7.44104E-06 3.92303E-01 
8.17998E+01 3.09997E-01  -7.71795E-06 3.87282E-01 
8.18998E+01 3.04997E-01  -8.00150E-06 3.82286E-01 
8.19998E+01 2.99997E-01  -8.29294E-06 3.77278E-01 
8.20998E+01 2.94997E-01  -8.60616E-06 3.72275E-01 
8.21998E+01 2.89997E-01  -8.92220E-06 3.67253E-01 
8.22998E+01 2.84997E-01  -9.26268E-06 3.62251E-01 
8.23998E+01 2.79997E-01  -9.61149E-06 3.57261E-01 
8.24998E+01 2.74997E-01  -9.96160E-06 3.52271E-01 
8.25998E+01 2.69997E-01  -1.03223E-05 3.47250E-01 
8.26998E+01 2.64997E-01  -1.06880E-05 3.42250E-01 
8.27998E+01 2.59997E-01  -1.10712E-05 3.37252E-01 
8.28998E+01 2.54997E-01  -1.14630E-05 3.32263E-01 
8.29998E+01 2.49997E-01  -1.18686E-05 3.27228E-01 
8.30998E+01 2.44997E-01  -1.22823E-05 3.22236E-01 
8.31998E+01 2.39997E-01  -1.27016E-05 3.17245E-01 
8.32998E+01 2.34997E-01  -1.31103E-05 3.12231E-01 
8.33998E+01 2.29997E-01  -1.35286E-05 3.07231E-01 
8.34998E+01 2.24997E-01  -1.39562E-05 3.02221E-01 
8.35998E+01 2.19997E-01  -1.43911E-05 2.97218E-01 
8.36998E+01 2.14997E-01  -1.48272E-05 2.92209E-01 
8.37998E+01 2.09997E-01  -1.52626E-05 2.87216E-01 
8.38998E+01 2.04997E-01  -1.57021E-05 2.82208E-01 
8.39998E+01 1.99997E-01  -1.61383E-05 2.77226E-01 
8.40998E+01 1.94998E-01  -1.65796E-05 2.72174E-01 
8.41998E+01 1.89998E-01  -1.70184E-05 2.67195E-01 
8.42998E+01 1.84998E-01  -1.74648E-05 2.62205E-01 
8.43998E+01 1.79998E-01  -1.79064E-05 2.57200E-01 
8.44998E+01 1.74998E-01  -1.82951E-05 2.52175E-01 
8.45998E+01 1.69998E-01  -1.87178E-05 2.47192E-01 
8.46998E+01 1.64998E-01  -1.91406E-05 2.42203E-01 
8.47998E+01 1.59998E-01  -1.95613E-05 2.37192E-01 
8.48998E+01 1.54998E-01  -1.99759E-05 2.32182E-01 
8.49998E+01 1.49998E-01  -2.03880E-05 2.27178E-01 
8.50998E+01 1.44998E-01  -2.07939E-05 2.22207E-01 
8.51998E+01 1.39998E-01  -2.11801E-05 2.17175E-01 
8.52998E+01 1.34998E-01  -2.15572E-05 2.12166E-01 
8.53998E+01 1.29998E-01  -2.19212E-05 2.07186E-01 
8.54998E+01 1.24998E-01  -2.22685E-05 2.02194E-01 
8.55998E+01 1.19998E-01  -2.26325E-05 1.97191E-01 
8.56998E+01 1.14998E-01  -2.29837E-05 1.92204E-01 
8.57998E+01 1.09998E-01  -2.33273E-05 1.87158E-01 
8.58998E+01 1.04998E-01  -2.36620E-05 1.82182E-01 
8.59998E+01 9.99977E-02  -2.40029E-05 1.77183E-01 
8.60998E+01 9.49978E-02  -2.43546E-05 1.72170E-01 
8.61998E+01 8.99978E-02  -2.47091E-05 1.67168E-01 
8.62998E+01 8.49978E-02  -2.50469E-05 1.62171E-01 
8.63998E+01 7.99978E-02  -2.53732E-05 1.57181E-01 
8.64998E+01 7.49978E-02  -2.57244E-05 1.52150E-01 
8.65998E+01 6.99978E-02  -2.61780E-05 1.47137E-01 
8.66998E+01 6.49978E-02  -2.66729E-05 1.42159E-01 
8.67998E+01 5.99978E-02  -2.70689E-05 1.37150E-01 
8.68998E+01 5.49979E-02  -2.73611E-05 1.32146E-01 
8.69998E+01 4.99979E-02  -2.76271E-05 1.27162E-01 
8.70998E+01 4.49979E-02  -2.79849E-05 1.22146E-01 
8.71998E+01 3.99979E-02  -2.84050E-05 1.17134E-01 
8.72998E+01 3.49979E-02  -2.87827E-05 1.12131E-01 
8.73998E+01 2.99979E-02  -2.91554E-05 1.07118E-01 
8.74998E+01 2.49979E-02  -2.95692E-05 1.02136E-01 
8.75998E+01 1.99979E-02  -2.97528E-05 9.71286E-02 
8.76998E+01 1.49980E-02  -2.99673E-05 9.21145E-02 
8.77998E+01 9.99797E-03  -3.02098E-05 8.71317E-02 
8.78998E+01 4.99799E-03  -3.04681E-05 8.21265E-02 
8.79998E+01 -2.00000E-06 -3.07405E-05 7.71050E-02 
8.80998E+01 -5.00199E-03 -3.09688E-05 7.20934E-02 
8.81998E+01 -1.00020E-02 -3.11856E-05 6.70756E-02 
8.82998E+01 -1.50020E-02 -3.13724E-05 6.21334E-02 
8.83998E+01 -2.00020E-02 -3.15522E-05 5.71150E-02 
8.84998E+01 -2.50019E-02 -3.17220E-05 5.21085E-02 
8.85998E+01 -3.00019E-02 -3.18766E-05 4.71007E-02 
8.86998E+01 -3.50019E-02 -3.20208E-05 4.21122E-02 
8.87998E+01 -4.00019E-02 -3.21646E-05 3.70920E-02 
8.88998E+01 -4.50019E-02 -3.23046E-05 3.20729E-02 
8.89998E+01 -5.00019E-02 -3.24428E-05 2.70701E-02 
8.90998E+01 -5.50019E-02 -3.25838E-05 2.20948E-02 
8.91998E+01 -6.00019E-02 -3.27328E-05 1.71101E-02 
8.92998E+01 -6.50018E-02 -3.28877E-05 1.20880E-02 
8.93998E+01 -7.00018E-02 -3.30601E-05 7.06083E-03 
8.94998E+01 -7.50018E-02 -3.32254E-05 2.09238E-03 
8.95998E+01 -8.00018E-02 -3.33973E-05 -2.91040E-03
8.96998E+01 -8.50018E-02 -3.36034E-05 -7.94128E-03
8.97998E+01 -9.00018E-02 -3.38319E-05 -1.29510E-02
8.98998E+01 -9.50018E-02 -3.40944E-05 -1.79575E-02
8.99998E+01 -1.00002E-01 -3.44172E-05 -2.29428E-02
9.00998E+01 -1.05002E-01 -3.47431E-05 -2.79518E-02
9.01998E+01 -1.10002E-01 -3.50725E-05 -3.29459E-02
9.02998E+01 -1.15002E-01 -3.54199E-05 -3.79612E-02
9.03998E+01 -1.20002E-01 -3.57862E-05 -4.29602E-02
9.04998E+01 -1.25002E-01 -3.61791E-05 -4.79436E-02
9.05998E+01 -1.30002E-01 -3.66071E-05 -5.29677E-02
9.06998E+01 -1.35002E-01 -3.70376E-05 -5.79630E-02
9.07998E+01 -1.40002E-01 -3.74856E-05 -6.29683E-02
9.08998E+01 -1.45002E-01 -3.79660E-05 -6.79742E-02
9.09998E+01 -1.50002E-01 -3.84919E-05 -7.29682E-02
9.10998E+01 -1.55002E-01 -3.90716E-05 -7.79978E-02
9.11998E+01 -1.60002E-01 -3.96737E-05 -8.29738E-02
9.12998E+01 -1.65002E-01 -4.03800E-05 -8.79760E-02
9.13998E+01 -1.70002E-01 -4.12264E-05 -9.29744E-02
9.14998E+01 -1.75002E-01 -4.21588E-05 -9.79672E-02
9.15998E+01 -1.80002E-01 -4.33366E-05 -1.02989E-01
9.16998E+01 -1.85002E-01 -4.47488E-05 -1.07978E-01
9.17998E+01 -1.90002E-01 -4.65389E-05 -1.12971E-01
9.18998E+01 -1.95002E-01 -4.86044E-05 -1.17983E-01
9.19998E+01 -2.00002E-01 -5.10046E-05 -1.22994E-01
9.20998E+01 -2.05001E-01 -5.36381E-05 -1.27984E-01
9.21998E+01 -2.10001E-01 -5.64605E-05 -1.32984E-01
9.22998E+01 -2.15001E-01 -5.94737E-05 -1.37960E-01
9.23998E+01 -2.20001E-01 -6.25194E-05 -1.43011E-01
9.24998E+01 -2.25001E-01 -6.57532E-05 -1.47991E-01
9.25998E+01 -2.30001E-01 -6.90757E-05 -1.52959E-01
9.26998E+01 -2.35001E-01 -7.25220E-05 -1.57981E-01
9.27998E+01 -2.40001E-01 -7.61066E-05 -1.63015E-01
9.28998E+01 -2.45001E-01 -7.97871E-05 -1.67989E-01
9.29998E+01 -2.50001E-01 -8.35941E-05 -1.73003E-01
9.30998E+01 -2.55001E-01 -8.73392E-05 -1.78021E-01
9.31998E+01 -2.60001E-01 -9.12187E-05 -1.83008E-01
9.32998E+01 -2.65001E-01 -9.51245E-05 -1.88009E-01
9.33998E+01 -2.70001E-01 -9.90478E-05 -1.93025E-01
9.34998E+01 -2.75001E-01 -1.03026E-04 -1.98029E-01
9.35998E+01 -2.80001E-01 -1.07075E-04 -2.03030E-01
9.36998E+01 -2.85001E-01 -1.11082E-04 -2.08014E-01
9.37998E+01 -2.90001E-01 -1.15056E-04 -2.13005E-01
9.38998E+01 -2.95001E-01 -1.19011E-04 -2.18034E-01
9.39998E+01 -3.00001E-01 -1.22956E-04 -2.23020E-01
9.40998E+01 -3.05001E-01 -1.26884E-04 -2.28020E-01
9.41998E+01 -3.10001E-01 -1.30771E-04 -2.33033E-01
9.42998E+01 -3.15001E-01 -1.34618E-04 -2.38033E-01
9.43998E+01 -3.20001E-01 -1.38462E-04 -2.43061E-01
9.44998E+01 -3.25001E-01 -1.42237E-04 -2.48058E-01
9.45998E+01 -3.30001E-01 -1.45911E-04 -2.53030E-01
9.46998E+01 -3.35001E-01 -1.49487E-04 -2.58065E-01
9.47998E+01 -3.40001E-01 -1.53011E-04 -2.63055E-01
9.48998E+01 -3.45001E-01 -1.56462E-04 -2.68068E-01
9.49998E+01 -3.50001E-01 -1.59881E-04 -2.73054E-01
9.50998E+01 -3.55001E-01 -1.63269E-04 -2.78053E-01
9.51998E+01 -3.60001E-01 -1.66613E-04 -2.83082E-01
9.52998E+01 -3.65001E-01 -1.69935E-04 -2.88096E-01
9.53998E+01 -3.70001E-01 -1.73234E-04 -2.93072E-01
9.54998E+01 -3.75001E-01 -1.76491E-04 -2.98086E-01
9.55998E+01 -3.80001E-01 -1.79717E-04 -3.03095E-01
9.56998E+01 -3.85001E-01 -1.82905E-04 -3.08068E-01
9.57998E+01 -3.90001E-01 -1.86052E-04 -3.13056E-01
9.58998E+01 -3.95001E-01 -1.89157E-04 -3.18084E-01
9.59998E+01 -4.00001E-01 -1.92196E-04 -3.23089E-01
9.60998E+01 -4.05001E-01 -1.95185E-04 -3.28114E-01
9.61998E+01 -4.10001E-01 -1.98090E-04 -3.33074E-01
9.62998E+01 -4.15001E-01 -2.00941E-04 -3.38106E-01
9.63998E+01 -4.20001E-01 -2.03665E-04 -3.43076E-01
9.64998E+01 -4.25001E-01 -2.06316E-04 -3.48098E-01
9.65998E+01 -4.30001E-01 -2.08962E-04 -3.53127E-01
9.66998E+01 -4.35001E-01 -2.11531E-04 -3.58127E-01
9.67998E+01 -4.40001E-01 -2.13515E-04 -3.63131E-01
9.68998E+01 -4.45001E-01 -2.15907E-04 -3.68131E-01
9.69998E+01 -4.50001E-01 -2.18216E-04 -3.73138E-01
9.70998E+01 -4.55001E-01 -2.20427E-04 -3.78119E-01
9.71998E+01 -4.60001E-01 -2.22538E-04 -3.83120E-01
9.72998E+01 -4.65001E-01 -2.24623E-04 -3.88105E-01
9.73998E+01 -4.70001E-01 -2.26948E-04 -3.93143E-01
9.74998E+01 -4.75001E-01 -2.28744E-04 -3.98157E-01
9.75998E+01 -4.80001E-01 -2.30385E-04 -4.03138E-01
9.76998E+01 -4.85001E-01 -2.31714E-04 -4.08134E-01
9.77998E+01 -4.90001E-01 -2.33201E-04 -4.13161E-01
9.78998E+01 -4.95001E-01 -2.34488E-04 -4.18164E-01
9.79998E+01 -5.00001E-01 -2.35788E-04 -4.23144E-01
9.80998E+01 -5.05001E-01 -2.36963E-04 -4.28141E-01
9.81998E+01 -5.10001E-01 -2.38087E-04 -4.33146E-01
9.82998E+01 -5.15001E-01 -2.39057E-04 -4.38158E-01
9.83998E+01 -5.20001E-01 -2.39949E-04 -4.43149E-01
9.84998E+01 -5.25001E-01 -2.40728E-04 -4.48131E-01
9.85998E+01 -5.30001E-01 -2.41360E-04 -4.53160E-01
9.86998E+01 -5.35001E-01 -2.41857E-04 -4.58159E-01
9.87998E+01 -5.40001E-01 -2.42217E-04 -4.63137E-01
9.88998E+01 -5.45001E-01 -2.42409E-04 -4.68146E-01
9.89998E+01 -5.50001E-01 -2.42422E-04 -4.73152E-01
9.90998E+01 -5.55001E-01 -2.42189E-04 -4.78169E-01
9.91998E+01 -5.60001E-01 -2.41656E-04 -4.83145E-01
9.92998E+01 -5.65001E-01 -2.40974E-04 -4.88184E-01
9.93998E+01 -5.70001E-01 -2.38846E-04 -4.93178E-01
9.94998E+01 -5.75001E-01 -2.35062E-04 -4.98191E-01
9.95998E+01 -5.80001E-01 -2.28503E-04 -5.03196E-01
9.96998E+01 -5.85001E-01 -2.16819E-04 -5.08206E-01
9.97998E+01 -5.90001E-01 -1.97465E-04 -5.13216E-01
9.98998E+01 -5.95001E-01 -1.67495E-04 -5.18208E-01
9.99997E+01 -6.00001E-01 -1.36505E-04 -5.23221E-01
1.00100E+02 -6.05000E-01 -1.15150E-04 -5.28230E-01
1.00200E+02 -6.10000E-01 -1.01092E-04 -5.33218E-01
1.00300E+02 -6.15000E-01 -9.16688E-05 -5.38214E-01
1.00400E+02 -6.20000E-01 -8.49807E-05 -5.43190E-01
1.00500E+02 -6.25000E-01 -7.98049E-05 -5.48197E-01
1.00600E+02 -6.30000E-01 -7.55884E-05 -5.53222E-01
1.00700E+02 -6.35000E-01 -7.21546E-05 -5.58232E-01
1.00800E+02 -6.40000E-01 -6.91388E-05 -5.63211E-01
1.00900E+02 -6.45000E-01 -6.63790E-05 -5.68230E-01
1.01000E+02 -6.50000E-01 -6.39317E-05 -5.73246E-01
1.01100E+02 -6.55000E-01 -6.17321E-05 -5.78232E-01
1.01200E+02 -6.60000E-01 -5.97944E-05 -5.83257E-01
1.01300E+02 -6.65000E-01 -5.80754E-05 -5.88238E-01
1.01400E+02 -6.70000E-01 -5.64958E-05 -5.93252E-01
1.01500E+02 -6.75000E-01 -5.52252E-05 -5.98237E-01
1.01600E+02 -6.80000E-01 -5.38737E-05 -6.03241E-01
1.01700E+02 -6.85000E-01 -5.26924E-05 -6.08243E-01
1.01800E+02 -6.90000E-01 -5.15900E-05 -6.13254E-01
1.01900E+02 -6.95000E-01 -5.06243E-05 -6.18246E-01
1.02000E+02 -7.00000E-01 -4.97420E-05 -6.23227E-01
1.02100E+02 -7.05000E-01 -4.89747E-05 -6.28250E-01
1.02200E+02 -7.10000E-01 -4.82668E-05 -6.33275E-01
1.02300E+02 -7.15000E-01 -4.76447E-05 -6.38248E-01
1.02400E+02 -7.20000E-01 -4.70922E-05 -6.43250E-01
1.02500E+02 -7.25000E-01 -4.66355E-05 -6.48264E-01
1.02600E+02 -7.30000E-01 -4.62020E-05 -6.53274E-01
1.02700E+02 -7.35000E-01 -4.58289E-05 -6.58305E-01
1.02800E+02 -7.40000E-01 -4.55099E-05 -6.63260E-01
1.02900E+02 -7.45000E-01 -4.52408E-05 -6.68274E-01
1.03000E+02 -7.50000E-01 -4.50106E-05 -6.73278E-01
1.03100E+02 -7.55000E-01 -4.48220E-05 -6.78292E-01
1.03200E+02 -7.60000E-01 -4.46581E-05 -6.83283E-01
1.03300E+02 -7.65000E-01 -4.45249E-05 -6.88298E-01
1.03400E+02 -7.70000E-01 -4.44052E-05 -6.93282E-01
1.03500E+02 -7.75000E-01 -4.43230E-05 -6.98285E-01
1.03600E+02 -7.80000E-01 -4.42621E-05 -7.03295E-01
1.03700E+02 -7.85000E-01 -4.42048E-05 -7.08262E-01
1.03800E+02 -7.90000E-01 -4.41551E-05 -7.13289E-01
1.03900E+02 -7.95000E-01 -4.41346E-05 -7.18311E-01
