time/s      E/V        I/A
0.00000E+00 -8.00000E-01 -8.24500E-05 -7.63058E-01
9.99997E-02 -7.95000E-01 -5.59435E-05 -7.58034E-01
1.99999E-01 -7.90000E-01 -4.48104E-05 -7.53039E-01
2.99999E-01 -7.85000E-01 -3.75305E-05 -7.48050E-01
3.99999E-01 -7.80000E-01 -3.70960E-05 -7.43025E-01
4.99999E-01 -7.75000E-01 -3.32976E-05 -7.38037E-01
5.99998E-01 -7.70000E-01 -3.03423E-05 -7.33018E-01
6.99998E-01 -7.65000E-01 -2.79506E-05 -7.28022E-01
7.99998E-01 -7.60000E-01 -2.64293E-05 -7.23036E-01
8.99998E-01 -7.55000E-01 -2.47432E-05 -7.18021E-01
9.99997E-01 -7.50000E-01 -2.32911E-05 -7.13012E-01
1.10000E+00 -7.45000E-01 -2.20175E-05 -7.08014E-01
1.20000E+00 -7.40000E-01 -2.08921E-05 -7.03015E-01
1.30000E+00 -7.35000E-01 -1.98847E-05 -6.98027E-01
1.40000E+00 -7.30000E-01 -1.89748E-05 -6.93012E-01
1.50000E+00 -7.25000E-01 -1.81503E-05 -6.88013E-01
1.60000E+00 -7.20000E-01 -1.74000E-05 -6.83014E-01
1.70000E+00 -7.15000E-01 -1.67098E-05 -6.78029E-01
1.80000E+00 -7.10000E-01 -1.60798E-05 -6.73020E-01
1.90000E+00 -7.05000E-01 -1.54938E-05 -6.68001E-01
1.99999E+00 -7.00000E-01 -1.49907E-05 -6.63004E-01
2.09999E+00 -6.95000E-01 -1.45391E-05 -6.58011E-01
2.19999E+00 -6.90000E-01 -1.40629E-05 -6.52970E-01
2.29999E+00 -6.85000E-01 -1.35952E-05 -6.47977E-01
2.39999E+00 -6.80000E-01 -1.30744E-05 -6.42959E-01
2.49999E+00 -6.75000E-01 -1.26960E-05 -6.37983E-01
2.59999E+00 -6.70000E-01 -1.22971E-05 -6.32977E-01
2.69999E+00 -6.65000E-01 -1.19914E-05 -6.27974E-01
2.79999E+00 -6.60000E-01 -1.17398E-05 -6.22969E-01
2.89999E+00 -6.55000E-01 -1.14738E-05 -6.17979E-01
2.99999E+00 -6.50000E-01 -1.11510E-05 -6.12994E-01
3.09999E+00 -6.45000E-01 -1.09876E-05 -6.08005E-01
3.19999E+00 -6.40000E-01 -1.06862E-05 -6.02973E-01
3.29999E+00 -6.35000E-01 -1.03873E-05 -5.98000E-01
3.39999E+00 -6.30000E-01 -9.89258E-06 -5.92971E-01
3.49999E+00 -6.25000E-01 -9.55582E-06 -5.87975E-01
3.59999E+00 -6.20000E-01 -9.29266E-06 -5.82959E-01
3.69999E+00 -6.15000E-01 -9.14484E-06 -5.77952E-01
3.79999E+00 -6.10000E-01 -8.90155E-06 -5.72984E-01
3.89999E+00 -6.05000E-01 -8.63576E-06 -5.67957E-01
3.99999E+00 -6.00001E-01 -8.39002E-06 -5.62943E-01
4.09999E+00 -5.95001E-01 -8.14308E-06 -5.57955E-01
4.19999E+00 -5.90001E-01 -7.96058E-06 -5.52960E-01
4.29999E+00 -5.85001E-01 -7.74171E-06 -5.47958E-01
4.39999E+00 -5.80001E-01 -7.53501E-06 -5.42934E-01
4.49999E+00 -5.75001E-01 -7.37464E-06 -5.37943E-01
4.59999E+00 -5.70001E-01 -7.16757E-06 -5.32944E-01
4.69999E+00 -5.65001E-01 -6.85720E-06 -5.27930E-01
4.79999E+00 -5.60001E-01 -6.63557E-06 -5.22905E-01
4.89999E+00 -5.55001E-01 -6.38146E-06 -5.17910E-01
4.99999E+00 -5.50001E-01 -6.12922E-06 -5.12945E-01
5.09999E+00 -5.45001E-01 -5.96746E-06 -5.07941E-01
5.19999E+00 -5.40001E-01 -5.86883E-06 -5.02905E-01
5.29999E+00 -5.35001E-01 -5.79430E-06 -4.97916E-01
5.39999E+00 -5.30001E-01 -5.69145E-06 -4.92882E-01
5.49999E+00 -5.25001E-01 -5.61047E-06 -4.87883E-01
5.59999E+00 -5.20001E-01 -5.48105E-06 -4.82862E-01
5.69999E+00 -5.15001E-01 -5.36961E-06 -4.77882E-01
5.79999E+00 -5.10001E-01 -5.23084E-06 -4.72850E-01
5.89999E+00 -5.05001E-01 -5.11272E-06 -4.67855E-01
5.99998E+00 -5.00001E-01 -4.97658E-06 -4.62880E-01
6.09998E+00 -4.95001E-01 -4.86070E-06 -4.57877E-01
6.19998E+00 -4.90001E-01 -4.70822E-06 -4.52853E-01
6.29998E+00 -4.85001E-01 -4.56460E-06 -4.47850E-01
6.39998E+00 -4.80001E-01 -4.46185E-06 -4.42865E-01
6.49998E+00 -4.75001E-01 -4.35053E-06 -4.37877E-01
6.59998E+00 -4.70001E-01 -4.24883E-06 -4.32853E-01
6.69998E+00 -4.65001E-01 -4.14713E-06 -4.27851E-01
6.79998E+00 -4.60001E-01 -4.02596E-06 -4.22844E-01
6.89998E+00 -4.55001E-01 -3.91258E-06 -4.17864E-01
6.99998E+00 -4.50001E-01 -3.81976E-06 -4.12866E-01
7.09998E+00 -4.45001E-01 -3.75660E-06 -4.07846E-01
7.19998E+00 -4.40001E-01 -3.64719E-06 -4.02869E-01
7.29998E+00 -4.35001E-01 -3.53340E-06 -3.97867E-01
7.39998E+00 -4.30001E-01 -3.42324E-06 -3.92867E-01
7.49998E+00 -4.25001E-01 -3.32281E-06 -3.87861E-01
7.59998E+00 -4.20001E-01 -3.22809E-06 -3.82847E-01
7.69998E+00 -4.15001E-01 -3.12549E-06 -3.77848E-01
7.79998E+00 -4.10001E-01 -3.01571E-06 -3.72841E-01
7.89998E+00 -4.05001E-01 -2.92520E-06 -3.67836E-01
7.99998E+00 -4.00001E-01 -2.82782E-06 -3.62832E-01
8.09998E+00 -3.95001E-01 -2.72295E-06 -3.57839E-01
8.19998E+00 -3.90001E-01 -2.61737E-06 -3.52849E-01
8.29998E+00 -3.85001E-01 -2.52604E-06 -3.47845E-01
8.39998E+00 -3.80001E-01 -2.42141E-06 -3.42841E-01
8.49998E+00 -3.75001E-01 -2.33111E-06 -3.37840E-01
8.59998E+00 -3.70001E-01 -2.23662E-06 -3.32837E-01
8.69998E+00 -3.65001E-01 -2.14792E-06 -3.27845E-01
8.79998E+00 -3.60001E-01 -2.05318E-06 -3.22826E-01
8.89998E+00 -3.55001E-01 -1.96687E-06 -3.17827E-01
8.99998E+00 -3.50001E-01 -1.87501E-06 -3.12802E-01
9.09998E+00 -3.45001E-01 -1.78534E-06 -3.07817E-01
9.19998E+00 -3.40001E-01 -1.70553E-06 -3.02821E-01
9.29998E+00 -3.35001E-01 -1.58991E-06 -2.97787E-01
9.39998E+00 -3.30001E-01 -1.50548E-06 -2.92787E-01
9.49998E+00 -3.25001E-01 -1.41249E-06 -2.87802E-01
9.59998E+00 -3.20001E-01 -1.33194E-06 -2.82799E-01
9.69998E+00 -3.15001E-01 -1.23558E-06 -2.77781E-01
9.79998E+00 -3.10001E-01 -1.15089E-06 -2.72783E-01
9.89998E+00 -3.05001E-01 -1.06499E-06 -2.67799E-01
9.99997E+00 -3.00001E-01 -9.79534E-07 -2.62796E-01
1.01000E+01 -2.95001E-01 -8.90776E-07 -2.57800E-01
1.02000E+01 -2.90001E-01 -8.11189E-07 -2.52774E-01
1.03000E+01 -2.85001E-01 -7.27417E-07 -2.47777E-01
1.04000E+01 -2.80001E-01 -6.40235E-07 -2.42782E-01
1.05000E+01 -2.75001E-01 -5.63173E-07 -2.37764E-01
1.06000E+01 -2.70001E-01 -4.88023E-07 -2.32771E-01
1.07000E+01 -2.65001E-01 -4.01727E-07 -2.27744E-01
1.08000E+01 -2.60001E-01 -3.22947E-07 -2.22752E-01
1.09000E+01 -2.55001E-01 -2.48451E-07 -2.17768E-01
1.10000E+01 -2.50001E-01 -1.71577E-07 -2.12735E-01
1.11000E+01 -2.45001E-01 -1.00261E-07 -2.07750E-01
1.12000E+01 -2.40001E-01 -2.27551E-08 -2.02754E-01
1.13000E+01 -2.35001E-01 3.94968E-08  -1.97747E-01
1.14000E+01 -2.30001E-01 1.15062E-07  -1.92752E-01
1.15000E+01 -2.25001E-01 1.71435E-07  -1.87739E-01
1.16000E+01 -2.20001E-01 2.44562E-07  -1.82747E-01
1.17000E+01 -2.15001E-01 2.97768E-07  -1.77769E-01
1.18000E+01 -2.10001E-01 3.66528E-07  -1.72724E-01
1.19000E+01 -2.05001E-01 4.32827E-07  -1.67730E-01
1.20000E+01 -2.00002E-01 4.81216E-07  -1.62736E-01
1.21000E+01 -1.95002E-01 5.41289E-07  -1.57700E-01
1.22000E+01 -1.90002E-01 5.90312E-07  -1.52701E-01
1.23000E+01 -1.85002E-01 6.50751E-07  -1.47686E-01
1.24000E+01 -1.80002E-01 6.99594E-07  -1.42718E-01
1.25000E+01 -1.75002E-01 7.57891E-07  -1.37711E-01
1.26000E+01 -1.70002E-01 8.03427E-07  -1.32681E-01
1.27000E+01 -1.65002E-01 8.62114E-07  -1.27700E-01
1.28000E+01 -1.60002E-01 9.07663E-07  -1.22716E-01
1.29000E+01 -1.55002E-01 9.59394E-07  -1.17701E-01
1.30000E+01 -1.50002E-01 1.00936E-06  -1.12695E-01
1.31000E+01 -1.45002E-01 1.06148E-06  -1.07710E-01
1.32000E+01 -1.40002E-01 1.10626E-06  -1.02707E-01
1.33000E+01 -1.35002E-01 1.16197E-06  -9.76955E-02
1.34000E+01 -1.30002E-01 1.21205E-06  -9.26702E-02
1.35000E+01 -1.25002E-01 1.25965E-06  -8.76612E-02
1.36000E+01 -1.20002E-01 1.31874E-06  -8.27021E-02
1.37000E+01 -1.15002E-01 1.36478E-06  -7.76918E-02
1.38000E+01 -1.10002E-01 1.41848E-06  -7.26659E-02
1.39000E+01 -1.05002E-01 1.47152E-06  -6.76594E-02
1.40000E+01 -1.00002E-01 1.52812E-06  -6.26828E-02
1.41000E+01 -9.50018E-02 1.57586E-06  -5.76794E-02
1.42000E+01 -9.00018E-02 1.63468E-06  -5.26741E-02
1.43000E+01 -8.50018E-02 1.69083E-06  -4.76795E-02
1.44000E+01 -8.00018E-02 1.74612E-06  -4.26748E-02
1.45000E+01 -7.50018E-02 1.80220E-06  -3.76782E-02
1.46000E+01 -7.00018E-02 1.86084E-06  -3.26436E-02
1.47000E+01 -6.50018E-02 1.92077E-06  -2.76689E-02
1.48000E+01 -6.00019E-02 1.97371E-06  -2.26780E-02
1.49000E+01 -5.50019E-02 2.03468E-06  -1.76627E-02
1.50000E+01 -5.00019E-02 2.09456E-06  -1.26612E-02
1.51000E+01 -4.50019E-02 2.14873E-06  -7.62654E-03
1.52000E+01 -4.00019E-02 2.21040E-06  -2.64246E-03
1.53000E+01 -3.50019E-02 2.27368E-06  2.35345E-03 
1.54000E+01 -3.00019E-02 2.34037E-06  7.35562E-03 
1.55000E+01 -2.50019E-02 2.39974E-06  1.23535E-02 
1.56000E+01 -2.00020E-02 2.47315E-06  1.73762E-02 
1.57000E+01 -1.50020E-02 2.53790E-06  2.23827E-02 
1.58000E+01 -1.00020E-02 2.60715E-06  2.73449E-02 
1.59000E+01 -5.00199E-03 2.67293E-06  3.23839E-02 
1.60000E+01 -2.00000E-06 2.74234E-06  3.73861E-02 
1.61000E+01 4.99799E-03  2.80877E-06  4.23746E-02 
1.62000E+01 9.99797E-03  2.88175E-06  4.73761E-02 
1.63000E+01 1.49980E-02  2.95669E-06  5.23945E-02 
1.64000E+01 1.99979E-02  3.02541E-06  5.73867E-02 
1.65000E+01 2.49979E-02  3.10450E-06  6.23995E-02 
1.66000E+01 2.99979E-02  3.18155E-06  6.73679E-02 
1.67000E+01 3.49979E-02  3.25820E-06  7.23919E-02 
1.68000E+01 3.99979E-02  3.33232E-06  7.74103E-02 
1.69000E+01 4.49979E-02  3.41470E-06  8.24163E-02 
1.70000E+01 4.99979E-02  3.49036E-06  8.73985E-02 
1.71000E+01 5.49979E-02  3.57181E-06  9.24106E-02 
1.72000E+01 5.99978E-02  3.65158E-06  9.74121E-02 
1.73000E+01 6.49978E-02  3.73042E-06  1.02406E-01 
1.74000E+01 6.99978E-02  3.81676E-06  1.07398E-01 
1.75000E+01 7.49978E-02  3.89544E-06  1.12410E-01 
1.76000E+01 7.99978E-02  3.98461E-06  1.17431E-01 
1.77000E+01 8.49978E-02  4.06659E-06  1.22421E-01 
1.78000E+01 8.99978E-02  4.15740E-06  1.27431E-01 
1.79000E+01 9.49978E-02  4.24552E-06  1.32428E-01 
1.80000E+01 9.99977E-02  4.33452E-06  1.37441E-01 
1.81000E+01 1.04998E-01  4.42513E-06  1.42443E-01 
1.82000E+01 1.09998E-01  4.51818E-06  1.47457E-01 
1.83000E+01 1.14998E-01  4.61349E-06  1.52444E-01 
1.84000E+01 1.19998E-01  4.70833E-06  1.57449E-01 
1.85000E+01 1.24998E-01  4.80959E-06  1.62446E-01 
1.86000E+01 1.29998E-01  4.90795E-06  1.67441E-01 
1.87000E+01 1.34998E-01  5.01075E-06  1.72445E-01 
1.88000E+01 1.39998E-01  5.11063E-06  1.77464E-01 
1.89000E+01 1.44998E-01  5.21509E-06  1.82452E-01 
1.90000E+01 1.49998E-01  5.32169E-06  1.87456E-01 
1.91000E+01 1.54998E-01  5.43363E-06  1.92460E-01 
1.92000E+01 1.59998E-01  5.53746E-06  1.97451E-01 
1.93000E+01 1.64998E-01  5.65465E-06  2.02478E-01 
1.94000E+01 1.69998E-01  5.76342E-06  2.07486E-01 
1.95000E+01 1.74998E-01  5.87971E-06  2.12470E-01 
1.96000E+01 1.79998E-01  5.99639E-06  2.17493E-01 
1.97000E+01 1.84998E-01  6.11368E-06  2.22478E-01 
1.98000E+01 1.89998E-01  6.23198E-06  2.27479E-01 
1.99000E+01 1.94998E-01  6.35551E-06  2.32483E-01 
1.99999E+01 1.99997E-01  6.47234E-06  2.37480E-01 
2.00999E+01 2.04997E-01  6.60113E-06  2.42476E-01 
2.01999E+01 2.09997E-01  6.71874E-06  2.47482E-01 
2.02999E+01 2.14997E-01  6.84834E-06  2.52471E-01 
2.03999E+01 2.19997E-01  6.97372E-06  2.57483E-01 
2.04999E+01 2.24997E-01  7.10071E-06  2.62502E-01 
2.05999E+01 2.29997E-01  7.23408E-06  2.67500E-01 
2.06999E+01 2.34997E-01  7.36161E-06  2.72499E-01 
2.07999E+01 2.39997E-01  7.50248E-06  2.77496E-01 
2.08999E+01 2.44997E-01  7.62685E-06  2.82515E-01 
2.09999E+01 2.49997E-01  7.76979E-06  2.87513E-01 
2.10999E+01 2.54997E-01  7.91371E-06  2.92498E-01 
2.11999E+01 2.59997E-01  8.04838E-06  2.97491E-01 
2.12999E+01 2.64997E-01  8.19685E-06  3.02502E-01 
2.13999E+01 2.69997E-01  8.34788E-06  3.07518E-01 
2.14999E+01 2.74997E-01  8.49373E-06  3.12511E-01 
2.15999E+01 2.79997E-01  8.66198E-06  3.17533E-01 
2.16999E+01 2.84997E-01  8.79827E-06  3.22532E-01 
2.17999E+01 2.89997E-01  8.97163E-06  3.27521E-01 
2.18999E+01 2.94997E-01  9.11156E-06  3.32523E-01 
2.19999E+01 2.99997E-01  9.24712E-06  3.37546E-01 
2.20999E+01 3.04997E-01  9.39017E-06  3.42529E-01 
2.21999E+01 3.09997E-01  9.51634E-06  3.47531E-01 
2.22999E+01 3.14997E-01  9.65009E-06  3.52539E-01 
2.23999E+01 3.19997E-01  9.82862E-06  3.57535E-01 
2.24999E+01 3.24997E-01  9.92709E-06  3.62535E-01 
2.25999E+01 3.29997E-01  1.01123E-05  3.67568E-01 
2.26999E+01 3.34997E-01  1.03484E-05  3.72566E-01 
2.27999E+01 3.39997E-01  1.05715E-05  3.77570E-01 
2.28999E+01 3.44997E-01  1.08250E-05  3.82556E-01 
2.29999E+01 3.49997E-01  1.10136E-05  3.87557E-01 
2.30999E+01 3.54997E-01  1.10918E-05  3.92558E-01 
2.31999E+01 3.59997E-01  1.11175E-05  3.97576E-01 
2.32999E+01 3.64997E-01  1.14142E-05  4.02571E-01 
2.33999E+01 3.69997E-01  1.18654E-05  4.07567E-01 
2.34999E+01 3.74997E-01  1.21004E-05  4.12584E-01 
2.35999E+01 3.79997E-01  1.23658E-05  4.17576E-01 
2.36999E+01 3.84997E-01  1.26632E-05  4.22586E-01 
2.37999E+01 3.89997E-01  1.31068E-05  4.27582E-01 
2.38999E+01 3.94997E-01  1.36851E-05  4.32582E-01 
2.39999E+01 3.99997E-01  1.40777E-05  4.37608E-01 
2.40999E+01 4.04997E-01  1.42022E-05  4.42594E-01 
2.41999E+01 4.09997E-01  1.41906E-05  4.47600E-01 
2.42999E+01 4.14997E-01  1.42093E-05  4.52585E-01 
2.43999E+01 4.19997E-01  1.42763E-05  4.57611E-01 
2.44999E+01 4.24997E-01  1.44043E-05  4.62615E-01 
2.45999E+01 4.29997E-01  1.46690E-05  4.67618E-01 
2.46999E+01 4.34997E-01  1.48394E-05  4.72632E-01 
2.47999E+01 4.39997E-01  1.49255E-05  4.77636E-01 
2.48999E+01 4.44997E-01  1.51151E-05  4.82628E-01 
2.49999E+01 4.49997E-01  1.53201E-05  4.87644E-01 
2.50999E+01 4.54997E-01  1.54797E-05  4.92645E-01 
2.51999E+01 4.59997E-01  1.56833E-05  4.97640E-01 
2.52999E+01 4.64997E-01  1.58868E-05  5.02617E-01 
2.53999E+01 4.69997E-01  1.60655E-05  5.07628E-01 
2.54999E+01 4.74997E-01  1.62110E-05  5.12638E-01 
2.55999E+01 4.79997E-01  1.63848E-05  5.17647E-01 
2.56999E+01 4.84997E-01  1.66197E-05  5.22630E-01 
2.57999E+01 4.89997E-01  1.68565E-05  5.27654E-01 
2.58999E+01 4.94997E-01  1.70904E-05  5.32661E-01 
2.59999E+01 4.99997E-01  1.74718E-05  5.37648E-01 
2.60999E+01 5.04997E-01  1.76727E-05  5.42636E-01 
2.61999E+01 5.09997E-01  1.77765E-05  5.47647E-01 
2.62999E+01 5.14997E-01  1.79384E-05  5.52657E-01 
2.63999E+01 5.19997E-01  1.81091E-05  5.57658E-01 
2.64999E+01 5.24997E-01  1.82694E-05  5.62654E-01 
2.65999E+01 5.29997E-01  1.84931E-05  5.67675E-01 
2.66999E+01 5.34997E-01  1.86828E-05  5.72666E-01 
2.67999E+01 5.39997E-01  1.88545E-05  5.77656E-01 
2.68999E+01 5.44997E-01  1.89550E-05  5.82649E-01 
2.69999E+01 5.49997E-01  1.91111E-05  5.87673E-01 
2.70999E+01 5.54997E-01  1.92738E-05  5.92681E-01 
2.71999E+01 5.59997E-01  1.94067E-05  5.97695E-01 
2.72999E+01 5.64997E-01  1.95895E-05  6.02689E-01 
2.73999E+01 5.69997E-01  1.97568E-05  6.07701E-01 
2.74999E+01 5.74997E-01  1.99426E-05  6.12692E-01 
2.75999E+01 5.79997E-01  2.00490E-05  6.17718E-01 
2.76999E+01 5.84997E-01  2.01905E-05  6.22711E-01 
2.77999E+01 5.89997E-01  2.03511E-05  6.27706E-01 
2.78999E+01 5.94997E-01  2.05851E-05  6.32712E-01 
2.79999E+01 5.99996E-01  2.09118E-05  6.37764E-01 
2.80999E+01 6.04996E-01  2.12342E-05  6.42730E-01 
2.81999E+01 6.09996E-01  2.15337E-05  6.47724E-01 
2.82999E+01 6.14996E-01  2.17201E-05  6.52747E-01 
2.83999E+01 6.19996E-01  2.19634E-05  6.57752E-01 
2.84999E+01 6.24996E-01  2.20487E-05  6.62742E-01 
2.85999E+01 6.29996E-01  2.20625E-05  6.67743E-01 
2.86999E+01 6.34996E-01  2.21684E-05  6.72737E-01 
2.87999E+01 6.39996E-01  2.22551E-05  6.77762E-01 
2.88999E+01 6.44996E-01  2.24481E-05  6.82746E-01 
2.89999E+01 6.49996E-01  2.25955E-05  6.87749E-01 
2.90999E+01 6.54996E-01  2.26753E-05  6.92756E-01 
2.91999E+01 6.59996E-01  2.27375E-05  6.97780E-01 
2.92999E+01 6.64996E-01  2.28453E-05  7.02761E-01 
2.93999E+01 6.69996E-01  2.28940E-05  7.07767E-01 
2.94999E+01 6.74996E-01  2.29753E-05  7.12752E-01 
2.95999E+01 6.79996E-01  2.30238E-05  7.17765E-01 
2.96999E+01 6.84996E-01  2.30549E-05  7.22751E-01 
2.97999E+01 6.89996E-01  2.31368E-05  7.27744E-01 
2.98999E+01 6.94996E-01  2.32632E-05  7.32756E-01 
2.99999E+01 6.99996E-01  2.33477E-05  7.37777E-01 
3.00999E+01 7.04996E-01  2.34176E-05  7.42802E-01 
3.01999E+01 7.09996E-01  2.34539E-05  7.47768E-01 
3.02999E+01 7.14996E-01  2.34667E-05  7.52761E-01 
3.03999E+01 7.19996E-01  2.35058E-05  7.57786E-01 
3.04999E+01 7.24996E-01  2.36611E-05  7.62782E-01 
3.05999E+01 7.29996E-01  2.39629E-05  7.67781E-01 
3.06999E+01 7.34996E-01  2.40435E-05  7.72793E-01 
3.07999E+01 7.39996E-01  2.40528E-05  7.77778E-01 
3.08999E+01 7.44996E-01  2.40408E-05  7.82780E-01 
3.09999E+01 7.49996E-01  2.41170E-05  7.87790E-01 
3.10999E+01 7.54996E-01  2.39915E-05  7.92792E-01 
3.11999E+01 7.59996E-01  2.39299E-05  7.97801E-01 
3.12999E+01 7.64996E-01  2.39929E-05  8.02810E-01 
3.13999E+01 7.69996E-01  2.40390E-05  8.07826E-01 
3.14999E+01 7.74996E-01  2.40830E-05  8.12817E-01 
3.15999E+01 7.79996E-01  2.41649E-05  8.17818E-01 
3.16999E+01 7.84996E-01  2.42545E-05  8.22806E-01 
3.17999E+01 7.89996E-01  2.42899E-05  8.27799E-01 
3.18999E+01 7.94996E-01  2.42716E-05  8.32811E-01 
3.19999E+01 7.99996E-01  2.42048E-05  8.37822E-01 
3.20999E+01 8.04996E-01  2.42498E-05  8.42825E-01 
3.21999E+01 8.09996E-01  2.42938E-05  8.47814E-01 
3.22999E+01 8.14996E-01  2.43705E-05  8.52833E-01 
3.23999E+01 8.19996E-01  2.45327E-05  8.57830E-01 
3.24999E+01 8.24996E-01  2.47405E-05  8.62831E-01 
3.25999E+01 8.29996E-01  2.48723E-05  8.67814E-01 
3.26999E+01 8.34996E-01  2.49513E-05  8.72844E-01 
3.27999E+01 8.39996E-01  2.50425E-05  8.77840E-01 
3.28999E+01 8.44996E-01  2.51867E-05  8.82824E-01 
3.29999E+01 8.49996E-01  2.53452E-05  8.87840E-01 
3.30999E+01 8.54996E-01  2.55195E-05  8.92833E-01 
3.31999E+01 8.59996E-01  2.57073E-05  8.97884E-01 
3.32999E+01 8.64996E-01  2.57837E-05  9.02857E-01 
3.33999E+01 8.69996E-01  2.58724E-05  9.07860E-01 
3.34999E+01 8.74996E-01  2.59126E-05  9.12870E-01 
3.35999E+01 8.79996E-01  2.60171E-05  9.17914E-01 
3.36999E+01 8.84996E-01  2.61458E-05  9.22888E-01 
3.37999E+01 8.89996E-01  2.60912E-05  9.27885E-01 
3.38999E+01 8.94996E-01  2.61467E-05  9.32870E-01 
3.39999E+01 8.99996E-01  2.63708E-05  9.37893E-01 
3.40999E+01 9.04996E-01  2.63133E-05  9.42914E-01 
3.41999E+01 9.09996E-01  2.62348E-05  9.47891E-01 
3.42999E+01 9.14996E-01  2.62262E-05  9.52887E-01 
3.43999E+01 9.19996E-01  2.62237E-05  9.57899E-01 
3.44999E+01 9.24996E-01  2.62668E-05  9.62920E-01 
3.45999E+01 9.29996E-01  2.62634E-05  9.67917E-01 
3.46999E+01 9.34996E-01  2.63266E-05  9.72914E-01 
3.47999E+01 9.39996E-01  2.64148E-05  9.77913E-01 
3.48999E+01 9.44996E-01  2.65346E-05  9.82925E-01 
3.49999E+01 9.49996E-01  2.67280E-05  9.87937E-01 
3.50999E+01 9.54996E-01  2.67602E-05  9.92923E-01 
3.51999E+01 9.59996E-01  2.68001E-05  9.97915E-01 
3.52999E+01 9.64996E-01  2.68922E-05  1.00292E+00 
3.53999E+01 9.69996E-01  2.69582E-05  1.00795E+00 
3.54999E+01 9.74996E-01  2.69806E-05  1.01293E+00 
3.55999E+01 9.79996E-01  2.68673E-05  1.01793E+00 
3.56999E+01 9.84996E-01  2.67850E-05  1.02293E+00 
3.57999E+01 9.89996E-01  2.68050E-05  1.02796E+00 
3.58999E+01 9.94996E-01  2.69315E-05  1.03295E+00 
3.59999E+01 9.99995E-01  2.74749E-05  1.03793E+00 
3.60999E+01 1.00500E+00  2.77609E-05  1.04292E+00 
3.61999E+01 1.01000E+00  2.79536E-05  1.04795E+00 
3.62999E+01 1.01500E+00  2.82082E-05  1.05294E+00 
3.63999E+01 1.02000E+00  2.85750E-05  1.05795E+00 
3.64999E+01 1.02500E+00  2.88976E-05  1.06294E+00 
3.65999E+01 1.03000E+00  2.91775E-05  1.06796E+00 
3.66999E+01 1.03500E+00  2.95634E-05  1.07295E+00 
3.67999E+01 1.04000E+00  2.99013E-05  1.07796E+00 
3.68999E+01 1.04500E+00  3.03420E-05  1.08294E+00 
3.69999E+01 1.05000E+00  3.08922E-05  1.08796E+00 
3.70999E+01 1.05500E+00  3.28077E-05  1.09297E+00 
3.71999E+01 1.06000E+00  3.29994E-05  1.09797E+00 
3.72999E+01 1.06500E+00  3.29079E-05  1.10297E+00 
3.73999E+01 1.07000E+00  3.32096E-05  1.10800E+00 
3.74999E+01 1.07500E+00  3.37210E-05  1.11299E+00 
3.75999E+01 1.08000E+00  3.42153E-05  1.11801E+00 
3.76999E+01 1.08500E+00  3.47785E-05  1.12302E+00 
3.77999E+01 1.09000E+00  3.53267E-05  1.12801E+00 
3.78999E+01 1.09500E+00  3.59181E-05  1.13301E+00 
3.79999E+01 1.10000E+00  3.65089E-05  1.13799E+00 
3.80999E+01 1.10500E+00  3.71384E-05  1.14302E+00 
3.81999E+01 1.11000E+00  3.78142E-05  1.14804E+00 
3.82999E+01 1.11500E+00  3.84988E-05  1.15300E+00 
3.83999E+01 1.12000E+00  3.91732E-05  1.15799E+00 
3.84999E+01 1.12500E+00  3.98265E-05  1.16303E+00 
3.85999E+01 1.13000E+00  4.05425E-05  1.16805E+00 
3.86999E+01 1.13500E+00  4.10959E-05  1.17303E+00 
3.87999E+01 1.14000E+00  4.17589E-05  1.17801E+00 
3.88999E+01 1.14500E+00  4.24339E-05  1.18304E+00 
3.89999E+01 1.15000E+00  4.30936E-05  1.18806E+00 
3.90999E+01 1.15500E+00  4.37711E-05  1.19304E+00 
3.91999E+01 1.16000E+00  4.44392E-05  1.19804E+00 
3.92999E+01 1.16500E+00  4.51811E-05  1.20303E+00 
3.93999E+01 1.17000E+00  4.58716E-05  1.20806E+00 
3.94999E+01 1.17500E+00  4.65986E-05  1.21306E+00 
3.95999E+01 1.18000E+00  4.72652E-05  1.21804E+00 
3.96999E+01 1.18500E+00  4.79513E-05  1.22305E+00 
3.97999E+01 1.19000E+00  4.87584E-05  1.22804E+00 
3.98999E+01 1.19500E+00  4.94067E-05  1.23304E+00 
3.99999E+01 1.19999E+00  5.01609E-05  1.23804E+00 
4.00999E+01 1.20499E+00  5.09391E-05  1.24305E+00 
4.01999E+01 1.20999E+00  5.17359E-05  1.24807E+00 
4.02999E+01 1.21499E+00  5.25415E-05  1.25308E+00 
4.03999E+01 1.21999E+00  5.33652E-05  1.25807E+00 
4.04999E+01 1.22499E+00  5.41801E-05  1.26305E+00 
4.05999E+01 1.22999E+00  5.49911E-05  1.26805E+00 
4.06999E+01 1.23499E+00  5.58332E-05  1.27308E+00 
4.07999E+01 1.23999E+00  5.67043E-05  1.27807E+00 
4.08999E+01 1.24499E+00  5.75908E-05  1.28307E+00 
4.09999E+01 1.24999E+00  5.84556E-05  1.28807E+00 
4.10999E+01 1.25499E+00  5.93208E-05  1.29308E+00 
4.11999E+01 1.25999E+00  6.01035E-05  1.29811E+00 
4.12999E+01 1.26499E+00  6.09058E-05  1.30309E+00 
4.13999E+01 1.26999E+00  6.17246E-05  1.30808E+00 
4.14999E+01 1.27499E+00  6.24950E-05  1.31305E+00 
4.15999E+01 1.27999E+00  6.32091E-05  1.31808E+00 
4.16999E+01 1.28499E+00  6.39395E-05  1.32309E+00 
4.17999E+01 1.28999E+00  6.49060E-05  1.32806E+00 
4.18999E+01 1.29499E+00  6.59199E-05  1.33310E+00 
4.19999E+01 1.29999E+00  6.68061E-05  1.33809E+00 
4.20999E+01 1.30499E+00  6.74702E-05  1.34307E+00 
4.21999E+01 1.30999E+00  6.72696E-05  1.34806E+00 
4.22999E+01 1.31499E+00  6.92163E-05  1.35307E+00 
4.23999E+01 1.31999E+00  7.00781E-05  1.35810E+00 
4.24999E+01 1.32499E+00  6.99349E-05  1.36310E+00 
4.25999E+01 1.32999E+00  7.13827E-05  1.36808E+00 
4.26999E+01 1.33499E+00  7.29181E-05  1.37308E+00 
4.27999E+01 1.33999E+00  7.62150E-05  1.37811E+00 
4.28999E+01 1.34499E+00  7.63800E-05  1.38310E+00 
4.29999E+01 1.34999E+00  7.80982E-05  1.38812E+00 
4.30999E+01 1.35499E+00  8.07145E-05  1.39312E+00 
4.31999E+01 1.35999E+00  8.32531E-05  1.39812E+00 
4.32999E+01 1.36499E+00  8.46539E-05  1.40312E+00 
4.33999E+01 1.36999E+00  8.63565E-05  1.40811E+00 
4.34999E+01 1.37499E+00  8.80511E-05  1.41313E+00 
4.35999E+01 1.37999E+00  8.97827E-05  1.41813E+00 
4.36999E+01 1.38499E+00  9.16795E-05  1.42312E+00 
4.37999E+01 1.38999E+00  9.30276E-05  1.42814E+00 
4.38999E+01 1.39499E+00  9.44901E-05  1.43315E+00 
4.39999E+01 1.39999E+00  9.58933E-05  1.43814E+00 
4.40999E+01 1.40499E+00  9.72520E-05  1.44315E+00 
4.41999E+01 1.40999E+00  9.90132E-05  1.44817E+00 
4.42999E+01 1.41499E+00  1.00533E-04  1.45318E+00 
4.43999E+01 1.41999E+00  1.01365E-04  1.45819E+00 
4.44999E+01 1.42499E+00  1.03354E-04  1.46316E+00 
4.45999E+01 1.42999E+00  1.06707E-04  1.46818E+00 
4.46999E+01 1.43499E+00  1.10019E-04  1.47320E+00 
4.47999E+01 1.43999E+00  1.12827E-04  1.47820E+00 
4.48999E+01 1.44499E+00  1.14666E-04  1.48319E+00 
4.49999E+01 1.44999E+00  1.16993E-04  1.48821E+00 
4.50999E+01 1.45499E+00  1.18426E-04  1.49322E+00 
4.51999E+01 1.45999E+00  1.19777E-04  1.49821E+00 
4.52999E+01 1.46499E+00  1.20396E-04  1.50321E+00 
4.53999E+01 1.46999E+00  1.21757E-04  1.50822E+00 
4.54999E+01 1.47499E+00  1.22769E-04  1.51323E+00 
4.55999E+01 1.47999E+00  1.24977E-04  1.51822E+00 
4.56999E+01 1.48499E+00  1.27035E-04  1.52320E+00 
4.57999E+01 1.48999E+00  1.28046E-04  1.52820E+00 
4.58999E+01 1.49499E+00  1.30281E-04  1.53323E+00 
4.59999E+01 1.49999E+00  1.32064E-04  1.53822E+00 
4.60999E+01 1.50499E+00  1.34515E-04  1.54321E+00 
4.61999E+01 1.50999E+00  1.36215E-04  1.54823E+00 
4.62999E+01 1.51499E+00  1.38307E-04  1.55323E+00 
4.63999E+01 1.51999E+00  1.38862E-04  1.55824E+00 
4.64999E+01 1.52499E+00  1.40601E-04  1.56323E+00 
4.65999E+01 1.52999E+00  1.41999E-04  1.56822E+00 
4.66999E+01 1.53499E+00  1.43163E-04  1.57323E+00 
4.67999E+01 1.53999E+00  1.43919E-04  1.57824E+00 
4.68999E+01 1.54499E+00  1.45319E-04  1.58325E+00 
4.69999E+01 1.54999E+00  1.47221E-04  1.58823E+00 
4.70999E+01 1.55499E+00  1.50714E-04  1.59324E+00 
4.71999E+01 1.55999E+00  1.54872E-04  1.59825E+00 
4.72999E+01 1.56499E+00  1.57625E-04  1.60325E+00 
4.73999E+01 1.56999E+00  1.61455E-04  1.60827E+00 
4.74999E+01 1.57499E+00  1.65984E-04  1.61325E+00 
4.75999E+01 1.57999E+00  1.70825E-04  1.61824E+00 
4.76999E+01 1.58499E+00  1.74664E-04  1.62326E+00 
4.77999E+01 1.58999E+00  1.77699E-04  1.62827E+00 
4.78999E+01 1.59499E+00  1.80606E-04  1.63328E+00 
4.79999E+01 1.59999E+00  1.85417E-04  1.63826E+00 
4.80999E+01 1.60499E+00  1.89809E-04  1.64328E+00 
4.81999E+01 1.60999E+00  1.93316E-04  1.64829E+00 
4.82999E+01 1.61499E+00  1.97391E-04  1.65328E+00 
4.83999E+01 1.61999E+00  2.00326E-04  1.65825E+00 
4.84999E+01 1.62499E+00  2.04589E-04  1.66328E+00 
4.85999E+01 1.62999E+00  2.09118E-04  1.66831E+00 
4.86999E+01 1.63499E+00  2.13757E-04  1.67330E+00 
4.87999E+01 1.63999E+00  2.18407E-04  1.67829E+00 
4.88999E+01 1.64499E+00  2.21949E-04  1.68330E+00 
4.89999E+01 1.64999E+00  2.25714E-04  1.68830E+00 
4.90999E+01 1.65499E+00  2.30020E-04  1.69329E+00 
4.91999E+01 1.65999E+00  2.34317E-04  1.69829E+00 
4.92999E+01 1.66499E+00  2.37916E-04  1.70330E+00 
4.93999E+01 1.66999E+00  2.41568E-04  1.70830E+00 
4.94999E+01 1.67499E+00  2.44967E-04  1.71330E+00 
4.95999E+01 1.67999E+00  2.48824E-04  1.71831E+00 
4.96999E+01 1.68499E+00  2.52495E-04  1.72330E+00 
4.97999E+01 1.68999E+00  2.56091E-04  1.72833E+00 
4.98999E+01 1.69499E+00  2.59612E-04  1.73333E+00 
4.99999E+01 1.69999E+00  2.62968E-04  1.73834E+00 
5.00999E+01 1.70499E+00  2.66397E-04  1.74333E+00 
5.01999E+01 1.70999E+00  2.69885E-04  1.74835E+00 
5.02999E+01 1.71499E+00  2.73174E-04  1.75334E+00 
5.03999E+01 1.71999E+00  2.76633E-04  1.75837E+00 
5.04999E+01 1.72499E+00  2.80199E-04  1.76338E+00 
5.05999E+01 1.72999E+00  2.83630E-04  1.76837E+00 
5.06999E+01 1.73499E+00  2.87079E-04  1.77336E+00 
5.07999E+01 1.73999E+00  2.90001E-04  1.77837E+00 
5.08999E+01 1.74499E+00  2.93263E-04  1.78337E+00 
5.09999E+01 1.74999E+00  2.96644E-04  1.78839E+00 
5.10999E+01 1.75499E+00  2.99968E-04  1.79338E+00 
5.11999E+01 1.75999E+00  3.03243E-04  1.79836E+00 
5.12999E+01 1.76499E+00  3.06489E-04  1.80339E+00 
5.13999E+01 1.76999E+00  3.09385E-04  1.80837E+00 
5.14999E+01 1.77499E+00  3.12465E-04  1.81339E+00 
5.15999E+01 1.77999E+00  3.15617E-04  1.81839E+00 
5.16999E+01 1.78499E+00  3.18710E-04  1.82340E+00 
5.17999E+01 1.78999E+00  3.21625E-04  1.82840E+00 
5.18999E+01 1.79499E+00  3.24461E-04  1.83340E+00 
5.19999E+01 1.79999E+00  3.26969E-04  1.83840E+00 
5.20999E+01 1.79499E+00  3.19931E-04  1.83341E+00 
5.21999E+01 1.78999E+00  3.13511E-04  1.82840E+00 
5.22999E+01 1.78499E+00  3.06962E-04  1.82341E+00 
5.23999E+01 1.77999E+00  3.00619E-04  1.81839E+00 
5.24999E+01 1.77499E+00  2.94434E-04  1.81339E+00 
5.25999E+01 1.76999E+00  2.87893E-04  1.80840E+00 
5.26999E+01 1.76499E+00  2.82002E-04  1.80339E+00 
5.27999E+01 1.75999E+00  2.76399E-04  1.79838E+00 
5.28999E+01 1.75499E+00  2.70769E-04  1.79338E+00 
5.29999E+01 1.74999E+00  2.65466E-04  1.78838E+00 
5.30999E+01 1.74499E+00  2.59869E-04  1.78341E+00 
5.31999E+01 1.73999E+00  2.54602E-04  1.77838E+00 
5.32999E+01 1.73499E+00  2.49187E-04  1.77335E+00 
5.33999E+01 1.72999E+00  2.43850E-04  1.76836E+00 
5.34999E+01 1.72499E+00  2.38565E-04  1.76335E+00 
5.35999E+01 1.71999E+00  2.33648E-04  1.75834E+00 
5.36999E+01 1.71499E+00  2.28561E-04  1.75335E+00 
5.37999E+01 1.70999E+00  2.23642E-04  1.74833E+00 
5.38999E+01 1.70499E+00  2.18730E-04  1.74331E+00 
5.39999E+01 1.69999E+00  2.13913E-04  1.73830E+00 
5.40999E+01 1.69499E+00  2.09349E-04  1.73333E+00 
5.41999E+01 1.68999E+00  2.04709E-04  1.72830E+00 
5.42999E+01 1.68499E+00  2.00152E-04  1.72330E+00 
5.43999E+01 1.67999E+00  1.95688E-04  1.71830E+00 
5.44999E+01 1.67499E+00  1.91352E-04  1.71330E+00 
5.45999E+01 1.66999E+00  1.87148E-04  1.70831E+00 
5.46999E+01 1.66499E+00  1.82960E-04  1.70329E+00 
5.47999E+01 1.65999E+00  1.78688E-04  1.69829E+00 
5.48999E+01 1.65499E+00  1.74526E-04  1.69329E+00 
5.49999E+01 1.64999E+00  1.70493E-04  1.68831E+00 
5.50999E+01 1.64499E+00  1.66404E-04  1.68328E+00 
5.51999E+01 1.63999E+00  1.62549E-04  1.67829E+00 
5.52999E+01 1.63499E+00  1.58631E-04  1.67328E+00 
5.53999E+01 1.62999E+00  1.54762E-04  1.66829E+00 
5.54999E+01 1.62499E+00  1.50897E-04  1.66330E+00 
5.55999E+01 1.61999E+00  1.47199E-04  1.65827E+00 
5.56999E+01 1.61499E+00  1.43554E-04  1.65330E+00 
5.57999E+01 1.60999E+00  1.40068E-04  1.64829E+00 
5.58999E+01 1.60499E+00  1.36645E-04  1.64329E+00 
5.59999E+01 1.59999E+00  1.33519E-04  1.63829E+00 
5.60999E+01 1.59499E+00  1.30353E-04  1.63331E+00 
5.61999E+01 1.58999E+00  1.26850E-04  1.62831E+00 
5.62999E+01 1.58499E+00  1.23347E-04  1.62331E+00 
5.63999E+01 1.57999E+00  1.20079E-04  1.61830E+00 
5.64999E+01 1.57499E+00  1.16918E-04  1.61330E+00 
5.65999E+01 1.56999E+00  1.14104E-04  1.60829E+00 
5.66999E+01 1.56499E+00  1.11299E-04  1.60328E+00 
5.67999E+01 1.55999E+00  1.08394E-04  1.59828E+00 
5.68999E+01 1.55499E+00  1.05631E-04  1.59326E+00 
5.69999E+01 1.54999E+00  1.02674E-04  1.58827E+00 
5.70999E+01 1.54499E+00  9.99608E-05  1.58324E+00 
5.71999E+01 1.53999E+00  9.78409E-05  1.57826E+00 
5.72999E+01 1.53499E+00  9.61264E-05  1.57324E+00 
5.73999E+01 1.52999E+00  9.44851E-05  1.56824E+00 
5.74999E+01 1.52499E+00  9.29262E-05  1.56324E+00 
5.75999E+01 1.51999E+00  9.13266E-05  1.55823E+00 
5.76999E+01 1.51499E+00  8.90845E-05  1.55322E+00 
5.77999E+01 1.50999E+00  8.83395E-05  1.54819E+00 
5.78999E+01 1.50499E+00  8.27960E-05  1.54322E+00 
5.79999E+01 1.49999E+00  7.79889E-05  1.53821E+00 
5.80999E+01 1.49499E+00  7.56135E-05  1.53322E+00 
5.81999E+01 1.48999E+00  7.23608E-05  1.52820E+00 
5.82999E+01 1.48499E+00  7.09264E-05  1.52319E+00 
5.83999E+01 1.47999E+00  7.11098E-05  1.51821E+00 
5.84999E+01 1.47499E+00  6.78421E-05  1.51322E+00 
5.85999E+01 1.46999E+00  6.53584E-05  1.50821E+00 
5.86999E+01 1.46499E+00  6.21605E-05  1.50319E+00 
5.87999E+01 1.45999E+00  5.93023E-05  1.49819E+00 
5.88999E+01 1.45499E+00  5.65548E-05  1.49322E+00 
5.89999E+01 1.44999E+00  5.49325E-05  1.48818E+00 
5.90999E+01 1.44499E+00  5.29816E-05  1.48317E+00 
5.91999E+01 1.43999E+00  5.13215E-05  1.47816E+00 
5.92999E+01 1.43499E+00  4.96024E-05  1.47317E+00 
5.93999E+01 1.42999E+00  4.80478E-05  1.46817E+00 
5.94999E+01 1.42499E+00  4.67782E-05  1.46314E+00 
5.95999E+01 1.41999E+00  4.55419E-05  1.45816E+00 
5.96999E+01 1.41499E+00  4.41132E-05  1.45319E+00 
5.97999E+01 1.40999E+00  4.23827E-05  1.44817E+00 
5.98999E+01 1.40499E+00  4.08815E-05  1.44316E+00 
5.99998E+01 1.39999E+00  3.89238E-05  1.43817E+00 
6.00998E+01 1.39499E+00  3.59987E-05  1.43315E+00 
6.01998E+01 1.38999E+00  3.47417E-05  1.42813E+00 
6.02998E+01 1.38499E+00  3.31652E-05  1.42313E+00 
6.03998E+01 1.37999E+00  3.19634E-05  1.41813E+00 
6.04998E+01 1.37499E+00  3.09190E-05  1.41312E+00 
6.05998E+01 1.36999E+00  2.97542E-05  1.40811E+00 
6.06998E+01 1.36499E+00  2.86780E-05  1.40311E+00 
6.07998E+01 1.35999E+00  2.74148E-05  1.39812E+00 
6.08998E+01 1.35499E+00  2.62780E-05  1.39310E+00 
6.09998E+01 1.34999E+00  2.50318E-05  1.38809E+00 
6.10998E+01 1.34499E+00  2.38739E-05  1.38310E+00 
6.11998E+01 1.33999E+00  2.29362E-05  1.37810E+00 
6.12998E+01 1.33499E+00  2.19982E-05  1.37310E+00 
6.13998E+01 1.32999E+00  2.11253E-05  1.36809E+00 
6.14998E+01 1.32499E+00  2.02006E-05  1.36309E+00 
6.15998E+01 1.31999E+00  1.94884E-05  1.35812E+00 
6.16998E+01 1.31499E+00  1.88149E-05  1.35313E+00 
6.17998E+01 1.30999E+00  1.80474E-05  1.34811E+00 
6.18998E+01 1.30499E+00  1.73551E-05  1.34312E+00 
6.19998E+01 1.29999E+00  1.68012E-05  1.33812E+00 
6.20998E+01 1.29499E+00  1.61206E-05  1.33311E+00 
6.21998E+01 1.28999E+00  1.54976E-05  1.32809E+00 
6.22998E+01 1.28499E+00  1.48797E-05  1.32313E+00 
6.23998E+01 1.27999E+00  1.41673E-05  1.31809E+00 
6.24998E+01 1.27499E+00  1.34322E-05  1.31311E+00 
6.25998E+01 1.26999E+00  1.29139E-05  1.30809E+00 
6.26998E+01 1.26499E+00  1.24721E-05  1.30311E+00 
6.27998E+01 1.25999E+00  1.20412E-05  1.29812E+00 
6.28998E+01 1.25499E+00  1.16454E-05  1.29311E+00 
6.29998E+01 1.24999E+00  1.12608E-05  1.28809E+00 
6.30998E+01 1.24499E+00  1.08905E-05  1.28309E+00 
6.31998E+01 1.23999E+00  1.05360E-05  1.27809E+00 
6.32998E+01 1.23499E+00  1.02446E-05  1.27309E+00 
6.33998E+01 1.22999E+00  9.92668E-06  1.26808E+00 
6.34998E+01 1.22499E+00  9.62436E-06  1.26307E+00 
6.35998E+01 1.21999E+00  9.34947E-06  1.25807E+00 
6.36998E+01 1.21499E+00  9.14652E-06  1.25308E+00 
6.37998E+01 1.20999E+00  8.81825E-06  1.24806E+00 
6.38998E+01 1.20499E+00  8.55197E-06  1.24305E+00 
6.39998E+01 1.19999E+00  8.26231E-06  1.23807E+00 
6.40998E+01 1.19500E+00  7.94787E-06  1.23306E+00 
6.41998E+01 1.19000E+00  7.65149E-06  1.22805E+00 
6.42998E+01 1.18500E+00  7.45673E-06  1.22303E+00 
6.43998E+01 1.18000E+00  7.30662E-06  1.21804E+00 
6.44998E+01 1.17500E+00  7.13781E-06  1.21303E+00 
6.45998E+01 1.17000E+00  7.16023E-06  1.20804E+00 
6.46998E+01 1.16500E+00  6.96575E-06  1.20301E+00 
6.47998E+01 1.16000E+00  6.83089E-06  1.19802E+00 
6.48998E+01 1.15500E+00  6.75075E-06  1.19302E+00 
6.49998E+01 1.15000E+00  6.66055E-06  1.18803E+00 
6.50998E+01 1.14500E+00  6.44715E-06  1.18300E+00 
6.51998E+01 1.14000E+00  6.30894E-06  1.17801E+00 
6.52998E+01 1.13500E+00  6.20001E-06  1.17302E+00 
6.53998E+01 1.13000E+00  6.09376E-06  1.16801E+00 
6.54998E+01 1.12500E+00  5.96847E-06  1.16302E+00 
6.55998E+01 1.12000E+00  5.80451E-06  1.15799E+00 
6.56998E+01 1.11500E+00  5.70241E-06  1.15301E+00 
6.57998E+01 1.11000E+00  5.64375E-06  1.14802E+00 
6.58998E+01 1.10500E+00  5.61918E-06  1.14299E+00 
6.59998E+01 1.10000E+00  5.49588E-06  1.13800E+00 
6.60998E+01 1.09500E+00  5.39683E-06  1.13301E+00 
6.61998E+01 1.09000E+00  5.30518E-06  1.12802E+00 
6.62998E+01 1.08500E+00  5.33122E-06  1.12300E+00 
6.63998E+01 1.08000E+00  5.35587E-06  1.11799E+00 
6.64998E+01 1.07500E+00  5.22990E-06  1.11298E+00 
6.65998E+01 1.07000E+00  5.24112E-06  1.10799E+00 
6.66998E+01 1.06500E+00  5.15897E-06  1.10296E+00 
6.67998E+01 1.06000E+00  5.03082E-06  1.09796E+00 
6.68998E+01 1.05500E+00  4.90108E-06  1.09296E+00 
6.69998E+01 1.05000E+00  4.88571E-06  1.08795E+00 
6.70998E+01 1.04500E+00  4.90990E-06  1.08293E+00 
6.71998E+01 1.04000E+00  4.84109E-06  1.07796E+00 
6.72998E+01 1.03500E+00  4.78108E-06  1.07295E+00 
6.73998E+01 1.03000E+00  4.73122E-06  1.06795E+00 
6.74998E+01 1.02500E+00  4.28395E-06  1.06293E+00 
6.75998E+01 1.02000E+00  4.37438E-06  1.05795E+00 
6.76998E+01 1.01500E+00  4.41167E-06  1.05295E+00 
6.77998E+01 1.01000E+00  4.39398E-06  1.04796E+00 
6.78998E+01 1.00500E+00  4.35729E-06  1.04292E+00 
6.79998E+01 9.99995E-01  4.31502E-06  1.03793E+00 
6.80998E+01 9.94996E-01  4.26851E-06  1.03294E+00 
6.81998E+01 9.89996E-01  4.22522E-06  1.02793E+00 
6.82998E+01 9.84996E-01  4.18033E-06  1.02294E+00 
6.83998E+01 9.79996E-01  4.13601E-06  1.01794E+00 
6.84998E+01 9.74996E-01  4.09060E-06  1.01293E+00 
6.85998E+01 9.69996E-01  4.05253E-06  1.00792E+00 
6.86998E+01 9.64996E-01  4.01362E-06  1.00291E+00 
6.87998E+01 9.59996E-01  3.92247E-06  9.97891E-01 
6.88998E+01 9.54996E-01  3.87901E-06  9.92911E-01 
6.89998E+01 9.49996E-01  3.82918E-06  9.87924E-01 
6.90998E+01 9.44996E-01  3.78601E-06  9.82912E-01 
6.91998E+01 9.39996E-01  3.74290E-06  9.77917E-01 
6.92998E+01 9.34996E-01  3.69849E-06  9.72903E-01 
6.93998E+01 9.29996E-01  3.65292E-06  9.67889E-01 
6.94998E+01 9.24996E-01  3.61015E-06  9.62870E-01 
6.95998E+01 9.19996E-01  3.56695E-06  9.57896E-01 
6.96998E+01 9.14996E-01  3.52435E-06  9.52868E-01 
6.97998E+01 9.09996E-01  3.49423E-06  9.47851E-01 
6.98998E+01 9.04996E-01  3.44056E-06  9.42877E-01 
6.99998E+01 8.99996E-01  3.39408E-06  9.37879E-01 
7.00998E+01 8.94996E-01  3.34739E-06  9.32844E-01 
7.01998E+01 8.89996E-01  3.30703E-06  9.27830E-01 
7.02998E+01 8.84996E-01  3.26666E-06  9.22850E-01 
7.03998E+01 8.79996E-01  3.22582E-06  9.17869E-01 
7.04998E+01 8.74996E-01  3.19042E-06  9.12826E-01 
7.05998E+01 8.69996E-01  3.14638E-06  9.07848E-01 
7.06998E+01 8.64996E-01  3.12070E-06  9.02853E-01 
7.07998E+01 8.59996E-01  3.07915E-06  8.97847E-01 
7.08998E+01 8.54996E-01  3.03311E-06  8.92828E-01 
7.09998E+01 8.49996E-01  2.99527E-06  8.87817E-01 
7.10998E+01 8.44996E-01  2.97284E-06  8.82814E-01 
7.11998E+01 8.39996E-01  2.91865E-06  8.77840E-01 
7.12998E+01 8.34996E-01  2.88354E-06  8.72844E-01 
7.13998E+01 8.29996E-01  2.83670E-06  8.67822E-01 
7.14998E+01 8.24996E-01  2.75349E-06  8.62818E-01 
7.15998E+01 8.19996E-01  2.69704E-06  8.57850E-01 
7.16998E+01 8.14996E-01  2.67196E-06  8.52836E-01 
7.17998E+01 8.09996E-01  2.68321E-06  8.47809E-01 
7.18998E+01 8.04996E-01  2.62433E-06  8.42824E-01 
7.19998E+01 7.99996E-01  2.54874E-06  8.37834E-01 
7.20998E+01 7.94996E-01  2.64886E-06  8.32813E-01 
7.21998E+01 7.89996E-01  2.51372E-06  8.27808E-01 
7.22998E+01 7.84996E-01  2.45098E-06  8.22822E-01 
7.23998E+01 7.79996E-01  2.40097E-06  8.17826E-01 
7.24998E+01 7.74996E-01  2.35736E-06  8.12823E-01 
7.25998E+01 7.69996E-01  2.30171E-06  8.07825E-01 
7.26998E+01 7.64996E-01  2.24458E-06  8.02814E-01 
7.27998E+01 7.59996E-01  2.19898E-06  7.97805E-01 
7.28998E+01 7.54996E-01  2.16766E-06  7.92775E-01 
7.29998E+01 7.49996E-01  2.10982E-06  7.87789E-01 
7.30998E+01 7.44996E-01  2.05308E-06  7.82799E-01 
7.31998E+01 7.39996E-01  1.99854E-06  7.77791E-01 
7.32998E+01 7.34996E-01  1.94343E-06  7.72770E-01 
7.33998E+01 7.29996E-01  1.89180E-06  7.67771E-01 
7.34998E+01 7.24996E-01  1.83588E-06  7.62782E-01 
7.35998E+01 7.19996E-01  1.77540E-06  7.57782E-01 
7.36998E+01 7.14996E-01  1.71320E-06  7.52761E-01 
7.37998E+01 7.09996E-01  1.66066E-06  7.47762E-01 
7.38998E+01 7.04996E-01  1.61600E-06  7.42776E-01 
7.39998E+01 6.99996E-01  1.60799E-06  7.37740E-01 
7.40998E+01 6.94996E-01  1.54231E-06  7.32748E-01 
7.41998E+01 6.89996E-01  1.46766E-06  7.27732E-01 
7.42998E+01 6.84996E-01  1.37981E-06  7.22749E-01 
7.43998E+01 6.79996E-01  1.26743E-06  7.17740E-01 
7.44998E+01 6.74996E-01  1.22493E-06  7.12733E-01 
7.45998E+01 6.69996E-01  1.20091E-06  7.07719E-01 
7.46998E+01 6.64996E-01  1.20075E-06  7.02746E-01 
7.47998E+01 6.59996E-01  1.05729E-06  6.97738E-01 
7.48998E+01 6.54996E-01  8.94152E-07  6.92735E-01 
7.49998E+01 6.49996E-01  8.44304E-07  6.87736E-01 
7.50998E+01 6.44996E-01  8.42083E-07  6.82721E-01 
7.51998E+01 6.39996E-01  8.44519E-07  6.77725E-01 
7.52998E+01 6.34996E-01  7.88153E-07  6.72714E-01 
7.53998E+01 6.29996E-01  6.63352E-07  6.67723E-01 
7.54998E+01 6.24996E-01  5.79587E-07  6.62702E-01 
7.55998E+01 6.19996E-01  4.15744E-07  6.57730E-01 
7.56998E+01 6.14996E-01  2.92996E-07  6.52720E-01 
7.57998E+01 6.09996E-01  4.40901E-07  6.47686E-01 
7.58998E+01 6.04996E-01  4.95888E-07  6.42690E-01 
7.59998E+01 5.99996E-01  3.79296E-07  6.37708E-01 
7.60998E+01 5.94997E-01  2.51562E-07  6.32691E-01 
7.61998E+01 5.89997E-01  1.78098E-07  6.27687E-01 
7.62998E+01 5.84997E-01  -7.91435E-08 6.22657E-01 
7.63998E+01 5.79997E-01  -2.96785E-07 6.17702E-01 
7.64998E+01 5.74997E-01  -2.92246E-07 6.12657E-01 
7.65998E+01 5.69997E-01  -2.09691E-07 6.07656E-01 
7.66998E+01 5.64997E-01  -3.19392E-07 6.02649E-01 
7.67998E+01 5.59997E-01  -3.26994E-07 5.97642E-01 
7.68998E+01 5.54997E-01  -3.91200E-07 5.92674E-01 
7.69998E+01 5.49997E-01  -5.08558E-07 5.87677E-01 
7.70998E+01 5.44997E-01  -5.52685E-07 5.82613E-01 
7.71998E+01 5.39997E-01  -6.14357E-07 5.77648E-01 
7.72998E+01 5.34997E-01  -6.68710E-07 5.72664E-01 
7.73998E+01 5.29997E-01  -7.94563E-07 5.67651E-01 
7.74998E+01 5.24997E-01  -8.89277E-07 5.62646E-01 
7.75998E+01 5.19997E-01  -9.85008E-07 5.57673E-01 
7.76998E+01 5.14997E-01  -1.10173E-06 5.52665E-01 
7.77998E+01 5.09997E-01  -1.18174E-06 5.47658E-01 
7.78998E+01 5.04997E-01  -1.24345E-06 5.42638E-01 
7.79998E+01 4.99997E-01  -1.32413E-06 5.37662E-01 
7.80998E+01 4.94997E-01  -1.41167E-06 5.32641E-01 
7.81998E+01 4.89997E-01  -1.51890E-06 5.27647E-01 
7.82998E+01 4.84997E-01  -1.62367E-06 5.22609E-01 
7.83998E+01 4.79997E-01  -1.73476E-06 5.17647E-01 
7.84998E+01 4.74997E-01  -1.85536E-06 5.12669E-01 
7.85998E+01 4.69997E-01  -1.99089E-06 5.07644E-01 
7.86998E+01 4.64997E-01  -2.12912E-06 5.02627E-01 
7.87998E+01 4.59997E-01  -2.26835E-06 4.97639E-01 
7.88998E+01 4.54997E-01  -2.39761E-06 4.92640E-01 
7.89998E+01 4.49997E-01  -2.53950E-06 4.87657E-01 
7.90998E+01 4.44997E-01  -2.69061E-06 4.82621E-01 
7.91998E+01 4.39997E-01  -2.84687E-06 4.77637E-01 
7.92998E+01 4.34997E-01  -2.97637E-06 4.72620E-01 
7.93998E+01 4.29997E-01  -3.11411E-06 4.67618E-01 
7.94998E+01 4.24997E-01  -3.28265E-06 4.62607E-01 
7.95998E+01 4.19997E-01  -3.44207E-06 4.57610E-01 
7.96998E+01 4.14997E-01  -3.58468E-06 4.52610E-01 
7.97998E+01 4.09997E-01  -3.74315E-06 4.47588E-01 
7.98998E+01 4.04997E-01  -3.89839E-06 4.42592E-01 
7.99998E+01 3.99997E-01  -4.06853E-06 4.37615E-01 
8.00998E+01 3.94997E-01  -4.24290E-06 4.32589E-01 
8.01998E+01 3.89997E-01  -4.42532E-06 4.27565E-01 
8.02998E+01 3.84997E-01  -4.61833E-06 4.22594E-01 
8.03998E+01 3.79997E-01  -4.80563E-06 4.17588E-01 
8.04998E+01 3.74997E-01  -4.99213E-06 4.12578E-01 
8.05998E+01 3.69997E-01  -5.18044E-06 4.07564E-01 
8.06998E+01 3.64997E-01  -5.38114E-06 4.02573E-01 
8.07998E+01 3.59997E-01  -5.58812E-06 3.97575E-01 
8.08998E+01 3.54997E-01  -5.79738E-06 3.92572E-01 
8.09998E+01 3.49997E-01  -6.01713E-06 3.87542E-01 
8.10998E+01 3.44997E-01  -6.23998E-06 3.82540E-01 
8.11998E+01 3.39997E-01  -6.46916E-06 3.77559E-01 
8.12998E+01 3.34997E-01  -6.70078E-06 3.72536E-01 
8.13998E+01 3.29997E-01  -6.94735E-06 3.67527E-01 
8.14998E+01 3.24997E-01  -7.18930E-06 3.62533E-01 
8.15998E+01 3.19997E-01  -7.43867E-06 3.57512E-01 
8.16998E+01 3.14997E-01  -7.68785E-06 3.52545E-01 
8.17998E+01 3.09997E-01  -7.94649E-06 3.47562E-01 
8.18998E+01 3.04997E-01  -8.21072E-06 3.42522E-01 
8.19998E+01 2.99997E-01  -8.48435E-06 3.37517E-01 
8.20998E+01 2.94997E-01  -8.75773E-06 3.32560E-01 
8.21998E+01 2.89997E-01  -9.03562E-06 3.27533E-01 
8.22998E+01 2.84997E-01  -9.31535E-06 3.22531E-01 
8.23998E+01 2.79997E-01  -9.60210E-06 3.17531E-01 
8.24998E+01 2.74997E-01  -9.88733E-06 3.12527E-01 
8.25998E+01 2.69997E-01  -1.01751E-05 3.07535E-01 
8.26998E+01 2.64997E-01  -1.04700E-05 3.02504E-01 
8.27998E+01 2.59997E-01  -1.07646E-05 2.97498E-01 
8.28998E+01 2.54997E-01  -1.10659E-05 2.92494E-01 
8.29998E+01 2.49997E-01  -1.13703E-05 2.87503E-01 
8.30998E+01 2.44997E-01  -1.16777E-05 2.82521E-01 
8.31998E+01 2.39997E-01  -1.19852E-05 2.77480E-01 
8.32998E+01 2.34997E-01  -1.22939E-05 2.72489E-01 
8.33998E+01 2.29997E-01  -1.26046E-05 2.67505E-01 
8.34998E+01 2.24997E-01  -1.29132E-05 2.62491E-01 
8.35998E+01 2.19997E-01  -1.32223E-05 2.57489E-01 
8.36998E+01 2.14997E-01  -1.35348E-05 2.52470E-01 
8.37998E+01 2.09997E-01  -1.38413E-05 2.47506E-01 
8.38998E+01 2.04997E-01  -1.41522E-05 2.42509E-01 
8.39998E+01 1.99997E-01  -1.44629E-05 2.37510E-01 
8.40998E+01 1.94998E-01  -1.47769E-05 2.32504E-01 
8.41998E+01 1.89998E-01  -1.50946E-05 2.27489E-01 
8.42998E+01 1.84998E-01  -1.54125E-05 2.22493E-01 
8.43998E+01 1.79998E-01  -1.57311E-05 2.17472E-01 
8.44998E+01 1.74998E-01  -1.60537E-05 2.12473E-01 
8.45998E+01 1.69998E-01  -1.63805E-05 2.07469E-01 
8.46998E+01 1.64998E-01  -1.67055E-05 2.02503E-01 
8.47998E+01 1.59998E-01  -1.70371E-05 1.97497E-01 
8.48998E+01 1.54998E-01  -1.73774E-05 1.92454E-01 
8.49998E+01 1.49998E-01  -1.77181E-05 1.87472E-01 
8.50998E+01 1.44998E-01  -1.80589E-05 1.82455E-01 
8.51998E+01 1.39998E-01  -1.84068E-05 1.77462E-01 
8.52998E+01 1.34998E-01  -1.87600E-05 1.72447E-01 
8.53998E+01 1.29998E-01  -1.91170E-05 1.67453E-01 
8.54998E+01 1.24998E-01  -1.94839E-05 1.62449E-01 
8.55998E+01 1.19998E-01  -1.98525E-05 1.57466E-01 
8.56998E+01 1.14998E-01  -2.01875E-05 1.52430E-01 
8.57998E+01 1.09998E-01  -2.05718E-05 1.47419E-01 
8.58998E+01 1.04998E-01  -2.09619E-05 1.42436E-01 
8.59998E+01 9.99977E-02  -2.13556E-05 1.37427E-01 
8.60998E+01 9.49978E-02  -2.17593E-05 1.32424E-01 
8.61998E+01 8.99978E-02  -2.21674E-05 1.27416E-01 
8.62998E+01 8.49978E-02  -2.25846E-05 1.22425E-01 
8.63998E+01 7.99978E-02  -2.30041E-05 1.17429E-01 
8.64998E+01 7.49978E-02  -2.34358E-05 1.12416E-01 
8.65998E+01 6.99978E-02  -2.38672E-05 1.07382E-01 
8.66998E+01 6.49978E-02  -2.43133E-05 1.02402E-01 
8.67998E+01 5.99978E-02  -2.47607E-05 9.73940E-02 
8.68998E+01 5.49979E-02  -2.52168E-05 9.23750E-02 
8.69998E+01 4.99979E-02  -2.56742E-05 8.73778E-02 
8.70998E+01 4.49979E-02  -2.61465E-05 8.23876E-02 
8.71998E+01 3.99979E-02  -2.66193E-05 7.73948E-02 
8.72998E+01 3.49979E-02  -2.70998E-05 7.23895E-02 
8.73998E+01 2.99979E-02  -2.75863E-05 6.73767E-02 
8.74998E+01 2.49979E-02  -2.80825E-05 6.23801E-02 
8.75998E+01 1.99979E-02  -2.85836E-05 5.73848E-02 
8.76998E+01 1.49980E-02  -2.90917E-05 5.23564E-02 
8.77998E+01 9.99797E-03  -2.96080E-05 4.73355E-02 
8.78998E+01 4.99799E-03  -3.01360E-05 4.23733E-02 
8.79998E+01 -2.00000E-06 -3.06851E-05 3.73724E-02 
8.80998E+01 -5.00199E-03 -3.12427E-05 3.23584E-02 
8.81998E+01 -1.00020E-02 -3.18151E-05 2.73556E-02 
8.82998E+01 -1.50020E-02 -3.24091E-05 2.23534E-02 
8.83998E+01 -2.00020E-02 -3.30219E-05 1.73494E-02 
8.84998E+01 -2.50019E-02 -3.36575E-05 1.23347E-02 
8.85998E+01 -3.00019E-02 -3.43216E-05 7.32628E-03 
8.86998E+01 -3.50019E-02 -3.50165E-05 2.34786E-03 
8.87998E+01 -4.00019E-02 -3.57376E-05 -2.65931E-03
8.88998E+01 -4.50019E-02 -3.64993E-05 -7.65024E-03
8.89998E+01 -5.00019E-02 -3.72894E-05 -1.26668E-02
8.90998E+01 -5.50019E-02 -3.81256E-05 -1.76696E-02
8.91998E+01 -6.00019E-02 -3.89936E-05 -2.26605E-02
8.92998E+01 -6.50018E-02 -3.99128E-05 -2.76464E-02
8.93998E+01 -7.00018E-02 -4.08667E-05 -3.26480E-02
8.94998E+01 -7.50018E-02 -4.18583E-05 -3.76526E-02
8.95998E+01 -8.00018E-02 -4.28986E-05 -4.26630E-02
8.96998E+01 -8.50018E-02 -4.39819E-05 -4.76857E-02
8.97998E+01 -9.00018E-02 -4.51084E-05 -5.26828E-02
8.98998E+01 -9.50018E-02 -4.62879E-05 -5.76813E-02
8.99998E+01 -1.00002E-01 -4.75020E-05 -6.26922E-02
9.00998E+01 -1.05002E-01 -4.87575E-05 -6.76550E-02
9.01998E+01 -1.10002E-01 -5.00655E-05 -7.26840E-02
9.02998E+01 -1.15002E-01 -5.14368E-05 -7.77087E-02
9.03998E+01 -1.20002E-01 -5.28639E-05 -8.26984E-02
9.04998E+01 -1.25002E-01 -5.43443E-05 -8.76974E-02
9.05998E+01 -1.30002E-01 -5.58879E-05 -9.27102E-02
9.06998E+01 -1.35002E-01 -5.74867E-05 -9.77074E-02
9.07998E+01 -1.40002E-01 -5.91472E-05 -1.02721E-01
9.08998E+01 -1.45002E-01 -6.08899E-05 -1.07719E-01
9.09998E+01 -1.50002E-01 -6.27310E-05 -1.12716E-01
9.10998E+01 -1.55002E-01 -6.46656E-05 -1.17701E-01
9.11998E+01 -1.60002E-01 -6.67378E-05 -1.22726E-01
9.12998E+01 -1.65002E-01 -6.89580E-05 -1.27712E-01
9.13998E+01 -1.70002E-01 -7.13745E-05 -1.32711E-01
9.14998E+01 -1.75002E-01 -7.40030E-05 -1.37737E-01
9.15998E+01 -1.80002E-01 -7.68807E-05 -1.42758E-01
9.16998E+01 -1.85002E-01 -8.00349E-05 -1.47727E-01
9.17998E+01 -1.90002E-01 -8.34764E-05 -1.52689E-01
9.18998E+01 -1.95002E-01 -8.72199E-05 -1.57727E-01
9.19998E+01 -2.00002E-01 -9.12381E-05 -1.62736E-01
9.20998E+01 -2.05001E-01 -9.55110E-05 -1.67715E-01
9.21998E+01 -2.10001E-01 -9.99703E-05 -1.72734E-01
9.22998E+01 -2.15001E-01 -1.04596E-04 -1.77765E-01
9.23998E+01 -2.20001E-01 -1.09356E-04 -1.82790E-01
9.24998E+01 -2.25001E-01 -1.14198E-04 -1.87778E-01
9.25998E+01 -2.30001E-01 -1.19090E-04 -1.92784E-01
9.26998E+01 -2.35001E-01 -1.24009E-04 -1.97763E-01
9.27998E+01 -2.40001E-01 -1.28924E-04 -2.02783E-01
9.28998E+01 -2.45001E-01 -1.33807E-04 -2.07778E-01
9.29998E+01 -2.50001E-01 -1.38663E-04 -2.12782E-01
9.30998E+01 -2.55001E-01 -1.43456E-04 -2.17810E-01
9.31998E+01 -2.60001E-01 -1.48205E-04 -2.22805E-01
9.32998E+01 -2.65001E-01 -1.52891E-04 -2.27779E-01
9.33998E+01 -2.70001E-01 -1.57555E-04 -2.32775E-01
9.34998E+01 -2.75001E-01 -1.62148E-04 -2.37797E-01
9.35998E+01 -2.80001E-01 -1.66707E-04 -2.42794E-01
9.36998E+01 -2.85001E-01 -1.71212E-04 -2.47796E-01
9.37998E+01 -2.90001E-01 -1.75662E-04 -2.52807E-01
9.38998E+01 -2.95001E-01 -1.80061E-04 -2.57813E-01
9.39998E+01 -3.00001E-01 -1.84401E-04 -2.62819E-01
9.40998E+01 -3.05001E-01 -1.88684E-04 -2.67815E-01
9.41998E+01 -3.10001E-01 -1.92916E-04 -2.72804E-01
9.42998E+01 -3.15001E-01 -1.97069E-04 -2.77809E-01
9.43998E+01 -3.20001E-01 -2.01165E-04 -2.82819E-01
9.44998E+01 -3.25001E-01 -2.05197E-04 -2.87825E-01
9.45998E+01 -3.30001E-01 -2.09163E-04 -2.92813E-01
9.46998E+01 -3.35001E-01 -2.13066E-04 -2.97822E-01
9.47998E+01 -3.40001E-01 -2.16452E-04 -3.02829E-01
9.48998E+01 -3.45001E-01 -2.20230E-04 -3.07816E-01
9.49998E+01 -3.50001E-01 -2.23947E-04 -3.12803E-01
9.50998E+01 -3.55001E-01 -2.27618E-04 -3.17802E-01
9.51998E+01 -3.60001E-01 -2.31245E-04 -3.22812E-01
9.52998E+01 -3.65001E-01 -2.34800E-04 -3.27832E-01
9.53998E+01 -3.70001E-01 -2.38307E-04 -3.32832E-01
9.54998E+01 -3.75001E-01 -2.41757E-04 -3.37818E-01
9.55998E+01 -3.80001E-01 -2.45107E-04 -3.42795E-01
9.56998E+01 -3.85001E-01 -2.48397E-04 -3.47824E-01
9.57998E+01 -3.90001E-01 -2.51564E-04 -3.52840E-01
9.58998E+01 -3.95001E-01 -2.54613E-04 -3.57831E-01
9.59998E+01 -4.00001E-01 -2.57507E-04 -3.62812E-01
9.60998E+01 -4.05001E-01 -2.60215E-04 -3.67843E-01
9.61998E+01 -4.10001E-01 -2.62646E-04 -3.72840E-01
9.62998E+01 -4.15001E-01 -2.64775E-04 -3.77849E-01
9.63998E+01 -4.20001E-01 -2.66458E-04 -3.82828E-01
9.64998E+01 -4.25001E-01 -2.67521E-04 -3.87841E-01
9.65998E+01 -4.30001E-01 -2.67572E-04 -3.92844E-01
9.66998E+01 -4.35001E-01 -2.65908E-04 -3.97862E-01
9.67998E+01 -4.40001E-01 -2.60769E-04 -4.02858E-01
9.68998E+01 -4.45001E-01 -2.48552E-04 -4.07836E-01
9.69998E+01 -4.50001E-01 -2.20859E-04 -4.12855E-01
9.70998E+01 -4.55001E-01 -1.65562E-04 -4.17866E-01
9.71998E+01 -4.60001E-01 -1.18831E-04 -4.22876E-01
9.72998E+01 -4.65001E-01 -9.41624E-05 -4.27857E-01
9.73998E+01 -4.70001E-01 -7.97791E-05 -4.32855E-01
9.74998E+01 -4.75001E-01 -7.07801E-05 -4.37898E-01
9.75998E+01 -4.80001E-01 -6.49036E-05 -4.42850E-01
9.76998E+01 -4.85001E-01 -6.09403E-05 -4.47830E-01
9.77998E+01 -4.90001E-01 -5.71831E-05 -4.52881E-01
9.78998E+01 -4.95001E-01 -5.40664E-05 -4.57895E-01
9.79998E+01 -5.00001E-01 -5.16380E-05 -4.62906E-01
9.80998E+01 -5.05001E-01 -4.95636E-05 -4.67884E-01
9.81998E+01 -5.10001E-01 -4.77356E-05 -4.72883E-01
9.82998E+01 -5.15001E-01 -4.61023E-05 -4.77907E-01
9.83998E+01 -5.20001E-01 -4.46498E-05 -4.82881E-01
9.84998E+01 -5.25001E-01 -4.33508E-05 -4.87919E-01
9.85998E+01 -5.30001E-01 -4.21712E-05 -4.92904E-01
9.86998E+01 -5.35001E-01 -4.10966E-05 -4.97922E-01
9.87998E+01 -5.40001E-01 -4.01146E-05 -5.02911E-01
9.88998E+01 -5.45001E-01 -3.92104E-05 -5.07925E-01
9.89998E+01 -5.50001E-01 -3.83738E-05 -5.12947E-01
9.90998E+01 -5.55001E-01 -3.80530E-05 -5.17918E-01
9.91998E+01 -5.60001E-01 -3.73259E-05 -5.22941E-01
9.92998E+01 -5.65001E-01 -3.66552E-05 -5.27934E-01
9.93998E+01 -5.70001E-01 -3.60248E-05 -5.32950E-01
9.94998E+01 -5.75001E-01 -3.54458E-05 -5.37949E-01
9.95998E+01 -5.80001E-01 -3.48990E-05 -5.42930E-01
9.96998E+01 -5.85001E-01 -3.43842E-05 -5.47952E-01
9.97998E+01 -5.90001E-01 -3.39083E-05 -5.52945E-01
9.98998E+01 -5.95001E-01 -3.34639E-05 -5.57940E-01
9.99997E+01 -6.00001E-01 -3.30520E-05 -5.62950E-01
1.00100E+02 -6.05000E-01 -3.26699E-05 -5.67936E-01
1.00200E+02 -6.10000E-01 -3.23222E-05 -5.72963E-01
1.00300E+02 -6.15000E-01 -3.19967E-05 -5.77937E-01
1.00400E+02 -6.20000E-01 -3.17053E-05 -5.82940E-01
1.00500E+02 -6.25000E-01 -3.14364E-05 -5.87942E-01
1.00600E+02 -6.30000E-01 -3.12221E-05 -5.92959E-01
1.00700E+02 -6.35000E-01 -3.10012E-05 -5.97967E-01
1.00800E+02 -6.40000E-01 -3.08158E-05 -6.02944E-01
1.00900E+02 -6.45000E-01 -3.06509E-05 -6.07939E-01
1.01000E+02 -6.50000E-01 -3.05177E-05 -6.12958E-01
1.01100E+02 -6.55000E-01 -3.03983E-05 -6.17968E-01
1.01200E+02 -6.60000E-01 -3.03195E-05 -6.22962E-01
1.01300E+02 -6.65000E-01 -3.02540E-05 -6.27977E-01
1.01400E+02 -6.70000E-01 -3.02128E-05 -6.32978E-01
1.01500E+02 -6.75000E-01 -3.01860E-05 -6.38002E-01
1.01600E+02 -6.80000E-01 -3.01796E-05 -6.42964E-01
1.01700E+02 -6.85000E-01 -3.01896E-05 -6.47973E-01
1.01800E+02 -6.90000E-01 -3.02174E-05 -6.52999E-01
1.01900E+02 -6.95000E-01 -3.02628E-05 -6.58020E-01
1.02000E+02 -7.00000E-01 -3.03238E-05 -6.62997E-01
1.02100E+02 -7.05000E-01 -3.03929E-05 -6.67995E-01
1.02200E+02 -7.10000E-01 -3.04773E-05 -6.73020E-01
1.02300E+02 -7.15000E-01 -3.05727E-05 -6.78041E-01
1.02400E+02 -7.20000E-01 -3.06784E-05 -6.83017E-01
1.02500E+02 -7.25000E-01 -3.07884E-05 -6.87999E-01
1.02600E+02 -7.30000E-01 -3.09093E-05 -6.93016E-01
1.02700E+02 -7.35000E-01 -3.10380E-05 -6.98016E-01
1.02800E+02 -7.40000E-01 -3.11708E-05 -7.03008E-01
1.02900E+02 -7.45000E-01 -3.13065E-05 -7.08006E-01
1.03000E+02 -7.50000E-01 -3.14527E-05 -7.13017E-01
1.03100E+02 -7.55000E-01 -3.16019E-05 -7.18047E-01
1.03200E+02 -7.60000E-01 -3.17549E-05 -7.23026E-01
1.03300E+02 -7.65000E-01 -3.19097E-05 -7.28046E-01
1.03400E+02 -7.70000E-01 -3.20691E-05 -7.33033E-01
1.03500E+02 -7.75000E-01 -3.22249E-05 -7.38069E-01
1.03600E+02 -7.80000E-01 -3.23898E-05 -7.43059E-01
1.03700E+02 -7.85000E-01 -3.25505E-05 -7.48094E-01
1.03800E+02 -7.90000E-01 -3.27126E-05 -7.53077E-01
1.03900E+02 -7.95000E-01 -3.28748E-05 -7.58078E-01
