time/s      E/V        I/A
0.00000E+00 -8.00000E-01 -1.15650E-04 -7.04281E-01
9.99997E-02 -7.95000E-01 -1.12913E-04 -6.99294E-01
1.99999E-01 -7.90000E-01 -1.10474E-04 -6.94292E-01
2.99999E-01 -7.85000E-01 -1.08331E-04 -6.89291E-01
3.99999E-01 -7.80000E-01 -1.06323E-04 -6.84296E-01
4.99999E-01 -7.75000E-01 -1.04241E-04 -6.79313E-01
5.99998E-01 -7.70000E-01 -1.02055E-04 -6.74303E-01
6.99998E-01 -7.65000E-01 -1.00196E-04 -6.69281E-01
7.99998E-01 -7.60000E-01 -9.82938E-05 -6.64288E-01
8.99998E-01 -7.55000E-01 -9.66087E-05 -6.59312E-01
9.99997E-01 -7.50000E-01 -9.48912E-05 -6.54281E-01
1.10000E+00 -7.45000E-01 -9.34989E-05 -6.49264E-01
1.20000E+00 -7.40000E-01 -9.17542E-05 -6.44260E-01
1.30000E+00 -7.35000E-01 -9.02982E-05 -6.39250E-01
1.40000E+00 -7.30000E-01 -8.87838E-05 -6.34250E-01
1.50000E+00 -7.25000E-01 -8.75083E-05 -6.29266E-01
1.60000E+00 -7.20000E-01 -8.60366E-05 -6.24259E-01
1.70000E+00 -7.15000E-01 -8.48113E-05 -6.19277E-01
1.80000E+00 -7.10000E-01 -8.33427E-05 -6.14287E-01
1.90000E+00 -7.05000E-01 -8.21576E-05 -6.09264E-01
1.99999E+00 -7.00000E-01 -8.10791E-05 -6.04262E-01
2.09999E+00 -6.95000E-01 -7.98705E-05 -5.99250E-01
2.19999E+00 -6.90000E-01 -7.87019E-05 -5.94252E-01
2.29999E+00 -6.85000E-01 -7.74715E-05 -5.89263E-01
2.39999E+00 -6.80000E-01 -7.63508E-05 -5.84244E-01
2.49999E+00 -6.75000E-01 -7.54041E-05 -5.79237E-01
2.59999E+00 -6.70000E-01 -7.42605E-05 -5.74246E-01
2.69999E+00 -6.65000E-01 -7.34965E-05 -5.69240E-01
2.79999E+00 -6.60000E-01 -7.24844E-05 -5.64226E-01
2.89999E+00 -6.55000E-01 -7.14473E-05 -5.59231E-01
2.99999E+00 -6.50000E-01 -7.04444E-05 -5.54255E-01
3.09999E+00 -6.45000E-01 -6.94107E-05 -5.49216E-01
3.19999E+00 -6.40000E-01 -6.83127E-05 -5.44223E-01
3.29999E+00 -6.35000E-01 -6.72767E-05 -5.39225E-01
3.39999E+00 -6.30000E-01 -6.63161E-05 -5.34221E-01
3.49999E+00 -6.25000E-01 -6.52966E-05 -5.29223E-01
3.59999E+00 -6.20000E-01 -6.42858E-05 -5.24228E-01
3.69999E+00 -6.15000E-01 -6.33222E-05 -5.19211E-01
3.79999E+00 -6.10000E-01 -6.24835E-05 -5.14208E-01
3.89999E+00 -6.05000E-01 -6.15713E-05 -5.09219E-01
3.99999E+00 -6.00001E-01 -6.06294E-05 -5.04210E-01
4.09999E+00 -5.95001E-01 -5.96587E-05 -4.99221E-01
4.19999E+00 -5.90001E-01 -5.87971E-05 -4.94176E-01
4.29999E+00 -5.85001E-01 -5.79284E-05 -4.89183E-01
4.39999E+00 -5.80001E-01 -5.69734E-05 -4.84167E-01
4.49999E+00 -5.75001E-01 -5.60373E-05 -4.79174E-01
4.59999E+00 -5.70001E-01 -5.52335E-05 -4.74178E-01
4.69999E+00 -5.65001E-01 -5.43624E-05 -4.69151E-01
4.79999E+00 -5.60001E-01 -5.34399E-05 -4.64142E-01
4.89999E+00 -5.55001E-01 -5.24537E-05 -4.59164E-01
4.99999E+00 -5.50001E-01 -5.15493E-05 -4.54164E-01
5.09999E+00 -5.45001E-01 -5.07339E-05 -4.49160E-01
5.19999E+00 -5.40001E-01 -4.98989E-05 -4.44177E-01
5.29999E+00 -5.35001E-01 -4.90269E-05 -4.39180E-01
5.39999E+00 -5.30001E-01 -4.81494E-05 -4.34174E-01
5.49999E+00 -5.25001E-01 -4.73994E-05 -4.29160E-01
5.59999E+00 -5.20001E-01 -4.65409E-05 -4.24144E-01
5.69999E+00 -5.15001E-01 -4.57009E-05 -4.19154E-01
5.79999E+00 -5.10001E-01 -4.48545E-05 -4.14139E-01
5.89999E+00 -5.05001E-01 -4.40596E-05 -4.09138E-01
5.99998E+00 -5.00001E-01 -4.33374E-05 -4.04152E-01
6.09998E+00 -4.95001E-01 -4.25097E-05 -3.99161E-01
6.19998E+00 -4.90001E-01 -4.18158E-05 -3.94151E-01
6.29998E+00 -4.85001E-01 -4.10811E-05 -3.89145E-01
6.39998E+00 -4.80001E-01 -4.03311E-05 -3.84114E-01
6.49998E+00 -4.75001E-01 -3.96472E-05 -3.79134E-01
6.59998E+00 -4.70001E-01 -3.89395E-05 -3.74146E-01
6.69998E+00 -4.65001E-01 -3.82417E-05 -3.69127E-01
6.79998E+00 -4.60001E-01 -3.75185E-05 -3.64116E-01
6.89998E+00 -4.55001E-01 -3.68170E-05 -3.59130E-01
6.99998E+00 -4.50001E-01 -3.61326E-05 -3.54113E-01
7.09998E+00 -4.45001E-01 -3.54398E-05 -3.49122E-01
7.19998E+00 -4.40001E-01 -3.47835E-05 -3.44130E-01
7.29998E+00 -4.35001E-01 -3.41509E-05 -3.39129E-01
7.39998E+00 -4.30001E-01 -3.35048E-05 -3.34118E-01
7.49998E+00 -4.25001E-01 -3.28634E-05 -3.29137E-01
7.59998E+00 -4.20001E-01 -3.22442E-05 -3.24105E-01
7.69998E+00 -4.15001E-01 -3.16213E-05 -3.19096E-01
7.79998E+00 -4.10001E-01 -3.09726E-05 -3.14092E-01
7.89998E+00 -4.05001E-01 -3.03344E-05 -3.09103E-01
7.99998E+00 -4.00001E-01 -2.97002E-05 -3.04105E-01
8.09998E+00 -3.95001E-01 -2.90694E-05 -2.99099E-01
8.19998E+00 -3.90001E-01 -2.84349E-05 -2.94093E-01
8.29998E+00 -3.85001E-01 -2.78178E-05 -2.89105E-01
8.39998E+00 -3.80001E-01 -2.71929E-05 -2.84086E-01
8.49998E+00 -3.75001E-01 -2.65698E-05 -2.79120E-01
8.59998E+00 -3.70001E-01 -2.59583E-05 -2.74079E-01
8.69998E+00 -3.65001E-01 -2.53515E-05 -2.69080E-01
8.79998E+00 -3.60001E-01 -2.47372E-05 -2.64084E-01
8.89998E+00 -3.55001E-01 -2.41374E-05 -2.59092E-01
8.99998E+00 -3.50001E-01 -2.35343E-05 -2.54056E-01
9.09998E+00 -3.45001E-01 -2.29355E-05 -2.49072E-01
9.19998E+00 -3.40001E-01 -2.23333E-05 -2.44095E-01
9.29998E+00 -3.35001E-01 -2.17394E-05 -2.39092E-01
9.39998E+00 -3.30001E-01 -2.11490E-05 -2.34060E-01
9.49998E+00 -3.25001E-01 -2.05564E-05 -2.29054E-01
9.59998E+00 -3.20001E-01 -1.99662E-05 -2.24054E-01
9.69998E+00 -3.15001E-01 -1.93800E-05 -2.19064E-01
9.79998E+00 -3.10001E-01 -1.87964E-05 -2.14054E-01
9.89998E+00 -3.05001E-01 -1.82152E-05 -2.09049E-01
9.99997E+00 -3.00001E-01 -1.76327E-05 -2.04048E-01
1.01000E+01 -2.95001E-01 -1.70522E-05 -1.99085E-01
1.02000E+01 -2.90001E-01 -1.64729E-05 -1.94051E-01
1.03000E+01 -2.85001E-01 -1.58933E-05 -1.89037E-01
1.04000E+01 -2.80001E-01 -1.53118E-05 -1.84043E-01
1.05000E+01 -2.75001E-01 -1.47347E-05 -1.79059E-01
1.06000E+01 -2.70001E-01 -1.41577E-05 -1.74027E-01
1.07000E+01 -2.65001E-01 -1.35829E-05 -1.69032E-01
1.08000E+01 -2.60001E-01 -1.30105E-05 -1.64047E-01
1.09000E+01 -2.55001E-01 -1.24464E-05 -1.59013E-01
1.10000E+01 -2.50001E-01 -1.18737E-05 -1.54008E-01
1.11000E+01 -2.45001E-01 -1.13045E-05 -1.48994E-01
1.12000E+01 -2.40001E-01 -1.07374E-05 -1.44024E-01
1.13000E+01 -2.35001E-01 -1.01777E-05 -1.39008E-01
1.14000E+01 -2.30001E-01 -9.61953E-06 -1.33993E-01
1.15000E+01 -2.25001E-01 -9.06431E-06 -1.28984E-01
1.16000E+01 -2.20001E-01 -8.51089E-06 -1.24022E-01
1.17000E+01 -2.15001E-01 -7.96500E-06 -1.19027E-01
1.18000E+01 -2.10001E-01 -7.41881E-06 -1.14002E-01
1.19000E+01 -2.05001E-01 -6.87912E-06 -1.09005E-01
1.20000E+01 -2.00002E-01 -6.34387E-06 -1.03994E-01
1.21000E+01 -1.95002E-01 -5.81302E-06 -9.90183E-02
1.22000E+01 -1.90002E-01 -5.28977E-06 -9.39812E-02
1.23000E+01 -1.85002E-01 -4.77110E-06 -8.89722E-02
1.24000E+01 -1.80002E-01 -4.25922E-06 -8.40031E-02
1.25000E+01 -1.75002E-01 -3.75780E-06 -7.89797E-02
1.26000E+01 -1.70002E-01 -3.26229E-06 -7.39831E-02
1.27000E+01 -1.65002E-01 -2.77771E-06 -6.89778E-02
1.28000E+01 -1.60002E-01 -2.30522E-06 -6.39794E-02
1.29000E+01 -1.55002E-01 -1.89696E-06 -5.89835E-02
1.30000E+01 -1.50002E-01 -1.45292E-06 -5.39889E-02
1.31000E+01 -1.45002E-01 -1.02799E-06 -4.89555E-02
1.32000E+01 -1.40002E-01 -6.19117E-07 -4.39857E-02
1.33000E+01 -1.35002E-01 -2.29906E-07 -3.89873E-02
1.34000E+01 -1.30002E-01 1.38371E-07  -3.39714E-02
1.35000E+01 -1.25002E-01 4.87539E-07  -2.89580E-02
1.36000E+01 -1.20002E-01 8.20550E-07  -2.39452E-02
1.37000E+01 -1.15002E-01 1.13863E-06  -1.89568E-02
1.38000E+01 -1.10002E-01 1.44510E-06  -1.39553E-02
1.39000E+01 -1.05002E-01 1.74775E-06  -8.93308E-03
1.40000E+01 -1.00002E-01 2.05159E-06  -3.92533E-03
1.41000E+01 -9.50018E-02 2.36184E-06  1.06247E-03 
1.42000E+01 -9.00018E-02 2.68334E-06  6.03592E-03 
1.43000E+01 -8.50018E-02 3.02354E-06  1.10562E-02 
1.44000E+01 -8.00018E-02 3.38194E-06  1.60665E-02 
1.45000E+01 -7.50018E-02 3.76046E-06  2.10899E-02 
1.46000E+01 -7.00018E-02 4.16706E-06  2.60739E-02 
1.47000E+01 -6.50018E-02 4.59728E-06  3.10861E-02 
1.48000E+01 -6.00019E-02 5.05156E-06  3.60920E-02 
1.49000E+01 -5.50019E-02 5.53687E-06  4.11111E-02 
1.50000E+01 -5.00019E-02 6.05378E-06  4.60777E-02 
1.51000E+01 -4.50019E-02 6.60439E-06  5.10885E-02 
1.52000E+01 -4.00019E-02 7.19159E-06  5.60894E-02 
1.53000E+01 -3.50019E-02 7.81977E-06  6.11153E-02 
1.54000E+01 -3.00019E-02 8.49068E-06  6.60757E-02 
1.55000E+01 -2.50019E-02 9.20956E-06  7.11053E-02 
1.56000E+01 -2.00020E-02 9.98243E-06  7.61038E-02 
1.57000E+01 -1.50020E-02 1.08116E-05  8.11228E-02 
1.58000E+01 -1.00020E-02 1.16941E-05  8.61231E-02 
1.59000E+01 -5.00199E-03 1.26442E-05  9.11259E-02 
1.60000E+01 -2.00000E-06 1.36605E-05  9.61430E-02 
1.61000E+01 4.99799E-03  1.47439E-05  1.01125E-01 
1.62000E+01 9.99797E-03  1.58953E-05  1.06117E-01 
1.63000E+01 1.49980E-02  1.71143E-05  1.11106E-01 
1.64000E+01 1.99979E-02  1.83931E-05  1.16113E-01 
1.65000E+01 2.49979E-02  1.97337E-05  1.21139E-01 
1.66000E+01 2.99979E-02  2.11302E-05  1.26127E-01 
1.67000E+01 3.49979E-02  2.26407E-05  1.31126E-01 
1.68000E+01 3.99979E-02  2.41438E-05  1.36134E-01 
1.69000E+01 4.49979E-02  2.57015E-05  1.41143E-01 
1.70000E+01 4.99979E-02  2.73210E-05  1.46147E-01 
1.71000E+01 5.49979E-02  2.89999E-05  1.51145E-01 
1.72000E+01 5.99978E-02  3.07318E-05  1.56162E-01 
1.73000E+01 6.49978E-02  3.25232E-05  1.61147E-01 
1.74000E+01 6.99978E-02  3.43584E-05  1.66149E-01 
1.75000E+01 7.49978E-02  3.62398E-05  1.71174E-01 
1.76000E+01 7.99978E-02  3.81661E-05  1.76166E-01 
1.77000E+01 8.49978E-02  4.01312E-05  1.81191E-01 
1.78000E+01 8.99978E-02  4.21249E-05  1.86156E-01 
1.79000E+01 9.49978E-02  4.41713E-05  1.91150E-01 
1.80000E+01 9.99977E-02  4.62656E-05  1.96155E-01 
1.81000E+01 1.04998E-01  4.84021E-05  2.01194E-01 
1.82000E+01 1.09998E-01  5.05717E-05  2.06192E-01 
1.83000E+01 1.14998E-01  5.27823E-05  2.11174E-01 
1.84000E+01 1.19998E-01  5.50199E-05  2.16164E-01 
1.85000E+01 1.24998E-01  5.72920E-05  2.21187E-01 
1.86000E+01 1.29998E-01  5.95817E-05  2.26173E-01 
1.87000E+01 1.34998E-01  6.19085E-05  2.31148E-01 
1.88000E+01 1.39998E-01  6.42586E-05  2.36184E-01 
1.89000E+01 1.44998E-01  6.66243E-05  2.41170E-01 
1.90000E+01 1.49998E-01  6.90155E-05  2.46183E-01 
1.91000E+01 1.54998E-01  7.14078E-05  2.51155E-01 
1.92000E+01 1.59998E-01  7.38236E-05  2.56182E-01 
1.93000E+01 1.64998E-01  7.62524E-05  2.61179E-01 
1.94000E+01 1.69998E-01  7.86990E-05  2.66174E-01 
1.95000E+01 1.74998E-01  8.11527E-05  2.71173E-01 
1.96000E+01 1.79998E-01  8.36302E-05  2.76187E-01 
1.97000E+01 1.84998E-01  8.61128E-05  2.81194E-01 
1.98000E+01 1.89998E-01  8.85823E-05  2.86200E-01 
1.99000E+01 1.94998E-01  9.10613E-05  2.91181E-01 
1.99999E+01 1.99997E-01  9.35777E-05  2.96201E-01 
2.00999E+01 2.04997E-01  9.60492E-05  3.01209E-01 
2.01999E+01 2.09997E-01  9.84845E-05  3.06222E-01 
2.02999E+01 2.14997E-01  1.00873E-04  3.11221E-01 
2.03999E+01 2.19997E-01  1.03235E-04  3.16236E-01 
2.04999E+01 2.24997E-01  1.05564E-04  3.21236E-01 
2.05999E+01 2.29997E-01  1.07832E-04  3.26237E-01 
2.06999E+01 2.34997E-01  1.10089E-04  3.31243E-01 
2.07999E+01 2.39997E-01  1.12247E-04  3.36251E-01 
2.08999E+01 2.44997E-01  1.14282E-04  3.41254E-01 
2.09999E+01 2.49997E-01  1.16288E-04  3.46250E-01 
2.10999E+01 2.54997E-01  1.18109E-04  3.51257E-01 
2.11999E+01 2.59997E-01  1.19709E-04  3.56263E-01 
2.12999E+01 2.64997E-01  1.21113E-04  3.61269E-01 
2.13999E+01 2.69997E-01  1.21996E-04  3.66258E-01 
2.14999E+01 2.74997E-01  1.22668E-04  3.71274E-01 
2.15999E+01 2.79997E-01  1.23333E-04  3.76280E-01 
2.16999E+01 2.84997E-01  1.23021E-04  3.81279E-01 
2.17999E+01 2.89997E-01  1.21807E-04  3.86254E-01 
2.18999E+01 2.94997E-01  1.19734E-04  3.91262E-01 
2.19999E+01 2.99997E-01  1.16947E-04  3.96286E-01 
2.20999E+01 3.04997E-01  1.13419E-04  4.01267E-01 
2.21999E+01 3.09997E-01  1.08931E-04  4.06265E-01 
2.22999E+01 3.14997E-01  1.03229E-04  4.11267E-01 
2.23999E+01 3.19997E-01  9.64446E-05  4.16284E-01 
2.24999E+01 3.24997E-01  8.87294E-05  4.21278E-01 
2.25999E+01 3.29997E-01  8.13140E-05  4.26264E-01 
2.26999E+01 3.34997E-01  7.41770E-05  4.31279E-01 
2.27999E+01 3.39997E-01  6.71803E-05  4.36295E-01 
2.28999E+01 3.44997E-01  6.08964E-05  4.41267E-01 
2.29999E+01 3.49997E-01  5.49962E-05  4.46257E-01 
2.30999E+01 3.54997E-01  5.00380E-05  4.51274E-01 
2.31999E+01 3.59997E-01  4.56592E-05  4.56312E-01 
2.32999E+01 3.64997E-01  4.23582E-05  4.61301E-01 
2.33999E+01 3.69997E-01  3.97785E-05  4.66317E-01 
2.34999E+01 3.74997E-01  3.75361E-05  4.71316E-01 
2.35999E+01 3.79997E-01  3.57462E-05  4.76325E-01 
2.36999E+01 3.84997E-01  3.43397E-05  4.81310E-01 
2.37999E+01 3.89997E-01  3.31868E-05  4.86337E-01 
2.38999E+01 3.94997E-01  3.22653E-05  4.91331E-01 
2.39999E+01 3.99997E-01  3.14770E-05  4.96343E-01 
2.40999E+01 4.04997E-01  3.09080E-05  5.01321E-01 
2.41999E+01 4.09997E-01  3.05303E-05  5.06325E-01 
2.42999E+01 4.14997E-01  3.02998E-05  5.11329E-01 
2.43999E+01 4.19997E-01  3.01321E-05  5.16336E-01 
2.44999E+01 4.24997E-01  3.01382E-05  5.21328E-01 
2.45999E+01 4.29997E-01  3.02632E-05  5.26325E-01 
2.46999E+01 4.34997E-01  3.05021E-05  5.31345E-01 
2.47999E+01 4.39997E-01  3.08145E-05  5.36351E-01 
2.48999E+01 4.44997E-01  3.12808E-05  5.41325E-01 
2.49999E+01 4.49997E-01  3.17637E-05  5.46353E-01 
2.50999E+01 4.54997E-01  3.23678E-05  5.51345E-01 
2.51999E+01 4.59997E-01  3.30481E-05  5.56346E-01 
2.52999E+01 4.64997E-01  3.38156E-05  5.61332E-01 
2.53999E+01 4.69997E-01  3.46478E-05  5.66353E-01 
2.54999E+01 4.74997E-01  3.55233E-05  5.71364E-01 
2.55999E+01 4.79997E-01  3.64629E-05  5.76365E-01 
2.56999E+01 4.84997E-01  3.74469E-05  5.81352E-01 
2.57999E+01 4.89997E-01  3.84827E-05  5.86367E-01 
2.58999E+01 4.94997E-01  3.95422E-05  5.91361E-01 
2.59999E+01 4.99997E-01  4.06469E-05  5.96397E-01 
2.60999E+01 5.04997E-01  4.17725E-05  6.01377E-01 
2.61999E+01 5.09997E-01  4.29226E-05  6.06374E-01 
2.62999E+01 5.14997E-01  4.40945E-05  6.11372E-01 
2.63999E+01 5.19997E-01  4.52782E-05  6.16401E-01 
2.64999E+01 5.24997E-01  4.64729E-05  6.21373E-01 
2.65999E+01 5.29997E-01  4.76822E-05  6.26378E-01 
2.66999E+01 5.34997E-01  4.88952E-05  6.31394E-01 
2.67999E+01 5.39997E-01  5.01055E-05  6.36407E-01 
2.68999E+01 5.44997E-01  5.13162E-05  6.41409E-01 
2.69999E+01 5.49997E-01  5.25210E-05  6.46402E-01 
2.70999E+01 5.54997E-01  5.37196E-05  6.51414E-01 
2.71999E+01 5.59997E-01  5.49122E-05  6.56418E-01 
2.72999E+01 5.64997E-01  5.60846E-05  6.61421E-01 
2.73999E+01 5.69997E-01  5.72360E-05  6.66410E-01 
2.74999E+01 5.74997E-01  5.83773E-05  6.71427E-01 
2.75999E+01 5.79997E-01  5.94832E-05  6.76423E-01 
2.76999E+01 5.84997E-01  6.05722E-05  6.81429E-01 
2.77999E+01 5.89997E-01  6.16227E-05  6.86418E-01 
2.78999E+01 5.94997E-01  6.26409E-05  6.91410E-01 
2.79999E+01 5.99996E-01  6.36197E-05  6.96424E-01 
2.80999E+01 6.04996E-01  6.45627E-05  7.01438E-01 
2.81999E+01 6.09996E-01  6.54578E-05  7.06434E-01 
2.82999E+01 6.14996E-01  6.63102E-05  7.11406E-01 
2.83999E+01 6.19996E-01  6.70974E-05  7.16418E-01 
2.84999E+01 6.24996E-01  6.78425E-05  7.21420E-01 
2.85999E+01 6.29996E-01  6.85264E-05  7.26429E-01 
2.86999E+01 6.34996E-01  6.91377E-05  7.31422E-01 
2.87999E+01 6.39996E-01  6.96761E-05  7.36435E-01 
2.88999E+01 6.44996E-01  7.01251E-05  7.41423E-01 
2.89999E+01 6.49996E-01  7.04958E-05  7.46450E-01 
2.90999E+01 6.54996E-01  7.07882E-05  7.51428E-01 
2.91999E+01 6.59996E-01  7.09417E-05  7.56447E-01 
2.92999E+01 6.64996E-01  7.09927E-05  7.61460E-01 
2.93999E+01 6.69996E-01  7.09127E-05  7.66462E-01 
2.94999E+01 6.74996E-01  7.06677E-05  7.71433E-01 
2.95999E+01 6.79996E-01  7.02643E-05  7.76459E-01 
2.96999E+01 6.84996E-01  6.96696E-05  7.81472E-01 
2.97999E+01 6.89996E-01  6.88618E-05  7.86485E-01 
2.98999E+01 6.94996E-01  6.78051E-05  7.91458E-01 
2.99999E+01 6.99996E-01  6.64972E-05  7.96495E-01 
3.00999E+01 7.04996E-01  6.48953E-05  8.01483E-01 
3.01999E+01 7.09996E-01  6.30020E-05  8.06490E-01 
3.02999E+01 7.14996E-01  6.08008E-05  8.11473E-01 
3.03999E+01 7.19996E-01  5.83404E-05  8.16501E-01 
3.04999E+01 7.24996E-01  5.56441E-05  8.21514E-01 
3.05999E+01 7.29996E-01  5.28035E-05  8.26490E-01 
3.06999E+01 7.34996E-01  4.99894E-05  8.31513E-01 
3.07999E+01 7.39996E-01  4.73576E-05  8.36527E-01 
3.08999E+01 7.44996E-01  4.49934E-05  8.41507E-01 
3.09999E+01 7.49996E-01  4.30592E-05  8.46511E-01 
3.10999E+01 7.54996E-01  4.15516E-05  8.51522E-01 
3.11999E+01 7.59996E-01  4.04151E-05  8.56519E-01 
3.12999E+01 7.64996E-01  3.95370E-05  8.61510E-01 
3.13999E+01 7.69996E-01  3.88487E-05  8.66517E-01 
3.14999E+01 7.74996E-01  3.83238E-05  8.71512E-01 
3.15999E+01 7.79996E-01  3.79011E-05  8.76521E-01 
3.16999E+01 7.84996E-01  3.75612E-05  8.81515E-01 
3.17999E+01 7.89996E-01  3.72790E-05  8.86512E-01 
3.18999E+01 7.94996E-01  3.70318E-05  8.91514E-01 
3.19999E+01 7.99996E-01  3.68375E-05  8.96555E-01 
3.20999E+01 8.04996E-01  3.66837E-05  9.01530E-01 
3.21999E+01 8.09996E-01  3.65661E-05  9.06516E-01 
3.22999E+01 8.14996E-01  3.64363E-05  9.11524E-01 
3.23999E+01 8.19996E-01  3.63617E-05  9.16546E-01 
3.24999E+01 8.24996E-01  3.62815E-05  9.21544E-01 
3.25999E+01 8.29996E-01  3.62352E-05  9.26554E-01 
3.26999E+01 8.34996E-01  3.61881E-05  9.31559E-01 
3.27999E+01 8.39996E-01  3.61759E-05  9.36565E-01 
3.28999E+01 8.44996E-01  3.61425E-05  9.41574E-01 
3.29999E+01 8.49996E-01  3.61308E-05  9.46584E-01 
3.30999E+01 8.54996E-01  3.61410E-05  9.51572E-01 
3.31999E+01 8.59996E-01  3.61693E-05  9.56585E-01 
3.32999E+01 8.64996E-01  3.62078E-05  9.61586E-01 
3.33999E+01 8.69996E-01  3.62649E-05  9.66589E-01 
3.34999E+01 8.74996E-01  3.63246E-05  9.71589E-01 
3.35999E+01 8.79996E-01  3.63990E-05  9.76592E-01 
3.36999E+01 8.84996E-01  3.64721E-05  9.81610E-01 
3.37999E+01 8.89996E-01  3.65377E-05  9.86580E-01 
3.38999E+01 8.94996E-01  3.66090E-05  9.91611E-01 
3.39999E+01 8.99996E-01  3.66613E-05  9.96604E-01 
3.40999E+01 9.04996E-01  3.67032E-05  1.00159E+00 
3.41999E+01 9.09996E-01  3.67292E-05  1.00659E+00 
3.42999E+01 9.14996E-01  3.67310E-05  1.01162E+00 
3.43999E+01 9.19996E-01  3.67155E-05  1.01660E+00 
3.44999E+01 9.24996E-01  3.66956E-05  1.02158E+00 
3.45999E+01 9.29996E-01  3.67125E-05  1.02660E+00 
3.46999E+01 9.34996E-01  3.66804E-05  1.03162E+00 
3.47999E+01 9.39996E-01  3.66473E-05  1.03659E+00 
3.48999E+01 9.44996E-01  3.65744E-05  1.04159E+00 
3.49999E+01 9.49996E-01  3.64966E-05  1.04660E+00 
3.50999E+01 9.54996E-01  3.64278E-05  1.05163E+00 
3.51999E+01 9.59996E-01  3.63967E-05  1.05660E+00 
3.52999E+01 9.64996E-01  3.64324E-05  1.06160E+00 
3.53999E+01 9.69996E-01  3.64982E-05  1.06662E+00 
3.54999E+01 9.74996E-01  3.65814E-05  1.07161E+00 
3.55999E+01 9.79996E-01  3.66806E-05  1.07661E+00 
3.56999E+01 9.84996E-01  3.68000E-05  1.08160E+00 
3.57999E+01 9.89996E-01  3.69387E-05  1.08662E+00 
3.58999E+01 9.94996E-01  3.70909E-05  1.09163E+00 
3.59999E+01 9.99995E-01  3.72479E-05  1.09664E+00 
3.60999E+01 1.00500E+00  3.74301E-05  1.10164E+00 
3.61999E+01 1.01000E+00  3.76099E-05  1.10667E+00 
3.62999E+01 1.01500E+00  3.78063E-05  1.11163E+00 
3.63999E+01 1.02000E+00  3.79991E-05  1.11666E+00 
3.64999E+01 1.02500E+00  3.82068E-05  1.12167E+00 
3.65999E+01 1.03000E+00  3.84259E-05  1.12667E+00 
3.66999E+01 1.03500E+00  3.86532E-05  1.13168E+00 
3.67999E+01 1.04000E+00  3.88772E-05  1.13668E+00 
3.68999E+01 1.04500E+00  3.91301E-05  1.14169E+00 
3.69999E+01 1.05000E+00  3.94276E-05  1.14669E+00 
3.70999E+01 1.05500E+00  3.96501E-05  1.15168E+00 
3.71999E+01 1.06000E+00  3.99238E-05  1.15670E+00 
3.72999E+01 1.06500E+00  4.02064E-05  1.16171E+00 
3.73999E+01 1.07000E+00  4.04979E-05  1.16672E+00 
3.74999E+01 1.07500E+00  4.08043E-05  1.17169E+00 
3.75999E+01 1.08000E+00  4.11295E-05  1.17671E+00 
3.76999E+01 1.08500E+00  4.14534E-05  1.18170E+00 
3.77999E+01 1.09000E+00  4.17914E-05  1.18672E+00 
3.78999E+01 1.09500E+00  4.21341E-05  1.19172E+00 
3.79999E+01 1.10000E+00  4.25025E-05  1.19673E+00 
3.80999E+01 1.10500E+00  4.28790E-05  1.20173E+00 
3.81999E+01 1.11000E+00  4.32662E-05  1.20674E+00 
3.82999E+01 1.11500E+00  4.36687E-05  1.21173E+00 
3.83999E+01 1.12000E+00  4.40843E-05  1.21674E+00 
3.84999E+01 1.12500E+00  4.44634E-05  1.22173E+00 
3.85999E+01 1.13000E+00  4.48900E-05  1.22675E+00 
3.86999E+01 1.13500E+00  4.53212E-05  1.23175E+00 
3.87999E+01 1.14000E+00  4.57549E-05  1.23675E+00 
3.88999E+01 1.14500E+00  4.61931E-05  1.24175E+00 
3.89999E+01 1.15000E+00  4.66320E-05  1.24675E+00 
3.90999E+01 1.15500E+00  4.71075E-05  1.25172E+00 
3.91999E+01 1.16000E+00  4.75557E-05  1.25674E+00 
3.92999E+01 1.16500E+00  4.80268E-05  1.26175E+00 
3.93999E+01 1.17000E+00  4.84761E-05  1.26675E+00 
3.94999E+01 1.17500E+00  4.89565E-05  1.27175E+00 
3.95999E+01 1.18000E+00  4.94494E-05  1.27676E+00 
3.96999E+01 1.18500E+00  4.99311E-05  1.28175E+00 
3.97999E+01 1.19000E+00  5.04520E-05  1.28675E+00 
3.98999E+01 1.19500E+00  5.09428E-05  1.29177E+00 
3.99999E+01 1.19999E+00  5.14637E-05  1.29677E+00 
4.00999E+01 1.20499E+00  5.20032E-05  1.30176E+00 
4.01999E+01 1.20999E+00  5.25519E-05  1.30675E+00 
4.02999E+01 1.21499E+00  5.31481E-05  1.31177E+00 
4.03999E+01 1.21999E+00  5.37557E-05  1.31677E+00 
4.04999E+01 1.22499E+00  5.43488E-05  1.32178E+00 
4.05999E+01 1.22999E+00  5.49815E-05  1.32675E+00 
4.06999E+01 1.23499E+00  5.56127E-05  1.33178E+00 
4.07999E+01 1.23999E+00  5.62705E-05  1.33677E+00 
4.08999E+01 1.24499E+00  5.69840E-05  1.34177E+00 
4.09999E+01 1.24999E+00  5.77355E-05  1.34676E+00 
4.10999E+01 1.25499E+00  5.84913E-05  1.35176E+00 
4.11999E+01 1.25999E+00  5.92967E-05  1.35678E+00 
4.12999E+01 1.26499E+00  6.01535E-05  1.36177E+00 
4.13999E+01 1.26999E+00  6.10711E-05  1.36676E+00 
4.14999E+01 1.27499E+00  6.20532E-05  1.37178E+00 
4.15999E+01 1.27999E+00  6.30816E-05  1.37678E+00 
4.16999E+01 1.28499E+00  6.42202E-05  1.38178E+00 
4.17999E+01 1.28999E+00  6.54301E-05  1.38676E+00 
4.18999E+01 1.29499E+00  6.66831E-05  1.39178E+00 
4.19999E+01 1.29999E+00  6.80527E-05  1.39679E+00 
4.20999E+01 1.30499E+00  6.94121E-05  1.40178E+00 
4.21999E+01 1.30999E+00  7.08865E-05  1.40680E+00 
4.22999E+01 1.31499E+00  7.24139E-05  1.41179E+00 
4.23999E+01 1.31999E+00  7.40214E-05  1.41681E+00 
4.24999E+01 1.32499E+00  7.57071E-05  1.42182E+00 
4.25999E+01 1.32999E+00  7.74598E-05  1.42684E+00 
4.26999E+01 1.33499E+00  7.92892E-05  1.43183E+00 
4.27999E+01 1.33999E+00  8.11754E-05  1.43683E+00 
4.28999E+01 1.34499E+00  8.31387E-05  1.44182E+00 
4.29999E+01 1.34999E+00  8.51613E-05  1.44685E+00 
4.30999E+01 1.35499E+00  8.72595E-05  1.45185E+00 
4.31999E+01 1.35999E+00  8.94057E-05  1.45686E+00 
4.32999E+01 1.36499E+00  9.16230E-05  1.46184E+00 
4.33999E+01 1.36999E+00  9.39117E-05  1.46684E+00 
4.34999E+01 1.37499E+00  9.63284E-05  1.47187E+00 
4.35999E+01 1.37999E+00  9.87440E-05  1.47687E+00 
4.36999E+01 1.38499E+00  1.01165E-04  1.48186E+00 
4.37999E+01 1.38999E+00  1.03686E-04  1.48686E+00 
4.38999E+01 1.39499E+00  1.06271E-04  1.49188E+00 
4.39999E+01 1.39999E+00  1.08920E-04  1.49689E+00 
4.40999E+01 1.40499E+00  1.11631E-04  1.50187E+00 
4.41999E+01 1.40999E+00  1.14396E-04  1.50687E+00 
4.42999E+01 1.41499E+00  1.17193E-04  1.51185E+00 
4.43999E+01 1.41999E+00  1.20055E-04  1.51689E+00 
4.44999E+01 1.42499E+00  1.22989E-04  1.52189E+00 
4.45999E+01 1.42999E+00  1.25947E-04  1.52688E+00 
4.46999E+01 1.43499E+00  1.28965E-04  1.53188E+00 
4.47999E+01 1.43999E+00  1.32027E-04  1.53688E+00 
4.48999E+01 1.44499E+00  1.35132E-04  1.54187E+00 
4.49999E+01 1.44999E+00  1.38292E-04  1.54687E+00 
4.50999E+01 1.45499E+00  1.41490E-04  1.55189E+00 
4.51999E+01 1.45999E+00  1.44722E-04  1.55689E+00 
4.52999E+01 1.46499E+00  1.48005E-04  1.56188E+00 
4.53999E+01 1.46999E+00  1.51290E-04  1.56686E+00 
4.54999E+01 1.47499E+00  1.54658E-04  1.57188E+00 
4.55999E+01 1.47999E+00  1.58041E-04  1.57691E+00 
4.56999E+01 1.48499E+00  1.61441E-04  1.58189E+00 
4.57999E+01 1.48999E+00  1.64859E-04  1.58689E+00 
4.58999E+01 1.49499E+00  1.68299E-04  1.59189E+00 
4.59999E+01 1.49999E+00  1.71753E-04  1.59690E+00 
4.60999E+01 1.50499E+00  1.75239E-04  1.60192E+00 
4.61999E+01 1.50999E+00  1.78719E-04  1.60692E+00 
4.62999E+01 1.51499E+00  1.82226E-04  1.61192E+00 
4.63999E+01 1.51999E+00  1.85741E-04  1.61691E+00 
4.64999E+01 1.52499E+00  1.89262E-04  1.62190E+00 
4.65999E+01 1.52999E+00  1.92768E-04  1.62694E+00 
4.66999E+01 1.53499E+00  1.96272E-04  1.63192E+00 
4.67999E+01 1.53999E+00  1.99735E-04  1.63691E+00 
4.68999E+01 1.54499E+00  2.03225E-04  1.64191E+00 
4.69999E+01 1.54999E+00  2.06710E-04  1.64694E+00 
4.70999E+01 1.55499E+00  2.10171E-04  1.65195E+00 
4.71999E+01 1.55999E+00  2.14110E-04  1.65694E+00 
4.72999E+01 1.56499E+00  2.17574E-04  1.66193E+00 
4.73999E+01 1.56999E+00  2.20876E-04  1.66694E+00 
4.74999E+01 1.57499E+00  2.24149E-04  1.67193E+00 
4.75999E+01 1.57999E+00  2.27452E-04  1.67695E+00 
4.76999E+01 1.58499E+00  2.30880E-04  1.68193E+00 
4.77999E+01 1.58999E+00  2.34311E-04  1.68694E+00 
4.78999E+01 1.59499E+00  2.37444E-04  1.69196E+00 
4.79999E+01 1.59999E+00  2.40665E-04  1.69697E+00 
4.80999E+01 1.60499E+00  2.43920E-04  1.70196E+00 
4.81999E+01 1.60999E+00  2.47054E-04  1.70695E+00 
4.82999E+01 1.61499E+00  2.50094E-04  1.71198E+00 
4.83999E+01 1.61999E+00  2.53114E-04  1.71698E+00 
4.84999E+01 1.62499E+00  2.56154E-04  1.72196E+00 
4.85999E+01 1.62999E+00  2.59239E-04  1.72696E+00 
4.86999E+01 1.63499E+00  2.62317E-04  1.73200E+00 
4.87999E+01 1.63999E+00  2.65225E-04  1.73698E+00 
4.88999E+01 1.64499E+00  2.68151E-04  1.74199E+00 
4.89999E+01 1.64999E+00  2.70902E-04  1.74700E+00 
4.90999E+01 1.65499E+00  2.73727E-04  1.75202E+00 
4.91999E+01 1.65999E+00  2.76359E-04  1.75704E+00 
4.92999E+01 1.66499E+00  2.78902E-04  1.76205E+00 
4.93999E+01 1.66999E+00  2.81371E-04  1.76705E+00 
4.94999E+01 1.67499E+00  2.83694E-04  1.77203E+00 
4.95999E+01 1.67999E+00  2.86034E-04  1.77703E+00 
4.96999E+01 1.68499E+00  2.88098E-04  1.78205E+00 
4.97999E+01 1.68999E+00  2.90290E-04  1.78706E+00 
4.98999E+01 1.69499E+00  2.92080E-04  1.79205E+00 
4.99999E+01 1.69999E+00  2.93986E-04  1.79707E+00 
5.00999E+01 1.70499E+00  2.95773E-04  1.80207E+00 
5.01999E+01 1.70999E+00  2.97750E-04  1.80708E+00 
5.02999E+01 1.71499E+00  2.99633E-04  1.81207E+00 
5.03999E+01 1.71999E+00  3.01672E-04  1.81706E+00 
5.04999E+01 1.72499E+00  3.03548E-04  1.82205E+00 
5.05999E+01 1.72999E+00  3.05272E-04  1.82709E+00 
5.06999E+01 1.73499E+00  3.07088E-04  1.83206E+00 
5.07999E+01 1.73999E+00  3.08681E-04  1.83705E+00 
5.08999E+01 1.74499E+00  3.10326E-04  1.84205E+00 
5.09999E+01 1.74999E+00  3.11799E-04  1.84708E+00 
5.10999E+01 1.75499E+00  3.13418E-04  1.85206E+00 
5.11999E+01 1.75999E+00  3.15091E-04  1.85705E+00 
5.12999E+01 1.76499E+00  3.16852E-04  1.86205E+00 
5.13999E+01 1.76999E+00  3.18505E-04  1.86707E+00 
5.14999E+01 1.77499E+00  3.20501E-04  1.87208E+00 
5.15999E+01 1.77999E+00  3.22391E-04  1.87708E+00 
5.16999E+01 1.78499E+00  3.24180E-04  1.88206E+00 
5.17999E+01 1.78999E+00  3.26016E-04  1.88709E+00 
5.18999E+01 1.79499E+00  3.28033E-04  1.89209E+00 
5.19999E+01 1.79999E+00  3.30083E-04  1.89709E+00 
5.20999E+01 1.79499E+00  3.23363E-04  1.89209E+00 
5.21999E+01 1.78999E+00  3.17069E-04  1.88708E+00 
5.22999E+01 1.78499E+00  3.11167E-04  1.88209E+00 
5.23999E+01 1.77999E+00  3.05533E-04  1.87707E+00 
5.24999E+01 1.77499E+00  3.00085E-04  1.87207E+00 
5.25999E+01 1.76999E+00  2.95095E-04  1.86708E+00 
5.26999E+01 1.76499E+00  2.89629E-04  1.86206E+00 
5.27999E+01 1.75999E+00  2.84609E-04  1.85707E+00 
5.28999E+01 1.75499E+00  2.79761E-04  1.85205E+00 
5.29999E+01 1.74999E+00  2.75047E-04  1.84707E+00 
5.30999E+01 1.74499E+00  2.70435E-04  1.84207E+00 
5.31999E+01 1.73999E+00  2.65892E-04  1.83705E+00 
5.32999E+01 1.73499E+00  2.61451E-04  1.83204E+00 
5.33999E+01 1.72999E+00  2.57084E-04  1.82706E+00 
5.34999E+01 1.72499E+00  2.52751E-04  1.82207E+00 
5.35999E+01 1.71999E+00  2.48478E-04  1.81705E+00 
5.36999E+01 1.71499E+00  2.44279E-04  1.81205E+00 
5.37999E+01 1.70999E+00  2.40138E-04  1.80708E+00 
5.38999E+01 1.70499E+00  2.36007E-04  1.80204E+00 
5.39999E+01 1.69999E+00  2.31950E-04  1.79704E+00 
5.40999E+01 1.69499E+00  2.27896E-04  1.79202E+00 
5.41999E+01 1.68999E+00  2.23955E-04  1.78705E+00 
5.42999E+01 1.68499E+00  2.20020E-04  1.78203E+00 
5.43999E+01 1.67999E+00  2.16107E-04  1.77703E+00 
5.44999E+01 1.67499E+00  2.12245E-04  1.77202E+00 
5.45999E+01 1.66999E+00  2.08448E-04  1.76704E+00 
5.46999E+01 1.66499E+00  2.04677E-04  1.76203E+00 
5.47999E+01 1.65999E+00  2.00972E-04  1.75703E+00 
5.48999E+01 1.65499E+00  1.97281E-04  1.75202E+00 
5.49999E+01 1.64999E+00  1.93666E-04  1.74702E+00 
5.50999E+01 1.64499E+00  1.90062E-04  1.74199E+00 
5.51999E+01 1.63999E+00  1.86506E-04  1.73702E+00 
5.52999E+01 1.63499E+00  1.82975E-04  1.73201E+00 
5.53999E+01 1.62999E+00  1.79495E-04  1.72699E+00 
5.54999E+01 1.62499E+00  1.76038E-04  1.72198E+00 
5.55999E+01 1.61999E+00  1.72645E-04  1.71700E+00 
5.56999E+01 1.61499E+00  1.69278E-04  1.71200E+00 
5.57999E+01 1.60999E+00  1.65956E-04  1.70700E+00 
5.58999E+01 1.60499E+00  1.62684E-04  1.70196E+00 
5.59999E+01 1.59999E+00  1.59444E-04  1.69697E+00 
5.60999E+01 1.59499E+00  1.56253E-04  1.69197E+00 
5.61999E+01 1.58999E+00  1.53080E-04  1.68697E+00 
5.62999E+01 1.58499E+00  1.49950E-04  1.68194E+00 
5.63999E+01 1.57999E+00  1.46855E-04  1.67695E+00 
5.64999E+01 1.57499E+00  1.43791E-04  1.67196E+00 
5.65999E+01 1.56999E+00  1.40773E-04  1.66696E+00 
5.66999E+01 1.56499E+00  1.37785E-04  1.66194E+00 
5.67999E+01 1.55999E+00  1.34824E-04  1.65696E+00 
5.68999E+01 1.55499E+00  1.31906E-04  1.65196E+00 
5.69999E+01 1.54999E+00  1.29000E-04  1.64696E+00 
5.70999E+01 1.54499E+00  1.26135E-04  1.64194E+00 
5.71999E+01 1.53999E+00  1.23308E-04  1.63694E+00 
5.72999E+01 1.53499E+00  1.20529E-04  1.63193E+00 
5.73999E+01 1.52999E+00  1.17756E-04  1.62697E+00 
5.74999E+01 1.52499E+00  1.15028E-04  1.62195E+00 
5.75999E+01 1.51999E+00  1.12333E-04  1.61695E+00 
5.76999E+01 1.51499E+00  1.09664E-04  1.61194E+00 
5.77999E+01 1.50999E+00  1.07017E-04  1.60696E+00 
5.78999E+01 1.50499E+00  1.04421E-04  1.60194E+00 
5.79999E+01 1.49999E+00  1.01849E-04  1.59693E+00 
5.80999E+01 1.49499E+00  9.93084E-05  1.59191E+00 
5.81999E+01 1.48999E+00  9.68010E-05  1.58690E+00 
5.82999E+01 1.48499E+00  9.43359E-05  1.58191E+00 
5.83999E+01 1.47999E+00  9.18955E-05  1.57691E+00 
5.84999E+01 1.47499E+00  8.94816E-05  1.57188E+00 
5.85999E+01 1.46999E+00  8.71027E-05  1.56688E+00 
5.86999E+01 1.46499E+00  8.47599E-05  1.56188E+00 
5.87999E+01 1.45999E+00  8.24347E-05  1.55690E+00 
5.88999E+01 1.45499E+00  8.01495E-05  1.55190E+00 
5.89999E+01 1.44999E+00  7.79340E-05  1.54688E+00 
5.90999E+01 1.44499E+00  7.57429E-05  1.54190E+00 
5.91999E+01 1.43999E+00  7.35814E-05  1.53691E+00 
5.92999E+01 1.43499E+00  7.15827E-05  1.53188E+00 
5.93999E+01 1.42999E+00  6.96331E-05  1.52688E+00 
5.94999E+01 1.42499E+00  6.73046E-05  1.52188E+00 
5.95999E+01 1.41999E+00  6.50774E-05  1.51689E+00 
5.96999E+01 1.41499E+00  6.30345E-05  1.51188E+00 
5.97999E+01 1.40999E+00  6.10276E-05  1.50690E+00 
5.98999E+01 1.40499E+00  5.90759E-05  1.50187E+00 
5.99998E+01 1.39999E+00  5.71617E-05  1.49687E+00 
6.00998E+01 1.39499E+00  5.52820E-05  1.49190E+00 
6.01998E+01 1.38999E+00  5.34296E-05  1.48688E+00 
6.02998E+01 1.38499E+00  5.16203E-05  1.48188E+00 
6.03998E+01 1.37999E+00  4.98365E-05  1.47689E+00 
6.04998E+01 1.37499E+00  4.80975E-05  1.47189E+00 
6.05998E+01 1.36999E+00  4.64010E-05  1.46689E+00 
6.06998E+01 1.36499E+00  4.47459E-05  1.46187E+00 
6.07998E+01 1.35999E+00  4.31038E-05  1.45688E+00 
6.08998E+01 1.35499E+00  4.15107E-05  1.45188E+00 
6.09998E+01 1.34999E+00  3.99670E-05  1.44687E+00 
6.10998E+01 1.34499E+00  3.84626E-05  1.44185E+00 
6.11998E+01 1.33999E+00  3.70184E-05  1.43685E+00 
6.12998E+01 1.33499E+00  3.50845E-05  1.43184E+00 
6.13998E+01 1.32999E+00  3.36689E-05  1.42685E+00 
6.14998E+01 1.32499E+00  3.23232E-05  1.42183E+00 
6.15998E+01 1.31999E+00  3.13841E-05  1.41683E+00 
6.16998E+01 1.31499E+00  2.99291E-05  1.41181E+00 
6.17998E+01 1.30999E+00  2.85529E-05  1.40682E+00 
6.18998E+01 1.30499E+00  2.73305E-05  1.40181E+00 
6.19998E+01 1.29999E+00  2.61708E-05  1.39681E+00 
6.20998E+01 1.29499E+00  2.50522E-05  1.39180E+00 
6.21998E+01 1.28999E+00  2.39810E-05  1.38680E+00 
6.22998E+01 1.28499E+00  2.29440E-05  1.38178E+00 
6.23998E+01 1.27999E+00  2.19508E-05  1.37679E+00 
6.24998E+01 1.27499E+00  2.09941E-05  1.37178E+00 
6.25998E+01 1.26999E+00  2.00851E-05  1.36677E+00 
6.26998E+01 1.26499E+00  1.92066E-05  1.36178E+00 
6.27998E+01 1.25999E+00  1.83722E-05  1.35679E+00 
6.28998E+01 1.25499E+00  1.75696E-05  1.35177E+00 
6.29998E+01 1.24999E+00  1.68115E-05  1.34676E+00 
6.30998E+01 1.24499E+00  1.60774E-05  1.34177E+00 
6.31998E+01 1.23999E+00  1.53805E-05  1.33679E+00 
6.32998E+01 1.23499E+00  1.47158E-05  1.33179E+00 
6.33998E+01 1.22999E+00  1.40773E-05  1.32678E+00 
6.34998E+01 1.22499E+00  1.34779E-05  1.32178E+00 
6.35998E+01 1.21999E+00  1.29164E-05  1.31678E+00 
6.36998E+01 1.21499E+00  1.23804E-05  1.31177E+00 
6.37998E+01 1.20999E+00  1.18745E-05  1.30675E+00 
6.38998E+01 1.20499E+00  1.13927E-05  1.30175E+00 
6.39998E+01 1.19999E+00  1.09397E-05  1.29676E+00 
6.40998E+01 1.19500E+00  1.05091E-05  1.29175E+00 
6.41998E+01 1.19000E+00  1.01026E-05  1.28673E+00 
6.42998E+01 1.18500E+00  9.72081E-06  1.28175E+00 
6.43998E+01 1.18000E+00  9.35800E-06  1.27675E+00 
6.44998E+01 1.17500E+00  9.01800E-06  1.27175E+00 
6.45998E+01 1.17000E+00  8.70313E-06  1.26676E+00 
6.46998E+01 1.16500E+00  8.40325E-06  1.26172E+00 
6.47998E+01 1.16000E+00  8.12690E-06  1.25673E+00 
6.48998E+01 1.15500E+00  7.86091E-06  1.25174E+00 
6.49998E+01 1.15000E+00  7.61427E-06  1.24672E+00 
6.50998E+01 1.14500E+00  7.37695E-06  1.24170E+00 
6.51998E+01 1.14000E+00  7.15626E-06  1.23672E+00 
6.52998E+01 1.13500E+00  6.94843E-06  1.23172E+00 
6.53998E+01 1.13000E+00  6.74953E-06  1.22672E+00 
6.54998E+01 1.12500E+00  6.56635E-06  1.22172E+00 
6.55998E+01 1.12000E+00  6.39909E-06  1.21674E+00 
6.56998E+01 1.11500E+00  6.23638E-06  1.21172E+00 
6.57998E+01 1.11000E+00  6.08532E-06  1.20672E+00 
6.58998E+01 1.10500E+00  5.94148E-06  1.20172E+00 
6.59998E+01 1.10000E+00  5.81171E-06  1.19675E+00 
6.60998E+01 1.09500E+00  5.70091E-06  1.19173E+00 
6.61998E+01 1.09000E+00  5.59664E-06  1.18673E+00 
6.62998E+01 1.08500E+00  5.44357E-06  1.18173E+00 
6.63998E+01 1.08000E+00  5.32448E-06  1.17673E+00 
6.64998E+01 1.07500E+00  5.21165E-06  1.17173E+00 
6.65998E+01 1.07000E+00  5.11013E-06  1.16672E+00 
6.66998E+01 1.06500E+00  5.01525E-06  1.16173E+00 
6.67998E+01 1.06000E+00  4.92872E-06  1.15672E+00 
6.68998E+01 1.05500E+00  4.86499E-06  1.15170E+00 
6.69998E+01 1.05000E+00  4.80713E-06  1.14673E+00 
6.70998E+01 1.04500E+00  4.74547E-06  1.14170E+00 
6.71998E+01 1.04000E+00  4.60955E-06  1.13672E+00 
6.72998E+01 1.03500E+00  4.51950E-06  1.13170E+00 
6.73998E+01 1.03000E+00  4.43419E-06  1.12671E+00 
6.74998E+01 1.02500E+00  4.36213E-06  1.12170E+00 
6.75998E+01 1.02000E+00  4.29528E-06  1.11668E+00 
6.76998E+01 1.01500E+00  4.23097E-06  1.11167E+00 
6.77998E+01 1.01000E+00  4.17346E-06  1.10669E+00 
6.78998E+01 1.00500E+00  4.11187E-06  1.10166E+00 
6.79998E+01 9.99995E-01  4.05188E-06  1.09666E+00 
6.80998E+01 9.94996E-01  3.99027E-06  1.09165E+00 
6.81998E+01 9.89996E-01  3.93586E-06  1.08665E+00 
6.82998E+01 9.84996E-01  3.83568E-06  1.08165E+00 
6.83998E+01 9.79996E-01  3.78413E-06  1.07664E+00 
6.84998E+01 9.74996E-01  3.72352E-06  1.07165E+00 
6.85998E+01 9.69996E-01  3.66898E-06  1.06663E+00 
6.86998E+01 9.64996E-01  3.61834E-06  1.06164E+00 
6.87998E+01 9.59996E-01  3.56701E-06  1.05662E+00 
6.88998E+01 9.54996E-01  3.51871E-06  1.05163E+00 
6.89998E+01 9.49996E-01  3.47037E-06  1.04662E+00 
6.90998E+01 9.44996E-01  3.42464E-06  1.04162E+00 
6.91998E+01 9.39996E-01  3.37649E-06  1.03660E+00 
6.92998E+01 9.34996E-01  3.33029E-06  1.03161E+00 
6.93998E+01 9.29996E-01  3.28194E-06  1.02659E+00 
6.94998E+01 9.24996E-01  3.23683E-06  1.02158E+00 
6.95998E+01 9.19996E-01  3.19411E-06  1.01659E+00 
6.96998E+01 9.14996E-01  3.14562E-06  1.01160E+00 
6.97998E+01 9.09996E-01  3.10281E-06  1.00659E+00 
6.98998E+01 9.04996E-01  3.05773E-06  1.00159E+00 
6.99998E+01 8.99996E-01  3.01382E-06  9.96592E-01 
7.00998E+01 8.94996E-01  2.97397E-06  9.91601E-01 
7.01998E+01 8.89996E-01  2.93253E-06  9.86596E-01 
7.02998E+01 8.84996E-01  2.89137E-06  9.81582E-01 
7.03998E+01 8.79996E-01  2.85416E-06  9.76618E-01 
7.04998E+01 8.74996E-01  2.80826E-06  9.71612E-01 
7.05998E+01 8.69996E-01  2.77030E-06  9.66611E-01 
7.06998E+01 8.64996E-01  2.72733E-06  9.61606E-01 
7.07998E+01 8.59996E-01  2.68139E-06  9.56582E-01 
7.08998E+01 8.54996E-01  2.63391E-06  9.51586E-01 
7.09998E+01 8.49996E-01  2.59194E-06  9.46604E-01 
7.10998E+01 8.44996E-01  2.54570E-06  9.41564E-01 
7.11998E+01 8.39996E-01  2.49769E-06  9.36564E-01 
7.12998E+01 8.34996E-01  2.45473E-06  9.31562E-01 
7.13998E+01 8.29996E-01  2.41680E-06  9.26550E-01 
7.14998E+01 8.24996E-01  2.37349E-06  9.21579E-01 
7.15998E+01 8.19996E-01  2.33234E-06  9.16565E-01 
7.16998E+01 8.14996E-01  2.28602E-06  9.11550E-01 
7.17998E+01 8.09996E-01  2.23358E-06  9.06543E-01 
7.18998E+01 8.04996E-01  2.18781E-06  9.01543E-01 
7.19998E+01 7.99996E-01  2.14399E-06  8.96551E-01 
7.20998E+01 7.94996E-01  2.09651E-06  8.91538E-01 
7.21998E+01 7.89996E-01  2.04757E-06  8.86549E-01 
7.22998E+01 7.84996E-01  2.00596E-06  8.81533E-01 
7.23998E+01 7.79996E-01  1.96379E-06  8.76538E-01 
7.24998E+01 7.74996E-01  1.91816E-06  8.71540E-01 
7.25998E+01 7.69996E-01  1.86316E-06  8.66527E-01 
7.26998E+01 7.64996E-01  1.81840E-06  8.61530E-01 
7.27998E+01 7.59996E-01  1.76725E-06  8.56529E-01 
7.28998E+01 7.54996E-01  1.71473E-06  8.51541E-01 
7.29998E+01 7.49996E-01  1.65670E-06  8.46508E-01 
7.30998E+01 7.44996E-01  1.60151E-06  8.41514E-01 
7.31998E+01 7.39996E-01  1.53822E-06  8.36550E-01 
7.32998E+01 7.34996E-01  1.47908E-06  8.31519E-01 
7.33998E+01 7.29996E-01  1.43173E-06  8.26510E-01 
7.34998E+01 7.24996E-01  1.38597E-06  8.21527E-01 
7.35998E+01 7.19996E-01  1.33586E-06  8.16545E-01 
7.36998E+01 7.14996E-01  1.27125E-06  8.11535E-01 
7.37998E+01 7.09996E-01  1.19902E-06  8.06517E-01 
7.38998E+01 7.04996E-01  1.13963E-06  8.01507E-01 
7.39998E+01 6.99996E-01  1.08668E-06  7.96525E-01 
7.40998E+01 6.94996E-01  1.02233E-06  7.91504E-01 
7.41998E+01 6.89996E-01  9.51557E-07  7.86501E-01 
7.42998E+01 6.84996E-01  8.85898E-07  7.81490E-01 
7.43998E+01 6.79996E-01  8.20301E-07  7.76478E-01 
7.44998E+01 6.74996E-01  7.57384E-07  7.71435E-01 
7.45998E+01 6.69996E-01  6.88270E-07  7.66451E-01 
7.46998E+01 6.64996E-01  6.14426E-07  7.61455E-01 
7.47998E+01 6.59996E-01  5.46118E-07  7.56457E-01 
7.48998E+01 6.54996E-01  4.69316E-07  7.51436E-01 
7.49998E+01 6.49996E-01  3.96997E-07  7.46443E-01 
7.50998E+01 6.44996E-01  3.23315E-07  7.41437E-01 
7.51998E+01 6.39996E-01  2.47700E-07  7.36444E-01 
7.52998E+01 6.34996E-01  1.68970E-07  7.31420E-01 
7.53998E+01 6.29996E-01  8.78272E-08  7.26432E-01 
7.54998E+01 6.24996E-01  1.15486E-08  7.21434E-01 
7.55998E+01 6.19996E-01  -7.03247E-08 7.16443E-01 
7.56998E+01 6.14996E-01  -1.59980E-07 7.11417E-01 
7.57998E+01 6.09996E-01  -2.35730E-07 7.06440E-01 
7.58998E+01 6.04996E-01  -3.12329E-07 7.01440E-01 
7.59998E+01 5.99996E-01  -4.01527E-07 6.96438E-01 
7.60998E+01 5.94997E-01  -4.87380E-07 6.91433E-01 
7.61998E+01 5.89997E-01  -5.71127E-07 6.86438E-01 
7.62998E+01 5.84997E-01  -6.59366E-07 6.81435E-01 
7.63998E+01 5.79997E-01  -7.47143E-07 6.76448E-01 
7.64998E+01 5.74997E-01  -8.32834E-07 6.71418E-01 
7.65998E+01 5.69997E-01  -9.35942E-07 6.66450E-01 
7.66998E+01 5.64997E-01  -1.02500E-06 6.61436E-01 
7.67998E+01 5.59997E-01  -1.10459E-06 6.56415E-01 
7.68998E+01 5.54997E-01  -1.19038E-06 6.51412E-01 
7.69998E+01 5.49997E-01  -1.28712E-06 6.46412E-01 
7.70998E+01 5.44997E-01  -1.38641E-06 6.41405E-01 
7.71998E+01 5.39997E-01  -1.48074E-06 6.36433E-01 
7.72998E+01 5.34997E-01  -1.57272E-06 6.31411E-01 
7.73998E+01 5.29997E-01  -1.68190E-06 6.26386E-01 
7.74998E+01 5.24997E-01  -1.77743E-06 6.21388E-01 
7.75998E+01 5.19997E-01  -1.87902E-06 6.16410E-01 
7.76998E+01 5.14997E-01  -1.97861E-06 6.11386E-01 
7.77998E+01 5.09997E-01  -2.07511E-06 6.06369E-01 
7.78998E+01 5.04997E-01  -2.17200E-06 6.01373E-01 
7.79998E+01 4.99997E-01  -2.27594E-06 5.96371E-01 
7.80998E+01 4.94997E-01  -2.37987E-06 5.91393E-01 
7.81998E+01 4.89997E-01  -2.48973E-06 5.86362E-01 
7.82998E+01 4.84997E-01  -2.59758E-06 5.81368E-01 
7.83998E+01 4.79997E-01  -2.71258E-06 5.76371E-01 
7.84998E+01 4.74997E-01  -2.83003E-06 5.71378E-01 
7.85998E+01 4.69997E-01  -2.95352E-06 5.66367E-01 
7.86998E+01 4.64997E-01  -3.07816E-06 5.61336E-01 
7.87998E+01 4.59997E-01  -3.21312E-06 5.56367E-01 
7.88998E+01 4.54997E-01  -3.35868E-06 5.51370E-01 
7.89998E+01 4.49997E-01  -3.50569E-06 5.46354E-01 
7.90998E+01 4.44997E-01  -3.65928E-06 5.41369E-01 
7.91998E+01 4.39997E-01  -3.82571E-06 5.36373E-01 
7.92998E+01 4.34997E-01  -3.99251E-06 5.31356E-01 
7.93998E+01 4.29997E-01  -4.16590E-06 5.26333E-01 
7.94998E+01 4.24997E-01  -4.34700E-06 5.21315E-01 
7.95998E+01 4.19997E-01  -4.54052E-06 5.16327E-01 
7.96998E+01 4.14997E-01  -4.74539E-06 5.11340E-01 
7.97998E+01 4.09997E-01  -4.96671E-06 5.06334E-01 
7.98998E+01 4.04997E-01  -5.18891E-06 5.01321E-01 
7.99998E+01 3.99997E-01  -5.42622E-06 4.96329E-01 
8.00998E+01 3.94997E-01  -5.67538E-06 4.91332E-01 
8.01998E+01 3.89997E-01  -5.93995E-06 4.86325E-01 
8.02998E+01 3.84997E-01  -6.21324E-06 4.81320E-01 
8.03998E+01 3.79997E-01  -6.48952E-06 4.76314E-01 
8.04998E+01 3.74997E-01  -6.79115E-06 4.71309E-01 
8.05998E+01 3.69997E-01  -7.09761E-06 4.66308E-01 
8.06998E+01 3.64997E-01  -7.42318E-06 4.61291E-01 
8.07998E+01 3.59997E-01  -7.76967E-06 4.56280E-01 
8.08998E+01 3.54997E-01  -8.12426E-06 4.51284E-01 
8.09998E+01 3.49997E-01  -8.49452E-06 4.46283E-01 
8.10998E+01 3.44997E-01  -8.88026E-06 4.41265E-01 
8.11998E+01 3.39997E-01  -9.28601E-06 4.36286E-01 
8.12998E+01 3.34997E-01  -9.70127E-06 4.31262E-01 
8.13998E+01 3.29997E-01  -1.01227E-05 4.26289E-01 
8.14998E+01 3.24997E-01  -1.05685E-05 4.21284E-01 
8.15998E+01 3.19997E-01  -1.10243E-05 4.16291E-01 
8.16998E+01 3.14997E-01  -1.14978E-05 4.11283E-01 
8.17998E+01 3.09997E-01  -1.19935E-05 4.06261E-01 
8.18998E+01 3.04997E-01  -1.24949E-05 4.01270E-01 
8.19998E+01 2.99997E-01  -1.30084E-05 3.96289E-01 
8.20998E+01 2.94997E-01  -1.35368E-05 3.91267E-01 
8.21998E+01 2.89997E-01  -1.40949E-05 3.86254E-01 
8.22998E+01 2.84997E-01  -1.46597E-05 3.81267E-01 
8.23998E+01 2.79997E-01  -1.52361E-05 3.76272E-01 
8.24998E+01 2.74997E-01  -1.58290E-05 3.71273E-01 
8.25998E+01 2.69997E-01  -1.64427E-05 3.66242E-01 
8.26998E+01 2.64997E-01  -1.70583E-05 3.61245E-01 
8.27998E+01 2.59997E-01  -1.77012E-05 3.56251E-01 
8.28998E+01 2.54997E-01  -1.83574E-05 3.51251E-01 
8.29998E+01 2.49997E-01  -1.90303E-05 3.46243E-01 
8.30998E+01 2.44997E-01  -1.97148E-05 3.41240E-01 
8.31998E+01 2.39997E-01  -2.04208E-05 3.36251E-01 
8.32998E+01 2.34997E-01  -2.10951E-05 3.31256E-01 
8.33998E+01 2.29997E-01  -2.18195E-05 3.26228E-01 
8.34998E+01 2.24997E-01  -2.25619E-05 3.21231E-01 
8.35998E+01 2.19997E-01  -2.33150E-05 3.16225E-01 
8.36998E+01 2.14997E-01  -2.40778E-05 3.11224E-01 
8.37998E+01 2.09997E-01  -2.48482E-05 3.06230E-01 
8.38998E+01 2.04997E-01  -2.56352E-05 3.01199E-01 
8.39998E+01 1.99997E-01  -2.64165E-05 2.96202E-01 
8.40998E+01 1.94998E-01  -2.72019E-05 2.91209E-01 
8.41998E+01 1.89998E-01  -2.79941E-05 2.86201E-01 
8.42998E+01 1.84998E-01  -2.87698E-05 2.81213E-01 
8.43998E+01 1.79998E-01  -2.95416E-05 2.76222E-01 
8.44998E+01 1.74998E-01  -3.02894E-05 2.71180E-01 
8.45998E+01 1.69998E-01  -3.10199E-05 2.66216E-01 
8.46998E+01 1.64998E-01  -3.17264E-05 2.61233E-01 
8.47998E+01 1.59998E-01  -3.24064E-05 2.56207E-01 
8.48998E+01 1.54998E-01  -3.30595E-05 2.51176E-01 
8.49998E+01 1.49998E-01  -3.36753E-05 2.46206E-01 
8.50998E+01 1.44998E-01  -3.42641E-05 2.41193E-01 
8.51998E+01 1.39998E-01  -3.48218E-05 2.36194E-01 
8.52998E+01 1.34998E-01  -3.53517E-05 2.31180E-01 
8.53998E+01 1.29998E-01  -3.58518E-05 2.26190E-01 
8.54998E+01 1.24998E-01  -3.63247E-05 2.21192E-01 
8.55998E+01 1.19998E-01  -3.67868E-05 2.16164E-01 
8.56998E+01 1.14998E-01  -3.72399E-05 2.11149E-01 
8.57998E+01 1.09998E-01  -3.76758E-05 2.06147E-01 
8.58998E+01 1.04998E-01  -3.81167E-05 2.01167E-01 
8.59998E+01 9.99977E-02  -3.85425E-05 1.96158E-01 
8.60998E+01 9.49978E-02  -3.89744E-05 1.91159E-01 
8.61998E+01 8.99978E-02  -3.94051E-05 1.86165E-01 
8.62998E+01 8.49978E-02  -3.98396E-05 1.81177E-01 
8.63998E+01 7.99978E-02  -4.02569E-05 1.76180E-01 
8.64998E+01 7.49978E-02  -4.06817E-05 1.71161E-01 
8.65998E+01 6.99978E-02  -4.10990E-05 1.66162E-01 
8.66998E+01 6.49978E-02  -4.15050E-05 1.61146E-01 
8.67998E+01 5.99978E-02  -4.19055E-05 1.56150E-01 
8.68998E+01 5.49979E-02  -4.22852E-05 1.51148E-01 
8.69998E+01 4.99979E-02  -4.26384E-05 1.46135E-01 
8.70998E+01 4.49979E-02  -4.29743E-05 1.41104E-01 
8.71998E+01 3.99979E-02  -4.32872E-05 1.36133E-01 
8.72998E+01 3.49979E-02  -4.35680E-05 1.31108E-01 
8.73998E+01 2.99979E-02  -4.38165E-05 1.26109E-01 
8.74998E+01 2.49979E-02  -4.40446E-05 1.21133E-01 
8.75998E+01 1.99979E-02  -4.42448E-05 1.16109E-01 
8.76998E+01 1.49980E-02  -4.44209E-05 1.11115E-01 
8.77998E+01 9.99797E-03  -4.45761E-05 1.06136E-01 
8.78998E+01 4.99799E-03  -4.47142E-05 1.01145E-01 
8.79998E+01 -2.00000E-06 -4.48291E-05 9.61156E-02 
8.80998E+01 -5.00199E-03 -4.49377E-05 9.11021E-02 
8.81998E+01 -1.00020E-02 -4.50363E-05 8.61031E-02 
8.82998E+01 -1.50020E-02 -4.51234E-05 8.11228E-02 
8.83998E+01 -2.00020E-02 -4.52046E-05 7.61250E-02 
8.84998E+01 -2.50019E-02 -4.52861E-05 7.11034E-02 
8.85998E+01 -3.00019E-02 -4.53621E-05 6.61094E-02 
8.86998E+01 -3.50019E-02 -4.54439E-05 6.11098E-02 
8.87998E+01 -4.00019E-02 -4.55236E-05 5.61101E-02 
8.88998E+01 -4.50019E-02 -4.56060E-05 5.11073E-02 
8.89998E+01 -5.00019E-02 -4.57000E-05 4.60945E-02 
8.90998E+01 -5.50019E-02 -4.57919E-05 4.11185E-02 
8.91998E+01 -6.00019E-02 -4.58958E-05 3.60877E-02 
8.92998E+01 -6.50018E-02 -4.60010E-05 3.10823E-02 
8.93998E+01 -7.00018E-02 -4.61139E-05 2.60896E-02 
8.94998E+01 -7.50018E-02 -4.62308E-05 2.10987E-02 
8.95998E+01 -8.00018E-02 -4.63583E-05 1.61015E-02 
8.96998E+01 -8.50018E-02 -4.64903E-05 1.10850E-02 
8.97998E+01 -9.00018E-02 -4.66319E-05 6.05531E-03 
8.98998E+01 -9.50018E-02 -4.67771E-05 1.08812E-03 
8.99998E+01 -1.00002E-01 -4.69281E-05 -3.91408E-03
9.00998E+01 -1.05002E-01 -4.70878E-05 -8.91686E-03
9.01998E+01 -1.10002E-01 -4.72559E-05 -1.39565E-02
9.02998E+01 -1.15002E-01 -4.74272E-05 -1.89506E-02
9.03998E+01 -1.20002E-01 -4.76027E-05 -2.39321E-02
9.04998E+01 -1.25002E-01 -4.77882E-05 -2.89318E-02
9.05998E+01 -1.30002E-01 -4.79789E-05 -3.39358E-02
9.06998E+01 -1.35002E-01 -4.81827E-05 -3.89542E-02
9.07998E+01 -1.40002E-01 -4.83870E-05 -4.39346E-02
9.08998E+01 -1.45002E-01 -4.86061E-05 -4.89436E-02
9.09998E+01 -1.50002E-01 -4.88245E-05 -5.39639E-02
9.10998E+01 -1.55002E-01 -4.90555E-05 -5.89791E-02
9.11998E+01 -1.60002E-01 -4.92961E-05 -6.39751E-02
9.12998E+01 -1.65002E-01 -4.95416E-05 -6.89691E-02
9.13998E+01 -1.70002E-01 -4.97814E-05 -7.39651E-02
9.14998E+01 -1.75002E-01 -5.00460E-05 -7.89859E-02
9.15998E+01 -1.80002E-01 -5.03094E-05 -8.39825E-02
9.16998E+01 -1.85002E-01 -5.05910E-05 -8.89628E-02
9.17998E+01 -1.90002E-01 -5.08749E-05 -9.39762E-02
9.18998E+01 -1.95002E-01 -5.11728E-05 -9.89940E-02
9.19998E+01 -2.00002E-01 -5.14795E-05 -1.03969E-01
9.20998E+01 -2.05001E-01 -5.17999E-05 -1.08958E-01
9.21998E+01 -2.10001E-01 -5.21376E-05 -1.13974E-01
9.22998E+01 -2.15001E-01 -5.24964E-05 -1.18999E-01
9.23998E+01 -2.20001E-01 -5.28763E-05 -1.23996E-01
9.24998E+01 -2.25001E-01 -5.32931E-05 -1.28983E-01
9.25998E+01 -2.30001E-01 -5.37386E-05 -1.33983E-01
9.26998E+01 -2.35001E-01 -5.42146E-05 -1.39013E-01
9.27998E+01 -2.40001E-01 -5.47146E-05 -1.44024E-01
9.28998E+01 -2.45001E-01 -5.52213E-05 -1.49001E-01
9.29998E+01 -2.50001E-01 -5.57282E-05 -1.53981E-01
9.30998E+01 -2.55001E-01 -5.62349E-05 -1.58999E-01
9.31998E+01 -2.60001E-01 -5.67287E-05 -1.63998E-01
9.32998E+01 -2.65001E-01 -5.72160E-05 -1.69009E-01
9.33998E+01 -2.70001E-01 -5.76913E-05 -1.74020E-01
9.34998E+01 -2.75001E-01 -5.81614E-05 -1.79038E-01
9.35998E+01 -2.80001E-01 -5.86237E-05 -1.84041E-01
9.36998E+01 -2.85001E-01 -5.90811E-05 -1.89026E-01
9.37998E+01 -2.90001E-01 -5.95353E-05 -1.94040E-01
9.38998E+01 -2.95001E-01 -5.99881E-05 -1.99039E-01
9.39998E+01 -3.00001E-01 -6.04343E-05 -2.04036E-01
9.40998E+01 -3.05001E-01 -6.08823E-05 -2.09032E-01
9.41998E+01 -3.10001E-01 -6.13406E-05 -2.14036E-01
9.42998E+01 -3.15001E-01 -6.17831E-05 -2.19040E-01
9.43998E+01 -3.20001E-01 -6.22356E-05 -2.24033E-01
9.44998E+01 -3.25001E-01 -6.26838E-05 -2.29057E-01
9.45998E+01 -3.30001E-01 -6.31216E-05 -2.34041E-01
9.46998E+01 -3.35001E-01 -6.35625E-05 -2.39043E-01
9.47998E+01 -3.40001E-01 -6.40040E-05 -2.44067E-01
9.48998E+01 -3.45001E-01 -6.44354E-05 -2.49069E-01
9.49998E+01 -3.50001E-01 -6.48668E-05 -2.54061E-01
9.50998E+01 -3.55001E-01 -6.52876E-05 -2.59077E-01
9.51998E+01 -3.60001E-01 -6.57035E-05 -2.64074E-01
9.52998E+01 -3.65001E-01 -6.61084E-05 -2.69059E-01
9.53998E+01 -3.70001E-01 -6.65061E-05 -2.74029E-01
9.54998E+01 -3.75001E-01 -6.68829E-05 -2.79070E-01
9.55998E+01 -3.80001E-01 -6.72460E-05 -2.84075E-01
9.56998E+01 -3.85001E-01 -6.76027E-05 -2.89078E-01
9.57998E+01 -3.90001E-01 -6.79513E-05 -2.94062E-01
9.58998E+01 -3.95001E-01 -6.82740E-05 -2.99085E-01
9.59998E+01 -4.00001E-01 -6.85948E-05 -3.04107E-01
9.60998E+01 -4.05001E-01 -6.88988E-05 -3.09104E-01
9.61998E+01 -4.10001E-01 -6.91922E-05 -3.14071E-01
9.62998E+01 -4.15001E-01 -6.94789E-05 -3.19096E-01
9.63998E+01 -4.20001E-01 -6.97572E-05 -3.24090E-01
9.64998E+01 -4.25001E-01 -7.00212E-05 -3.29096E-01
9.65998E+01 -4.30001E-01 -7.02677E-05 -3.34092E-01
9.66998E+01 -4.35001E-01 -7.05183E-05 -3.39110E-01
9.67998E+01 -4.40001E-01 -7.07582E-05 -3.44099E-01
9.68998E+01 -4.45001E-01 -7.09929E-05 -3.49116E-01
9.69998E+01 -4.50001E-01 -7.12096E-05 -3.54131E-01
9.70998E+01 -4.55001E-01 -7.14186E-05 -3.59121E-01
9.71998E+01 -4.60001E-01 -7.16094E-05 -3.64104E-01
9.72998E+01 -4.65001E-01 -7.18034E-05 -3.69124E-01
9.73998E+01 -4.70001E-01 -7.19848E-05 -3.74146E-01
9.74998E+01 -4.75001E-01 -7.21610E-05 -3.79110E-01
9.75998E+01 -4.80001E-01 -7.23237E-05 -3.84117E-01
9.76998E+01 -4.85001E-01 -7.24904E-05 -3.89119E-01
9.77998E+01 -4.90001E-01 -7.26579E-05 -3.94135E-01
9.78998E+01 -4.95001E-01 -7.28178E-05 -3.99135E-01
9.79998E+01 -5.00001E-01 -7.29706E-05 -4.04149E-01
9.80998E+01 -5.05001E-01 -7.31226E-05 -4.09140E-01
9.81998E+01 -5.10001E-01 -7.32862E-05 -4.14168E-01
9.82998E+01 -5.15001E-01 -7.34404E-05 -4.19155E-01
9.83998E+01 -5.20001E-01 -7.36067E-05 -4.24134E-01
9.84998E+01 -5.25001E-01 -7.37647E-05 -4.29143E-01
9.85998E+01 -5.30001E-01 -7.39259E-05 -4.34167E-01
9.86998E+01 -5.35001E-01 -7.40923E-05 -4.39163E-01
9.87998E+01 -5.40001E-01 -7.42550E-05 -4.44173E-01
9.88998E+01 -5.45001E-01 -7.44239E-05 -4.49156E-01
9.89998E+01 -5.50001E-01 -7.45872E-05 -4.54160E-01
9.90998E+01 -5.55001E-01 -7.47452E-05 -4.59178E-01
9.91998E+01 -5.60001E-01 -7.49067E-05 -4.64157E-01
9.92998E+01 -5.65001E-01 -7.50679E-05 -4.69167E-01
9.93998E+01 -5.70001E-01 -7.52341E-05 -4.74169E-01
9.94998E+01 -5.75001E-01 -7.53924E-05 -4.79172E-01
9.95998E+01 -5.80001E-01 -7.55519E-05 -4.84160E-01
9.96998E+01 -5.85001E-01 -7.57349E-05 -4.89186E-01
9.97998E+01 -5.90001E-01 -7.59226E-05 -4.94172E-01
9.98998E+01 -5.95001E-01 -7.61081E-05 -4.99194E-01
9.99997E+01 -6.00001E-01 -7.62989E-05 -5.04180E-01
1.00100E+02 -6.05000E-01 -7.64966E-05 -5.09196E-01
1.00200E+02 -6.10000E-01 -7.67153E-05 -5.14201E-01
1.00300E+02 -6.15000E-01 -7.69539E-05 -5.19209E-01
1.00400E+02 -6.20000E-01 -7.71723E-05 -5.24200E-01
1.00500E+02 -6.25000E-01 -7.74020E-05 -5.29206E-01
1.00600E+02 -6.30000E-01 -7.76342E-05 -5.34205E-01
1.00700E+02 -6.35000E-01 -7.78841E-05 -5.39202E-01
1.00800E+02 -6.40000E-01 -7.81492E-05 -5.44200E-01
1.00900E+02 -6.45000E-01 -7.84075E-05 -5.49204E-01
1.01000E+02 -6.50000E-01 -7.86861E-05 -5.54216E-01
1.01100E+02 -6.55000E-01 -7.89685E-05 -5.59209E-01
1.01200E+02 -6.60000E-01 -7.92382E-05 -5.64202E-01
1.01300E+02 -6.65000E-01 -7.95134E-05 -5.69239E-01
1.01400E+02 -6.70000E-01 -7.97941E-05 -5.74231E-01
1.01500E+02 -6.75000E-01 -8.00996E-05 -5.79235E-01
1.01600E+02 -6.80000E-01 -8.03938E-05 -5.84217E-01
1.01700E+02 -6.85000E-01 -8.07198E-05 -5.89228E-01
1.01800E+02 -6.90000E-01 -8.10194E-05 -5.94237E-01
1.01900E+02 -6.95000E-01 -8.13111E-05 -5.99234E-01
1.02000E+02 -7.00000E-01 -8.16015E-05 -6.04214E-01
1.02100E+02 -7.05000E-01 -8.19293E-05 -6.09241E-01
1.02200E+02 -7.10000E-01 -8.22137E-05 -6.14243E-01
1.02300E+02 -7.15000E-01 -8.25022E-05 -6.19267E-01
1.02400E+02 -7.20000E-01 -8.27972E-05 -6.24260E-01
1.02500E+02 -7.25000E-01 -8.30870E-05 -6.29269E-01
1.02600E+02 -7.30000E-01 -8.33870E-05 -6.34277E-01
1.02700E+02 -7.35000E-01 -8.36641E-05 -6.39273E-01
1.02800E+02 -7.40000E-01 -8.40329E-05 -6.44266E-01
1.02900E+02 -7.45000E-01 -8.43712E-05 -6.49248E-01
1.03000E+02 -7.50000E-01 -8.47525E-05 -6.54291E-01
1.03100E+02 -7.55000E-01 -8.50634E-05 -6.59311E-01
1.03200E+02 -7.60000E-01 -8.53690E-05 -6.64285E-01
1.03300E+02 -7.65000E-01 -8.56885E-05 -6.69289E-01
1.03400E+02 -7.70000E-01 -8.60734E-05 -6.74280E-01
1.03500E+02 -7.75000E-01 -8.64793E-05 -6.79322E-01
1.03600E+02 -7.80000E-01 -8.68288E-05 -6.84295E-01
1.03700E+02 -7.85000E-01 -8.72369E-05 -6.89299E-01
1.03800E+02 -7.90000E-01 -8.75083E-05 -6.94304E-01
1.03900E+02 -7.95000E-01 -8.78560E-05 -6.99306E-01
