time/s      E/V        I/A
0.00000E+00 -8.00000E-01 -1.32667E-04 -7.27958E-01
9.99997E-02 -7.95000E-01 -1.30389E-04 -7.22941E-01
1.99999E-01 -7.90000E-01 -1.28127E-04 -7.17938E-01
2.99999E-01 -7.85000E-01 -1.26166E-04 -7.12950E-01
3.99999E-01 -7.80000E-01 -1.24233E-04 -7.07939E-01
4.99999E-01 -7.75000E-01 -1.22543E-04 -7.02933E-01
5.99998E-01 -7.70000E-01 -1.20686E-04 -6.97938E-01
6.99998E-01 -7.65000E-01 -1.19398E-04 -6.92920E-01
7.99998E-01 -7.60000E-01 -1.17685E-04 -6.87899E-01
8.99998E-01 -7.55000E-01 -1.16102E-04 -6.82925E-01
9.99997E-01 -7.50000E-01 -1.14819E-04 -6.77930E-01
1.10000E+00 -7.45000E-01 -1.13174E-04 -6.72926E-01
1.20000E+00 -7.40000E-01 -1.11588E-04 -6.67932E-01
1.30000E+00 -7.35000E-01 -1.10157E-04 -6.62918E-01
1.40000E+00 -7.30000E-01 -1.08602E-04 -6.57935E-01
1.50000E+00 -7.25000E-01 -1.07207E-04 -6.52895E-01
1.60000E+00 -7.20000E-01 -1.05744E-04 -6.47908E-01
1.70000E+00 -7.15000E-01 -1.04442E-04 -6.42903E-01
1.80000E+00 -7.10000E-01 -1.03068E-04 -6.37906E-01
1.90000E+00 -7.05000E-01 -1.01787E-04 -6.32881E-01
1.99999E+00 -7.00000E-01 -1.00451E-04 -6.27886E-01
2.09999E+00 -6.95000E-01 -9.91513E-05 -6.22878E-01
2.19999E+00 -6.90000E-01 -9.78253E-05 -6.17879E-01
2.29999E+00 -6.85000E-01 -9.67665E-05 -6.12895E-01
2.39999E+00 -6.80000E-01 -9.56923E-05 -6.07881E-01
2.49999E+00 -6.75000E-01 -9.45108E-05 -6.02883E-01
2.59999E+00 -6.70000E-01 -9.31729E-05 -5.97912E-01
2.69999E+00 -6.65000E-01 -9.20549E-05 -5.92903E-01
2.79999E+00 -6.60000E-01 -9.09743E-05 -5.87873E-01
2.89999E+00 -6.55000E-01 -8.99934E-05 -5.82875E-01
2.99999E+00 -6.50000E-01 -8.86571E-05 -5.77852E-01
3.09999E+00 -6.45000E-01 -8.74644E-05 -5.72873E-01
3.19999E+00 -6.40000E-01 -8.61560E-05 -5.67868E-01
3.29999E+00 -6.35000E-01 -8.51593E-05 -5.62857E-01
3.39999E+00 -6.30000E-01 -8.39078E-05 -5.57851E-01
3.49999E+00 -6.25000E-01 -8.26814E-05 -5.52879E-01
3.59999E+00 -6.20000E-01 -8.14661E-05 -5.47859E-01
3.69999E+00 -6.15000E-01 -8.04114E-05 -5.42827E-01
3.79999E+00 -6.10000E-01 -7.92405E-05 -5.37858E-01
3.89999E+00 -6.05000E-01 -7.79412E-05 -5.32878E-01
3.99999E+00 -6.00001E-01 -7.69095E-05 -5.27863E-01
4.09999E+00 -5.95001E-01 -7.57973E-05 -5.22850E-01
4.19999E+00 -5.90001E-01 -7.45978E-05 -5.17857E-01
4.29999E+00 -5.85001E-01 -7.34849E-05 -5.12870E-01
4.39999E+00 -5.80001E-01 -7.23126E-05 -5.07859E-01
4.49999E+00 -5.75001E-01 -7.10363E-05 -5.02853E-01
4.59999E+00 -5.70001E-01 -6.98682E-05 -4.97876E-01
4.69999E+00 -5.65001E-01 -6.87442E-05 -4.92851E-01
4.79999E+00 -5.60001E-01 -6.76992E-05 -4.87842E-01
4.89999E+00 -5.55001E-01 -6.66502E-05 -4.82812E-01
4.99999E+00 -5.50001E-01 -6.55298E-05 -4.77832E-01
5.09999E+00 -5.45001E-01 -6.44334E-05 -4.72819E-01
5.19999E+00 -5.40001E-01 -6.33499E-05 -4.67791E-01
5.29999E+00 -5.35001E-01 -6.22674E-05 -4.62801E-01
5.39999E+00 -5.30001E-01 -6.12610E-05 -4.57818E-01
5.49999E+00 -5.25001E-01 -6.02703E-05 -4.52795E-01
5.59999E+00 -5.20001E-01 -5.92816E-05 -4.47782E-01
5.69999E+00 -5.15001E-01 -5.82128E-05 -4.42790E-01
5.79999E+00 -5.10001E-01 -5.71373E-05 -4.37814E-01
5.89999E+00 -5.05001E-01 -5.60943E-05 -4.32800E-01
5.99998E+00 -5.00001E-01 -5.50169E-05 -4.27783E-01
6.09998E+00 -4.95001E-01 -5.39809E-05 -4.22782E-01
6.19998E+00 -4.90001E-01 -5.29176E-05 -4.17791E-01
6.29998E+00 -4.85001E-01 -5.18174E-05 -4.12797E-01
6.39998E+00 -4.80001E-01 -5.07048E-05 -4.07783E-01
6.49998E+00 -4.75001E-01 -4.96171E-05 -4.02754E-01
6.59998E+00 -4.70001E-01 -4.84793E-05 -3.97766E-01
6.69998E+00 -4.65001E-01 -4.73127E-05 -3.92763E-01
6.79998E+00 -4.60001E-01 -4.61231E-05 -3.87751E-01
6.89998E+00 -4.55001E-01 -4.49045E-05 -3.82760E-01
6.99998E+00 -4.50001E-01 -4.36530E-05 -3.77758E-01
7.09998E+00 -4.45001E-01 -4.23607E-05 -3.72771E-01
7.19998E+00 -4.40001E-01 -4.10740E-05 -3.67754E-01
7.29998E+00 -4.35001E-01 -3.97528E-05 -3.62749E-01
7.39998E+00 -4.30001E-01 -3.84841E-05 -3.57732E-01
7.49998E+00 -4.25001E-01 -3.72204E-05 -3.52739E-01
7.59998E+00 -4.20001E-01 -3.60031E-05 -3.47738E-01
7.69998E+00 -4.15001E-01 -3.48189E-05 -3.42737E-01
7.79998E+00 -4.10001E-01 -3.36744E-05 -3.37744E-01
7.89998E+00 -4.05001E-01 -3.25503E-05 -3.32742E-01
7.99998E+00 -4.00001E-01 -3.14640E-05 -3.27750E-01
8.09998E+00 -3.95001E-01 -3.03954E-05 -3.22752E-01
8.19998E+00 -3.90001E-01 -2.93723E-05 -3.17735E-01
8.29998E+00 -3.85001E-01 -2.83726E-05 -3.12704E-01
8.39998E+00 -3.80001E-01 -2.74045E-05 -3.07710E-01
8.49998E+00 -3.75001E-01 -2.64679E-05 -3.02716E-01
8.59998E+00 -3.70001E-01 -2.55466E-05 -2.97695E-01
8.69998E+00 -3.65001E-01 -2.46536E-05 -2.92699E-01
8.79998E+00 -3.60001E-01 -2.37782E-05 -2.87714E-01
8.89998E+00 -3.55001E-01 -2.29283E-05 -2.82718E-01
8.99998E+00 -3.50001E-01 -2.20971E-05 -2.77719E-01
9.09998E+00 -3.45001E-01 -2.12840E-05 -2.72716E-01
9.19998E+00 -3.40001E-01 -2.04869E-05 -2.67712E-01
9.29998E+00 -3.35001E-01 -1.97117E-05 -2.62710E-01
9.39998E+00 -3.30001E-01 -1.89492E-05 -2.57702E-01
9.49998E+00 -3.25001E-01 -1.82053E-05 -2.52695E-01
9.59998E+00 -3.20001E-01 -1.74775E-05 -2.47712E-01
9.69998E+00 -3.15001E-01 -1.67672E-05 -2.42710E-01
9.79998E+00 -3.10001E-01 -1.60721E-05 -2.37731E-01
9.89998E+00 -3.05001E-01 -1.53894E-05 -2.32705E-01
9.99997E+00 -3.00001E-01 -1.47230E-05 -2.27709E-01
1.01000E+01 -2.95001E-01 -1.40670E-05 -2.22715E-01
1.02000E+01 -2.90001E-01 -1.34251E-05 -2.17711E-01
1.03000E+01 -2.85001E-01 -1.27930E-05 -2.12703E-01
1.04000E+01 -2.80001E-01 -1.21716E-05 -2.07669E-01
1.05000E+01 -2.75001E-01 -1.15638E-05 -2.02699E-01
1.06000E+01 -2.70001E-01 -1.09697E-05 -1.97686E-01
1.07000E+01 -2.65001E-01 -1.03845E-05 -1.92683E-01
1.08000E+01 -2.60001E-01 -9.81141E-06 -1.87678E-01
1.09000E+01 -2.55001E-01 -9.24791E-06 -1.82658E-01
1.10000E+01 -2.50001E-01 -8.69450E-06 -1.77653E-01
1.11000E+01 -2.45001E-01 -8.14968E-06 -1.72662E-01
1.12000E+01 -2.40001E-01 -7.61689E-06 -1.67665E-01
1.13000E+01 -2.35001E-01 -7.09219E-06 -1.62646E-01
1.14000E+01 -2.30001E-01 -6.58259E-06 -1.57645E-01
1.15000E+01 -2.25001E-01 -6.08176E-06 -1.52637E-01
1.16000E+01 -2.20001E-01 -5.59083E-06 -1.47650E-01
1.17000E+01 -2.15001E-01 -5.11069E-06 -1.42671E-01
1.18000E+01 -2.10001E-01 -4.64496E-06 -1.37645E-01
1.19000E+01 -2.05001E-01 -4.18702E-06 -1.32638E-01
1.20000E+01 -2.00002E-01 -3.74043E-06 -1.27625E-01
1.21000E+01 -1.95002E-01 -3.30921E-06 -1.22632E-01
1.22000E+01 -1.90002E-01 -2.89098E-06 -1.17644E-01
1.23000E+01 -1.85002E-01 -2.53310E-06 -1.12607E-01
1.24000E+01 -1.80002E-01 -2.14165E-06 -1.07619E-01
1.25000E+01 -1.75002E-01 -1.76508E-06 -1.02652E-01
1.26000E+01 -1.70002E-01 -1.40147E-06 -9.76275E-02
1.27000E+01 -1.65002E-01 -1.05209E-06 -9.26165E-02
1.28000E+01 -1.60002E-01 -7.16577E-07 -8.76069E-02
1.29000E+01 -1.55002E-01 -3.91807E-07 -8.26253E-02
1.30000E+01 -1.50002E-01 -7.73447E-08 -7.76313E-02
1.31000E+01 -1.45002E-01 2.29378E-07  -7.25948E-02
1.32000E+01 -1.40002E-01 5.31159E-07  -6.76051E-02
1.33000E+01 -1.35002E-01 8.36452E-07  -6.26017E-02
1.34000E+01 -1.30002E-01 1.13983E-06  -5.76176E-02
1.35000E+01 -1.25002E-01 1.45295E-06  -5.26054E-02
1.36000E+01 -1.20002E-01 1.77002E-06  -4.75827E-02
1.37000E+01 -1.15002E-01 2.10027E-06  -4.26292E-02
1.38000E+01 -1.10002E-01 2.44469E-06  -3.76264E-02
1.39000E+01 -1.05002E-01 2.80347E-06  -3.26267E-02
1.40000E+01 -1.00002E-01 3.18192E-06  -2.75878E-02
1.41000E+01 -9.50018E-02 3.57939E-06  -2.26049E-02
1.42000E+01 -9.00018E-02 3.99737E-06  -1.76165E-02
1.43000E+01 -8.50018E-02 4.43379E-06  -1.25924E-02
1.44000E+01 -8.00018E-02 4.88960E-06  -7.58719E-03
1.45000E+01 -7.50018E-02 5.36886E-06  -2.56314E-03
1.46000E+01 -7.00018E-02 5.86412E-06  2.40967E-03 
1.47000E+01 -6.50018E-02 6.38903E-06  7.39436E-03 
1.48000E+01 -6.00019E-02 6.93842E-06  1.24115E-02 
1.49000E+01 -5.50019E-02 7.51757E-06  1.74387E-02 
1.50000E+01 -5.00019E-02 8.12452E-06  2.24452E-02 
1.51000E+01 -4.50019E-02 8.77672E-06  2.74267E-02 
1.52000E+01 -4.00019E-02 9.45949E-06  3.24208E-02 
1.53000E+01 -3.50019E-02 1.01810E-05  3.74305E-02 
1.54000E+01 -3.00019E-02 1.09471E-05  4.24345E-02 
1.55000E+01 -2.50019E-02 1.17643E-05  4.74211E-02 
1.56000E+01 -2.00020E-02 1.26230E-05  5.24164E-02 
1.57000E+01 -1.50020E-02 1.35256E-05  5.74167E-02 
1.58000E+01 -1.00020E-02 1.44814E-05  6.24407E-02 
1.59000E+01 -5.00199E-03 1.54796E-05  6.74204E-02 
1.60000E+01 -2.00000E-06 1.65316E-05  7.24213E-02 
1.61000E+01 4.99799E-03  1.76264E-05  7.74372E-02 
1.62000E+01 9.99797E-03  1.87750E-05  8.24425E-02 
1.63000E+01 1.49980E-02  1.99606E-05  8.74315E-02 
1.64000E+01 1.99979E-02  2.11914E-05  9.24300E-02 
1.65000E+01 2.49979E-02  2.25255E-05  9.74515E-02 
1.66000E+01 2.99979E-02  2.38422E-05  1.02471E-01 
1.67000E+01 3.49979E-02  2.52085E-05  1.07458E-01 
1.68000E+01 3.99979E-02  2.66186E-05  1.12449E-01 
1.69000E+01 4.49979E-02  2.80802E-05  1.17455E-01 
1.70000E+01 4.99979E-02  2.95795E-05  1.22454E-01 
1.71000E+01 5.49979E-02  3.11309E-05  1.27450E-01 
1.72000E+01 5.99978E-02  3.27379E-05  1.32446E-01 
1.73000E+01 6.49978E-02  3.43813E-05  1.37469E-01 
1.74000E+01 6.99978E-02  3.60609E-05  1.42477E-01 
1.75000E+01 7.49978E-02  3.78007E-05  1.47471E-01 
1.76000E+01 7.99978E-02  3.95403E-05  1.52485E-01 
1.77000E+01 8.49978E-02  4.13231E-05  1.57511E-01 
1.78000E+01 8.99978E-02  4.31325E-05  1.62499E-01 
1.79000E+01 9.49978E-02  4.49762E-05  1.67501E-01 
1.80000E+01 9.99977E-02  4.68356E-05  1.72501E-01 
1.81000E+01 1.04998E-01  4.87401E-05  1.77501E-01 
1.82000E+01 1.09998E-01  5.06814E-05  1.82496E-01 
1.83000E+01 1.14998E-01  5.26549E-05  1.87516E-01 
1.84000E+01 1.19998E-01  5.46685E-05  1.92499E-01 
1.85000E+01 1.24998E-01  5.67163E-05  1.97520E-01 
1.86000E+01 1.29998E-01  5.88085E-05  2.02525E-01 
1.87000E+01 1.34998E-01  6.09346E-05  2.07524E-01 
1.88000E+01 1.39998E-01  6.30897E-05  2.12518E-01 
1.89000E+01 1.44998E-01  6.52835E-05  2.17532E-01 
1.90000E+01 1.49998E-01  6.74968E-05  2.22544E-01 
1.91000E+01 1.54998E-01  6.97498E-05  2.27536E-01 
1.92000E+01 1.59998E-01  7.20149E-05  2.32536E-01 
1.93000E+01 1.64998E-01  7.43080E-05  2.37546E-01 
1.94000E+01 1.69998E-01  7.66170E-05  2.42561E-01 
1.95000E+01 1.74998E-01  7.89461E-05  2.47543E-01 
1.96000E+01 1.79998E-01  8.12900E-05  2.52535E-01 
1.97000E+01 1.84998E-01  8.36588E-05  2.57553E-01 
1.98000E+01 1.89998E-01  8.60395E-05  2.62546E-01 
1.99000E+01 1.94998E-01  8.84284E-05  2.67543E-01 
1.99999E+01 1.99997E-01  9.08467E-05  2.72555E-01 
2.00999E+01 2.04997E-01  9.32531E-05  2.77555E-01 
2.01999E+01 2.09997E-01  9.56726E-05  2.82560E-01 
2.02999E+01 2.14997E-01  9.80903E-05  2.87576E-01 
2.03999E+01 2.19997E-01  1.00492E-04  2.92535E-01 
2.04999E+01 2.24997E-01  1.02898E-04  2.97564E-01 
2.05999E+01 2.29997E-01  1.05282E-04  3.02569E-01 
2.06999E+01 2.34997E-01  1.07643E-04  3.07576E-01 
2.07999E+01 2.39997E-01  1.09990E-04  3.12573E-01 
2.08999E+01 2.44997E-01  1.12312E-04  3.17599E-01 
2.09999E+01 2.49997E-01  1.14585E-04  3.22572E-01 
2.10999E+01 2.54997E-01  1.16803E-04  3.27602E-01 
2.11999E+01 2.59997E-01  1.18951E-04  3.32610E-01 
2.12999E+01 2.64997E-01  1.21039E-04  3.37599E-01 
2.13999E+01 2.69997E-01  1.23080E-04  3.42595E-01 
2.14999E+01 2.74997E-01  1.25017E-04  3.47602E-01 
2.15999E+01 2.79997E-01  1.26866E-04  3.52611E-01 
2.16999E+01 2.84997E-01  1.28426E-04  3.57604E-01 
2.17999E+01 2.89997E-01  1.29871E-04  3.62606E-01 
2.18999E+01 2.94997E-01  1.31434E-04  3.67596E-01 
2.19999E+01 2.99997E-01  1.32430E-04  3.72639E-01 
2.20999E+01 3.04997E-01  1.32981E-04  3.77632E-01 
2.21999E+01 3.09997E-01  1.33103E-04  3.82621E-01 
2.22999E+01 3.14997E-01  1.32756E-04  3.87628E-01 
2.23999E+01 3.19997E-01  1.31975E-04  3.92638E-01 
2.24999E+01 3.24997E-01  1.30635E-04  3.97629E-01 
2.25999E+01 3.29997E-01  1.28456E-04  4.02651E-01 
2.26999E+01 3.34997E-01  1.25501E-04  4.07635E-01 
2.27999E+01 3.39997E-01  1.21643E-04  4.12611E-01 
2.28999E+01 3.44997E-01  1.16823E-04  4.17648E-01 
2.29999E+01 3.49997E-01  1.10635E-04  4.22651E-01 
2.30999E+01 3.54997E-01  1.02930E-04  4.27644E-01 
2.31999E+01 3.59997E-01  9.48085E-05  4.32659E-01 
2.32999E+01 3.64997E-01  8.64902E-05  4.37660E-01 
2.33999E+01 3.69997E-01  7.86264E-05  4.42657E-01 
2.34999E+01 3.74997E-01  7.04576E-05  4.47664E-01 
2.35999E+01 3.79997E-01  6.32447E-05  4.52653E-01 
2.36999E+01 3.84997E-01  5.75542E-05  4.57664E-01 
2.37999E+01 3.89997E-01  5.29121E-05  4.62675E-01 
2.38999E+01 3.94997E-01  4.92001E-05  4.67713E-01 
2.39999E+01 3.99997E-01  4.64101E-05  4.72687E-01 
2.40999E+01 4.04997E-01  4.41943E-05  4.77713E-01 
2.41999E+01 4.09997E-01  4.22103E-05  4.82706E-01 
2.42999E+01 4.14997E-01  4.06968E-05  4.87707E-01 
2.43999E+01 4.19997E-01  3.95007E-05  4.92713E-01 
2.44999E+01 4.24997E-01  3.89233E-05  4.97718E-01 
2.45999E+01 4.29997E-01  3.80894E-05  5.02707E-01 
2.46999E+01 4.34997E-01  3.75726E-05  5.07722E-01 
2.47999E+01 4.39997E-01  3.72154E-05  5.12717E-01 
2.48999E+01 4.44997E-01  3.69605E-05  5.17718E-01 
2.49999E+01 4.49997E-01  3.67788E-05  5.22709E-01 
2.50999E+01 4.54997E-01  3.68228E-05  5.27721E-01 
2.51999E+01 4.59997E-01  3.70088E-05  5.32736E-01 
2.52999E+01 4.64997E-01  3.72874E-05  5.37702E-01 
2.53999E+01 4.69997E-01  3.74255E-05  5.42716E-01 
2.54999E+01 4.74997E-01  3.78413E-05  5.47711E-01 
2.55999E+01 4.79997E-01  3.83716E-05  5.52719E-01 
2.56999E+01 4.84997E-01  3.90092E-05  5.57712E-01 
2.57999E+01 4.89997E-01  3.97029E-05  5.62727E-01 
2.58999E+01 4.94997E-01  4.04696E-05  5.67757E-01 
2.59999E+01 4.99997E-01  4.13020E-05  5.72732E-01 
2.60999E+01 5.04997E-01  4.21916E-05  5.77727E-01 
2.61999E+01 5.09997E-01  4.31183E-05  5.82735E-01 
2.62999E+01 5.14997E-01  4.40913E-05  5.87749E-01 
2.63999E+01 5.19997E-01  4.50984E-05  5.92753E-01 
2.64999E+01 5.24997E-01  4.61248E-05  5.97738E-01 
2.65999E+01 5.29997E-01  4.71700E-05  6.02735E-01 
2.66999E+01 5.34997E-01  4.82327E-05  6.07743E-01 
2.67999E+01 5.39997E-01  4.93004E-05  6.12737E-01 
2.68999E+01 5.44997E-01  5.03780E-05  6.17749E-01 
2.69999E+01 5.49997E-01  5.14523E-05  6.22746E-01 
2.70999E+01 5.54997E-01  5.25263E-05  6.27761E-01 
2.71999E+01 5.59997E-01  5.35838E-05  6.32763E-01 
2.72999E+01 5.64997E-01  5.46404E-05  6.37764E-01 
2.73999E+01 5.69997E-01  5.56849E-05  6.42768E-01 
2.74999E+01 5.74997E-01  5.67086E-05  6.47762E-01 
2.75999E+01 5.79997E-01  5.77108E-05  6.52770E-01 
2.76999E+01 5.84997E-01  5.86923E-05  6.57777E-01 
2.77999E+01 5.89997E-01  5.96442E-05  6.62754E-01 
2.78999E+01 5.94997E-01  6.05698E-05  6.67757E-01 
2.79999E+01 5.99996E-01  6.14657E-05  6.72743E-01 
2.80999E+01 6.04996E-01  6.23221E-05  6.77765E-01 
2.81999E+01 6.09996E-01  6.31400E-05  6.82758E-01 
2.82999E+01 6.14996E-01  6.39216E-05  6.87745E-01 
2.83999E+01 6.19996E-01  6.46525E-05  6.92764E-01 
2.84999E+01 6.24996E-01  6.53389E-05  6.97769E-01 
2.85999E+01 6.29996E-01  6.59738E-05  7.02774E-01 
2.86999E+01 6.34996E-01  6.65543E-05  7.07760E-01 
2.87999E+01 6.39996E-01  6.70791E-05  7.12772E-01 
2.88999E+01 6.44996E-01  6.75392E-05  7.17775E-01 
2.89999E+01 6.49996E-01  6.79369E-05  7.22784E-01 
2.90999E+01 6.54996E-01  6.82632E-05  7.27801E-01 
2.91999E+01 6.59996E-01  6.85201E-05  7.32786E-01 
2.92999E+01 6.64996E-01  6.87008E-05  7.37802E-01 
2.93999E+01 6.69996E-01  6.87928E-05  7.42811E-01 
2.94999E+01 6.74996E-01  6.87919E-05  7.47819E-01 
2.95999E+01 6.79996E-01  6.86914E-05  7.52804E-01 
2.96999E+01 6.84996E-01  6.84748E-05  7.57829E-01 
2.97999E+01 6.89996E-01  6.81285E-05  7.62827E-01 
2.98999E+01 6.94996E-01  6.76409E-05  7.67830E-01 
2.99999E+01 6.99996E-01  6.69867E-05  7.72797E-01 
3.00999E+01 7.04996E-01  6.61513E-05  7.77838E-01 
3.01999E+01 7.09996E-01  6.51213E-05  7.82842E-01 
3.02999E+01 7.14996E-01  6.38758E-05  7.87838E-01 
3.03999E+01 7.19996E-01  6.24057E-05  7.92819E-01 
3.04999E+01 7.24996E-01  6.07061E-05  7.97869E-01 
3.05999E+01 7.29996E-01  5.87931E-05  8.02837E-01 
3.06999E+01 7.34996E-01  5.66947E-05  8.07859E-01 
3.07999E+01 7.39996E-01  5.44562E-05  8.12853E-01 
3.08999E+01 7.44996E-01  5.21520E-05  8.17859E-01 
3.09999E+01 7.49996E-01  4.98831E-05  8.22861E-01 
3.10999E+01 7.54996E-01  4.77360E-05  8.27857E-01 
3.11999E+01 7.59996E-01  4.58009E-05  8.32878E-01 
3.12999E+01 7.64996E-01  4.41423E-05  8.37869E-01 
3.13999E+01 7.69996E-01  4.27716E-05  8.42860E-01 
3.14999E+01 7.74996E-01  4.16852E-05  8.47860E-01 
3.15999E+01 7.79996E-01  4.08348E-05  8.52881E-01 
3.16999E+01 7.84996E-01  4.01711E-05  8.57874E-01 
3.17999E+01 7.89996E-01  3.96495E-05  8.62882E-01 
3.18999E+01 7.94996E-01  3.92360E-05  8.67849E-01 
3.19999E+01 7.99996E-01  3.89100E-05  8.72863E-01 
3.20999E+01 8.04996E-01  3.86285E-05  8.77905E-01 
3.21999E+01 8.09996E-01  3.83999E-05  8.82883E-01 
3.22999E+01 8.14996E-01  3.82206E-05  8.87873E-01 
3.23999E+01 8.19996E-01  3.80812E-05  8.92884E-01 
3.24999E+01 8.24996E-01  3.79693E-05  8.97892E-01 
3.25999E+01 8.29996E-01  3.78911E-05  9.02865E-01 
3.26999E+01 8.34996E-01  3.78071E-05  9.07893E-01 
3.27999E+01 8.39996E-01  3.77434E-05  9.12899E-01 
3.28999E+01 8.44996E-01  3.76967E-05  9.17903E-01 
3.29999E+01 8.49996E-01  3.76444E-05  9.22889E-01 
3.30999E+01 8.54996E-01  3.75747E-05  9.27883E-01 
3.31999E+01 8.59996E-01  3.74971E-05  9.32898E-01 
3.32999E+01 8.64996E-01  3.74191E-05  9.37912E-01 
3.33999E+01 8.69996E-01  3.73367E-05  9.42915E-01 
3.34999E+01 8.74996E-01  3.72667E-05  9.47933E-01 
3.35999E+01 8.79996E-01  3.72193E-05  9.52927E-01 
3.36999E+01 8.84996E-01  3.71846E-05  9.57933E-01 
3.37999E+01 8.89996E-01  3.71614E-05  9.62923E-01 
3.38999E+01 8.94996E-01  3.71358E-05  9.67949E-01 
3.39999E+01 8.99996E-01  3.71040E-05  9.72939E-01 
3.40999E+01 9.04996E-01  3.70704E-05  9.77966E-01 
3.41999E+01 9.09996E-01  3.70142E-05  9.82959E-01 
3.42999E+01 9.14996E-01  3.69525E-05  9.87964E-01 
3.43999E+01 9.19996E-01  3.68845E-05  9.92950E-01 
3.44999E+01 9.24996E-01  3.67995E-05  9.97947E-01 
3.45999E+01 9.29996E-01  3.66709E-05  1.00293E+00 
3.46999E+01 9.34996E-01  3.65456E-05  1.00795E+00 
3.47999E+01 9.39996E-01  3.64246E-05  1.01297E+00 
3.48999E+01 9.44996E-01  3.63033E-05  1.01795E+00 
3.49999E+01 9.49996E-01  3.61984E-05  1.02296E+00 
3.50999E+01 9.54996E-01  3.61041E-05  1.02797E+00 
3.51999E+01 9.59996E-01  3.60325E-05  1.03299E+00 
3.52999E+01 9.64996E-01  3.60010E-05  1.03796E+00 
3.53999E+01 9.69996E-01  3.60032E-05  1.04296E+00 
3.54999E+01 9.74996E-01  3.60154E-05  1.04798E+00 
3.55999E+01 9.79996E-01  3.60403E-05  1.05298E+00 
3.56999E+01 9.84996E-01  3.60775E-05  1.05797E+00 
3.57999E+01 9.89996E-01  3.61104E-05  1.06295E+00 
3.58999E+01 9.94996E-01  3.61580E-05  1.06800E+00 
3.59999E+01 9.99995E-01  3.62462E-05  1.07298E+00 
3.60999E+01 1.00500E+00  3.63599E-05  1.07798E+00 
3.61999E+01 1.01000E+00  3.64954E-05  1.08296E+00 
3.62999E+01 1.01500E+00  3.66502E-05  1.08797E+00 
3.63999E+01 1.02000E+00  3.67947E-05  1.09298E+00 
3.64999E+01 1.02500E+00  3.69570E-05  1.09800E+00 
3.65999E+01 1.03000E+00  3.71308E-05  1.10300E+00 
3.66999E+01 1.03500E+00  3.73195E-05  1.10802E+00 
3.67999E+01 1.04000E+00  3.75199E-05  1.11301E+00 
3.68999E+01 1.04500E+00  3.77257E-05  1.11801E+00 
3.69999E+01 1.05000E+00  3.79425E-05  1.12304E+00 
3.70999E+01 1.05500E+00  3.81860E-05  1.12804E+00 
3.71999E+01 1.06000E+00  3.84317E-05  1.13305E+00 
3.72999E+01 1.06500E+00  3.86927E-05  1.13804E+00 
3.73999E+01 1.07000E+00  3.89500E-05  1.14305E+00 
3.74999E+01 1.07500E+00  3.92167E-05  1.14804E+00 
3.75999E+01 1.08000E+00  3.95006E-05  1.15303E+00 
3.76999E+01 1.08500E+00  3.98063E-05  1.15804E+00 
3.77999E+01 1.09000E+00  4.00957E-05  1.16306E+00 
3.78999E+01 1.09500E+00  4.04070E-05  1.16805E+00 
3.79999E+01 1.10000E+00  4.07340E-05  1.17304E+00 
3.80999E+01 1.10500E+00  4.10815E-05  1.17804E+00 
3.81999E+01 1.11000E+00  4.14123E-05  1.18305E+00 
3.82999E+01 1.11500E+00  4.17576E-05  1.18806E+00 
3.83999E+01 1.12000E+00  4.21252E-05  1.19306E+00 
3.84999E+01 1.12500E+00  4.24950E-05  1.19807E+00 
3.85999E+01 1.13000E+00  4.28902E-05  1.20307E+00 
3.86999E+01 1.13500E+00  4.32705E-05  1.20807E+00 
3.87999E+01 1.14000E+00  4.36774E-05  1.21306E+00 
3.88999E+01 1.14500E+00  4.40965E-05  1.21806E+00 
3.89999E+01 1.15000E+00  4.45296E-05  1.22306E+00 
3.90999E+01 1.15500E+00  4.49627E-05  1.22807E+00 
3.91999E+01 1.16000E+00  4.54092E-05  1.23308E+00 
3.92999E+01 1.16500E+00  4.58771E-05  1.23806E+00 
3.93999E+01 1.17000E+00  4.62808E-05  1.24306E+00 
3.94999E+01 1.17500E+00  4.67393E-05  1.24808E+00 
3.95999E+01 1.18000E+00  4.72184E-05  1.25310E+00 
3.96999E+01 1.18500E+00  4.77145E-05  1.25812E+00 
3.97999E+01 1.19000E+00  4.82167E-05  1.26308E+00 
3.98999E+01 1.19500E+00  4.87423E-05  1.26810E+00 
3.99999E+01 1.19999E+00  4.92778E-05  1.27310E+00 
4.00999E+01 1.20499E+00  4.98356E-05  1.27810E+00 
4.01999E+01 1.20999E+00  5.03979E-05  1.28310E+00 
4.02999E+01 1.21499E+00  5.10111E-05  1.28811E+00 
4.03999E+01 1.21999E+00  5.15881E-05  1.29314E+00 
4.04999E+01 1.22499E+00  5.21988E-05  1.29814E+00 
4.05999E+01 1.22999E+00  5.28552E-05  1.30315E+00 
4.06999E+01 1.23499E+00  5.35150E-05  1.30813E+00 
4.07999E+01 1.23999E+00  5.41973E-05  1.31314E+00 
4.08999E+01 1.24499E+00  5.49050E-05  1.31817E+00 
4.09999E+01 1.24999E+00  5.56368E-05  1.32316E+00 
4.10999E+01 1.25499E+00  5.63700E-05  1.32814E+00 
4.11999E+01 1.25999E+00  5.71329E-05  1.33316E+00 
4.12999E+01 1.26499E+00  5.78866E-05  1.33817E+00 
4.13999E+01 1.26999E+00  5.86700E-05  1.34316E+00 
4.14999E+01 1.27499E+00  5.94488E-05  1.34816E+00 
4.15999E+01 1.27999E+00  6.02443E-05  1.35316E+00 
4.16999E+01 1.28499E+00  6.10473E-05  1.35816E+00 
4.17999E+01 1.28999E+00  6.19070E-05  1.36314E+00 
4.18999E+01 1.29499E+00  6.27854E-05  1.36813E+00 
4.19999E+01 1.29999E+00  6.37403E-05  1.37312E+00 
4.20999E+01 1.30499E+00  6.47700E-05  1.37817E+00 
4.21999E+01 1.30999E+00  6.58191E-05  1.38314E+00 
4.22999E+01 1.31499E+00  6.69710E-05  1.38814E+00 
4.23999E+01 1.31999E+00  6.81983E-05  1.39315E+00 
4.24999E+01 1.32499E+00  6.95071E-05  1.39817E+00 
4.25999E+01 1.32999E+00  7.08998E-05  1.40315E+00 
4.26999E+01 1.33499E+00  7.23615E-05  1.40814E+00 
4.27999E+01 1.33999E+00  7.39057E-05  1.41314E+00 
4.28999E+01 1.34499E+00  7.55189E-05  1.41816E+00 
4.29999E+01 1.34999E+00  7.72274E-05  1.42317E+00 
4.30999E+01 1.35499E+00  7.89850E-05  1.42820E+00 
4.31999E+01 1.35999E+00  8.08049E-05  1.43319E+00 
4.32999E+01 1.36499E+00  8.26925E-05  1.43820E+00 
4.33999E+01 1.36999E+00  8.46494E-05  1.44320E+00 
4.34999E+01 1.37499E+00  8.66861E-05  1.44821E+00 
4.35999E+01 1.37999E+00  8.87858E-05  1.45322E+00 
4.36999E+01 1.38499E+00  9.09555E-05  1.45822E+00 
4.37999E+01 1.38999E+00  9.32012E-05  1.46320E+00 
4.38999E+01 1.39499E+00  9.55067E-05  1.46823E+00 
4.39999E+01 1.39999E+00  9.78659E-05  1.47322E+00 
4.40999E+01 1.40499E+00  1.00303E-04  1.47822E+00 
4.41999E+01 1.40999E+00  1.02797E-04  1.48321E+00 
4.42999E+01 1.41499E+00  1.05366E-04  1.48822E+00 
4.43999E+01 1.41999E+00  1.08003E-04  1.49324E+00 
4.44999E+01 1.42499E+00  1.10707E-04  1.49824E+00 
4.45999E+01 1.42999E+00  1.13480E-04  1.50322E+00 
4.46999E+01 1.43499E+00  1.16306E-04  1.50823E+00 
4.47999E+01 1.43999E+00  1.19209E-04  1.51325E+00 
4.48999E+01 1.44499E+00  1.22183E-04  1.51824E+00 
4.49999E+01 1.44999E+00  1.25214E-04  1.52324E+00 
4.50999E+01 1.45499E+00  1.28324E-04  1.52826E+00 
4.51999E+01 1.45999E+00  1.31491E-04  1.53326E+00 
4.52999E+01 1.46499E+00  1.34710E-04  1.53828E+00 
4.53999E+01 1.46999E+00  1.37969E-04  1.54326E+00 
4.54999E+01 1.47499E+00  1.41287E-04  1.54824E+00 
4.55999E+01 1.47999E+00  1.44645E-04  1.55326E+00 
4.56999E+01 1.48499E+00  1.48051E-04  1.55827E+00 
4.57999E+01 1.48999E+00  1.51489E-04  1.56326E+00 
4.58999E+01 1.49499E+00  1.54942E-04  1.56826E+00 
4.59999E+01 1.49999E+00  1.58443E-04  1.57328E+00 
4.60999E+01 1.50499E+00  1.61986E-04  1.57830E+00 
4.61999E+01 1.50999E+00  1.65520E-04  1.58329E+00 
4.62999E+01 1.51499E+00  1.69093E-04  1.58827E+00 
4.63999E+01 1.51999E+00  1.72693E-04  1.59329E+00 
4.64999E+01 1.52499E+00  1.76292E-04  1.59829E+00 
4.65999E+01 1.52999E+00  1.79924E-04  1.60330E+00 
4.66999E+01 1.53499E+00  1.83581E-04  1.60831E+00 
4.67999E+01 1.53999E+00  1.87236E-04  1.61329E+00 
4.68999E+01 1.54499E+00  1.90902E-04  1.61831E+00 
4.69999E+01 1.54999E+00  1.94587E-04  1.62332E+00 
4.70999E+01 1.55499E+00  1.98283E-04  1.62832E+00 
4.71999E+01 1.55999E+00  2.02003E-04  1.63330E+00 
4.72999E+01 1.56499E+00  2.05843E-04  1.63829E+00 
4.73999E+01 1.56999E+00  2.09550E-04  1.64332E+00 
4.74999E+01 1.57499E+00  2.13303E-04  1.64831E+00 
4.75999E+01 1.57999E+00  2.17572E-04  1.65332E+00 
4.76999E+01 1.58499E+00  2.21303E-04  1.65832E+00 
4.77999E+01 1.58999E+00  2.25054E-04  1.66333E+00 
4.78999E+01 1.59499E+00  2.28815E-04  1.66833E+00 
4.79999E+01 1.59999E+00  2.32581E-04  1.67333E+00 
4.80999E+01 1.60499E+00  2.36340E-04  1.67831E+00 
4.81999E+01 1.60999E+00  2.40087E-04  1.68332E+00 
4.82999E+01 1.61499E+00  2.43890E-04  1.68833E+00 
4.83999E+01 1.61999E+00  2.47580E-04  1.69332E+00 
4.84999E+01 1.62499E+00  2.51310E-04  1.69835E+00 
4.85999E+01 1.62999E+00  2.55052E-04  1.70335E+00 
4.86999E+01 1.63499E+00  2.58829E-04  1.70835E+00 
4.87999E+01 1.63999E+00  2.62556E-04  1.71335E+00 
4.88999E+01 1.64499E+00  2.66304E-04  1.71835E+00 
4.89999E+01 1.64999E+00  2.70057E-04  1.72333E+00 
4.90999E+01 1.65499E+00  2.73781E-04  1.72835E+00 
4.91999E+01 1.65999E+00  2.77430E-04  1.73337E+00 
4.92999E+01 1.66499E+00  2.81106E-04  1.73832E+00 
4.93999E+01 1.66999E+00  2.84761E-04  1.74335E+00 
4.94999E+01 1.67499E+00  2.88459E-04  1.74836E+00 
4.95999E+01 1.67999E+00  2.92153E-04  1.75337E+00 
4.96999E+01 1.68499E+00  2.95662E-04  1.75838E+00 
4.97999E+01 1.68999E+00  2.99192E-04  1.76341E+00 
4.98999E+01 1.69499E+00  3.02700E-04  1.76840E+00 
4.99999E+01 1.69999E+00  3.06233E-04  1.77337E+00 
5.00999E+01 1.70499E+00  3.09758E-04  1.77839E+00 
5.01999E+01 1.70999E+00  3.13170E-04  1.78340E+00 
5.02999E+01 1.71499E+00  3.16594E-04  1.78840E+00 
5.03999E+01 1.71999E+00  3.20021E-04  1.79339E+00 
5.04999E+01 1.72499E+00  3.23436E-04  1.79839E+00 
5.05999E+01 1.72999E+00  3.26834E-04  1.80340E+00 
5.06999E+01 1.73499E+00  3.30157E-04  1.80841E+00 
5.07999E+01 1.73999E+00  3.33452E-04  1.81342E+00 
5.08999E+01 1.74499E+00  3.36706E-04  1.81841E+00 
5.09999E+01 1.74999E+00  3.39929E-04  1.82342E+00 
5.10999E+01 1.75499E+00  3.43080E-04  1.82844E+00 
5.11999E+01 1.75999E+00  3.46245E-04  1.83343E+00 
5.12999E+01 1.76499E+00  3.49313E-04  1.83843E+00 
5.13999E+01 1.76999E+00  3.52415E-04  1.84343E+00 
5.14999E+01 1.77499E+00  3.55429E-04  1.84844E+00 
5.15999E+01 1.77999E+00  3.58408E-04  1.85345E+00 
5.16999E+01 1.78499E+00  3.61322E-04  1.85844E+00 
5.17999E+01 1.78999E+00  3.64194E-04  1.86344E+00 
5.18999E+01 1.79499E+00  3.66997E-04  1.86846E+00 
5.19999E+01 1.79999E+00  3.69723E-04  1.87346E+00 
5.20999E+01 1.79499E+00  3.62407E-04  1.86846E+00 
5.21999E+01 1.78999E+00  3.55438E-04  1.86345E+00 
5.22999E+01 1.78499E+00  3.48754E-04  1.85845E+00 
5.23999E+01 1.77999E+00  3.42132E-04  1.85343E+00 
5.24999E+01 1.77499E+00  3.35799E-04  1.84847E+00 
5.25999E+01 1.76999E+00  3.29626E-04  1.84346E+00 
5.26999E+01 1.76499E+00  3.23725E-04  1.83845E+00 
5.27999E+01 1.75999E+00  3.17875E-04  1.83345E+00 
5.28999E+01 1.75499E+00  3.12120E-04  1.82846E+00 
5.29999E+01 1.74999E+00  3.06444E-04  1.82341E+00 
5.30999E+01 1.74499E+00  3.00871E-04  1.81842E+00 
5.31999E+01 1.73999E+00  2.95264E-04  1.81343E+00 
5.32999E+01 1.73499E+00  2.89811E-04  1.80843E+00 
5.33999E+01 1.72999E+00  2.84391E-04  1.80343E+00 
5.34999E+01 1.72499E+00  2.79001E-04  1.79840E+00 
5.35999E+01 1.71999E+00  2.73700E-04  1.79339E+00 
5.36999E+01 1.71499E+00  2.68571E-04  1.78840E+00 
5.37999E+01 1.70999E+00  2.63453E-04  1.78340E+00 
5.38999E+01 1.70499E+00  2.58358E-04  1.77838E+00 
5.39999E+01 1.69999E+00  2.53322E-04  1.77337E+00 
5.40999E+01 1.69499E+00  2.48376E-04  1.76839E+00 
5.41999E+01 1.68999E+00  2.43444E-04  1.76339E+00 
5.42999E+01 1.68499E+00  2.38585E-04  1.75841E+00 
5.43999E+01 1.67999E+00  2.33789E-04  1.75337E+00 
5.44999E+01 1.67499E+00  2.29023E-04  1.74836E+00 
5.45999E+01 1.66999E+00  2.24346E-04  1.74335E+00 
5.46999E+01 1.66499E+00  2.19720E-04  1.73835E+00 
5.47999E+01 1.65999E+00  2.15943E-04  1.73334E+00 
5.48999E+01 1.65499E+00  2.11207E-04  1.72834E+00 
5.49999E+01 1.64999E+00  2.06360E-04  1.72333E+00 
5.50999E+01 1.64499E+00  2.01972E-04  1.71833E+00 
5.51999E+01 1.63999E+00  1.97639E-04  1.71332E+00 
5.52999E+01 1.63499E+00  1.93401E-04  1.70832E+00 
5.53999E+01 1.62999E+00  1.89232E-04  1.70331E+00 
5.54999E+01 1.62499E+00  1.85115E-04  1.69830E+00 
5.55999E+01 1.61999E+00  1.81059E-04  1.69333E+00 
5.56999E+01 1.61499E+00  1.77057E-04  1.68832E+00 
5.57999E+01 1.60999E+00  1.73091E-04  1.68330E+00 
5.58999E+01 1.60499E+00  1.69201E-04  1.67830E+00 
5.59999E+01 1.59999E+00  1.65338E-04  1.67329E+00 
5.60999E+01 1.59499E+00  1.61539E-04  1.66833E+00 
5.61999E+01 1.58999E+00  1.57770E-04  1.66332E+00 
5.62999E+01 1.58499E+00  1.54069E-04  1.65830E+00 
5.63999E+01 1.57999E+00  1.50477E-04  1.65330E+00 
5.64999E+01 1.57499E+00  1.46849E-04  1.64831E+00 
5.65999E+01 1.56999E+00  1.43329E-04  1.64329E+00 
5.66999E+01 1.56499E+00  1.39799E-04  1.63829E+00 
5.67999E+01 1.55999E+00  1.36367E-04  1.63330E+00 
5.68999E+01 1.55499E+00  1.32985E-04  1.62830E+00 
5.69999E+01 1.54999E+00  1.29658E-04  1.62329E+00 
5.70999E+01 1.54499E+00  1.26382E-04  1.61828E+00 
5.71999E+01 1.53999E+00  1.23146E-04  1.61328E+00 
5.72999E+01 1.53499E+00  1.19954E-04  1.60830E+00 
5.73999E+01 1.52999E+00  1.16830E-04  1.60329E+00 
5.74999E+01 1.52499E+00  1.13737E-04  1.59831E+00 
5.75999E+01 1.51999E+00  1.10722E-04  1.59329E+00 
5.76999E+01 1.51499E+00  1.07735E-04  1.58830E+00 
5.77999E+01 1.50999E+00  1.04818E-04  1.58329E+00 
5.78999E+01 1.50499E+00  1.01926E-04  1.57831E+00 
5.79999E+01 1.49999E+00  9.90765E-05  1.57328E+00 
5.80999E+01 1.49499E+00  9.62683E-05  1.56827E+00 
5.81999E+01 1.48999E+00  9.35028E-05  1.56326E+00 
5.82999E+01 1.48499E+00  9.07871E-05  1.55827E+00 
5.83999E+01 1.47999E+00  8.81064E-05  1.55328E+00 
5.84999E+01 1.47499E+00  8.54850E-05  1.54827E+00 
5.85999E+01 1.46999E+00  8.29037E-05  1.54326E+00 
5.86999E+01 1.46499E+00  8.03746E-05  1.53826E+00 
5.87999E+01 1.45999E+00  7.78963E-05  1.53327E+00 
5.88999E+01 1.45499E+00  7.54678E-05  1.52826E+00 
5.89999E+01 1.44999E+00  7.30772E-05  1.52323E+00 
5.90999E+01 1.44499E+00  7.07227E-05  1.51827E+00 
5.91999E+01 1.43999E+00  6.84277E-05  1.51327E+00 
5.92999E+01 1.43499E+00  6.61575E-05  1.50825E+00 
5.93999E+01 1.42999E+00  6.39390E-05  1.50325E+00 
5.94999E+01 1.42499E+00  6.17749E-05  1.49825E+00 
5.95999E+01 1.41999E+00  5.96594E-05  1.49326E+00 
5.96999E+01 1.41499E+00  5.75780E-05  1.48824E+00 
5.97999E+01 1.40999E+00  5.55434E-05  1.48322E+00 
5.98999E+01 1.40499E+00  5.35730E-05  1.47825E+00 
5.99998E+01 1.39999E+00  5.16465E-05  1.47324E+00 
6.00998E+01 1.39499E+00  4.97593E-05  1.46823E+00 
6.01998E+01 1.38999E+00  4.79111E-05  1.46321E+00 
6.02998E+01 1.38499E+00  4.60991E-05  1.45824E+00 
6.03998E+01 1.37999E+00  4.43456E-05  1.45319E+00 
6.04998E+01 1.37499E+00  4.26480E-05  1.44821E+00 
6.05998E+01 1.36999E+00  4.09932E-05  1.44319E+00 
6.06998E+01 1.36499E+00  3.93916E-05  1.43820E+00 
6.07998E+01 1.35999E+00  3.78317E-05  1.43318E+00 
6.08998E+01 1.35499E+00  3.63225E-05  1.42819E+00 
6.09998E+01 1.34999E+00  3.43765E-05  1.42317E+00 
6.10998E+01 1.34499E+00  3.29612E-05  1.41818E+00 
6.11998E+01 1.33999E+00  3.15846E-05  1.41316E+00 
6.12998E+01 1.33499E+00  3.02677E-05  1.40814E+00 
6.13998E+01 1.32999E+00  2.89959E-05  1.40316E+00 
6.14998E+01 1.32499E+00  2.77546E-05  1.39816E+00 
6.15998E+01 1.31999E+00  2.65706E-05  1.39313E+00 
6.16998E+01 1.31499E+00  2.54366E-05  1.38814E+00 
6.17998E+01 1.30999E+00  2.43805E-05  1.38313E+00 
6.18998E+01 1.30499E+00  2.33170E-05  1.37814E+00 
6.19998E+01 1.29999E+00  2.22734E-05  1.37314E+00 
6.20998E+01 1.29499E+00  2.13294E-05  1.36814E+00 
6.21998E+01 1.28999E+00  2.04062E-05  1.36312E+00 
6.22998E+01 1.28499E+00  1.95085E-05  1.35814E+00 
6.23998E+01 1.27999E+00  1.86598E-05  1.35313E+00 
6.24998E+01 1.27499E+00  1.78534E-05  1.34812E+00 
6.25998E+01 1.26999E+00  1.70908E-05  1.34313E+00 
6.26998E+01 1.26499E+00  1.63657E-05  1.33813E+00 
6.27998E+01 1.25999E+00  1.56712E-05  1.33313E+00 
6.28998E+01 1.25499E+00  1.50111E-05  1.32812E+00 
6.29998E+01 1.24999E+00  1.43850E-05  1.32313E+00 
6.30998E+01 1.24499E+00  1.37959E-05  1.31814E+00 
6.31998E+01 1.23999E+00  1.32350E-05  1.31314E+00 
6.32998E+01 1.23499E+00  1.27012E-05  1.30813E+00 
6.33998E+01 1.22999E+00  1.22007E-05  1.30311E+00 
6.34998E+01 1.22499E+00  1.17262E-05  1.29813E+00 
6.35998E+01 1.21999E+00  1.12800E-05  1.29313E+00 
6.36998E+01 1.21499E+00  1.08549E-05  1.28810E+00 
6.37998E+01 1.20999E+00  1.04547E-05  1.28310E+00 
6.38998E+01 1.20499E+00  1.00752E-05  1.27812E+00 
6.39998E+01 1.19999E+00  9.72133E-06  1.27312E+00 
6.40998E+01 1.19500E+00  9.38657E-06  1.26809E+00 
6.41998E+01 1.19000E+00  9.07349E-06  1.26309E+00 
6.42998E+01 1.18500E+00  8.77706E-06  1.25808E+00 
6.43998E+01 1.18000E+00  8.49971E-06  1.25308E+00 
6.44998E+01 1.17500E+00  8.23902E-06  1.24809E+00 
6.45998E+01 1.17000E+00  7.99698E-06  1.24309E+00 
6.46998E+01 1.16500E+00  7.76326E-06  1.23808E+00 
6.47998E+01 1.16000E+00  7.54656E-06  1.23307E+00 
6.48998E+01 1.15500E+00  7.33946E-06  1.22808E+00 
6.49998E+01 1.15000E+00  7.14838E-06  1.22306E+00 
6.50998E+01 1.14500E+00  6.96670E-06  1.21806E+00 
6.51998E+01 1.14000E+00  6.79230E-06  1.21305E+00 
6.52998E+01 1.13500E+00  6.62931E-06  1.20807E+00 
6.53998E+01 1.13000E+00  6.49402E-06  1.20305E+00 
6.54998E+01 1.12500E+00  6.33268E-06  1.19804E+00 
6.55998E+01 1.12000E+00  6.18972E-06  1.19306E+00 
6.56998E+01 1.11500E+00  6.06072E-06  1.18807E+00 
6.57998E+01 1.11000E+00  5.94170E-06  1.18304E+00 
6.58998E+01 1.10500E+00  5.82506E-06  1.17804E+00 
6.59998E+01 1.10000E+00  5.71723E-06  1.17305E+00 
6.60998E+01 1.09500E+00  5.61388E-06  1.16804E+00 
6.61998E+01 1.09000E+00  5.50583E-06  1.16304E+00 
6.62998E+01 1.08500E+00  5.40968E-06  1.15802E+00 
6.63998E+01 1.08000E+00  5.31808E-06  1.15304E+00 
6.64998E+01 1.07500E+00  5.22960E-06  1.14804E+00 
6.65998E+01 1.07000E+00  5.14284E-06  1.14303E+00 
6.66998E+01 1.06500E+00  5.06279E-06  1.13803E+00 
6.67998E+01 1.06000E+00  4.99006E-06  1.13305E+00 
6.68998E+01 1.05500E+00  4.91622E-06  1.12804E+00 
6.69998E+01 1.05000E+00  4.84839E-06  1.12303E+00 
6.70998E+01 1.04500E+00  4.78091E-06  1.11801E+00 
6.71998E+01 1.04000E+00  4.70750E-06  1.11301E+00 
6.72998E+01 1.03500E+00  4.64567E-06  1.10802E+00 
6.73998E+01 1.03000E+00  4.58261E-06  1.10301E+00 
6.74998E+01 1.02500E+00  4.52404E-06  1.09802E+00 
6.75998E+01 1.02000E+00  4.46091E-06  1.09300E+00 
6.76998E+01 1.01500E+00  4.40680E-06  1.08799E+00 
6.77998E+01 1.01000E+00  4.35466E-06  1.08298E+00 
6.78998E+01 1.00500E+00  4.30017E-06  1.07798E+00 
6.79998E+01 9.99995E-01  4.25896E-06  1.07298E+00 
6.80998E+01 9.94996E-01  4.20167E-06  1.06798E+00 
6.81998E+01 9.89996E-01  4.14906E-06  1.06297E+00 
6.82998E+01 9.84996E-01  4.10117E-06  1.05798E+00 
6.83998E+01 9.79996E-01  4.05293E-06  1.05301E+00 
6.84998E+01 9.74996E-01  4.00382E-06  1.04798E+00 
6.85998E+01 9.69996E-01  3.90821E-06  1.04297E+00 
6.86998E+01 9.64996E-01  3.86050E-06  1.03797E+00 
6.87998E+01 9.59996E-01  3.81364E-06  1.03298E+00 
6.88998E+01 9.54996E-01  3.76804E-06  1.02798E+00 
6.89998E+01 9.49996E-01  3.72112E-06  1.02296E+00 
6.90998E+01 9.44996E-01  3.67778E-06  1.01798E+00 
6.91998E+01 9.39996E-01  3.63348E-06  1.01298E+00 
6.92998E+01 9.34996E-01  3.58813E-06  1.00796E+00 
6.93998E+01 9.29996E-01  3.54636E-06  1.00295E+00 
6.94998E+01 9.24996E-01  3.50347E-06  9.97957E-01 
6.95998E+01 9.19996E-01  3.46052E-06  9.92945E-01 
6.96998E+01 9.14996E-01  3.41538E-06  9.87961E-01 
6.97998E+01 9.09996E-01  3.37366E-06  9.82947E-01 
6.98998E+01 9.04996E-01  3.32935E-06  9.77944E-01 
6.99998E+01 8.99996E-01  3.28724E-06  9.72944E-01 
7.00998E+01 8.94996E-01  3.24596E-06  9.67939E-01 
7.01998E+01 8.89996E-01  3.20423E-06  9.62924E-01 
7.02998E+01 8.84996E-01  3.16147E-06  9.57919E-01 
7.03998E+01 8.79996E-01  3.11899E-06  9.52898E-01 
7.04998E+01 8.74996E-01  3.07579E-06  9.47926E-01 
7.05998E+01 8.69996E-01  3.03204E-06  9.42917E-01 
7.06998E+01 8.64996E-01  2.98851E-06  9.37921E-01 
7.07998E+01 8.59996E-01  2.94640E-06  9.32903E-01 
7.08998E+01 8.54996E-01  2.90120E-06  9.27900E-01 
7.09998E+01 8.49996E-01  2.85630E-06  9.22891E-01 
7.10998E+01 8.44996E-01  2.81115E-06  9.17905E-01 
7.11998E+01 8.39996E-01  2.76617E-06  9.12906E-01 
7.12998E+01 8.34996E-01  2.71798E-06  9.07890E-01 
7.13998E+01 8.29996E-01  2.67249E-06  9.02899E-01 
7.14998E+01 8.24996E-01  2.62718E-06  8.97894E-01 
7.15998E+01 8.19996E-01  2.57399E-06  8.92878E-01 
7.16998E+01 8.14996E-01  2.52998E-06  8.87861E-01 
7.17998E+01 8.09996E-01  2.47540E-06  8.82881E-01 
7.18998E+01 8.04996E-01  2.42722E-06  8.77880E-01 
7.19998E+01 7.99996E-01  2.37622E-06  8.72861E-01 
7.20998E+01 7.94996E-01  2.32638E-06  8.67867E-01 
7.21998E+01 7.89996E-01  2.27593E-06  8.62887E-01 
7.22998E+01 7.84996E-01  2.22367E-06  8.57892E-01 
7.23998E+01 7.79996E-01  2.17127E-06  8.52880E-01 
7.24998E+01 7.74996E-01  2.11672E-06  8.47859E-01 
7.25998E+01 7.69996E-01  2.06231E-06  8.42873E-01 
7.26998E+01 7.64996E-01  2.00951E-06  8.37874E-01 
7.27998E+01 7.59996E-01  1.95052E-06  8.32877E-01 
7.28998E+01 7.54996E-01  1.89419E-06  8.27867E-01 
7.29998E+01 7.49996E-01  1.83616E-06  8.22883E-01 
7.30998E+01 7.44996E-01  1.77963E-06  8.17878E-01 
7.31998E+01 7.39996E-01  1.72227E-06  8.12866E-01 
7.32998E+01 7.34996E-01  1.66323E-06  8.07856E-01 
7.33998E+01 7.29996E-01  1.60276E-06  8.02846E-01 
7.34998E+01 7.24996E-01  1.54213E-06  7.97851E-01 
7.35998E+01 7.19996E-01  1.47927E-06  7.92842E-01 
7.36998E+01 7.14996E-01  1.41676E-06  7.87854E-01 
7.37998E+01 7.09996E-01  1.34819E-06  7.82823E-01 
7.38998E+01 7.04996E-01  1.28595E-06  7.77834E-01 
7.39998E+01 6.99996E-01  1.25424E-06  7.72805E-01 
7.40998E+01 6.94996E-01  1.16072E-06  7.67831E-01 
7.41998E+01 6.89996E-01  1.08283E-06  7.62818E-01 
7.42998E+01 6.84996E-01  1.00932E-06  7.57805E-01 
7.43998E+01 6.79996E-01  9.38549E-07  7.52808E-01 
7.44998E+01 6.74996E-01  8.66778E-07  7.47796E-01 
7.45998E+01 6.69996E-01  7.93484E-07  7.42820E-01 
7.46998E+01 6.64996E-01  7.17794E-07  7.37800E-01 
7.47998E+01 6.59996E-01  6.42811E-07  7.32795E-01 
7.48998E+01 6.54996E-01  5.67506E-07  7.27818E-01 
7.49998E+01 6.49996E-01  4.87134E-07  7.22811E-01 
7.50998E+01 6.44996E-01  4.08896E-07  7.17811E-01 
7.51998E+01 6.39996E-01  3.27917E-07  7.12767E-01 
7.52998E+01 6.34996E-01  2.45429E-07  7.07782E-01 
7.53998E+01 6.29996E-01  1.64987E-07  7.02801E-01 
7.54998E+01 6.24996E-01  4.95536E-08  6.97779E-01 
7.55998E+01 6.19996E-01  -6.97441E-09 6.92767E-01 
7.56998E+01 6.14996E-01  -6.17315E-08 6.87754E-01 
7.57998E+01 6.09996E-01  -1.17314E-07 6.82786E-01 
7.58998E+01 6.04996E-01  -1.78842E-07 6.77799E-01 
7.59998E+01 5.99996E-01  -2.38071E-07 6.72794E-01 
7.60998E+01 5.94997E-01  -2.99291E-07 6.67765E-01 
7.61998E+01 5.89997E-01  -3.61948E-07 6.62799E-01 
7.62998E+01 5.84997E-01  -4.23844E-07 6.57806E-01 
7.63998E+01 5.79997E-01  -4.92948E-07 6.52765E-01 
7.64998E+01 5.74997E-01  -5.58090E-07 6.47759E-01 
7.65998E+01 5.69997E-01  -6.30304E-07 6.42773E-01 
7.66998E+01 5.64997E-01  -7.00942E-07 6.37787E-01 
7.67998E+01 5.59997E-01  -7.65324E-07 6.32753E-01 
7.68998E+01 5.54997E-01  -8.42743E-07 6.27747E-01 
7.69998E+01 5.49997E-01  -1.27796E-06 6.22726E-01 
7.70998E+01 5.44997E-01  -1.37092E-06 6.17713E-01 
7.71998E+01 5.39997E-01  -1.46488E-06 6.12742E-01 
7.72998E+01 5.34997E-01  -1.56051E-06 6.07721E-01 
7.73998E+01 5.29997E-01  -1.65776E-06 6.02707E-01 
7.74998E+01 5.24997E-01  -1.75610E-06 5.97726E-01 
7.75998E+01 5.19997E-01  -1.85945E-06 5.92749E-01 
7.76998E+01 5.14997E-01  -1.96333E-06 5.87727E-01 
7.77998E+01 5.09997E-01  -2.07167E-06 5.82714E-01 
7.78998E+01 5.04997E-01  -2.18040E-06 5.77705E-01 
7.79998E+01 4.99997E-01  -2.29682E-06 5.72723E-01 
7.80998E+01 4.94997E-01  -2.41457E-06 5.67723E-01 
7.81998E+01 4.89997E-01  -2.54211E-06 5.62711E-01 
7.82998E+01 4.84997E-01  -2.67174E-06 5.57717E-01 
7.83998E+01 4.79997E-01  -2.80506E-06 5.52725E-01 
7.84998E+01 4.74997E-01  -2.94599E-06 5.47707E-01 
7.85998E+01 4.69997E-01  -3.09166E-06 5.42702E-01 
7.86998E+01 4.64997E-01  -3.24577E-06 5.37687E-01 
7.87998E+01 4.59997E-01  -3.40982E-06 5.32704E-01 
7.88998E+01 4.54997E-01  -3.57630E-06 5.27707E-01 
7.89998E+01 4.49997E-01  -3.75527E-06 5.22680E-01 
7.90998E+01 4.44997E-01  -3.94082E-06 5.17689E-01 
7.91998E+01 4.39997E-01  -4.13537E-06 5.12698E-01 
7.92998E+01 4.34997E-01  -4.34128E-06 5.07691E-01 
7.93998E+01 4.29997E-01  -4.55323E-06 5.02679E-01 
7.94998E+01 4.24997E-01  -4.77966E-06 4.97682E-01 
7.95998E+01 4.19997E-01  -5.01598E-06 4.92700E-01 
7.96998E+01 4.14997E-01  -5.26061E-06 4.87687E-01 
7.97998E+01 4.09997E-01  -5.52106E-06 4.82677E-01 
7.98998E+01 4.04997E-01  -5.78981E-06 4.77690E-01 
7.99998E+01 3.99997E-01  -6.07563E-06 4.72662E-01 
8.00998E+01 3.94997E-01  -6.37407E-06 4.67664E-01 
8.01998E+01 3.89997E-01  -6.67994E-06 4.62633E-01 
8.02998E+01 3.84997E-01  -7.00149E-06 4.57660E-01 
8.03998E+01 3.79997E-01  -7.33793E-06 4.52625E-01 
8.04998E+01 3.74997E-01  -7.68895E-06 4.47621E-01 
8.05998E+01 3.69997E-01  -8.05594E-06 4.42644E-01 
8.06998E+01 3.64997E-01  -8.44063E-06 4.37660E-01 
8.07998E+01 3.59997E-01  -8.83400E-06 4.32644E-01 
8.08998E+01 3.54997E-01  -9.24523E-06 4.27631E-01 
8.09998E+01 3.49997E-01  -9.66889E-06 4.22627E-01 
8.10998E+01 3.44997E-01  -1.01122E-05 4.17627E-01 
8.11998E+01 3.39997E-01  -1.05739E-05 4.12637E-01 
8.12998E+01 3.34997E-01  -1.10452E-05 4.07598E-01 
8.13998E+01 3.29997E-01  -1.15357E-05 4.02604E-01 
8.14998E+01 3.24997E-01  -1.20403E-05 3.97636E-01 
8.15998E+01 3.19997E-01  -1.25647E-05 3.92621E-01 
8.16998E+01 3.14997E-01  -1.31045E-05 3.87607E-01 
8.17998E+01 3.09997E-01  -1.36660E-05 3.82614E-01 
8.18998E+01 3.04997E-01  -1.42356E-05 3.77598E-01 
8.19998E+01 2.99997E-01  -1.48259E-05 3.72606E-01 
8.20998E+01 2.94997E-01  -1.54384E-05 3.67589E-01 
8.21998E+01 2.89997E-01  -1.60675E-05 3.62576E-01 
8.22998E+01 2.84997E-01  -1.67186E-05 3.57585E-01 
8.23998E+01 2.79997E-01  -1.73917E-05 3.52608E-01 
8.24998E+01 2.74997E-01  -1.80742E-05 3.47589E-01 
8.25998E+01 2.69997E-01  -1.87767E-05 3.42585E-01 
8.26998E+01 2.64997E-01  -1.94964E-05 3.37574E-01 
8.27998E+01 2.59997E-01  -2.02327E-05 3.32582E-01 
8.28998E+01 2.54997E-01  -2.09875E-05 3.27587E-01 
8.29998E+01 2.49997E-01  -2.17116E-05 3.22548E-01 
8.30998E+01 2.44997E-01  -2.24834E-05 3.17559E-01 
8.31998E+01 2.39997E-01  -2.32780E-05 3.12564E-01 
8.32998E+01 2.34997E-01  -2.40739E-05 3.07575E-01 
8.33998E+01 2.29997E-01  -2.48865E-05 3.02566E-01 
8.34998E+01 2.24997E-01  -2.56999E-05 2.97562E-01 
8.35998E+01 2.19997E-01  -2.65193E-05 2.92535E-01 
8.36998E+01 2.14997E-01  -2.73334E-05 2.87561E-01 
8.37998E+01 2.09997E-01  -2.81471E-05 2.82557E-01 
8.38998E+01 2.04997E-01  -2.89454E-05 2.77543E-01 
8.39998E+01 1.99997E-01  -2.97369E-05 2.72528E-01 
8.40998E+01 1.94998E-01  -3.05059E-05 2.67551E-01 
8.41998E+01 1.89998E-01  -3.12656E-05 2.62566E-01 
8.42998E+01 1.84998E-01  -3.19871E-05 2.57546E-01 
8.43998E+01 1.79998E-01  -3.26826E-05 2.52551E-01 
8.44998E+01 1.74998E-01  -3.33396E-05 2.47553E-01 
8.45998E+01 1.69998E-01  -3.39597E-05 2.42552E-01 
8.46998E+01 1.64998E-01  -3.45468E-05 2.37570E-01 
8.47998E+01 1.59998E-01  -3.51099E-05 2.32547E-01 
8.48998E+01 1.54998E-01  -3.56388E-05 2.27537E-01 
8.49998E+01 1.49998E-01  -3.61299E-05 2.22548E-01 
8.50998E+01 1.44998E-01  -3.66095E-05 2.17531E-01 
8.51998E+01 1.39998E-01  -3.70715E-05 2.12518E-01 
8.52998E+01 1.34998E-01  -3.75178E-05 2.07526E-01 
8.53998E+01 1.29998E-01  -3.79517E-05 2.02531E-01 
8.54998E+01 1.24998E-01  -3.83851E-05 1.97529E-01 
8.55998E+01 1.19998E-01  -3.88066E-05 1.92528E-01 
8.56998E+01 1.14998E-01  -3.92247E-05 1.87527E-01 
8.57998E+01 1.09998E-01  -3.96456E-05 1.82511E-01 
8.58998E+01 1.04998E-01  -4.00639E-05 1.77523E-01 
8.59998E+01 9.99977E-02  -4.04757E-05 1.72506E-01 
8.60998E+01 9.49978E-02  -4.08880E-05 1.67499E-01 
8.61998E+01 8.99978E-02  -4.12916E-05 1.62495E-01 
8.62998E+01 8.49978E-02  -4.16876E-05 1.57527E-01 
8.63998E+01 7.99978E-02  -4.20732E-05 1.52490E-01 
8.64998E+01 7.49978E-02  -4.24464E-05 1.47494E-01 
8.65998E+01 6.99978E-02  -4.28039E-05 1.42492E-01 
8.66998E+01 6.49978E-02  -4.31347E-05 1.37476E-01 
8.67998E+01 5.99978E-02  -4.34361E-05 1.32455E-01 
8.68998E+01 5.49979E-02  -4.37207E-05 1.27471E-01 
8.69998E+01 4.99979E-02  -4.39921E-05 1.22487E-01 
8.70998E+01 4.49979E-02  -4.42274E-05 1.17461E-01 
8.71998E+01 3.99979E-02  -4.44402E-05 1.12471E-01 
8.72998E+01 3.49979E-02  -4.46263E-05 1.07460E-01 
8.73998E+01 2.99979E-02  -4.47972E-05 1.02471E-01 
8.74998E+01 2.49979E-02  -4.49479E-05 9.74646E-02 
8.75998E+01 1.99979E-02  -4.50862E-05 9.24656E-02 
8.76998E+01 1.49980E-02  -4.52036E-05 8.74341E-02 
8.77998E+01 9.99797E-03  -4.53132E-05 8.24600E-02 
8.78998E+01 4.99799E-03  -4.54207E-05 7.74472E-02 
8.79998E+01 -2.00000E-06 -4.55125E-05 7.24513E-02 
8.80998E+01 -5.00199E-03 -4.56007E-05 6.74229E-02 
8.81998E+01 -1.00020E-02 -4.56871E-05 6.24407E-02 
8.82998E+01 -1.50020E-02 -4.57724E-05 5.74579E-02 
8.83998E+01 -2.00020E-02 -4.58584E-05 5.24095E-02 
8.84998E+01 -2.50019E-02 -4.59470E-05 4.73849E-02 
8.85998E+01 -3.00019E-02 -4.60316E-05 4.24227E-02 
8.86998E+01 -3.50019E-02 -4.61175E-05 3.74292E-02 
8.87998E+01 -4.00019E-02 -4.62088E-05 3.24108E-02 
8.88998E+01 -4.50019E-02 -4.63071E-05 2.73931E-02 
8.89998E+01 -5.00019E-02 -4.64095E-05 2.24365E-02 
8.90998E+01 -5.50019E-02 -4.65149E-05 1.74249E-02 
8.91998E+01 -6.00019E-02 -4.66260E-05 1.24003E-02 
8.92998E+01 -6.50018E-02 -4.67357E-05 7.39249E-03 
8.93998E+01 -7.00018E-02 -4.68545E-05 2.40406E-03 
8.94998E+01 -7.50018E-02 -4.69764E-05 -2.57436E-03
8.95998E+01 -8.00018E-02 -4.71138E-05 -7.61401E-03
8.96998E+01 -8.50018E-02 -4.72466E-05 -1.26049E-02
8.97998E+01 -9.00018E-02 -4.73897E-05 -1.76352E-02
8.98998E+01 -9.50018E-02 -4.75289E-05 -2.26155E-02
8.99998E+01 -1.00002E-01 -4.76961E-05 -2.76102E-02
9.00998E+01 -1.05002E-01 -4.78531E-05 -3.26192E-02
9.01998E+01 -1.10002E-01 -4.80233E-05 -3.76227E-02
9.02998E+01 -1.15002E-01 -4.81985E-05 -4.26479E-02
9.03998E+01 -1.20002E-01 -4.83806E-05 -4.76089E-02
9.04998E+01 -1.25002E-01 -4.85664E-05 -5.26485E-02
9.05998E+01 -1.30002E-01 -4.87637E-05 -5.76488E-02
9.06998E+01 -1.35002E-01 -4.89699E-05 -6.26304E-02
9.07998E+01 -1.40002E-01 -4.91843E-05 -6.76069E-02
9.08998E+01 -1.45002E-01 -4.94036E-05 -7.26135E-02
9.09998E+01 -1.50002E-01 -4.96363E-05 -7.76306E-02
9.10998E+01 -1.55002E-01 -4.98757E-05 -8.26278E-02
9.11998E+01 -1.60002E-01 -5.01262E-05 -8.76306E-02
9.12998E+01 -1.65002E-01 -5.03870E-05 -9.26178E-02
9.13998E+01 -1.70002E-01 -5.06628E-05 -9.76168E-02
9.14998E+01 -1.75002E-01 -5.09589E-05 -1.02643E-01
9.15998E+01 -1.80002E-01 -5.12723E-05 -1.07631E-01
9.16998E+01 -1.85002E-01 -5.16137E-05 -1.12626E-01
9.17998E+01 -1.90002E-01 -5.19836E-05 -1.17612E-01
9.18998E+01 -1.95002E-01 -5.23896E-05 -1.22651E-01
9.19998E+01 -2.00002E-01 -5.28328E-05 -1.27634E-01
9.20998E+01 -2.05001E-01 -5.33190E-05 -1.32644E-01
9.21998E+01 -2.10001E-01 -5.38459E-05 -1.37645E-01
9.22998E+01 -2.15001E-01 -5.44028E-05 -1.42654E-01
9.23998E+01 -2.20001E-01 -5.49784E-05 -1.47663E-01
9.24998E+01 -2.25001E-01 -5.55634E-05 -1.52650E-01
9.25998E+01 -2.30001E-01 -5.61417E-05 -1.57649E-01
9.26998E+01 -2.35001E-01 -5.67155E-05 -1.62662E-01
9.27998E+01 -2.40001E-01 -5.72826E-05 -1.67662E-01
9.28998E+01 -2.45001E-01 -5.78499E-05 -1.72676E-01
9.29998E+01 -2.50001E-01 -5.84105E-05 -1.77687E-01
9.30998E+01 -2.55001E-01 -5.89743E-05 -1.82688E-01
9.31998E+01 -2.60001E-01 -5.95385E-05 -1.87666E-01
9.32998E+01 -2.65001E-01 -6.01062E-05 -1.92685E-01
9.33998E+01 -2.70001E-01 -6.06868E-05 -1.97693E-01
9.34998E+01 -2.75001E-01 -6.12749E-05 -2.02690E-01
9.35998E+01 -2.80001E-01 -6.18658E-05 -2.07710E-01
9.36998E+01 -2.85001E-01 -6.24674E-05 -2.12693E-01
9.37998E+01 -2.90001E-01 -6.30748E-05 -2.17719E-01
9.38998E+01 -2.95001E-01 -6.36786E-05 -2.22720E-01
9.39998E+01 -3.00001E-01 -6.42892E-05 -2.27711E-01
9.40998E+01 -3.05001E-01 -6.49013E-05 -2.32705E-01
9.41998E+01 -3.10001E-01 -6.55062E-05 -2.37721E-01
9.42998E+01 -3.15001E-01 -6.61080E-05 -2.42726E-01
9.43998E+01 -3.20001E-01 -6.67021E-05 -2.47711E-01
9.44998E+01 -3.25001E-01 -6.72978E-05 -2.52707E-01
9.45998E+01 -3.30001E-01 -6.78874E-05 -2.57751E-01
9.46998E+01 -3.35001E-01 -6.84350E-05 -2.62719E-01
9.47998E+01 -3.40001E-01 -6.89983E-05 -2.67714E-01
9.48998E+01 -3.45001E-01 -6.95615E-05 -2.72720E-01
9.49998E+01 -3.50001E-01 -7.01295E-05 -2.77745E-01
9.50998E+01 -3.55001E-01 -7.06812E-05 -2.82746E-01
9.51998E+01 -3.60001E-01 -7.12222E-05 -2.87727E-01
9.52998E+01 -3.65001E-01 -7.17443E-05 -2.92721E-01
9.53998E+01 -3.70001E-01 -7.22405E-05 -2.97753E-01
9.54998E+01 -3.75001E-01 -7.27211E-05 -3.02740E-01
9.55998E+01 -3.80001E-01 -7.31843E-05 -3.07730E-01
9.56998E+01 -3.85001E-01 -7.36306E-05 -3.12714E-01
9.57998E+01 -3.90001E-01 -7.40689E-05 -3.17749E-01
9.58998E+01 -3.95001E-01 -7.44997E-05 -3.22731E-01
9.59998E+01 -4.00001E-01 -7.49243E-05 -3.27760E-01
9.60998E+01 -4.05001E-01 -7.53319E-05 -3.32750E-01
9.61998E+01 -4.10001E-01 -7.57223E-05 -3.37775E-01
9.62998E+01 -4.15001E-01 -7.61031E-05 -3.42747E-01
9.63998E+01 -4.20001E-01 -7.64689E-05 -3.47770E-01
9.64998E+01 -4.25001E-01 -7.68306E-05 -3.52786E-01
9.65998E+01 -4.30001E-01 -7.71739E-05 -3.57791E-01
9.66998E+01 -4.35001E-01 -7.75001E-05 -3.62770E-01
9.67998E+01 -4.40001E-01 -7.78242E-05 -3.67771E-01
9.68998E+01 -4.45001E-01 -7.81368E-05 -3.72760E-01
9.69998E+01 -4.50001E-01 -7.84465E-05 -3.77776E-01
9.70998E+01 -4.55001E-01 -7.87656E-05 -3.82777E-01
9.71998E+01 -4.60001E-01 -7.90669E-05 -3.87794E-01
9.72998E+01 -4.65001E-01 -7.93685E-05 -3.92784E-01
9.73998E+01 -4.70001E-01 -7.96673E-05 -3.97819E-01
9.74998E+01 -4.75001E-01 -7.99755E-05 -4.02813E-01
9.75998E+01 -4.80001E-01 -8.02483E-05 -4.07791E-01
9.76998E+01 -4.85001E-01 -8.05392E-05 -4.12806E-01
9.77998E+01 -4.90001E-01 -8.08261E-05 -4.17807E-01
9.78998E+01 -4.95001E-01 -8.11243E-05 -4.22792E-01
9.79998E+01 -5.00001E-01 -8.14250E-05 -4.27800E-01
9.80998E+01 -5.05001E-01 -8.18213E-05 -4.32808E-01
9.81998E+01 -5.10001E-01 -8.20880E-05 -4.37814E-01
9.82998E+01 -5.15001E-01 -8.23917E-05 -4.42802E-01
9.83998E+01 -5.20001E-01 -8.27084E-05 -4.47795E-01
9.84998E+01 -5.25001E-01 -8.30431E-05 -4.52812E-01
9.85998E+01 -5.30001E-01 -8.33953E-05 -4.57805E-01
9.86998E+01 -5.35001E-01 -8.37424E-05 -4.62798E-01
9.87998E+01 -5.40001E-01 -8.40861E-05 -4.67807E-01
9.88998E+01 -5.45001E-01 -8.44559E-05 -4.72807E-01
9.89998E+01 -5.50001E-01 -8.48389E-05 -4.77813E-01
9.90998E+01 -5.55001E-01 -8.52200E-05 -4.82804E-01
9.91998E+01 -5.60001E-01 -8.56123E-05 -4.87847E-01
9.92998E+01 -5.65001E-01 -8.60173E-05 -4.92826E-01
9.93998E+01 -5.70001E-01 -8.64238E-05 -4.97855E-01
9.94998E+01 -5.75001E-01 -8.68569E-05 -5.02868E-01
9.95998E+01 -5.80001E-01 -8.72668E-05 -5.07880E-01
9.96998E+01 -5.85001E-01 -8.76680E-05 -5.12882E-01
9.97998E+01 -5.90001E-01 -8.80941E-05 -5.17862E-01
9.98998E+01 -5.95001E-01 -8.84842E-05 -5.22853E-01
9.99997E+01 -6.00001E-01 -8.88907E-05 -5.27871E-01
1.00100E+02 -6.05000E-01 -8.93074E-05 -5.32889E-01
1.00200E+02 -6.10000E-01 -8.96973E-05 -5.37871E-01
1.00300E+02 -6.15000E-01 -9.01166E-05 -5.42867E-01
1.00400E+02 -6.20000E-01 -9.05113E-05 -5.47879E-01
1.00500E+02 -6.25000E-01 -9.09259E-05 -5.52874E-01
1.00600E+02 -6.30000E-01 -9.17811E-05 -5.57865E-01
1.00700E+02 -6.35000E-01 -9.20472E-05 -5.62863E-01
1.00800E+02 -6.40000E-01 -9.24289E-05 -5.67876E-01
1.00900E+02 -6.45000E-01 -9.28099E-05 -5.72888E-01
1.01000E+02 -6.50000E-01 -9.31887E-05 -5.77877E-01
1.01100E+02 -6.55000E-01 -9.36081E-05 -5.82875E-01
1.01200E+02 -6.60000E-01 -9.39672E-05 -5.87881E-01
1.01300E+02 -6.65000E-01 -9.43873E-05 -5.92901E-01
1.01400E+02 -6.70000E-01 -9.49274E-05 -5.97916E-01
1.01500E+02 -6.75000E-01 -9.52841E-05 -6.02889E-01
1.01600E+02 -6.80000E-01 -9.56676E-05 -6.07901E-01
1.01700E+02 -6.85000E-01 -9.61525E-05 -6.12911E-01
1.01800E+02 -6.90000E-01 -9.67087E-05 -6.17887E-01
1.01900E+02 -6.95000E-01 -9.70927E-05 -6.22885E-01
1.02000E+02 -7.00000E-01 -9.74202E-05 -6.27910E-01
1.02100E+02 -7.05000E-01 -9.77777E-05 -6.32889E-01
1.02200E+02 -7.10000E-01 -9.82173E-05 -6.37927E-01
1.02300E+02 -7.15000E-01 -9.85702E-05 -6.42910E-01
1.02400E+02 -7.20000E-01 -9.87751E-05 -6.47912E-01
1.02500E+02 -7.25000E-01 -9.91579E-05 -6.52931E-01
1.02600E+02 -7.30000E-01 -9.95966E-05 -6.57948E-01
1.02700E+02 -7.35000E-01 -9.99357E-05 -6.62933E-01
1.02800E+02 -7.40000E-01 -1.00359E-04 -6.67926E-01
1.02900E+02 -7.45000E-01 -1.00783E-04 -6.72942E-01
1.03000E+02 -7.50000E-01 -1.01327E-04 -6.77953E-01
1.03100E+02 -7.55000E-01 -1.01783E-04 -6.82953E-01
1.03200E+02 -7.60000E-01 -1.02249E-04 -6.87955E-01
1.03300E+02 -7.65000E-01 -1.02733E-04 -6.92962E-01
1.03400E+02 -7.70000E-01 -1.03263E-04 -6.97962E-01
1.03500E+02 -7.75000E-01 -1.03769E-04 -7.02964E-01
1.03600E+02 -7.80000E-01 -1.04197E-04 -7.07966E-01
1.03700E+02 -7.85000E-01 -1.04647E-04 -7.12961E-01
1.03800E+02 -7.90000E-01 -1.05126E-04 -7.17956E-01
1.03900E+02 -7.95000E-01 -1.05554E-04 -7.22966E-01
