time/s      E/V        I/A
0.00000E+00 -8.00000E-01 -6.43083E-05 -7.59425E-01
9.99997E-02 -7.95000E-01 -6.11054E-05 -7.54426E-01
1.99999E-01 -7.90000E-01 -5.83566E-05 -7.49401E-01
2.99999E-01 -7.85000E-01 -5.59311E-05 -7.44411E-01
3.99999E-01 -7.80000E-01 -5.37636E-05 -7.39403E-01
4.99999E-01 -7.75000E-01 -5.17936E-05 -7.34404E-01
5.99998E-01 -7.70000E-01 -4.99976E-05 -7.29412E-01
6.99998E-01 -7.65000E-01 -4.83388E-05 -7.24400E-01
7.99998E-01 -7.60000E-01 -4.68257E-05 -7.19415E-01
8.99998E-01 -7.55000E-01 -4.53818E-05 -7.14424E-01
9.99997E-01 -7.50000E-01 -4.40384E-05 -7.09399E-01
1.10000E+00 -7.45000E-01 -4.27713E-05 -7.04419E-01
1.20000E+00 -7.40000E-01 -4.15777E-05 -6.99433E-01
1.30000E+00 -7.35000E-01 -4.04404E-05 -6.94407E-01
1.40000E+00 -7.30000E-01 -3.93628E-05 -6.89394E-01
1.50000E+00 -7.25000E-01 -3.83418E-05 -6.84407E-01
1.60000E+00 -7.20000E-01 -3.73757E-05 -6.79415E-01
1.70000E+00 -7.15000E-01 -3.65974E-05 -6.74409E-01
1.80000E+00 -7.10000E-01 -3.55734E-05 -6.69382E-01
1.90000E+00 -7.05000E-01 -3.46870E-05 -6.64403E-01
1.99999E+00 -7.00000E-01 -3.38594E-05 -6.59407E-01
2.09999E+00 -6.95000E-01 -3.30584E-05 -6.54378E-01
2.19999E+00 -6.90000E-01 -3.22846E-05 -6.49379E-01
2.29999E+00 -6.85000E-01 -3.15430E-05 -6.44366E-01
2.39999E+00 -6.80000E-01 -3.08278E-05 -6.39362E-01
2.49999E+00 -6.75000E-01 -3.01355E-05 -6.34384E-01
2.59999E+00 -6.70000E-01 -2.94637E-05 -6.29356E-01
2.69999E+00 -6.65000E-01 -2.88152E-05 -6.24347E-01
2.79999E+00 -6.60000E-01 -2.81857E-05 -6.19349E-01
2.89999E+00 -6.55000E-01 -2.75731E-05 -6.14367E-01
2.99999E+00 -6.50000E-01 -2.69785E-05 -6.09342E-01
3.09999E+00 -6.45000E-01 -2.64042E-05 -6.04347E-01
3.19999E+00 -6.40000E-01 -2.58487E-05 -5.99353E-01
3.29999E+00 -6.35000E-01 -2.53079E-05 -5.94365E-01
3.39999E+00 -6.30000E-01 -2.47769E-05 -5.89335E-01
3.49999E+00 -6.25000E-01 -2.42642E-05 -5.84322E-01
3.59999E+00 -6.20000E-01 -2.37628E-05 -5.79333E-01
3.69999E+00 -6.15000E-01 -2.32704E-05 -5.74341E-01
3.79999E+00 -6.10000E-01 -2.27950E-05 -5.69346E-01
3.89999E+00 -6.05000E-01 -2.23305E-05 -5.64323E-01
3.99999E+00 -6.00001E-01 -2.18769E-05 -5.59333E-01
4.09999E+00 -5.95001E-01 -2.14348E-05 -5.54335E-01
4.19999E+00 -5.90001E-01 -2.10028E-05 -5.49336E-01
4.29999E+00 -5.85001E-01 -2.05824E-05 -5.44299E-01
4.39999E+00 -5.80001E-01 -2.01704E-05 -5.39296E-01
4.49999E+00 -5.75001E-01 -1.97672E-05 -5.34298E-01
4.59999E+00 -5.70001E-01 -1.93822E-05 -5.29308E-01
4.69999E+00 -5.65001E-01 -1.90029E-05 -5.24288E-01
4.79999E+00 -5.60001E-01 -1.86107E-05 -5.19295E-01
4.89999E+00 -5.55001E-01 -1.82437E-05 -5.14301E-01
4.99999E+00 -5.50001E-01 -1.78805E-05 -5.09292E-01
5.09999E+00 -5.45001E-01 -1.75238E-05 -5.04287E-01
5.19999E+00 -5.40001E-01 -1.71772E-05 -4.99284E-01
5.29999E+00 -5.35001E-01 -1.68343E-05 -4.94254E-01
5.39999E+00 -5.30001E-01 -1.65010E-05 -4.89278E-01
5.49999E+00 -5.25001E-01 -1.61701E-05 -4.84273E-01
5.59999E+00 -5.20001E-01 -1.58480E-05 -4.79253E-01
5.69999E+00 -5.15001E-01 -1.55287E-05 -4.74265E-01
5.79999E+00 -5.10001E-01 -1.52176E-05 -4.69238E-01
5.89999E+00 -5.05001E-01 -1.49081E-05 -4.64259E-01
5.99998E+00 -5.00001E-01 -1.46103E-05 -4.59253E-01
6.09998E+00 -4.95001E-01 -1.43103E-05 -4.54239E-01
6.19998E+00 -4.90001E-01 -1.40179E-05 -4.49246E-01
6.29998E+00 -4.85001E-01 -1.37305E-05 -4.44259E-01
6.39998E+00 -4.80001E-01 -1.34473E-05 -4.39259E-01
6.49998E+00 -4.75001E-01 -1.31686E-05 -4.34267E-01
6.59998E+00 -4.70001E-01 -1.28922E-05 -4.29243E-01
6.69998E+00 -4.65001E-01 -1.26197E-05 -4.24235E-01
6.79998E+00 -4.60001E-01 -1.23501E-05 -4.19242E-01
6.89998E+00 -4.55001E-01 -1.20864E-05 -4.14245E-01
6.99998E+00 -4.50001E-01 -1.18248E-05 -4.09261E-01
7.09998E+00 -4.45001E-01 -1.15682E-05 -4.04239E-01
7.19998E+00 -4.40001E-01 -1.13136E-05 -3.99250E-01
7.29998E+00 -4.35001E-01 -1.10607E-05 -3.94229E-01
7.39998E+00 -4.30001E-01 -1.08113E-05 -3.89218E-01
7.49998E+00 -4.25001E-01 -1.05673E-05 -3.84198E-01
7.59998E+00 -4.20001E-01 -1.03244E-05 -3.79222E-01
7.69998E+00 -4.15001E-01 -1.00857E-05 -3.74240E-01
7.79998E+00 -4.10001E-01 -9.84822E-06 -3.69215E-01
7.89998E+00 -4.05001E-01 -9.61543E-06 -3.64225E-01
7.99998E+00 -4.00001E-01 -9.38401E-06 -3.59229E-01
8.09998E+00 -3.95001E-01 -9.15594E-06 -3.54229E-01
8.19998E+00 -3.90001E-01 -8.92762E-06 -3.49209E-01
8.29998E+00 -3.85001E-01 -8.70365E-06 -3.44195E-01
8.39998E+00 -3.80001E-01 -8.48160E-06 -3.39217E-01
8.49998E+00 -3.75001E-01 -8.26088E-06 -3.34210E-01
8.59998E+00 -3.70001E-01 -8.04018E-06 -3.29216E-01
8.69998E+00 -3.65001E-01 -7.82296E-06 -3.24198E-01
8.79998E+00 -3.60001E-01 -7.60414E-06 -3.19201E-01
8.89998E+00 -3.55001E-01 -7.38842E-06 -3.14192E-01
8.99998E+00 -3.50001E-01 -7.17130E-06 -3.09181E-01
9.09998E+00 -3.45001E-01 -6.95637E-06 -3.04204E-01
9.19998E+00 -3.40001E-01 -6.74215E-06 -2.99187E-01
9.29998E+00 -3.35001E-01 -6.52858E-06 -2.94194E-01
9.39998E+00 -3.30001E-01 -6.31448E-06 -2.89179E-01
9.49998E+00 -3.25001E-01 -6.10213E-06 -2.84174E-01
9.59998E+00 -3.20001E-01 -5.88946E-06 -2.79161E-01
9.69998E+00 -3.15001E-01 -5.67766E-06 -2.74160E-01
9.79998E+00 -3.10001E-01 -5.46393E-06 -2.69161E-01
9.89998E+00 -3.05001E-01 -5.25093E-06 -2.64167E-01
9.99997E+00 -3.00001E-01 -5.03791E-06 -2.59153E-01
1.01000E+01 -2.95001E-01 -4.82671E-06 -2.54172E-01
1.02000E+01 -2.90001E-01 -4.61212E-06 -2.49156E-01
1.03000E+01 -2.85001E-01 -4.39824E-06 -2.44149E-01
1.04000E+01 -2.80001E-01 -4.18514E-06 -2.39154E-01
1.05000E+01 -2.75001E-01 -3.97057E-06 -2.34123E-01
1.06000E+01 -2.70001E-01 -3.75702E-06 -2.29141E-01
1.07000E+01 -2.65001E-01 -3.54142E-06 -2.24140E-01
1.08000E+01 -2.60001E-01 -3.36897E-06 -2.19148E-01
1.09000E+01 -2.55001E-01 -3.15566E-06 -2.14119E-01
1.10000E+01 -2.50001E-01 -2.94070E-06 -2.09120E-01
1.11000E+01 -2.45001E-01 -2.72690E-06 -2.04125E-01
1.12000E+01 -2.40001E-01 -2.51202E-06 -1.99129E-01
1.13000E+01 -2.35001E-01 -2.29853E-06 -1.94121E-01
1.14000E+01 -2.30001E-01 -2.08459E-06 -1.89108E-01
1.15000E+01 -2.25001E-01 -1.87072E-06 -1.84113E-01
1.16000E+01 -2.20001E-01 -1.65681E-06 -1.79119E-01
1.17000E+01 -2.15001E-01 -1.44330E-06 -1.74092E-01
1.18000E+01 -2.10001E-01 -1.23084E-06 -1.69098E-01
1.19000E+01 -2.05001E-01 -1.01808E-06 -1.64111E-01
1.20000E+01 -2.00002E-01 -8.06255E-07 -1.59127E-01
1.21000E+01 -1.95002E-01 -5.93664E-07 -1.54117E-01
1.22000E+01 -1.90002E-01 -3.81636E-07 -1.49110E-01
1.23000E+01 -1.85002E-01 -1.72616E-07 -1.44112E-01
1.24000E+01 -1.80002E-01 3.67037E-08  -1.39089E-01
1.25000E+01 -1.75002E-01 2.42449E-07  -1.34067E-01
1.26000E+01 -1.70002E-01 4.52248E-07  -1.29072E-01
1.27000E+01 -1.65002E-01 6.58540E-07  -1.24097E-01
1.28000E+01 -1.60002E-01 8.66688E-07  -1.19083E-01
1.29000E+01 -1.55002E-01 1.07315E-06  -1.14071E-01
1.30000E+01 -1.50002E-01 1.28249E-06  -1.09051E-01
1.31000E+01 -1.45002E-01 1.49169E-06  -1.04076E-01
1.32000E+01 -1.40002E-01 1.70468E-06  -9.90827E-02
1.33000E+01 -1.35002E-01 1.92261E-06  -9.40780E-02
1.34000E+01 -1.30002E-01 2.14398E-06  -8.90715E-02
1.35000E+01 -1.25002E-01 2.37231E-06  -8.40774E-02
1.36000E+01 -1.20002E-01 2.61130E-06  -7.90759E-02
1.37000E+01 -1.15002E-01 2.85929E-06  -7.40475E-02
1.38000E+01 -1.10002E-01 3.11978E-06  -6.90534E-02
1.39000E+01 -1.05002E-01 3.39541E-06  -6.40687E-02
1.40000E+01 -1.00002E-01 3.68572E-06  -5.90641E-02
1.41000E+01 -9.50018E-02 3.99452E-06  -5.40538E-02
1.42000E+01 -9.00018E-02 4.32469E-06  -4.90404E-02
1.43000E+01 -8.50018E-02 4.67690E-06  -4.40438E-02
1.44000E+01 -8.00018E-02 5.05294E-06  -3.90498E-02
1.45000E+01 -7.50018E-02 5.45141E-06  -3.40270E-02
1.46000E+01 -7.00018E-02 5.87941E-06  -2.90093E-02
1.47000E+01 -6.50018E-02 6.33509E-06  -2.40295E-02
1.48000E+01 -6.00019E-02 6.81966E-06  -1.90630E-02
1.49000E+01 -5.50019E-02 7.33904E-06  -1.40071E-02
1.50000E+01 -5.00019E-02 7.89375E-06  -9.01554E-03
1.51000E+01 -4.50019E-02 8.48467E-06  -3.99902E-03
1.52000E+01 -4.00019E-02 9.11371E-06  1.00251E-03 
1.53000E+01 -3.50019E-02 9.78457E-06  5.98283E-03 
1.54000E+01 -3.00019E-02 1.04977E-05  1.09987E-02 
1.55000E+01 -2.50019E-02 1.12563E-05  1.60196E-02 
1.56000E+01 -2.00020E-02 1.20640E-05  2.10043E-02 
1.57000E+01 -1.50020E-02 1.29214E-05  2.60015E-02 
1.58000E+01 -1.00020E-02 1.38274E-05  3.09700E-02 
1.59000E+01 -5.00199E-03 1.47869E-05  3.60065E-02 
1.60000E+01 -2.00000E-06 1.58034E-05  4.10342E-02 
1.61000E+01 4.99799E-03  1.68778E-05  4.60026E-02 
1.62000E+01 9.99797E-03  1.80048E-05  5.09999E-02 
1.63000E+01 1.49980E-02  1.91883E-05  5.60189E-02 
1.64000E+01 1.99979E-02  2.04323E-05  6.10154E-02 
1.65000E+01 2.49979E-02  2.17316E-05  6.60207E-02 
1.66000E+01 2.99979E-02  2.31401E-05  7.10011E-02 
1.67000E+01 3.49979E-02  2.45557E-05  7.60301E-02 
1.68000E+01 3.99979E-02  2.60242E-05  8.10372E-02 
1.69000E+01 4.49979E-02  2.75515E-05  8.60113E-02 
1.70000E+01 4.99979E-02  2.91303E-05  9.10191E-02 
1.71000E+01 5.49979E-02  3.07584E-05  9.60375E-02 
1.72000E+01 5.99978E-02  3.24352E-05  1.01048E-01 
1.73000E+01 6.49978E-02  3.41531E-05  1.06052E-01 
1.74000E+01 6.99978E-02  3.59095E-05  1.11020E-01 
1.75000E+01 7.49978E-02  3.77069E-05  1.16051E-01 
1.76000E+01 7.99978E-02  3.95303E-05  1.21038E-01 
1.77000E+01 8.49978E-02  4.13807E-05  1.26019E-01 
1.78000E+01 8.99978E-02  4.32431E-05  1.31041E-01 
1.79000E+01 9.49978E-02  4.51209E-05  1.36020E-01 
1.80000E+01 9.99977E-02  4.69898E-05  1.41054E-01 
1.81000E+01 1.04998E-01  4.88476E-05  1.46057E-01 
1.82000E+01 1.09998E-01  5.06789E-05  1.51049E-01 
1.83000E+01 1.14998E-01  5.24743E-05  1.56071E-01 
1.84000E+01 1.19998E-01  5.42367E-05  1.61093E-01 
1.85000E+01 1.24998E-01  5.59457E-05  1.66072E-01 
1.86000E+01 1.29998E-01  5.76175E-05  1.71087E-01 
1.87000E+01 1.34998E-01  5.92484E-05  1.76074E-01 
1.88000E+01 1.39998E-01  6.08592E-05  1.81093E-01 
1.89000E+01 1.44998E-01  6.24520E-05  1.86098E-01 
1.90000E+01 1.49998E-01  6.40401E-05  1.91085E-01 
1.91000E+01 1.54998E-01  6.56248E-05  1.96111E-01 
1.92000E+01 1.59998E-01  6.72291E-05  2.01115E-01 
1.93000E+01 1.64998E-01  6.88380E-05  2.06100E-01 
1.94000E+01 1.69998E-01  7.04644E-05  2.11111E-01 
1.95000E+01 1.74998E-01  7.21069E-05  2.16099E-01 
1.96000E+01 1.79998E-01  7.37697E-05  2.21121E-01 
1.97000E+01 1.84998E-01  7.54496E-05  2.26113E-01 
1.98000E+01 1.89998E-01  7.71202E-05  2.31091E-01 
1.99000E+01 1.94998E-01  7.87855E-05  2.36118E-01 
1.99999E+01 1.99997E-01  8.04272E-05  2.41127E-01 
2.00999E+01 2.04997E-01  8.20489E-05  2.46128E-01 
2.01999E+01 2.09997E-01  8.36171E-05  2.51129E-01 
2.02999E+01 2.14997E-01  8.51262E-05  2.56149E-01 
2.03999E+01 2.19997E-01  8.65332E-05  2.61137E-01 
2.04999E+01 2.24997E-01  8.78223E-05  2.66142E-01 
2.05999E+01 2.29997E-01  8.90246E-05  2.71138E-01 
2.06999E+01 2.34997E-01  9.00602E-05  2.76144E-01 
2.07999E+01 2.39997E-01  9.09551E-05  2.81163E-01 
2.08999E+01 2.44997E-01  9.17156E-05  2.86147E-01 
2.09999E+01 2.49997E-01  9.23935E-05  2.91130E-01 
2.10999E+01 2.54997E-01  9.29128E-05  2.96155E-01 
2.11999E+01 2.59997E-01  9.34150E-05  3.01163E-01 
2.12999E+01 2.64997E-01  9.40606E-05  3.06170E-01 
2.13999E+01 2.69997E-01  9.50448E-05  3.11164E-01 
2.14999E+01 2.74997E-01  9.61029E-05  3.16182E-01 
2.15999E+01 2.79997E-01  9.75399E-05  3.21185E-01 
2.16999E+01 2.84997E-01  9.94083E-05  3.26166E-01 
2.17999E+01 2.89997E-01  1.01520E-04  3.31170E-01 
2.18999E+01 2.94997E-01  1.03794E-04  3.36183E-01 
2.19999E+01 2.99997E-01  1.06161E-04  3.41186E-01 
2.20999E+01 3.04997E-01  1.08540E-04  3.46203E-01 
2.21999E+01 3.09997E-01  1.10487E-04  3.51205E-01 
2.22999E+01 3.14997E-01  1.11720E-04  3.56189E-01 
2.23999E+01 3.19997E-01  1.12097E-04  3.61191E-01 
2.24999E+01 3.24997E-01  1.11374E-04  3.66191E-01 
2.25999E+01 3.29997E-01  1.09304E-04  3.71184E-01 
2.26999E+01 3.34997E-01  1.05762E-04  3.76228E-01 
2.27999E+01 3.39997E-01  1.00777E-04  3.81210E-01 
2.28999E+01 3.44997E-01  9.48157E-05  3.86185E-01 
2.29999E+01 3.49997E-01  8.79841E-05  3.91204E-01 
2.30999E+01 3.54997E-01  8.04728E-05  3.96220E-01 
2.31999E+01 3.59997E-01  7.36111E-05  4.01192E-01 
2.32999E+01 3.64997E-01  6.73390E-05  4.06199E-01 
2.33999E+01 3.69997E-01  6.18135E-05  4.11206E-01 
2.34999E+01 3.74997E-01  5.70192E-05  4.16243E-01 
2.35999E+01 3.79997E-01  5.31252E-05  4.21208E-01 
2.36999E+01 3.84997E-01  5.03477E-05  4.26233E-01 
2.37999E+01 3.89997E-01  4.83993E-05  4.31207E-01 
2.38999E+01 3.94997E-01  4.72497E-05  4.36240E-01 
2.39999E+01 3.99997E-01  4.64768E-05  4.41219E-01 
2.40999E+01 4.04997E-01  4.60412E-05  4.46239E-01 
2.41999E+01 4.09997E-01  4.58029E-05  4.51241E-01 
2.42999E+01 4.14997E-01  4.57559E-05  4.56257E-01 
2.43999E+01 4.19997E-01  4.58727E-05  4.61241E-01 
2.44999E+01 4.24997E-01  4.60705E-05  4.66267E-01 
2.45999E+01 4.29997E-01  4.63984E-05  4.71261E-01 
2.46999E+01 4.34997E-01  4.67792E-05  4.76277E-01 
2.47999E+01 4.39997E-01  4.72263E-05  4.81253E-01 
2.48999E+01 4.44997E-01  4.77234E-05  4.86287E-01 
2.49999E+01 4.49997E-01  4.82750E-05  4.91286E-01 
2.50999E+01 4.54997E-01  4.88378E-05  4.96277E-01 
2.51999E+01 4.59997E-01  4.94318E-05  5.01272E-01 
2.52999E+01 4.64997E-01  5.00618E-05  5.06295E-01 
2.53999E+01 4.69997E-01  5.06980E-05  5.11295E-01 
2.54999E+01 4.74997E-01  5.13535E-05  5.16288E-01 
2.55999E+01 4.79997E-01  5.20147E-05  5.21282E-01 
2.56999E+01 4.84997E-01  5.26815E-05  5.26312E-01 
2.57999E+01 4.89997E-01  5.33392E-05  5.31312E-01 
2.58999E+01 4.94997E-01  5.39748E-05  5.36305E-01 
2.59999E+01 4.99997E-01  5.45985E-05  5.41313E-01 
2.60999E+01 5.04997E-01  5.52113E-05  5.46307E-01 
2.61999E+01 5.09997E-01  5.57978E-05  5.51324E-01 
2.62999E+01 5.14997E-01  5.63606E-05  5.56311E-01 
2.63999E+01 5.19997E-01  5.69030E-05  5.61292E-01 
2.64999E+01 5.24997E-01  5.73808E-05  5.66318E-01 
2.65999E+01 5.29997E-01  5.78264E-05  5.71331E-01 
2.66999E+01 5.34997E-01  5.82177E-05  5.76345E-01 
2.67999E+01 5.39997E-01  5.85531E-05  5.81322E-01 
2.68999E+01 5.44997E-01  5.88393E-05  5.86321E-01 
2.69999E+01 5.49997E-01  5.90792E-05  5.91336E-01 
2.70999E+01 5.54997E-01  5.92618E-05  5.96341E-01 
2.71999E+01 5.59997E-01  5.93731E-05  6.01338E-01 
2.72999E+01 5.64997E-01  5.94220E-05  6.06325E-01 
2.73999E+01 5.69997E-01  5.94052E-05  6.11336E-01 
2.74999E+01 5.74997E-01  5.93154E-05  6.16348E-01 
2.75999E+01 5.79997E-01  5.91507E-05  6.21344E-01 
2.76999E+01 5.84997E-01  5.89126E-05  6.26363E-01 
2.77999E+01 5.89997E-01  5.86107E-05  6.31353E-01 
2.78999E+01 5.94997E-01  5.82271E-05  6.36378E-01 
2.79999E+01 5.99996E-01  5.77769E-05  6.41379E-01 
2.80999E+01 6.04996E-01  5.72546E-05  6.46380E-01 
2.81999E+01 6.09996E-01  5.66601E-05  6.51367E-01 
2.82999E+01 6.14996E-01  5.60008E-05  6.56363E-01 
2.83999E+01 6.19996E-01  5.52802E-05  6.61372E-01 
2.84999E+01 6.24996E-01  5.44999E-05  6.66373E-01 
2.85999E+01 6.29996E-01  5.36657E-05  6.71361E-01 
2.86999E+01 6.34996E-01  5.27898E-05  6.76370E-01 
2.87999E+01 6.39996E-01  5.18803E-05  6.81367E-01 
2.88999E+01 6.44996E-01  5.09486E-05  6.86363E-01 
2.89999E+01 6.49996E-01  5.00066E-05  6.91351E-01 
2.90999E+01 6.54996E-01  4.90589E-05  6.96381E-01 
2.91999E+01 6.59996E-01  4.81187E-05  7.01382E-01 
2.92999E+01 6.64996E-01  4.71905E-05  7.06376E-01 
2.93999E+01 6.69996E-01  4.62777E-05  7.11379E-01 
2.94999E+01 6.74996E-01  4.53791E-05  7.16388E-01 
2.95999E+01 6.79996E-01  4.44962E-05  7.21394E-01 
2.96999E+01 6.84996E-01  4.36317E-05  7.26382E-01 
2.97999E+01 6.89996E-01  4.27926E-05  7.31392E-01 
2.98999E+01 6.94996E-01  4.19904E-05  7.36416E-01 
2.99999E+01 6.99996E-01  4.12298E-05  7.41403E-01 
3.00999E+01 7.04996E-01  4.05310E-05  7.46399E-01 
3.01999E+01 7.09996E-01  3.98885E-05  7.51402E-01 
3.02999E+01 7.14996E-01  3.93272E-05  7.56391E-01 
3.03999E+01 7.19996E-01  3.88525E-05  7.61406E-01 
3.04999E+01 7.24996E-01  3.84607E-05  7.66420E-01 
3.05999E+01 7.29996E-01  3.81483E-05  7.71411E-01 
3.06999E+01 7.34996E-01  3.79100E-05  7.76410E-01 
3.07999E+01 7.39996E-01  3.77099E-05  7.81446E-01 
3.08999E+01 7.44996E-01  3.75633E-05  7.86450E-01 
3.09999E+01 7.49996E-01  3.74561E-05  7.91446E-01 
3.10999E+01 7.54996E-01  3.73816E-05  7.96459E-01 
3.11999E+01 7.59996E-01  3.73276E-05  8.01460E-01 
3.12999E+01 7.64996E-01  3.73185E-05  8.06458E-01 
3.13999E+01 7.69996E-01  3.72674E-05  8.11471E-01 
3.14999E+01 7.74996E-01  3.72537E-05  8.16483E-01 
3.15999E+01 7.79996E-01  3.72557E-05  8.21487E-01 
3.16999E+01 7.84996E-01  3.72564E-05  8.26473E-01 
3.17999E+01 7.89996E-01  3.72676E-05  8.31500E-01 
3.18999E+01 7.94996E-01  3.72860E-05  8.36510E-01 
3.19999E+01 7.99996E-01  3.73089E-05  8.41488E-01 
3.20999E+01 8.04996E-01  3.73309E-05  8.46481E-01 
3.21999E+01 8.09996E-01  3.73592E-05  8.51478E-01 
3.22999E+01 8.14996E-01  3.74093E-05  8.56502E-01 
3.23999E+01 8.19996E-01  3.74709E-05  8.61481E-01 
3.24999E+01 8.24996E-01  3.75373E-05  8.66489E-01 
3.25999E+01 8.29996E-01  3.76103E-05  8.71489E-01 
3.26999E+01 8.34996E-01  3.76882E-05  8.76499E-01 
3.27999E+01 8.39996E-01  3.77740E-05  8.81483E-01 
3.28999E+01 8.44996E-01  3.78648E-05  8.86488E-01 
3.29999E+01 8.49996E-01  3.79585E-05  8.91502E-01 
3.30999E+01 8.54996E-01  3.80585E-05  8.96499E-01 
3.31999E+01 8.59996E-01  3.81534E-05  9.01514E-01 
3.32999E+01 8.64996E-01  3.82375E-05  9.06516E-01 
3.33999E+01 8.69996E-01  3.83145E-05  9.11505E-01 
3.34999E+01 8.74996E-01  3.83909E-05  9.16529E-01 
3.35999E+01 8.79996E-01  3.84564E-05  9.21511E-01 
3.36999E+01 8.84996E-01  3.85179E-05  9.26527E-01 
3.37999E+01 8.89996E-01  3.85736E-05  9.31525E-01 
3.38999E+01 8.94996E-01  3.86255E-05  9.36535E-01 
3.39999E+01 8.99996E-01  3.86748E-05  9.41533E-01 
3.40999E+01 9.04996E-01  3.87129E-05  9.46545E-01 
3.41999E+01 9.09996E-01  3.87836E-05  9.51529E-01 
3.42999E+01 9.14996E-01  3.87421E-05  9.56538E-01 
3.43999E+01 9.19996E-01  3.87300E-05  9.61530E-01 
3.44999E+01 9.24996E-01  3.87075E-05  9.66542E-01 
3.45999E+01 9.29996E-01  3.86653E-05  9.71568E-01 
3.46999E+01 9.34996E-01  3.86084E-05  9.76553E-01 
3.47999E+01 9.39996E-01  3.85591E-05  9.81517E-01 
3.48999E+01 9.44996E-01  3.85224E-05  9.86548E-01 
3.49999E+01 9.49996E-01  3.85215E-05  9.91547E-01 
3.50999E+01 9.54996E-01  3.85088E-05  9.96552E-01 
3.51999E+01 9.59996E-01  3.85362E-05  1.00153E+00 
3.52999E+01 9.64996E-01  3.85880E-05  1.00655E+00 
3.53999E+01 9.69996E-01  3.86652E-05  1.01156E+00 
3.54999E+01 9.74996E-01  3.87411E-05  1.01655E+00 
3.55999E+01 9.79996E-01  3.88291E-05  1.02155E+00 
3.56999E+01 9.84996E-01  3.89283E-05  1.02656E+00 
3.57999E+01 9.89996E-01  3.90300E-05  1.03158E+00 
3.58999E+01 9.94996E-01  3.91348E-05  1.03654E+00 
3.59999E+01 9.99995E-01  3.92408E-05  1.04155E+00 
3.60999E+01 1.00500E+00  3.93529E-05  1.04657E+00 
3.61999E+01 1.01000E+00  3.94538E-05  1.05158E+00 
3.62999E+01 1.01500E+00  3.95556E-05  1.05657E+00 
3.63999E+01 1.02000E+00  3.96401E-05  1.06157E+00 
3.64999E+01 1.02500E+00  3.97264E-05  1.06656E+00 
3.65999E+01 1.03000E+00  3.97995E-05  1.07158E+00 
3.66999E+01 1.03500E+00  3.98747E-05  1.07658E+00 
3.67999E+01 1.04000E+00  3.99588E-05  1.08159E+00 
3.68999E+01 1.04500E+00  4.00358E-05  1.08657E+00 
3.69999E+01 1.05000E+00  4.01115E-05  1.09159E+00 
3.70999E+01 1.05500E+00  4.01892E-05  1.09660E+00 
3.71999E+01 1.06000E+00  4.02861E-05  1.10159E+00 
3.72999E+01 1.06500E+00  4.03995E-05  1.10663E+00 
3.73999E+01 1.07000E+00  4.05361E-05  1.11162E+00 
3.74999E+01 1.07500E+00  4.06881E-05  1.11663E+00 
3.75999E+01 1.08000E+00  4.08325E-05  1.12164E+00 
3.76999E+01 1.08500E+00  4.09836E-05  1.12666E+00 
3.77999E+01 1.09000E+00  4.11266E-05  1.13165E+00 
3.78999E+01 1.09500E+00  4.12576E-05  1.13667E+00 
3.79999E+01 1.10000E+00  4.14404E-05  1.14165E+00 
3.80999E+01 1.10500E+00  4.16185E-05  1.14665E+00 
3.81999E+01 1.11000E+00  4.18310E-05  1.15167E+00 
3.82999E+01 1.11500E+00  4.20839E-05  1.15666E+00 
3.83999E+01 1.12000E+00  4.23533E-05  1.16167E+00 
3.84999E+01 1.12500E+00  4.25931E-05  1.16668E+00 
3.85999E+01 1.13000E+00  4.28433E-05  1.17170E+00 
3.86999E+01 1.13500E+00  4.30909E-05  1.17669E+00 
3.87999E+01 1.14000E+00  4.33648E-05  1.18167E+00 
3.88999E+01 1.14500E+00  4.36976E-05  1.18669E+00 
3.89999E+01 1.15000E+00  4.40167E-05  1.19169E+00 
3.90999E+01 1.15500E+00  4.43531E-05  1.19667E+00 
3.91999E+01 1.16000E+00  4.46765E-05  1.20168E+00 
3.92999E+01 1.16500E+00  4.50115E-05  1.20667E+00 
3.93999E+01 1.17000E+00  4.53801E-05  1.21170E+00 
3.94999E+01 1.17500E+00  4.57584E-05  1.21670E+00 
3.95999E+01 1.18000E+00  4.61557E-05  1.22170E+00 
3.96999E+01 1.18500E+00  4.66158E-05  1.22670E+00 
3.97999E+01 1.19000E+00  4.69683E-05  1.23170E+00 
3.98999E+01 1.19500E+00  4.73520E-05  1.23669E+00 
3.99999E+01 1.19999E+00  4.77746E-05  1.24168E+00 
4.00999E+01 1.20499E+00  4.81824E-05  1.24669E+00 
4.01999E+01 1.20999E+00  4.85891E-05  1.25171E+00 
4.02999E+01 1.21499E+00  4.90436E-05  1.25671E+00 
4.03999E+01 1.21999E+00  4.94863E-05  1.26169E+00 
4.04999E+01 1.22499E+00  4.99773E-05  1.26672E+00 
4.05999E+01 1.22999E+00  5.04704E-05  1.27172E+00 
4.06999E+01 1.23499E+00  5.09887E-05  1.27673E+00 
4.07999E+01 1.23999E+00  5.15449E-05  1.28173E+00 
4.08999E+01 1.24499E+00  5.20017E-05  1.28672E+00 
4.09999E+01 1.24999E+00  5.25272E-05  1.29173E+00 
4.10999E+01 1.25499E+00  5.30813E-05  1.29674E+00 
4.11999E+01 1.25999E+00  5.37093E-05  1.30173E+00 
4.12999E+01 1.26499E+00  5.43673E-05  1.30672E+00 
4.13999E+01 1.26999E+00  5.48035E-05  1.31173E+00 
4.14999E+01 1.27499E+00  5.53609E-05  1.31674E+00 
4.15999E+01 1.27999E+00  5.58743E-05  1.32173E+00 
4.16999E+01 1.28499E+00  5.65715E-05  1.32674E+00 
4.17999E+01 1.28999E+00  5.73216E-05  1.33174E+00 
4.18999E+01 1.29499E+00  5.81591E-05  1.33677E+00 
4.19999E+01 1.29999E+00  5.88172E-05  1.34173E+00 
4.20999E+01 1.30499E+00  5.96284E-05  1.34673E+00 
4.21999E+01 1.30999E+00  6.06228E-05  1.35173E+00 
4.22999E+01 1.31499E+00  6.13010E-05  1.35675E+00 
4.23999E+01 1.31999E+00  6.22841E-05  1.36174E+00 
4.24999E+01 1.32499E+00  6.33836E-05  1.36675E+00 
4.25999E+01 1.32999E+00  6.45195E-05  1.37177E+00 
4.26999E+01 1.33499E+00  6.56082E-05  1.37678E+00 
4.27999E+01 1.33999E+00  6.68736E-05  1.38176E+00 
4.28999E+01 1.34499E+00  6.79352E-05  1.38675E+00 
4.29999E+01 1.34999E+00  6.91897E-05  1.39177E+00 
4.30999E+01 1.35499E+00  7.06591E-05  1.39679E+00 
4.31999E+01 1.35999E+00  7.22811E-05  1.40178E+00 
4.32999E+01 1.36499E+00  7.37219E-05  1.40677E+00 
4.33999E+01 1.36999E+00  7.53032E-05  1.41179E+00 
4.34999E+01 1.37499E+00  7.69047E-05  1.41679E+00 
4.35999E+01 1.37999E+00  7.84697E-05  1.42179E+00 
4.36999E+01 1.38499E+00  8.02565E-05  1.42681E+00 
4.37999E+01 1.38999E+00  8.21896E-05  1.43180E+00 
4.38999E+01 1.39499E+00  8.40287E-05  1.43682E+00 
4.39999E+01 1.39999E+00  8.59082E-05  1.44181E+00 
4.40999E+01 1.40499E+00  8.79353E-05  1.44683E+00 
4.41999E+01 1.40999E+00  8.98526E-05  1.45186E+00 
4.42999E+01 1.41499E+00  9.19805E-05  1.45683E+00 
4.43999E+01 1.41999E+00  9.42198E-05  1.46183E+00 
4.44999E+01 1.42499E+00  9.64714E-05  1.46683E+00 
4.45999E+01 1.42999E+00  9.86982E-05  1.47185E+00 
4.46999E+01 1.43499E+00  1.01040E-04  1.47684E+00 
4.47999E+01 1.43999E+00  1.03402E-04  1.48182E+00 
4.48999E+01 1.44499E+00  1.05916E-04  1.48683E+00 
4.49999E+01 1.44999E+00  1.08521E-04  1.49184E+00 
4.50999E+01 1.45499E+00  1.11162E-04  1.49685E+00 
4.51999E+01 1.45999E+00  1.13860E-04  1.50184E+00 
4.52999E+01 1.46499E+00  1.16631E-04  1.50685E+00 
4.53999E+01 1.46999E+00  1.19434E-04  1.51185E+00 
4.54999E+01 1.47499E+00  1.22322E-04  1.51686E+00 
4.55999E+01 1.47999E+00  1.25293E-04  1.52185E+00 
4.56999E+01 1.48499E+00  1.28316E-04  1.52686E+00 
4.57999E+01 1.48999E+00  1.31383E-04  1.53184E+00 
4.58999E+01 1.49499E+00  1.34505E-04  1.53687E+00 
4.59999E+01 1.49999E+00  1.37656E-04  1.54186E+00 
4.60999E+01 1.50499E+00  1.40867E-04  1.54685E+00 
4.61999E+01 1.50999E+00  1.44109E-04  1.55185E+00 
4.62999E+01 1.51499E+00  1.47380E-04  1.55687E+00 
4.63999E+01 1.51999E+00  1.50715E-04  1.56188E+00 
4.64999E+01 1.52499E+00  1.54034E-04  1.56687E+00 
4.65999E+01 1.52999E+00  1.57385E-04  1.57189E+00 
4.66999E+01 1.53499E+00  1.60756E-04  1.57689E+00 
4.67999E+01 1.53999E+00  1.64145E-04  1.58188E+00 
4.68999E+01 1.54499E+00  1.67558E-04  1.58688E+00 
4.69999E+01 1.54999E+00  1.71007E-04  1.59189E+00 
4.70999E+01 1.55499E+00  1.74449E-04  1.59689E+00 
4.71999E+01 1.55999E+00  1.77924E-04  1.60189E+00 
4.72999E+01 1.56499E+00  1.81426E-04  1.60692E+00 
4.73999E+01 1.56999E+00  1.84902E-04  1.61190E+00 
4.74999E+01 1.57499E+00  1.88411E-04  1.61689E+00 
4.75999E+01 1.57999E+00  1.92087E-04  1.62190E+00 
4.76999E+01 1.58499E+00  1.95451E-04  1.62693E+00 
4.77999E+01 1.58999E+00  1.99004E-04  1.63192E+00 
4.78999E+01 1.59499E+00  2.02558E-04  1.63693E+00 
4.79999E+01 1.59999E+00  2.06161E-04  1.64191E+00 
4.80999E+01 1.60499E+00  2.09756E-04  1.64694E+00 
4.81999E+01 1.60999E+00  2.13798E-04  1.65196E+00 
4.82999E+01 1.61499E+00  2.17395E-04  1.65696E+00 
4.83999E+01 1.61999E+00  2.21011E-04  1.66194E+00 
4.84999E+01 1.62499E+00  2.24614E-04  1.66695E+00 
4.85999E+01 1.62999E+00  2.28246E-04  1.67196E+00 
4.86999E+01 1.63499E+00  2.31870E-04  1.67696E+00 
4.87999E+01 1.63999E+00  2.35508E-04  1.68194E+00 
4.88999E+01 1.64499E+00  2.39119E-04  1.68694E+00 
4.89999E+01 1.64999E+00  2.42794E-04  1.69197E+00 
4.90999E+01 1.65499E+00  2.46448E-04  1.69696E+00 
4.91999E+01 1.65999E+00  2.50130E-04  1.70195E+00 
4.92999E+01 1.66499E+00  2.53751E-04  1.70698E+00 
4.93999E+01 1.66999E+00  2.57463E-04  1.71196E+00 
4.94999E+01 1.67499E+00  2.61048E-04  1.71697E+00 
4.95999E+01 1.67999E+00  2.64663E-04  1.72196E+00 
4.96999E+01 1.68499E+00  2.68371E-04  1.72696E+00 
4.97999E+01 1.68999E+00  2.72007E-04  1.73198E+00 
4.98999E+01 1.69499E+00  2.75610E-04  1.73696E+00 
4.99999E+01 1.69999E+00  2.79171E-04  1.74195E+00 
5.00999E+01 1.70499E+00  2.82736E-04  1.74698E+00 
5.01999E+01 1.70999E+00  2.86279E-04  1.75198E+00 
5.02999E+01 1.71499E+00  2.89827E-04  1.75700E+00 
5.03999E+01 1.71999E+00  2.93342E-04  1.76200E+00 
5.04999E+01 1.72499E+00  2.96868E-04  1.76703E+00 
5.05999E+01 1.72999E+00  3.00393E-04  1.77200E+00 
5.06999E+01 1.73499E+00  3.03898E-04  1.77701E+00 
5.07999E+01 1.73999E+00  3.07357E-04  1.78202E+00 
5.08999E+01 1.74499E+00  3.10784E-04  1.78704E+00 
5.09999E+01 1.74999E+00  3.14164E-04  1.79204E+00 
5.10999E+01 1.75499E+00  3.17563E-04  1.79702E+00 
5.11999E+01 1.75999E+00  3.20915E-04  1.80202E+00 
5.12999E+01 1.76499E+00  3.24223E-04  1.80707E+00 
5.13999E+01 1.76999E+00  3.27711E-04  1.81204E+00 
5.14999E+01 1.77499E+00  3.30668E-04  1.81704E+00 
5.15999E+01 1.77999E+00  3.33859E-04  1.82204E+00 
5.16999E+01 1.78499E+00  3.37014E-04  1.82707E+00 
5.17999E+01 1.78999E+00  3.40143E-04  1.83206E+00 
5.18999E+01 1.79499E+00  3.43215E-04  1.83706E+00 
5.19999E+01 1.79999E+00  3.46242E-04  1.84205E+00 
5.20999E+01 1.79499E+00  3.39347E-04  1.83704E+00 
5.21999E+01 1.78999E+00  3.32670E-04  1.83205E+00 
5.22999E+01 1.78499E+00  3.26218E-04  1.82704E+00 
5.23999E+01 1.77999E+00  3.19909E-04  1.82203E+00 
5.24999E+01 1.77499E+00  3.13781E-04  1.81703E+00 
5.25999E+01 1.76999E+00  3.07743E-04  1.81203E+00 
5.26999E+01 1.76499E+00  3.01839E-04  1.80705E+00 
5.27999E+01 1.75999E+00  2.95971E-04  1.80203E+00 
5.28999E+01 1.75499E+00  2.90243E-04  1.79703E+00 
5.29999E+01 1.74999E+00  2.84510E-04  1.79204E+00 
5.30999E+01 1.74499E+00  2.78934E-04  1.78703E+00 
5.31999E+01 1.73999E+00  2.73477E-04  1.78203E+00 
5.32999E+01 1.73499E+00  2.68027E-04  1.77702E+00 
5.33999E+01 1.72999E+00  2.62732E-04  1.77200E+00 
5.34999E+01 1.72499E+00  2.57450E-04  1.76703E+00 
5.35999E+01 1.71999E+00  2.52248E-04  1.76202E+00 
5.36999E+01 1.71499E+00  2.47165E-04  1.75700E+00 
5.37999E+01 1.70999E+00  2.42148E-04  1.75199E+00 
5.38999E+01 1.70499E+00  2.37176E-04  1.74700E+00 
5.39999E+01 1.69999E+00  2.32245E-04  1.74198E+00 
5.40999E+01 1.69499E+00  2.27452E-04  1.73700E+00 
5.41999E+01 1.68999E+00  2.22663E-04  1.73200E+00 
5.42999E+01 1.68499E+00  2.17993E-04  1.72700E+00 
5.43999E+01 1.67999E+00  2.13402E-04  1.72195E+00 
5.44999E+01 1.67499E+00  2.08817E-04  1.71697E+00 
5.45999E+01 1.66999E+00  2.04338E-04  1.71199E+00 
5.46999E+01 1.66499E+00  1.99890E-04  1.70697E+00 
5.47999E+01 1.65999E+00  1.95539E-04  1.70197E+00 
5.48999E+01 1.65499E+00  1.91270E-04  1.69696E+00 
5.49999E+01 1.64999E+00  1.87039E-04  1.69196E+00 
5.50999E+01 1.64499E+00  1.82906E-04  1.68697E+00 
5.51999E+01 1.63999E+00  1.78810E-04  1.68194E+00 
5.52999E+01 1.63499E+00  1.74760E-04  1.67696E+00 
5.53999E+01 1.62999E+00  1.70755E-04  1.67195E+00 
5.54999E+01 1.62499E+00  1.66838E-04  1.66695E+00 
5.55999E+01 1.61999E+00  1.62985E-04  1.66195E+00 
5.56999E+01 1.61499E+00  1.59064E-04  1.65693E+00 
5.57999E+01 1.60999E+00  1.55258E-04  1.65194E+00 
5.58999E+01 1.60499E+00  1.51788E-04  1.64693E+00 
5.59999E+01 1.59999E+00  1.47964E-04  1.64193E+00 
5.60999E+01 1.59499E+00  1.44329E-04  1.63692E+00 
5.61999E+01 1.58999E+00  1.40788E-04  1.63193E+00 
5.62999E+01 1.58499E+00  1.37279E-04  1.62692E+00 
5.63999E+01 1.57999E+00  1.33803E-04  1.62192E+00 
5.64999E+01 1.57499E+00  1.30367E-04  1.61689E+00 
5.65999E+01 1.56999E+00  1.27013E-04  1.61194E+00 
5.66999E+01 1.56499E+00  1.23781E-04  1.60693E+00 
5.67999E+01 1.55999E+00  1.20581E-04  1.60190E+00 
5.68999E+01 1.55499E+00  1.17275E-04  1.59690E+00 
5.69999E+01 1.54999E+00  1.14107E-04  1.59188E+00 
5.70999E+01 1.54499E+00  1.10999E-04  1.58690E+00 
5.71999E+01 1.53999E+00  1.07964E-04  1.58190E+00 
5.72999E+01 1.53499E+00  1.04941E-04  1.57690E+00 
5.73999E+01 1.52999E+00  1.01869E-04  1.57190E+00 
5.74999E+01 1.52499E+00  9.89271E-05  1.56687E+00 
5.75999E+01 1.51999E+00  9.60225E-05  1.56188E+00 
5.76999E+01 1.51499E+00  9.31743E-05  1.55688E+00 
5.77999E+01 1.50999E+00  9.03823E-05  1.55188E+00 
5.78999E+01 1.50499E+00  8.76696E-05  1.54686E+00 
5.79999E+01 1.49999E+00  8.49556E-05  1.54186E+00 
5.80999E+01 1.49499E+00  8.23480E-05  1.53688E+00 
5.81999E+01 1.48999E+00  7.97677E-05  1.53187E+00 
5.82999E+01 1.48499E+00  7.74795E-05  1.52685E+00 
5.83999E+01 1.47999E+00  7.48672E-05  1.52186E+00 
5.84999E+01 1.47499E+00  7.24278E-05  1.51687E+00 
5.85999E+01 1.46999E+00  7.00246E-05  1.51184E+00 
5.86999E+01 1.46499E+00  6.76809E-05  1.50685E+00 
5.87999E+01 1.45999E+00  6.53949E-05  1.50186E+00 
5.88999E+01 1.45499E+00  6.31372E-05  1.49685E+00 
5.89999E+01 1.44999E+00  6.09154E-05  1.49183E+00 
5.90999E+01 1.44499E+00  5.87816E-05  1.48684E+00 
5.91999E+01 1.43999E+00  5.67462E-05  1.48182E+00 
5.92999E+01 1.43499E+00  5.48105E-05  1.47684E+00 
5.93999E+01 1.42999E+00  5.29576E-05  1.47183E+00 
5.94999E+01 1.42499E+00  5.11561E-05  1.46684E+00 
5.95999E+01 1.41999E+00  4.92476E-05  1.46184E+00 
5.96999E+01 1.41499E+00  4.73467E-05  1.45684E+00 
5.97999E+01 1.40999E+00  4.55282E-05  1.45184E+00 
5.98999E+01 1.40499E+00  4.38097E-05  1.44684E+00 
5.99998E+01 1.39999E+00  4.20224E-05  1.44181E+00 
6.00998E+01 1.39499E+00  4.03915E-05  1.43683E+00 
6.01998E+01 1.38999E+00  3.87714E-05  1.43181E+00 
6.02998E+01 1.38499E+00  3.72520E-05  1.42680E+00 
6.03998E+01 1.37999E+00  3.57776E-05  1.42178E+00 
6.04998E+01 1.37499E+00  3.39256E-05  1.41678E+00 
6.05998E+01 1.36999E+00  3.25375E-05  1.41177E+00 
6.06998E+01 1.36499E+00  3.11917E-05  1.40677E+00 
6.07998E+01 1.35999E+00  2.99050E-05  1.40177E+00 
6.08998E+01 1.35499E+00  2.86661E-05  1.39677E+00 
6.09998E+01 1.34999E+00  2.74825E-05  1.39175E+00 
6.10998E+01 1.34499E+00  2.63352E-05  1.38675E+00 
6.11998E+01 1.33999E+00  2.52364E-05  1.38174E+00 
6.12998E+01 1.33499E+00  2.41771E-05  1.37675E+00 
6.13998E+01 1.32999E+00  2.31401E-05  1.37176E+00 
6.14998E+01 1.32499E+00  2.21545E-05  1.36674E+00 
6.15998E+01 1.31999E+00  2.12213E-05  1.36175E+00 
6.16998E+01 1.31499E+00  2.03282E-05  1.35673E+00 
6.17998E+01 1.30999E+00  1.94643E-05  1.35175E+00 
6.18998E+01 1.30499E+00  1.86398E-05  1.34673E+00 
6.19998E+01 1.29999E+00  1.78827E-05  1.34174E+00 
6.20998E+01 1.29499E+00  1.71126E-05  1.33676E+00 
6.21998E+01 1.28999E+00  1.64126E-05  1.33173E+00 
6.22998E+01 1.28499E+00  1.57291E-05  1.32672E+00 
6.23998E+01 1.27999E+00  1.50928E-05  1.32173E+00 
6.24998E+01 1.27499E+00  1.44973E-05  1.31675E+00 
6.25998E+01 1.26999E+00  1.39154E-05  1.31172E+00 
6.26998E+01 1.26499E+00  1.33640E-05  1.30671E+00 
6.27998E+01 1.25999E+00  1.28430E-05  1.30172E+00 
6.28998E+01 1.25499E+00  1.23443E-05  1.29672E+00 
6.29998E+01 1.24999E+00  1.34307E-05  1.29173E+00 
6.30998E+01 1.24499E+00  1.18258E-05  1.28673E+00 
6.31998E+01 1.23999E+00  1.11194E-05  1.28171E+00 
6.32998E+01 1.23499E+00  1.06457E-05  1.27673E+00 
6.33998E+01 1.22999E+00  1.02354E-05  1.27172E+00 
6.34998E+01 1.22499E+00  9.86465E-06  1.26669E+00 
6.35998E+01 1.21999E+00  9.50879E-06  1.26169E+00 
6.36998E+01 1.21499E+00  9.19134E-06  1.25670E+00 
6.37998E+01 1.20999E+00  8.88174E-06  1.25171E+00 
6.38998E+01 1.20499E+00  8.59946E-06  1.24669E+00 
6.39998E+01 1.19999E+00  8.33642E-06  1.24168E+00 
6.40998E+01 1.19500E+00  8.07231E-06  1.23670E+00 
6.41998E+01 1.19000E+00  7.80970E-06  1.23168E+00 
6.42998E+01 1.18500E+00  7.57750E-06  1.22670E+00 
6.43998E+01 1.18000E+00  7.37098E-06  1.22167E+00 
6.44998E+01 1.17500E+00  7.28977E-06  1.21669E+00 
6.45998E+01 1.17000E+00  7.01676E-06  1.21169E+00 
6.46998E+01 1.16500E+00  6.81899E-06  1.20668E+00 
6.47998E+01 1.16000E+00  6.64066E-06  1.20167E+00 
6.48998E+01 1.15500E+00  6.49992E-06  1.19668E+00 
6.49998E+01 1.15000E+00  6.35615E-06  1.19168E+00 
6.50998E+01 1.14500E+00  6.43136E-06  1.18667E+00 
6.51998E+01 1.14000E+00  6.12363E-06  1.18165E+00 
6.52998E+01 1.13500E+00  5.94335E-06  1.17667E+00 
6.53998E+01 1.13000E+00  5.80618E-06  1.17169E+00 
6.54998E+01 1.12500E+00  5.67894E-06  1.16669E+00 
6.55998E+01 1.12000E+00  5.55262E-06  1.16168E+00 
6.56998E+01 1.11500E+00  5.43990E-06  1.15665E+00 
6.57998E+01 1.11000E+00  5.33617E-06  1.15165E+00 
6.58998E+01 1.10500E+00  5.23805E-06  1.14668E+00 
6.59998E+01 1.10000E+00  5.14435E-06  1.14165E+00 
6.60998E+01 1.09500E+00  5.04997E-06  1.13666E+00 
6.61998E+01 1.09000E+00  4.96161E-06  1.13164E+00 
6.62998E+01 1.08500E+00  4.87631E-06  1.12665E+00 
6.63998E+01 1.08000E+00  4.79563E-06  1.12162E+00 
6.64998E+01 1.07500E+00  4.71757E-06  1.11663E+00 
6.65998E+01 1.07000E+00  4.63632E-06  1.11163E+00 
6.66998E+01 1.06500E+00  4.56916E-06  1.10662E+00 
6.67998E+01 1.06000E+00  4.49720E-06  1.10160E+00 
6.68998E+01 1.05500E+00  4.43074E-06  1.09661E+00 
6.69998E+01 1.05000E+00  4.37348E-06  1.09161E+00 
6.70998E+01 1.04500E+00  4.35564E-06  1.08661E+00 
6.71998E+01 1.04000E+00  4.27046E-06  1.08160E+00 
6.72998E+01 1.03500E+00  4.17960E-06  1.07657E+00 
6.73998E+01 1.03000E+00  4.11554E-06  1.07160E+00 
6.74998E+01 1.02500E+00  4.07065E-06  1.06658E+00 
6.75998E+01 1.02000E+00  4.01174E-06  1.06157E+00 
6.76998E+01 1.01500E+00  3.94116E-06  1.05658E+00 
6.77998E+01 1.01000E+00  3.81840E-06  1.05159E+00 
6.78998E+01 1.00500E+00  3.76221E-06  1.04656E+00 
6.79998E+01 9.99995E-01  3.72601E-06  1.04155E+00 
6.80998E+01 9.94996E-01  3.67100E-06  1.03656E+00 
6.81998E+01 9.89996E-01  3.61936E-06  1.03158E+00 
6.82998E+01 9.84996E-01  3.57235E-06  1.02655E+00 
6.83998E+01 9.79996E-01  3.52904E-06  1.02155E+00 
6.84998E+01 9.74996E-01  3.47845E-06  1.01656E+00 
6.85998E+01 9.69996E-01  3.42825E-06  1.01156E+00 
6.86998E+01 9.64996E-01  3.38461E-06  1.00657E+00 
6.87998E+01 9.59996E-01  3.33487E-06  1.00154E+00 
6.88998E+01 9.54996E-01  3.29079E-06  9.96556E-01 
6.89998E+01 9.49996E-01  3.24887E-06  9.91550E-01 
6.90998E+01 9.44996E-01  3.19488E-06  9.86565E-01 
6.91998E+01 9.39996E-01  3.14385E-06  9.81523E-01 
6.92998E+01 9.34996E-01  3.51090E-06  9.76560E-01 
6.93998E+01 9.29996E-01  3.31835E-06  9.71554E-01 
6.94998E+01 9.24996E-01  3.13470E-06  9.66556E-01 
6.95998E+01 9.19996E-01  3.04167E-06  9.61526E-01 
6.96998E+01 9.14996E-01  2.97047E-06  9.56519E-01 
6.97998E+01 9.09996E-01  2.92616E-06  9.51510E-01 
6.98998E+01 9.04996E-01  2.87273E-06  9.46530E-01 
6.99998E+01 8.99996E-01  2.81139E-06  9.41499E-01 
7.00998E+01 8.94996E-01  2.74257E-06  9.36499E-01 
7.01998E+01 8.89996E-01  2.67321E-06  9.31475E-01 
7.02998E+01 8.84996E-01  2.65139E-06  9.26489E-01 
7.03998E+01 8.79996E-01  2.59848E-06  9.21472E-01 
7.04998E+01 8.74996E-01  2.55599E-06  9.16502E-01 
7.05998E+01 8.69996E-01  2.50542E-06  9.11531E-01 
7.06998E+01 8.64996E-01  2.45390E-06  9.06504E-01 
7.07998E+01 8.59996E-01  2.42440E-06  9.01508E-01 
7.08998E+01 8.54996E-01  2.36388E-06  8.96520E-01 
7.09998E+01 8.49996E-01  2.31474E-06  8.91520E-01 
7.10998E+01 8.44996E-01  2.26440E-06  8.86507E-01 
7.11998E+01 8.39996E-01  2.21439E-06  8.81503E-01 
7.12998E+01 8.34996E-01  2.16935E-06  8.76508E-01 
7.13998E+01 8.29996E-01  2.12206E-06  8.71517E-01 
7.14998E+01 8.24996E-01  2.07617E-06  8.66504E-01 
7.15998E+01 8.19996E-01  2.02501E-06  8.61488E-01 
7.16998E+01 8.14996E-01  1.97455E-06  8.56500E-01 
7.17998E+01 8.09996E-01  1.92242E-06  8.51503E-01 
7.18998E+01 8.04996E-01  1.86680E-06  8.46474E-01 
7.19998E+01 7.99996E-01  1.81330E-06  8.41487E-01 
7.20998E+01 7.94996E-01  1.75795E-06  8.36502E-01 
7.21998E+01 7.89996E-01  1.70570E-06  8.31480E-01 
7.22998E+01 7.84996E-01  1.65288E-06  8.26455E-01 
7.23998E+01 7.79996E-01  1.59783E-06  8.21471E-01 
7.24998E+01 7.74996E-01  1.54103E-06  8.16480E-01 
7.25998E+01 7.69996E-01  1.48321E-06  8.11483E-01 
7.26998E+01 7.64996E-01  1.42426E-06  8.06455E-01 
7.27998E+01 7.59996E-01  1.36365E-06  8.01469E-01 
7.28998E+01 7.54996E-01  1.30153E-06  7.96471E-01 
7.29998E+01 7.49996E-01  1.23946E-06  7.91449E-01 
7.30998E+01 7.44996E-01  1.17561E-06  7.86472E-01 
7.31998E+01 7.39996E-01  1.11296E-06  7.81438E-01 
7.32998E+01 7.34996E-01  1.04736E-06  7.76410E-01 
7.33998E+01 7.29996E-01  9.83135E-07  7.71413E-01 
7.34998E+01 7.24996E-01  9.20384E-07  7.66408E-01 
7.35998E+01 7.19996E-01  8.56081E-07  7.61406E-01 
7.36998E+01 7.14996E-01  7.93519E-07  7.56409E-01 
7.37998E+01 7.09996E-01  7.27495E-07  7.51415E-01 
7.38998E+01 7.04996E-01  6.59997E-07  7.46394E-01 
7.39998E+01 6.99996E-01  5.91252E-07  7.41412E-01 
7.40998E+01 6.94996E-01  5.24598E-07  7.36406E-01 
7.41998E+01 6.89996E-01  4.56905E-07  7.31401E-01 
7.42998E+01 6.84996E-01  3.89959E-07  7.26416E-01 
7.43998E+01 6.79996E-01  3.23770E-07  7.21410E-01 
7.44998E+01 6.74996E-01  2.57326E-07  7.16396E-01 
7.45998E+01 6.69996E-01  1.93423E-07  7.11379E-01 
7.46998E+01 6.64996E-01  1.17992E-07  7.06391E-01 
7.47998E+01 6.59996E-01  3.71310E-08  7.01404E-01 
7.48998E+01 6.54996E-01  -3.73275E-08 6.96394E-01 
7.49998E+01 6.49996E-01  -9.80704E-08 6.91379E-01 
7.50998E+01 6.44996E-01  -1.49327E-07 6.86376E-01 
7.51998E+01 6.39996E-01  -2.39025E-07 6.81384E-01 
7.52998E+01 6.34996E-01  -3.19951E-07 6.76385E-01 
7.53998E+01 6.29996E-01  -3.91380E-07 6.71375E-01 
7.54998E+01 6.24996E-01  -4.65628E-07 6.66371E-01 
7.55998E+01 6.19996E-01  -5.56955E-07 6.61385E-01 
7.56998E+01 6.14996E-01  -6.41456E-07 6.56380E-01 
7.57998E+01 6.09996E-01  -7.32875E-07 6.51354E-01 
7.58998E+01 6.04996E-01  -8.32251E-07 6.46370E-01 
7.59998E+01 5.99996E-01  -9.35372E-07 6.41359E-01 
7.60998E+01 5.94997E-01  -1.03735E-06 6.36372E-01 
7.61998E+01 5.89997E-01  -1.12898E-06 6.31351E-01 
7.62998E+01 5.84997E-01  -1.21979E-06 6.26360E-01 
7.63998E+01 5.79997E-01  -1.31462E-06 6.21343E-01 
7.64998E+01 5.74997E-01  -1.41381E-06 6.16363E-01 
7.65998E+01 5.69997E-01  -1.51088E-06 6.11343E-01 
7.66998E+01 5.64997E-01  -1.60635E-06 6.06325E-01 
7.67998E+01 5.59997E-01  -1.70575E-06 6.01327E-01 
7.68998E+01 5.54997E-01  -1.80586E-06 5.96338E-01 
7.69998E+01 5.49997E-01  -1.91497E-06 5.91333E-01 
7.70998E+01 5.44997E-01  -2.02776E-06 5.86327E-01 
7.71998E+01 5.39997E-01  -2.14893E-06 5.81337E-01 
7.72998E+01 5.34997E-01  -2.28219E-06 5.76331E-01 
7.73998E+01 5.29997E-01  -2.40667E-06 5.71325E-01 
7.74998E+01 5.24997E-01  -2.52467E-06 5.66306E-01 
7.75998E+01 5.19997E-01  -2.63474E-06 5.61310E-01 
7.76998E+01 5.14997E-01  -2.73400E-06 5.56324E-01 
7.77998E+01 5.09997E-01  -2.84629E-06 5.51317E-01 
7.78998E+01 5.04997E-01  -2.98198E-06 5.46314E-01 
7.79998E+01 4.99997E-01  -3.13341E-06 5.41293E-01 
7.80998E+01 4.94997E-01  -3.28043E-06 5.36298E-01 
7.81998E+01 4.89997E-01  -3.42150E-06 5.31285E-01 
7.82998E+01 4.84997E-01  -3.56867E-06 5.26278E-01 
7.83998E+01 4.79997E-01  -3.72495E-06 5.21292E-01 
7.84998E+01 4.74997E-01  -3.89374E-06 5.16284E-01 
7.85998E+01 4.69997E-01  -4.06904E-06 5.11281E-01 
7.86998E+01 4.64997E-01  -4.24646E-06 5.06288E-01 
7.87998E+01 4.59997E-01  -4.42800E-06 5.01288E-01 
7.88998E+01 4.54997E-01  -4.62506E-06 4.96287E-01 
7.89998E+01 4.49997E-01  -4.84041E-06 4.91291E-01 
7.90998E+01 4.44997E-01  -5.06681E-06 4.86280E-01 
7.91998E+01 4.39997E-01  -5.30028E-06 4.81248E-01 
7.92998E+01 4.34997E-01  -5.53596E-06 4.76276E-01 
7.93998E+01 4.29997E-01  -5.79010E-06 4.71267E-01 
7.94998E+01 4.24997E-01  -6.05047E-06 4.66270E-01 
7.95998E+01 4.19997E-01  -6.33227E-06 4.61236E-01 
7.96998E+01 4.14997E-01  -6.62533E-06 4.56245E-01 
7.97998E+01 4.09997E-01  -6.93483E-06 4.51227E-01 
7.98998E+01 4.04997E-01  -7.26389E-06 4.46230E-01 
7.99998E+01 3.99997E-01  -7.60052E-06 4.41228E-01 
8.00998E+01 3.94997E-01  -7.93883E-06 4.36227E-01 
8.01998E+01 3.89997E-01  -8.28378E-06 4.31214E-01 
8.02998E+01 3.84997E-01  -8.66041E-06 4.26208E-01 
8.03998E+01 3.79997E-01  -9.04162E-06 4.21198E-01 
8.04998E+01 3.74997E-01  -9.46756E-06 4.16211E-01 
8.05998E+01 3.69997E-01  -9.88981E-06 4.11212E-01 
8.06998E+01 3.64997E-01  -1.03196E-05 4.06184E-01 
8.07998E+01 3.59997E-01  -1.07636E-05 4.01225E-01 
8.08998E+01 3.54997E-01  -1.11974E-05 3.96203E-01 
8.09998E+01 3.49997E-01  -1.16846E-05 3.91192E-01 
8.10998E+01 3.44997E-01  -1.22048E-05 3.86198E-01 
8.11998E+01 3.39997E-01  -1.27272E-05 3.81198E-01 
8.12998E+01 3.34997E-01  -1.32651E-05 3.76208E-01 
8.13998E+01 3.29997E-01  -1.38311E-05 3.71212E-01 
8.14998E+01 3.24997E-01  -1.44222E-05 3.66197E-01 
8.15998E+01 3.19997E-01  -1.50357E-05 3.61197E-01 
8.16998E+01 3.14997E-01  -1.56827E-05 3.56179E-01 
8.17998E+01 3.09997E-01  -1.63193E-05 3.51194E-01 
8.18998E+01 3.04997E-01  -1.69585E-05 3.46175E-01 
8.19998E+01 2.99997E-01  -1.76049E-05 3.41193E-01 
8.20998E+01 2.94997E-01  -1.83070E-05 3.36192E-01 
8.21998E+01 2.89997E-01  -1.90235E-05 3.31159E-01 
8.22998E+01 2.84997E-01  -1.97456E-05 3.26182E-01 
8.23998E+01 2.79997E-01  -2.04785E-05 3.21162E-01 
8.24998E+01 2.74997E-01  -2.12181E-05 3.16166E-01 
8.25998E+01 2.69997E-01  -2.19417E-05 3.11184E-01 
8.26998E+01 2.64997E-01  -2.27177E-05 3.06164E-01 
8.27998E+01 2.59997E-01  -2.35087E-05 3.01163E-01 
8.28998E+01 2.54997E-01  -2.42995E-05 2.96130E-01 
8.29998E+01 2.49997E-01  -2.50632E-05 2.91136E-01 
8.30998E+01 2.44997E-01  -2.58245E-05 2.86159E-01 
8.31998E+01 2.39997E-01  -2.65852E-05 2.81135E-01 
8.32998E+01 2.34997E-01  -2.73372E-05 2.76131E-01 
8.33998E+01 2.29997E-01  -2.80848E-05 2.71125E-01 
8.34998E+01 2.24997E-01  -2.88488E-05 2.66127E-01 
8.35998E+01 2.19997E-01  -2.96178E-05 2.61156E-01 
8.36998E+01 2.14997E-01  -3.03774E-05 2.56133E-01 
8.37998E+01 2.09997E-01  -3.11379E-05 2.51120E-01 
8.38998E+01 2.04997E-01  -3.19008E-05 2.46120E-01 
8.39998E+01 1.99997E-01  -3.26338E-05 2.41120E-01 
8.40998E+01 1.94998E-01  -3.33197E-05 2.36123E-01 
8.41998E+01 1.89998E-01  -3.39852E-05 2.31097E-01 
8.42998E+01 1.84998E-01  -3.46167E-05 2.26123E-01 
8.43998E+01 1.79998E-01  -3.52209E-05 2.21113E-01 
8.44998E+01 1.74998E-01  -3.58042E-05 2.16108E-01 
8.45998E+01 1.69998E-01  -3.63731E-05 2.11087E-01 
8.46998E+01 1.64998E-01  -3.69191E-05 2.06100E-01 
8.47998E+01 1.59998E-01  -3.74384E-05 2.01092E-01 
8.48998E+01 1.54998E-01  -3.79444E-05 1.96088E-01 
8.49998E+01 1.49998E-01  -3.84203E-05 1.91084E-01 
8.50998E+01 1.44998E-01  -3.88887E-05 1.86091E-01 
8.51998E+01 1.39998E-01  -3.93405E-05 1.81091E-01 
8.52998E+01 1.34998E-01  -3.97783E-05 1.76097E-01 
8.53998E+01 1.29998E-01  -4.01993E-05 1.71087E-01 
8.54998E+01 1.24998E-01  -4.06138E-05 1.66091E-01 
8.55998E+01 1.19998E-01  -4.10217E-05 1.61101E-01 
8.56998E+01 1.14998E-01  -4.14291E-05 1.56083E-01 
8.57998E+01 1.09998E-01  -4.18328E-05 1.51078E-01 
8.58998E+01 1.04998E-01  -4.22651E-05 1.46092E-01 
8.59998E+01 9.99977E-02  -4.26662E-05 1.41079E-01 
8.60998E+01 9.49978E-02  -4.30583E-05 1.36072E-01 
8.61998E+01 8.99978E-02  -4.34444E-05 1.31056E-01 
8.62998E+01 8.49978E-02  -4.38235E-05 1.26048E-01 
8.63998E+01 7.99978E-02  -4.41985E-05 1.21083E-01 
8.64998E+01 7.49978E-02  -4.45582E-05 1.16062E-01 
8.65998E+01 6.99978E-02  -4.49011E-05 1.11063E-01 
8.66998E+01 6.49978E-02  -4.52279E-05 1.06074E-01 
8.67998E+01 5.99978E-02  -4.55312E-05 1.01058E-01 
8.68998E+01 5.49979E-02  -4.58174E-05 9.60519E-02 
8.69998E+01 4.99979E-02  -4.60972E-05 9.10428E-02 
8.70998E+01 4.49979E-02  -4.63594E-05 8.60431E-02 
8.71998E+01 3.99979E-02  -4.66044E-05 8.10603E-02 
8.72998E+01 3.49979E-02  -4.68293E-05 7.60444E-02 
8.73998E+01 2.99979E-02  -4.70329E-05 7.10291E-02 
8.74998E+01 2.49979E-02  -4.71727E-05 6.60357E-02 
8.75998E+01 1.99979E-02  -4.72930E-05 6.10379E-02 
8.76998E+01 1.49980E-02  -4.74753E-05 5.60489E-02 
8.77998E+01 9.99797E-03  -4.76468E-05 5.10354E-02 
8.78998E+01 4.99799E-03  -4.78160E-05 4.60158E-02 
8.79998E+01 -2.00000E-06 -4.79762E-05 4.10405E-02 
8.80998E+01 -5.00199E-03 -4.81273E-05 3.60233E-02 
8.81998E+01 -1.00020E-02 -4.82729E-05 3.10255E-02 
8.82998E+01 -1.50020E-02 -4.84143E-05 2.59940E-02 
8.83998E+01 -2.00020E-02 -4.85604E-05 2.10368E-02 
8.84998E+01 -2.50019E-02 -4.87115E-05 1.60115E-02 
8.85998E+01 -3.00019E-02 -4.88623E-05 1.09931E-02 
8.86998E+01 -3.50019E-02 -4.90164E-05 6.00406E-03 
8.87998E+01 -4.00019E-02 -4.91728E-05 1.00754E-03 
8.88998E+01 -4.50019E-02 -4.93330E-05 -3.98591E-03
8.89998E+01 -5.00019E-02 -4.94955E-05 -9.01178E-03
8.90998E+01 -5.50019E-02 -4.96566E-05 -1.39921E-02
8.91998E+01 -6.00019E-02 -4.98095E-05 -1.90224E-02
8.92998E+01 -6.50018E-02 -4.99428E-05 -2.40089E-02
8.93998E+01 -7.00018E-02 -5.00986E-05 -2.90086E-02
8.94998E+01 -7.50018E-02 -5.02920E-05 -3.40133E-02
8.95998E+01 -8.00018E-02 -5.04740E-05 -3.90386E-02
8.96998E+01 -8.50018E-02 -5.06468E-05 -4.40120E-02
8.97998E+01 -9.00018E-02 -5.08180E-05 -4.90123E-02
8.98998E+01 -9.50018E-02 -5.09934E-05 -5.40120E-02
8.99998E+01 -1.00002E-01 -5.11670E-05 -5.90354E-02
9.00998E+01 -1.05002E-01 -5.13487E-05 -6.40375E-02
9.01998E+01 -1.10002E-01 -5.15393E-05 -6.90210E-02
9.02998E+01 -1.15002E-01 -5.17419E-05 -7.40294E-02
9.03998E+01 -1.20002E-01 -5.19666E-05 -7.90671E-02
9.04998E+01 -1.25002E-01 -5.22404E-05 -8.40599E-02
9.05998E+01 -1.30002E-01 -5.24651E-05 -8.90458E-02
9.06998E+01 -1.35002E-01 -5.27016E-05 -9.40636E-02
9.07998E+01 -1.40002E-01 -5.29489E-05 -9.90546E-02
9.08998E+01 -1.45002E-01 -5.32170E-05 -1.04051E-01
9.09998E+01 -1.50002E-01 -5.34981E-05 -1.09045E-01
9.10998E+01 -1.55002E-01 -5.37933E-05 -1.14085E-01
9.11998E+01 -1.60002E-01 -5.41164E-05 -1.19068E-01
9.12998E+01 -1.65002E-01 -5.44811E-05 -1.24075E-01
9.13998E+01 -1.70002E-01 -5.49031E-05 -1.29073E-01
9.14998E+01 -1.75002E-01 -5.53863E-05 -1.34070E-01
9.15998E+01 -1.80002E-01 -5.59412E-05 -1.39078E-01
9.16998E+01 -1.85002E-01 -5.66006E-05 -1.44091E-01
9.17998E+01 -1.90002E-01 -5.73730E-05 -1.49066E-01
9.18998E+01 -1.95002E-01 -5.82623E-05 -1.54079E-01
9.19998E+01 -2.00002E-01 -5.92570E-05 -1.59080E-01
9.20998E+01 -2.05001E-01 -6.03361E-05 -1.64090E-01
9.21998E+01 -2.10001E-01 -6.14571E-05 -1.69086E-01
9.22998E+01 -2.15001E-01 -6.26042E-05 -1.74090E-01
9.23998E+01 -2.20001E-01 -6.37768E-05 -1.79114E-01
9.24998E+01 -2.25001E-01 -6.49708E-05 -1.84081E-01
9.25998E+01 -2.30001E-01 -6.61942E-05 -1.89094E-01
9.26998E+01 -2.35001E-01 -6.74478E-05 -1.94126E-01
9.27998E+01 -2.40001E-01 -6.87321E-05 -1.99109E-01
9.28998E+01 -2.45001E-01 -7.00438E-05 -2.04088E-01
9.29998E+01 -2.50001E-01 -7.13810E-05 -2.09090E-01
9.30998E+01 -2.55001E-01 -7.27392E-05 -2.14110E-01
9.31998E+01 -2.60001E-01 -7.41086E-05 -2.19115E-01
9.32998E+01 -2.65001E-01 -7.54984E-05 -2.24116E-01
9.33998E+01 -2.70001E-01 -7.68873E-05 -2.29105E-01
9.34998E+01 -2.75001E-01 -7.82862E-05 -2.34113E-01
9.35998E+01 -2.80001E-01 -7.97013E-05 -2.39121E-01
9.36998E+01 -2.85001E-01 -8.11157E-05 -2.44116E-01
9.37998E+01 -2.90001E-01 -8.25255E-05 -2.49126E-01
9.38998E+01 -2.95001E-01 -8.39238E-05 -2.54126E-01
9.39998E+01 -3.00001E-01 -8.53100E-05 -2.59158E-01
9.40998E+01 -3.05001E-01 -8.66818E-05 -2.64152E-01
9.41998E+01 -3.10001E-01 -8.80329E-05 -2.69132E-01
9.42998E+01 -3.15001E-01 -8.93520E-05 -2.74131E-01
9.43998E+01 -3.20001E-01 -9.06549E-05 -2.79141E-01
9.44998E+01 -3.25001E-01 -9.19131E-05 -2.84140E-01
9.45998E+01 -3.30001E-01 -9.31485E-05 -2.89162E-01
9.46998E+01 -3.35001E-01 -9.43383E-05 -2.94159E-01
9.47998E+01 -3.40001E-01 -9.55073E-05 -2.99152E-01
9.48998E+01 -3.45001E-01 -9.66537E-05 -3.04154E-01
9.49998E+01 -3.50001E-01 -9.77653E-05 -3.09144E-01
9.50998E+01 -3.55001E-01 -9.88441E-05 -3.14162E-01
9.51998E+01 -3.60001E-01 -9.98778E-05 -3.19171E-01
9.52998E+01 -3.65001E-01 -1.00866E-04 -3.24179E-01
9.53998E+01 -3.70001E-01 -1.01826E-04 -3.29193E-01
9.54998E+01 -3.75001E-01 -1.02759E-04 -3.34175E-01
9.55998E+01 -3.80001E-01 -1.03678E-04 -3.39167E-01
9.56998E+01 -3.85001E-01 -1.04574E-04 -3.44197E-01
9.57998E+01 -3.90001E-01 -1.05447E-04 -3.49189E-01
9.58998E+01 -3.95001E-01 -1.06284E-04 -3.54223E-01
9.59998E+01 -4.00001E-01 -1.07089E-04 -3.59202E-01
9.60998E+01 -4.05001E-01 -1.07884E-04 -3.64213E-01
9.61998E+01 -4.10001E-01 -1.08636E-04 -3.69222E-01
9.62998E+01 -4.15001E-01 -1.09357E-04 -3.74218E-01
9.63998E+01 -4.20001E-01 -1.10079E-04 -3.79221E-01
9.64998E+01 -4.25001E-01 -1.10775E-04 -3.84199E-01
9.65998E+01 -4.30001E-01 -1.11456E-04 -3.89208E-01
9.66998E+01 -4.35001E-01 -1.12112E-04 -3.94232E-01
9.67998E+01 -4.40001E-01 -1.12743E-04 -3.99226E-01
9.68998E+01 -4.45001E-01 -1.13346E-04 -4.04202E-01
9.69998E+01 -4.50001E-01 -1.13942E-04 -4.09240E-01
9.70998E+01 -4.55001E-01 -1.14525E-04 -4.14231E-01
9.71998E+01 -4.60001E-01 -1.15103E-04 -4.19230E-01
9.72998E+01 -4.65001E-01 -1.15663E-04 -4.24219E-01
9.73998E+01 -4.70001E-01 -1.16227E-04 -4.29222E-01
9.74998E+01 -4.75001E-01 -1.16740E-04 -4.34237E-01
9.75998E+01 -4.80001E-01 -1.17268E-04 -4.39237E-01
9.76998E+01 -4.85001E-01 -1.17796E-04 -4.44228E-01
9.77998E+01 -4.90001E-01 -1.18326E-04 -4.49229E-01
9.78998E+01 -4.95001E-01 -1.18833E-04 -4.54233E-01
9.79998E+01 -5.00001E-01 -1.19367E-04 -4.59226E-01
9.80998E+01 -5.05001E-01 -1.19879E-04 -4.64242E-01
9.81998E+01 -5.10001E-01 -1.20406E-04 -4.69241E-01
9.82998E+01 -5.15001E-01 -1.20917E-04 -4.74255E-01
9.83998E+01 -5.20001E-01 -1.21446E-04 -4.79249E-01
9.84998E+01 -5.25001E-01 -1.21953E-04 -4.84242E-01
9.85998E+01 -5.30001E-01 -1.22402E-04 -4.89272E-01
9.86998E+01 -5.35001E-01 -1.22894E-04 -4.94260E-01
9.87998E+01 -5.40001E-01 -1.23428E-04 -4.99276E-01
9.88998E+01 -5.45001E-01 -1.23936E-04 -5.04261E-01
9.89998E+01 -5.50001E-01 -1.24407E-04 -5.09271E-01
9.90998E+01 -5.55001E-01 -1.24935E-04 -5.14263E-01
9.91998E+01 -5.60001E-01 -1.25524E-04 -5.19289E-01
9.92998E+01 -5.65001E-01 -1.26066E-04 -5.24281E-01
9.93998E+01 -5.70001E-01 -1.26650E-04 -5.29277E-01
9.94998E+01 -5.75001E-01 -1.27185E-04 -5.34281E-01
9.95998E+01 -5.80001E-01 -1.27745E-04 -5.39301E-01
9.96998E+01 -5.85001E-01 -1.28312E-04 -5.44281E-01
9.97998E+01 -5.90001E-01 -1.28977E-04 -5.49295E-01
9.98998E+01 -5.95001E-01 -1.29559E-04 -5.54298E-01
9.99997E+01 -6.00001E-01 -1.30115E-04 -5.59304E-01
1.00100E+02 -6.05000E-01 -1.30676E-04 -5.64268E-01
1.00200E+02 -6.10000E-01 -1.31235E-04 -5.69280E-01
1.00300E+02 -6.15000E-01 -1.31842E-04 -5.74294E-01
1.00400E+02 -6.20000E-01 -1.32392E-04 -5.79301E-01
1.00500E+02 -6.25000E-01 -1.32987E-04 -5.84299E-01
1.00600E+02 -6.30000E-01 -1.33639E-04 -5.89290E-01
1.00700E+02 -6.35000E-01 -1.34255E-04 -5.94302E-01
1.00800E+02 -6.40000E-01 -1.34895E-04 -5.99313E-01
1.00900E+02 -6.45000E-01 -1.35553E-04 -6.04306E-01
1.01000E+02 -6.50000E-01 -1.36285E-04 -6.09304E-01
1.01100E+02 -6.55000E-01 -1.36980E-04 -6.14319E-01
1.01200E+02 -6.60000E-01 -1.37398E-04 -6.19317E-01
1.01300E+02 -6.65000E-01 -1.37967E-04 -6.24314E-01
1.01400E+02 -6.70000E-01 -1.38349E-04 -6.29339E-01
1.01500E+02 -6.75000E-01 -1.38750E-04 -6.34347E-01
1.01600E+02 -6.80000E-01 -1.39087E-04 -6.39348E-01
1.01700E+02 -6.85000E-01 -1.39460E-04 -6.44351E-01
1.01800E+02 -6.90000E-01 -1.39718E-04 -6.49344E-01
1.01900E+02 -6.95000E-01 -1.40113E-04 -6.54358E-01
1.02000E+02 -7.00000E-01 -1.40377E-04 -6.59392E-01
1.02100E+02 -7.05000E-01 -1.40739E-04 -6.64367E-01
1.02200E+02 -7.10000E-01 -1.41110E-04 -6.69377E-01
1.02300E+02 -7.15000E-01 -1.41451E-04 -6.74398E-01
1.02400E+02 -7.20000E-01 -1.41784E-04 -6.79380E-01
1.02500E+02 -7.25000E-01 -1.42030E-04 -6.84380E-01
1.02600E+02 -7.30000E-01 -1.42174E-04 -6.89375E-01
1.02700E+02 -7.35000E-01 -1.42252E-04 -6.94386E-01
1.02800E+02 -7.40000E-01 -1.42236E-04 -6.99412E-01
1.02900E+02 -7.45000E-01 -1.42049E-04 -7.04409E-01
1.03000E+02 -7.50000E-01 -1.41885E-04 -7.09380E-01
1.03100E+02 -7.55000E-01 -1.41049E-04 -7.14383E-01
1.03200E+02 -7.60000E-01 -1.39815E-04 -7.19400E-01
1.03300E+02 -7.65000E-01 -1.37647E-04 -7.24389E-01
1.03400E+02 -7.70000E-01 -1.34044E-04 -7.29411E-01
1.03500E+02 -7.75000E-01 -1.28432E-04 -7.34391E-01
1.03600E+02 -7.80000E-01 -1.20971E-04 -7.39428E-01
1.03700E+02 -7.85000E-01 -1.11984E-04 -7.44412E-01
1.03800E+02 -7.90000E-01 -1.02194E-04 -7.49386E-01
1.03900E+02 -7.95000E-01 -9.27664E-05 -7.54412E-01
