time/s      E/V        I/A
0.00000E+00 -8.00000E-01 -4.22098E-05 -7.56125E-01
9.99997E-02 -7.95000E-01 -4.07095E-05 -7.51090E-01
1.99999E-01 -7.90000E-01 -3.94524E-05 -7.46091E-01
2.99999E-01 -7.85000E-01 -3.83259E-05 -7.41105E-01
3.99999E-01 -7.80000E-01 -3.72799E-05 -7.36084E-01
4.99999E-01 -7.75000E-01 -3.63126E-05 -7.31076E-01
5.99998E-01 -7.70000E-01 -3.53973E-05 -7.26074E-01
6.99998E-01 -7.65000E-01 -3.45240E-05 -7.21105E-01
7.99998E-01 -7.60000E-01 -3.36902E-05 -7.16085E-01
8.99998E-01 -7.55000E-01 -3.28963E-05 -7.11073E-01
9.99997E-01 -7.50000E-01 -3.21382E-05 -7.06093E-01
1.10000E+00 -7.45000E-01 -3.14049E-05 -7.01070E-01
1.20000E+00 -7.40000E-01 -3.06948E-05 -6.96077E-01
1.30000E+00 -7.35000E-01 -3.00130E-05 -6.91060E-01
1.40000E+00 -7.30000E-01 -2.93512E-05 -6.86070E-01
1.50000E+00 -7.25000E-01 -2.87177E-05 -6.81084E-01
1.60000E+00 -7.20000E-01 -2.80998E-05 -6.76065E-01
1.70000E+00 -7.15000E-01 -2.74968E-05 -6.71049E-01
1.80000E+00 -7.10000E-01 -2.69137E-05 -6.66055E-01
1.90000E+00 -7.05000E-01 -2.63509E-05 -6.61077E-01
1.99999E+00 -7.00000E-01 -2.58038E-05 -6.56085E-01
2.09999E+00 -6.95000E-01 -2.52668E-05 -6.51046E-01
2.19999E+00 -6.90000E-01 -2.47409E-05 -6.46031E-01
2.29999E+00 -6.85000E-01 -2.42305E-05 -6.41039E-01
2.39999E+00 -6.80000E-01 -2.37289E-05 -6.36017E-01
2.49999E+00 -6.75000E-01 -2.32481E-05 -6.31010E-01
2.59999E+00 -6.70000E-01 -2.27770E-05 -6.26010E-01
2.69999E+00 -6.65000E-01 -2.23076E-05 -6.21026E-01
2.79999E+00 -6.60000E-01 -2.18561E-05 -6.16004E-01
2.89999E+00 -6.55000E-01 -2.14126E-05 -6.11006E-01
2.99999E+00 -6.50000E-01 -2.09800E-05 -6.06003E-01
3.09999E+00 -6.45000E-01 -2.05535E-05 -6.01005E-01
3.19999E+00 -6.40000E-01 -2.01544E-05 -5.96027E-01
3.29999E+00 -6.35000E-01 -1.97436E-05 -5.91018E-01
3.39999E+00 -6.30000E-01 -1.93372E-05 -5.85990E-01
3.49999E+00 -6.25000E-01 -1.89488E-05 -5.80988E-01
3.59999E+00 -6.20000E-01 -1.85631E-05 -5.75987E-01
3.69999E+00 -6.15000E-01 -1.81839E-05 -5.70995E-01
3.79999E+00 -6.10000E-01 -1.78115E-05 -5.65981E-01
3.89999E+00 -6.05000E-01 -1.74484E-05 -5.60974E-01
3.99999E+00 -6.00001E-01 -1.70935E-05 -5.55986E-01
4.09999E+00 -5.95001E-01 -1.67429E-05 -5.50984E-01
4.19999E+00 -5.90001E-01 -1.64008E-05 -5.45975E-01
4.29999E+00 -5.85001E-01 -1.60640E-05 -5.40985E-01
4.39999E+00 -5.80001E-01 -1.57327E-05 -5.35983E-01
4.49999E+00 -5.75001E-01 -1.54113E-05 -5.30992E-01
4.59999E+00 -5.70001E-01 -1.50918E-05 -5.25970E-01
4.69999E+00 -5.65001E-01 -1.47796E-05 -5.20969E-01
4.79999E+00 -5.60001E-01 -1.44726E-05 -5.15984E-01
4.89999E+00 -5.55001E-01 -1.41731E-05 -5.10989E-01
4.99999E+00 -5.50001E-01 -1.38840E-05 -5.05982E-01
5.09999E+00 -5.45001E-01 -1.35925E-05 -5.00969E-01
5.19999E+00 -5.40001E-01 -1.33082E-05 -4.95968E-01
5.29999E+00 -5.35001E-01 -1.30301E-05 -4.90966E-01
5.39999E+00 -5.30001E-01 -1.27563E-05 -4.85970E-01
5.49999E+00 -5.25001E-01 -1.24910E-05 -4.80987E-01
5.59999E+00 -5.20001E-01 -1.22247E-05 -4.75947E-01
5.69999E+00 -5.15001E-01 -1.19660E-05 -4.70918E-01
5.79999E+00 -5.10001E-01 -1.17083E-05 -4.65919E-01
5.89999E+00 -5.05001E-01 -1.14557E-05 -4.60946E-01
5.99998E+00 -5.00001E-01 -1.12134E-05 -4.55935E-01
6.09998E+00 -4.95001E-01 -1.09669E-05 -4.50911E-01
6.19998E+00 -4.90001E-01 -1.07265E-05 -4.45897E-01
6.29998E+00 -4.85001E-01 -1.04909E-05 -4.40910E-01
6.39998E+00 -4.80001E-01 -1.02537E-05 -4.35929E-01
6.49998E+00 -4.75001E-01 -1.00290E-05 -4.30912E-01
6.59998E+00 -4.70001E-01 -9.79871E-06 -4.25897E-01
6.69998E+00 -4.65001E-01 -9.57111E-06 -4.20895E-01
6.79998E+00 -4.60001E-01 -9.34787E-06 -4.15911E-01
6.89998E+00 -4.55001E-01 -9.12989E-06 -4.10907E-01
6.99998E+00 -4.50001E-01 -8.90600E-06 -4.05878E-01
7.09998E+00 -4.45001E-01 -8.69310E-06 -4.00905E-01
7.19998E+00 -4.40001E-01 -8.48130E-06 -3.95898E-01
7.29998E+00 -4.35001E-01 -8.26945E-06 -3.90894E-01
7.39998E+00 -4.30001E-01 -8.06290E-06 -3.85875E-01
7.49998E+00 -4.25001E-01 -7.85670E-06 -3.80879E-01
7.59998E+00 -4.20001E-01 -7.65000E-06 -3.75898E-01
7.69998E+00 -4.15001E-01 -7.45370E-06 -3.70873E-01
7.79998E+00 -4.10001E-01 -7.26062E-06 -3.65868E-01
7.89998E+00 -4.05001E-01 -7.06447E-06 -3.60865E-01
7.99998E+00 -4.00001E-01 -6.87079E-06 -3.55869E-01
8.09998E+00 -3.95001E-01 -6.67301E-06 -3.50856E-01
8.19998E+00 -3.90001E-01 -6.48891E-06 -3.45846E-01
8.29998E+00 -3.85001E-01 -6.30041E-06 -3.40846E-01
8.39998E+00 -3.80001E-01 -6.12085E-06 -3.35849E-01
8.49998E+00 -3.75001E-01 -5.94607E-06 -3.30849E-01
8.59998E+00 -3.70001E-01 -5.76416E-06 -3.25849E-01
8.69998E+00 -3.65001E-01 -5.58415E-06 -3.20818E-01
8.79998E+00 -3.60001E-01 -5.40767E-06 -3.15835E-01
8.89998E+00 -3.55001E-01 -5.23399E-06 -3.10828E-01
8.99998E+00 -3.50001E-01 -5.06513E-06 -3.05815E-01
9.09998E+00 -3.45001E-01 -4.89715E-06 -3.00818E-01
9.19998E+00 -3.40001E-01 -4.72951E-06 -2.95801E-01
9.29998E+00 -3.35001E-01 -4.56663E-06 -2.90841E-01
9.39998E+00 -3.30001E-01 -4.39912E-06 -2.85811E-01
9.49998E+00 -3.25001E-01 -4.23715E-06 -2.80830E-01
9.59998E+00 -3.20001E-01 -4.07449E-06 -2.75801E-01
9.69998E+00 -3.15001E-01 -3.91248E-06 -2.70811E-01
9.79998E+00 -3.10001E-01 -3.75190E-06 -2.65794E-01
9.89998E+00 -3.05001E-01 -3.59094E-06 -2.60808E-01
9.99997E+00 -3.00001E-01 -3.46785E-06 -2.55825E-01
1.01000E+01 -2.95001E-01 -3.30717E-06 -2.50795E-01
1.02000E+01 -2.90001E-01 -3.14584E-06 -2.45788E-01
1.03000E+01 -2.85001E-01 -2.98249E-06 -2.40820E-01
1.04000E+01 -2.80001E-01 -2.81732E-06 -2.35778E-01
1.05000E+01 -2.75001E-01 -2.65639E-06 -2.30789E-01
1.06000E+01 -2.70001E-01 -2.48807E-06 -2.25800E-01
1.07000E+01 -2.65001E-01 -2.32479E-06 -2.20810E-01
1.08000E+01 -2.60001E-01 -2.15926E-06 -2.15797E-01
1.09000E+01 -2.55001E-01 -1.99265E-06 -2.10784E-01
1.10000E+01 -2.50001E-01 -1.82688E-06 -2.05810E-01
1.11000E+01 -2.45001E-01 -1.65599E-06 -2.00809E-01
1.12000E+01 -2.40001E-01 -1.48537E-06 -1.95818E-01
1.13000E+01 -2.35001E-01 -1.31328E-06 -1.90792E-01
1.14000E+01 -2.30001E-01 -1.14196E-06 -1.85788E-01
1.15000E+01 -2.25001E-01 -9.71225E-07 -1.80776E-01
1.16000E+01 -2.20001E-01 -7.96896E-07 -1.75773E-01
1.17000E+01 -2.15001E-01 -6.20263E-07 -1.70755E-01
1.18000E+01 -2.10001E-01 -4.45267E-07 -1.65762E-01
1.19000E+01 -2.05001E-01 -2.68180E-07 -1.60737E-01
1.20000E+01 -2.00002E-01 -9.67587E-08 -1.55755E-01
1.21000E+01 -1.95002E-01 8.32815E-08  -1.50723E-01
1.22000E+01 -1.90002E-01 2.62635E-07  -1.45740E-01
1.23000E+01 -1.85002E-01 4.36580E-07  -1.40743E-01
1.24000E+01 -1.80002E-01 6.20282E-07  -1.35716E-01
1.25000E+01 -1.75002E-01 7.97856E-07  -1.30736E-01
1.26000E+01 -1.70002E-01 9.80167E-07  -1.25722E-01
1.27000E+01 -1.65002E-01 1.16115E-06  -1.20742E-01
1.28000E+01 -1.60002E-01 1.33683E-06  -1.15721E-01
1.29000E+01 -1.55002E-01 1.51882E-06  -1.10713E-01
1.30000E+01 -1.50002E-01 1.70259E-06  -1.05706E-01
1.31000E+01 -1.45002E-01 1.89004E-06  -1.00720E-01
1.32000E+01 -1.40002E-01 2.08012E-06  -9.56857E-02
1.33000E+01 -1.35002E-01 2.27027E-06  -9.06978E-02
1.34000E+01 -1.30002E-01 2.46346E-06  -8.56945E-02
1.35000E+01 -1.25002E-01 2.65612E-06  -8.07054E-02
1.36000E+01 -1.20002E-01 2.85372E-06  -7.56870E-02
1.37000E+01 -1.15002E-01 3.05965E-06  -7.06867E-02
1.38000E+01 -1.10002E-01 3.27705E-06  -6.56920E-02
1.39000E+01 -1.05002E-01 3.49822E-06  -6.06992E-02
1.40000E+01 -1.00002E-01 3.73190E-06  -5.56827E-02
1.41000E+01 -9.50018E-02 3.97571E-06  -5.06755E-02
1.42000E+01 -9.00018E-02 4.23327E-06  -4.56634E-02
1.43000E+01 -8.50018E-02 4.50833E-06  -4.07155E-02
1.44000E+01 -8.00018E-02 4.79909E-06  -3.56884E-02
1.45000E+01 -7.50018E-02 5.10926E-06  -3.06768E-02
1.46000E+01 -7.00018E-02 5.43097E-06  -2.56697E-02
1.47000E+01 -6.50018E-02 5.78680E-06  -2.07199E-02
1.48000E+01 -6.00019E-02 6.17326E-06  -1.57003E-02
1.49000E+01 -5.50019E-02 6.57968E-06  -1.06725E-02
1.50000E+01 -5.00019E-02 7.01383E-06  -5.67723E-03
1.51000E+01 -4.50019E-02 7.47792E-06  -6.40098E-04
1.52000E+01 -4.00019E-02 7.97277E-06  4.33772E-03 
1.53000E+01 -3.50019E-02 8.50354E-06  9.32303E-03 
1.54000E+01 -3.00019E-02 9.07576E-06  1.43452E-02 
1.55000E+01 -2.50019E-02 9.67398E-06  1.93561E-02 
1.56000E+01 -2.00020E-02 1.03138E-05  2.43526E-02 
1.57000E+01 -1.50020E-02 1.10070E-05  2.93536E-02 
1.58000E+01 -1.00020E-02 1.17566E-05  3.43557E-02 
1.59000E+01 -5.00199E-03 1.25445E-05  3.93660E-02 
1.60000E+01 -2.00000E-06 1.33770E-05  4.43688E-02 
1.61000E+01 4.99799E-03  1.42609E-05  4.93360E-02 
1.62000E+01 9.99797E-03  1.51990E-05  5.43563E-02 
1.63000E+01 1.49980E-02  1.61974E-05  5.93816E-02 
1.64000E+01 1.99979E-02  1.72585E-05  6.43563E-02 
1.65000E+01 2.49979E-02  1.83697E-05  6.93416E-02 
1.66000E+01 2.99979E-02  1.95146E-05  7.43525E-02 
1.67000E+01 3.49979E-02  2.07225E-05  7.93696E-02 
1.68000E+01 3.99979E-02  2.19907E-05  8.43562E-02 
1.69000E+01 4.49979E-02  2.33679E-05  8.93496E-02 
1.70000E+01 4.99979E-02  2.47856E-05  9.43543E-02 
1.71000E+01 5.49979E-02  2.64039E-05  9.93739E-02 
1.72000E+01 5.99978E-02  2.81936E-05  1.04391E-01 
1.73000E+01 6.49978E-02  2.99860E-05  1.09359E-01 
1.74000E+01 6.99978E-02  3.16655E-05  1.14387E-01 
1.75000E+01 7.49978E-02  3.32171E-05  1.19381E-01 
1.76000E+01 7.99978E-02  3.45186E-05  1.24382E-01 
1.77000E+01 8.49978E-02  3.58545E-05  1.29368E-01 
1.78000E+01 8.99978E-02  3.76928E-05  1.34387E-01 
1.79000E+01 9.49978E-02  3.90270E-05  1.39385E-01 
1.80000E+01 9.99977E-02  4.05138E-05  1.44410E-01 
1.81000E+01 1.04998E-01  4.21720E-05  1.49399E-01 
1.82000E+01 1.09998E-01  4.37032E-05  1.54401E-01 
1.83000E+01 1.14998E-01  4.54638E-05  1.59416E-01 
1.84000E+01 1.19998E-01  4.69812E-05  1.64401E-01 
1.85000E+01 1.24998E-01  4.83586E-05  1.69394E-01 
1.86000E+01 1.29998E-01  4.96737E-05  1.74403E-01 
1.87000E+01 1.34998E-01  5.09712E-05  1.79427E-01 
1.88000E+01 1.39998E-01  5.22141E-05  1.84423E-01 
1.89000E+01 1.44998E-01  5.34471E-05  1.89412E-01 
1.90000E+01 1.49998E-01  5.46459E-05  1.94434E-01 
1.91000E+01 1.54998E-01  5.59140E-05  1.99450E-01 
1.92000E+01 1.59998E-01  5.72516E-05  2.04433E-01 
1.93000E+01 1.64998E-01  5.86355E-05  2.09442E-01 
1.94000E+01 1.69998E-01  5.99560E-05  2.14427E-01 
1.95000E+01 1.74998E-01  6.13612E-05  2.19462E-01 
1.96000E+01 1.79998E-01  6.28477E-05  2.24476E-01 
1.97000E+01 1.84998E-01  6.42686E-05  2.29466E-01 
1.98000E+01 1.89998E-01  6.57166E-05  2.34474E-01 
1.99000E+01 1.94998E-01  6.71200E-05  2.39495E-01 
1.99999E+01 1.99997E-01  6.84876E-05  2.44470E-01 
2.00999E+01 2.04997E-01  6.98212E-05  2.49469E-01 
2.01999E+01 2.09997E-01  7.10357E-05  2.54459E-01 
2.02999E+01 2.14997E-01  7.21854E-05  2.59484E-01 
2.03999E+01 2.19997E-01  7.32422E-05  2.64492E-01 
2.04999E+01 2.24997E-01  7.41819E-05  2.69471E-01 
2.05999E+01 2.29997E-01  7.50996E-05  2.74480E-01 
2.06999E+01 2.34997E-01  7.59298E-05  2.79501E-01 
2.07999E+01 2.39997E-01  7.67938E-05  2.84507E-01 
2.08999E+01 2.44997E-01  7.77542E-05  2.89489E-01 
2.09999E+01 2.49997E-01  7.88366E-05  2.94480E-01 
2.10999E+01 2.54997E-01  8.01603E-05  2.99499E-01 
2.11999E+01 2.59997E-01  8.17026E-05  3.04508E-01 
2.12999E+01 2.64997E-01  8.35065E-05  3.09499E-01 
2.13999E+01 2.69997E-01  8.56379E-05  3.14509E-01 
2.14999E+01 2.74997E-01  8.80557E-05  3.19541E-01 
2.15999E+01 2.79997E-01  9.05953E-05  3.24508E-01 
2.16999E+01 2.84997E-01  9.30667E-05  3.29531E-01 
2.17999E+01 2.89997E-01  9.53957E-05  3.34508E-01 
2.18999E+01 2.94997E-01  9.73991E-05  3.39520E-01 
2.19999E+01 2.99997E-01  9.88635E-05  3.44508E-01 
2.20999E+01 3.04997E-01  9.95725E-05  3.49512E-01 
2.21999E+01 3.09997E-01  9.93094E-05  3.54539E-01 
2.22999E+01 3.14997E-01  9.78721E-05  3.59520E-01 
2.23999E+01 3.19997E-01  9.49465E-05  3.64523E-01 
2.24999E+01 3.24997E-01  9.02616E-05  3.69513E-01 
2.25999E+01 3.29997E-01  8.40097E-05  3.74521E-01 
2.26999E+01 3.34997E-01  7.63960E-05  3.79526E-01 
2.27999E+01 3.39997E-01  6.81792E-05  3.84524E-01 
2.28999E+01 3.44997E-01  6.05825E-05  3.89527E-01 
2.29999E+01 3.49997E-01  5.41779E-05  3.94536E-01 
2.30999E+01 3.54997E-01  4.92553E-05  3.99519E-01 
2.31999E+01 3.59997E-01  4.53790E-05  4.04536E-01 
2.32999E+01 3.64997E-01  4.28112E-05  4.09568E-01 
2.33999E+01 3.69997E-01  4.08328E-05  4.14577E-01 
2.34999E+01 3.74997E-01  3.93245E-05  4.19545E-01 
2.35999E+01 3.79997E-01  3.82931E-05  4.24538E-01 
2.36999E+01 3.84997E-01  3.75351E-05  4.29546E-01 
2.37999E+01 3.89997E-01  3.70071E-05  4.34577E-01 
2.38999E+01 3.94997E-01  3.66733E-05  4.39571E-01 
2.39999E+01 3.99997E-01  3.64754E-05  4.44568E-01 
2.40999E+01 4.04997E-01  3.63929E-05  4.49556E-01 
2.41999E+01 4.09997E-01  3.64018E-05  4.54582E-01 
2.42999E+01 4.14997E-01  3.65028E-05  4.59579E-01 
2.43999E+01 4.19997E-01  3.66686E-05  4.64582E-01 
2.44999E+01 4.24997E-01  3.69084E-05  4.69596E-01 
2.45999E+01 4.29997E-01  3.72268E-05  4.74601E-01 
2.46999E+01 4.34997E-01  3.75835E-05  4.79601E-01 
2.47999E+01 4.39997E-01  3.79858E-05  4.84623E-01 
2.48999E+01 4.44997E-01  3.84387E-05  4.89643E-01 
2.49999E+01 4.49997E-01  3.89381E-05  4.94606E-01 
2.50999E+01 4.54997E-01  3.94814E-05  4.99623E-01 
2.51999E+01 4.59997E-01  4.00608E-05  5.04635E-01 
2.52999E+01 4.64997E-01  4.06643E-05  5.09622E-01 
2.53999E+01 4.69997E-01  4.12923E-05  5.14621E-01 
2.54999E+01 4.74997E-01  4.19393E-05  5.19606E-01 
2.55999E+01 4.79997E-01  4.26012E-05  5.24642E-01 
2.56999E+01 4.84997E-01  4.32719E-05  5.29645E-01 
2.57999E+01 4.89997E-01  4.39480E-05  5.34654E-01 
2.58999E+01 4.94997E-01  4.46248E-05  5.39640E-01 
2.59999E+01 4.99997E-01  4.52854E-05  5.44646E-01 
2.60999E+01 5.04997E-01  4.59568E-05  5.49650E-01 
2.61999E+01 5.09997E-01  4.66027E-05  5.54661E-01 
2.62999E+01 5.14997E-01  4.72348E-05  5.59658E-01 
2.63999E+01 5.19997E-01  4.78487E-05  5.64634E-01 
2.64999E+01 5.24997E-01  4.84333E-05  5.69658E-01 
2.65999E+01 5.29997E-01  4.90041E-05  5.74673E-01 
2.66999E+01 5.34997E-01  4.95309E-05  5.79661E-01 
2.67999E+01 5.39997E-01  5.00374E-05  5.84664E-01 
2.68999E+01 5.44997E-01  5.04939E-05  5.89665E-01 
2.69999E+01 5.49997E-01  5.09004E-05  5.94679E-01 
2.70999E+01 5.54997E-01  5.12808E-05  5.99664E-01 
2.71999E+01 5.59997E-01  5.16042E-05  6.04641E-01 
2.72999E+01 5.64997E-01  5.18780E-05  6.09672E-01 
2.73999E+01 5.69997E-01  5.20960E-05  6.14685E-01 
2.74999E+01 5.74997E-01  5.22553E-05  6.19661E-01 
2.75999E+01 5.79997E-01  5.23603E-05  6.24673E-01 
2.76999E+01 5.84997E-01  5.24090E-05  6.29677E-01 
2.77999E+01 5.89997E-01  5.23838E-05  6.34705E-01 
2.78999E+01 5.94997E-01  5.22985E-05  6.39696E-01 
2.79999E+01 5.99996E-01  5.21280E-05  6.44701E-01 
2.80999E+01 6.04996E-01  5.19005E-05  6.49710E-01 
2.81999E+01 6.09996E-01  5.15835E-05  6.54725E-01 
2.82999E+01 6.14996E-01  5.11856E-05  6.59713E-01 
2.83999E+01 6.19996E-01  5.07005E-05  6.64714E-01 
2.84999E+01 6.24996E-01  5.01129E-05  6.69707E-01 
2.85999E+01 6.29996E-01  4.94276E-05  6.74708E-01 
2.86999E+01 6.34996E-01  4.86312E-05  6.79720E-01 
2.87999E+01 6.39996E-01  4.77107E-05  6.84709E-01 
2.88999E+01 6.44996E-01  4.66659E-05  6.89702E-01 
2.89999E+01 6.49996E-01  4.54955E-05  6.94723E-01 
2.90999E+01 6.54996E-01  4.42268E-05  6.99728E-01 
2.91999E+01 6.59996E-01  4.28618E-05  7.04723E-01 
2.92999E+01 6.64996E-01  4.14274E-05  7.09729E-01 
2.93999E+01 6.69996E-01  3.99788E-05  7.14713E-01 
2.94999E+01 6.74996E-01  3.85554E-05  7.19745E-01 
2.95999E+01 6.79996E-01  3.72180E-05  7.24742E-01 
2.96999E+01 6.84996E-01  3.60371E-05  7.29721E-01 
2.97999E+01 6.89996E-01  3.50349E-05  7.34731E-01 
2.98999E+01 6.94996E-01  3.42412E-05  7.39753E-01 
2.99999E+01 6.99996E-01  3.36366E-05  7.44748E-01 
3.00999E+01 7.04996E-01  3.32186E-05  7.49739E-01 
3.01999E+01 7.09996E-01  3.29400E-05  7.54751E-01 
3.02999E+01 7.14996E-01  3.27766E-05  7.59757E-01 
3.03999E+01 7.19996E-01  3.26947E-05  7.64769E-01 
3.04999E+01 7.24996E-01  3.26697E-05  7.69759E-01 
3.05999E+01 7.29996E-01  3.26942E-05  7.74750E-01 
3.06999E+01 7.34996E-01  3.27509E-05  7.79789E-01 
3.07999E+01 7.39996E-01  3.28208E-05  7.84787E-01 
3.08999E+01 7.44996E-01  3.29091E-05  7.89823E-01 
3.09999E+01 7.49996E-01  3.30032E-05  7.94807E-01 
3.10999E+01 7.54996E-01  3.31092E-05  7.99812E-01 
3.11999E+01 7.59996E-01  3.32210E-05  8.04782E-01 
3.12999E+01 7.64996E-01  3.33414E-05  8.09820E-01 
3.13999E+01 7.69996E-01  3.34590E-05  8.14828E-01 
3.14999E+01 7.74996E-01  3.35757E-05  8.19807E-01 
3.15999E+01 7.79996E-01  3.37132E-05  8.24808E-01 
3.16999E+01 7.84996E-01  3.38391E-05  8.29809E-01 
3.17999E+01 7.89996E-01  3.39688E-05  8.34842E-01 
3.18999E+01 7.94996E-01  3.40910E-05  8.39824E-01 
3.19999E+01 7.99996E-01  3.42239E-05  8.44813E-01 
3.20999E+01 8.04996E-01  3.43599E-05  8.49804E-01 
3.21999E+01 8.09996E-01  3.44841E-05  8.54843E-01 
3.22999E+01 8.14996E-01  3.46156E-05  8.59818E-01 
3.23999E+01 8.19996E-01  3.47389E-05  8.64830E-01 
3.24999E+01 8.24996E-01  3.48530E-05  8.69838E-01 
3.25999E+01 8.29996E-01  3.49573E-05  8.74836E-01 
3.26999E+01 8.34996E-01  3.50656E-05  8.79833E-01 
3.27999E+01 8.39996E-01  3.51851E-05  8.84851E-01 
3.28999E+01 8.44996E-01  3.52486E-05  8.89813E-01 
3.29999E+01 8.49996E-01  3.53092E-05  8.94856E-01 
3.30999E+01 8.54996E-01  3.53820E-05  8.99859E-01 
3.31999E+01 8.59996E-01  3.53984E-05  9.04844E-01 
3.32999E+01 8.64996E-01  3.54124E-05  9.09836E-01 
3.33999E+01 8.69996E-01  3.54203E-05  9.14827E-01 
3.34999E+01 8.74996E-01  3.54538E-05  9.19856E-01 
3.35999E+01 8.79996E-01  3.54718E-05  9.24867E-01 
3.36999E+01 8.84996E-01  3.53450E-05  9.29857E-01 
3.37999E+01 8.89996E-01  3.52966E-05  9.34870E-01 
3.38999E+01 8.94996E-01  3.52346E-05  9.39857E-01 
3.39999E+01 8.99996E-01  3.51586E-05  9.44872E-01 
3.40999E+01 9.04996E-01  3.51199E-05  9.49867E-01 
3.41999E+01 9.09996E-01  3.51264E-05  9.54878E-01 
3.42999E+01 9.14996E-01  3.51813E-05  9.59871E-01 
3.43999E+01 9.19996E-01  3.52636E-05  9.64877E-01 
3.44999E+01 9.24996E-01  3.53666E-05  9.69893E-01 
3.45999E+01 9.29996E-01  3.54508E-05  9.74884E-01 
3.46999E+01 9.34996E-01  3.55757E-05  9.79891E-01 
3.47999E+01 9.39996E-01  3.57046E-05  9.84895E-01 
3.48999E+01 9.44996E-01  3.58354E-05  9.89897E-01 
3.49999E+01 9.49996E-01  3.59717E-05  9.94896E-01 
3.50999E+01 9.54996E-01  3.61090E-05  9.99898E-01 
3.51999E+01 9.59996E-01  3.62414E-05  1.00490E+00 
3.52999E+01 9.64996E-01  3.63832E-05  1.00990E+00 
3.53999E+01 9.69996E-01  3.65383E-05  1.01490E+00 
3.54999E+01 9.74996E-01  3.66978E-05  1.01990E+00 
3.55999E+01 9.79996E-01  3.68610E-05  1.02492E+00 
3.56999E+01 9.84996E-01  3.70321E-05  1.02992E+00 
3.57999E+01 9.89996E-01  3.72031E-05  1.03489E+00 
3.58999E+01 9.94996E-01  3.73709E-05  1.03991E+00 
3.59999E+01 9.99995E-01  3.75691E-05  1.04492E+00 
3.60999E+01 1.00500E+00  3.77364E-05  1.04993E+00 
3.61999E+01 1.01000E+00  3.79268E-05  1.05496E+00 
3.62999E+01 1.01500E+00  3.81168E-05  1.05992E+00 
3.63999E+01 1.02000E+00  3.83187E-05  1.06491E+00 
3.64999E+01 1.02500E+00  3.84954E-05  1.06996E+00 
3.65999E+01 1.03000E+00  3.86891E-05  1.07495E+00 
3.66999E+01 1.03500E+00  3.88960E-05  1.07995E+00 
3.67999E+01 1.04000E+00  3.90956E-05  1.08495E+00 
3.68999E+01 1.04500E+00  3.93116E-05  1.08995E+00 
3.69999E+01 1.05000E+00  3.95318E-05  1.09497E+00 
3.70999E+01 1.05500E+00  3.97740E-05  1.09997E+00 
3.71999E+01 1.06000E+00  4.00247E-05  1.10496E+00 
3.72999E+01 1.06500E+00  4.02847E-05  1.10996E+00 
3.73999E+01 1.07000E+00  4.05383E-05  1.11500E+00 
3.74999E+01 1.07500E+00  4.08087E-05  1.11999E+00 
3.75999E+01 1.08000E+00  4.10889E-05  1.12502E+00 
3.76999E+01 1.08500E+00  4.13849E-05  1.13002E+00 
3.77999E+01 1.09000E+00  4.16492E-05  1.13502E+00 
3.78999E+01 1.09500E+00  4.19352E-05  1.14000E+00 
3.79999E+01 1.10000E+00  4.22391E-05  1.14502E+00 
3.80999E+01 1.10500E+00  4.25478E-05  1.15002E+00 
3.81999E+01 1.11000E+00  4.28686E-05  1.15501E+00 
3.82999E+01 1.11500E+00  4.32119E-05  1.16003E+00 
3.83999E+01 1.12000E+00  4.35245E-05  1.16503E+00 
3.84999E+01 1.12500E+00  4.38650E-05  1.17003E+00 
3.85999E+01 1.13000E+00  4.42221E-05  1.17501E+00 
3.86999E+01 1.13500E+00  4.46019E-05  1.18002E+00 
3.87999E+01 1.14000E+00  4.51272E-05  1.18505E+00 
3.88999E+01 1.14500E+00  4.53743E-05  1.19003E+00 
3.89999E+01 1.15000E+00  4.57502E-05  1.19503E+00 
3.90999E+01 1.15500E+00  4.61439E-05  1.20002E+00 
3.91999E+01 1.16000E+00  4.65516E-05  1.20505E+00 
3.92999E+01 1.16500E+00  4.69351E-05  1.21005E+00 
3.93999E+01 1.17000E+00  4.73307E-05  1.21504E+00 
3.94999E+01 1.17500E+00  4.77449E-05  1.22003E+00 
3.95999E+01 1.18000E+00  4.81493E-05  1.22505E+00 
3.96999E+01 1.18500E+00  4.85534E-05  1.23005E+00 
3.97999E+01 1.19000E+00  4.89677E-05  1.23507E+00 
3.98999E+01 1.19500E+00  4.93698E-05  1.24006E+00 
3.99999E+01 1.19999E+00  4.97626E-05  1.24505E+00 
4.00999E+01 1.20499E+00  5.01664E-05  1.25005E+00 
4.01999E+01 1.20999E+00  5.05489E-05  1.25507E+00 
4.02999E+01 1.21499E+00  5.08778E-05  1.26006E+00 
4.03999E+01 1.21999E+00  5.12174E-05  1.26506E+00 
4.04999E+01 1.22499E+00  5.15643E-05  1.27007E+00 
4.05999E+01 1.22999E+00  5.18687E-05  1.27507E+00 
4.06999E+01 1.23499E+00  5.21801E-05  1.28008E+00 
4.07999E+01 1.23999E+00  5.24783E-05  1.28507E+00 
4.08999E+01 1.24499E+00  5.27560E-05  1.29009E+00 
4.09999E+01 1.24999E+00  5.30637E-05  1.29510E+00 
4.10999E+01 1.25499E+00  5.33439E-05  1.30009E+00 
4.11999E+01 1.25999E+00  5.36593E-05  1.30508E+00 
4.12999E+01 1.26499E+00  5.39903E-05  1.31010E+00 
4.13999E+01 1.26999E+00  5.43522E-05  1.31511E+00 
4.14999E+01 1.27499E+00  5.47039E-05  1.32011E+00 
4.15999E+01 1.27999E+00  5.50955E-05  1.32508E+00 
4.16999E+01 1.28499E+00  5.55431E-05  1.33010E+00 
4.17999E+01 1.28999E+00  5.60006E-05  1.33512E+00 
4.18999E+01 1.29499E+00  5.64801E-05  1.34012E+00 
4.19999E+01 1.29999E+00  5.70062E-05  1.34510E+00 
4.20999E+01 1.30499E+00  5.75857E-05  1.35010E+00 
4.21999E+01 1.30999E+00  5.82228E-05  1.35511E+00 
4.22999E+01 1.31499E+00  5.88949E-05  1.36012E+00 
4.23999E+01 1.31999E+00  5.96180E-05  1.36511E+00 
4.24999E+01 1.32499E+00  6.03912E-05  1.37008E+00 
4.25999E+01 1.32999E+00  6.12319E-05  1.37510E+00 
4.26999E+01 1.33499E+00  6.21487E-05  1.38011E+00 
4.27999E+01 1.33999E+00  6.30967E-05  1.38514E+00 
4.28999E+01 1.34499E+00  6.41246E-05  1.39012E+00 
4.29999E+01 1.34999E+00  6.52033E-05  1.39513E+00 
4.30999E+01 1.35499E+00  6.63566E-05  1.40016E+00 
4.31999E+01 1.35999E+00  6.75522E-05  1.40512E+00 
4.32999E+01 1.36499E+00  6.88172E-05  1.41013E+00 
4.33999E+01 1.36999E+00  7.01517E-05  1.41515E+00 
4.34999E+01 1.37499E+00  7.15491E-05  1.42016E+00 
4.35999E+01 1.37999E+00  7.30198E-05  1.42517E+00 
4.36999E+01 1.38499E+00  7.45304E-05  1.43015E+00 
4.37999E+01 1.38999E+00  7.61449E-05  1.43517E+00 
4.38999E+01 1.39499E+00  7.77413E-05  1.44016E+00 
4.39999E+01 1.39999E+00  7.94328E-05  1.44518E+00 
4.40999E+01 1.40499E+00  8.12009E-05  1.45019E+00 
4.41999E+01 1.40999E+00  8.30159E-05  1.45520E+00 
4.42999E+01 1.41499E+00  8.48923E-05  1.46021E+00 
4.43999E+01 1.41999E+00  8.68107E-05  1.46519E+00 
4.44999E+01 1.42499E+00  8.87977E-05  1.47019E+00 
4.45999E+01 1.42999E+00  9.08430E-05  1.47520E+00 
4.46999E+01 1.43499E+00  9.29442E-05  1.48021E+00 
4.47999E+01 1.43999E+00  9.51024E-05  1.48521E+00 
4.48999E+01 1.44499E+00  9.72998E-05  1.49021E+00 
4.49999E+01 1.44999E+00  9.95696E-05  1.49521E+00 
4.50999E+01 1.45499E+00  1.01874E-04  1.50020E+00 
4.51999E+01 1.45999E+00  1.04240E-04  1.50519E+00 
4.52999E+01 1.46499E+00  1.06669E-04  1.51022E+00 
4.53999E+01 1.46999E+00  1.09141E-04  1.51523E+00 
4.54999E+01 1.47499E+00  1.11676E-04  1.52021E+00 
4.55999E+01 1.47999E+00  1.14278E-04  1.52521E+00 
4.56999E+01 1.48499E+00  1.16926E-04  1.53021E+00 
4.57999E+01 1.48999E+00  1.19656E-04  1.53525E+00 
4.58999E+01 1.49499E+00  1.22436E-04  1.54022E+00 
4.59999E+01 1.49999E+00  1.25283E-04  1.54520E+00 
4.60999E+01 1.50499E+00  1.28213E-04  1.55022E+00 
4.61999E+01 1.50999E+00  1.31198E-04  1.55523E+00 
4.62999E+01 1.51499E+00  1.34254E-04  1.56021E+00 
4.63999E+01 1.51999E+00  1.37357E-04  1.56521E+00 
4.64999E+01 1.52499E+00  1.40542E-04  1.57022E+00 
4.65999E+01 1.52999E+00  1.43769E-04  1.57523E+00 
4.66999E+01 1.53499E+00  1.47047E-04  1.58023E+00 
4.67999E+01 1.53999E+00  1.50368E-04  1.58525E+00 
4.68999E+01 1.54499E+00  1.53736E-04  1.59025E+00 
4.69999E+01 1.54999E+00  1.57142E-04  1.59525E+00 
4.70999E+01 1.55499E+00  1.60567E-04  1.60026E+00 
4.71999E+01 1.55999E+00  1.64063E-04  1.60528E+00 
4.72999E+01 1.56499E+00  1.67532E-04  1.61028E+00 
4.73999E+01 1.56999E+00  1.71038E-04  1.61528E+00 
4.74999E+01 1.57499E+00  1.74578E-04  1.62028E+00 
4.75999E+01 1.57999E+00  1.78145E-04  1.62530E+00 
4.76999E+01 1.58499E+00  1.81670E-04  1.63031E+00 
4.77999E+01 1.58999E+00  1.85295E-04  1.63529E+00 
4.78999E+01 1.59499E+00  1.88797E-04  1.64028E+00 
4.79999E+01 1.59999E+00  1.92389E-04  1.64531E+00 
4.80999E+01 1.60499E+00  1.95988E-04  1.65031E+00 
4.81999E+01 1.60999E+00  1.99597E-04  1.65532E+00 
4.82999E+01 1.61499E+00  2.03223E-04  1.66030E+00 
4.83999E+01 1.61999E+00  2.06785E-04  1.66531E+00 
4.84999E+01 1.62499E+00  2.10513E-04  1.67033E+00 
4.85999E+01 1.62999E+00  2.14399E-04  1.67530E+00 
4.86999E+01 1.63499E+00  2.17974E-04  1.68030E+00 
4.87999E+01 1.63999E+00  2.21534E-04  1.68532E+00 
4.88999E+01 1.64499E+00  2.25106E-04  1.69033E+00 
4.89999E+01 1.64999E+00  2.28679E-04  1.69532E+00 
4.90999E+01 1.65499E+00  2.32244E-04  1.70030E+00 
4.91999E+01 1.65999E+00  2.35817E-04  1.70533E+00 
4.92999E+01 1.66499E+00  2.39369E-04  1.71032E+00 
4.93999E+01 1.66999E+00  2.42932E-04  1.71531E+00 
4.94999E+01 1.67499E+00  2.46501E-04  1.72029E+00 
4.95999E+01 1.67999E+00  2.50084E-04  1.72533E+00 
4.96999E+01 1.68499E+00  2.53647E-04  1.73033E+00 
4.97999E+01 1.68999E+00  2.57215E-04  1.73532E+00 
4.98999E+01 1.69499E+00  2.60762E-04  1.74031E+00 
4.99999E+01 1.69999E+00  2.64313E-04  1.74532E+00 
5.00999E+01 1.70499E+00  2.67819E-04  1.75034E+00 
5.01999E+01 1.70999E+00  2.71308E-04  1.75534E+00 
5.02999E+01 1.71499E+00  2.74782E-04  1.76035E+00 
5.03999E+01 1.71999E+00  2.78290E-04  1.76538E+00 
5.04999E+01 1.72499E+00  2.81773E-04  1.77036E+00 
5.05999E+01 1.72999E+00  2.85184E-04  1.77536E+00 
5.06999E+01 1.73499E+00  2.88608E-04  1.78037E+00 
5.07999E+01 1.73999E+00  2.92007E-04  1.78538E+00 
5.08999E+01 1.74499E+00  2.95343E-04  1.79038E+00 
5.09999E+01 1.74999E+00  2.98697E-04  1.79536E+00 
5.10999E+01 1.75499E+00  3.02040E-04  1.80038E+00 
5.11999E+01 1.75999E+00  3.05372E-04  1.80539E+00 
5.12999E+01 1.76499E+00  3.08662E-04  1.81038E+00 
5.13999E+01 1.76999E+00  3.11909E-04  1.81536E+00 
5.14999E+01 1.77499E+00  3.15144E-04  1.82039E+00 
5.15999E+01 1.77999E+00  3.18438E-04  1.82537E+00 
5.16999E+01 1.78499E+00  3.21634E-04  1.83037E+00 
5.17999E+01 1.78999E+00  3.24803E-04  1.83538E+00 
5.18999E+01 1.79499E+00  3.27951E-04  1.84039E+00 
5.19999E+01 1.79999E+00  3.31095E-04  1.84541E+00 
5.20999E+01 1.79499E+00  3.24358E-04  1.84040E+00 
5.21999E+01 1.78999E+00  3.17893E-04  1.83539E+00 
5.22999E+01 1.78499E+00  3.11639E-04  1.83040E+00 
5.23999E+01 1.77999E+00  3.05509E-04  1.82540E+00 
5.24999E+01 1.77499E+00  2.99490E-04  1.82038E+00 
5.25999E+01 1.76999E+00  2.93621E-04  1.81538E+00 
5.26999E+01 1.76499E+00  2.87882E-04  1.81039E+00 
5.27999E+01 1.75999E+00  2.82158E-04  1.80539E+00 
5.28999E+01 1.75499E+00  2.76558E-04  1.80040E+00 
5.29999E+01 1.74999E+00  2.71058E-04  1.79540E+00 
5.30999E+01 1.74499E+00  2.65625E-04  1.79041E+00 
5.31999E+01 1.73999E+00  2.60274E-04  1.78539E+00 
5.32999E+01 1.73499E+00  2.54979E-04  1.78041E+00 
5.33999E+01 1.72999E+00  2.49799E-04  1.77539E+00 
5.34999E+01 1.72499E+00  2.44722E-04  1.77038E+00 
5.35999E+01 1.71999E+00  2.39691E-04  1.76540E+00 
5.36999E+01 1.71499E+00  2.34724E-04  1.76040E+00 
5.37999E+01 1.70999E+00  2.29841E-04  1.75538E+00 
5.38999E+01 1.70499E+00  2.25030E-04  1.75035E+00 
5.39999E+01 1.69999E+00  2.20256E-04  1.74537E+00 
5.40999E+01 1.69499E+00  2.15583E-04  1.74032E+00 
5.41999E+01 1.68999E+00  2.11015E-04  1.73535E+00 
5.42999E+01 1.68499E+00  2.06472E-04  1.73034E+00 
5.43999E+01 1.67999E+00  2.02003E-04  1.72534E+00 
5.44999E+01 1.67499E+00  1.97618E-04  1.72031E+00 
5.45999E+01 1.66999E+00  1.93240E-04  1.71532E+00 
5.46999E+01 1.66499E+00  1.88941E-04  1.71034E+00 
5.47999E+01 1.65999E+00  1.84706E-04  1.70535E+00 
5.48999E+01 1.65499E+00  1.80515E-04  1.70031E+00 
5.49999E+01 1.64999E+00  1.76408E-04  1.69532E+00 
5.50999E+01 1.64499E+00  1.72366E-04  1.69031E+00 
5.51999E+01 1.63999E+00  1.68389E-04  1.68532E+00 
5.52999E+01 1.63499E+00  1.64439E-04  1.68030E+00 
5.53999E+01 1.62999E+00  1.60561E-04  1.67530E+00 
5.54999E+01 1.62499E+00  1.56727E-04  1.67029E+00 
5.55999E+01 1.61999E+00  1.52978E-04  1.66528E+00 
5.56999E+01 1.61499E+00  1.49277E-04  1.66028E+00 
5.57999E+01 1.60999E+00  1.45597E-04  1.65528E+00 
5.58999E+01 1.60499E+00  1.41991E-04  1.65030E+00 
5.59999E+01 1.59999E+00  1.38427E-04  1.64530E+00 
5.60999E+01 1.59499E+00  1.34928E-04  1.64029E+00 
5.61999E+01 1.58999E+00  1.31488E-04  1.63529E+00 
5.62999E+01 1.58499E+00  1.28067E-04  1.63031E+00 
5.63999E+01 1.57999E+00  1.24703E-04  1.62529E+00 
5.64999E+01 1.57499E+00  1.21391E-04  1.62028E+00 
5.65999E+01 1.56999E+00  1.18185E-04  1.61528E+00 
5.66999E+01 1.56499E+00  1.14932E-04  1.61029E+00 
5.67999E+01 1.55999E+00  1.11791E-04  1.60526E+00 
5.68999E+01 1.55499E+00  1.08667E-04  1.60026E+00 
5.69999E+01 1.54999E+00  1.05636E-04  1.59526E+00 
5.70999E+01 1.54499E+00  1.02644E-04  1.59024E+00 
5.71999E+01 1.53999E+00  9.96714E-05  1.58525E+00 
5.72999E+01 1.53499E+00  9.67478E-05  1.58023E+00 
5.73999E+01 1.52999E+00  9.38547E-05  1.57524E+00 
5.74999E+01 1.52499E+00  9.10470E-05  1.57023E+00 
5.75999E+01 1.51999E+00  8.83022E-05  1.56520E+00 
5.76999E+01 1.51499E+00  8.55737E-05  1.56022E+00 
5.77999E+01 1.50999E+00  8.29127E-05  1.55523E+00 
5.78999E+01 1.50499E+00  8.02847E-05  1.55023E+00 
5.79999E+01 1.49999E+00  7.77168E-05  1.54521E+00 
5.80999E+01 1.49499E+00  7.51975E-05  1.54020E+00 
5.81999E+01 1.48999E+00  7.27309E-05  1.53523E+00 
5.82999E+01 1.48499E+00  7.03184E-05  1.53021E+00 
5.83999E+01 1.47999E+00  6.79348E-05  1.52520E+00 
5.84999E+01 1.47499E+00  6.56326E-05  1.52023E+00 
5.85999E+01 1.46999E+00  6.33731E-05  1.51522E+00 
5.86999E+01 1.46499E+00  6.11468E-05  1.51021E+00 
5.87999E+01 1.45999E+00  5.90015E-05  1.50520E+00 
5.88999E+01 1.45499E+00  5.68709E-05  1.50021E+00 
5.89999E+01 1.44999E+00  5.48016E-05  1.49521E+00 
5.90999E+01 1.44499E+00  5.27992E-05  1.49019E+00 
5.91999E+01 1.43999E+00  5.08450E-05  1.48520E+00 
5.92999E+01 1.43499E+00  4.89283E-05  1.48022E+00 
5.93999E+01 1.42999E+00  4.70688E-05  1.47521E+00 
5.94999E+01 1.42499E+00  4.52638E-05  1.47021E+00 
5.95999E+01 1.41999E+00  4.35240E-05  1.46519E+00 
5.96999E+01 1.41499E+00  4.18227E-05  1.46020E+00 
5.97999E+01 1.40999E+00  4.01789E-05  1.45521E+00 
5.98999E+01 1.40499E+00  3.85800E-05  1.45019E+00 
5.99998E+01 1.39999E+00  3.70276E-05  1.44517E+00 
6.00998E+01 1.39499E+00  3.55345E-05  1.44017E+00 
6.01998E+01 1.38999E+00  3.37072E-05  1.43517E+00 
6.02998E+01 1.38499E+00  3.23169E-05  1.43015E+00 
6.03998E+01 1.37999E+00  3.09605E-05  1.42515E+00 
6.04998E+01 1.37499E+00  2.96588E-05  1.42013E+00 
6.05998E+01 1.36999E+00  2.84057E-05  1.41513E+00 
6.06998E+01 1.36499E+00  2.72040E-05  1.41013E+00 
6.07998E+01 1.35999E+00  2.60540E-05  1.40515E+00 
6.08998E+01 1.35499E+00  2.49470E-05  1.40014E+00 
6.09998E+01 1.34999E+00  2.38874E-05  1.39511E+00 
6.10998E+01 1.34499E+00  2.28739E-05  1.39010E+00 
6.11998E+01 1.33999E+00  2.19026E-05  1.38512E+00 
6.12998E+01 1.33499E+00  2.09674E-05  1.38010E+00 
6.13998E+01 1.32999E+00  2.00767E-05  1.37510E+00 
6.14998E+01 1.32499E+00  1.92344E-05  1.37010E+00 
6.15998E+01 1.31999E+00  1.84291E-05  1.36512E+00 
6.16998E+01 1.31499E+00  1.76618E-05  1.36010E+00 
6.17998E+01 1.30999E+00  1.69346E-05  1.35511E+00 
6.18998E+01 1.30499E+00  1.62395E-05  1.35008E+00 
6.19998E+01 1.29999E+00  1.55826E-05  1.34510E+00 
6.20998E+01 1.29499E+00  1.49576E-05  1.34009E+00 
6.21998E+01 1.28999E+00  1.43714E-05  1.33510E+00 
6.22998E+01 1.28499E+00  1.38114E-05  1.33007E+00 
6.23998E+01 1.27999E+00  1.32782E-05  1.32507E+00 
6.24998E+01 1.27499E+00  1.27749E-05  1.32008E+00 
6.25998E+01 1.26999E+00  1.23032E-05  1.31509E+00 
6.26998E+01 1.26499E+00  1.18556E-05  1.31008E+00 
6.27998E+01 1.25999E+00  1.14343E-05  1.30509E+00 
6.28998E+01 1.25499E+00  1.10380E-05  1.30008E+00 
6.29998E+01 1.24999E+00  1.06610E-05  1.29508E+00 
6.30998E+01 1.24499E+00  1.03086E-05  1.29008E+00 
6.31998E+01 1.23999E+00  9.97775E-06  1.28505E+00 
6.32998E+01 1.23499E+00  9.66427E-06  1.28007E+00 
6.33998E+01 1.22999E+00  9.36252E-06  1.27508E+00 
6.34998E+01 1.22499E+00  9.08469E-06  1.27006E+00 
6.35998E+01 1.21999E+00  8.82200E-06  1.26505E+00 
6.36998E+01 1.21499E+00  8.57369E-06  1.26003E+00 
6.37998E+01 1.20999E+00  8.34264E-06  1.25505E+00 
6.38998E+01 1.20499E+00  8.12265E-06  1.25005E+00 
6.39998E+01 1.19999E+00  7.91090E-06  1.24505E+00 
6.40998E+01 1.19500E+00  7.71702E-06  1.24006E+00 
6.41998E+01 1.19000E+00  7.53626E-06  1.23505E+00 
6.42998E+01 1.18500E+00  7.36308E-06  1.23005E+00 
6.43998E+01 1.18000E+00  7.19135E-06  1.22504E+00 
6.44998E+01 1.17500E+00  7.03494E-06  1.22002E+00 
6.45998E+01 1.17000E+00  6.88810E-06  1.21504E+00 
6.46998E+01 1.16500E+00  6.74828E-06  1.21004E+00 
6.47998E+01 1.16000E+00  6.61819E-06  1.20502E+00 
6.48998E+01 1.15500E+00  6.49299E-06  1.20002E+00 
6.49998E+01 1.15000E+00  6.38584E-06  1.19503E+00 
6.50998E+01 1.14500E+00  6.27597E-06  1.19003E+00 
6.51998E+01 1.14000E+00  6.16952E-06  1.18501E+00 
6.52998E+01 1.13500E+00  6.06767E-06  1.18000E+00 
6.53998E+01 1.13000E+00  5.95900E-06  1.17502E+00 
6.54998E+01 1.12500E+00  5.86289E-06  1.17001E+00 
6.55998E+01 1.12000E+00  5.76754E-06  1.16503E+00 
6.56998E+01 1.11500E+00  5.68009E-06  1.15999E+00 
6.57998E+01 1.11000E+00  5.59131E-06  1.15499E+00 
6.58998E+01 1.10500E+00  5.50588E-06  1.15002E+00 
6.59998E+01 1.10000E+00  5.42318E-06  1.14500E+00 
6.60998E+01 1.09500E+00  5.33997E-06  1.14002E+00 
6.61998E+01 1.09000E+00  5.26679E-06  1.13497E+00 
6.62998E+01 1.08500E+00  5.19271E-06  1.13001E+00 
6.63998E+01 1.08000E+00  5.11398E-06  1.12501E+00 
6.64998E+01 1.07500E+00  5.04472E-06  1.11999E+00 
6.65998E+01 1.07000E+00  4.97476E-06  1.11498E+00 
6.66998E+01 1.06500E+00  4.90820E-06  1.10996E+00 
6.67998E+01 1.06000E+00  4.84449E-06  1.10494E+00 
6.68998E+01 1.05500E+00  4.77913E-06  1.09994E+00 
6.69998E+01 1.05000E+00  4.71625E-06  1.09495E+00 
6.70998E+01 1.04500E+00  4.65601E-06  1.08995E+00 
6.71998E+01 1.04000E+00  4.60155E-06  1.08495E+00 
6.72998E+01 1.03500E+00  4.54002E-06  1.07993E+00 
6.73998E+01 1.03000E+00  4.47748E-06  1.07494E+00 
6.74998E+01 1.02500E+00  4.41792E-06  1.06993E+00 
6.75998E+01 1.02000E+00  4.36146E-06  1.06494E+00 
6.76998E+01 1.01500E+00  4.30447E-06  1.05993E+00 
6.77998E+01 1.01000E+00  4.25144E-06  1.05493E+00 
6.78998E+01 1.00500E+00  4.19820E-06  1.04994E+00 
6.79998E+01 9.99995E-01  4.14076E-06  1.04492E+00 
6.80998E+01 9.94996E-01  4.08755E-06  1.03992E+00 
6.81998E+01 9.89996E-01  4.03684E-06  1.03492E+00 
6.82998E+01 9.84996E-01  3.98473E-06  1.02993E+00 
6.83998E+01 9.79996E-01  3.89548E-06  1.02490E+00 
6.84998E+01 9.74996E-01  3.84302E-06  1.01990E+00 
6.85998E+01 9.69996E-01  3.79115E-06  1.01490E+00 
6.86998E+01 9.64996E-01  3.73884E-06  1.00991E+00 
6.87998E+01 9.59996E-01  3.68912E-06  1.00489E+00 
6.88998E+01 9.54996E-01  3.63543E-06  9.99890E-01 
6.89998E+01 9.49996E-01  3.58426E-06  9.94902E-01 
6.90998E+01 9.44996E-01  3.53828E-06  9.89929E-01 
6.91998E+01 9.39996E-01  3.48628E-06  9.84909E-01 
6.92998E+01 9.34996E-01  3.43851E-06  9.79872E-01 
6.93998E+01 9.29996E-01  3.38855E-06  9.74904E-01 
6.94998E+01 9.24996E-01  3.33707E-06  9.69896E-01 
6.95998E+01 9.19996E-01  3.29021E-06  9.64902E-01 
6.96998E+01 9.14996E-01  3.23639E-06  9.59894E-01 
6.97998E+01 9.09996E-01  3.19049E-06  9.54890E-01 
6.98998E+01 9.04996E-01  3.13846E-06  9.49869E-01 
6.99998E+01 8.99996E-01  3.08572E-06  9.44893E-01 
7.00998E+01 8.94996E-01  3.03880E-06  9.39902E-01 
7.01998E+01 8.89996E-01  2.98317E-06  9.34887E-01 
7.02998E+01 8.84996E-01  2.93484E-06  9.29878E-01 
7.03998E+01 8.79996E-01  2.87983E-06  9.24881E-01 
7.04998E+01 8.74996E-01  2.83121E-06  9.19903E-01 
7.05998E+01 8.69996E-01  2.77777E-06  9.14877E-01 
7.06998E+01 8.64996E-01  2.72403E-06  9.09864E-01 
7.07998E+01 8.59996E-01  2.68076E-06  9.04855E-01 
7.08998E+01 8.54996E-01  2.62466E-06  8.99870E-01 
7.09998E+01 8.49996E-01  2.56785E-06  8.94884E-01 
7.10998E+01 8.44996E-01  2.51491E-06  8.89844E-01 
7.11998E+01 8.39996E-01  2.46731E-06  8.84838E-01 
7.12998E+01 8.34996E-01  2.39179E-06  8.79830E-01 
7.13998E+01 8.29996E-01  2.35304E-06  8.74831E-01 
7.14998E+01 8.24996E-01  2.28747E-06  8.69818E-01 
7.15998E+01 8.19996E-01  2.21658E-06  8.64831E-01 
7.16998E+01 8.14996E-01  2.11838E-06  8.59830E-01 
7.17998E+01 8.09996E-01  2.08880E-06  8.54838E-01 
7.18998E+01 8.04996E-01  2.04460E-06  8.49821E-01 
7.19998E+01 7.99996E-01  1.99435E-06  8.44805E-01 
7.20998E+01 7.94996E-01  1.87362E-06  8.39818E-01 
7.21998E+01 7.89996E-01  1.77503E-06  8.34837E-01 
7.22998E+01 7.84996E-01  1.71613E-06  8.29803E-01 
7.23998E+01 7.79996E-01  1.74711E-06  8.24795E-01 
7.24998E+01 7.74996E-01  1.59030E-06  8.19804E-01 
7.25998E+01 7.69996E-01  1.57582E-06  8.14821E-01 
7.26998E+01 7.64996E-01  1.56313E-06  8.09801E-01 
7.27998E+01 7.59996E-01  1.53921E-06  8.04805E-01 
7.28998E+01 7.54996E-01  1.45428E-06  7.99798E-01 
7.29998E+01 7.49996E-01  1.44482E-06  7.94803E-01 
7.30998E+01 7.44996E-01  1.43829E-06  7.89786E-01 
7.31998E+01 7.39996E-01  1.37039E-06  7.84762E-01 
7.32998E+01 7.34996E-01  1.28689E-06  7.79755E-01 
7.33998E+01 7.29996E-01  1.18477E-06  7.74753E-01 
7.34998E+01 7.24996E-01  1.09929E-06  7.69738E-01 
7.35998E+01 7.19996E-01  1.02303E-06  7.64759E-01 
7.36998E+01 7.14996E-01  9.34384E-07  7.59764E-01 
7.37998E+01 7.09996E-01  8.49408E-07  7.54764E-01 
7.38998E+01 7.04996E-01  7.69426E-07  7.49746E-01 
7.39998E+01 6.99996E-01  6.86084E-07  7.44742E-01 
7.40998E+01 6.94996E-01  6.15860E-07  7.39765E-01 
7.41998E+01 6.89996E-01  5.30159E-07  7.34739E-01 
7.42998E+01 6.84996E-01  4.43377E-07  7.29752E-01 
7.43998E+01 6.79996E-01  3.54336E-07  7.24727E-01 
7.44998E+01 6.74996E-01  2.68605E-07  7.19756E-01 
7.45998E+01 6.69996E-01  1.85091E-07  7.14741E-01 
7.46998E+01 6.64996E-01  9.99449E-08  7.09713E-01 
7.47998E+01 6.59996E-01  2.01175E-08  7.04734E-01 
7.48998E+01 6.54996E-01  -3.41317E-08 6.99717E-01 
7.49998E+01 6.49996E-01  -8.22572E-08 6.94729E-01 
7.50998E+01 6.44996E-01  -1.27940E-07 6.89712E-01 
7.51998E+01 6.39996E-01  -1.78851E-07 6.84724E-01 
7.52998E+01 6.34996E-01  -2.29436E-07 6.79750E-01 
7.53998E+01 6.29996E-01  -2.91797E-07 6.74716E-01 
7.54998E+01 6.24996E-01  -3.50295E-07 6.69719E-01 
7.55998E+01 6.19996E-01  -4.09574E-07 6.64721E-01 
7.56998E+01 6.14996E-01  -4.73341E-07 6.59725E-01 
7.57998E+01 6.09996E-01  -5.35247E-07 6.54719E-01 
7.58998E+01 6.04996E-01  -6.16207E-07 6.49705E-01 
7.59998E+01 5.99996E-01  -6.94252E-07 6.44718E-01 
7.60998E+01 5.94997E-01  -7.67677E-07 6.39711E-01 
7.61998E+01 5.89997E-01  -8.55215E-07 6.34698E-01 
7.62998E+01 5.84997E-01  -9.38449E-07 6.29677E-01 
7.63998E+01 5.79997E-01  -1.03382E-06 6.24666E-01 
7.64998E+01 5.74997E-01  -1.12790E-06 6.19674E-01 
7.65998E+01 5.69997E-01  -1.21507E-06 6.14686E-01 
7.66998E+01 5.64997E-01  -1.30975E-06 6.09660E-01 
7.67998E+01 5.59997E-01  -1.39875E-06 6.04660E-01 
7.68998E+01 5.54997E-01  -1.49703E-06 5.99658E-01 
7.69998E+01 5.49997E-01  -1.59173E-06 5.94669E-01 
7.70998E+01 5.44997E-01  -1.68096E-06 5.89661E-01 
7.71998E+01 5.39997E-01  -1.77698E-06 5.84652E-01 
7.72998E+01 5.34997E-01  -1.86276E-06 5.79660E-01 
7.73998E+01 5.29997E-01  -1.96493E-06 5.74655E-01 
7.74998E+01 5.24997E-01  -2.06754E-06 5.69626E-01 
7.75998E+01 5.19997E-01  -2.15789E-06 5.64620E-01 
7.76998E+01 5.14997E-01  -3.14734E-06 5.59636E-01 
7.77998E+01 5.09997E-01  -3.21805E-06 5.54660E-01 
7.78998E+01 5.04997E-01  -3.33630E-06 5.49640E-01 
7.79998E+01 4.99997E-01  -3.46962E-06 5.44607E-01 
7.80998E+01 4.94997E-01  -3.59672E-06 5.39618E-01 
7.81998E+01 4.89997E-01  -3.74161E-06 5.34628E-01 
7.82998E+01 4.84997E-01  -3.88509E-06 5.29624E-01 
7.83998E+01 4.79997E-01  -4.05083E-06 5.24627E-01 
7.84998E+01 4.74997E-01  -4.21920E-06 5.19609E-01 
7.85998E+01 4.69997E-01  -4.38774E-06 5.14631E-01 
7.86998E+01 4.64997E-01  -4.57214E-06 5.09632E-01 
7.87998E+01 4.59997E-01  -4.76074E-06 5.04610E-01 
7.88998E+01 4.54997E-01  -4.97317E-06 4.99603E-01 
7.89998E+01 4.49997E-01  -5.19208E-06 4.94622E-01 
7.90998E+01 4.44997E-01  -5.41072E-06 4.89633E-01 
7.91998E+01 4.39997E-01  -5.64939E-06 4.84615E-01 
7.92998E+01 4.34997E-01  -5.89152E-06 4.79609E-01 
7.93998E+01 4.29997E-01  -6.15628E-06 4.74615E-01 
7.94998E+01 4.24997E-01  -6.43543E-06 4.69591E-01 
7.95998E+01 4.19997E-01  -6.71890E-06 4.64600E-01 
7.96998E+01 4.14997E-01  -7.02524E-06 4.59589E-01 
7.97998E+01 4.09997E-01  -7.33524E-06 4.54587E-01 
7.98998E+01 4.04997E-01  -7.66434E-06 4.49565E-01 
7.99998E+01 3.99997E-01  -8.02281E-06 4.44563E-01 
8.00998E+01 3.94997E-01  -8.38226E-06 4.39565E-01 
8.01998E+01 3.89997E-01  -8.76104E-06 4.34567E-01 
8.02998E+01 3.84997E-01  -9.15749E-06 4.29560E-01 
8.03998E+01 3.79997E-01  -9.57488E-06 4.24554E-01 
8.04998E+01 3.74997E-01  -1.00103E-05 4.19538E-01 
8.05998E+01 3.69997E-01  -1.04535E-05 4.14562E-01 
8.06998E+01 3.64997E-01  -1.09224E-05 4.09551E-01 
8.07998E+01 3.59997E-01  -1.13976E-05 4.04536E-01 
8.08998E+01 3.54997E-01  -1.19104E-05 3.99529E-01 
8.09998E+01 3.49997E-01  -1.24323E-05 3.94558E-01 
8.10998E+01 3.44997E-01  -1.29638E-05 3.89553E-01 
8.11998E+01 3.39997E-01  -1.35241E-05 3.84529E-01 
8.12998E+01 3.34997E-01  -1.40907E-05 3.79540E-01 
8.13998E+01 3.29997E-01  -1.46792E-05 3.74554E-01 
8.14998E+01 3.24997E-01  -1.52875E-05 3.69534E-01 
8.15998E+01 3.19997E-01  -1.59001E-05 3.64514E-01 
8.16998E+01 3.14997E-01  -1.65307E-05 3.59511E-01 
8.17998E+01 3.09997E-01  -1.71765E-05 3.54534E-01 
8.18998E+01 3.04997E-01  -1.78392E-05 3.49512E-01 
8.19998E+01 2.99997E-01  -1.85138E-05 3.44516E-01 
8.20998E+01 2.94997E-01  -1.91836E-05 3.39535E-01 
8.21998E+01 2.89997E-01  -1.98729E-05 3.34528E-01 
8.22998E+01 2.84997E-01  -2.05569E-05 3.29514E-01 
8.23998E+01 2.79997E-01  -2.12642E-05 3.24502E-01 
8.24998E+01 2.74997E-01  -2.19358E-05 3.19503E-01 
8.25998E+01 2.69997E-01  -2.26402E-05 3.14490E-01 
8.26998E+01 2.64997E-01  -2.33439E-05 3.09524E-01 
8.27998E+01 2.59997E-01  -2.40463E-05 3.04494E-01 
8.28998E+01 2.54997E-01  -2.47458E-05 2.99500E-01 
8.29998E+01 2.49997E-01  -2.54456E-05 2.94487E-01 
8.30998E+01 2.44997E-01  -2.61290E-05 2.89493E-01 
8.31998E+01 2.39997E-01  -2.68166E-05 2.84477E-01 
8.32998E+01 2.34997E-01  -2.74931E-05 2.79471E-01 
8.33998E+01 2.29997E-01  -2.81580E-05 2.74474E-01 
8.34998E+01 2.24997E-01  -2.88095E-05 2.69455E-01 
8.35998E+01 2.19997E-01  -2.94396E-05 2.64459E-01 
8.36998E+01 2.14997E-01  -3.00619E-05 2.59459E-01 
8.37998E+01 2.09997E-01  -3.06536E-05 2.54444E-01 
8.38998E+01 2.04997E-01  -3.12458E-05 2.49439E-01 
8.39998E+01 1.99997E-01  -3.18041E-05 2.44455E-01 
8.40998E+01 1.94998E-01  -3.23588E-05 2.39453E-01 
8.41998E+01 1.89998E-01  -3.28787E-05 2.34461E-01 
8.42998E+01 1.84998E-01  -3.33925E-05 2.29448E-01 
8.43998E+01 1.79998E-01  -3.39061E-05 2.24434E-01 
8.44998E+01 1.74998E-01  -3.43865E-05 2.19450E-01 
8.45998E+01 1.69998E-01  -3.48620E-05 2.14435E-01 
8.46998E+01 1.64998E-01  -3.53489E-05 2.09414E-01 
8.47998E+01 1.59998E-01  -3.58309E-05 2.04420E-01 
8.48998E+01 1.54998E-01  -3.63112E-05 1.99437E-01 
8.49998E+01 1.49998E-01  -3.67985E-05 1.94423E-01 
8.50998E+01 1.44998E-01  -3.72849E-05 1.89424E-01 
8.51998E+01 1.39998E-01  -3.77762E-05 1.84418E-01 
8.52998E+01 1.34998E-01  -3.82867E-05 1.79422E-01 
8.53998E+01 1.29998E-01  -3.87823E-05 1.74419E-01 
8.54998E+01 1.24998E-01  -3.92859E-05 1.69407E-01 
8.55998E+01 1.19998E-01  -3.97856E-05 1.64410E-01 
8.56998E+01 1.14998E-01  -4.02642E-05 1.59420E-01 
8.57998E+01 1.09998E-01  -4.07355E-05 1.54400E-01 
8.58998E+01 1.04998E-01  -4.12091E-05 1.49398E-01 
8.59998E+01 9.99977E-02  -4.16593E-05 1.44393E-01 
8.60998E+01 9.49978E-02  -4.20799E-05 1.39402E-01 
8.61998E+01 8.99978E-02  -4.24694E-05 1.34365E-01 
8.62998E+01 8.49978E-02  -4.28323E-05 1.29379E-01 
8.63998E+01 7.99978E-02  -4.31808E-05 1.24392E-01 
8.64998E+01 7.49978E-02  -4.34874E-05 1.19411E-01 
8.65998E+01 6.99978E-02  -4.37604E-05 1.14391E-01 
8.66998E+01 6.49978E-02  -4.40142E-05 1.09375E-01 
8.67998E+01 5.99978E-02  -4.42352E-05 1.04415E-01 
8.68998E+01 5.49979E-02  -4.44387E-05 9.94064E-02 
8.69998E+01 4.99979E-02  -4.46319E-05 9.44036E-02 
8.70998E+01 4.49979E-02  -4.47955E-05 8.93721E-02 
8.71998E+01 3.99979E-02  -4.49608E-05 8.43880E-02 
8.72998E+01 3.49979E-02  -4.50805E-05 7.93884E-02 
8.73998E+01 2.99979E-02  -4.52350E-05 7.43650E-02 
8.74998E+01 2.49979E-02  -4.53756E-05 6.93759E-02 
8.75998E+01 1.99979E-02  -4.55387E-05 6.43687E-02 
8.76998E+01 1.49980E-02  -4.56718E-05 5.93922E-02 
8.77998E+01 9.99797E-03  -4.58490E-05 5.43632E-02 
8.78998E+01 4.99799E-03  -4.60549E-05 4.93466E-02 
8.79998E+01 -2.00000E-06 -4.62683E-05 4.43420E-02 
8.80998E+01 -5.00199E-03 -4.64715E-05 3.93591E-02 
8.81998E+01 -1.00020E-02 -4.67308E-05 3.43482E-02 
8.82998E+01 -1.50020E-02 -4.68750E-05 2.93367E-02 
8.83998E+01 -2.00020E-02 -4.69338E-05 2.43489E-02 
8.84998E+01 -2.50019E-02 -4.70084E-05 1.93605E-02 
8.85998E+01 -3.00019E-02 -4.71062E-05 1.43308E-02 
8.86998E+01 -3.50019E-02 -4.72968E-05 9.34241E-03 
8.87998E+01 -4.00019E-02 -4.73953E-05 4.31212E-03 
8.88998E+01 -4.50019E-02 -4.75426E-05 -6.64452E-04
8.89998E+01 -5.00019E-02 -4.75135E-05 -5.68658E-03
8.90998E+01 -5.50019E-02 -4.75619E-05 -1.06863E-02
8.91998E+01 -6.00019E-02 -4.75775E-05 -1.57066E-02
8.92998E+01 -6.50018E-02 -4.77115E-05 -2.07056E-02
8.93998E+01 -7.00018E-02 -4.78835E-05 -2.56778E-02
8.94998E+01 -7.50018E-02 -4.80965E-05 -3.06756E-02
8.95998E+01 -8.00018E-02 -4.82417E-05 -3.57040E-02
8.96998E+01 -8.50018E-02 -4.84952E-05 -4.07024E-02
8.97998E+01 -9.00018E-02 -4.88165E-05 -4.56665E-02
8.98998E+01 -9.50018E-02 -4.91860E-05 -5.07055E-02
8.99998E+01 -1.00002E-01 -4.95237E-05 -5.57257E-02
9.00998E+01 -1.05002E-01 -4.98577E-05 -6.07049E-02
9.01998E+01 -1.10002E-01 -5.01851E-05 -6.57095E-02
9.02998E+01 -1.15002E-01 -5.04814E-05 -7.07029E-02
9.03998E+01 -1.20002E-01 -5.08454E-05 -7.57357E-02
9.04998E+01 -1.25002E-01 -5.12513E-05 -8.07298E-02
9.05998E+01 -1.30002E-01 -5.16523E-05 -8.57332E-02
9.06998E+01 -1.35002E-01 -5.20990E-05 -9.07097E-02
9.07998E+01 -1.40002E-01 -5.25974E-05 -9.57169E-02
9.08998E+01 -1.45002E-01 -5.31373E-05 -1.00724E-01
9.09998E+01 -1.50002E-01 -5.37340E-05 -1.05732E-01
9.10998E+01 -1.55002E-01 -5.44129E-05 -1.10694E-01
9.11998E+01 -1.60002E-01 -5.51834E-05 -1.15732E-01
9.12998E+01 -1.65002E-01 -5.60746E-05 -1.20735E-01
9.13998E+01 -1.70002E-01 -5.71204E-05 -1.25752E-01
9.14998E+01 -1.75002E-01 -5.82932E-05 -1.30719E-01
9.15998E+01 -1.80002E-01 -5.96378E-05 -1.35737E-01
9.16998E+01 -1.85002E-01 -6.10022E-05 -1.40750E-01
9.17998E+01 -1.90002E-01 -6.24164E-05 -1.45748E-01
9.18998E+01 -1.95002E-01 -6.38415E-05 -1.50721E-01
9.19998E+01 -2.00002E-01 -6.52460E-05 -1.55751E-01
9.20998E+01 -2.05001E-01 -6.66270E-05 -1.60753E-01
9.21998E+01 -2.10001E-01 -6.79740E-05 -1.65763E-01
9.22998E+01 -2.15001E-01 -6.93298E-05 -1.70742E-01
9.23998E+01 -2.20001E-01 -7.07527E-05 -1.75768E-01
9.24998E+01 -2.25001E-01 -7.21084E-05 -1.80769E-01
9.25998E+01 -2.30001E-01 -7.34935E-05 -1.85796E-01
9.26998E+01 -2.35001E-01 -7.49047E-05 -1.90768E-01
9.27998E+01 -2.40001E-01 -7.62989E-05 -1.95801E-01
9.28998E+01 -2.45001E-01 -7.76991E-05 -2.00802E-01
9.29998E+01 -2.50001E-01 -7.91481E-05 -2.05790E-01
9.30998E+01 -2.55001E-01 -8.05518E-05 -2.10777E-01
9.31998E+01 -2.60001E-01 -8.19711E-05 -2.15791E-01
9.32998E+01 -2.65001E-01 -8.34004E-05 -2.20795E-01
9.33998E+01 -2.70001E-01 -8.48395E-05 -2.25785E-01
9.34998E+01 -2.75001E-01 -8.62409E-05 -2.30780E-01
9.35998E+01 -2.80001E-01 -8.76339E-05 -2.35791E-01
9.36998E+01 -2.85001E-01 -8.90185E-05 -2.40796E-01
9.37998E+01 -2.90001E-01 -9.04007E-05 -2.45784E-01
9.38998E+01 -2.95001E-01 -9.17824E-05 -2.50803E-01
9.39998E+01 -3.00001E-01 -9.31372E-05 -2.55799E-01
9.40998E+01 -3.05001E-01 -9.44736E-05 -2.60835E-01
9.41998E+01 -3.10001E-01 -9.57961E-05 -2.65799E-01
9.42998E+01 -3.15001E-01 -9.70947E-05 -2.70810E-01
9.43998E+01 -3.20001E-01 -9.83805E-05 -2.75826E-01
9.44998E+01 -3.25001E-01 -9.96337E-05 -2.80823E-01
9.45998E+01 -3.30001E-01 -1.00876E-04 -2.85829E-01
9.46998E+01 -3.35001E-01 -1.02120E-04 -2.90820E-01
9.47998E+01 -3.40001E-01 -1.03301E-04 -2.95845E-01
9.48998E+01 -3.45001E-01 -1.04480E-04 -3.00843E-01
9.49998E+01 -3.50001E-01 -1.05628E-04 -3.05827E-01
9.50998E+01 -3.55001E-01 -1.06756E-04 -3.10833E-01
9.51998E+01 -3.60001E-01 -1.07845E-04 -3.15844E-01
9.52998E+01 -3.65001E-01 -1.08900E-04 -3.20849E-01
9.53998E+01 -3.70001E-01 -1.09959E-04 -3.25851E-01
9.54998E+01 -3.75001E-01 -1.10956E-04 -3.30858E-01
9.55998E+01 -3.80001E-01 -1.11967E-04 -3.35867E-01
9.56998E+01 -3.85001E-01 -1.12937E-04 -3.40845E-01
9.57998E+01 -3.90001E-01 -1.13897E-04 -3.45869E-01
9.58998E+01 -3.95001E-01 -1.14812E-04 -3.50858E-01
9.59998E+01 -4.00001E-01 -1.15778E-04 -3.55892E-01
9.60998E+01 -4.05001E-01 -1.16687E-04 -3.60863E-01
9.61998E+01 -4.10001E-01 -1.17580E-04 -3.65861E-01
9.62998E+01 -4.15001E-01 -1.18457E-04 -3.70873E-01
9.63998E+01 -4.20001E-01 -1.19322E-04 -3.75885E-01
9.64998E+01 -4.25001E-01 -1.20183E-04 -3.80872E-01
9.65998E+01 -4.30001E-01 -1.20988E-04 -3.85863E-01
9.66998E+01 -4.35001E-01 -1.21793E-04 -3.90888E-01
9.67998E+01 -4.40001E-01 -1.22636E-04 -3.95903E-01
9.68998E+01 -4.45001E-01 -1.23450E-04 -4.00902E-01
9.69998E+01 -4.50001E-01 -1.24231E-04 -4.05876E-01
9.70998E+01 -4.55001E-01 -1.25039E-04 -4.10885E-01
9.71998E+01 -4.60001E-01 -1.25826E-04 -4.15909E-01
9.72998E+01 -4.65001E-01 -1.26624E-04 -4.20908E-01
9.73998E+01 -4.70001E-01 -1.27387E-04 -4.25887E-01
9.74998E+01 -4.75001E-01 -1.28176E-04 -4.30900E-01
9.75998E+01 -4.80001E-01 -1.28912E-04 -4.35905E-01
9.76998E+01 -4.85001E-01 -1.29675E-04 -4.40900E-01
9.77998E+01 -4.90001E-01 -1.30459E-04 -4.45904E-01
9.78998E+01 -4.95001E-01 -1.31273E-04 -4.50887E-01
9.79998E+01 -5.00001E-01 -1.32002E-04 -4.55935E-01
9.80998E+01 -5.05001E-01 -1.32787E-04 -4.60887E-01
9.81998E+01 -5.10001E-01 -1.33580E-04 -4.65894E-01
9.82998E+01 -5.15001E-01 -1.34334E-04 -4.70921E-01
9.83998E+01 -5.20001E-01 -1.35120E-04 -4.75936E-01
9.84998E+01 -5.25001E-01 -1.35983E-04 -4.80936E-01
9.85998E+01 -5.30001E-01 -1.36941E-04 -4.85957E-01
9.86998E+01 -5.35001E-01 -1.37754E-04 -4.90941E-01
9.87998E+01 -5.40001E-01 -1.38575E-04 -4.95958E-01
9.88998E+01 -5.45001E-01 -1.39441E-04 -5.00954E-01
9.89998E+01 -5.50001E-01 -1.40233E-04 -5.05947E-01
9.90998E+01 -5.55001E-01 -1.41015E-04 -5.10979E-01
9.91998E+01 -5.60001E-01 -1.41807E-04 -5.15955E-01
9.92998E+01 -5.65001E-01 -1.42638E-04 -5.20952E-01
9.93998E+01 -5.70001E-01 -1.43488E-04 -5.25972E-01
9.94998E+01 -5.75001E-01 -1.44263E-04 -5.30984E-01
9.95998E+01 -5.80001E-01 -1.45020E-04 -5.35964E-01
9.96998E+01 -5.85001E-01 -1.45732E-04 -5.40960E-01
9.97998E+01 -5.90001E-01 -1.46464E-04 -5.45981E-01
9.98998E+01 -5.95001E-01 -1.47150E-04 -5.50979E-01
9.99997E+01 -6.00001E-01 -1.47622E-04 -5.55970E-01
1.00100E+02 -6.05000E-01 -1.48081E-04 -5.60963E-01
1.00200E+02 -6.10000E-01 -1.48354E-04 -5.65980E-01
1.00300E+02 -6.15000E-01 -1.48316E-04 -5.70994E-01
1.00400E+02 -6.20000E-01 -1.47917E-04 -5.76021E-01
1.00500E+02 -6.25000E-01 -1.46899E-04 -5.81003E-01
1.00600E+02 -6.30000E-01 -1.44802E-04 -5.85992E-01
1.00700E+02 -6.35000E-01 -1.40983E-04 -5.91014E-01
1.00800E+02 -6.40000E-01 -1.34863E-04 -5.96019E-01
1.00900E+02 -6.45000E-01 -1.25951E-04 -6.00984E-01
1.01000E+02 -6.50000E-01 -1.14508E-04 -6.05992E-01
1.01100E+02 -6.55000E-01 -1.02502E-04 -6.10985E-01
1.01200E+02 -6.60000E-01 -9.24024E-05 -6.16020E-01
1.01300E+02 -6.65000E-01 -8.48603E-05 -6.21016E-01
1.01400E+02 -6.70000E-01 -7.88979E-05 -6.26002E-01
1.01500E+02 -6.75000E-01 -7.43117E-05 -6.31008E-01
1.01600E+02 -6.80000E-01 -7.06104E-05 -6.36027E-01
1.01700E+02 -6.85000E-01 -6.75183E-05 -6.41021E-01
1.01800E+02 -6.90000E-01 -6.48836E-05 -6.45999E-01
1.01900E+02 -6.95000E-01 -6.25586E-05 -6.51007E-01
1.02000E+02 -7.00000E-01 -6.05008E-05 -6.56022E-01
1.02100E+02 -7.05000E-01 -5.86251E-05 -6.61054E-01
1.02200E+02 -7.10000E-01 -5.69759E-05 -6.66048E-01
1.02300E+02 -7.15000E-01 -5.54318E-05 -6.71041E-01
1.02400E+02 -7.20000E-01 -5.39312E-05 -6.76059E-01
1.02500E+02 -7.25000E-01 -5.26287E-05 -6.81057E-01
1.02600E+02 -7.30000E-01 -5.14718E-05 -6.86080E-01
1.02700E+02 -7.35000E-01 -5.04136E-05 -6.91037E-01
1.02800E+02 -7.40000E-01 -4.94334E-05 -6.96050E-01
1.02900E+02 -7.45000E-01 -4.85597E-05 -7.01061E-01
1.03000E+02 -7.50000E-01 -4.77416E-05 -7.06064E-01
1.03100E+02 -7.55000E-01 -4.71045E-05 -7.11092E-01
1.03200E+02 -7.60000E-01 -4.63875E-05 -7.16065E-01
1.03300E+02 -7.65000E-01 -4.57857E-05 -7.21072E-01
1.03400E+02 -7.70000E-01 -4.52637E-05 -7.26065E-01
1.03500E+02 -7.75000E-01 -4.48198E-05 -7.31062E-01
1.03600E+02 -7.80000E-01 -4.44113E-05 -7.36087E-01
1.03700E+02 -7.85000E-01 -4.40468E-05 -7.41090E-01
1.03800E+02 -7.90000E-01 -4.37375E-05 -7.46097E-01
1.03900E+02 -7.95000E-01 -4.34720E-05 -7.51079E-01
