time/s      E/V        I/A
0.00000E+00 -8.00000E-01 -1.44752E-04 -7.25712E-01
9.99997E-02 -7.95000E-01 -1.42056E-04 -7.20753E-01
1.99999E-01 -7.90000E-01 -1.39585E-04 -7.15736E-01
2.99999E-01 -7.85000E-01 -1.37093E-04 -7.10728E-01
3.99999E-01 -7.80000E-01 -1.35028E-04 -7.05742E-01
4.99999E-01 -7.75000E-01 -1.32752E-04 -7.00754E-01
5.99998E-01 -7.70000E-01 -1.30851E-04 -6.95743E-01
6.99998E-01 -7.65000E-01 -1.28764E-04 -6.90731E-01
7.99998E-01 -7.60000E-01 -1.26706E-04 -6.85723E-01
8.99998E-01 -7.55000E-01 -1.24748E-04 -6.80743E-01
9.99997E-01 -7.50000E-01 -1.22948E-04 -6.75729E-01
1.10000E+00 -7.45000E-01 -1.21224E-04 -6.70723E-01
1.20000E+00 -7.40000E-01 -1.19709E-04 -6.65720E-01
1.30000E+00 -7.35000E-01 -1.18650E-04 -6.60730E-01
1.40000E+00 -7.30000E-01 -1.16482E-04 -6.55718E-01
1.50000E+00 -7.25000E-01 -1.14632E-04 -6.50722E-01
1.60000E+00 -7.20000E-01 -1.12848E-04 -6.45704E-01
1.70000E+00 -7.15000E-01 -1.11232E-04 -6.40693E-01
1.80000E+00 -7.10000E-01 -1.09575E-04 -6.35712E-01
1.90000E+00 -7.05000E-01 -1.08055E-04 -6.30699E-01
1.99999E+00 -7.00000E-01 -1.06404E-04 -6.25676E-01
2.09999E+00 -6.95000E-01 -1.04875E-04 -6.20696E-01
2.19999E+00 -6.90000E-01 -1.03441E-04 -6.15683E-01
2.29999E+00 -6.85000E-01 -1.01875E-04 -6.10676E-01
2.39999E+00 -6.80000E-01 -1.00267E-04 -6.05666E-01
2.49999E+00 -6.75000E-01 -9.88250E-05 -6.00649E-01
2.59999E+00 -6.70000E-01 -9.71073E-05 -5.95655E-01
2.69999E+00 -6.65000E-01 -9.55086E-05 -5.90668E-01
2.79999E+00 -6.60000E-01 -9.37920E-05 -5.85645E-01
2.89999E+00 -6.55000E-01 -9.22044E-05 -5.80653E-01
2.99999E+00 -6.50000E-01 -9.05514E-05 -5.75651E-01
3.09999E+00 -6.45000E-01 -8.87921E-05 -5.70672E-01
3.19999E+00 -6.40000E-01 -8.69003E-05 -5.65622E-01
3.29999E+00 -6.35000E-01 -8.49197E-05 -5.60624E-01
3.39999E+00 -6.30000E-01 -8.25652E-05 -5.55630E-01
3.49999E+00 -6.25000E-01 -7.96911E-05 -5.50627E-01
3.59999E+00 -6.20000E-01 -7.62792E-05 -5.45631E-01
3.69999E+00 -6.15000E-01 -7.26314E-05 -5.40605E-01
3.79999E+00 -6.10000E-01 -6.89563E-05 -5.35607E-01
3.89999E+00 -6.05000E-01 -6.52514E-05 -5.30602E-01
3.99999E+00 -6.00001E-01 -6.17679E-05 -5.25620E-01
4.09999E+00 -5.95001E-01 -5.84897E-05 -5.20595E-01
4.19999E+00 -5.90001E-01 -5.54587E-05 -5.15619E-01
4.29999E+00 -5.85001E-01 -5.27561E-05 -5.10609E-01
4.39999E+00 -5.80001E-01 -5.07319E-05 -5.05607E-01
4.49999E+00 -5.75001E-01 -4.85848E-05 -5.00612E-01
4.59999E+00 -5.70001E-01 -4.66221E-05 -4.95605E-01
4.69999E+00 -5.65001E-01 -4.47831E-05 -4.90604E-01
4.79999E+00 -5.60001E-01 -4.30522E-05 -4.85601E-01
4.89999E+00 -5.55001E-01 -4.13638E-05 -4.80576E-01
4.99999E+00 -5.50001E-01 -3.96947E-05 -4.75586E-01
5.09999E+00 -5.45001E-01 -3.82003E-05 -4.70547E-01
5.19999E+00 -5.40001E-01 -3.68351E-05 -4.65553E-01
5.29999E+00 -5.35001E-01 -3.55809E-05 -4.60544E-01
5.39999E+00 -5.30001E-01 -3.44186E-05 -4.55544E-01
5.49999E+00 -5.25001E-01 -3.33171E-05 -4.50547E-01
5.59999E+00 -5.20001E-01 -3.22340E-05 -4.45546E-01
5.69999E+00 -5.15001E-01 -3.12042E-05 -4.40542E-01
5.79999E+00 -5.10001E-01 -3.02337E-05 -4.35579E-01
5.89999E+00 -5.05001E-01 -2.93094E-05 -4.30562E-01
5.99998E+00 -5.00001E-01 -2.84133E-05 -4.25555E-01
6.09998E+00 -4.95001E-01 -2.75524E-05 -4.20563E-01
6.19998E+00 -4.90001E-01 -2.67317E-05 -4.15570E-01
6.29998E+00 -4.85001E-01 -2.59389E-05 -4.10545E-01
6.39998E+00 -4.80001E-01 -2.50811E-05 -4.05535E-01
6.49998E+00 -4.75001E-01 -2.43947E-05 -4.00568E-01
6.59998E+00 -4.70001E-01 -2.36991E-05 -3.95562E-01
6.69998E+00 -4.65001E-01 -2.30152E-05 -3.90558E-01
6.79998E+00 -4.60001E-01 -2.23545E-05 -3.85530E-01
6.89998E+00 -4.55001E-01 -2.17130E-05 -3.80550E-01
6.99998E+00 -4.50001E-01 -2.10892E-05 -3.75567E-01
7.09998E+00 -4.45001E-01 -2.04783E-05 -3.70546E-01
7.19998E+00 -4.40001E-01 -1.98889E-05 -3.65519E-01
7.29998E+00 -4.35001E-01 -1.93183E-05 -3.60554E-01
7.39998E+00 -4.30001E-01 -1.87628E-05 -3.55557E-01
7.49998E+00 -4.25001E-01 -1.82223E-05 -3.50542E-01
7.59998E+00 -4.20001E-01 -1.76956E-05 -3.45515E-01
7.69998E+00 -4.15001E-01 -1.71773E-05 -3.40512E-01
7.79998E+00 -4.10001E-01 -1.66767E-05 -3.35516E-01
7.89998E+00 -4.05001E-01 -1.61882E-05 -3.30537E-01
7.99998E+00 -4.00001E-01 -1.57142E-05 -3.25524E-01
8.09998E+00 -3.95001E-01 -1.52406E-05 -3.20495E-01
8.19998E+00 -3.90001E-01 -1.47809E-05 -3.15489E-01
8.29998E+00 -3.85001E-01 -1.43326E-05 -3.10475E-01
8.39998E+00 -3.80001E-01 -1.38953E-05 -3.05494E-01
8.49998E+00 -3.75001E-01 -1.34729E-05 -3.00497E-01
8.59998E+00 -3.70001E-01 -1.30517E-05 -2.95488E-01
8.69998E+00 -3.65001E-01 -1.26375E-05 -2.90464E-01
8.79998E+00 -3.60001E-01 -1.22219E-05 -2.85483E-01
8.89998E+00 -3.55001E-01 -1.18146E-05 -2.80500E-01
8.99998E+00 -3.50001E-01 -1.14136E-05 -2.75480E-01
9.09998E+00 -3.45001E-01 -1.10178E-05 -2.70451E-01
9.19998E+00 -3.40001E-01 -1.06266E-05 -2.65449E-01
9.29998E+00 -3.35001E-01 -1.02363E-05 -2.60473E-01
9.39998E+00 -3.30001E-01 -9.83957E-06 -2.55452E-01
9.49998E+00 -3.25001E-01 -9.45662E-06 -2.50445E-01
9.59998E+00 -3.20001E-01 -9.08908E-06 -2.45454E-01
9.69998E+00 -3.15001E-01 -8.74671E-06 -2.40451E-01
9.79998E+00 -3.10001E-01 -8.38810E-06 -2.35444E-01
9.89998E+00 -3.05001E-01 -8.03684E-06 -2.30454E-01
9.99997E+00 -3.00001E-01 -7.68307E-06 -2.25438E-01
1.01000E+01 -2.95001E-01 -7.33900E-06 -2.20449E-01
1.02000E+01 -2.90001E-01 -6.96949E-06 -2.15425E-01
1.03000E+01 -2.85001E-01 -6.62710E-06 -2.10436E-01
1.04000E+01 -2.80001E-01 -6.29008E-06 -2.05456E-01
1.05000E+01 -2.75001E-01 -5.95116E-06 -2.00443E-01
1.06000E+01 -2.70001E-01 -5.61507E-06 -1.95416E-01
1.07000E+01 -2.65001E-01 -5.28415E-06 -1.90435E-01
1.08000E+01 -2.60001E-01 -4.96033E-06 -1.85431E-01
1.09000E+01 -2.55001E-01 -4.63086E-06 -1.80451E-01
1.10000E+01 -2.50001E-01 -4.30874E-06 -1.75426E-01
1.11000E+01 -2.45001E-01 -3.99739E-06 -1.70415E-01
1.12000E+01 -2.40001E-01 -3.67424E-06 -1.65409E-01
1.13000E+01 -2.35001E-01 -3.36532E-06 -1.60410E-01
1.14000E+01 -2.30001E-01 -3.06046E-06 -1.55400E-01
1.15000E+01 -2.25001E-01 -2.79414E-06 -1.50397E-01
1.16000E+01 -2.20001E-01 -2.50574E-06 -1.45419E-01
1.17000E+01 -2.15001E-01 -2.21160E-06 -1.40420E-01
1.18000E+01 -2.10001E-01 -1.92240E-06 -1.35412E-01
1.19000E+01 -2.05001E-01 -1.63709E-06 -1.30401E-01
1.20000E+01 -2.00002E-01 -1.35836E-06 -1.25410E-01
1.21000E+01 -1.95002E-01 -1.09710E-06 -1.20399E-01
1.22000E+01 -1.90002E-01 -8.39676E-07 -1.15382E-01
1.23000E+01 -1.85002E-01 -5.79122E-07 -1.10374E-01
1.24000E+01 -1.80002E-01 -3.23849E-07 -1.05400E-01
1.25000E+01 -1.75002E-01 -7.18885E-08 -1.00379E-01
1.26000E+01 -1.70002E-01 1.67518E-07  -9.53721E-02
1.27000E+01 -1.65002E-01 3.95777E-07  -9.03768E-02
1.28000E+01 -1.60002E-01 6.61528E-07  -8.53616E-02
1.29000E+01 -1.55002E-01 9.14917E-07  -8.03775E-02
1.30000E+01 -1.50002E-01 1.15522E-06  -7.53753E-02
1.31000E+01 -1.45002E-01 1.39733E-06  -7.03619E-02
1.32000E+01 -1.40002E-01 1.60490E-06  -6.53716E-02
1.33000E+01 -1.35002E-01 1.93274E-06  -6.03701E-02
1.34000E+01 -1.30002E-01 2.24175E-06  -5.53592E-02
1.35000E+01 -1.25002E-01 2.52590E-06  -5.03620E-02
1.36000E+01 -1.20002E-01 2.80906E-06  -4.53461E-02
1.37000E+01 -1.15002E-01 3.11337E-06  -4.03708E-02
1.38000E+01 -1.10002E-01 3.45717E-06  -3.53511E-02
1.39000E+01 -1.05002E-01 3.83971E-06  -3.03545E-02
1.40000E+01 -1.00002E-01 4.21665E-06  -2.53424E-02
1.41000E+01 -9.50018E-02 4.62112E-06  -2.03533E-02
1.42000E+01 -9.00018E-02 5.04344E-06  -1.53481E-02
1.43000E+01 -8.50018E-02 5.50269E-06  -1.03265E-02
1.44000E+01 -8.00018E-02 6.02531E-06  -5.31809E-03
1.45000E+01 -7.50018E-02 6.59120E-06  -2.91570E-04
1.46000E+01 -7.00018E-02 7.12191E-06  4.66190E-03 
1.47000E+01 -6.50018E-02 7.72631E-06  9.66717E-03 
1.48000E+01 -6.00019E-02 8.36354E-06  1.46968E-02 
1.49000E+01 -5.50019E-02 9.02027E-06  1.97165E-02 
1.50000E+01 -5.00019E-02 9.70646E-06  2.46843E-02 
1.51000E+01 -4.50019E-02 1.04214E-05  2.96821E-02 
1.52000E+01 -4.00019E-02 1.11849E-05  3.46736E-02 
1.53000E+01 -3.50019E-02 1.20156E-05  3.97108E-02 
1.54000E+01 -3.00019E-02 1.28885E-05  4.46998E-02 
1.55000E+01 -2.50019E-02 1.38087E-05  4.97114E-02 
1.56000E+01 -2.00020E-02 1.47721E-05  5.47048E-02 
1.57000E+01 -1.50020E-02 1.57777E-05  5.97076E-02 
1.58000E+01 -1.00020E-02 1.68340E-05  6.46935E-02 
1.59000E+01 -5.00199E-03 1.79458E-05  6.96876E-02 
1.60000E+01 -2.00000E-06 1.90814E-05  7.47216E-02 
1.61000E+01 4.99799E-03  2.02681E-05  7.97163E-02 
1.62000E+01 9.99797E-03  2.15111E-05  8.47072E-02 
1.63000E+01 1.49980E-02  2.28568E-05  8.97000E-02 
1.64000E+01 1.99979E-02  2.41974E-05  9.47184E-02 
1.65000E+01 2.49979E-02  2.55398E-05  9.97112E-02 
1.66000E+01 2.99979E-02  2.69709E-05  1.04738E-01 
1.67000E+01 3.49979E-02  2.84666E-05  1.09685E-01 
1.68000E+01 3.99979E-02  3.00432E-05  1.14715E-01 
1.69000E+01 4.49979E-02  3.15843E-05  1.19735E-01 
1.70000E+01 4.99979E-02  3.31746E-05  1.24732E-01 
1.71000E+01 5.49979E-02  3.48174E-05  1.29715E-01 
1.72000E+01 5.99978E-02  3.64888E-05  1.34718E-01 
1.73000E+01 6.49978E-02  3.81674E-05  1.39734E-01 
1.74000E+01 6.99978E-02  3.98037E-05  1.44728E-01 
1.75000E+01 7.49978E-02  4.17535E-05  1.49730E-01 
1.76000E+01 7.99978E-02  4.35246E-05  1.54751E-01 
1.77000E+01 8.49978E-02  4.52908E-05  1.59779E-01 
1.78000E+01 8.99978E-02  4.70816E-05  1.64759E-01 
1.79000E+01 9.49978E-02  4.89118E-05  1.69758E-01 
1.80000E+01 9.99977E-02  5.07418E-05  1.74772E-01 
1.81000E+01 1.04998E-01  5.27706E-05  1.79760E-01 
1.82000E+01 1.09998E-01  5.47086E-05  1.84771E-01 
1.83000E+01 1.14998E-01  5.66276E-05  1.89766E-01 
1.84000E+01 1.19998E-01  5.85292E-05  1.94764E-01 
1.85000E+01 1.24998E-01  6.04329E-05  1.99805E-01 
1.86000E+01 1.29998E-01  6.25095E-05  2.04768E-01 
1.87000E+01 1.34998E-01  6.45365E-05  2.09748E-01 
1.88000E+01 1.39998E-01  6.65689E-05  2.14782E-01 
1.89000E+01 1.44998E-01  6.85767E-05  2.19789E-01 
1.90000E+01 1.49998E-01  7.06325E-05  2.24792E-01 
1.91000E+01 1.54998E-01  7.27517E-05  2.29768E-01 
1.92000E+01 1.59998E-01  7.48225E-05  2.34798E-01 
1.93000E+01 1.64998E-01  7.69044E-05  2.39799E-01 
1.94000E+01 1.69998E-01  7.89738E-05  2.44798E-01 
1.95000E+01 1.74998E-01  8.10780E-05  2.49777E-01 
1.96000E+01 1.79998E-01  8.32083E-05  2.54808E-01 
1.97000E+01 1.84998E-01  8.53194E-05  2.59797E-01 
1.98000E+01 1.89998E-01  8.73871E-05  2.64823E-01 
1.99000E+01 1.94998E-01  8.94386E-05  2.69822E-01 
1.99999E+01 1.99997E-01  9.14774E-05  2.74806E-01 
2.00999E+01 2.04997E-01  9.34884E-05  2.79833E-01 
2.01999E+01 2.09997E-01  9.54860E-05  2.84839E-01 
2.02999E+01 2.14997E-01  9.74784E-05  2.89824E-01 
2.03999E+01 2.19997E-01  9.94143E-05  2.94833E-01 
2.04999E+01 2.24997E-01  1.01274E-04  2.99832E-01 
2.05999E+01 2.29997E-01  1.03061E-04  3.04845E-01 
2.06999E+01 2.34997E-01  1.04736E-04  3.09857E-01 
2.07999E+01 2.39997E-01  1.06300E-04  3.14828E-01 
2.08999E+01 2.44997E-01  1.07771E-04  3.19838E-01 
2.09999E+01 2.49997E-01  1.09152E-04  3.24832E-01 
2.10999E+01 2.54997E-01  1.10391E-04  3.29850E-01 
2.11999E+01 2.59997E-01  1.11469E-04  3.34867E-01 
2.12999E+01 2.64997E-01  1.12505E-04  3.39874E-01 
2.13999E+01 2.69997E-01  1.13439E-04  3.44860E-01 
2.14999E+01 2.74997E-01  1.14102E-04  3.49858E-01 
2.15999E+01 2.79997E-01  1.14544E-04  3.54880E-01 
2.16999E+01 2.84997E-01  1.14875E-04  3.59880E-01 
2.17999E+01 2.89997E-01  1.15034E-04  3.64865E-01 
2.18999E+01 2.94997E-01  1.15097E-04  3.69862E-01 
2.19999E+01 2.99997E-01  1.14739E-04  3.74869E-01 
2.20999E+01 3.04997E-01  1.14250E-04  3.79870E-01 
2.21999E+01 3.09997E-01  1.13293E-04  3.84878E-01 
2.22999E+01 3.14997E-01  1.12054E-04  3.89881E-01 
2.23999E+01 3.19997E-01  1.10303E-04  3.94900E-01 
2.24999E+01 3.24997E-01  1.08092E-04  3.99888E-01 
2.25999E+01 3.29997E-01  1.05154E-04  4.04897E-01 
2.26999E+01 3.34997E-01  1.01301E-04  4.09898E-01 
2.27999E+01 3.39997E-01  9.63806E-05  4.14902E-01 
2.28999E+01 3.44997E-01  8.96747E-05  4.19908E-01 
2.29999E+01 3.49997E-01  8.27055E-05  4.24900E-01 
2.30999E+01 3.54997E-01  7.55111E-05  4.29896E-01 
2.31999E+01 3.59997E-01  6.90457E-05  4.34913E-01 
2.32999E+01 3.64997E-01  6.30819E-05  4.39910E-01 
2.33999E+01 3.69997E-01  5.78890E-05  4.44908E-01 
2.34999E+01 3.74997E-01  5.34061E-05  4.49905E-01 
2.35999E+01 3.79997E-01  4.97862E-05  4.54911E-01 
2.36999E+01 3.84997E-01  4.69373E-05  4.59948E-01 
2.37999E+01 3.89997E-01  4.46493E-05  4.64933E-01 
2.38999E+01 3.94997E-01  4.30462E-05  4.69931E-01 
2.39999E+01 3.99997E-01  4.18852E-05  4.74941E-01 
2.40999E+01 4.04997E-01  4.09381E-05  4.79945E-01 
2.41999E+01 4.09997E-01  4.02792E-05  4.84970E-01 
2.42999E+01 4.14997E-01  3.97976E-05  4.89970E-01 
2.43999E+01 4.19997E-01  3.95410E-05  4.94968E-01 
2.44999E+01 4.24997E-01  3.93057E-05  4.99947E-01 
2.45999E+01 4.29997E-01  3.92790E-05  5.04979E-01 
2.46999E+01 4.34997E-01  3.93727E-05  5.09967E-01 
2.47999E+01 4.39997E-01  3.95566E-05  5.14967E-01 
2.48999E+01 4.44997E-01  3.98516E-05  5.19958E-01 
2.49999E+01 4.49997E-01  4.02360E-05  5.24959E-01 
2.50999E+01 4.54997E-01  4.06490E-05  5.29976E-01 
2.51999E+01 4.59997E-01  4.11857E-05  5.34990E-01 
2.52999E+01 4.64997E-01  4.17695E-05  5.39983E-01 
2.53999E+01 4.69997E-01  4.24168E-05  5.44984E-01 
2.54999E+01 4.74997E-01  4.31435E-05  5.49995E-01 
2.55999E+01 4.79997E-01  4.39140E-05  5.55010E-01 
2.56999E+01 4.84997E-01  4.47247E-05  5.60012E-01 
2.57999E+01 4.89997E-01  4.55834E-05  5.65007E-01 
2.58999E+01 4.94997E-01  4.64731E-05  5.70017E-01 
2.59999E+01 4.99997E-01  4.73987E-05  5.75024E-01 
2.60999E+01 5.04997E-01  4.83044E-05  5.80011E-01 
2.61999E+01 5.09997E-01  4.92242E-05  5.85001E-01 
2.62999E+01 5.14997E-01  5.01716E-05  5.90009E-01 
2.63999E+01 5.19997E-01  5.11083E-05  5.95036E-01 
2.64999E+01 5.24997E-01  5.20517E-05  6.00010E-01 
2.65999E+01 5.29997E-01  5.29511E-05  6.04996E-01 
2.66999E+01 5.34997E-01  5.38420E-05  6.10017E-01 
2.67999E+01 5.39997E-01  5.47805E-05  6.15019E-01 
2.68999E+01 5.44997E-01  5.57151E-05  6.20011E-01 
2.69999E+01 5.49997E-01  5.66006E-05  6.25004E-01 
2.70999E+01 5.54997E-01  5.74426E-05  6.30013E-01 
2.71999E+01 5.59997E-01  5.83137E-05  6.35024E-01 
2.72999E+01 5.64997E-01  5.90893E-05  6.40027E-01 
2.73999E+01 5.69997E-01  5.98638E-05  6.45028E-01 
2.74999E+01 5.74997E-01  6.06144E-05  6.50049E-01 
2.75999E+01 5.79997E-01  6.13255E-05  6.55029E-01 
2.76999E+01 5.84997E-01  6.19932E-05  6.60044E-01 
2.77999E+01 5.89997E-01  6.26128E-05  6.65047E-01 
2.78999E+01 5.94997E-01  6.32074E-05  6.70030E-01 
2.79999E+01 5.99996E-01  6.37462E-05  6.75044E-01 
2.80999E+01 6.04996E-01  6.42381E-05  6.80063E-01 
2.81999E+01 6.09996E-01  6.46660E-05  6.85058E-01 
2.82999E+01 6.14996E-01  6.50631E-05  6.90039E-01 
2.83999E+01 6.19996E-01  6.54176E-05  6.95057E-01 
2.84999E+01 6.24996E-01  6.56916E-05  7.00048E-01 
2.85999E+01 6.29996E-01  6.58805E-05  7.05040E-01 
2.86999E+01 6.34996E-01  6.59899E-05  7.10038E-01 
2.87999E+01 6.39996E-01  6.60359E-05  7.15048E-01 
2.88999E+01 6.44996E-01  6.59963E-05  7.20076E-01 
2.89999E+01 6.49996E-01  6.58437E-05  7.25049E-01 
2.90999E+01 6.54996E-01  6.55992E-05  7.30033E-01 
2.91999E+01 6.59996E-01  6.52521E-05  7.35086E-01 
2.92999E+01 6.64996E-01  6.47729E-05  7.40077E-01 
2.93999E+01 6.69996E-01  6.41906E-05  7.45075E-01 
2.94999E+01 6.74996E-01  6.34536E-05  7.50077E-01 
2.95999E+01 6.79996E-01  6.25527E-05  7.55075E-01 
2.96999E+01 6.84996E-01  6.15046E-05  7.60085E-01 
2.97999E+01 6.89996E-01  6.02820E-05  7.65101E-01 
2.98999E+01 6.94996E-01  5.89169E-05  7.70073E-01 
2.99999E+01 6.99996E-01  5.73579E-05  7.75090E-01 
3.00999E+01 7.04996E-01  5.57017E-05  7.80096E-01 
3.01999E+01 7.09996E-01  5.39271E-05  7.85110E-01 
3.02999E+01 7.14996E-01  5.21140E-05  7.90119E-01 
3.03999E+01 7.19996E-01  5.03168E-05  7.95144E-01 
3.04999E+01 7.24996E-01  4.85575E-05  8.00141E-01 
3.05999E+01 7.29996E-01  4.69309E-05  8.05124E-01 
3.06999E+01 7.34996E-01  4.54660E-05  8.10152E-01 
3.07999E+01 7.39996E-01  4.42072E-05  8.15150E-01 
3.08999E+01 7.44996E-01  4.31602E-05  8.20150E-01 
3.09999E+01 7.49996E-01  4.23117E-05  8.25137E-01 
3.10999E+01 7.54996E-01  4.16226E-05  8.30167E-01 
3.11999E+01 7.59996E-01  4.10863E-05  8.35172E-01 
3.12999E+01 7.64996E-01  4.06652E-05  8.40170E-01 
3.13999E+01 7.69996E-01  4.03385E-05  8.45158E-01 
3.14999E+01 7.74996E-01  4.00740E-05  8.50171E-01 
3.15999E+01 7.79996E-01  3.98682E-05  8.55164E-01 
3.16999E+01 7.84996E-01  3.97150E-05  8.60171E-01 
3.17999E+01 7.89996E-01  3.95886E-05  8.65188E-01 
3.18999E+01 7.94996E-01  3.95081E-05  8.70174E-01 
3.19999E+01 7.99996E-01  3.94271E-05  8.75163E-01 
3.20999E+01 8.04996E-01  3.93657E-05  8.80161E-01 
3.21999E+01 8.09996E-01  3.93244E-05  8.85180E-01 
3.22999E+01 8.14996E-01  3.92790E-05  8.90187E-01 
3.23999E+01 8.19996E-01  3.92416E-05  8.95188E-01 
3.24999E+01 8.24996E-01  3.91729E-05  9.00205E-01 
3.25999E+01 8.29996E-01  3.91233E-05  9.05204E-01 
3.26999E+01 8.34996E-01  3.90670E-05  9.10177E-01 
3.27999E+01 8.39996E-01  3.90535E-05  9.15195E-01 
3.28999E+01 8.44996E-01  3.90445E-05  9.20202E-01 
3.29999E+01 8.49996E-01  3.90821E-05  9.25195E-01 
3.30999E+01 8.54996E-01  3.91499E-05  9.30185E-01 
3.31999E+01 8.59996E-01  3.92348E-05  9.35189E-01 
3.32999E+01 8.64996E-01  3.93045E-05  9.40220E-01 
3.33999E+01 8.69996E-01  3.93622E-05  9.45218E-01 
3.34999E+01 8.74996E-01  3.94465E-05  9.50218E-01 
3.35999E+01 8.79996E-01  3.95194E-05  9.55235E-01 
3.36999E+01 8.84996E-01  3.95864E-05  9.60220E-01 
3.37999E+01 8.89996E-01  3.96341E-05  9.65245E-01 
3.38999E+01 8.94996E-01  3.96720E-05  9.70252E-01 
3.39999E+01 8.99996E-01  3.96745E-05  9.75236E-01 
3.40999E+01 9.04996E-01  3.96596E-05  9.80228E-01 
3.41999E+01 9.09996E-01  3.96311E-05  9.85239E-01 
3.42999E+01 9.14996E-01  3.96038E-05  9.90254E-01 
3.43999E+01 9.19996E-01  3.95616E-05  9.95251E-01 
3.44999E+01 9.24996E-01  3.95221E-05  1.00022E+00 
3.45999E+01 9.29996E-01  3.94957E-05  1.00524E+00 
3.46999E+01 9.34996E-01  3.94633E-05  1.01025E+00 
3.47999E+01 9.39996E-01  3.94016E-05  1.01524E+00 
3.48999E+01 9.44996E-01  3.93543E-05  1.02024E+00 
3.49999E+01 9.49996E-01  3.93617E-05  1.02524E+00 
3.50999E+01 9.54996E-01  3.93963E-05  1.03025E+00 
3.51999E+01 9.59996E-01  3.94329E-05  1.03524E+00 
3.52999E+01 9.64996E-01  3.94861E-05  1.04024E+00 
3.53999E+01 9.69996E-01  3.95352E-05  1.04523E+00 
3.54999E+01 9.74996E-01  3.95967E-05  1.05023E+00 
3.55999E+01 9.79996E-01  3.96507E-05  1.05525E+00 
3.56999E+01 9.84996E-01  3.97217E-05  1.06028E+00 
3.57999E+01 9.89996E-01  3.97738E-05  1.06523E+00 
3.58999E+01 9.94996E-01  3.98083E-05  1.07026E+00 
3.59999E+01 9.99995E-01  3.98529E-05  1.07525E+00 
3.60999E+01 1.00500E+00  3.98914E-05  1.08025E+00 
3.61999E+01 1.01000E+00  3.98456E-05  1.08525E+00 
3.62999E+01 1.01500E+00  3.98041E-05  1.09026E+00 
3.63999E+01 1.02000E+00  3.97588E-05  1.09528E+00 
3.64999E+01 1.02500E+00  3.97262E-05  1.10027E+00 
3.65999E+01 1.03000E+00  3.97662E-05  1.10529E+00 
3.66999E+01 1.03500E+00  3.97549E-05  1.11030E+00 
3.67999E+01 1.04000E+00  3.97898E-05  1.11532E+00 
3.68999E+01 1.04500E+00  3.98680E-05  1.12033E+00 
3.69999E+01 1.05000E+00  3.99705E-05  1.12532E+00 
3.70999E+01 1.05500E+00  4.01001E-05  1.13034E+00 
3.71999E+01 1.06000E+00  4.02364E-05  1.13534E+00 
3.72999E+01 1.06500E+00  4.04001E-05  1.14036E+00 
3.73999E+01 1.07000E+00  4.05667E-05  1.14536E+00 
3.74999E+01 1.07500E+00  4.07852E-05  1.15035E+00 
3.75999E+01 1.08000E+00  4.10247E-05  1.15536E+00 
3.76999E+01 1.08500E+00  4.12799E-05  1.16034E+00 
3.77999E+01 1.09000E+00  4.15456E-05  1.16535E+00 
3.78999E+01 1.09500E+00  4.17900E-05  1.17036E+00 
3.79999E+01 1.10000E+00  4.20705E-05  1.17535E+00 
3.80999E+01 1.10500E+00  4.24138E-05  1.18035E+00 
3.81999E+01 1.11000E+00  4.27860E-05  1.18538E+00 
3.82999E+01 1.11500E+00  4.31443E-05  1.19038E+00 
3.83999E+01 1.12000E+00  4.35134E-05  1.19537E+00 
3.84999E+01 1.12500E+00  4.36967E-05  1.20035E+00 
3.85999E+01 1.13000E+00  4.39562E-05  1.20537E+00 
3.86999E+01 1.13500E+00  4.42759E-05  1.21037E+00 
3.87999E+01 1.14000E+00  4.46303E-05  1.21537E+00 
3.88999E+01 1.14500E+00  4.50167E-05  1.22035E+00 
3.89999E+01 1.15000E+00  4.54224E-05  1.22536E+00 
3.90999E+01 1.15500E+00  4.58288E-05  1.23038E+00 
3.91999E+01 1.16000E+00  4.62437E-05  1.23538E+00 
3.92999E+01 1.16500E+00  4.66806E-05  1.24036E+00 
3.93999E+01 1.17000E+00  4.71271E-05  1.24537E+00 
3.94999E+01 1.17500E+00  4.75799E-05  1.25039E+00 
3.95999E+01 1.18000E+00  4.80561E-05  1.25537E+00 
3.96999E+01 1.18500E+00  4.85556E-05  1.26038E+00 
3.97999E+01 1.19000E+00  4.90655E-05  1.26536E+00 
3.98999E+01 1.19500E+00  4.95738E-05  1.27037E+00 
3.99999E+01 1.19999E+00  5.01109E-05  1.27540E+00 
4.00999E+01 1.20499E+00  5.06851E-05  1.28039E+00 
4.01999E+01 1.20999E+00  5.17487E-05  1.28537E+00 
4.02999E+01 1.21499E+00  5.18403E-05  1.29038E+00 
4.03999E+01 1.21999E+00  5.23804E-05  1.29541E+00 
4.04999E+01 1.22499E+00  5.29750E-05  1.30039E+00 
4.05999E+01 1.22999E+00  5.36029E-05  1.30539E+00 
4.06999E+01 1.23499E+00  5.42481E-05  1.31041E+00 
4.07999E+01 1.23999E+00  5.49016E-05  1.31545E+00 
4.08999E+01 1.24499E+00  5.55534E-05  1.32043E+00 
4.09999E+01 1.24999E+00  5.62527E-05  1.32540E+00 
4.10999E+01 1.25499E+00  5.69658E-05  1.33041E+00 
4.11999E+01 1.25999E+00  5.76457E-05  1.33542E+00 
4.12999E+01 1.26499E+00  5.83455E-05  1.34043E+00 
4.13999E+01 1.26999E+00  5.90162E-05  1.34541E+00 
4.14999E+01 1.27499E+00  5.96863E-05  1.35042E+00 
4.15999E+01 1.27999E+00  6.04244E-05  1.35544E+00 
4.16999E+01 1.28499E+00  6.11634E-05  1.36042E+00 
4.17999E+01 1.28999E+00  6.19409E-05  1.36543E+00 
4.18999E+01 1.29499E+00  6.28833E-05  1.37041E+00 
4.19999E+01 1.29999E+00  6.36160E-05  1.37543E+00 
4.20999E+01 1.30499E+00  6.45097E-05  1.38044E+00 
4.21999E+01 1.30999E+00  6.54599E-05  1.38544E+00 
4.22999E+01 1.31499E+00  6.65214E-05  1.39045E+00 
4.23999E+01 1.31999E+00  6.76441E-05  1.39546E+00 
4.24999E+01 1.32499E+00  6.88442E-05  1.40048E+00 
4.25999E+01 1.32999E+00  7.01231E-05  1.40547E+00 
4.26999E+01 1.33499E+00  7.15573E-05  1.41046E+00 
4.27999E+01 1.33999E+00  7.29029E-05  1.41546E+00 
4.28999E+01 1.34499E+00  7.43606E-05  1.42048E+00 
4.29999E+01 1.34999E+00  7.58884E-05  1.42550E+00 
4.30999E+01 1.35499E+00  7.74813E-05  1.43048E+00 
4.31999E+01 1.35999E+00  7.91407E-05  1.43551E+00 
4.32999E+01 1.36499E+00  8.08803E-05  1.44051E+00 
4.33999E+01 1.36999E+00  8.26871E-05  1.44550E+00 
4.34999E+01 1.37499E+00  8.45598E-05  1.45051E+00 
4.35999E+01 1.37999E+00  8.64918E-05  1.45552E+00 
4.36999E+01 1.38499E+00  8.85250E-05  1.46052E+00 
4.37999E+01 1.38999E+00  9.05821E-05  1.46552E+00 
4.38999E+01 1.39499E+00  9.26869E-05  1.47051E+00 
4.39999E+01 1.39999E+00  9.48814E-05  1.47552E+00 
4.40999E+01 1.40499E+00  9.71569E-05  1.48052E+00 
4.41999E+01 1.40999E+00  9.94943E-05  1.48551E+00 
4.42999E+01 1.41499E+00  1.01912E-04  1.49051E+00 
4.43999E+01 1.41999E+00  1.04134E-04  1.49555E+00 
4.44999E+01 1.42499E+00  1.06810E-04  1.50052E+00 
4.45999E+01 1.42999E+00  1.09382E-04  1.50553E+00 
4.46999E+01 1.43499E+00  1.12114E-04  1.51052E+00 
4.47999E+01 1.43999E+00  1.15027E-04  1.51553E+00 
4.48999E+01 1.44499E+00  1.17960E-04  1.52054E+00 
4.49999E+01 1.44999E+00  1.20771E-04  1.52551E+00 
4.50999E+01 1.45499E+00  1.23676E-04  1.53053E+00 
4.51999E+01 1.45999E+00  1.26571E-04  1.53551E+00 
4.52999E+01 1.46499E+00  1.29499E-04  1.54052E+00 
4.53999E+01 1.46999E+00  1.32543E-04  1.54553E+00 
4.54999E+01 1.47499E+00  1.35551E-04  1.55054E+00 
4.55999E+01 1.47999E+00  1.38621E-04  1.55556E+00 
4.56999E+01 1.48499E+00  1.41595E-04  1.56054E+00 
4.57999E+01 1.48999E+00  1.44670E-04  1.56554E+00 
4.58999E+01 1.49499E+00  1.47892E-04  1.57053E+00 
4.59999E+01 1.49999E+00  1.51261E-04  1.57556E+00 
4.60999E+01 1.50499E+00  1.54783E-04  1.58056E+00 
4.61999E+01 1.50999E+00  1.57985E-04  1.58558E+00 
4.62999E+01 1.51499E+00  1.61399E-04  1.59054E+00 
4.63999E+01 1.51999E+00  1.64672E-04  1.59557E+00 
4.64999E+01 1.52499E+00  1.68025E-04  1.60055E+00 
4.65999E+01 1.52999E+00  1.71400E-04  1.60560E+00 
4.66999E+01 1.53499E+00  1.74802E-04  1.61059E+00 
4.67999E+01 1.53999E+00  1.78238E-04  1.61558E+00 
4.68999E+01 1.54499E+00  1.81672E-04  1.62059E+00 
4.69999E+01 1.54999E+00  1.85137E-04  1.62562E+00 
4.70999E+01 1.55499E+00  1.88602E-04  1.63061E+00 
4.71999E+01 1.55999E+00  1.92068E-04  1.63559E+00 
4.72999E+01 1.56499E+00  1.95477E-04  1.64060E+00 
4.73999E+01 1.56999E+00  1.99001E-04  1.64559E+00 
4.74999E+01 1.57499E+00  2.02569E-04  1.65062E+00 
4.75999E+01 1.57999E+00  2.06130E-04  1.65561E+00 
4.76999E+01 1.58499E+00  2.09667E-04  1.66060E+00 
4.77999E+01 1.58999E+00  2.13701E-04  1.66563E+00 
4.78999E+01 1.59499E+00  2.17259E-04  1.67066E+00 
4.79999E+01 1.59999E+00  2.20730E-04  1.67564E+00 
4.80999E+01 1.60499E+00  2.24314E-04  1.68063E+00 
4.81999E+01 1.60999E+00  2.27852E-04  1.68564E+00 
4.82999E+01 1.61499E+00  2.31474E-04  1.69064E+00 
4.83999E+01 1.61999E+00  2.35102E-04  1.69563E+00 
4.84999E+01 1.62499E+00  2.38665E-04  1.70062E+00 
4.85999E+01 1.62999E+00  2.42282E-04  1.70565E+00 
4.86999E+01 1.63499E+00  2.45851E-04  1.71065E+00 
4.87999E+01 1.63999E+00  2.49439E-04  1.71564E+00 
4.88999E+01 1.64499E+00  2.52963E-04  1.72063E+00 
4.89999E+01 1.64999E+00  2.56531E-04  1.72563E+00 
4.90999E+01 1.65499E+00  2.60160E-04  1.73066E+00 
4.91999E+01 1.65999E+00  2.63813E-04  1.73564E+00 
4.92999E+01 1.66499E+00  2.67367E-04  1.74065E+00 
4.93999E+01 1.66999E+00  2.70866E-04  1.74565E+00 
4.94999E+01 1.67499E+00  2.74503E-04  1.75065E+00 
4.95999E+01 1.67999E+00  2.78125E-04  1.75567E+00 
4.96999E+01 1.68499E+00  2.81571E-04  1.76069E+00 
4.97999E+01 1.68999E+00  2.85100E-04  1.76569E+00 
4.98999E+01 1.69499E+00  2.88943E-04  1.77068E+00 
4.99999E+01 1.69999E+00  2.92265E-04  1.77566E+00 
5.00999E+01 1.70499E+00  2.95789E-04  1.78069E+00 
5.01999E+01 1.70999E+00  2.99233E-04  1.78569E+00 
5.02999E+01 1.71499E+00  3.02640E-04  1.79069E+00 
5.03999E+01 1.71999E+00  3.06008E-04  1.79568E+00 
5.04999E+01 1.72499E+00  3.09297E-04  1.80069E+00 
5.05999E+01 1.72999E+00  3.12423E-04  1.80572E+00 
5.06999E+01 1.73499E+00  3.15734E-04  1.81070E+00 
5.07999E+01 1.73999E+00  3.19171E-04  1.81568E+00 
5.08999E+01 1.74499E+00  3.22544E-04  1.82069E+00 
5.09999E+01 1.74999E+00  3.25927E-04  1.82573E+00 
5.10999E+01 1.75499E+00  3.29119E-04  1.83071E+00 
5.11999E+01 1.75999E+00  3.32244E-04  1.83571E+00 
5.12999E+01 1.76499E+00  3.35283E-04  1.84072E+00 
5.13999E+01 1.76999E+00  3.38343E-04  1.84573E+00 
5.14999E+01 1.77499E+00  3.41269E-04  1.85073E+00 
5.15999E+01 1.77999E+00  3.44308E-04  1.85573E+00 
5.16999E+01 1.78499E+00  3.47270E-04  1.86073E+00 
5.17999E+01 1.78999E+00  3.50246E-04  1.86575E+00 
5.18999E+01 1.79499E+00  3.53182E-04  1.87074E+00 
5.19999E+01 1.79999E+00  3.55698E-04  1.87574E+00 
5.20999E+01 1.79499E+00  3.48597E-04  1.87075E+00 
5.21999E+01 1.78999E+00  3.41830E-04  1.86575E+00 
5.22999E+01 1.78499E+00  3.35337E-04  1.86073E+00 
5.23999E+01 1.77999E+00  3.29062E-04  1.85573E+00 
5.24999E+01 1.77499E+00  3.22954E-04  1.85073E+00 
5.25999E+01 1.76999E+00  3.16986E-04  1.84575E+00 
5.26999E+01 1.76499E+00  3.11087E-04  1.84072E+00 
5.27999E+01 1.75999E+00  3.05248E-04  1.83572E+00 
5.28999E+01 1.75499E+00  2.99387E-04  1.83073E+00 
5.29999E+01 1.74999E+00  2.93820E-04  1.82573E+00 
5.30999E+01 1.74499E+00  2.88079E-04  1.82072E+00 
5.31999E+01 1.73999E+00  2.82414E-04  1.81571E+00 
5.32999E+01 1.73499E+00  2.76975E-04  1.81072E+00 
5.33999E+01 1.72999E+00  2.71513E-04  1.80574E+00 
5.34999E+01 1.72499E+00  2.66474E-04  1.80073E+00 
5.35999E+01 1.71999E+00  2.60970E-04  1.79571E+00 
5.36999E+01 1.71499E+00  2.55820E-04  1.79072E+00 
5.37999E+01 1.70999E+00  2.50694E-04  1.78573E+00 
5.38999E+01 1.70499E+00  2.45898E-04  1.78074E+00 
5.39999E+01 1.69999E+00  2.40621E-04  1.77570E+00 
5.40999E+01 1.69499E+00  2.35572E-04  1.77068E+00 
5.41999E+01 1.68999E+00  2.30750E-04  1.76571E+00 
5.42999E+01 1.68499E+00  2.26027E-04  1.76070E+00 
5.43999E+01 1.67999E+00  2.21388E-04  1.75568E+00 
5.44999E+01 1.67499E+00  2.16784E-04  1.75066E+00 
5.45999E+01 1.66999E+00  2.12248E-04  1.74566E+00 
5.46999E+01 1.66499E+00  2.07688E-04  1.74065E+00 
5.47999E+01 1.65999E+00  2.03247E-04  1.73566E+00 
5.48999E+01 1.65499E+00  1.98910E-04  1.73065E+00 
5.49999E+01 1.64999E+00  1.94605E-04  1.72563E+00 
5.50999E+01 1.64499E+00  1.90387E-04  1.72064E+00 
5.51999E+01 1.63999E+00  1.86233E-04  1.71564E+00 
5.52999E+01 1.63499E+00  1.82152E-04  1.71063E+00 
5.53999E+01 1.62999E+00  1.78067E-04  1.70563E+00 
5.54999E+01 1.62499E+00  1.74081E-04  1.70060E+00 
5.55999E+01 1.61999E+00  1.70177E-04  1.69563E+00 
5.56999E+01 1.61499E+00  1.66324E-04  1.69064E+00 
5.57999E+01 1.60999E+00  1.62508E-04  1.68563E+00 
5.58999E+01 1.60499E+00  1.58782E-04  1.68060E+00 
5.59999E+01 1.59999E+00  1.55003E-04  1.67563E+00 
5.60999E+01 1.59499E+00  1.51274E-04  1.67063E+00 
5.61999E+01 1.58999E+00  1.47734E-04  1.66561E+00 
5.62999E+01 1.58499E+00  1.44245E-04  1.66061E+00 
5.63999E+01 1.57999E+00  1.40714E-04  1.65562E+00 
5.64999E+01 1.57499E+00  1.37255E-04  1.65061E+00 
5.65999E+01 1.56999E+00  1.33848E-04  1.64561E+00 
5.66999E+01 1.56499E+00  1.30469E-04  1.64060E+00 
5.67999E+01 1.55999E+00  1.27151E-04  1.63561E+00 
5.68999E+01 1.55499E+00  1.23846E-04  1.63059E+00 
5.69999E+01 1.54999E+00  1.20671E-04  1.62561E+00 
5.70999E+01 1.54499E+00  1.17530E-04  1.62058E+00 
5.71999E+01 1.53999E+00  1.14465E-04  1.61560E+00 
5.72999E+01 1.53499E+00  1.11522E-04  1.61061E+00 
5.73999E+01 1.52999E+00  1.08560E-04  1.60559E+00 
5.74999E+01 1.52499E+00  1.05634E-04  1.60058E+00 
5.75999E+01 1.51999E+00  1.02784E-04  1.59557E+00 
5.76999E+01 1.51499E+00  9.99275E-05  1.59057E+00 
5.77999E+01 1.50999E+00  9.71281E-05  1.58559E+00 
5.78999E+01 1.50499E+00  9.43909E-05  1.58058E+00 
5.79999E+01 1.49999E+00  9.17033E-05  1.57556E+00 
5.80999E+01 1.49499E+00  8.90765E-05  1.57054E+00 
5.81999E+01 1.48999E+00  8.64927E-05  1.56553E+00 
5.82999E+01 1.48499E+00  8.39319E-05  1.56055E+00 
5.83999E+01 1.47999E+00  8.14113E-05  1.55555E+00 
5.84999E+01 1.47499E+00  7.89407E-05  1.55056E+00 
5.85999E+01 1.46999E+00  7.65108E-05  1.54554E+00 
5.86999E+01 1.46499E+00  7.41438E-05  1.54054E+00 
5.87999E+01 1.45999E+00  7.18011E-05  1.53555E+00 
5.88999E+01 1.45499E+00  6.95161E-05  1.53055E+00 
5.89999E+01 1.44999E+00  6.72931E-05  1.52556E+00 
5.90999E+01 1.44499E+00  6.50913E-05  1.52053E+00 
5.91999E+01 1.43999E+00  6.29415E-05  1.51555E+00 
5.92999E+01 1.43499E+00  6.08360E-05  1.51053E+00 
5.93999E+01 1.42999E+00  5.87983E-05  1.50552E+00 
5.94999E+01 1.42499E+00  5.67967E-05  1.50054E+00 
5.95999E+01 1.41999E+00  5.48068E-05  1.49554E+00 
5.96999E+01 1.41499E+00  5.28831E-05  1.49053E+00 
5.97999E+01 1.40999E+00  5.09724E-05  1.48552E+00 
5.98999E+01 1.40499E+00  4.91349E-05  1.48053E+00 
5.99998E+01 1.39999E+00  4.73817E-05  1.47553E+00 
6.00998E+01 1.39499E+00  4.56464E-05  1.47053E+00 
6.01998E+01 1.38999E+00  4.39453E-05  1.46550E+00 
6.02998E+01 1.38499E+00  4.22940E-05  1.46052E+00 
6.03998E+01 1.37999E+00  4.06966E-05  1.45553E+00 
6.04998E+01 1.37499E+00  3.91230E-05  1.45052E+00 
6.05998E+01 1.36999E+00  3.76361E-05  1.44552E+00 
6.06998E+01 1.36499E+00  3.61686E-05  1.44050E+00 
6.07998E+01 1.35999E+00  3.43120E-05  1.43549E+00 
6.08998E+01 1.35499E+00  3.29829E-05  1.43046E+00 
6.09998E+01 1.34999E+00  3.16611E-05  1.42549E+00 
6.10998E+01 1.34499E+00  3.03728E-05  1.42047E+00 
6.11998E+01 1.33999E+00  2.90766E-05  1.41545E+00 
6.12998E+01 1.33499E+00  2.78786E-05  1.41044E+00 
6.13998E+01 1.32999E+00  2.67871E-05  1.40545E+00 
6.14998E+01 1.32499E+00  2.57211E-05  1.40045E+00 
6.15998E+01 1.31999E+00  2.46776E-05  1.39544E+00 
6.16998E+01 1.31499E+00  2.34586E-05  1.39045E+00 
6.17998E+01 1.30999E+00  2.25593E-05  1.38545E+00 
6.18998E+01 1.30499E+00  2.14766E-05  1.38044E+00 
6.19998E+01 1.29999E+00  2.06714E-05  1.37543E+00 
6.20998E+01 1.29499E+00  1.98184E-05  1.37044E+00 
6.21998E+01 1.28999E+00  1.90129E-05  1.36542E+00 
6.22998E+01 1.28499E+00  1.81600E-05  1.36041E+00 
6.23998E+01 1.27999E+00  1.73371E-05  1.35542E+00 
6.24998E+01 1.27499E+00  1.68937E-05  1.35042E+00 
6.25998E+01 1.26999E+00  1.60745E-05  1.34542E+00 
6.26998E+01 1.26499E+00  1.55193E-05  1.34042E+00 
6.27998E+01 1.25999E+00  1.50354E-05  1.33542E+00 
6.28998E+01 1.25499E+00  1.44354E-05  1.33042E+00 
6.29998E+01 1.24999E+00  1.37462E-05  1.32542E+00 
6.30998E+01 1.24499E+00  1.33325E-05  1.32044E+00 
6.31998E+01 1.23999E+00  1.28637E-05  1.31544E+00 
6.32998E+01 1.23499E+00  1.24089E-05  1.31041E+00 
6.33998E+01 1.22999E+00  1.19779E-05  1.30542E+00 
6.34998E+01 1.22499E+00  1.16482E-05  1.30039E+00 
6.35998E+01 1.21999E+00  1.11875E-05  1.29542E+00 
6.36998E+01 1.21499E+00  1.07997E-05  1.29041E+00 
6.37998E+01 1.20999E+00  1.04289E-05  1.28539E+00 
6.38998E+01 1.20499E+00  1.00792E-05  1.28040E+00 
6.39998E+01 1.19999E+00  9.75788E-06  1.27540E+00 
6.40998E+01 1.19500E+00  9.42138E-06  1.27039E+00 
6.41998E+01 1.19000E+00  9.20683E-06  1.26539E+00 
6.42998E+01 1.18500E+00  8.96032E-06  1.26038E+00 
6.43998E+01 1.18000E+00  8.72388E-06  1.25538E+00 
6.44998E+01 1.17500E+00  8.51183E-06  1.25039E+00 
6.45998E+01 1.17000E+00  8.30305E-06  1.24536E+00 
6.46998E+01 1.16500E+00  8.05239E-06  1.24037E+00 
6.47998E+01 1.16000E+00  7.87073E-06  1.23538E+00 
6.48998E+01 1.15500E+00  7.69310E-06  1.23040E+00 
6.49998E+01 1.15000E+00  7.51182E-06  1.22538E+00 
6.50998E+01 1.14500E+00  7.29465E-06  1.22036E+00 
6.51998E+01 1.14000E+00  7.08112E-06  1.21540E+00 
6.52998E+01 1.13500E+00  6.96203E-06  1.21039E+00 
6.53998E+01 1.13000E+00  6.82164E-06  1.20538E+00 
6.54998E+01 1.12500E+00  6.66498E-06  1.20036E+00 
6.55998E+01 1.12000E+00  6.52921E-06  1.19536E+00 
6.56998E+01 1.11500E+00  6.38819E-06  1.19037E+00 
6.57998E+01 1.11000E+00  6.27594E-06  1.18535E+00 
6.58998E+01 1.10500E+00  6.15945E-06  1.18034E+00 
6.59998E+01 1.10000E+00  6.04875E-06  1.17536E+00 
6.60998E+01 1.09500E+00  5.94995E-06  1.17037E+00 
6.61998E+01 1.09000E+00  5.85125E-06  1.16537E+00 
6.62998E+01 1.08500E+00  5.75122E-06  1.16034E+00 
6.63998E+01 1.08000E+00  5.64430E-06  1.15536E+00 
6.64998E+01 1.07500E+00  5.54735E-06  1.15036E+00 
6.65998E+01 1.07000E+00  5.45504E-06  1.14536E+00 
6.66998E+01 1.06500E+00  5.37081E-06  1.14034E+00 
6.67998E+01 1.06000E+00  5.29901E-06  1.13535E+00 
6.68998E+01 1.05500E+00  5.21818E-06  1.13035E+00 
6.69998E+01 1.05000E+00  5.15094E-06  1.12535E+00 
6.70998E+01 1.04500E+00  5.07466E-06  1.12033E+00 
6.71998E+01 1.04000E+00  4.99955E-06  1.11534E+00 
6.72998E+01 1.03500E+00  4.92165E-06  1.11031E+00 
6.73998E+01 1.03000E+00  4.84442E-06  1.10533E+00 
6.74998E+01 1.02500E+00  4.77916E-06  1.10031E+00 
6.75998E+01 1.02000E+00  4.71597E-06  1.09531E+00 
6.76998E+01 1.01500E+00  4.65034E-06  1.09030E+00 
6.77998E+01 1.01000E+00  4.58828E-06  1.08529E+00 
6.78998E+01 1.00500E+00  4.52597E-06  1.08030E+00 
6.79998E+01 9.99995E-01  4.47291E-06  1.07531E+00 
6.80998E+01 9.94996E-01  4.41042E-06  1.07030E+00 
6.81998E+01 9.89996E-01  4.34584E-06  1.06530E+00 
6.82998E+01 9.84996E-01  4.28775E-06  1.06028E+00 
6.83998E+01 9.79996E-01  4.22614E-06  1.05530E+00 
6.84998E+01 9.74996E-01  4.16298E-06  1.05029E+00 
6.85998E+01 9.69996E-01  4.09410E-06  1.04527E+00 
6.86998E+01 9.64996E-01  4.05001E-06  1.04028E+00 
6.87998E+01 9.59996E-01  4.01377E-06  1.03526E+00 
6.88998E+01 9.54996E-01  3.92041E-06  1.03027E+00 
6.89998E+01 9.49996E-01  3.83922E-06  1.02527E+00 
6.90998E+01 9.44996E-01  3.80664E-06  1.02025E+00 
6.91998E+01 9.39996E-01  3.75888E-06  1.01527E+00 
6.92998E+01 9.34996E-01  3.69849E-06  1.01026E+00 
6.93998E+01 9.29996E-01  3.64630E-06  1.00527E+00 
6.94998E+01 9.24996E-01  3.59397E-06  1.00024E+00 
6.95998E+01 9.19996E-01  3.53707E-06  9.95271E-01 
6.96998E+01 9.14996E-01  3.48336E-06  9.90258E-01 
6.97998E+01 9.09996E-01  3.43437E-06  9.85261E-01 
6.98998E+01 9.04996E-01  3.38630E-06  9.80250E-01 
6.99998E+01 8.99996E-01  3.33404E-06  9.75264E-01 
7.00998E+01 8.94996E-01  3.29110E-06  9.70264E-01 
7.01998E+01 8.89996E-01  3.24126E-06  9.65254E-01 
7.02998E+01 8.84996E-01  3.19552E-06  9.60242E-01 
7.03998E+01 8.79996E-01  3.14323E-06  9.55263E-01 
7.04998E+01 8.74996E-01  3.08835E-06  9.50228E-01 
7.05998E+01 8.69996E-01  3.03822E-06  9.45239E-01 
7.06998E+01 8.64996E-01  2.98728E-06  9.40236E-01 
7.07998E+01 8.59996E-01  2.93217E-06  9.35209E-01 
7.08998E+01 8.54996E-01  2.88087E-06  9.30217E-01 
7.09998E+01 8.49996E-01  2.82971E-06  9.25218E-01 
7.10998E+01 8.44996E-01  2.78183E-06  9.20234E-01 
7.11998E+01 8.39996E-01  2.72788E-06  9.15227E-01 
7.12998E+01 8.34996E-01  2.65654E-06  9.10212E-01 
7.13998E+01 8.29996E-01  2.55858E-06  9.05213E-01 
7.14998E+01 8.24996E-01  2.53370E-06  9.00217E-01 
7.15998E+01 8.19996E-01  2.49530E-06  8.95218E-01 
7.16998E+01 8.14996E-01  2.44823E-06  8.90184E-01 
7.17998E+01 8.09996E-01  2.40060E-06  8.85168E-01 
7.18998E+01 8.04996E-01  2.34917E-06  8.80191E-01 
7.19998E+01 7.99996E-01  2.30353E-06  8.75182E-01 
7.20998E+01 7.94996E-01  2.24916E-06  8.70163E-01 
7.21998E+01 7.89996E-01  2.21275E-06  8.65177E-01 
7.22998E+01 7.84996E-01  2.17854E-06  8.60179E-01 
7.23998E+01 7.79996E-01  2.07484E-06  8.55182E-01 
7.24998E+01 7.74996E-01  1.94066E-06  8.50179E-01 
7.25998E+01 7.69996E-01  1.93398E-06  8.45178E-01 
7.26998E+01 7.64996E-01  1.93513E-06  8.40161E-01 
7.27998E+01 7.59996E-01  1.82308E-06  8.35170E-01 
7.28998E+01 7.54996E-01  1.81880E-06  8.30171E-01 
7.29998E+01 7.49996E-01  1.68236E-06  8.25147E-01 
7.30998E+01 7.44996E-01  1.63496E-06  8.20162E-01 
7.31998E+01 7.39996E-01  1.57929E-06  8.15178E-01 
7.32998E+01 7.34996E-01  1.52645E-06  8.10161E-01 
7.33998E+01 7.29996E-01  1.46952E-06  8.05139E-01 
7.34998E+01 7.24996E-01  1.40586E-06  8.00181E-01 
7.35998E+01 7.19996E-01  1.33954E-06  7.95143E-01 
7.36998E+01 7.14996E-01  1.27206E-06  7.90138E-01 
7.37998E+01 7.09996E-01  1.20348E-06  7.85130E-01 
7.38998E+01 7.04996E-01  1.13924E-06  7.80121E-01 
7.39998E+01 6.99996E-01  1.07217E-06  7.75088E-01 
7.40998E+01 6.94996E-01  9.98817E-07  7.70109E-01 
7.41998E+01 6.89996E-01  9.26779E-07  7.65089E-01 
7.42998E+01 6.84996E-01  8.57295E-07  7.60116E-01 
7.43998E+01 6.79996E-01  7.85185E-07  7.55105E-01 
7.44998E+01 6.74996E-01  6.86686E-07  7.50088E-01 
7.45998E+01 6.69996E-01  6.29083E-07  7.45085E-01 
7.46998E+01 6.64996E-01  5.54055E-07  7.40096E-01 
7.47998E+01 6.59996E-01  4.81451E-07  7.35092E-01 
7.48998E+01 6.54996E-01  4.02780E-07  7.30079E-01 
7.49998E+01 6.49996E-01  3.28277E-07  7.25082E-01 
7.50998E+01 6.44996E-01  2.49446E-07  7.20074E-01 
7.51998E+01 6.39996E-01  1.66104E-07  7.15071E-01 
7.52998E+01 6.34996E-01  7.76753E-08  7.10053E-01 
7.53998E+01 6.29996E-01  -1.42934E-08 7.05089E-01 
7.54998E+01 6.24996E-01  -9.47977E-08 7.00075E-01 
7.55998E+01 6.19996E-01  -1.80258E-07 6.95053E-01 
7.56998E+01 6.14996E-01  -2.63473E-07 6.90074E-01 
7.57998E+01 6.09996E-01  -3.50613E-07 6.85067E-01 
7.58998E+01 6.04996E-01  -4.44957E-07 6.80094E-01 
7.59998E+01 5.99996E-01  -5.22976E-07 6.75080E-01 
7.60998E+01 5.94997E-01  -6.10270E-07 6.70068E-01 
7.61998E+01 5.89997E-01  -6.93490E-07 6.65080E-01 
7.62998E+01 5.84997E-01  -7.81219E-07 6.60070E-01 
7.63998E+01 5.79997E-01  -8.73895E-07 6.55081E-01 
7.64998E+01 5.74997E-01  -9.70948E-07 6.50052E-01 
7.65998E+01 5.69997E-01  -1.06502E-06 6.45059E-01 
7.66998E+01 5.64997E-01  -1.16225E-06 6.40068E-01 
7.67998E+01 5.59997E-01  -1.26044E-06 6.35056E-01 
7.68998E+01 5.54997E-01  -1.35389E-06 6.30038E-01 
7.69998E+01 5.49997E-01  -1.44280E-06 6.25021E-01 
7.70998E+01 5.44997E-01  -1.54905E-06 6.20042E-01 
7.71998E+01 5.39997E-01  -1.66954E-06 6.15031E-01 
7.72998E+01 5.34997E-01  -1.76325E-06 6.10012E-01 
7.73998E+01 5.29997E-01  -1.86552E-06 6.05015E-01 
7.74998E+01 5.24997E-01  -1.96950E-06 6.00002E-01 
7.75998E+01 5.19997E-01  -2.08336E-06 5.95022E-01 
7.76998E+01 5.14997E-01  -2.19318E-06 5.90001E-01 
7.77998E+01 5.09997E-01  -2.31171E-06 5.84996E-01 
7.78998E+01 5.04997E-01  -2.42650E-06 5.80012E-01 
7.79998E+01 4.99997E-01  -2.55240E-06 5.75011E-01 
7.80998E+01 4.94997E-01  -2.67795E-06 5.70006E-01 
7.81998E+01 4.89997E-01  -2.79813E-06 5.64983E-01 
7.82998E+01 4.84997E-01  -2.92514E-06 5.59976E-01 
7.83998E+01 4.79997E-01  -3.05672E-06 5.54987E-01 
7.84998E+01 4.74997E-01  -3.19709E-06 5.49969E-01 
7.85998E+01 4.69997E-01  -3.34380E-06 5.44952E-01 
7.86998E+01 4.64997E-01  -3.49580E-06 5.39967E-01 
7.87998E+01 4.59997E-01  -3.65753E-06 5.34971E-01 
7.88998E+01 4.54997E-01  -3.82120E-06 5.29954E-01 
7.89998E+01 4.49997E-01  -3.99758E-06 5.24966E-01 
7.90998E+01 4.44997E-01  -4.18083E-06 5.19946E-01 
7.91998E+01 4.39997E-01  -4.37296E-06 5.14950E-01 
7.92998E+01 4.34997E-01  -4.57322E-06 5.09969E-01 
7.93998E+01 4.29997E-01  -4.78236E-06 5.04952E-01 
7.94998E+01 4.24997E-01  -4.99686E-06 4.99958E-01 
7.95998E+01 4.19997E-01  -5.23149E-06 4.94944E-01 
7.96998E+01 4.14997E-01  -5.47537E-06 4.89977E-01 
7.97998E+01 4.09997E-01  -5.72849E-06 4.84953E-01 
7.98998E+01 4.04997E-01  -5.99707E-06 4.79942E-01 
7.99998E+01 3.99997E-01  -6.26794E-06 4.74934E-01 
8.00998E+01 3.94997E-01  -6.65324E-06 4.69940E-01 
8.01998E+01 3.89997E-01  -6.99414E-06 4.64943E-01 
8.02998E+01 3.84997E-01  -7.30375E-06 4.59912E-01 
8.03998E+01 3.79997E-01  -7.57843E-06 4.54927E-01 
8.04998E+01 3.74997E-01  -7.88849E-06 4.49933E-01 
8.05998E+01 3.69997E-01  -8.23639E-06 4.44906E-01 
8.06998E+01 3.64997E-01  -8.58855E-06 4.39914E-01 
8.07998E+01 3.59997E-01  -8.96557E-06 4.34912E-01 
8.08998E+01 3.54997E-01  -9.36328E-06 4.29896E-01 
8.09998E+01 3.49997E-01  -9.75188E-06 4.24904E-01 
8.10998E+01 3.44997E-01  -1.01716E-05 4.19906E-01 
8.11998E+01 3.39997E-01  -1.06377E-05 4.14894E-01 
8.12998E+01 3.34997E-01  -1.11144E-05 4.09887E-01 
8.13998E+01 3.29997E-01  -1.16040E-05 4.04872E-01 
8.14998E+01 3.24997E-01  -1.21149E-05 3.99879E-01 
8.15998E+01 3.19997E-01  -1.26442E-05 3.94907E-01 
8.16998E+01 3.14997E-01  -1.31649E-05 3.89887E-01 
8.17998E+01 3.09997E-01  -1.37367E-05 3.84878E-01 
8.18998E+01 3.04997E-01  -1.43402E-05 3.79874E-01 
8.19998E+01 2.99997E-01  -1.49387E-05 3.74887E-01 
8.20998E+01 2.94997E-01  -1.55378E-05 3.69861E-01 
8.21998E+01 2.89997E-01  -1.61690E-05 3.64860E-01 
8.22998E+01 2.84997E-01  -1.67999E-05 3.59861E-01 
8.23998E+01 2.79997E-01  -1.74521E-05 3.54868E-01 
8.24998E+01 2.74997E-01  -1.81664E-05 3.49870E-01 
8.25998E+01 2.69997E-01  -1.88560E-05 3.44844E-01 
8.26998E+01 2.64997E-01  -1.96358E-05 3.39858E-01 
8.27998E+01 2.59997E-01  -2.03702E-05 3.34864E-01 
8.28998E+01 2.54997E-01  -2.11582E-05 3.29866E-01 
8.29998E+01 2.49997E-01  -2.19143E-05 3.24862E-01 
8.30998E+01 2.44997E-01  -2.26970E-05 3.19863E-01 
8.31998E+01 2.39997E-01  -2.34865E-05 3.14851E-01 
8.32998E+01 2.34997E-01  -2.42745E-05 3.09853E-01 
8.33998E+01 2.29997E-01  -2.50480E-05 3.04840E-01 
8.34998E+01 2.24997E-01  -2.58363E-05 2.99836E-01 
8.35998E+01 2.19997E-01  -2.66450E-05 2.94840E-01 
8.36998E+01 2.14997E-01  -2.73628E-05 2.89813E-01 
8.37998E+01 2.09997E-01  -2.81970E-05 2.84843E-01 
8.38998E+01 2.04997E-01  -2.89890E-05 2.79835E-01 
8.39998E+01 1.99997E-01  -2.98030E-05 2.74825E-01 
8.40998E+01 1.94998E-01  -3.06395E-05 2.69825E-01 
8.41998E+01 1.89998E-01  -3.14714E-05 2.64841E-01 
8.42998E+01 1.84998E-01  -3.23545E-05 2.59844E-01 
8.43998E+01 1.79998E-01  -3.32767E-05 2.54802E-01 
8.44998E+01 1.74998E-01  -3.40078E-05 2.49811E-01 
8.45998E+01 1.69998E-01  -3.47411E-05 2.44808E-01 
8.46998E+01 1.64998E-01  -3.54214E-05 2.39808E-01 
8.47998E+01 1.59998E-01  -3.60476E-05 2.34805E-01 
8.48998E+01 1.54998E-01  -3.67985E-05 2.29798E-01 
8.49998E+01 1.49998E-01  -3.74240E-05 2.24790E-01 
8.50998E+01 1.44998E-01  -3.80466E-05 2.19806E-01 
8.51998E+01 1.39998E-01  -3.86320E-05 2.14785E-01 
8.52998E+01 1.34998E-01  -3.91934E-05 2.09781E-01 
8.53998E+01 1.29998E-01  -3.97101E-05 2.04803E-01 
8.54998E+01 1.24998E-01  -4.02392E-05 1.99812E-01 
8.55998E+01 1.19998E-01  -4.07339E-05 1.94802E-01 
8.56998E+01 1.14998E-01  -4.12576E-05 1.89780E-01 
8.57998E+01 1.09998E-01  -4.17180E-05 1.84816E-01 
8.58998E+01 1.04998E-01  -4.21788E-05 1.79801E-01 
8.59998E+01 9.99977E-02  -4.26243E-05 1.74791E-01 
8.60998E+01 9.49978E-02  -4.30726E-05 1.69779E-01 
8.61998E+01 8.99978E-02  -4.35664E-05 1.64797E-01 
8.62998E+01 8.49978E-02  -4.40358E-05 1.59792E-01 
8.63998E+01 7.99978E-02  -4.44885E-05 1.54779E-01 
8.64998E+01 7.49978E-02  -4.49181E-05 1.49773E-01 
8.65998E+01 6.99978E-02  -4.53553E-05 1.44786E-01 
8.66998E+01 6.49978E-02  -4.57876E-05 1.39767E-01 
8.67998E+01 5.99978E-02  -4.62018E-05 1.34753E-01 
8.68998E+01 5.49979E-02  -4.65868E-05 1.29757E-01 
8.69998E+01 4.99979E-02  -4.69660E-05 1.24762E-01 
8.70998E+01 4.49979E-02  -4.73172E-05 1.19759E-01 
8.71998E+01 3.99979E-02  -4.76435E-05 1.14769E-01 
8.72998E+01 3.49979E-02  -4.79488E-05 1.09733E-01 
8.73998E+01 2.99979E-02  -4.82207E-05 1.04743E-01 
8.74998E+01 2.49979E-02  -4.84728E-05 9.97531E-02 
8.75998E+01 1.99979E-02  -4.87081E-05 9.47303E-02 
8.76998E+01 1.49980E-02  -4.89194E-05 8.97281E-02 
8.77998E+01 9.99797E-03  -4.91088E-05 8.47553E-02 
8.78998E+01 4.99799E-03  -4.92839E-05 7.97394E-02 
8.79998E+01 -2.00000E-06 -4.94382E-05 7.47353E-02 
8.80998E+01 -5.00199E-03 -4.95733E-05 6.97244E-02 
8.81998E+01 -1.00020E-02 -4.97065E-05 6.47341E-02 
8.82998E+01 -1.50020E-02 -4.98373E-05 5.97375E-02 
8.83998E+01 -2.00020E-02 -4.99586E-05 5.47260E-02 
8.84998E+01 -2.50019E-02 -5.00633E-05 4.97027E-02 
8.85998E+01 -3.00019E-02 -5.01499E-05 4.47223E-02 
8.86998E+01 -3.50019E-02 -5.02491E-05 3.97420E-02 
8.87998E+01 -4.00019E-02 -5.03528E-05 3.47092E-02 
8.88998E+01 -4.50019E-02 -5.04520E-05 2.97083E-02 
8.89998E+01 -5.00019E-02 -5.05654E-05 2.47118E-02 
8.90998E+01 -5.50019E-02 -5.06788E-05 1.97252E-02 
8.91998E+01 -6.00019E-02 -5.08010E-05 1.47012E-02 
8.92998E+01 -6.50018E-02 -5.09289E-05 9.69406E-03 
8.93998E+01 -7.00018E-02 -5.10577E-05 4.69685E-03 
8.94998E+01 -7.50018E-02 -5.11604E-05 -2.84694E-04
8.95998E+01 -8.00018E-02 -5.12628E-05 -5.29122E-03
8.96998E+01 -8.50018E-02 -5.13799E-05 -1.03097E-02
8.97998E+01 -9.00018E-02 -5.15260E-05 -1.53193E-02
8.98998E+01 -9.50018E-02 -5.16762E-05 -2.03308E-02
8.99998E+01 -1.00002E-01 -5.18297E-05 -2.53380E-02
9.00998E+01 -1.05002E-01 -5.19833E-05 -3.03339E-02
9.01998E+01 -1.10002E-01 -5.21388E-05 -3.53486E-02
9.02998E+01 -1.15002E-01 -5.22981E-05 -4.03589E-02
9.03998E+01 -1.20002E-01 -5.24719E-05 -4.53498E-02
9.04998E+01 -1.25002E-01 -5.26652E-05 -5.03295E-02
9.05998E+01 -1.30002E-01 -5.28538E-05 -5.53323E-02
9.06998E+01 -1.35002E-01 -5.30761E-05 -6.03482E-02
9.07998E+01 -1.40002E-01 -5.32898E-05 -6.53504E-02
9.08998E+01 -1.45002E-01 -5.34512E-05 -7.03488E-02
9.09998E+01 -1.50002E-01 -5.36278E-05 -7.53566E-02
9.10998E+01 -1.55002E-01 -5.38149E-05 -8.03600E-02
9.11998E+01 -1.60002E-01 -5.40071E-05 -8.53566E-02
9.12998E+01 -1.65002E-01 -5.43029E-05 -9.03550E-02
9.13998E+01 -1.70002E-01 -5.45369E-05 -9.53684E-02
9.14998E+01 -1.75002E-01 -5.49539E-05 -1.00377E-01
9.15998E+01 -1.80002E-01 -5.51333E-05 -1.05353E-01
9.16998E+01 -1.85002E-01 -5.53413E-05 -1.10359E-01
9.17998E+01 -1.90002E-01 -5.57657E-05 -1.15363E-01
9.18998E+01 -1.95002E-01 -5.61341E-05 -1.20369E-01
9.19998E+01 -2.00002E-01 -5.63285E-05 -1.25384E-01
9.20998E+01 -2.05001E-01 -5.66549E-05 -1.30361E-01
9.21998E+01 -2.10001E-01 -5.70207E-05 -1.35370E-01
9.22998E+01 -2.15001E-01 -5.74663E-05 -1.40379E-01
9.23998E+01 -2.20001E-01 -5.80280E-05 -1.45385E-01
9.24998E+01 -2.25001E-01 -5.88691E-05 -1.50374E-01
9.25998E+01 -2.30001E-01 -5.93143E-05 -1.55371E-01
9.26998E+01 -2.35001E-01 -5.97937E-05 -1.60402E-01
9.27998E+01 -2.40001E-01 -6.02499E-05 -1.65399E-01
9.28998E+01 -2.45001E-01 -6.08323E-05 -1.70396E-01
9.29998E+01 -2.50001E-01 -6.14908E-05 -1.75396E-01
9.30998E+01 -2.55001E-01 -6.21306E-05 -1.80417E-01
9.31998E+01 -2.60001E-01 -6.27572E-05 -1.85411E-01
9.32998E+01 -2.65001E-01 -6.34895E-05 -1.90414E-01
9.33998E+01 -2.70001E-01 -6.43798E-05 -1.95430E-01
9.34998E+01 -2.75001E-01 -6.49406E-05 -2.00431E-01
9.35998E+01 -2.80001E-01 -6.56298E-05 -2.05415E-01
9.36998E+01 -2.85001E-01 -6.62126E-05 -2.10413E-01
9.37998E+01 -2.90001E-01 -6.69016E-05 -2.15425E-01
9.38998E+01 -2.95001E-01 -6.76725E-05 -2.20446E-01
9.39998E+01 -3.00001E-01 -6.86730E-05 -2.25425E-01
9.40998E+01 -3.05001E-01 -6.97376E-05 -2.30433E-01
9.41998E+01 -3.10001E-01 -7.11601E-05 -2.35422E-01
9.42998E+01 -3.15001E-01 -7.30476E-05 -2.40431E-01
9.43998E+01 -3.20001E-01 -7.50735E-05 -2.45444E-01
9.44998E+01 -3.25001E-01 -7.67899E-05 -2.50440E-01
9.45998E+01 -3.30001E-01 -7.82145E-05 -2.55440E-01
9.46998E+01 -3.35001E-01 -7.85396E-05 -2.60439E-01
9.47998E+01 -3.40001E-01 -7.88065E-05 -2.65446E-01
9.48998E+01 -3.45001E-01 -8.12256E-05 -2.70431E-01
9.49998E+01 -3.50001E-01 -9.14983E-05 -2.75456E-01
9.50998E+01 -3.55001E-01 -8.99793E-05 -2.80466E-01
9.51998E+01 -3.60001E-01 -8.04963E-05 -2.85471E-01
9.52998E+01 -3.65001E-01 -7.95426E-05 -2.90479E-01
9.53998E+01 -3.70001E-01 -7.99429E-05 -2.95458E-01
9.54998E+01 -3.75001E-01 -8.09352E-05 -3.00492E-01
9.55998E+01 -3.80001E-01 -8.35292E-05 -3.05506E-01
9.56998E+01 -3.85001E-01 -8.56803E-05 -3.10475E-01
9.57998E+01 -3.90001E-01 -8.58687E-05 -3.15506E-01
9.58998E+01 -3.95001E-01 -8.65546E-05 -3.20514E-01
9.59998E+01 -4.00001E-01 -8.54231E-05 -3.25499E-01
9.60998E+01 -4.05001E-01 -8.37657E-05 -3.30519E-01
9.61998E+01 -4.10001E-01 -8.13318E-05 -3.35533E-01
9.62998E+01 -4.15001E-01 -8.00773E-05 -3.40509E-01
9.63998E+01 -4.20001E-01 -8.19871E-05 -3.45512E-01
9.64998E+01 -4.25001E-01 -8.29411E-05 -3.50523E-01
9.65998E+01 -4.30001E-01 -8.44862E-05 -3.55536E-01
9.66998E+01 -4.35001E-01 -8.62739E-05 -3.60515E-01
9.67998E+01 -4.40001E-01 -8.84465E-05 -3.65524E-01
9.68998E+01 -4.45001E-01 -8.99309E-05 -3.70526E-01
9.69998E+01 -4.50001E-01 -9.06693E-05 -3.75551E-01
9.70998E+01 -4.55001E-01 -9.19148E-05 -3.80524E-01
9.71998E+01 -4.60001E-01 -9.30481E-05 -3.85504E-01
9.72998E+01 -4.65001E-01 -9.34378E-05 -3.90544E-01
9.73998E+01 -4.70001E-01 -9.47108E-05 -3.95543E-01
9.74998E+01 -4.75001E-01 -9.62738E-05 -4.00539E-01
9.75998E+01 -4.80001E-01 -9.66747E-05 -4.05523E-01
9.76998E+01 -4.85001E-01 -9.45424E-05 -4.10529E-01
9.77998E+01 -4.90001E-01 -9.38534E-05 -4.15562E-01
9.78998E+01 -4.95001E-01 -9.57825E-05 -4.20551E-01
9.79998E+01 -5.00001E-01 -9.72656E-05 -4.25551E-01
9.80998E+01 -5.05001E-01 -9.66264E-05 -4.30551E-01
9.81998E+01 -5.10001E-01 -9.53819E-05 -4.35564E-01
9.82998E+01 -5.15001E-01 -9.53226E-05 -4.40549E-01
9.83998E+01 -5.20001E-01 -9.59975E-05 -4.45536E-01
9.84998E+01 -5.25001E-01 -9.61310E-05 -4.50552E-01
9.85998E+01 -5.30001E-01 -9.50412E-05 -4.55571E-01
9.86998E+01 -5.35001E-01 -9.38433E-05 -4.60557E-01
9.87998E+01 -5.40001E-01 -9.31644E-05 -4.65521E-01
9.88998E+01 -5.45001E-01 -9.26066E-05 -4.70553E-01
9.89998E+01 -5.50001E-01 -9.22206E-05 -4.75576E-01
9.90998E+01 -5.55001E-01 -9.22832E-05 -4.80582E-01
9.91998E+01 -5.60001E-01 -9.31234E-05 -4.85596E-01
9.92998E+01 -5.65001E-01 -9.39884E-05 -4.90590E-01
9.93998E+01 -5.70001E-01 -9.46478E-05 -4.95604E-01
9.94998E+01 -5.75001E-01 -9.49269E-05 -5.00577E-01
9.95998E+01 -5.80001E-01 -9.55390E-05 -5.05609E-01
9.96998E+01 -5.85001E-01 -9.61178E-05 -5.10625E-01
9.97998E+01 -5.90001E-01 -9.64052E-05 -5.15606E-01
9.98998E+01 -5.95001E-01 -9.64483E-05 -5.20595E-01
9.99997E+01 -6.00001E-01 -9.63724E-05 -5.25605E-01
1.00100E+02 -6.05000E-01 -9.63420E-05 -5.30618E-01
1.00200E+02 -6.10000E-01 -9.67408E-05 -5.35601E-01
1.00300E+02 -6.15000E-01 -9.72986E-05 -5.40607E-01
1.00400E+02 -6.20000E-01 -9.76663E-05 -5.45621E-01
1.00500E+02 -6.25000E-01 -9.79943E-05 -5.50624E-01
1.00600E+02 -6.30000E-01 -9.82992E-05 -5.55620E-01
1.00700E+02 -6.35000E-01 -9.86307E-05 -5.60607E-01
1.00800E+02 -6.40000E-01 -9.90507E-05 -5.65621E-01
1.00900E+02 -6.45000E-01 -9.95196E-05 -5.70631E-01
1.01000E+02 -6.50000E-01 -9.98970E-05 -5.75628E-01
1.01100E+02 -6.55000E-01 -1.00238E-04 -5.80632E-01
1.01200E+02 -6.60000E-01 -1.00585E-04 -5.85633E-01
1.01300E+02 -6.65000E-01 -1.00868E-04 -5.90649E-01
1.01400E+02 -6.70000E-01 -1.01084E-04 -5.95658E-01
1.01500E+02 -6.75000E-01 -1.01123E-04 -6.00669E-01
1.01600E+02 -6.80000E-01 -1.01094E-04 -6.05650E-01
1.01700E+02 -6.85000E-01 -1.01163E-04 -6.10660E-01
1.01800E+02 -6.90000E-01 -1.01307E-04 -6.15670E-01
1.01900E+02 -6.95000E-01 -1.01551E-04 -6.20660E-01
1.02000E+02 -7.00000E-01 -1.01797E-04 -6.25649E-01
1.02100E+02 -7.05000E-01 -1.02141E-04 -6.30664E-01
1.02200E+02 -7.10000E-01 -1.02402E-04 -6.35679E-01
1.02300E+02 -7.15000E-01 -1.02673E-04 -6.40667E-01
1.02400E+02 -7.20000E-01 -1.02996E-04 -6.45663E-01
1.02500E+02 -7.25000E-01 -1.03464E-04 -6.50685E-01
1.02600E+02 -7.30000E-01 -1.03783E-04 -6.55701E-01
1.02700E+02 -7.35000E-01 -1.04137E-04 -6.60710E-01
1.02800E+02 -7.40000E-01 -1.04526E-04 -6.65712E-01
1.02900E+02 -7.45000E-01 -1.04893E-04 -6.70689E-01
1.03000E+02 -7.50000E-01 -1.05256E-04 -6.75719E-01
1.03100E+02 -7.55000E-01 -1.05567E-04 -6.80729E-01
1.03200E+02 -7.60000E-01 -1.05706E-04 -6.85711E-01
1.03300E+02 -7.65000E-01 -1.05680E-04 -6.90715E-01
1.03400E+02 -7.70000E-01 -1.05979E-04 -6.95723E-01
1.03500E+02 -7.75000E-01 -1.06454E-04 -7.00729E-01
1.03600E+02 -7.80000E-01 -1.07045E-04 -7.05713E-01
1.03700E+02 -7.85000E-01 -1.07471E-04 -7.10705E-01
1.03800E+02 -7.90000E-01 -1.07742E-04 -7.15698E-01
1.03900E+02 -7.95000E-01 -1.08095E-04 -7.20733E-01
