time/s      E/V        I/A
0.00000E+00 -8.00000E-01 -4.62523E-05 -7.79742E-01
9.99997E-02 -7.95000E-01 -4.43192E-05 -7.74728E-01
1.99999E-01 -7.90000E-01 -4.26855E-05 -7.69712E-01
2.99999E-01 -7.85000E-01 -4.12608E-05 -7.64713E-01
3.99999E-01 -7.80000E-01 -3.99351E-05 -7.59727E-01
4.99999E-01 -7.75000E-01 -3.87306E-05 -7.54721E-01
5.99998E-01 -7.70000E-01 -3.76163E-05 -7.49686E-01
6.99998E-01 -7.65000E-01 -3.65796E-05 -7.44715E-01
7.99998E-01 -7.60000E-01 -3.56047E-05 -7.39706E-01
8.99998E-01 -7.55000E-01 -3.46927E-05 -7.34697E-01
9.99997E-01 -7.50000E-01 -3.38269E-05 -7.29698E-01
1.10000E+00 -7.45000E-01 -3.30024E-05 -7.24718E-01
1.20000E+00 -7.40000E-01 -3.22145E-05 -7.19729E-01
1.30000E+00 -7.35000E-01 -3.14639E-05 -7.14705E-01
1.40000E+00 -7.30000E-01 -3.07420E-05 -7.09696E-01
1.50000E+00 -7.25000E-01 -3.00457E-05 -7.04708E-01
1.60000E+00 -7.20000E-01 -2.93796E-05 -6.99692E-01
1.70000E+00 -7.15000E-01 -2.87331E-05 -6.94692E-01
1.80000E+00 -7.10000E-01 -2.81115E-05 -6.89686E-01
1.90000E+00 -7.05000E-01 -2.75123E-05 -6.84683E-01
1.99999E+00 -7.00000E-01 -2.69334E-05 -6.79696E-01
2.09999E+00 -6.95000E-01 -2.63688E-05 -6.74691E-01
2.19999E+00 -6.90000E-01 -2.58220E-05 -6.69690E-01
2.29999E+00 -6.85000E-01 -2.52902E-05 -6.64662E-01
2.39999E+00 -6.80000E-01 -2.47737E-05 -6.59681E-01
2.49999E+00 -6.75000E-01 -2.42717E-05 -6.54673E-01
2.59999E+00 -6.70000E-01 -2.37839E-05 -6.49645E-01
2.69999E+00 -6.65000E-01 -2.33036E-05 -6.44639E-01
2.79999E+00 -6.60000E-01 -2.28420E-05 -6.39624E-01
2.89999E+00 -6.55000E-01 -2.23915E-05 -6.34663E-01
2.99999E+00 -6.50000E-01 -2.19506E-05 -6.29648E-01
3.09999E+00 -6.45000E-01 -2.15219E-05 -6.24638E-01
3.19999E+00 -6.40000E-01 -2.10986E-05 -6.19633E-01
3.29999E+00 -6.35000E-01 -2.06912E-05 -6.14650E-01
3.39999E+00 -6.30000E-01 -2.02883E-05 -6.09657E-01
3.49999E+00 -6.25000E-01 -1.98959E-05 -6.04631E-01
3.59999E+00 -6.20000E-01 -1.95124E-05 -5.99662E-01
3.69999E+00 -6.15000E-01 -1.91370E-05 -5.94661E-01
3.79999E+00 -6.10000E-01 -1.87704E-05 -5.89654E-01
3.89999E+00 -6.05000E-01 -1.84118E-05 -5.84640E-01
3.99999E+00 -6.00001E-01 -1.80582E-05 -5.79609E-01
4.09999E+00 -5.95001E-01 -1.77159E-05 -5.74633E-01
4.19999E+00 -5.90001E-01 -1.73785E-05 -5.69606E-01
4.29999E+00 -5.85001E-01 -1.70466E-05 -5.64608E-01
4.39999E+00 -5.80001E-01 -1.67240E-05 -5.59620E-01
4.49999E+00 -5.75001E-01 -1.64096E-05 -5.54624E-01
4.59999E+00 -5.70001E-01 -1.61007E-05 -5.49636E-01
4.69999E+00 -5.65001E-01 -1.57991E-05 -5.44617E-01
4.79999E+00 -5.60001E-01 -1.55025E-05 -5.39609E-01
4.89999E+00 -5.55001E-01 -1.52091E-05 -5.34599E-01
4.99999E+00 -5.50001E-01 -1.49231E-05 -5.29615E-01
5.09999E+00 -5.45001E-01 -1.46449E-05 -5.24604E-01
5.19999E+00 -5.40001E-01 -1.43700E-05 -5.19618E-01
5.29999E+00 -5.35001E-01 -1.41003E-05 -5.14619E-01
5.39999E+00 -5.30001E-01 -1.38361E-05 -5.09628E-01
5.49999E+00 -5.25001E-01 -1.35775E-05 -5.04602E-01
5.59999E+00 -5.20001E-01 -1.33192E-05 -4.99592E-01
5.69999E+00 -5.15001E-01 -1.30668E-05 -4.94587E-01
5.79999E+00 -5.10001E-01 -1.28176E-05 -4.89570E-01
5.89999E+00 -5.05001E-01 -1.25736E-05 -4.84577E-01
5.99998E+00 -5.00001E-01 -1.23312E-05 -4.79569E-01
6.09998E+00 -4.95001E-01 -1.20921E-05 -4.74538E-01
6.19998E+00 -4.90001E-01 -1.18584E-05 -4.69546E-01
6.29998E+00 -4.85001E-01 -1.16282E-05 -4.64533E-01
6.39998E+00 -4.80001E-01 -1.13999E-05 -4.59566E-01
6.49998E+00 -4.75001E-01 -1.11770E-05 -4.54543E-01
6.59998E+00 -4.70001E-01 -1.09596E-05 -4.49533E-01
6.69998E+00 -4.65001E-01 -1.07454E-05 -4.44535E-01
6.79998E+00 -4.60001E-01 -1.05258E-05 -4.39542E-01
6.89998E+00 -4.55001E-01 -1.03103E-05 -4.34531E-01
6.99998E+00 -4.50001E-01 -1.00994E-05 -4.29517E-01
7.09998E+00 -4.45001E-01 -9.89448E-06 -4.24505E-01
7.19998E+00 -4.40001E-01 -9.69263E-06 -4.19513E-01
7.29998E+00 -4.35001E-01 -9.49588E-06 -4.14516E-01
7.39998E+00 -4.30001E-01 -9.29210E-06 -4.09498E-01
7.49998E+00 -4.25001E-01 -9.09170E-06 -4.04518E-01
7.59998E+00 -4.20001E-01 -8.89688E-06 -3.99517E-01
7.69998E+00 -4.15001E-01 -8.70327E-06 -3.94507E-01
7.79998E+00 -4.10001E-01 -8.51259E-06 -3.89498E-01
7.89998E+00 -4.05001E-01 -8.32481E-06 -3.84491E-01
7.99998E+00 -4.00001E-01 -8.13713E-06 -3.79502E-01
8.09998E+00 -3.95001E-01 -7.95350E-06 -3.74527E-01
8.19998E+00 -3.90001E-01 -7.77185E-06 -3.69508E-01
8.29998E+00 -3.85001E-01 -7.59234E-06 -3.64501E-01
8.39998E+00 -3.80001E-01 -7.41381E-06 -3.59504E-01
8.49998E+00 -3.75001E-01 -7.23898E-06 -3.54501E-01
8.59998E+00 -3.70001E-01 -7.06464E-06 -3.49493E-01
8.69998E+00 -3.65001E-01 -6.88886E-06 -3.44504E-01
8.79998E+00 -3.60001E-01 -6.71613E-06 -3.39512E-01
8.89998E+00 -3.55001E-01 -6.54447E-06 -3.34498E-01
8.99998E+00 -3.50001E-01 -6.37499E-06 -3.29527E-01
9.09998E+00 -3.45001E-01 -6.20635E-06 -3.24504E-01
9.19998E+00 -3.40001E-01 -6.03692E-06 -3.19496E-01
9.29998E+00 -3.35001E-01 -5.86753E-06 -3.14479E-01
9.39998E+00 -3.30001E-01 -5.69960E-06 -3.09495E-01
9.49998E+00 -3.25001E-01 -5.53179E-06 -3.04483E-01
9.59998E+00 -3.20001E-01 -5.36506E-06 -2.99497E-01
9.69998E+00 -3.15001E-01 -5.19832E-06 -2.94464E-01
9.79998E+00 -3.10001E-01 -5.03116E-06 -2.89453E-01
9.89998E+00 -3.05001E-01 -4.86400E-06 -2.84474E-01
9.99997E+00 -3.00001E-01 -4.69740E-06 -2.79466E-01
1.01000E+01 -2.95001E-01 -4.52956E-06 -2.74480E-01
1.02000E+01 -2.90001E-01 -4.35955E-06 -2.69454E-01
1.03000E+01 -2.85001E-01 -4.19019E-06 -2.64450E-01
1.04000E+01 -2.80001E-01 -4.02088E-06 -2.59470E-01
1.05000E+01 -2.75001E-01 -3.85192E-06 -2.54444E-01
1.06000E+01 -2.70001E-01 -3.68321E-06 -2.49454E-01
1.07000E+01 -2.65001E-01 -3.55237E-06 -2.44445E-01
1.08000E+01 -2.60001E-01 -3.38135E-06 -2.39436E-01
1.09000E+01 -2.55001E-01 -3.20847E-06 -2.34435E-01
1.10000E+01 -2.50001E-01 -3.03372E-06 -2.29403E-01
1.11000E+01 -2.45001E-01 -2.85806E-06 -2.24409E-01
1.12000E+01 -2.40001E-01 -2.68248E-06 -2.19421E-01
1.13000E+01 -2.35001E-01 -2.50505E-06 -2.14407E-01
1.14000E+01 -2.30001E-01 -2.32591E-06 -2.09410E-01
1.15000E+01 -2.25001E-01 -2.14575E-06 -2.04416E-01
1.16000E+01 -2.20001E-01 -1.96530E-06 -1.99431E-01
1.17000E+01 -2.15001E-01 -1.78276E-06 -1.94405E-01
1.18000E+01 -2.10001E-01 -1.59996E-06 -1.89388E-01
1.19000E+01 -2.05001E-01 -1.41528E-06 -1.84383E-01
1.20000E+01 -2.00002E-01 -1.22970E-06 -1.79405E-01
1.21000E+01 -1.95002E-01 -1.04273E-06 -1.74381E-01
1.22000E+01 -1.90002E-01 -8.55713E-07 -1.69392E-01
1.23000E+01 -1.85002E-01 -6.66681E-07 -1.64403E-01
1.24000E+01 -1.80002E-01 -4.78422E-07 -1.59382E-01
1.25000E+01 -1.75002E-01 -2.89478E-07 -1.54385E-01
1.26000E+01 -1.70002E-01 -9.94593E-08 -1.49358E-01
1.27000E+01 -1.65002E-01 8.89601E-08  -1.44390E-01
1.28000E+01 -1.60002E-01 2.77834E-07  -1.39364E-01
1.29000E+01 -1.55002E-01 4.67305E-07  -1.34358E-01
1.30000E+01 -1.50002E-01 6.56167E-07  -1.29347E-01
1.31000E+01 -1.45002E-01 8.45186E-07  -1.24378E-01
1.32000E+01 -1.40002E-01 1.03418E-06  -1.19358E-01
1.33000E+01 -1.35002E-01 1.22398E-06  -1.14349E-01
1.34000E+01 -1.30002E-01 1.41514E-06  -1.09326E-01
1.35000E+01 -1.25002E-01 1.60893E-06  -1.04341E-01
1.36000E+01 -1.20002E-01 1.80452E-06  -9.93656E-02
1.37000E+01 -1.15002E-01 2.00438E-06  -9.43559E-02
1.38000E+01 -1.10002E-01 2.20982E-06  -8.93225E-02
1.39000E+01 -1.05002E-01 2.41984E-06  -8.43491E-02
1.40000E+01 -1.00002E-01 2.63860E-06  -7.93482E-02
1.41000E+01 -9.50018E-02 2.86694E-06  -7.43498E-02
1.42000E+01 -9.00018E-02 3.10740E-06  -6.93314E-02
1.43000E+01 -8.50018E-02 3.35893E-06  -6.43492E-02
1.44000E+01 -8.00018E-02 3.62617E-06  -5.93551E-02
1.45000E+01 -7.50018E-02 3.91038E-06  -5.43311E-02
1.46000E+01 -7.00018E-02 4.21275E-06  -4.93346E-02
1.47000E+01 -6.50018E-02 4.53744E-06  -4.43361E-02
1.48000E+01 -6.00019E-02 4.88377E-06  -3.93502E-02
1.49000E+01 -5.50019E-02 5.25242E-06  -3.43431E-02
1.50000E+01 -5.00019E-02 5.64896E-06  -2.93546E-02
1.51000E+01 -4.50019E-02 6.07253E-06  -2.43337E-02
1.52000E+01 -4.00019E-02 6.52770E-06  -1.93453E-02
1.53000E+01 -3.50019E-02 7.01332E-06  -1.43275E-02
1.54000E+01 -3.00019E-02 7.53326E-06  -9.32038E-03
1.55000E+01 -2.50019E-02 8.08683E-06  -4.31317E-03
1.56000E+01 -2.00020E-02 8.68115E-06  7.03326E-04 
1.57000E+01 -1.50020E-02 9.31876E-06  5.67992E-03 
1.58000E+01 -1.00020E-02 9.99696E-06  1.06958E-02 
1.59000E+01 -5.00199E-03 1.07178E-05  1.57130E-02 
1.60000E+01 -2.00000E-06 1.14885E-05  2.07270E-02 
1.61000E+01 4.99799E-03  1.23055E-05  2.57036E-02 
1.62000E+01 9.99797E-03  1.31767E-05  3.07232E-02 
1.63000E+01 1.49980E-02  1.41018E-05  3.57167E-02 
1.64000E+01 1.99979E-02  1.50868E-05  4.07326E-02 
1.65000E+01 2.49979E-02  1.61206E-05  4.57104E-02 
1.66000E+01 2.99979E-02  1.72148E-05  5.07244E-02 
1.67000E+01 3.49979E-02  1.83649E-05  5.57341E-02 
1.68000E+01 3.99979E-02  1.95758E-05  6.07419E-02 
1.69000E+01 4.49979E-02  2.08468E-05  6.57272E-02 
1.70000E+01 4.99979E-02  2.22275E-05  7.07362E-02 
1.71000E+01 5.49979E-02  2.36147E-05  7.57552E-02 
1.72000E+01 5.99978E-02  2.50623E-05  8.07611E-02 
1.73000E+01 6.49978E-02  2.65602E-05  8.57258E-02 
1.74000E+01 6.99978E-02  2.81146E-05  9.07518E-02 
1.75000E+01 7.49978E-02  2.97159E-05  9.57608E-02 
1.76000E+01 7.99978E-02  3.13644E-05  1.00764E-01 
1.77000E+01 8.49978E-02  3.30450E-05  1.05756E-01 
1.78000E+01 8.99978E-02  3.47547E-05  1.10774E-01 
1.79000E+01 9.49978E-02  3.64807E-05  1.15761E-01 
1.80000E+01 9.99977E-02  3.82115E-05  1.20767E-01 
1.81000E+01 1.04998E-01  3.99267E-05  1.25768E-01 
1.82000E+01 1.09998E-01  4.16258E-05  1.30753E-01 
1.83000E+01 1.14998E-01  4.32958E-05  1.35768E-01 
1.84000E+01 1.19998E-01  4.49206E-05  1.40770E-01 
1.85000E+01 1.24998E-01  4.64997E-05  1.45776E-01 
1.86000E+01 1.29998E-01  4.80298E-05  1.50778E-01 
1.87000E+01 1.34998E-01  4.94992E-05  1.55790E-01 
1.88000E+01 1.39998E-01  5.09294E-05  1.60795E-01 
1.89000E+01 1.44998E-01  5.23267E-05  1.65793E-01 
1.90000E+01 1.49998E-01  5.36881E-05  1.70798E-01 
1.91000E+01 1.54998E-01  5.50216E-05  1.75797E-01 
1.92000E+01 1.59998E-01  5.63462E-05  1.80822E-01 
1.93000E+01 1.64998E-01  5.76610E-05  1.85826E-01 
1.94000E+01 1.69998E-01  5.89654E-05  1.90799E-01 
1.95000E+01 1.74998E-01  6.02690E-05  1.95816E-01 
1.96000E+01 1.79998E-01  6.15916E-05  2.00818E-01 
1.97000E+01 1.84998E-01  6.29287E-05  2.05818E-01 
1.98000E+01 1.89998E-01  6.42724E-05  2.10808E-01 
1.99000E+01 1.94998E-01  6.56052E-05  2.15833E-01 
1.99999E+01 1.99997E-01  6.69405E-05  2.20830E-01 
2.00999E+01 2.04997E-01  6.81991E-05  2.25807E-01 
2.01999E+01 2.09997E-01  6.94145E-05  2.30807E-01 
2.02999E+01 2.14997E-01  7.05762E-05  2.35833E-01 
2.03999E+01 2.19997E-01  7.16435E-05  2.40848E-01 
2.04999E+01 2.24997E-01  7.26150E-05  2.45824E-01 
2.05999E+01 2.29997E-01  7.35411E-05  2.50817E-01 
2.06999E+01 2.34997E-01  7.42903E-05  2.55834E-01 
2.07999E+01 2.39997E-01  7.49185E-05  2.60825E-01 
2.08999E+01 2.44997E-01  7.55384E-05  2.65822E-01 
2.09999E+01 2.49997E-01  7.61101E-05  2.70818E-01 
2.10999E+01 2.54997E-01  7.66146E-05  2.75834E-01 
2.11999E+01 2.59997E-01  7.72880E-05  2.80845E-01 
2.12999E+01 2.64997E-01  7.81002E-05  2.85848E-01 
2.13999E+01 2.69997E-01  7.91841E-05  2.90842E-01 
2.14999E+01 2.74997E-01  8.06325E-05  2.95859E-01 
2.15999E+01 2.79997E-01  8.20053E-05  3.00860E-01 
2.16999E+01 2.84997E-01  8.36865E-05  3.05871E-01 
2.17999E+01 2.89997E-01  8.57388E-05  3.10852E-01 
2.18999E+01 2.94997E-01  8.76511E-05  3.15872E-01 
2.19999E+01 2.99997E-01  8.96919E-05  3.20848E-01 
2.20999E+01 3.04997E-01  9.15651E-05  3.25859E-01 
2.21999E+01 3.09997E-01  9.30575E-05  3.30890E-01 
2.22999E+01 3.14997E-01  9.36326E-05  3.35878E-01 
2.23999E+01 3.19997E-01  9.33886E-05  3.40901E-01 
2.24999E+01 3.24997E-01  9.20947E-05  3.45863E-01 
2.25999E+01 3.29997E-01  8.95879E-05  3.50875E-01 
2.26999E+01 3.34997E-01  8.57345E-05  3.55889E-01 
2.27999E+01 3.39997E-01  8.05924E-05  3.60876E-01 
2.28999E+01 3.44997E-01  7.45674E-05  3.65878E-01 
2.29999E+01 3.49997E-01  6.85161E-05  3.70888E-01 
2.30999E+01 3.54997E-01  6.23829E-05  3.75920E-01 
2.31999E+01 3.59997E-01  5.70003E-05  3.80921E-01 
2.32999E+01 3.64997E-01  5.24412E-05  3.85886E-01 
2.33999E+01 3.69997E-01  4.90883E-05  3.90914E-01 
2.34999E+01 3.74997E-01  4.64858E-05  3.95926E-01 
2.35999E+01 3.79997E-01  4.42892E-05  4.00928E-01 
2.36999E+01 3.84997E-01  4.27591E-05  4.05916E-01 
2.37999E+01 3.89997E-01  4.16115E-05  4.10926E-01 
2.38999E+01 3.94997E-01  4.09119E-05  4.15952E-01 
2.39999E+01 3.99997E-01  4.04696E-05  4.20944E-01 
2.40999E+01 4.04997E-01  4.02141E-05  4.25915E-01 
2.41999E+01 4.09997E-01  4.01410E-05  4.30944E-01 
2.42999E+01 4.14997E-01  4.01998E-05  4.35951E-01 
2.43999E+01 4.19997E-01  4.03747E-05  4.40940E-01 
2.44999E+01 4.24997E-01  4.06139E-05  4.45944E-01 
2.45999E+01 4.29997E-01  4.09414E-05  4.50931E-01 
2.46999E+01 4.34997E-01  4.12535E-05  4.55972E-01 
2.47999E+01 4.39997E-01  4.16658E-05  4.60958E-01 
2.48999E+01 4.44997E-01  4.21152E-05  4.65967E-01 
2.49999E+01 4.49997E-01  4.26025E-05  4.70984E-01 
2.50999E+01 4.54997E-01  4.31314E-05  4.75997E-01 
2.51999E+01 4.59997E-01  4.36883E-05  4.80986E-01 
2.52999E+01 4.64997E-01  4.42738E-05  4.85995E-01 
2.53999E+01 4.69997E-01  4.48574E-05  4.91005E-01 
2.54999E+01 4.74997E-01  4.54599E-05  4.95996E-01 
2.55999E+01 4.79997E-01  4.60649E-05  5.00988E-01 
2.56999E+01 4.84997E-01  4.66744E-05  5.06000E-01 
2.57999E+01 4.89997E-01  4.72760E-05  5.11003E-01 
2.58999E+01 4.94997E-01  4.78680E-05  5.15984E-01 
2.59999E+01 4.99997E-01  4.84526E-05  5.20976E-01 
2.60999E+01 5.04997E-01  4.90174E-05  5.25992E-01 
2.61999E+01 5.09997E-01  4.95671E-05  5.30990E-01 
2.62999E+01 5.14997E-01  5.00892E-05  5.36001E-01 
2.63999E+01 5.19997E-01  5.05922E-05  5.41021E-01 
2.64999E+01 5.24997E-01  5.10492E-05  5.45998E-01 
2.65999E+01 5.29997E-01  5.14823E-05  5.51007E-01 
2.66999E+01 5.34997E-01  5.18613E-05  5.56017E-01 
2.67999E+01 5.39997E-01  5.21976E-05  5.61012E-01 
2.68999E+01 5.44997E-01  5.24852E-05  5.66009E-01 
2.69999E+01 5.49997E-01  5.27267E-05  5.71049E-01 
2.70999E+01 5.54997E-01  5.28938E-05  5.76037E-01 
2.71999E+01 5.59997E-01  5.29995E-05  5.81021E-01 
2.72999E+01 5.64997E-01  5.30358E-05  5.86036E-01 
2.73999E+01 5.69997E-01  5.29980E-05  5.91029E-01 
2.74999E+01 5.74997E-01  5.28833E-05  5.96061E-01 
2.75999E+01 5.79997E-01  5.26825E-05  6.01052E-01 
2.76999E+01 5.84997E-01  5.24002E-05  6.06054E-01 
2.77999E+01 5.89997E-01  5.20389E-05  6.11057E-01 
2.78999E+01 5.94997E-01  5.16069E-05  6.16069E-01 
2.79999E+01 5.99996E-01  5.10525E-05  6.21040E-01 
2.80999E+01 6.04996E-01  5.04303E-05  6.26044E-01 
2.81999E+01 6.09996E-01  4.97240E-05  6.31071E-01 
2.82999E+01 6.14996E-01  4.89348E-05  6.36087E-01 
2.83999E+01 6.19996E-01  4.80622E-05  6.41085E-01 
2.84999E+01 6.24996E-01  4.71231E-05  6.46085E-01 
2.85999E+01 6.29996E-01  4.61241E-05  6.51077E-01 
2.86999E+01 6.34996E-01  4.50765E-05  6.56104E-01 
2.87999E+01 6.39996E-01  4.40005E-05  6.61097E-01 
2.88999E+01 6.44996E-01  4.29219E-05  6.66089E-01 
2.89999E+01 6.49996E-01  4.18695E-05  6.71076E-01 
2.90999E+01 6.54996E-01  4.08621E-05  6.76110E-01 
2.91999E+01 6.59996E-01  3.99283E-05  6.81089E-01 
2.92999E+01 6.64996E-01  3.90895E-05  6.86093E-01 
2.93999E+01 6.69996E-01  3.83551E-05  6.91088E-01 
2.94999E+01 6.74996E-01  3.77321E-05  6.96091E-01 
2.95999E+01 6.79996E-01  3.72133E-05  7.01106E-01 
2.96999E+01 6.84996E-01  3.67958E-05  7.06092E-01 
2.97999E+01 6.89996E-01  3.64696E-05  7.11084E-01 
2.98999E+01 6.94996E-01  3.62163E-05  7.16105E-01 
2.99999E+01 6.99996E-01  3.60312E-05  7.21112E-01 
3.00999E+01 7.04996E-01  3.58999E-05  7.26100E-01 
3.01999E+01 7.09996E-01  3.58149E-05  7.31094E-01 
3.02999E+01 7.14996E-01  3.57696E-05  7.36108E-01 
3.03999E+01 7.19996E-01  3.57603E-05  7.41120E-01 
3.04999E+01 7.24996E-01  3.57841E-05  7.46110E-01 
3.05999E+01 7.29996E-01  3.58173E-05  7.51102E-01 
3.06999E+01 7.34996E-01  3.58661E-05  7.56116E-01 
3.07999E+01 7.39996E-01  3.59260E-05  7.61119E-01 
3.08999E+01 7.44996E-01  3.60052E-05  7.66121E-01 
3.09999E+01 7.49996E-01  3.60920E-05  7.71110E-01 
3.10999E+01 7.54996E-01  3.61895E-05  7.76141E-01 
3.11999E+01 7.59996E-01  3.62904E-05  7.81154E-01 
3.12999E+01 7.64996E-01  3.63956E-05  7.86176E-01 
3.13999E+01 7.69996E-01  3.65076E-05  7.91157E-01 
3.14999E+01 7.74996E-01  3.66156E-05  7.96187E-01 
3.15999E+01 7.79996E-01  3.67268E-05  8.01161E-01 
3.16999E+01 7.84996E-01  3.68402E-05  8.06159E-01 
3.17999E+01 7.89996E-01  3.69464E-05  8.11179E-01 
3.18999E+01 7.94996E-01  3.70489E-05  8.16195E-01 
3.19999E+01 7.99996E-01  3.71499E-05  8.21192E-01 
3.20999E+01 8.04996E-01  3.72442E-05  8.26170E-01 
3.21999E+01 8.09996E-01  3.73384E-05  8.31191E-01 
3.22999E+01 8.14996E-01  3.74268E-05  8.36202E-01 
3.23999E+01 8.19996E-01  3.75233E-05  8.41189E-01 
3.24999E+01 8.24996E-01  3.76221E-05  8.46170E-01 
3.25999E+01 8.29996E-01  3.77329E-05  8.51190E-01 
3.26999E+01 8.34996E-01  3.78530E-05  8.56197E-01 
3.27999E+01 8.39996E-01  3.79803E-05  8.61187E-01 
3.28999E+01 8.44996E-01  3.81162E-05  8.66179E-01 
3.29999E+01 8.49996E-01  3.82517E-05  8.71186E-01 
3.30999E+01 8.54996E-01  3.83901E-05  8.76202E-01 
3.31999E+01 8.59996E-01  3.85341E-05  8.81202E-01 
3.32999E+01 8.64996E-01  3.86707E-05  8.86209E-01 
3.33999E+01 8.69996E-01  3.88090E-05  8.91206E-01 
3.34999E+01 8.74996E-01  3.89569E-05  8.96196E-01 
3.35999E+01 8.79996E-01  3.91049E-05  9.01217E-01 
3.36999E+01 8.84996E-01  3.92563E-05  9.06205E-01 
3.37999E+01 8.89996E-01  3.94099E-05  9.11194E-01 
3.38999E+01 8.94996E-01  3.95620E-05  9.16223E-01 
3.39999E+01 8.99996E-01  3.97130E-05  9.21198E-01 
3.40999E+01 9.04996E-01  3.98561E-05  9.26231E-01 
3.41999E+01 9.09996E-01  3.99896E-05  9.31217E-01 
3.42999E+01 9.14996E-01  4.01143E-05  9.36233E-01 
3.43999E+01 9.19996E-01  4.02396E-05  9.41252E-01 
3.44999E+01 9.24996E-01  4.03463E-05  9.46257E-01 
3.45999E+01 9.29996E-01  4.04609E-05  9.51252E-01 
3.46999E+01 9.34996E-01  4.05323E-05  9.56266E-01 
3.47999E+01 9.39996E-01  4.06139E-05  9.61252E-01 
3.48999E+01 9.44996E-01  4.06840E-05  9.66241E-01 
3.49999E+01 9.49996E-01  4.07299E-05  9.71275E-01 
3.50999E+01 9.54996E-01  4.07504E-05  9.76260E-01 
3.51999E+01 9.59996E-01  4.07515E-05  9.81251E-01 
3.52999E+01 9.64996E-01  4.07413E-05  9.86263E-01 
3.53999E+01 9.69996E-01  4.07222E-05  9.91273E-01 
3.54999E+01 9.74996E-01  4.06917E-05  9.96251E-01 
3.55999E+01 9.79996E-01  4.06643E-05  1.00125E+00 
3.56999E+01 9.84996E-01  4.06393E-05  1.00625E+00 
3.57999E+01 9.89996E-01  4.06129E-05  1.01126E+00 
3.58999E+01 9.94996E-01  4.05550E-05  1.01625E+00 
3.59999E+01 9.99995E-01  4.05066E-05  1.02123E+00 
3.60999E+01 1.00500E+00  4.04167E-05  1.02626E+00 
3.61999E+01 1.01000E+00  4.03448E-05  1.03127E+00 
3.62999E+01 1.01500E+00  4.02774E-05  1.03627E+00 
3.63999E+01 1.02000E+00  4.01782E-05  1.04124E+00 
3.64999E+01 1.02500E+00  4.00655E-05  1.04627E+00 
3.65999E+01 1.03000E+00  3.99783E-05  1.05129E+00 
3.66999E+01 1.03500E+00  3.98768E-05  1.05628E+00 
3.67999E+01 1.04000E+00  3.97728E-05  1.06128E+00 
3.68999E+01 1.04500E+00  3.97338E-05  1.06628E+00 
3.69999E+01 1.05000E+00  3.96925E-05  1.07130E+00 
3.70999E+01 1.05500E+00  3.97099E-05  1.07630E+00 
3.71999E+01 1.06000E+00  3.97499E-05  1.08128E+00 
3.72999E+01 1.06500E+00  3.98127E-05  1.08630E+00 
3.73999E+01 1.07000E+00  3.99247E-05  1.09130E+00 
3.74999E+01 1.07500E+00  3.99038E-05  1.09630E+00 
3.75999E+01 1.08000E+00  3.98761E-05  1.10130E+00 
3.76999E+01 1.08500E+00  3.99189E-05  1.10633E+00 
3.77999E+01 1.09000E+00  4.00866E-05  1.11132E+00 
3.78999E+01 1.09500E+00  4.02951E-05  1.11632E+00 
3.79999E+01 1.10000E+00  4.04409E-05  1.12135E+00 
3.80999E+01 1.10500E+00  4.06226E-05  1.12635E+00 
3.81999E+01 1.11000E+00  4.06814E-05  1.13134E+00 
3.82999E+01 1.11500E+00  4.11573E-05  1.13634E+00 
3.83999E+01 1.12000E+00  4.15621E-05  1.14134E+00 
3.84999E+01 1.12500E+00  4.13692E-05  1.14636E+00 
3.85999E+01 1.13000E+00  4.14402E-05  1.15139E+00 
3.86999E+01 1.13500E+00  4.16109E-05  1.15636E+00 
3.87999E+01 1.14000E+00  4.17614E-05  1.16136E+00 
3.88999E+01 1.14500E+00  4.20369E-05  1.16638E+00 
3.89999E+01 1.15000E+00  4.24148E-05  1.17139E+00 
3.90999E+01 1.15500E+00  4.26863E-05  1.17636E+00 
3.91999E+01 1.16000E+00  4.29010E-05  1.18138E+00 
3.92999E+01 1.16500E+00  4.31452E-05  1.18638E+00 
3.93999E+01 1.17000E+00  4.34542E-05  1.19138E+00 
3.94999E+01 1.17500E+00  4.37728E-05  1.19639E+00 
3.95999E+01 1.18000E+00  4.41033E-05  1.20138E+00 
3.96999E+01 1.18500E+00  4.44581E-05  1.20639E+00 
3.97999E+01 1.19000E+00  4.48312E-05  1.21140E+00 
3.98999E+01 1.19500E+00  4.52021E-05  1.21640E+00 
3.99999E+01 1.19999E+00  4.55776E-05  1.22139E+00 
4.00999E+01 1.20499E+00  4.59726E-05  1.22640E+00 
4.01999E+01 1.20999E+00  4.63875E-05  1.23142E+00 
4.02999E+01 1.21499E+00  4.67985E-05  1.23641E+00 
4.03999E+01 1.21999E+00  4.72299E-05  1.24140E+00 
4.04999E+01 1.22499E+00  4.76629E-05  1.24639E+00 
4.05999E+01 1.22999E+00  4.81135E-05  1.25143E+00 
4.06999E+01 1.23499E+00  4.86499E-05  1.25642E+00 
4.07999E+01 1.23999E+00  4.91452E-05  1.26141E+00 
4.08999E+01 1.24499E+00  4.96164E-05  1.26641E+00 
4.09999E+01 1.24999E+00  5.00877E-05  1.27142E+00 
4.10999E+01 1.25499E+00  5.05542E-05  1.27644E+00 
4.11999E+01 1.25999E+00  5.10661E-05  1.28144E+00 
4.12999E+01 1.26499E+00  5.15655E-05  1.28644E+00 
4.13999E+01 1.26999E+00  5.20951E-05  1.29147E+00 
4.14999E+01 1.27499E+00  5.26375E-05  1.29646E+00 
4.15999E+01 1.27999E+00  5.32062E-05  1.30145E+00 
4.16999E+01 1.28499E+00  5.37806E-05  1.30644E+00 
4.17999E+01 1.28999E+00  5.43804E-05  1.31144E+00 
4.18999E+01 1.29499E+00  5.50036E-05  1.31647E+00 
4.19999E+01 1.29999E+00  5.56463E-05  1.32146E+00 
4.20999E+01 1.30499E+00  5.63201E-05  1.32645E+00 
4.21999E+01 1.30999E+00  5.70196E-05  1.33146E+00 
4.22999E+01 1.31499E+00  5.77584E-05  1.33645E+00 
4.23999E+01 1.31999E+00  5.85454E-05  1.34146E+00 
4.24999E+01 1.32499E+00  5.93718E-05  1.34643E+00 
4.25999E+01 1.32999E+00  6.02505E-05  1.35146E+00 
4.26999E+01 1.33499E+00  6.11784E-05  1.35647E+00 
4.27999E+01 1.33999E+00  6.21703E-05  1.36148E+00 
4.28999E+01 1.34499E+00  6.32200E-05  1.36647E+00 
4.29999E+01 1.34999E+00  6.43240E-05  1.37145E+00 
4.30999E+01 1.35499E+00  6.54897E-05  1.37648E+00 
4.31999E+01 1.35999E+00  6.67621E-05  1.38147E+00 
4.32999E+01 1.36499E+00  6.80560E-05  1.38648E+00 
4.33999E+01 1.36999E+00  6.94086E-05  1.39147E+00 
4.34999E+01 1.37499E+00  7.08114E-05  1.39648E+00 
4.35999E+01 1.37999E+00  7.22670E-05  1.40149E+00 
4.36999E+01 1.38499E+00  7.37846E-05  1.40648E+00 
4.37999E+01 1.38999E+00  7.53435E-05  1.41148E+00 
4.38999E+01 1.39499E+00  7.69624E-05  1.41651E+00 
4.39999E+01 1.39999E+00  7.86239E-05  1.42149E+00 
4.40999E+01 1.40499E+00  8.03805E-05  1.42653E+00 
4.41999E+01 1.40999E+00  8.21398E-05  1.43151E+00 
4.42999E+01 1.41499E+00  8.39665E-05  1.43655E+00 
4.43999E+01 1.41999E+00  8.58426E-05  1.44153E+00 
4.44999E+01 1.42499E+00  8.77764E-05  1.44653E+00 
4.45999E+01 1.42999E+00  8.97611E-05  1.45154E+00 
4.46999E+01 1.43499E+00  9.18039E-05  1.45652E+00 
4.47999E+01 1.43999E+00  9.39079E-05  1.46154E+00 
4.48999E+01 1.44499E+00  9.60671E-05  1.46655E+00 
4.49999E+01 1.44999E+00  9.82918E-05  1.47157E+00 
4.50999E+01 1.45499E+00  1.00584E-04  1.47654E+00 
4.51999E+01 1.45999E+00  1.02941E-04  1.48157E+00 
4.52999E+01 1.46499E+00  1.05370E-04  1.48658E+00 
4.53999E+01 1.46999E+00  1.07867E-04  1.49159E+00 
4.54999E+01 1.47499E+00  1.10434E-04  1.49660E+00 
4.55999E+01 1.47999E+00  1.13090E-04  1.50157E+00 
4.56999E+01 1.48499E+00  1.15806E-04  1.50658E+00 
4.57999E+01 1.48999E+00  1.18660E-04  1.51157E+00 
4.58999E+01 1.49499E+00  1.21437E-04  1.51658E+00 
4.59999E+01 1.49999E+00  1.24357E-04  1.52159E+00 
4.60999E+01 1.50499E+00  1.27331E-04  1.52657E+00 
4.61999E+01 1.50999E+00  1.30398E-04  1.53158E+00 
4.62999E+01 1.51499E+00  1.33438E-04  1.53661E+00 
4.63999E+01 1.51999E+00  1.36565E-04  1.54158E+00 
4.64999E+01 1.52499E+00  1.39719E-04  1.54657E+00 
4.65999E+01 1.52999E+00  1.42913E-04  1.55158E+00 
4.66999E+01 1.53499E+00  1.46160E-04  1.55661E+00 
4.67999E+01 1.53999E+00  1.49448E-04  1.56160E+00 
4.68999E+01 1.54499E+00  1.52741E-04  1.56659E+00 
4.69999E+01 1.54999E+00  1.56063E-04  1.57160E+00 
4.70999E+01 1.55499E+00  1.59418E-04  1.57663E+00 
4.71999E+01 1.55999E+00  1.62801E-04  1.58161E+00 
4.72999E+01 1.56499E+00  1.66195E-04  1.58661E+00 
4.73999E+01 1.56999E+00  1.69620E-04  1.59161E+00 
4.74999E+01 1.57499E+00  1.73050E-04  1.59661E+00 
4.75999E+01 1.57999E+00  1.76508E-04  1.60165E+00 
4.76999E+01 1.58499E+00  1.79975E-04  1.60662E+00 
4.77999E+01 1.58999E+00  1.83465E-04  1.61164E+00 
4.78999E+01 1.59499E+00  1.86960E-04  1.61664E+00 
4.79999E+01 1.59999E+00  1.90491E-04  1.62163E+00 
4.80999E+01 1.60499E+00  1.94040E-04  1.62665E+00 
4.81999E+01 1.60999E+00  1.97589E-04  1.63165E+00 
4.82999E+01 1.61499E+00  2.01142E-04  1.63663E+00 
4.83999E+01 1.61999E+00  2.04709E-04  1.64164E+00 
4.84999E+01 1.62499E+00  2.08306E-04  1.64665E+00 
4.85999E+01 1.62999E+00  2.11891E-04  1.65165E+00 
4.86999E+01 1.63499E+00  2.15986E-04  1.65667E+00 
4.87999E+01 1.63999E+00  2.19610E-04  1.66166E+00 
4.88999E+01 1.64499E+00  2.23214E-04  1.66665E+00 
4.89999E+01 1.64999E+00  2.26796E-04  1.67164E+00 
4.90999E+01 1.65499E+00  2.30421E-04  1.67666E+00 
4.91999E+01 1.65999E+00  2.34016E-04  1.68167E+00 
4.92999E+01 1.66499E+00  2.37624E-04  1.68666E+00 
4.93999E+01 1.66999E+00  2.41267E-04  1.69167E+00 
4.94999E+01 1.67499E+00  2.44879E-04  1.69667E+00 
4.95999E+01 1.67999E+00  2.48489E-04  1.70166E+00 
4.96999E+01 1.68499E+00  2.52103E-04  1.70667E+00 
4.97999E+01 1.68999E+00  2.55716E-04  1.71168E+00 
4.98999E+01 1.69499E+00  2.59382E-04  1.71668E+00 
4.99999E+01 1.69999E+00  2.62963E-04  1.72167E+00 
5.00999E+01 1.70499E+00  2.66625E-04  1.72669E+00 
5.01999E+01 1.70999E+00  2.70148E-04  1.73170E+00 
5.02999E+01 1.71499E+00  2.73687E-04  1.73669E+00 
5.03999E+01 1.71999E+00  2.77268E-04  1.74169E+00 
5.04999E+01 1.72499E+00  2.80826E-04  1.74671E+00 
5.05999E+01 1.72999E+00  2.84291E-04  1.75172E+00 
5.06999E+01 1.73499E+00  2.87801E-04  1.75672E+00 
5.07999E+01 1.73999E+00  2.91341E-04  1.76174E+00 
5.08999E+01 1.74499E+00  2.94780E-04  1.76674E+00 
5.09999E+01 1.74999E+00  2.98190E-04  1.77174E+00 
5.10999E+01 1.75499E+00  3.01594E-04  1.77673E+00 
5.11999E+01 1.75999E+00  3.05007E-04  1.78175E+00 
5.12999E+01 1.76499E+00  3.08439E-04  1.78675E+00 
5.13999E+01 1.76999E+00  3.11812E-04  1.79177E+00 
5.14999E+01 1.77499E+00  3.15104E-04  1.79673E+00 
5.15999E+01 1.77999E+00  3.18318E-04  1.80178E+00 
5.16999E+01 1.78499E+00  3.21555E-04  1.80678E+00 
5.17999E+01 1.78999E+00  3.24733E-04  1.81177E+00 
5.18999E+01 1.79499E+00  3.27872E-04  1.81678E+00 
5.19999E+01 1.79999E+00  3.31008E-04  1.82177E+00 
5.20999E+01 1.79499E+00  3.24038E-04  1.81677E+00 
5.21999E+01 1.78999E+00  3.17356E-04  1.81177E+00 
5.22999E+01 1.78499E+00  3.10877E-04  1.80678E+00 
5.23999E+01 1.77999E+00  3.04522E-04  1.80177E+00 
5.24999E+01 1.77499E+00  2.98350E-04  1.79674E+00 
5.25999E+01 1.76999E+00  2.92257E-04  1.79175E+00 
5.26999E+01 1.76499E+00  2.86297E-04  1.78673E+00 
5.27999E+01 1.75999E+00  2.80440E-04  1.78173E+00 
5.28999E+01 1.75499E+00  2.74657E-04  1.77674E+00 
5.29999E+01 1.74999E+00  2.68941E-04  1.77173E+00 
5.30999E+01 1.74499E+00  2.63390E-04  1.76674E+00 
5.31999E+01 1.73999E+00  2.57847E-04  1.76173E+00 
5.32999E+01 1.73499E+00  2.52397E-04  1.75671E+00 
5.33999E+01 1.72999E+00  2.47047E-04  1.75170E+00 
5.34999E+01 1.72499E+00  2.41773E-04  1.74670E+00 
5.35999E+01 1.71999E+00  2.36575E-04  1.74169E+00 
5.36999E+01 1.71499E+00  2.31521E-04  1.73668E+00 
5.37999E+01 1.70999E+00  2.26508E-04  1.73169E+00 
5.38999E+01 1.70499E+00  2.21573E-04  1.72669E+00 
5.39999E+01 1.69999E+00  2.16729E-04  1.72168E+00 
5.40999E+01 1.69499E+00  2.11986E-04  1.71668E+00 
5.41999E+01 1.68999E+00  2.07269E-04  1.71169E+00 
5.42999E+01 1.68499E+00  2.02621E-04  1.70667E+00 
5.43999E+01 1.67999E+00  1.98105E-04  1.70165E+00 
5.44999E+01 1.67499E+00  1.93642E-04  1.69666E+00 
5.45999E+01 1.66999E+00  1.89208E-04  1.69165E+00 
5.46999E+01 1.66499E+00  1.84865E-04  1.68667E+00 
5.47999E+01 1.65999E+00  1.80569E-04  1.68164E+00 
5.48999E+01 1.65499E+00  1.76357E-04  1.67666E+00 
5.49999E+01 1.64999E+00  1.72212E-04  1.67166E+00 
5.50999E+01 1.64499E+00  1.68159E-04  1.66667E+00 
5.51999E+01 1.63999E+00  1.64237E-04  1.66165E+00 
5.52999E+01 1.63499E+00  1.60120E-04  1.65662E+00 
5.53999E+01 1.62999E+00  1.56214E-04  1.65165E+00 
5.54999E+01 1.62499E+00  1.52367E-04  1.64663E+00 
5.55999E+01 1.61999E+00  1.48604E-04  1.64162E+00 
5.56999E+01 1.61499E+00  1.44930E-04  1.63662E+00 
5.57999E+01 1.60999E+00  1.41271E-04  1.63162E+00 
5.58999E+01 1.60499E+00  1.37695E-04  1.62662E+00 
5.59999E+01 1.59999E+00  1.34164E-04  1.62164E+00 
5.60999E+01 1.59499E+00  1.30676E-04  1.61663E+00 
5.61999E+01 1.58999E+00  1.27247E-04  1.61163E+00 
5.62999E+01 1.58499E+00  1.23863E-04  1.60662E+00 
5.63999E+01 1.57999E+00  1.20549E-04  1.60160E+00 
5.64999E+01 1.57499E+00  1.17289E-04  1.59661E+00 
5.65999E+01 1.56999E+00  1.14273E-04  1.59162E+00 
5.66999E+01 1.56499E+00  1.11058E-04  1.58660E+00 
5.67999E+01 1.55999E+00  1.07933E-04  1.58161E+00 
5.68999E+01 1.55499E+00  1.04853E-04  1.57662E+00 
5.69999E+01 1.54999E+00  1.01872E-04  1.57161E+00 
5.70999E+01 1.54499E+00  9.89521E-05  1.56661E+00 
5.71999E+01 1.53999E+00  9.60382E-05  1.56161E+00 
5.72999E+01 1.53499E+00  9.31893E-05  1.55662E+00 
5.73999E+01 1.52999E+00  9.03923E-05  1.55160E+00 
5.74999E+01 1.52499E+00  8.76598E-05  1.54660E+00 
5.75999E+01 1.51999E+00  8.49703E-05  1.54158E+00 
5.76999E+01 1.51499E+00  8.23253E-05  1.53660E+00 
5.77999E+01 1.50999E+00  7.97485E-05  1.53158E+00 
5.78999E+01 1.50499E+00  7.72129E-05  1.52657E+00 
5.79999E+01 1.49999E+00  7.47532E-05  1.52157E+00 
5.80999E+01 1.49499E+00  7.23201E-05  1.51659E+00 
5.81999E+01 1.48999E+00  6.99884E-05  1.51160E+00 
5.82999E+01 1.48499E+00  6.76529E-05  1.50657E+00 
5.83999E+01 1.47999E+00  6.53839E-05  1.50158E+00 
5.84999E+01 1.47499E+00  6.31424E-05  1.49658E+00 
5.85999E+01 1.46999E+00  6.09676E-05  1.49158E+00 
5.86999E+01 1.46499E+00  5.88421E-05  1.48656E+00 
5.87999E+01 1.45999E+00  5.67882E-05  1.48157E+00 
5.88999E+01 1.45499E+00  5.47791E-05  1.47657E+00 
5.89999E+01 1.44999E+00  5.28166E-05  1.47156E+00 
5.90999E+01 1.44499E+00  5.09037E-05  1.46655E+00 
5.91999E+01 1.43999E+00  4.90415E-05  1.46156E+00 
5.92999E+01 1.43499E+00  4.72225E-05  1.45654E+00 
5.93999E+01 1.42999E+00  4.54575E-05  1.45155E+00 
5.94999E+01 1.42499E+00  4.37424E-05  1.44654E+00 
5.95999E+01 1.41999E+00  4.20851E-05  1.44152E+00 
5.96999E+01 1.41499E+00  4.04740E-05  1.43653E+00 
5.97999E+01 1.40999E+00  3.89114E-05  1.43153E+00 
5.98999E+01 1.40499E+00  3.74152E-05  1.42653E+00 
5.99998E+01 1.39999E+00  3.59612E-05  1.42150E+00 
6.00998E+01 1.39499E+00  3.40839E-05  1.41651E+00 
6.01998E+01 1.38999E+00  3.27169E-05  1.41149E+00 
6.02998E+01 1.38499E+00  3.13951E-05  1.40648E+00 
6.03998E+01 1.37999E+00  3.01246E-05  1.40147E+00 
6.04998E+01 1.37499E+00  2.89040E-05  1.39648E+00 
6.05998E+01 1.36999E+00  2.77276E-05  1.39146E+00 
6.06998E+01 1.36499E+00  2.65884E-05  1.38648E+00 
6.07998E+01 1.35999E+00  2.54907E-05  1.38148E+00 
6.08998E+01 1.35499E+00  2.44344E-05  1.37650E+00 
6.09998E+01 1.34999E+00  2.34190E-05  1.37145E+00 
6.10998E+01 1.34499E+00  2.24496E-05  1.36648E+00 
6.11998E+01 1.33999E+00  2.15183E-05  1.36145E+00 
6.12998E+01 1.33499E+00  2.06326E-05  1.35648E+00 
6.13998E+01 1.32999E+00  1.97829E-05  1.35145E+00 
6.14998E+01 1.32499E+00  1.89695E-05  1.34645E+00 
6.15998E+01 1.31999E+00  1.81944E-05  1.34147E+00 
6.16998E+01 1.31499E+00  1.74522E-05  1.33646E+00 
6.17998E+01 1.30999E+00  1.67420E-05  1.33146E+00 
6.18998E+01 1.30499E+00  1.60683E-05  1.32646E+00 
6.19998E+01 1.29999E+00  1.54269E-05  1.32148E+00 
6.20998E+01 1.29499E+00  1.48146E-05  1.31647E+00 
6.21998E+01 1.28999E+00  1.42330E-05  1.31147E+00 
6.22998E+01 1.28499E+00  1.36809E-05  1.30646E+00 
6.23998E+01 1.27999E+00  1.31553E-05  1.30148E+00 
6.24998E+01 1.27499E+00  1.26608E-05  1.29646E+00 
6.25998E+01 1.26999E+00  1.21881E-05  1.29146E+00 
6.26998E+01 1.26499E+00  1.17412E-05  1.28643E+00 
6.27998E+01 1.25999E+00  1.13201E-05  1.28147E+00 
6.28998E+01 1.25499E+00  1.09208E-05  1.27646E+00 
6.29998E+01 1.24999E+00  1.05419E-05  1.27143E+00 
6.30998E+01 1.24499E+00  1.01833E-05  1.26643E+00 
6.31998E+01 1.23999E+00  9.84558E-06  1.26142E+00 
6.32998E+01 1.23499E+00  9.52908E-06  1.25642E+00 
6.33998E+01 1.22999E+00  9.22393E-06  1.25145E+00 
6.34998E+01 1.22499E+00  8.94422E-06  1.24643E+00 
6.35998E+01 1.21999E+00  8.67389E-06  1.24141E+00 
6.36998E+01 1.21499E+00  8.42345E-06  1.23642E+00 
6.37998E+01 1.20999E+00  8.18663E-06  1.23142E+00 
6.38998E+01 1.20499E+00  7.96239E-06  1.22642E+00 
6.39998E+01 1.19999E+00  7.74579E-06  1.22140E+00 
6.40998E+01 1.19500E+00  7.54831E-06  1.21639E+00 
6.41998E+01 1.19000E+00  7.35081E-06  1.21139E+00 
6.42998E+01 1.18500E+00  7.16455E-06  1.20638E+00 
6.43998E+01 1.18000E+00  6.99042E-06  1.20138E+00 
6.44998E+01 1.17500E+00  6.83014E-06  1.19639E+00 
6.45998E+01 1.17000E+00  6.67615E-06  1.19140E+00 
6.46998E+01 1.16500E+00  6.53168E-06  1.18638E+00 
6.47998E+01 1.16000E+00  6.39394E-06  1.18137E+00 
6.48998E+01 1.15500E+00  6.26125E-06  1.17640E+00 
6.49998E+01 1.15000E+00  6.13765E-06  1.17138E+00 
6.50998E+01 1.14500E+00  6.02236E-06  1.16638E+00 
6.51998E+01 1.14000E+00  5.90926E-06  1.16137E+00 
6.52998E+01 1.13500E+00  5.80231E-06  1.15637E+00 
6.53998E+01 1.13000E+00  5.70023E-06  1.15136E+00 
6.54998E+01 1.12500E+00  5.60278E-06  1.14636E+00 
6.55998E+01 1.12000E+00  5.51035E-06  1.14136E+00 
6.56998E+01 1.11500E+00  5.41978E-06  1.13636E+00 
6.57998E+01 1.11000E+00  5.33172E-06  1.13137E+00 
6.58998E+01 1.10500E+00  5.24527E-06  1.12636E+00 
6.59998E+01 1.10000E+00  5.16579E-06  1.12135E+00 
6.60998E+01 1.09500E+00  5.08393E-06  1.11635E+00 
6.61998E+01 1.09000E+00  5.00650E-06  1.11133E+00 
6.62998E+01 1.08500E+00  4.93195E-06  1.10633E+00 
6.63998E+01 1.08000E+00  4.85866E-06  1.10132E+00 
6.64998E+01 1.07500E+00  4.78798E-06  1.09631E+00 
6.65998E+01 1.07000E+00  4.72192E-06  1.09132E+00 
6.66998E+01 1.06500E+00  4.65376E-06  1.08630E+00 
6.67998E+01 1.06000E+00  4.58883E-06  1.08129E+00 
6.68998E+01 1.05500E+00  4.52567E-06  1.07630E+00 
6.69998E+01 1.05000E+00  4.46248E-06  1.07131E+00 
6.70998E+01 1.04500E+00  4.40402E-06  1.06628E+00 
6.71998E+01 1.04000E+00  4.34434E-06  1.06127E+00 
6.72998E+01 1.03500E+00  4.28698E-06  1.05631E+00 
6.73998E+01 1.03000E+00  4.22764E-06  1.05127E+00 
6.74998E+01 1.02500E+00  4.17176E-06  1.04628E+00 
6.75998E+01 1.02000E+00  4.11872E-06  1.04128E+00 
6.76998E+01 1.01500E+00  4.06078E-06  1.03627E+00 
6.77998E+01 1.01000E+00  4.00967E-06  1.03126E+00 
6.78998E+01 1.00500E+00  3.96365E-06  1.02627E+00 
6.79998E+01 9.99995E-01  3.87256E-06  1.02126E+00 
6.80998E+01 9.94996E-01  3.81620E-06  1.01626E+00 
6.81998E+01 9.89996E-01  3.76079E-06  1.01129E+00 
6.82998E+01 9.84996E-01  3.71099E-06  1.00627E+00 
6.83998E+01 9.79996E-01  3.66029E-06  1.00125E+00 
6.84998E+01 9.74996E-01  3.60906E-06  9.96237E-01 
6.85998E+01 9.69996E-01  3.56172E-06  9.91278E-01 
6.86998E+01 9.64996E-01  3.51281E-06  9.86265E-01 
6.87998E+01 9.59996E-01  3.46507E-06  9.81236E-01 
6.88998E+01 9.54996E-01  3.41734E-06  9.76260E-01 
6.89998E+01 9.49996E-01  3.36956E-06  9.71276E-01 
6.90998E+01 9.44996E-01  3.32129E-06  9.66263E-01 
6.91998E+01 9.39996E-01  3.27433E-06  9.61230E-01 
6.92998E+01 9.34996E-01  3.22766E-06  9.56242E-01 
6.93998E+01 9.29996E-01  3.18108E-06  9.51239E-01 
6.94998E+01 9.24996E-01  3.14134E-06  9.46253E-01 
6.95998E+01 9.19996E-01  3.09108E-06  9.41225E-01 
6.96998E+01 9.14996E-01  3.04278E-06  9.36216E-01 
6.97998E+01 9.09996E-01  2.99710E-06  9.31214E-01 
6.98998E+01 9.04996E-01  2.95115E-06  9.26202E-01 
6.99998E+01 8.99996E-01  2.90542E-06  9.21209E-01 
7.00998E+01 8.94996E-01  2.86146E-06  9.16206E-01 
7.01998E+01 8.89996E-01  2.81495E-06  9.11209E-01 
7.02998E+01 8.84996E-01  2.76545E-06  9.06208E-01 
7.03998E+01 8.79996E-01  2.71188E-06  9.01217E-01 
7.04998E+01 8.74996E-01  2.66641E-06  8.96221E-01 
7.05998E+01 8.69996E-01  2.61612E-06  8.91185E-01 
7.06998E+01 8.64996E-01  2.56957E-06  8.86188E-01 
7.07998E+01 8.59996E-01  2.52024E-06  8.81179E-01 
7.08998E+01 8.54996E-01  2.47142E-06  8.76189E-01 
7.09998E+01 8.49996E-01  2.42509E-06  8.71177E-01 
7.10998E+01 8.44996E-01  2.37664E-06  8.66191E-01 
7.11998E+01 8.39996E-01  2.32758E-06  8.61208E-01 
7.12998E+01 8.34996E-01  2.27669E-06  8.56202E-01 
7.13998E+01 8.29996E-01  2.22498E-06  8.51169E-01 
7.14998E+01 8.24996E-01  2.17223E-06  8.46192E-01 
7.15998E+01 8.19996E-01  2.12888E-06  8.41201E-01 
7.16998E+01 8.14996E-01  2.07775E-06  8.36182E-01 
7.17998E+01 8.09996E-01  2.02292E-06  8.31179E-01 
7.18998E+01 8.04996E-01  1.96750E-06  8.26177E-01 
7.19998E+01 7.99996E-01  1.91325E-06  8.21179E-01 
7.20998E+01 7.94996E-01  1.86093E-06  8.16198E-01 
7.21998E+01 7.89996E-01  1.80974E-06  8.11169E-01 
7.22998E+01 7.84996E-01  1.76039E-06  8.06142E-01 
7.23998E+01 7.79996E-01  1.71312E-06  8.01181E-01 
7.24998E+01 7.74996E-01  1.65449E-06  7.96169E-01 
7.25998E+01 7.69996E-01  1.59850E-06  7.91151E-01 
7.26998E+01 7.64996E-01  1.53991E-06  7.86157E-01 
7.27998E+01 7.59996E-01  1.48193E-06  7.81137E-01 
7.28998E+01 7.54996E-01  1.42591E-06  7.76125E-01 
7.29998E+01 7.49996E-01  1.36302E-06  7.71115E-01 
7.30998E+01 7.44996E-01  1.29940E-06  7.66123E-01 
7.31998E+01 7.39996E-01  1.24386E-06  7.61144E-01 
7.32998E+01 7.34996E-01  1.18766E-06  7.56126E-01 
7.33998E+01 7.29996E-01  1.13944E-06  7.51115E-01 
7.34998E+01 7.24996E-01  1.06729E-06  7.46140E-01 
7.35998E+01 7.19996E-01  9.92878E-07  7.41136E-01 
7.36998E+01 7.14996E-01  9.31199E-07  7.36104E-01 
7.37998E+01 7.09996E-01  8.63498E-07  7.31112E-01 
7.38998E+01 7.04996E-01  7.82459E-07  7.26105E-01 
7.39998E+01 6.99996E-01  6.96279E-07  7.21136E-01 
7.40998E+01 6.94996E-01  6.25333E-07  7.16092E-01 
7.41998E+01 6.89996E-01  5.54977E-07  7.11081E-01 
7.42998E+01 6.84996E-01  4.91621E-07  7.06099E-01 
7.43998E+01 6.79996E-01  4.20028E-07  7.01105E-01 
7.44998E+01 6.74996E-01  3.37018E-07  6.96090E-01 
7.45998E+01 6.69996E-01  2.49676E-07  6.91089E-01 
7.46998E+01 6.64996E-01  1.74034E-07  6.86092E-01 
7.47998E+01 6.59996E-01  9.17532E-08  6.81081E-01 
7.48998E+01 6.54996E-01  1.11813E-08  6.76087E-01 
7.49998E+01 6.49996E-01  -7.63554E-08 6.71082E-01 
7.50998E+01 6.44996E-01  -1.57894E-07 6.66084E-01 
7.51998E+01 6.39996E-01  -2.57153E-07 6.61096E-01 
7.52998E+01 6.34996E-01  -3.66936E-07 6.56097E-01 
7.53998E+01 6.29996E-01  -4.80438E-07 6.51089E-01 
7.54998E+01 6.24996E-01  -5.55496E-07 6.46070E-01 
7.55998E+01 6.19996E-01  -6.29929E-07 6.41078E-01 
7.56998E+01 6.14996E-01  -6.98397E-07 6.36084E-01 
7.57998E+01 6.09996E-01  -7.85354E-07 6.31072E-01 
7.58998E+01 6.04996E-01  -8.70273E-07 6.26054E-01 
7.59998E+01 5.99996E-01  -9.57222E-07 6.21050E-01 
7.60998E+01 5.94997E-01  -1.05533E-06 6.16038E-01 
7.61998E+01 5.89997E-01  -1.14780E-06 6.11055E-01 
7.62998E+01 5.84997E-01  -1.24814E-06 6.06038E-01 
7.63998E+01 5.79997E-01  -1.35074E-06 6.01045E-01 
7.64998E+01 5.74997E-01  -1.45627E-06 5.96034E-01 
7.65998E+01 5.69997E-01  -1.56445E-06 5.91039E-01 
7.66998E+01 5.64997E-01  -1.67332E-06 5.86025E-01 
7.67998E+01 5.59997E-01  -1.78453E-06 5.81024E-01 
7.68998E+01 5.54997E-01  -1.89949E-06 5.76034E-01 
7.69998E+01 5.49997E-01  -2.02006E-06 5.71012E-01 
7.70998E+01 5.44997E-01  -2.14034E-06 5.65999E-01 
7.71998E+01 5.39997E-01  -2.26632E-06 5.61004E-01 
7.72998E+01 5.34997E-01  -2.39242E-06 5.56013E-01 
7.73998E+01 5.29997E-01  -2.52254E-06 5.51012E-01 
7.74998E+01 5.24997E-01  -2.65807E-06 5.46025E-01 
7.75998E+01 5.19997E-01  -2.79404E-06 5.40989E-01 
7.76998E+01 5.14997E-01  -2.93955E-06 5.36008E-01 
7.77998E+01 5.09997E-01  -3.08460E-06 5.31004E-01 
7.78998E+01 5.04997E-01  -3.23799E-06 5.25989E-01 
7.79998E+01 4.99997E-01  -3.39590E-06 5.20983E-01 
7.80998E+01 4.94997E-01  -3.55830E-06 5.15989E-01 
7.81998E+01 4.89997E-01  -3.72730E-06 5.10998E-01 
7.82998E+01 4.84997E-01  -3.90526E-06 5.05999E-01 
7.83998E+01 4.79997E-01  -4.08828E-06 5.00954E-01 
7.84998E+01 4.74997E-01  -4.27951E-06 4.95977E-01 
7.85998E+01 4.69997E-01  -4.47601E-06 4.91002E-01 
7.86998E+01 4.64997E-01  -4.68215E-06 4.85981E-01 
7.87998E+01 4.59997E-01  -4.89764E-06 4.80970E-01 
7.88998E+01 4.54997E-01  -5.12212E-06 4.75971E-01 
7.89998E+01 4.49997E-01  -5.35598E-06 4.70972E-01 
7.90998E+01 4.44997E-01  -5.59770E-06 4.65986E-01 
7.91998E+01 4.39997E-01  -5.85092E-06 4.60961E-01 
7.92998E+01 4.34997E-01  -6.11403E-06 4.55968E-01 
7.93998E+01 4.29997E-01  -6.39170E-06 4.50951E-01 
7.94998E+01 4.24997E-01  -6.67666E-06 4.45930E-01 
7.95998E+01 4.19997E-01  -6.97732E-06 4.40941E-01 
7.96998E+01 4.14997E-01  -7.28725E-06 4.35958E-01 
7.97998E+01 4.09997E-01  -7.60737E-06 4.30945E-01 
7.98998E+01 4.04997E-01  -7.93478E-06 4.25928E-01 
7.99998E+01 3.99997E-01  -8.28555E-06 4.20941E-01 
8.00998E+01 3.94997E-01  -8.64345E-06 4.15921E-01 
8.01998E+01 3.89997E-01  -9.01979E-06 4.10918E-01 
8.02998E+01 3.84997E-01  -9.40762E-06 4.05915E-01 
8.03998E+01 3.79997E-01  -9.81152E-06 4.00922E-01 
8.04998E+01 3.74997E-01  -1.02266E-05 3.95941E-01 
8.05998E+01 3.69997E-01  -1.06598E-05 3.90907E-01 
8.06998E+01 3.64997E-01  -1.11096E-05 3.85895E-01 
8.07998E+01 3.59997E-01  -1.15701E-05 3.80915E-01 
8.08998E+01 3.54997E-01  -1.20505E-05 3.75930E-01 
8.09998E+01 3.49997E-01  -1.25448E-05 3.70914E-01 
8.10998E+01 3.44997E-01  -1.30596E-05 3.65918E-01 
8.11998E+01 3.39997E-01  -1.35878E-05 3.60909E-01 
8.12998E+01 3.34997E-01  -1.41284E-05 3.55898E-01 
8.13998E+01 3.29997E-01  -1.46883E-05 3.50901E-01 
8.14998E+01 3.24997E-01  -1.52736E-05 3.45911E-01 
8.15998E+01 3.19997E-01  -1.58772E-05 3.40901E-01 
8.16998E+01 3.14997E-01  -1.64819E-05 3.35899E-01 
8.17998E+01 3.09997E-01  -1.70888E-05 3.30899E-01 
8.18998E+01 3.04997E-01  -1.77091E-05 3.25875E-01 
8.19998E+01 2.99997E-01  -1.83374E-05 3.20867E-01 
8.20998E+01 2.94997E-01  -1.89817E-05 3.15871E-01 
8.21998E+01 2.89997E-01  -1.96289E-05 3.10868E-01 
8.22998E+01 2.84997E-01  -2.02906E-05 3.05847E-01 
8.23998E+01 2.79997E-01  -2.09573E-05 3.00857E-01 
8.24998E+01 2.74997E-01  -2.15933E-05 2.95862E-01 
8.25998E+01 2.69997E-01  -2.22693E-05 2.90836E-01 
8.26998E+01 2.64997E-01  -2.29484E-05 2.85864E-01 
8.27998E+01 2.59997E-01  -2.36342E-05 2.80868E-01 
8.28998E+01 2.54997E-01  -2.43139E-05 2.75831E-01 
8.29998E+01 2.49997E-01  -2.49936E-05 2.70838E-01 
8.30998E+01 2.44997E-01  -2.56707E-05 2.65818E-01 
8.31998E+01 2.39997E-01  -2.63375E-05 2.60847E-01 
8.32998E+01 2.34997E-01  -2.70010E-05 2.55835E-01 
8.33998E+01 2.29997E-01  -2.76571E-05 2.50804E-01 
8.34998E+01 2.24997E-01  -2.82992E-05 2.45809E-01 
8.35998E+01 2.19997E-01  -2.89307E-05 2.40829E-01 
8.36998E+01 2.14997E-01  -2.95443E-05 2.35829E-01 
8.37998E+01 2.09997E-01  -3.01468E-05 2.30831E-01 
8.38998E+01 2.04997E-01  -3.07310E-05 2.25830E-01 
8.39998E+01 1.99997E-01  -3.12976E-05 2.20835E-01 
8.40998E+01 1.94998E-01  -3.18464E-05 2.15825E-01 
8.41998E+01 1.89998E-01  -3.23778E-05 2.10824E-01 
8.42998E+01 1.84998E-01  -3.28922E-05 2.05843E-01 
8.43998E+01 1.79998E-01  -3.33848E-05 2.00841E-01 
8.44998E+01 1.74998E-01  -3.38636E-05 1.95832E-01 
8.45998E+01 1.69998E-01  -3.43279E-05 1.90811E-01 
8.46998E+01 1.64998E-01  -3.47754E-05 1.85815E-01 
8.47998E+01 1.59998E-01  -3.52118E-05 1.80846E-01 
8.48998E+01 1.54998E-01  -3.56333E-05 1.75829E-01 
8.49998E+01 1.49998E-01  -3.60470E-05 1.70801E-01 
8.50998E+01 1.44998E-01  -3.64564E-05 1.65797E-01 
8.51998E+01 1.39998E-01  -3.68615E-05 1.60825E-01 
8.52998E+01 1.34998E-01  -3.72601E-05 1.55805E-01 
8.53998E+01 1.29998E-01  -3.76619E-05 1.50764E-01 
8.54998E+01 1.24998E-01  -3.80614E-05 1.45773E-01 
8.55998E+01 1.19998E-01  -3.84565E-05 1.40788E-01 
8.56998E+01 1.14998E-01  -3.88540E-05 1.35766E-01 
8.57998E+01 1.09998E-01  -3.92514E-05 1.30751E-01 
8.58998E+01 1.04998E-01  -3.96471E-05 1.25767E-01 
8.59998E+01 9.99977E-02  -4.00339E-05 1.20780E-01 
8.60998E+01 9.49978E-02  -4.04166E-05 1.15769E-01 
8.61998E+01 8.99978E-02  -4.07944E-05 1.10749E-01 
8.62998E+01 8.49978E-02  -4.11564E-05 1.05753E-01 
8.63998E+01 7.99978E-02  -4.15105E-05 1.00764E-01 
8.64998E+01 7.49978E-02  -4.18517E-05 9.57414E-02 
8.65998E+01 6.99978E-02  -4.21794E-05 9.07280E-02 
8.66998E+01 6.49978E-02  -4.24913E-05 8.57490E-02 
8.67998E+01 5.99978E-02  -4.27868E-05 8.07468E-02 
8.68998E+01 5.49979E-02  -4.30677E-05 7.57340E-02 
8.69998E+01 4.99979E-02  -4.33329E-05 7.07250E-02 
8.70998E+01 4.49979E-02  -4.35831E-05 6.57415E-02 
8.71998E+01 3.99979E-02  -4.38168E-05 6.07388E-02 
8.72998E+01 3.49979E-02  -4.40378E-05 5.57272E-02 
8.73998E+01 2.99979E-02  -4.42492E-05 5.07013E-02 
8.74998E+01 2.49979E-02  -4.44461E-05 4.57235E-02 
8.75998E+01 1.99979E-02  -4.46344E-05 4.07232E-02 
8.76998E+01 1.49980E-02  -4.48130E-05 3.56992E-02 
8.77998E+01 9.99797E-03  -4.49820E-05 3.07001E-02 
8.78998E+01 4.99799E-03  -4.51464E-05 2.56955E-02 
8.79998E+01 -2.00000E-06 -4.53013E-05 2.07126E-02 
8.80998E+01 -5.00199E-03 -4.54581E-05 1.56699E-02 
8.81998E+01 -1.00020E-02 -4.56107E-05 1.06783E-02 
8.82998E+01 -1.50020E-02 -4.57504E-05 5.66556E-03 
8.83998E+01 -2.00020E-02 -4.58939E-05 7.04593E-04 
8.84998E+01 -2.50019E-02 -4.60385E-05 -4.30817E-03
8.85998E+01 -3.00019E-02 -4.61779E-05 -9.32220E-03
8.86998E+01 -3.50019E-02 -4.63237E-05 -1.43512E-02
8.87998E+01 -4.00019E-02 -4.64674E-05 -1.93472E-02
8.88998E+01 -4.50019E-02 -4.66148E-05 -2.43349E-02
8.89998E+01 -5.00019E-02 -4.67645E-05 -2.93340E-02
8.90998E+01 -5.50019E-02 -4.69132E-05 -3.43368E-02
8.91998E+01 -6.00019E-02 -4.70637E-05 -3.93458E-02
8.92998E+01 -6.50018E-02 -4.72134E-05 -4.43555E-02
8.93998E+01 -7.00018E-02 -4.73741E-05 -4.93433E-02
8.94998E+01 -7.50018E-02 -4.75360E-05 -5.43573E-02
8.95998E+01 -8.00018E-02 -4.77017E-05 -5.93726E-02
8.96998E+01 -8.50018E-02 -4.78718E-05 -6.43648E-02
8.97998E+01 -9.00018E-02 -4.80498E-05 -6.93445E-02
8.98998E+01 -9.50018E-02 -4.82342E-05 -7.43623E-02
8.99998E+01 -1.00002E-01 -4.84326E-05 -7.93663E-02
9.00998E+01 -1.05002E-01 -4.86380E-05 -8.43522E-02
9.01998E+01 -1.10002E-01 -4.88564E-05 -8.93400E-02
9.02998E+01 -1.15002E-01 -4.90934E-05 -9.43422E-02
9.03998E+01 -1.20002E-01 -4.93440E-05 -9.93731E-02
9.04998E+01 -1.25002E-01 -4.96303E-05 -1.04360E-01
9.05998E+01 -1.30002E-01 -4.99452E-05 -1.09344E-01
9.06998E+01 -1.35002E-01 -5.03120E-05 -1.14370E-01
9.07998E+01 -1.40002E-01 -5.07289E-05 -1.19387E-01
9.08998E+01 -1.45002E-01 -5.12057E-05 -1.24355E-01
9.09998E+01 -1.50002E-01 -5.17459E-05 -1.29329E-01
9.10998E+01 -1.55002E-01 -5.23667E-05 -1.34354E-01
9.11998E+01 -1.60002E-01 -5.30723E-05 -1.39369E-01
9.12998E+01 -1.65002E-01 -5.38791E-05 -1.44374E-01
9.13998E+01 -1.70002E-01 -5.48008E-05 -1.49352E-01
9.14998E+01 -1.75002E-01 -5.58379E-05 -1.54340E-01
9.15998E+01 -1.80002E-01 -5.69805E-05 -1.59379E-01
9.16998E+01 -1.85002E-01 -5.82005E-05 -1.64374E-01
9.17998E+01 -1.90002E-01 -5.94427E-05 -1.69380E-01
9.18998E+01 -1.95002E-01 -6.06939E-05 -1.74384E-01
9.19998E+01 -2.00002E-01 -6.19102E-05 -1.79423E-01
9.20998E+01 -2.05001E-01 -6.31004E-05 -1.84408E-01
9.21998E+01 -2.10001E-01 -6.42708E-05 -1.89396E-01
9.22998E+01 -2.15001E-01 -6.54520E-05 -1.94426E-01
9.23998E+01 -2.20001E-01 -6.66678E-05 -1.99440E-01
9.24998E+01 -2.25001E-01 -6.79202E-05 -2.04423E-01
9.25998E+01 -2.30001E-01 -6.91944E-05 -2.09405E-01
9.26998E+01 -2.35001E-01 -7.04685E-05 -2.14407E-01
9.27998E+01 -2.40001E-01 -7.17673E-05 -2.19452E-01
9.28998E+01 -2.45001E-01 -7.30710E-05 -2.24428E-01
9.29998E+01 -2.50001E-01 -7.43849E-05 -2.29419E-01
9.30998E+01 -2.55001E-01 -7.56830E-05 -2.34438E-01
9.31998E+01 -2.60001E-01 -7.69579E-05 -2.39452E-01
9.32998E+01 -2.65001E-01 -7.81629E-05 -2.44450E-01
9.33998E+01 -2.70001E-01 -7.94046E-05 -2.49443E-01
9.34998E+01 -2.75001E-01 -8.06165E-05 -2.54436E-01
9.35998E+01 -2.80001E-01 -8.18003E-05 -2.59446E-01
9.36998E+01 -2.85001E-01 -8.29601E-05 -2.64448E-01
9.37998E+01 -2.90001E-01 -8.41305E-05 -2.69461E-01
9.38998E+01 -2.95001E-01 -8.52043E-05 -2.74445E-01
9.39998E+01 -3.00001E-01 -8.62660E-05 -2.79455E-01
9.40998E+01 -3.05001E-01 -8.73044E-05 -2.84464E-01
9.41998E+01 -3.10001E-01 -8.82915E-05 -2.89462E-01
9.42998E+01 -3.15001E-01 -8.92379E-05 -2.94441E-01
9.43998E+01 -3.20001E-01 -9.01586E-05 -2.99480E-01
9.44998E+01 -3.25001E-01 -9.10184E-05 -3.04453E-01
9.45998E+01 -3.30001E-01 -9.18526E-05 -3.09465E-01
9.46998E+01 -3.35001E-01 -9.26634E-05 -3.14456E-01
9.47998E+01 -3.40001E-01 -9.34447E-05 -3.19480E-01
9.48998E+01 -3.45001E-01 -9.42131E-05 -3.24493E-01
9.49998E+01 -3.50001E-01 -9.49343E-05 -3.29495E-01
9.50998E+01 -3.55001E-01 -9.56515E-05 -3.34487E-01
9.51998E+01 -3.60001E-01 -9.63277E-05 -3.39487E-01
9.52998E+01 -3.65001E-01 -9.69618E-05 -3.44507E-01
9.53998E+01 -3.70001E-01 -9.75891E-05 -3.49497E-01
9.54998E+01 -3.75001E-01 -9.82221E-05 -3.54506E-01
9.55998E+01 -3.80001E-01 -9.88254E-05 -3.59501E-01
9.56998E+01 -3.85001E-01 -9.93902E-05 -3.64497E-01
9.57998E+01 -3.90001E-01 -9.99485E-05 -3.69509E-01
9.58998E+01 -3.95001E-01 -1.00486E-04 -3.74513E-01
9.59998E+01 -4.00001E-01 -1.01005E-04 -3.79507E-01
9.60998E+01 -4.05001E-01 -1.01508E-04 -3.84490E-01
9.61998E+01 -4.10001E-01 -1.02015E-04 -3.89493E-01
9.62998E+01 -4.15001E-01 -1.02465E-04 -3.94503E-01
9.63998E+01 -4.20001E-01 -1.02929E-04 -3.99524E-01
9.64998E+01 -4.25001E-01 -1.03363E-04 -4.04514E-01
9.65998E+01 -4.30001E-01 -1.03794E-04 -4.09520E-01
9.66998E+01 -4.35001E-01 -1.04223E-04 -4.14530E-01
9.67998E+01 -4.40001E-01 -1.04614E-04 -4.19530E-01
9.68998E+01 -4.45001E-01 -1.04985E-04 -4.24526E-01
9.69998E+01 -4.50001E-01 -1.05405E-04 -4.29526E-01
9.70998E+01 -4.55001E-01 -1.05756E-04 -4.34519E-01
9.71998E+01 -4.60001E-01 -1.06167E-04 -4.39541E-01
9.72998E+01 -4.65001E-01 -1.06445E-04 -4.44531E-01
9.73998E+01 -4.70001E-01 -1.06774E-04 -4.49528E-01
9.74998E+01 -4.75001E-01 -1.07128E-04 -4.54555E-01
9.75998E+01 -4.80001E-01 -1.07412E-04 -4.59554E-01
9.76998E+01 -4.85001E-01 -1.07725E-04 -4.64534E-01
9.77998E+01 -4.90001E-01 -1.08073E-04 -4.69519E-01
9.78998E+01 -4.95001E-01 -1.08372E-04 -4.74542E-01
9.79998E+01 -5.00001E-01 -1.08692E-04 -4.79538E-01
9.80998E+01 -5.05001E-01 -1.08963E-04 -4.84574E-01
9.81998E+01 -5.10001E-01 -1.09306E-04 -4.89560E-01
9.82998E+01 -5.15001E-01 -1.09566E-04 -4.94551E-01
9.83998E+01 -5.20001E-01 -1.09903E-04 -4.99575E-01
9.84998E+01 -5.25001E-01 -1.10214E-04 -5.04584E-01
9.85998E+01 -5.30001E-01 -1.10500E-04 -5.09612E-01
9.86998E+01 -5.35001E-01 -1.10759E-04 -5.14609E-01
9.87998E+01 -5.40001E-01 -1.11033E-04 -5.19608E-01
9.88998E+01 -5.45001E-01 -1.11326E-04 -5.24612E-01
9.89998E+01 -5.50001E-01 -1.11608E-04 -5.29593E-01
9.90998E+01 -5.55001E-01 -1.11876E-04 -5.34603E-01
9.91998E+01 -5.60001E-01 -1.12080E-04 -5.39599E-01
9.92998E+01 -5.65001E-01 -1.12451E-04 -5.44600E-01
9.93998E+01 -5.70001E-01 -1.12703E-04 -5.49609E-01
9.94998E+01 -5.75001E-01 -1.13051E-04 -5.54608E-01
9.95998E+01 -5.80001E-01 -1.13311E-04 -5.59624E-01
9.96998E+01 -5.85001E-01 -1.13570E-04 -5.64594E-01
9.97998E+01 -5.90001E-01 -1.13915E-04 -5.69619E-01
9.98998E+01 -5.95001E-01 -1.14143E-04 -5.74626E-01
9.99997E+01 -6.00001E-01 -1.14387E-04 -5.79626E-01
1.00100E+02 -6.05000E-01 -1.14680E-04 -5.84623E-01
1.00200E+02 -6.10000E-01 -1.15084E-04 -5.89634E-01
1.00300E+02 -6.15000E-01 -1.15361E-04 -5.94638E-01
1.00400E+02 -6.20000E-01 -1.15719E-04 -5.99624E-01
1.00500E+02 -6.25000E-01 -1.16007E-04 -6.04606E-01
1.00600E+02 -6.30000E-01 -1.16337E-04 -6.09625E-01
1.00700E+02 -6.35000E-01 -1.16698E-04 -6.14634E-01
1.00800E+02 -6.40000E-01 -1.16952E-04 -6.19616E-01
1.00900E+02 -6.45000E-01 -1.17215E-04 -6.24631E-01
1.01000E+02 -6.50000E-01 -1.17560E-04 -6.29647E-01
1.01100E+02 -6.55000E-01 -1.17833E-04 -6.34649E-01
1.01200E+02 -6.60000E-01 -1.18061E-04 -6.39648E-01
1.01300E+02 -6.65000E-01 -1.18459E-04 -6.44649E-01
1.01400E+02 -6.70000E-01 -1.18406E-04 -6.49663E-01
1.01500E+02 -6.75000E-01 -1.18791E-04 -6.54680E-01
1.01600E+02 -6.80000E-01 -1.18617E-04 -6.59682E-01
1.01700E+02 -6.85000E-01 -1.18773E-04 -6.64677E-01
1.01800E+02 -6.90000E-01 -1.18627E-04 -6.69673E-01
1.01900E+02 -6.95000E-01 -1.18533E-04 -6.74702E-01
1.02000E+02 -7.00000E-01 -1.18281E-04 -6.79703E-01
1.02100E+02 -7.05000E-01 -1.17928E-04 -6.84696E-01
1.02200E+02 -7.10000E-01 -1.17357E-04 -6.89688E-01
1.02300E+02 -7.15000E-01 -1.16652E-04 -6.94700E-01
1.02400E+02 -7.20000E-01 -1.15580E-04 -6.99718E-01
1.02500E+02 -7.25000E-01 -1.14041E-04 -7.04695E-01
1.02600E+02 -7.30000E-01 -1.12259E-04 -7.09695E-01
1.02700E+02 -7.35000E-01 -1.10188E-04 -7.14699E-01
1.02800E+02 -7.40000E-01 -1.07835E-04 -7.19704E-01
1.02900E+02 -7.45000E-01 -1.05263E-04 -7.24689E-01
1.03000E+02 -7.50000E-01 -1.02028E-04 -7.29709E-01
1.03100E+02 -7.55000E-01 -9.80782E-05 -7.34703E-01
1.03200E+02 -7.60000E-01 -9.31904E-05 -7.39716E-01
1.03300E+02 -7.65000E-01 -8.81447E-05 -7.44713E-01
1.03400E+02 -7.70000E-01 -8.32421E-05 -7.49690E-01
1.03500E+02 -7.75000E-01 -7.86591E-05 -7.54704E-01
1.03600E+02 -7.80000E-01 -7.45022E-05 -7.59743E-01
1.03700E+02 -7.85000E-01 -7.08075E-05 -7.64727E-01
1.03800E+02 -7.90000E-01 -6.74892E-05 -7.69711E-01
1.03900E+02 -7.95000E-01 -6.45153E-05 -7.74717E-01
