time/s      E/V        I/A
0.00000E+00 -8.00000E-01 -3.86192E-05 -7.27667E-01
9.99997E-02 -7.95000E-01 -3.70580E-05 -7.22657E-01
1.99999E-01 -7.90000E-01 -3.58309E-05 -7.17677E-01
2.99999E-01 -7.85000E-01 -3.49879E-05 -7.12656E-01
3.99999E-01 -7.80000E-01 -3.51852E-05 -7.07657E-01
4.99999E-01 -7.75000E-01 -3.41637E-05 -7.02659E-01
5.99998E-01 -7.70000E-01 -3.31697E-05 -6.97665E-01
6.99998E-01 -7.65000E-01 -3.21917E-05 -6.92646E-01
7.99998E-01 -7.60000E-01 -3.12077E-05 -6.87638E-01
8.99998E-01 -7.55000E-01 -3.03358E-05 -6.82639E-01
9.99997E-01 -7.50000E-01 -2.95522E-05 -6.77655E-01
1.10000E+00 -7.45000E-01 -2.88042E-05 -6.72646E-01
1.20000E+00 -7.40000E-01 -2.81075E-05 -6.67637E-01
1.30000E+00 -7.35000E-01 -2.74674E-05 -6.62627E-01
1.40000E+00 -7.30000E-01 -2.68599E-05 -6.57629E-01
1.50000E+00 -7.25000E-01 -2.62369E-05 -6.52615E-01
1.60000E+00 -7.20000E-01 -2.56113E-05 -6.47587E-01
1.70000E+00 -7.15000E-01 -2.50295E-05 -6.42615E-01
1.80000E+00 -7.10000E-01 -2.44428E-05 -6.37611E-01
1.90000E+00 -7.05000E-01 -2.39097E-05 -6.32617E-01
1.99999E+00 -7.00000E-01 -2.34011E-05 -6.27618E-01
2.09999E+00 -6.95000E-01 -2.28745E-05 -6.22613E-01
2.19999E+00 -6.90000E-01 -2.24088E-05 -6.17629E-01
2.29999E+00 -6.85000E-01 -2.19394E-05 -6.12623E-01
2.39999E+00 -6.80000E-01 -2.14936E-05 -6.07624E-01
2.49999E+00 -6.75000E-01 -2.10568E-05 -6.02603E-01
2.59999E+00 -6.70000E-01 -2.06359E-05 -5.97634E-01
2.69999E+00 -6.65000E-01 -2.02090E-05 -5.92607E-01
2.79999E+00 -6.60000E-01 -1.97818E-05 -5.87593E-01
2.89999E+00 -6.55000E-01 -1.93835E-05 -5.82569E-01
2.99999E+00 -6.50000E-01 -1.89844E-05 -5.77575E-01
3.09999E+00 -6.45000E-01 -1.85892E-05 -5.72602E-01
3.19999E+00 -6.40000E-01 -1.82046E-05 -5.67599E-01
3.29999E+00 -6.35000E-01 -1.78180E-05 -5.62586E-01
3.39999E+00 -6.30000E-01 -1.74371E-05 -5.57578E-01
3.49999E+00 -6.25000E-01 -1.70563E-05 -5.52593E-01
3.59999E+00 -6.20000E-01 -1.66776E-05 -5.47556E-01
3.69999E+00 -6.15000E-01 -1.63051E-05 -5.42562E-01
3.79999E+00 -6.10000E-01 -1.59707E-05 -5.37562E-01
3.89999E+00 -6.05000E-01 -1.56470E-05 -5.32568E-01
3.99999E+00 -6.00001E-01 -1.53038E-05 -5.27579E-01
4.09999E+00 -5.95001E-01 -1.49712E-05 -5.22544E-01
4.19999E+00 -5.90001E-01 -1.46524E-05 -5.17545E-01
4.29999E+00 -5.85001E-01 -1.43488E-05 -5.12568E-01
4.39999E+00 -5.80001E-01 -1.40404E-05 -5.07576E-01
4.49999E+00 -5.75001E-01 -1.37289E-05 -5.02540E-01
4.59999E+00 -5.70001E-01 -1.34305E-05 -4.97559E-01
4.69999E+00 -5.65001E-01 -1.31308E-05 -4.92533E-01
4.79999E+00 -5.60001E-01 -1.28350E-05 -4.87515E-01
4.89999E+00 -5.55001E-01 -1.25388E-05 -4.82525E-01
4.99999E+00 -5.50001E-01 -1.22602E-05 -4.77524E-01
5.09999E+00 -5.45001E-01 -1.19983E-05 -4.72524E-01
5.19999E+00 -5.40001E-01 -1.17278E-05 -4.67498E-01
5.29999E+00 -5.35001E-01 -1.14523E-05 -4.62525E-01
5.39999E+00 -5.30001E-01 -1.11895E-05 -4.57526E-01
5.49999E+00 -5.25001E-01 -1.09325E-05 -4.52522E-01
5.59999E+00 -5.20001E-01 -1.06786E-05 -4.47489E-01
5.69999E+00 -5.15001E-01 -1.04318E-05 -4.42499E-01
5.79999E+00 -5.10001E-01 -1.01866E-05 -4.37516E-01
5.89999E+00 -5.05001E-01 -9.94902E-06 -4.32494E-01
5.99998E+00 -5.00001E-01 -9.71268E-06 -4.27489E-01
6.09998E+00 -4.95001E-01 -9.47931E-06 -4.22478E-01
6.19998E+00 -4.90001E-01 -9.24419E-06 -4.17498E-01
6.29998E+00 -4.85001E-01 -9.01995E-06 -4.12498E-01
6.39998E+00 -4.80001E-01 -8.79690E-06 -4.07471E-01
6.49998E+00 -4.75001E-01 -8.57133E-06 -4.02520E-01
6.59998E+00 -4.70001E-01 -8.35221E-06 -3.97510E-01
6.69998E+00 -4.65001E-01 -8.13743E-06 -3.92482E-01
6.79998E+00 -4.60001E-01 -7.92254E-06 -3.87476E-01
6.89998E+00 -4.55001E-01 -7.70839E-06 -3.82479E-01
6.99998E+00 -4.50001E-01 -7.49829E-06 -3.77487E-01
7.09998E+00 -4.45001E-01 -7.28984E-06 -3.72484E-01
7.19998E+00 -4.40001E-01 -7.08292E-06 -3.67465E-01
7.29998E+00 -4.35001E-01 -6.88191E-06 -3.62477E-01
7.39998E+00 -4.30001E-01 -6.68154E-06 -3.57480E-01
7.49998E+00 -4.25001E-01 -6.49958E-06 -3.52478E-01
7.59998E+00 -4.20001E-01 -6.26446E-06 -3.47470E-01
7.69998E+00 -4.15001E-01 -6.00215E-06 -3.42466E-01
7.79998E+00 -4.10001E-01 -5.82752E-06 -3.37480E-01
7.89998E+00 -4.05001E-01 -5.65589E-06 -3.32489E-01
7.99998E+00 -4.00001E-01 -5.46116E-06 -3.27479E-01
8.09998E+00 -3.95001E-01 -5.27340E-06 -3.22472E-01
8.19998E+00 -3.90001E-01 -5.10722E-06 -3.17438E-01
8.29998E+00 -3.85001E-01 -4.94001E-06 -3.12449E-01
8.39998E+00 -3.80001E-01 -4.77150E-06 -3.07456E-01
8.49998E+00 -3.75001E-01 -4.59459E-06 -3.02453E-01
8.59998E+00 -3.70001E-01 -4.42399E-06 -2.97454E-01
8.69998E+00 -3.65001E-01 -4.25140E-06 -2.92425E-01
8.79998E+00 -3.60001E-01 -4.07567E-06 -2.87438E-01
8.89998E+00 -3.55001E-01 -3.90861E-06 -2.82445E-01
8.99998E+00 -3.50001E-01 -3.74375E-06 -2.77451E-01
9.09998E+00 -3.45001E-01 -3.57534E-06 -2.72439E-01
9.19998E+00 -3.40001E-01 -3.45374E-06 -2.67441E-01
9.29998E+00 -3.35001E-01 -3.28915E-06 -2.62454E-01
9.39998E+00 -3.30001E-01 -3.12257E-06 -2.57440E-01
9.49998E+00 -3.25001E-01 -2.94793E-06 -2.52419E-01
9.59998E+00 -3.20001E-01 -2.77253E-06 -2.47428E-01
9.69998E+00 -3.15001E-01 -2.59963E-06 -2.42433E-01
9.79998E+00 -3.10001E-01 -2.42479E-06 -2.37413E-01
9.89998E+00 -3.05001E-01 -2.25246E-06 -2.32414E-01
9.99997E+00 -3.00001E-01 -2.08576E-06 -2.27425E-01
1.01000E+01 -2.95001E-01 -1.91740E-06 -2.22432E-01
1.02000E+01 -2.90001E-01 -1.73476E-06 -2.17423E-01
1.03000E+01 -2.85001E-01 -1.55269E-06 -2.12395E-01
1.04000E+01 -2.80001E-01 -1.39212E-06 -2.07410E-01
1.05000E+01 -2.75001E-01 -1.22487E-06 -2.02411E-01
1.06000E+01 -2.70001E-01 -1.04524E-06 -1.97410E-01
1.07000E+01 -2.65001E-01 -8.70438E-07 -1.92402E-01
1.08000E+01 -2.60001E-01 -7.08350E-07 -1.87384E-01
1.09000E+01 -2.55001E-01 -5.43859E-07 -1.82387E-01
1.10000E+01 -2.50001E-01 -3.51355E-07 -1.77400E-01
1.11000E+01 -2.45001E-01 -1.81225E-07 -1.72372E-01
1.12000E+01 -2.40001E-01 1.87538E-09  -1.67355E-01
1.13000E+01 -2.35001E-01 1.90475E-07  -1.62347E-01
1.14000E+01 -2.30001E-01 3.89098E-07  -1.57350E-01
1.15000E+01 -2.25001E-01 5.89995E-07  -1.52330E-01
1.16000E+01 -2.20001E-01 7.64454E-07  -1.47342E-01
1.17000E+01 -2.15001E-01 9.47275E-07  -1.42361E-01
1.18000E+01 -2.10001E-01 1.14036E-06  -1.37345E-01
1.19000E+01 -2.05001E-01 1.33127E-06  -1.32332E-01
1.20000E+01 -2.00002E-01 1.52455E-06  -1.27346E-01
1.21000E+01 -1.95002E-01 1.70421E-06  -1.22338E-01
1.22000E+01 -1.90002E-01 1.89642E-06  -1.17330E-01
1.23000E+01 -1.85002E-01 2.09084E-06  -1.12329E-01
1.24000E+01 -1.80002E-01 2.28464E-06  -1.07339E-01
1.25000E+01 -1.75002E-01 2.48255E-06  -1.02341E-01
1.26000E+01 -1.70002E-01 2.68835E-06  -9.73314E-02
1.27000E+01 -1.65002E-01 2.89143E-06  -9.23411E-02
1.28000E+01 -1.60002E-01 3.10507E-06  -8.73508E-02
1.29000E+01 -1.55002E-01 3.32541E-06  -8.23573E-02
1.30000E+01 -1.50002E-01 3.56099E-06  -7.73290E-02
1.31000E+01 -1.45002E-01 3.79485E-06  -7.23193E-02
1.32000E+01 -1.40002E-01 4.05019E-06  -6.73190E-02
1.33000E+01 -1.35002E-01 4.35715E-06  -6.23362E-02
1.34000E+01 -1.30002E-01 4.69281E-06  -5.73465E-02
1.35000E+01 -1.25002E-01 5.01389E-06  -5.23150E-02
1.36000E+01 -1.20002E-01 5.27564E-06  -4.73228E-02
1.37000E+01 -1.15002E-01 5.48525E-06  -4.23263E-02
1.38000E+01 -1.10002E-01 5.82393E-06  -3.73322E-02
1.39000E+01 -1.05002E-01 6.25464E-06  -3.23013E-02
1.40000E+01 -1.00002E-01 6.72208E-06  -2.73054E-02
1.41000E+01 -9.50018E-02 7.18451E-06  -2.23189E-02
1.42000E+01 -9.00018E-02 7.65831E-06  -1.73348E-02
1.43000E+01 -8.50018E-02 8.14435E-06  -1.23076E-02
1.44000E+01 -8.00018E-02 8.70009E-06  -7.30987E-03
1.45000E+01 -7.50018E-02 9.30862E-06  -2.30578E-03
1.46000E+01 -7.00018E-02 9.97499E-06  2.71010E-03 
1.47000E+01 -6.50018E-02 1.06750E-05  7.69727E-03 
1.48000E+01 -6.00019E-02 1.14330E-05  1.26982E-02 
1.49000E+01 -5.50019E-02 1.22772E-05  1.77135E-02 
1.50000E+01 -5.00019E-02 1.32004E-05  2.27238E-02 
1.51000E+01 -4.50019E-02 1.42017E-05  2.76879E-02 
1.52000E+01 -4.00019E-02 1.52960E-05  3.27056E-02 
1.53000E+01 -3.50019E-02 1.65606E-05  3.77321E-02 
1.54000E+01 -3.00019E-02 1.78029E-05  4.27337E-02 
1.55000E+01 -2.50019E-02 1.91623E-05  4.77240E-02 
1.56000E+01 -2.00020E-02 2.05586E-05  5.27124E-02 
1.57000E+01 -1.50020E-02 2.20151E-05  5.77308E-02 
1.58000E+01 -1.00020E-02 2.35053E-05  6.27343E-02 
1.59000E+01 -5.00199E-03 2.50972E-05  6.77264E-02 
1.60000E+01 -2.00000E-06 2.67688E-05  7.27192E-02 
1.61000E+01 4.99799E-03  2.85268E-05  7.77508E-02 
1.62000E+01 9.99797E-03  3.03481E-05  8.27735E-02 
1.63000E+01 1.49980E-02  3.22781E-05  8.77513E-02 
1.64000E+01 1.99979E-02  3.43164E-05  9.27373E-02 
1.65000E+01 2.49979E-02  3.63711E-05  9.77588E-02 
1.66000E+01 2.99979E-02  3.85058E-05  1.02760E-01 
1.67000E+01 3.49979E-02  4.07157E-05  1.07743E-01 
1.68000E+01 3.99979E-02  4.29803E-05  1.12743E-01 
1.69000E+01 4.49979E-02  4.53349E-05  1.17754E-01 
1.70000E+01 4.99979E-02  4.77252E-05  1.22767E-01 
1.71000E+01 5.49979E-02  5.01630E-05  1.27766E-01 
1.72000E+01 5.99978E-02  5.26789E-05  1.32765E-01 
1.73000E+01 6.49978E-02  5.51610E-05  1.37792E-01 
1.74000E+01 6.99978E-02  5.76752E-05  1.42786E-01 
1.75000E+01 7.49978E-02  6.01724E-05  1.47774E-01 
1.76000E+01 7.99978E-02  6.26178E-05  1.52787E-01 
1.77000E+01 8.49978E-02  6.50135E-05  1.57818E-01 
1.78000E+01 8.99978E-02  6.73385E-05  1.62795E-01 
1.79000E+01 9.49978E-02  6.95779E-05  1.67790E-01 
1.80000E+01 9.99977E-02  7.16713E-05  1.72813E-01 
1.81000E+01 1.04998E-01  7.36641E-05  1.77820E-01 
1.82000E+01 1.09998E-01  7.54890E-05  1.82810E-01 
1.83000E+01 1.14998E-01  7.71506E-05  1.87785E-01 
1.84000E+01 1.19998E-01  7.85895E-05  1.92805E-01 
1.85000E+01 1.24998E-01  7.98415E-05  1.97841E-01 
1.86000E+01 1.29998E-01  8.06969E-05  2.02824E-01 
1.87000E+01 1.34998E-01  8.11783E-05  2.07835E-01 
1.88000E+01 1.39998E-01  8.15041E-05  2.12809E-01 
1.89000E+01 1.44998E-01  8.16295E-05  2.17831E-01 
1.90000E+01 1.49998E-01  8.16098E-05  2.22830E-01 
1.91000E+01 1.54998E-01  8.15061E-05  2.27819E-01 
1.92000E+01 1.59998E-01  8.13581E-05  2.32812E-01 
1.93000E+01 1.64998E-01  8.12292E-05  2.37805E-01 
1.94000E+01 1.69998E-01  8.10080E-05  2.42820E-01 
1.95000E+01 1.74998E-01  8.07508E-05  2.47827E-01 
1.96000E+01 1.79998E-01  8.05337E-05  2.52825E-01 
1.97000E+01 1.84998E-01  8.04403E-05  2.57849E-01 
1.98000E+01 1.89998E-01  8.05787E-05  2.62857E-01 
1.99000E+01 1.94998E-01  8.11686E-05  2.67852E-01 
1.99999E+01 1.99997E-01  8.23343E-05  2.72828E-01 
2.00999E+01 2.04997E-01  8.41069E-05  2.77845E-01 
2.01999E+01 2.09997E-01  8.63230E-05  2.82863E-01 
2.02999E+01 2.14997E-01  8.87536E-05  2.87869E-01 
2.03999E+01 2.19997E-01  9.08615E-05  2.92835E-01 
2.04999E+01 2.24997E-01  9.23948E-05  2.97832E-01 
2.05999E+01 2.29997E-01  9.28930E-05  3.02866E-01 
2.06999E+01 2.34997E-01  9.18427E-05  3.07880E-01 
2.07999E+01 2.39997E-01  8.89646E-05  3.12847E-01 
2.08999E+01 2.44997E-01  8.41761E-05  3.17874E-01 
2.09999E+01 2.49997E-01  7.78625E-05  3.22863E-01 
2.10999E+01 2.54997E-01  7.09626E-05  3.27899E-01 
2.11999E+01 2.59997E-01  6.45976E-05  3.32898E-01 
2.12999E+01 2.64997E-01  6.00107E-05  3.37897E-01 
2.13999E+01 2.69997E-01  5.74863E-05  3.42894E-01 
2.14999E+01 2.74997E-01  5.64943E-05  3.47880E-01 
2.15999E+01 2.79997E-01  5.63547E-05  3.52888E-01 
2.16999E+01 2.84997E-01  5.66276E-05  3.57892E-01 
2.17999E+01 2.89997E-01  5.70515E-05  3.62891E-01 
2.18999E+01 2.94997E-01  5.75035E-05  3.67905E-01 
2.19999E+01 2.99997E-01  5.79273E-05  3.72915E-01 
2.20999E+01 3.04997E-01  5.83283E-05  3.77910E-01 
2.21999E+01 3.09997E-01  5.86644E-05  3.82904E-01 
2.22999E+01 3.14997E-01  5.89579E-05  3.87903E-01 
2.23999E+01 3.19997E-01  5.92084E-05  3.92909E-01 
2.24999E+01 3.24997E-01  5.94212E-05  3.97918E-01 
2.25999E+01 3.29997E-01  5.96121E-05  4.02915E-01 
2.26999E+01 3.34997E-01  5.97844E-05  4.07889E-01 
2.27999E+01 3.39997E-01  5.99516E-05  4.12923E-01 
2.28999E+01 3.44997E-01  6.01219E-05  4.17913E-01 
2.29999E+01 3.49997E-01  6.02823E-05  4.22912E-01 
2.30999E+01 3.54997E-01  6.04539E-05  4.27907E-01 
2.31999E+01 3.59997E-01  6.06122E-05  4.32930E-01 
2.32999E+01 3.64997E-01  6.07973E-05  4.37935E-01 
2.33999E+01 3.69997E-01  6.09530E-05  4.42940E-01 
2.34999E+01 3.74997E-01  6.11248E-05  4.47907E-01 
2.35999E+01 3.79997E-01  6.12583E-05  4.52927E-01 
2.36999E+01 3.84997E-01  6.14011E-05  4.57951E-01 
2.37999E+01 3.89997E-01  6.15503E-05  4.62926E-01 
2.38999E+01 3.94997E-01  6.16721E-05  4.67934E-01 
2.39999E+01 3.99997E-01  6.17816E-05  4.72938E-01 
2.40999E+01 4.04997E-01  6.18760E-05  4.77952E-01 
2.41999E+01 4.09997E-01  6.19596E-05  4.82961E-01 
2.42999E+01 4.14997E-01  6.19912E-05  4.87965E-01 
2.43999E+01 4.19997E-01  6.19962E-05  4.92986E-01 
2.44999E+01 4.24997E-01  6.19560E-05  4.97998E-01 
2.45999E+01 4.29997E-01  6.18712E-05  5.02968E-01 
2.46999E+01 4.34997E-01  6.17058E-05  5.07982E-01 
2.47999E+01 4.39997E-01  6.14595E-05  5.12971E-01 
2.48999E+01 4.44997E-01  6.11120E-05  5.17977E-01 
2.49999E+01 4.49997E-01  6.06723E-05  5.22967E-01 
2.50999E+01 4.54997E-01  6.01256E-05  5.27975E-01 
2.51999E+01 4.59997E-01  5.94570E-05  5.33006E-01 
2.52999E+01 4.64997E-01  5.86421E-05  5.37984E-01 
2.53999E+01 4.69997E-01  5.77209E-05  5.42982E-01 
2.54999E+01 4.74997E-01  5.66972E-05  5.47983E-01 
2.55999E+01 4.79997E-01  5.56434E-05  5.53006E-01 
2.56999E+01 4.84997E-01  5.45557E-05  5.57995E-01 
2.57999E+01 4.89997E-01  5.34604E-05  5.62970E-01 
2.58999E+01 4.94997E-01  5.23566E-05  5.68018E-01 
2.59999E+01 4.99997E-01  5.12783E-05  5.73023E-01 
2.60999E+01 5.04997E-01  5.02151E-05  5.78008E-01 
2.61999E+01 5.09997E-01  4.91787E-05  5.83009E-01 
2.62999E+01 5.14997E-01  4.81694E-05  5.88018E-01 
2.63999E+01 5.19997E-01  4.71943E-05  5.93029E-01 
2.64999E+01 5.24997E-01  4.62558E-05  5.98021E-01 
2.65999E+01 5.29997E-01  4.53956E-05  6.03014E-01 
2.66999E+01 5.34997E-01  4.45444E-05  6.08050E-01 
2.67999E+01 5.39997E-01  4.37263E-05  6.13035E-01 
2.68999E+01 5.44997E-01  4.29439E-05  6.18023E-01 
2.69999E+01 5.49997E-01  4.22109E-05  6.23028E-01 
2.70999E+01 5.54997E-01  4.15806E-05  6.28039E-01 
2.71999E+01 5.59997E-01  4.09954E-05  6.33053E-01 
2.72999E+01 5.64997E-01  4.04710E-05  6.38071E-01 
2.73999E+01 5.69997E-01  4.00279E-05  6.43074E-01 
2.74999E+01 5.74997E-01  3.96343E-05  6.48042E-01 
2.75999E+01 5.79997E-01  3.92998E-05  6.53065E-01 
2.76999E+01 5.84997E-01  3.89985E-05  6.58067E-01 
2.77999E+01 5.89997E-01  3.87363E-05  6.63074E-01 
2.78999E+01 5.94997E-01  3.85007E-05  6.68060E-01 
2.79999E+01 5.99996E-01  3.83022E-05  6.73077E-01 
2.80999E+01 6.04996E-01  3.81360E-05  6.78063E-01 
2.81999E+01 6.09996E-01  3.80014E-05  6.83069E-01 
2.82999E+01 6.14996E-01  3.78843E-05  6.88077E-01 
2.83999E+01 6.19996E-01  3.77874E-05  6.93074E-01 
2.84999E+01 6.24996E-01  3.77187E-05  6.98072E-01 
2.85999E+01 6.29996E-01  3.76747E-05  7.03089E-01 
2.86999E+01 6.34996E-01  3.76462E-05  7.08095E-01 
2.87999E+01 6.39996E-01  3.76603E-05  7.13077E-01 
2.88999E+01 6.44996E-01  3.76527E-05  7.18088E-01 
2.89999E+01 6.49996E-01  3.76747E-05  7.23085E-01 
2.90999E+01 6.54996E-01  3.76985E-05  7.28060E-01 
2.91999E+01 6.59996E-01  3.77069E-05  7.33087E-01 
2.92999E+01 6.64996E-01  3.77224E-05  7.38099E-01 
2.93999E+01 6.69996E-01  3.77778E-05  7.43096E-01 
2.94999E+01 6.74996E-01  3.78069E-05  7.48097E-01 
2.95999E+01 6.79996E-01  3.78508E-05  7.53092E-01 
2.96999E+01 6.84996E-01  3.79121E-05  7.58122E-01 
2.97999E+01 6.89996E-01  3.79842E-05  7.63125E-01 
2.98999E+01 6.94996E-01  3.80489E-05  7.68102E-01 
2.99999E+01 6.99996E-01  3.81070E-05  7.73100E-01 
3.00999E+01 7.04996E-01  3.81824E-05  7.78126E-01 
3.01999E+01 7.09996E-01  3.82600E-05  7.83128E-01 
3.02999E+01 7.14996E-01  3.83502E-05  7.88128E-01 
3.03999E+01 7.19996E-01  3.84330E-05  7.93113E-01 
3.04999E+01 7.24996E-01  3.85342E-05  7.98141E-01 
3.05999E+01 7.29996E-01  3.86377E-05  8.03127E-01 
3.06999E+01 7.34996E-01  3.87515E-05  8.08140E-01 
3.07999E+01 7.39996E-01  3.88594E-05  8.13161E-01 
3.08999E+01 7.44996E-01  3.89707E-05  8.18175E-01 
3.09999E+01 7.49996E-01  3.90735E-05  8.23139E-01 
3.10999E+01 7.54996E-01  3.91840E-05  8.28167E-01 
3.11999E+01 7.59996E-01  3.92941E-05  8.33163E-01 
3.12999E+01 7.64996E-01  3.94217E-05  8.38150E-01 
3.13999E+01 7.69996E-01  3.95462E-05  8.43171E-01 
3.14999E+01 7.74996E-01  3.96417E-05  8.48166E-01 
3.15999E+01 7.79996E-01  3.97453E-05  8.53176E-01 
3.16999E+01 7.84996E-01  3.98022E-05  8.58174E-01 
3.17999E+01 7.89996E-01  3.98584E-05  8.63179E-01 
3.18999E+01 7.94996E-01  3.98744E-05  8.68163E-01 
3.19999E+01 7.99996E-01  3.98935E-05  8.73163E-01 
3.20999E+01 8.04996E-01  3.99256E-05  8.78175E-01 
3.21999E+01 8.09996E-01  3.99514E-05  8.83170E-01 
3.22999E+01 8.14996E-01  3.99694E-05  8.88167E-01 
3.23999E+01 8.19996E-01  3.99940E-05  8.93182E-01 
3.24999E+01 8.24996E-01  4.00417E-05  8.98194E-01 
3.25999E+01 8.29996E-01  4.00709E-05  9.03175E-01 
3.26999E+01 8.34996E-01  4.00782E-05  9.08170E-01 
3.27999E+01 8.39996E-01  4.01373E-05  9.13195E-01 
3.28999E+01 8.44996E-01  4.01413E-05  9.18173E-01 
3.29999E+01 8.49996E-01  4.01254E-05  9.23196E-01 
3.30999E+01 8.54996E-01  4.01300E-05  9.28184E-01 
3.31999E+01 8.59996E-01  4.01613E-05  9.33193E-01 
3.32999E+01 8.64996E-01  4.01871E-05  9.38208E-01 
3.33999E+01 8.69996E-01  4.02348E-05  9.43219E-01 
3.34999E+01 8.74996E-01  4.02792E-05  9.48232E-01 
3.35999E+01 8.79996E-01  4.03335E-05  9.53208E-01 
3.36999E+01 8.84996E-01  4.03762E-05  9.58217E-01 
3.37999E+01 8.89996E-01  4.04318E-05  9.63241E-01 
3.38999E+01 8.94996E-01  4.04731E-05  9.68245E-01 
3.39999E+01 8.99996E-01  4.05567E-05  9.73239E-01 
3.40999E+01 9.04996E-01  4.06025E-05  9.78203E-01 
3.41999E+01 9.09996E-01  4.06507E-05  9.83207E-01 
3.42999E+01 9.14996E-01  4.06834E-05  9.88222E-01 
3.43999E+01 9.19996E-01  4.07106E-05  9.93235E-01 
3.44999E+01 9.24996E-01  4.07408E-05  9.98221E-01 
3.45999E+01 9.29996E-01  4.07438E-05  1.00321E+00 
3.46999E+01 9.34996E-01  4.07518E-05  1.00825E+00 
3.47999E+01 9.39996E-01  4.07687E-05  1.01326E+00 
3.48999E+01 9.44996E-01  4.07694E-05  1.01827E+00 
3.49999E+01 9.49996E-01  4.07675E-05  1.02326E+00 
3.50999E+01 9.54996E-01  4.07664E-05  1.02825E+00 
3.51999E+01 9.59996E-01  4.10032E-05  1.03326E+00 
3.52999E+01 9.64996E-01  4.08660E-05  1.03826E+00 
3.53999E+01 9.69996E-01  4.08080E-05  1.04323E+00 
3.54999E+01 9.74996E-01  4.07220E-05  1.04826E+00 
3.55999E+01 9.79996E-01  4.07099E-05  1.05328E+00 
3.56999E+01 9.84996E-01  4.06731E-05  1.05828E+00 
3.57999E+01 9.89996E-01  4.06484E-05  1.06325E+00 
3.58999E+01 9.94996E-01  4.06829E-05  1.06825E+00 
3.59999E+01 9.99995E-01  4.06588E-05  1.07327E+00 
3.60999E+01 1.00500E+00  4.06635E-05  1.07825E+00 
3.61999E+01 1.01000E+00  4.06613E-05  1.08324E+00 
3.62999E+01 1.01500E+00  4.06986E-05  1.08826E+00 
3.63999E+01 1.02000E+00  4.07351E-05  1.09327E+00 
3.64999E+01 1.02500E+00  4.07398E-05  1.09827E+00 
3.65999E+01 1.03000E+00  4.07685E-05  1.10328E+00 
3.66999E+01 1.03500E+00  4.08221E-05  1.10830E+00 
3.67999E+01 1.04000E+00  4.08924E-05  1.11331E+00 
3.68999E+01 1.04500E+00  4.09549E-05  1.11832E+00 
3.69999E+01 1.05000E+00  4.09895E-05  1.12333E+00 
3.70999E+01 1.05500E+00  4.10541E-05  1.12835E+00 
3.71999E+01 1.06000E+00  4.11085E-05  1.13333E+00 
3.72999E+01 1.06500E+00  4.12237E-05  1.13832E+00 
3.73999E+01 1.07000E+00  4.13237E-05  1.14336E+00 
3.74999E+01 1.07500E+00  4.14124E-05  1.14835E+00 
3.75999E+01 1.08000E+00  4.15137E-05  1.15334E+00 
3.76999E+01 1.08500E+00  4.16343E-05  1.15833E+00 
3.77999E+01 1.09000E+00  4.17764E-05  1.16335E+00 
3.78999E+01 1.09500E+00  4.19487E-05  1.16836E+00 
3.79999E+01 1.10000E+00  4.20916E-05  1.17336E+00 
3.80999E+01 1.10500E+00  4.22688E-05  1.17835E+00 
3.81999E+01 1.11000E+00  4.24697E-05  1.18336E+00 
3.82999E+01 1.11500E+00  4.26847E-05  1.18839E+00 
3.83999E+01 1.12000E+00  4.29128E-05  1.19336E+00 
3.84999E+01 1.12500E+00  4.31936E-05  1.19835E+00 
3.85999E+01 1.13000E+00  4.34539E-05  1.20337E+00 
3.86999E+01 1.13500E+00  4.37660E-05  1.20841E+00 
3.87999E+01 1.14000E+00  4.64041E-05  1.21338E+00 
3.88999E+01 1.14500E+00  4.46003E-05  1.21838E+00 
3.89999E+01 1.15000E+00  4.49013E-05  1.22337E+00 
3.90999E+01 1.15500E+00  4.53011E-05  1.22837E+00 
3.91999E+01 1.16000E+00  4.58644E-05  1.23337E+00 
3.92999E+01 1.16500E+00  4.61894E-05  1.23839E+00 
3.93999E+01 1.17000E+00  4.66435E-05  1.24338E+00 
3.94999E+01 1.17500E+00  4.71508E-05  1.24839E+00 
3.95999E+01 1.18000E+00  4.76859E-05  1.25339E+00 
3.96999E+01 1.18500E+00  4.82462E-05  1.25839E+00 
3.97999E+01 1.19000E+00  4.88322E-05  1.26338E+00 
3.98999E+01 1.19500E+00  4.94430E-05  1.26839E+00 
3.99999E+01 1.19999E+00  5.00968E-05  1.27341E+00 
4.00999E+01 1.20499E+00  5.07772E-05  1.27841E+00 
4.01999E+01 1.20999E+00  5.15022E-05  1.28338E+00 
4.02999E+01 1.21499E+00  5.22233E-05  1.28838E+00 
4.03999E+01 1.21999E+00  5.29931E-05  1.29338E+00 
4.04999E+01 1.22499E+00  5.38365E-05  1.29842E+00 
4.05999E+01 1.22999E+00  5.49551E-05  1.30339E+00 
4.06999E+01 1.23499E+00  5.54698E-05  1.30839E+00 
4.07999E+01 1.23999E+00  5.63364E-05  1.31342E+00 
4.08999E+01 1.24499E+00  5.72526E-05  1.31841E+00 
4.09999E+01 1.24999E+00  5.81839E-05  1.32342E+00 
4.10999E+01 1.25499E+00  5.91826E-05  1.32842E+00 
4.11999E+01 1.25999E+00  6.02058E-05  1.33343E+00 
4.12999E+01 1.26499E+00  6.12824E-05  1.33845E+00 
4.13999E+01 1.26999E+00  6.23841E-05  1.34344E+00 
4.14999E+01 1.27499E+00  6.35068E-05  1.34842E+00 
4.15999E+01 1.27999E+00  6.46813E-05  1.35342E+00 
4.16999E+01 1.28499E+00  6.58801E-05  1.35844E+00 
4.17999E+01 1.28999E+00  6.71095E-05  1.36343E+00 
4.18999E+01 1.29499E+00  6.83774E-05  1.36841E+00 
4.19999E+01 1.29999E+00  6.97023E-05  1.37342E+00 
4.20999E+01 1.30499E+00  7.10490E-05  1.37844E+00 
4.21999E+01 1.30999E+00  7.24612E-05  1.38343E+00 
4.22999E+01 1.31499E+00  7.39046E-05  1.38843E+00 
4.23999E+01 1.31999E+00  7.54074E-05  1.39345E+00 
4.24999E+01 1.32499E+00  7.69489E-05  1.39845E+00 
4.25999E+01 1.32999E+00  7.85341E-05  1.40343E+00 
4.26999E+01 1.33499E+00  8.01708E-05  1.40843E+00 
4.27999E+01 1.33999E+00  8.18502E-05  1.41343E+00 
4.28999E+01 1.34499E+00  8.35740E-05  1.41846E+00 
4.29999E+01 1.34999E+00  8.53551E-05  1.42345E+00 
4.30999E+01 1.35499E+00  8.71932E-05  1.42847E+00 
4.31999E+01 1.35999E+00  8.90969E-05  1.43349E+00 
4.32999E+01 1.36499E+00  9.10595E-05  1.43850E+00 
4.33999E+01 1.36999E+00  9.30782E-05  1.44348E+00 
4.34999E+01 1.37499E+00  9.51548E-05  1.44850E+00 
4.35999E+01 1.37999E+00  9.72986E-05  1.45350E+00 
4.36999E+01 1.38499E+00  9.95139E-05  1.45849E+00 
4.37999E+01 1.38999E+00  1.01807E-04  1.46349E+00 
4.38999E+01 1.39499E+00  1.04162E-04  1.46851E+00 
4.39999E+01 1.39999E+00  1.06598E-04  1.47353E+00 
4.40999E+01 1.40499E+00  1.09100E-04  1.47852E+00 
4.41999E+01 1.40999E+00  1.11671E-04  1.48350E+00 
4.42999E+01 1.41499E+00  1.14339E-04  1.48854E+00 
4.43999E+01 1.41999E+00  1.17060E-04  1.49355E+00 
4.44999E+01 1.42499E+00  1.20408E-04  1.49854E+00 
4.45999E+01 1.42999E+00  1.22685E-04  1.50353E+00 
4.46999E+01 1.43499E+00  1.25602E-04  1.50855E+00 
4.47999E+01 1.43999E+00  1.28649E-04  1.51352E+00 
4.48999E+01 1.44499E+00  1.31822E-04  1.51855E+00 
4.49999E+01 1.44999E+00  1.34856E-04  1.52352E+00 
4.50999E+01 1.45499E+00  1.38036E-04  1.52854E+00 
4.51999E+01 1.45999E+00  1.41274E-04  1.53355E+00 
4.52999E+01 1.46499E+00  1.44508E-04  1.53855E+00 
4.53999E+01 1.46999E+00  1.47862E-04  1.54354E+00 
4.54999E+01 1.47499E+00  1.51240E-04  1.54855E+00 
4.55999E+01 1.47999E+00  1.54651E-04  1.55355E+00 
4.56999E+01 1.48499E+00  1.58092E-04  1.55855E+00 
4.57999E+01 1.48999E+00  1.61550E-04  1.56353E+00 
4.58999E+01 1.49499E+00  1.65054E-04  1.56854E+00 
4.59999E+01 1.49999E+00  1.68555E-04  1.57355E+00 
4.60999E+01 1.50499E+00  1.72113E-04  1.57857E+00 
4.61999E+01 1.50999E+00  1.75699E-04  1.58356E+00 
4.62999E+01 1.51499E+00  1.79282E-04  1.58857E+00 
4.63999E+01 1.51999E+00  1.82814E-04  1.59357E+00 
4.64999E+01 1.52499E+00  1.86455E-04  1.59857E+00 
4.65999E+01 1.52999E+00  1.90079E-04  1.60358E+00 
4.66999E+01 1.53499E+00  1.93691E-04  1.60860E+00 
4.67999E+01 1.53999E+00  1.97383E-04  1.61359E+00 
4.68999E+01 1.54499E+00  2.01000E-04  1.61858E+00 
4.69999E+01 1.54999E+00  2.04719E-04  1.62359E+00 
4.70999E+01 1.55499E+00  2.08464E-04  1.62858E+00 
4.71999E+01 1.55999E+00  2.12193E-04  1.63358E+00 
4.72999E+01 1.56499E+00  2.16442E-04  1.63857E+00 
4.73999E+01 1.56999E+00  2.20214E-04  1.64357E+00 
4.74999E+01 1.57499E+00  2.24043E-04  1.64860E+00 
4.75999E+01 1.57999E+00  2.27848E-04  1.65358E+00 
4.76999E+01 1.58499E+00  2.31669E-04  1.65857E+00 
4.77999E+01 1.58999E+00  2.35504E-04  1.66360E+00 
4.78999E+01 1.59499E+00  2.39366E-04  1.66861E+00 
4.79999E+01 1.59999E+00  2.43216E-04  1.67361E+00 
4.80999E+01 1.60499E+00  2.47072E-04  1.67858E+00 
4.81999E+01 1.60999E+00  2.50917E-04  1.68362E+00 
4.82999E+01 1.61499E+00  2.54745E-04  1.68862E+00 
4.83999E+01 1.61999E+00  2.58536E-04  1.69362E+00 
4.84999E+01 1.62499E+00  2.62353E-04  1.69862E+00 
4.85999E+01 1.62999E+00  2.66178E-04  1.70360E+00 
4.86999E+01 1.63499E+00  2.69934E-04  1.70862E+00 
4.87999E+01 1.63999E+00  2.73695E-04  1.71362E+00 
4.88999E+01 1.64499E+00  2.77470E-04  1.71862E+00 
4.89999E+01 1.64999E+00  2.81222E-04  1.72362E+00 
4.90999E+01 1.65499E+00  2.85037E-04  1.72862E+00 
4.91999E+01 1.65999E+00  2.88731E-04  1.73364E+00 
4.92999E+01 1.66499E+00  2.92354E-04  1.73862E+00 
4.93999E+01 1.66999E+00  2.95980E-04  1.74365E+00 
4.94999E+01 1.67499E+00  2.99561E-04  1.74866E+00 
4.95999E+01 1.67999E+00  3.03123E-04  1.75367E+00 
4.96999E+01 1.68499E+00  3.06677E-04  1.75868E+00 
4.97999E+01 1.68999E+00  3.10224E-04  1.76371E+00 
4.98999E+01 1.69499E+00  3.13677E-04  1.76870E+00 
4.99999E+01 1.69999E+00  3.17147E-04  1.77371E+00 
5.00999E+01 1.70499E+00  3.20540E-04  1.77872E+00 
5.01999E+01 1.70999E+00  3.23880E-04  1.78370E+00 
5.02999E+01 1.71499E+00  3.27269E-04  1.78871E+00 
5.03999E+01 1.71999E+00  3.30580E-04  1.79371E+00 
5.04999E+01 1.72499E+00  3.33851E-04  1.79870E+00 
5.05999E+01 1.72999E+00  3.37114E-04  1.80372E+00 
5.06999E+01 1.73499E+00  3.40356E-04  1.80873E+00 
5.07999E+01 1.73999E+00  3.43560E-04  1.81371E+00 
5.08999E+01 1.74499E+00  3.46721E-04  1.81871E+00 
5.09999E+01 1.74999E+00  3.49849E-04  1.82372E+00 
5.10999E+01 1.75499E+00  3.52976E-04  1.82874E+00 
5.11999E+01 1.75999E+00  3.56063E-04  1.83372E+00 
5.12999E+01 1.76499E+00  3.59087E-04  1.83872E+00 
5.13999E+01 1.76999E+00  3.62051E-04  1.84373E+00 
5.14999E+01 1.77499E+00  3.65012E-04  1.84875E+00 
5.15999E+01 1.77999E+00  3.67993E-04  1.85373E+00 
5.16999E+01 1.78499E+00  3.70900E-04  1.85873E+00 
5.17999E+01 1.78999E+00  3.73750E-04  1.86372E+00 
5.18999E+01 1.79499E+00  3.76558E-04  1.86874E+00 
5.19999E+01 1.79999E+00  3.79540E-04  1.87373E+00 
5.20999E+01 1.79499E+00  3.71897E-04  1.86874E+00 
5.21999E+01 1.78999E+00  3.64679E-04  1.86373E+00 
5.22999E+01 1.78499E+00  3.57777E-04  1.85873E+00 
5.23999E+01 1.77999E+00  3.51120E-04  1.85373E+00 
5.24999E+01 1.77499E+00  3.44584E-04  1.84873E+00 
5.25999E+01 1.76999E+00  3.38185E-04  1.84372E+00 
5.26999E+01 1.76499E+00  3.31932E-04  1.83871E+00 
5.27999E+01 1.75999E+00  3.25740E-04  1.83370E+00 
5.28999E+01 1.75499E+00  3.19645E-04  1.82873E+00 
5.29999E+01 1.74999E+00  3.13604E-04  1.82372E+00 
5.30999E+01 1.74499E+00  3.07650E-04  1.81871E+00 
5.31999E+01 1.73999E+00  3.01755E-04  1.81372E+00 
5.32999E+01 1.73499E+00  2.95946E-04  1.80872E+00 
5.33999E+01 1.72999E+00  2.90229E-04  1.80372E+00 
5.34999E+01 1.72499E+00  2.84549E-04  1.79870E+00 
5.35999E+01 1.71999E+00  2.78973E-04  1.79370E+00 
5.36999E+01 1.71499E+00  2.73482E-04  1.78871E+00 
5.37999E+01 1.70999E+00  2.67976E-04  1.78371E+00 
5.38999E+01 1.70499E+00  2.62722E-04  1.77868E+00 
5.39999E+01 1.69999E+00  2.57457E-04  1.77369E+00 
5.40999E+01 1.69499E+00  2.52230E-04  1.76869E+00 
5.41999E+01 1.68999E+00  2.47063E-04  1.76368E+00 
5.42999E+01 1.68499E+00  2.41991E-04  1.75868E+00 
5.43999E+01 1.67999E+00  2.37000E-04  1.75366E+00 
5.44999E+01 1.67499E+00  2.32037E-04  1.74865E+00 
5.45999E+01 1.66999E+00  2.27220E-04  1.74364E+00 
5.46999E+01 1.66499E+00  2.22462E-04  1.73863E+00 
5.47999E+01 1.65999E+00  2.17729E-04  1.73367E+00 
5.48999E+01 1.65499E+00  2.13048E-04  1.72865E+00 
5.49999E+01 1.64999E+00  2.08414E-04  1.72366E+00 
5.50999E+01 1.64499E+00  2.03923E-04  1.71863E+00 
5.51999E+01 1.63999E+00  1.99504E-04  1.71364E+00 
5.52999E+01 1.63499E+00  1.95162E-04  1.70864E+00 
5.53999E+01 1.62999E+00  1.90836E-04  1.70364E+00 
5.54999E+01 1.62499E+00  1.86585E-04  1.69864E+00 
5.55999E+01 1.61999E+00  1.82426E-04  1.69367E+00 
5.56999E+01 1.61499E+00  1.78302E-04  1.68866E+00 
5.57999E+01 1.60999E+00  1.74230E-04  1.68363E+00 
5.58999E+01 1.60499E+00  1.70221E-04  1.67860E+00 
5.59999E+01 1.59999E+00  1.66334E-04  1.67362E+00 
5.60999E+01 1.59499E+00  1.62521E-04  1.66863E+00 
5.61999E+01 1.58999E+00  1.58692E-04  1.66362E+00 
5.62999E+01 1.58499E+00  1.54834E-04  1.65860E+00 
5.63999E+01 1.57999E+00  1.51115E-04  1.65361E+00 
5.64999E+01 1.57499E+00  1.47447E-04  1.64862E+00 
5.65999E+01 1.56999E+00  1.43870E-04  1.64361E+00 
5.66999E+01 1.56499E+00  1.40292E-04  1.63860E+00 
5.67999E+01 1.55999E+00  1.36720E-04  1.63359E+00 
5.68999E+01 1.55499E+00  1.33137E-04  1.62861E+00 
5.69999E+01 1.54999E+00  1.29525E-04  1.62361E+00 
5.70999E+01 1.54499E+00  1.26076E-04  1.61859E+00 
5.71999E+01 1.53999E+00  1.22783E-04  1.61362E+00 
5.72999E+01 1.53499E+00  1.19674E-04  1.60862E+00 
5.73999E+01 1.52999E+00  1.16639E-04  1.60359E+00 
5.74999E+01 1.52499E+00  1.13691E-04  1.59859E+00 
5.75999E+01 1.51999E+00  1.10870E-04  1.59359E+00 
5.76999E+01 1.51499E+00  1.07948E-04  1.58860E+00 
5.77999E+01 1.50999E+00  1.04987E-04  1.58358E+00 
5.78999E+01 1.50499E+00  1.02041E-04  1.57859E+00 
5.79999E+01 1.49999E+00  9.91787E-05  1.57359E+00 
5.80999E+01 1.49499E+00  9.63633E-05  1.56856E+00 
5.81999E+01 1.48999E+00  9.35813E-05  1.56354E+00 
5.82999E+01 1.48499E+00  9.08728E-05  1.55855E+00 
5.83999E+01 1.47999E+00  8.82060E-05  1.55355E+00 
5.84999E+01 1.47499E+00  8.55725E-05  1.54854E+00 
5.85999E+01 1.46999E+00  8.29874E-05  1.54355E+00 
5.86999E+01 1.46499E+00  8.04668E-05  1.53855E+00 
5.87999E+01 1.45999E+00  7.79650E-05  1.53355E+00 
5.88999E+01 1.45499E+00  7.55221E-05  1.52855E+00 
5.89999E+01 1.44999E+00  7.31731E-05  1.52355E+00 
5.90999E+01 1.44499E+00  7.08332E-05  1.51855E+00 
5.91999E+01 1.43999E+00  6.85372E-05  1.51355E+00 
5.92999E+01 1.43499E+00  6.62794E-05  1.50855E+00 
5.93999E+01 1.42999E+00  6.40871E-05  1.50352E+00 
5.94999E+01 1.42499E+00  6.23699E-05  1.49854E+00 
5.95999E+01 1.41999E+00  6.03382E-05  1.49356E+00 
5.96999E+01 1.41499E+00  5.77664E-05  1.48855E+00 
5.97999E+01 1.40999E+00  5.57118E-05  1.48353E+00 
5.98999E+01 1.40499E+00  5.37664E-05  1.47855E+00 
5.99998E+01 1.39999E+00  5.18234E-05  1.47356E+00 
6.00998E+01 1.39499E+00  4.99547E-05  1.46854E+00 
6.01998E+01 1.38999E+00  4.80998E-05  1.46354E+00 
6.02998E+01 1.38499E+00  4.63305E-05  1.45851E+00 
6.03998E+01 1.37999E+00  4.45975E-05  1.45354E+00 
6.04998E+01 1.37499E+00  4.28919E-05  1.44852E+00 
6.05998E+01 1.36999E+00  4.12875E-05  1.44354E+00 
6.06998E+01 1.36499E+00  3.96839E-05  1.43853E+00 
6.07998E+01 1.35999E+00  3.81388E-05  1.43353E+00 
6.08998E+01 1.35499E+00  3.66224E-05  1.42852E+00 
6.09998E+01 1.34999E+00  3.47090E-05  1.42350E+00 
6.10998E+01 1.34499E+00  3.32908E-05  1.41849E+00 
6.11998E+01 1.33999E+00  3.19156E-05  1.41349E+00 
6.12998E+01 1.33499E+00  3.06022E-05  1.40845E+00 
6.13998E+01 1.32999E+00  2.93163E-05  1.40346E+00 
6.14998E+01 1.32499E+00  2.80856E-05  1.39849E+00 
6.15998E+01 1.31999E+00  2.68868E-05  1.39348E+00 
6.16998E+01 1.31499E+00  2.57377E-05  1.38844E+00 
6.17998E+01 1.30999E+00  2.46313E-05  1.38348E+00 
6.18998E+01 1.30499E+00  2.35715E-05  1.37847E+00 
6.19998E+01 1.29999E+00  2.25486E-05  1.37344E+00 
6.20998E+01 1.29499E+00  2.15728E-05  1.36844E+00 
6.21998E+01 1.28999E+00  2.06681E-05  1.36346E+00 
6.22998E+01 1.28499E+00  1.97289E-05  1.35846E+00 
6.23998E+01 1.27999E+00  1.88711E-05  1.35346E+00 
6.24998E+01 1.27499E+00  1.80559E-05  1.34845E+00 
6.25998E+01 1.26999E+00  1.72830E-05  1.34345E+00 
6.26998E+01 1.26499E+00  1.65281E-05  1.33846E+00 
6.27998E+01 1.25999E+00  1.58148E-05  1.33348E+00 
6.28998E+01 1.25499E+00  1.51241E-05  1.32845E+00 
6.29998E+01 1.24999E+00  1.44667E-05  1.32345E+00 
6.30998E+01 1.24499E+00  1.38516E-05  1.31844E+00 
6.31998E+01 1.23999E+00  1.32550E-05  1.31345E+00 
6.32998E+01 1.23499E+00  1.26946E-05  1.30844E+00 
6.33998E+01 1.22999E+00  1.21658E-05  1.30343E+00 
6.34998E+01 1.22499E+00  1.16589E-05  1.29845E+00 
6.35998E+01 1.21999E+00  1.11704E-05  1.29343E+00 
6.36998E+01 1.21499E+00  1.07387E-05  1.28841E+00 
6.37998E+01 1.20999E+00  1.03086E-05  1.28343E+00 
6.38998E+01 1.20499E+00  9.90244E-06  1.27842E+00 
6.39998E+01 1.19999E+00  9.51191E-06  1.27340E+00 
6.40998E+01 1.19500E+00  9.17057E-06  1.26840E+00 
6.41998E+01 1.19000E+00  8.82945E-06  1.26339E+00 
6.42998E+01 1.18500E+00  8.51800E-06  1.25840E+00 
6.43998E+01 1.18000E+00  8.21862E-06  1.25341E+00 
6.44998E+01 1.17500E+00  7.92844E-06  1.24840E+00 
6.45998E+01 1.17000E+00  7.68200E-06  1.24340E+00 
6.46998E+01 1.16500E+00  7.43924E-06  1.23840E+00 
6.47998E+01 1.16000E+00  7.20357E-06  1.23340E+00 
6.48998E+01 1.15500E+00  6.97957E-06  1.22841E+00 
6.49998E+01 1.15000E+00  6.78125E-06  1.22340E+00 
6.50998E+01 1.14500E+00  6.58842E-06  1.21840E+00 
6.51998E+01 1.14000E+00  6.42706E-06  1.21339E+00 
6.52998E+01 1.13500E+00  6.24243E-06  1.20839E+00 
6.53998E+01 1.13000E+00  6.08342E-06  1.20338E+00 
6.54998E+01 1.12500E+00  5.93030E-06  1.19837E+00 
6.55998E+01 1.12000E+00  5.78929E-06  1.19339E+00 
6.56998E+01 1.11500E+00  5.65652E-06  1.18839E+00 
6.57998E+01 1.11000E+00  5.52820E-06  1.18338E+00 
6.58998E+01 1.10500E+00  5.41158E-06  1.17836E+00 
6.59998E+01 1.10000E+00  5.29868E-06  1.17336E+00 
6.60998E+01 1.09500E+00  5.19418E-06  1.16836E+00 
6.61998E+01 1.09000E+00  5.08871E-06  1.16335E+00 
6.62998E+01 1.08500E+00  4.99593E-06  1.15834E+00 
6.63998E+01 1.08000E+00  4.90210E-06  1.15336E+00 
6.64998E+01 1.07500E+00  4.81417E-06  1.14838E+00 
6.65998E+01 1.07000E+00  4.73454E-06  1.14336E+00 
6.66998E+01 1.06500E+00  4.64999E-06  1.13835E+00 
6.67998E+01 1.06000E+00  4.57493E-06  1.13336E+00 
6.68998E+01 1.05500E+00  4.50245E-06  1.12836E+00 
6.69998E+01 1.05000E+00  4.43404E-06  1.12337E+00 
6.70998E+01 1.04500E+00  4.36533E-06  1.11836E+00 
6.71998E+01 1.04000E+00  4.30312E-06  1.11335E+00 
6.72998E+01 1.03500E+00  4.23851E-06  1.10832E+00 
6.73998E+01 1.03000E+00  4.17735E-06  1.10332E+00 
6.74998E+01 1.02500E+00  4.11747E-06  1.09830E+00 
6.75998E+01 1.02000E+00  4.05786E-06  1.09332E+00 
6.76998E+01 1.01500E+00  4.00375E-06  1.08832E+00 
6.77998E+01 1.01000E+00  3.95148E-06  1.08330E+00 
6.78998E+01 1.00500E+00  3.84752E-06  1.07829E+00 
6.79998E+01 9.99995E-01  3.80078E-06  1.07332E+00 
6.80998E+01 9.94996E-01  3.74956E-06  1.06830E+00 
6.81998E+01 9.89996E-01  3.70161E-06  1.06329E+00 
6.82998E+01 9.84996E-01  3.65451E-06  1.05830E+00 
6.83998E+01 9.79996E-01  3.60965E-06  1.05331E+00 
6.84998E+01 9.74996E-01  3.56371E-06  1.04832E+00 
6.85998E+01 9.69996E-01  3.51991E-06  1.04329E+00 
6.86998E+01 9.64996E-01  3.47595E-06  1.03829E+00 
6.87998E+01 9.59996E-01  3.43652E-06  1.03329E+00 
6.88998E+01 9.54996E-01  3.39064E-06  1.02828E+00 
6.89998E+01 9.49996E-01  3.34687E-06  1.02329E+00 
6.90998E+01 9.44996E-01  3.30899E-06  1.01828E+00 
6.91998E+01 9.39996E-01  3.26820E-06  1.01328E+00 
6.92998E+01 9.34996E-01  3.22405E-06  1.00827E+00 
6.93998E+01 9.29996E-01  3.18403E-06  1.00326E+00 
6.94998E+01 9.24996E-01  3.14555E-06  9.98248E-01 
6.95998E+01 9.19996E-01  3.10506E-06  9.93246E-01 
6.96998E+01 9.14996E-01  3.05380E-06  9.88264E-01 
6.97998E+01 9.09996E-01  3.02445E-06  9.83273E-01 
6.98998E+01 9.04996E-01  2.99110E-06  9.78251E-01 
6.99998E+01 8.99996E-01  2.94330E-06  9.73254E-01 
7.00998E+01 8.94996E-01  2.90395E-06  9.68270E-01 
7.01998E+01 8.89996E-01  2.86110E-06  9.63262E-01 
7.02998E+01 8.84996E-01  2.82118E-06  9.58239E-01 
7.03998E+01 8.79996E-01  2.78118E-06  9.53219E-01 
7.04998E+01 8.74996E-01  2.73947E-06  9.48231E-01 
7.05998E+01 8.69996E-01  2.70009E-06  9.43227E-01 
7.06998E+01 8.64996E-01  2.65745E-06  9.38220E-01 
7.07998E+01 8.59996E-01  2.61514E-06  9.33210E-01 
7.08998E+01 8.54996E-01  2.57601E-06  9.28227E-01 
7.09998E+01 8.49996E-01  2.51980E-06  9.23198E-01 
7.10998E+01 8.44996E-01  2.49569E-06  9.18208E-01 
7.11998E+01 8.39996E-01  2.45243E-06  9.13198E-01 
7.12998E+01 8.34996E-01  2.41118E-06  9.08209E-01 
7.13998E+01 8.29996E-01  2.36537E-06  9.03218E-01 
7.14998E+01 8.24996E-01  2.32125E-06  8.98198E-01 
7.15998E+01 8.19996E-01  2.27662E-06  8.93214E-01 
7.16998E+01 8.14996E-01  2.23608E-06  8.88195E-01 
7.17998E+01 8.09996E-01  2.19272E-06  8.83209E-01 
7.18998E+01 8.04996E-01  2.14610E-06  8.78217E-01 
7.19998E+01 7.99996E-01  2.09947E-06  8.73207E-01 
7.20998E+01 7.94996E-01  2.05579E-06  8.68195E-01 
7.21998E+01 7.89996E-01  1.99489E-06  8.63205E-01 
7.22998E+01 7.84996E-01  1.96575E-06  8.58212E-01 
7.23998E+01 7.79996E-01  1.91237E-06  8.53199E-01 
7.24998E+01 7.74996E-01  1.86083E-06  8.48180E-01 
7.25998E+01 7.69996E-01  1.83222E-06  8.43178E-01 
7.26998E+01 7.64996E-01  1.76999E-06  8.38162E-01 
7.27998E+01 7.59996E-01  1.70747E-06  8.33189E-01 
7.28998E+01 7.54996E-01  1.67260E-06  8.28172E-01 
7.29998E+01 7.49996E-01  1.61895E-06  8.23164E-01 
7.30998E+01 7.44996E-01  1.56815E-06  8.18189E-01 
7.31998E+01 7.39996E-01  1.51442E-06  8.13171E-01 
7.32998E+01 7.34996E-01  1.46350E-06  8.08150E-01 
7.33998E+01 7.29996E-01  1.40028E-06  8.03159E-01 
7.34998E+01 7.24996E-01  1.36132E-06  7.98147E-01 
7.35998E+01 7.19996E-01  1.29705E-06  7.93148E-01 
7.36998E+01 7.14996E-01  1.24148E-06  7.88152E-01 
7.37998E+01 7.09996E-01  1.18114E-06  7.83134E-01 
7.38998E+01 7.04996E-01  1.12178E-06  7.78122E-01 
7.39998E+01 6.99996E-01  1.06252E-06  7.73098E-01 
7.40998E+01 6.94996E-01  1.00265E-06  7.68124E-01 
7.41998E+01 6.89996E-01  9.41544E-07  7.63131E-01 
7.42998E+01 6.84996E-01  8.78690E-07  7.58109E-01 
7.43998E+01 6.79996E-01  8.15567E-07  7.53119E-01 
7.44998E+01 6.74996E-01  7.49774E-07  7.48103E-01 
7.45998E+01 6.69996E-01  6.83286E-07  7.43106E-01 
7.46998E+01 6.64996E-01  6.17551E-07  7.38113E-01 
7.47998E+01 6.59996E-01  5.49416E-07  7.33102E-01 
7.48998E+01 6.54996E-01  4.76614E-07  7.28113E-01 
7.49998E+01 6.49996E-01  4.07020E-07  7.23089E-01 
7.50998E+01 6.44996E-01  3.34925E-07  7.18099E-01 
7.51998E+01 6.39996E-01  2.63959E-07  7.13077E-01 
7.52998E+01 6.34996E-01  1.90185E-07  7.08086E-01 
7.53998E+01 6.29996E-01  8.52730E-08  7.03076E-01 
7.54998E+01 6.24996E-01  3.93843E-08  6.98066E-01 
7.55998E+01 6.19996E-01  -3.74424E-08 6.93076E-01 
7.56998E+01 6.14996E-01  -1.16452E-07 6.88050E-01 
7.57998E+01 6.09996E-01  -2.02276E-07 6.83089E-01 
7.58998E+01 6.04996E-01  -1.87024E-07 6.78087E-01 
7.59998E+01 5.99996E-01  -3.71418E-07 6.73080E-01 
7.60998E+01 5.94997E-01  -4.49787E-07 6.68060E-01 
7.61998E+01 5.89997E-01  -5.29998E-07 6.63073E-01 
7.62998E+01 5.84997E-01  -6.14760E-07 6.58073E-01 
7.63998E+01 5.79997E-01  -6.95766E-07 6.53079E-01 
7.64998E+01 5.74997E-01  -7.84527E-07 6.48059E-01 
7.65998E+01 5.69997E-01  -8.73395E-07 6.43068E-01 
7.66998E+01 5.64997E-01  -9.63318E-07 6.38075E-01 
7.67998E+01 5.59997E-01  -1.04619E-06 6.33052E-01 
7.68998E+01 5.54997E-01  -1.14112E-06 6.28042E-01 
7.69998E+01 5.49997E-01  -1.22830E-06 6.23025E-01 
7.70998E+01 5.44997E-01  -1.32324E-06 6.18022E-01 
7.71998E+01 5.39997E-01  -1.41407E-06 6.13023E-01 
7.72998E+01 5.34997E-01  -1.50753E-06 6.08011E-01 
7.73998E+01 5.29997E-01  -1.60115E-06 6.03021E-01 
7.74998E+01 5.24997E-01  -1.69884E-06 5.98031E-01 
7.75998E+01 5.19997E-01  -1.79557E-06 5.93017E-01 
7.76998E+01 5.14997E-01  -1.89526E-06 5.88046E-01 
7.77998E+01 5.09997E-01  -1.99085E-06 5.83022E-01 
7.78998E+01 5.04997E-01  -2.09598E-06 5.78005E-01 
7.79998E+01 4.99997E-01  -2.23217E-06 5.73034E-01 
7.80998E+01 4.94997E-01  -2.38622E-06 5.68030E-01 
7.81998E+01 4.89997E-01  -2.49428E-06 5.63029E-01 
7.82998E+01 4.84997E-01  -2.58671E-06 5.58010E-01 
7.83998E+01 4.79997E-01  -2.67482E-06 5.53034E-01 
7.84998E+01 4.74997E-01  -2.79030E-06 5.48021E-01 
7.85998E+01 4.69997E-01  -2.91336E-06 5.43015E-01 
7.86998E+01 4.64997E-01  -3.04715E-06 5.38033E-01 
7.87998E+01 4.59997E-01  -3.19158E-06 5.33017E-01 
7.88998E+01 4.54997E-01  -3.34339E-06 5.28020E-01 
7.89998E+01 4.49997E-01  -3.50336E-06 5.22990E-01 
7.90998E+01 4.44997E-01  -3.66876E-06 5.18008E-01 
7.91998E+01 4.39997E-01  -3.83791E-06 5.13016E-01 
7.92998E+01 4.34997E-01  -4.02966E-06 5.08008E-01 
7.93998E+01 4.29997E-01  -4.20322E-06 5.02981E-01 
7.94998E+01 4.24997E-01  -4.39630E-06 4.98000E-01 
7.95998E+01 4.19997E-01  -4.59147E-06 4.93019E-01 
7.96998E+01 4.14997E-01  -4.79086E-06 4.88008E-01 
7.97998E+01 4.09997E-01  -5.02252E-06 4.82988E-01 
7.98998E+01 4.04997E-01  -5.27614E-06 4.78010E-01 
7.99998E+01 3.99997E-01  -5.54884E-06 4.72965E-01 
8.00998E+01 3.94997E-01  -5.82398E-06 4.67964E-01 
8.01998E+01 3.89997E-01  -6.10762E-06 4.62965E-01 
8.02998E+01 3.84997E-01  -6.40646E-06 4.57963E-01 
8.03998E+01 3.79997E-01  -6.72356E-06 4.52933E-01 
8.04998E+01 3.74997E-01  -7.04718E-06 4.47917E-01 
8.05998E+01 3.69997E-01  -7.38382E-06 4.42927E-01 
8.06998E+01 3.64997E-01  -7.73928E-06 4.37949E-01 
8.07998E+01 3.59997E-01  -8.12082E-06 4.32920E-01 
8.08998E+01 3.54997E-01  -8.49954E-06 4.27946E-01 
8.09998E+01 3.49997E-01  -8.90463E-06 4.22928E-01 
8.10998E+01 3.44997E-01  -9.32585E-06 4.17918E-01 
8.11998E+01 3.39997E-01  -9.76110E-06 4.12909E-01 
8.12998E+01 3.34997E-01  -1.02138E-05 4.07906E-01 
8.13998E+01 3.29997E-01  -1.06816E-05 4.02909E-01 
8.14998E+01 3.24997E-01  -1.11669E-05 3.97909E-01 
8.15998E+01 3.19997E-01  -1.16710E-05 3.92917E-01 
8.16998E+01 3.14997E-01  -1.21859E-05 3.87894E-01 
8.17998E+01 3.09997E-01  -1.27257E-05 3.82915E-01 
8.18998E+01 3.04997E-01  -1.32793E-05 3.77919E-01 
8.19998E+01 2.99997E-01  -1.38493E-05 3.72893E-01 
8.20998E+01 2.94997E-01  -1.44744E-05 3.67898E-01 
8.21998E+01 2.89997E-01  -1.50704E-05 3.62896E-01 
8.22998E+01 2.84997E-01  -1.56713E-05 3.57900E-01 
8.23998E+01 2.79997E-01  -1.63001E-05 3.52906E-01 
8.24998E+01 2.74997E-01  -1.69404E-05 3.47894E-01 
8.25998E+01 2.69997E-01  -1.75936E-05 3.42883E-01 
8.26998E+01 2.64997E-01  -1.82606E-05 3.37876E-01 
8.27998E+01 2.59997E-01  -1.89015E-05 3.32894E-01 
8.28998E+01 2.54997E-01  -1.95896E-05 3.27890E-01 
8.29998E+01 2.49997E-01  -2.02845E-05 3.22885E-01 
8.30998E+01 2.44997E-01  -2.09861E-05 3.17884E-01 
8.31998E+01 2.39997E-01  -2.16858E-05 3.12873E-01 
8.32998E+01 2.34997E-01  -2.23988E-05 3.07894E-01 
8.33998E+01 2.29997E-01  -2.31199E-05 3.02878E-01 
8.34998E+01 2.24997E-01  -2.38229E-05 2.97876E-01 
8.35998E+01 2.19997E-01  -2.45194E-05 2.92838E-01 
8.36998E+01 2.14997E-01  -2.52204E-05 2.87874E-01 
8.37998E+01 2.09997E-01  -2.59180E-05 2.82875E-01 
8.38998E+01 2.04997E-01  -2.65979E-05 2.77855E-01 
8.39998E+01 1.99997E-01  -2.72725E-05 2.72819E-01 
8.40998E+01 1.94998E-01  -2.79282E-05 2.67849E-01 
8.41998E+01 1.89998E-01  -2.85666E-05 2.62852E-01 
8.42998E+01 1.84998E-01  -2.91608E-05 2.57853E-01 
8.43998E+01 1.79998E-01  -2.97633E-05 2.52837E-01 
8.44998E+01 1.74998E-01  -3.03693E-05 2.47844E-01 
8.45998E+01 1.69998E-01  -3.09505E-05 2.42849E-01 
8.46998E+01 1.64998E-01  -3.15091E-05 2.37849E-01 
8.47998E+01 1.59998E-01  -3.20474E-05 2.32844E-01 
8.48998E+01 1.54998E-01  -3.25595E-05 2.27838E-01 
8.49998E+01 1.49998E-01  -3.30445E-05 2.22847E-01 
8.50998E+01 1.44998E-01  -3.35201E-05 2.17845E-01 
8.51998E+01 1.39998E-01  -3.39673E-05 2.12834E-01 
8.52998E+01 1.34998E-01  -3.44098E-05 2.07834E-01 
8.53998E+01 1.29998E-01  -3.48338E-05 2.02825E-01 
8.54998E+01 1.24998E-01  -3.52551E-05 1.97837E-01 
8.55998E+01 1.19998E-01  -3.56560E-05 1.92814E-01 
8.56998E+01 1.14998E-01  -3.60634E-05 1.87827E-01 
8.57998E+01 1.09998E-01  -3.64531E-05 1.82808E-01 
8.58998E+01 1.04998E-01  -3.68508E-05 1.77846E-01 
8.59998E+01 9.99977E-02  -3.72431E-05 1.72824E-01 
8.60998E+01 9.49978E-02  -3.76316E-05 1.67818E-01 
8.61998E+01 8.99978E-02  -3.80168E-05 1.62786E-01 
8.62998E+01 8.49978E-02  -3.83962E-05 1.57792E-01 
8.63998E+01 7.99978E-02  -3.87590E-05 1.52770E-01 
8.64998E+01 7.49978E-02  -3.91114E-05 1.47789E-01 
8.65998E+01 6.99978E-02  -3.94609E-05 1.42799E-01 
8.66998E+01 6.49978E-02  -3.97979E-05 1.37800E-01 
8.67998E+01 5.99978E-02  -4.01066E-05 1.32768E-01 
8.68998E+01 5.49979E-02  -4.04019E-05 1.27786E-01 
8.69998E+01 4.99979E-02  -4.06715E-05 1.22773E-01 
8.70998E+01 4.49979E-02  -4.09152E-05 1.17766E-01 
8.71998E+01 3.99979E-02  -4.11361E-05 1.12745E-01 
8.72998E+01 3.49979E-02  -4.13263E-05 1.07761E-01 
8.73998E+01 2.99979E-02  -4.14967E-05 1.02776E-01 
8.74998E+01 2.49979E-02  -4.16399E-05 9.77750E-02 
8.75998E+01 1.99979E-02  -4.17630E-05 9.27535E-02 
8.76998E+01 1.49980E-02  -4.18616E-05 8.77651E-02 
8.77998E+01 9.99797E-03  -4.19540E-05 8.27591E-02 
8.78998E+01 4.99799E-03  -4.20271E-05 7.77632E-02 
8.79998E+01 -2.00000E-06 -4.20875E-05 7.27442E-02 
8.80998E+01 -5.00199E-03 -4.21421E-05 6.77552E-02 
8.81998E+01 -1.00020E-02 -4.21884E-05 6.27786E-02 
8.82998E+01 -1.50020E-02 -4.22319E-05 5.77727E-02 
8.83998E+01 -2.00020E-02 -4.22784E-05 5.27505E-02 
8.84998E+01 -2.50019E-02 -4.23199E-05 4.77584E-02 
8.85998E+01 -3.00019E-02 -4.23683E-05 4.27512E-02 
8.86998E+01 -3.50019E-02 -4.24191E-05 3.77521E-02 
8.87998E+01 -4.00019E-02 -4.24741E-05 3.27262E-02 
8.88998E+01 -4.50019E-02 -4.25332E-05 2.77034E-02 
8.89998E+01 -5.00019E-02 -4.26046E-05 2.27306E-02 
8.90998E+01 -5.50019E-02 -4.26812E-05 1.77384E-02 
8.91998E+01 -6.00019E-02 -4.27919E-05 1.27319E-02 
8.92998E+01 -6.50018E-02 -4.30002E-05 7.71162E-03 
8.93998E+01 -7.00018E-02 -4.32375E-05 2.70011E-03 
8.94998E+01 -7.50018E-02 -4.34054E-05 -2.26647E-03
8.95998E+01 -8.00018E-02 -4.34979E-05 -7.29485E-03
8.96998E+01 -8.50018E-02 -4.35947E-05 -1.22833E-02
8.97998E+01 -9.00018E-02 -4.36780E-05 -1.73142E-02
8.98998E+01 -9.50018E-02 -4.37701E-05 -2.23232E-02
8.99998E+01 -1.00002E-01 -4.38716E-05 -2.72992E-02
9.00998E+01 -1.05002E-01 -4.39683E-05 -3.23039E-02
9.01998E+01 -1.10002E-01 -4.41043E-05 -3.73260E-02
9.02998E+01 -1.15002E-01 -4.42885E-05 -4.23319E-02
9.03998E+01 -1.20002E-01 -4.45102E-05 -4.73003E-02
9.04998E+01 -1.25002E-01 -4.47378E-05 -5.23100E-02
9.05998E+01 -1.30002E-01 -4.49733E-05 -5.73078E-02
9.06998E+01 -1.35002E-01 -4.52198E-05 -6.23424E-02
9.07998E+01 -1.40002E-01 -4.54819E-05 -6.73221E-02
9.08998E+01 -1.45002E-01 -4.57543E-05 -7.23255E-02
9.09998E+01 -1.50002E-01 -4.60419E-05 -7.73415E-02
9.10998E+01 -1.55002E-01 -4.63363E-05 -8.23393E-02
9.11998E+01 -1.60002E-01 -4.66568E-05 -8.73152E-02
9.12998E+01 -1.65002E-01 -4.69928E-05 -9.23448E-02
9.13998E+01 -1.70002E-01 -4.73481E-05 -9.73452E-02
9.14998E+01 -1.75002E-01 -4.77339E-05 -1.02364E-01
9.15998E+01 -1.80002E-01 -4.81556E-05 -1.07351E-01
9.16998E+01 -1.85002E-01 -4.86334E-05 -1.12360E-01
9.17998E+01 -1.90002E-01 -4.91786E-05 -1.17393E-01
9.18998E+01 -1.95002E-01 -4.98015E-05 -1.22388E-01
9.19998E+01 -2.00002E-01 -5.05049E-05 -1.27381E-01
9.20998E+01 -2.05001E-01 -5.12778E-05 -1.32367E-01
9.21998E+01 -2.10001E-01 -5.21030E-05 -1.37371E-01
9.22998E+01 -2.15001E-01 -5.29634E-05 -1.42388E-01
9.23998E+01 -2.20001E-01 -5.38338E-05 -1.47366E-01
9.24998E+01 -2.25001E-01 -5.47088E-05 -1.52349E-01
9.25998E+01 -2.30001E-01 -5.55995E-05 -1.57359E-01
9.26998E+01 -2.35001E-01 -5.65041E-05 -1.62358E-01
9.27998E+01 -2.40001E-01 -5.74204E-05 -1.67370E-01
9.28998E+01 -2.45001E-01 -5.83521E-05 -1.72391E-01
9.29998E+01 -2.50001E-01 -5.93104E-05 -1.77410E-01
9.30998E+01 -2.55001E-01 -6.02682E-05 -1.82396E-01
9.31998E+01 -2.60001E-01 -6.12479E-05 -1.87377E-01
9.32998E+01 -2.65001E-01 -6.22556E-05 -1.92405E-01
9.33998E+01 -2.70001E-01 -6.32685E-05 -1.97425E-01
9.34998E+01 -2.75001E-01 -6.42981E-05 -2.02408E-01
9.35998E+01 -2.80001E-01 -6.53438E-05 -2.07412E-01
9.36998E+01 -2.85001E-01 -6.64028E-05 -2.12406E-01
9.37998E+01 -2.90001E-01 -6.74709E-05 -2.17413E-01
9.38998E+01 -2.95001E-01 -6.85407E-05 -2.22422E-01
9.39998E+01 -3.00001E-01 -6.96065E-05 -2.27410E-01
9.40998E+01 -3.05001E-01 -7.06851E-05 -2.32426E-01
9.41998E+01 -3.10001E-01 -7.17437E-05 -2.37420E-01
9.42998E+01 -3.15001E-01 -7.28225E-05 -2.42412E-01
9.43998E+01 -3.20001E-01 -7.38548E-05 -2.47428E-01
9.44998E+01 -3.25001E-01 -7.49051E-05 -2.52396E-01
9.45998E+01 -3.30001E-01 -7.59309E-05 -2.57435E-01
9.46998E+01 -3.35001E-01 -7.69695E-05 -2.62443E-01
9.47998E+01 -3.40001E-01 -7.79769E-05 -2.67420E-01
9.48998E+01 -3.45001E-01 -7.89741E-05 -2.72400E-01
9.49998E+01 -3.50001E-01 -7.99697E-05 -2.77431E-01
9.50998E+01 -3.55001E-01 -8.09135E-05 -2.82422E-01
9.51998E+01 -3.60001E-01 -8.18441E-05 -2.87446E-01
9.52998E+01 -3.65001E-01 -8.28150E-05 -2.92419E-01
9.53998E+01 -3.70001E-01 -8.37410E-05 -2.97440E-01
9.54998E+01 -3.75001E-01 -8.46588E-05 -3.02446E-01
9.55998E+01 -3.80001E-01 -8.55594E-05 -3.07434E-01
9.56998E+01 -3.85001E-01 -8.64413E-05 -3.12426E-01
9.57998E+01 -3.90001E-01 -8.73146E-05 -3.17446E-01
9.58998E+01 -3.95001E-01 -8.81761E-05 -3.22448E-01
9.59998E+01 -4.00001E-01 -8.90025E-05 -3.27472E-01
9.60998E+01 -4.05001E-01 -8.98408E-05 -3.32458E-01
9.61998E+01 -4.10001E-01 -9.06623E-05 -3.37470E-01
9.62998E+01 -4.15001E-01 -9.14648E-05 -3.42466E-01
9.63998E+01 -4.20001E-01 -9.22598E-05 -3.47479E-01
9.64998E+01 -4.25001E-01 -9.30395E-05 -3.52494E-01
9.65998E+01 -4.30001E-01 -9.38211E-05 -3.57487E-01
9.66998E+01 -4.35001E-01 -9.45635E-05 -3.62480E-01
9.67998E+01 -4.40001E-01 -9.53178E-05 -3.67473E-01
9.68998E+01 -4.45001E-01 -9.60555E-05 -3.72478E-01
9.69998E+01 -4.50001E-01 -9.67990E-05 -3.77491E-01
9.70998E+01 -4.55001E-01 -9.75367E-05 -3.82487E-01
9.71998E+01 -4.60001E-01 -9.82565E-05 -3.87492E-01
9.72998E+01 -4.65001E-01 -9.89830E-05 -3.92507E-01
9.73998E+01 -4.70001E-01 -9.96974E-05 -3.97523E-01
9.74998E+01 -4.75001E-01 -1.00435E-04 -4.02529E-01
9.75998E+01 -4.80001E-01 -1.01154E-04 -4.07507E-01
9.76998E+01 -4.85001E-01 -1.01860E-04 -4.12503E-01
9.77998E+01 -4.90001E-01 -1.02694E-04 -4.17524E-01
9.78998E+01 -4.95001E-01 -1.03308E-04 -4.22505E-01
9.79998E+01 -5.00001E-01 -1.04042E-04 -4.27528E-01
9.80998E+01 -5.05001E-01 -1.04796E-04 -4.32507E-01
9.81998E+01 -5.10001E-01 -1.05548E-04 -4.37529E-01
9.82998E+01 -5.15001E-01 -1.06225E-04 -4.42508E-01
9.83998E+01 -5.20001E-01 -1.06965E-04 -4.47506E-01
9.84998E+01 -5.25001E-01 -1.07689E-04 -4.52520E-01
9.85998E+01 -5.30001E-01 -1.08427E-04 -4.57521E-01
9.86998E+01 -5.35001E-01 -1.09170E-04 -4.62513E-01
9.87998E+01 -5.40001E-01 -1.09985E-04 -4.67505E-01
9.88998E+01 -5.45001E-01 -1.10775E-04 -4.72510E-01
9.89998E+01 -5.50001E-01 -1.11536E-04 -4.77528E-01
9.90998E+01 -5.55001E-01 -1.12298E-04 -4.82503E-01
9.91998E+01 -5.60001E-01 -1.13084E-04 -4.87522E-01
9.92998E+01 -5.65001E-01 -1.13890E-04 -4.92546E-01
9.93998E+01 -5.70001E-01 -1.14656E-04 -4.97542E-01
9.94998E+01 -5.75001E-01 -1.15508E-04 -5.02565E-01
9.95998E+01 -5.80001E-01 -1.16395E-04 -5.07569E-01
9.96998E+01 -5.85001E-01 -1.17269E-04 -5.12574E-01
9.97998E+01 -5.90001E-01 -1.18140E-04 -5.17579E-01
9.98998E+01 -5.95001E-01 -1.19096E-04 -5.22560E-01
9.99997E+01 -6.00001E-01 -1.20390E-04 -5.27561E-01
1.00100E+02 -6.05000E-01 -1.21330E-04 -5.32608E-01
1.00200E+02 -6.10000E-01 -1.22491E-04 -5.37576E-01
1.00300E+02 -6.15000E-01 -1.23440E-04 -5.42552E-01
1.00400E+02 -6.20000E-01 -1.24504E-04 -5.47562E-01
1.00500E+02 -6.25000E-01 -1.25541E-04 -5.52583E-01
1.00600E+02 -6.30000E-01 -1.26746E-04 -5.57568E-01
1.00700E+02 -6.35000E-01 -1.27813E-04 -5.62556E-01
1.00800E+02 -6.40000E-01 -1.28980E-04 -5.67593E-01
1.00900E+02 -6.45000E-01 -1.30244E-04 -5.72598E-01
1.01000E+02 -6.50000E-01 -1.31351E-04 -5.77588E-01
1.01100E+02 -6.55000E-01 -1.32641E-04 -5.82563E-01
1.01200E+02 -6.60000E-01 -1.33938E-04 -5.87571E-01
1.01300E+02 -6.65000E-01 -1.35198E-04 -5.92599E-01
1.01400E+02 -6.70000E-01 -1.36725E-04 -5.97612E-01
1.01500E+02 -6.75000E-01 -1.38034E-04 -6.02591E-01
1.01600E+02 -6.80000E-01 -1.39437E-04 -6.07590E-01
1.01700E+02 -6.85000E-01 -1.40823E-04 -6.12577E-01
1.01800E+02 -6.90000E-01 -1.42178E-04 -6.17604E-01
1.01900E+02 -6.95000E-01 -1.43654E-04 -6.22593E-01
1.02000E+02 -7.00000E-01 -1.44947E-04 -6.27593E-01
1.02100E+02 -7.05000E-01 -1.46260E-04 -6.32591E-01
1.02200E+02 -7.10000E-01 -1.47621E-04 -6.37611E-01
1.02300E+02 -7.15000E-01 -1.48946E-04 -6.42599E-01
1.02400E+02 -7.20000E-01 -1.50253E-04 -6.47632E-01
1.02500E+02 -7.25000E-01 -1.51643E-04 -6.52628E-01
1.02600E+02 -7.30000E-01 -1.52998E-04 -6.57650E-01
1.02700E+02 -7.35000E-01 -1.54337E-04 -6.62639E-01
1.02800E+02 -7.40000E-01 -1.55720E-04 -6.67657E-01
1.02900E+02 -7.45000E-01 -1.57037E-04 -6.72676E-01
1.03000E+02 -7.50000E-01 -1.58179E-04 -6.77672E-01
1.03100E+02 -7.55000E-01 -1.59547E-04 -6.82666E-01
1.03200E+02 -7.60000E-01 -1.60687E-04 -6.87665E-01
1.03300E+02 -7.65000E-01 -1.61833E-04 -6.92671E-01
1.03400E+02 -7.70000E-01 -1.63034E-04 -6.97675E-01
1.03500E+02 -7.75000E-01 -1.64626E-04 -7.02660E-01
1.03600E+02 -7.80000E-01 -1.65872E-04 -7.07657E-01
1.03700E+02 -7.85000E-01 -1.66959E-04 -7.12674E-01
1.03800E+02 -7.90000E-01 -1.68107E-04 -7.17640E-01
1.03900E+02 -7.95000E-01 -1.69456E-04 -7.22679E-01
