time/s      E/V        I/A
0.00000E+00 -8.00000E-01 -7.93205E-05 -7.33060E-01
9.99997E-02 -7.95000E-01 -5.50227E-05 -7.28066E-01
1.99999E-01 -7.90000E-01 -4.49202E-05 -7.23073E-01
2.99999E-01 -7.85000E-01 -3.83767E-05 -7.18082E-01
3.99999E-01 -7.80000E-01 -3.77682E-05 -7.13039E-01
4.99999E-01 -7.75000E-01 -3.40902E-05 -7.08056E-01
5.99998E-01 -7.70000E-01 -3.12123E-05 -7.03053E-01
6.99998E-01 -7.65000E-01 -2.90105E-05 -6.98079E-01
7.99998E-01 -7.60000E-01 -2.74045E-05 -6.93056E-01
8.99998E-01 -7.55000E-01 -2.57696E-05 -6.88059E-01
9.99997E-01 -7.50000E-01 -2.43913E-05 -6.83072E-01
1.10000E+00 -7.45000E-01 -2.30998E-05 -6.78071E-01
1.20000E+00 -7.40000E-01 -2.19593E-05 -6.73046E-01
1.30000E+00 -7.35000E-01 -2.09129E-05 -6.68026E-01
1.40000E+00 -7.30000E-01 -1.99470E-05 -6.63047E-01
1.50000E+00 -7.25000E-01 -1.89865E-05 -6.58051E-01
1.60000E+00 -7.20000E-01 -1.82330E-05 -6.53024E-01
1.70000E+00 -7.15000E-01 -1.74775E-05 -6.48014E-01
1.80000E+00 -7.10000E-01 -1.69123E-05 -6.43014E-01
1.90000E+00 -7.05000E-01 -1.62153E-05 -6.38018E-01
1.99999E+00 -7.00000E-01 -1.56095E-05 -6.33013E-01
2.09999E+00 -6.95000E-01 -1.50618E-05 -6.27987E-01
2.19999E+00 -6.90000E-01 -1.44453E-05 -6.23002E-01
2.29999E+00 -6.85000E-01 -1.43764E-05 -6.17980E-01
2.39999E+00 -6.80000E-01 -1.38470E-05 -6.13011E-01
2.49999E+00 -6.75000E-01 -1.42251E-05 -6.08003E-01
2.59999E+00 -6.70000E-01 -1.38681E-05 -6.02966E-01
2.69999E+00 -6.65000E-01 -1.31859E-05 -5.97983E-01
2.79999E+00 -6.60000E-01 -1.22238E-05 -5.92994E-01
2.89999E+00 -6.55000E-01 -1.15148E-05 -5.87999E-01
2.99999E+00 -6.50000E-01 -1.08896E-05 -5.82973E-01
3.09999E+00 -6.45000E-01 -1.00458E-05 -5.77978E-01
3.19999E+00 -6.40000E-01 -9.87536E-06 -5.72988E-01
3.29999E+00 -6.35000E-01 -9.53907E-06 -5.67967E-01
3.39999E+00 -6.30000E-01 -9.38501E-06 -5.62970E-01
3.49999E+00 -6.25000E-01 -9.11552E-06 -5.57979E-01
3.59999E+00 -6.20000E-01 -8.89768E-06 -5.53004E-01
3.69999E+00 -6.15000E-01 -8.79350E-06 -5.47954E-01
3.79999E+00 -6.10000E-01 -8.80642E-06 -5.42974E-01
3.89999E+00 -6.05000E-01 -8.90622E-06 -5.37976E-01
3.99999E+00 -6.00001E-01 -8.87631E-06 -5.32975E-01
4.09999E+00 -5.95001E-01 -8.36581E-06 -5.27956E-01
4.19999E+00 -5.90001E-01 -8.14061E-06 -5.22948E-01
4.29999E+00 -5.85001E-01 -7.90087E-06 -5.17948E-01
4.39999E+00 -5.80001E-01 -7.86973E-06 -5.12954E-01
4.49999E+00 -5.75001E-01 -7.74986E-06 -5.07954E-01
4.59999E+00 -5.70001E-01 -7.19734E-06 -5.02944E-01
4.69999E+00 -5.65001E-01 -6.77707E-06 -4.97940E-01
4.79999E+00 -5.60001E-01 -6.58981E-06 -4.92923E-01
4.89999E+00 -5.55001E-01 -6.56642E-06 -4.87907E-01
4.99999E+00 -5.50001E-01 -6.46819E-06 -4.82897E-01
5.09999E+00 -5.45001E-01 -6.36427E-06 -4.77933E-01
5.19999E+00 -5.40001E-01 -6.31280E-06 -4.72917E-01
5.29999E+00 -5.35001E-01 -6.30303E-06 -4.67905E-01
5.39999E+00 -5.30001E-01 -6.05546E-06 -4.62911E-01
5.49999E+00 -5.25001E-01 -5.94089E-06 -4.57930E-01
5.59999E+00 -5.20001E-01 -6.50036E-06 -4.52901E-01
5.69999E+00 -5.15001E-01 -6.39846E-06 -4.47892E-01
5.79999E+00 -5.10001E-01 -6.31203E-06 -4.42913E-01
5.89999E+00 -5.05001E-01 -6.50381E-06 -4.37915E-01
5.99998E+00 -5.00001E-01 -6.77744E-06 -4.32891E-01
6.09998E+00 -4.95001E-01 -6.45319E-06 -4.27892E-01
6.19998E+00 -4.90001E-01 -5.14449E-06 -4.22891E-01
6.29998E+00 -4.85001E-01 -4.72606E-06 -4.17907E-01
6.39998E+00 -4.80001E-01 -4.54401E-06 -4.12894E-01
6.49998E+00 -4.75001E-01 -4.74601E-06 -4.07894E-01
6.59998E+00 -4.70001E-01 -4.62169E-06 -4.02913E-01
6.69998E+00 -4.65001E-01 -4.33441E-06 -3.97914E-01
6.79998E+00 -4.60001E-01 -4.20504E-06 -3.92883E-01
6.89998E+00 -4.55001E-01 -4.13063E-06 -3.87879E-01
6.99998E+00 -4.50001E-01 -4.00159E-06 -3.82861E-01
7.09998E+00 -4.45001E-01 -3.93365E-06 -3.77870E-01
7.19998E+00 -4.40001E-01 -3.91751E-06 -3.72871E-01
7.29998E+00 -4.35001E-01 -3.89551E-06 -3.67878E-01
7.39998E+00 -4.30001E-01 -3.75496E-06 -3.62848E-01
7.49998E+00 -4.25001E-01 -3.61493E-06 -3.57853E-01
7.59998E+00 -4.20001E-01 -3.52184E-06 -3.52874E-01
7.69998E+00 -4.15001E-01 -3.41549E-06 -3.47861E-01
7.79998E+00 -4.10001E-01 -3.22307E-06 -3.42832E-01
7.89998E+00 -4.05001E-01 -3.10937E-06 -3.37860E-01
7.99998E+00 -4.00001E-01 -3.11818E-06 -3.32839E-01
8.09998E+00 -3.95001E-01 -3.16909E-06 -3.27838E-01
8.19998E+00 -3.90001E-01 -3.20175E-06 -3.22836E-01
8.29998E+00 -3.85001E-01 -3.18525E-06 -3.17825E-01
8.39998E+00 -3.80001E-01 -3.12261E-06 -3.12829E-01
8.49998E+00 -3.75001E-01 -3.14962E-06 -3.07834E-01
8.59998E+00 -3.70001E-01 -3.07365E-06 -3.02832E-01
8.69998E+00 -3.65001E-01 -2.95616E-06 -2.97830E-01
8.79998E+00 -3.60001E-01 -2.84201E-06 -2.92812E-01
8.89998E+00 -3.55001E-01 -2.67503E-06 -2.87814E-01
8.99998E+00 -3.50001E-01 -2.46849E-06 -2.82811E-01
9.09998E+00 -3.45001E-01 -2.27379E-06 -2.77825E-01
9.19998E+00 -3.40001E-01 -2.12380E-06 -2.72809E-01
9.29998E+00 -3.35001E-01 -1.99939E-06 -2.67800E-01
9.39998E+00 -3.30001E-01 -1.89601E-06 -2.62817E-01
9.49998E+00 -3.25001E-01 -1.85489E-06 -2.57801E-01
9.59998E+00 -3.20001E-01 -1.64667E-06 -2.52791E-01
9.69998E+00 -3.15001E-01 -1.48946E-06 -2.47814E-01
9.79998E+00 -3.10001E-01 -1.39233E-06 -2.42809E-01
9.89998E+00 -3.05001E-01 -1.29756E-06 -2.37789E-01
9.99997E+00 -3.00001E-01 -1.21007E-06 -2.32778E-01
1.01000E+01 -2.95001E-01 -1.15239E-06 -2.27786E-01
1.02000E+01 -2.90001E-01 -1.09494E-06 -2.22790E-01
1.03000E+01 -2.85001E-01 -1.00247E-06 -2.17798E-01
1.04000E+01 -2.80001E-01 -9.01838E-07 -2.12781E-01
1.05000E+01 -2.75001E-01 -8.02799E-07 -2.07791E-01
1.06000E+01 -2.70001E-01 -7.04750E-07 -2.02780E-01
1.07000E+01 -2.65001E-01 -6.35770E-07 -1.97785E-01
1.08000E+01 -2.60001E-01 -5.50040E-07 -1.92764E-01
1.09000E+01 -2.55001E-01 -4.62892E-07 -1.87783E-01
1.10000E+01 -2.50001E-01 -3.87637E-07 -1.82781E-01
1.11000E+01 -2.45001E-01 -3.10466E-07 -1.77791E-01
1.12000E+01 -2.40001E-01 -2.24685E-07 -1.72761E-01
1.13000E+01 -2.35001E-01 -1.41753E-07 -1.67760E-01
1.14000E+01 -2.30001E-01 -6.99047E-08 -1.62736E-01
1.15000E+01 -2.25001E-01 -1.72454E-09 -1.57758E-01
1.16000E+01 -2.20001E-01 6.37001E-08  -1.52727E-01
1.17000E+01 -2.15001E-01 1.34633E-07  -1.47748E-01
1.18000E+01 -2.10001E-01 2.08305E-07  -1.42756E-01
1.19000E+01 -2.05001E-01 2.66444E-07  -1.37742E-01
1.20000E+01 -2.00002E-01 3.39656E-07  -1.32744E-01
1.21000E+01 -1.95002E-01 4.07504E-07  -1.27742E-01
1.22000E+01 -1.90002E-01 4.74203E-07  -1.22739E-01
1.23000E+01 -1.85002E-01 5.34891E-07  -1.17737E-01
1.24000E+01 -1.80002E-01 5.94587E-07  -1.12734E-01
1.25000E+01 -1.75002E-01 6.53136E-07  -1.07710E-01
1.26000E+01 -1.70002E-01 7.17354E-07  -1.02736E-01
1.27000E+01 -1.65002E-01 7.68579E-07  -9.77211E-02
1.28000E+01 -1.60002E-01 8.21727E-07  -9.27208E-02
1.29000E+01 -1.55002E-01 8.78293E-07  -8.76868E-02
1.30000E+01 -1.50002E-01 9.35218E-07  -8.27221E-02
1.31000E+01 -1.45002E-01 9.86903E-07  -7.77093E-02
1.32000E+01 -1.40002E-01 1.03645E-06  -7.27009E-02
1.33000E+01 -1.35002E-01 1.08823E-06  -6.76944E-02
1.34000E+01 -1.30002E-01 1.14854E-06  -6.27053E-02
1.35000E+01 -1.25002E-01 1.20726E-06  -5.77088E-02
1.36000E+01 -1.20002E-01 1.25999E-06  -5.27028E-02
1.37000E+01 -1.15002E-01 1.31251E-06  -4.76813E-02
1.38000E+01 -1.10002E-01 1.37607E-06  -4.26910E-02
1.39000E+01 -1.05002E-01 1.44038E-06  -3.76858E-02
1.40000E+01 -1.00002E-01 1.49651E-06  -3.26755E-02
1.41000E+01 -9.50018E-02 1.55106E-06  -2.76721E-02
1.42000E+01 -9.00018E-02 1.61221E-06  -2.26799E-02
1.43000E+01 -8.50018E-02 1.66898E-06  -1.76796E-02
1.44000E+01 -8.00018E-02 1.72993E-06  -1.26843E-02
1.45000E+01 -7.50018E-02 1.78653E-06  -7.65650E-03
1.46000E+01 -7.00018E-02 1.84689E-06  -2.65308E-03
1.47000E+01 -6.50018E-02 1.90169E-06  2.32910E-03 
1.48000E+01 -6.00019E-02 1.96387E-06  7.34436E-03 
1.49000E+01 -5.50019E-02 2.02265E-06  1.23422E-02 
1.50000E+01 -5.00019E-02 2.07578E-06  1.73462E-02 
1.51000E+01 -4.50019E-02 2.14446E-06  2.23578E-02 
1.52000E+01 -4.00019E-02 2.21528E-06  2.73431E-02 
1.53000E+01 -3.50019E-02 2.28575E-06  3.23602E-02 
1.54000E+01 -3.00019E-02 2.35530E-06  3.73543E-02 
1.55000E+01 -2.50019E-02 2.42131E-06  4.23621E-02 
1.56000E+01 -2.00020E-02 2.50038E-06  4.73405E-02 
1.57000E+01 -1.50020E-02 2.55823E-06  5.23689E-02 
1.58000E+01 -1.00020E-02 2.62541E-06  5.73829E-02 
1.59000E+01 -5.00199E-03 2.69252E-06  6.23889E-02 
1.60000E+01 -2.00000E-06 2.76337E-06  6.73735E-02 
1.61000E+01 4.99799E-03  2.83434E-06  7.23639E-02 
1.62000E+01 9.99797E-03  2.90690E-06  7.73723E-02 
1.63000E+01 1.49980E-02  2.97433E-06  8.23988E-02 
1.64000E+01 1.99979E-02  3.05131E-06  8.73822E-02 
1.65000E+01 2.49979E-02  3.12421E-06  9.23732E-02 
1.66000E+01 2.99979E-02  3.19702E-06  9.73972E-02 
1.67000E+01 3.49979E-02  3.27761E-06  1.02390E-01 
1.68000E+01 3.99979E-02  3.35372E-06  1.07388E-01 
1.69000E+01 4.49979E-02  3.43128E-06  1.12383E-01 
1.70000E+01 4.99979E-02  3.51104E-06  1.17406E-01 
1.71000E+01 5.49979E-02  3.59160E-06  1.22427E-01 
1.72000E+01 5.99978E-02  3.67224E-06  1.27426E-01 
1.73000E+01 6.49978E-02  3.75714E-06  1.32417E-01 
1.74000E+01 6.99978E-02  3.84078E-06  1.37422E-01 
1.75000E+01 7.49978E-02  3.92508E-06  1.42435E-01 
1.76000E+01 7.99978E-02  4.01064E-06  1.47413E-01 
1.77000E+01 8.49978E-02  4.09834E-06  1.52438E-01 
1.78000E+01 8.99978E-02  4.18757E-06  1.57425E-01 
1.79000E+01 9.49978E-02  4.27790E-06  1.62409E-01 
1.80000E+01 9.99977E-02  4.36946E-06  1.67421E-01 
1.81000E+01 1.04998E-01  4.46271E-06  1.72424E-01 
1.82000E+01 1.09998E-01  4.55654E-06  1.77431E-01 
1.83000E+01 1.14998E-01  4.64977E-06  1.82435E-01 
1.84000E+01 1.19998E-01  4.74488E-06  1.87442E-01 
1.85000E+01 1.24998E-01  4.84519E-06  1.92441E-01 
1.86000E+01 1.29998E-01  4.95338E-06  1.97448E-01 
1.87000E+01 1.34998E-01  5.05924E-06  2.02440E-01 
1.88000E+01 1.39998E-01  5.16689E-06  2.07434E-01 
1.89000E+01 1.44998E-01  5.27788E-06  2.12429E-01 
1.90000E+01 1.49998E-01  5.39456E-06  2.17461E-01 
1.91000E+01 1.54998E-01  5.51257E-06  2.22469E-01 
1.92000E+01 1.59998E-01  5.63197E-06  2.27444E-01 
1.93000E+01 1.64998E-01  5.75053E-06  2.32446E-01 
1.94000E+01 1.69998E-01  5.87240E-06  2.37445E-01 
1.95000E+01 1.74998E-01  5.99895E-06  2.42461E-01 
1.96000E+01 1.79998E-01  6.12646E-06  2.47458E-01 
1.97000E+01 1.84998E-01  6.25922E-06  2.52451E-01 
1.98000E+01 1.89998E-01  6.39496E-06  2.57459E-01 
1.99000E+01 1.94998E-01  6.53328E-06  2.62467E-01 
1.99999E+01 1.99997E-01  6.67431E-06  2.67470E-01 
2.00999E+01 2.04997E-01  6.81782E-06  2.72442E-01 
2.01999E+01 2.09997E-01  6.96562E-06  2.77473E-01 
2.02999E+01 2.14997E-01  7.11498E-06  2.82490E-01 
2.03999E+01 2.19997E-01  7.26624E-06  2.87505E-01 
2.04999E+01 2.24997E-01  7.42200E-06  2.92492E-01 
2.05999E+01 2.29997E-01  7.57846E-06  2.97481E-01 
2.06999E+01 2.34997E-01  7.74389E-06  3.02517E-01 
2.07999E+01 2.39997E-01  7.90259E-06  3.07516E-01 
2.08999E+01 2.44997E-01  8.06693E-06  3.12514E-01 
2.09999E+01 2.49997E-01  8.23456E-06  3.17514E-01 
2.10999E+01 2.54997E-01  8.40565E-06  3.22502E-01 
2.11999E+01 2.59997E-01  8.58199E-06  3.27547E-01 
2.12999E+01 2.64997E-01  8.75784E-06  3.32536E-01 
2.13999E+01 2.69997E-01  8.93527E-06  3.37514E-01 
2.14999E+01 2.74997E-01  9.11980E-06  3.42512E-01 
2.15999E+01 2.79997E-01  9.30391E-06  3.47552E-01 
2.16999E+01 2.84997E-01  9.49075E-06  3.52531E-01 
2.17999E+01 2.89997E-01  9.67642E-06  3.57526E-01 
2.18999E+01 2.94997E-01  9.85633E-06  3.62521E-01 
2.19999E+01 2.99997E-01  1.00592E-05  3.67542E-01 
2.20999E+01 3.04997E-01  1.02553E-05  3.72551E-01 
2.21999E+01 3.09997E-01  1.04527E-05  3.77549E-01 
2.22999E+01 3.14997E-01  1.06565E-05  3.82547E-01 
2.23999E+01 3.19997E-01  1.08609E-05  3.87559E-01 
2.24999E+01 3.24997E-01  1.10647E-05  3.92559E-01 
2.25999E+01 3.29997E-01  1.12658E-05  3.97562E-01 
2.26999E+01 3.34997E-01  1.14660E-05  4.02554E-01 
2.27999E+01 3.39997E-01  1.16686E-05  4.07555E-01 
2.28999E+01 3.44997E-01  1.18841E-05  4.12555E-01 
2.29999E+01 3.49997E-01  1.20942E-05  4.17573E-01 
2.30999E+01 3.54997E-01  1.23046E-05  4.22556E-01 
2.31999E+01 3.59997E-01  1.25174E-05  4.27543E-01 
2.32999E+01 3.64997E-01  1.27324E-05  4.32541E-01 
2.33999E+01 3.69997E-01  1.29456E-05  4.37564E-01 
2.34999E+01 3.74997E-01  1.31549E-05  4.42562E-01 
2.35999E+01 3.79997E-01  1.33613E-05  4.47563E-01 
2.36999E+01 3.84997E-01  1.35754E-05  4.52556E-01 
2.37999E+01 3.89997E-01  1.37930E-05  4.57586E-01 
2.38999E+01 3.94997E-01  1.40259E-05  4.62569E-01 
2.39999E+01 3.99997E-01  1.42371E-05  4.67593E-01 
2.40999E+01 4.04997E-01  1.44471E-05  4.72594E-01 
2.41999E+01 4.09997E-01  1.46613E-05  4.77612E-01 
2.42999E+01 4.14997E-01  1.48866E-05  4.82618E-01 
2.43999E+01 4.19997E-01  1.51193E-05  4.87622E-01 
2.44999E+01 4.24997E-01  1.53403E-05  4.92630E-01 
2.45999E+01 4.29997E-01  1.55514E-05  4.97621E-01 
2.46999E+01 4.34997E-01  1.57602E-05  5.02612E-01 
2.47999E+01 4.39997E-01  1.59867E-05  5.07614E-01 
2.48999E+01 4.44997E-01  1.62336E-05  5.12626E-01 
2.49999E+01 4.49997E-01  1.64811E-05  5.17631E-01 
2.50999E+01 4.54997E-01  1.67113E-05  5.22612E-01 
2.51999E+01 4.59997E-01  1.69283E-05  5.27630E-01 
2.52999E+01 4.64997E-01  1.71413E-05  5.32655E-01 
2.53999E+01 4.69997E-01  1.73513E-05  5.37640E-01 
2.54999E+01 4.74997E-01  1.75592E-05  5.42630E-01 
2.55999E+01 4.79997E-01  1.77593E-05  5.47644E-01 
2.56999E+01 4.84997E-01  1.79525E-05  5.52666E-01 
2.57999E+01 4.89997E-01  1.81407E-05  5.57655E-01 
2.58999E+01 4.94997E-01  1.83289E-05  5.62643E-01 
2.59999E+01 4.99997E-01  1.85131E-05  5.67658E-01 
2.60999E+01 5.04997E-01  1.86904E-05  5.72671E-01 
2.61999E+01 5.09997E-01  1.88539E-05  5.77679E-01 
2.62999E+01 5.14997E-01  1.90068E-05  5.82642E-01 
2.63999E+01 5.19997E-01  1.91693E-05  5.87645E-01 
2.64999E+01 5.24997E-01  1.93331E-05  5.92682E-01 
2.65999E+01 5.29997E-01  1.94937E-05  5.97659E-01 
2.66999E+01 5.34997E-01  1.96522E-05  6.02651E-01 
2.67999E+01 5.39997E-01  1.98076E-05  6.07670E-01 
2.68999E+01 5.44997E-01  1.99621E-05  6.12677E-01 
2.69999E+01 5.49997E-01  2.01063E-05  6.17667E-01 
2.70999E+01 5.54997E-01  2.02498E-05  6.22679E-01 
2.71999E+01 5.59997E-01  2.03950E-05  6.27680E-01 
2.72999E+01 5.64997E-01  2.05337E-05  6.32677E-01 
2.73999E+01 5.69997E-01  2.06702E-05  6.37721E-01 
2.74999E+01 5.74997E-01  2.08107E-05  6.42715E-01 
2.75999E+01 5.79997E-01  2.09471E-05  6.47689E-01 
2.76999E+01 5.84997E-01  2.10821E-05  6.52720E-01 
2.77999E+01 5.89997E-01  2.12640E-05  6.57732E-01 
2.78999E+01 5.94997E-01  2.14144E-05  6.62712E-01 
2.79999E+01 5.99996E-01  2.15645E-05  6.67725E-01 
2.80999E+01 6.04996E-01  2.16906E-05  6.72713E-01 
2.81999E+01 6.09996E-01  2.18060E-05  6.77711E-01 
2.82999E+01 6.14996E-01  2.19255E-05  6.82707E-01 
2.83999E+01 6.19996E-01  2.20434E-05  6.87694E-01 
2.84999E+01 6.24996E-01  2.21525E-05  6.92720E-01 
2.85999E+01 6.29996E-01  2.22659E-05  6.97722E-01 
2.86999E+01 6.34996E-01  2.23820E-05  7.02729E-01 
2.87999E+01 6.39996E-01  2.24919E-05  7.07757E-01 
2.88999E+01 6.44996E-01  2.25990E-05  7.12728E-01 
2.89999E+01 6.49996E-01  2.27026E-05  7.17725E-01 
2.90999E+01 6.54996E-01  2.28038E-05  7.22721E-01 
2.91999E+01 6.59996E-01  2.29006E-05  7.27738E-01 
2.92999E+01 6.64996E-01  2.29951E-05  7.32738E-01 
2.93999E+01 6.69996E-01  2.30875E-05  7.37739E-01 
2.94999E+01 6.74996E-01  2.31799E-05  7.42765E-01 
2.95999E+01 6.79996E-01  2.32617E-05  7.47736E-01 
2.96999E+01 6.84996E-01  2.33431E-05  7.52749E-01 
2.97999E+01 6.89996E-01  2.34216E-05  7.57747E-01 
2.98999E+01 6.94996E-01  2.34942E-05  7.62773E-01 
2.99999E+01 6.99996E-01  2.35599E-05  7.67756E-01 
3.00999E+01 7.04996E-01  2.36199E-05  7.72769E-01 
3.01999E+01 7.09996E-01  2.36783E-05  7.77770E-01 
3.02999E+01 7.14996E-01  2.37347E-05  7.82784E-01 
3.03999E+01 7.19996E-01  2.37762E-05  7.87789E-01 
3.04999E+01 7.24996E-01  2.38181E-05  7.92781E-01 
3.05999E+01 7.29996E-01  2.38437E-05  7.97806E-01 
3.06999E+01 7.34996E-01  2.38706E-05  8.02782E-01 
3.07999E+01 7.39996E-01  2.39026E-05  8.07801E-01 
3.08999E+01 7.44996E-01  2.39476E-05  8.12811E-01 
3.09999E+01 7.49996E-01  2.39382E-05  8.17812E-01 
3.10999E+01 7.54996E-01  2.39485E-05  8.22800E-01 
3.11999E+01 7.59996E-01  2.39603E-05  8.27796E-01 
3.12999E+01 7.64996E-01  2.39695E-05  8.32821E-01 
3.13999E+01 7.69996E-01  2.39821E-05  8.37829E-01 
3.14999E+01 7.74996E-01  2.40019E-05  8.42826E-01 
3.15999E+01 7.79996E-01  2.40357E-05  8.47820E-01 
3.16999E+01 7.84996E-01  2.41177E-05  8.52833E-01 
3.17999E+01 7.89996E-01  2.41405E-05  8.57834E-01 
3.18999E+01 7.94996E-01  2.42141E-05  8.62828E-01 
3.19999E+01 7.99996E-01  2.43154E-05  8.67836E-01 
3.20999E+01 8.04996E-01  2.44194E-05  8.72851E-01 
3.21999E+01 8.09996E-01  2.45091E-05  8.77865E-01 
3.22999E+01 8.14996E-01  2.45771E-05  8.82869E-01 
3.23999E+01 8.19996E-01  2.46702E-05  8.87837E-01 
3.24999E+01 8.24996E-01  2.47976E-05  8.92850E-01 
3.25999E+01 8.29996E-01  2.49525E-05  8.97872E-01 
3.26999E+01 8.34996E-01  2.51044E-05  9.02856E-01 
3.27999E+01 8.39996E-01  2.52258E-05  9.07866E-01 
3.28999E+01 8.44996E-01  2.52925E-05  9.12863E-01 
3.29999E+01 8.49996E-01  2.53821E-05  9.17871E-01 
3.30999E+01 8.54996E-01  2.54226E-05  9.22851E-01 
3.31999E+01 8.59996E-01  2.55850E-05  9.27837E-01 
3.32999E+01 8.64996E-01  2.55207E-05  9.32869E-01 
3.33999E+01 8.69996E-01  2.55238E-05  9.37864E-01 
3.34999E+01 8.74996E-01  2.55356E-05  9.42891E-01 
3.35999E+01 8.79996E-01  2.55439E-05  9.47891E-01 
3.36999E+01 8.84996E-01  2.55159E-05  9.52886E-01 
3.37999E+01 8.89996E-01  2.55083E-05  9.57896E-01 
3.38999E+01 8.94996E-01  2.55431E-05  9.62882E-01 
3.39999E+01 8.99996E-01  2.55487E-05  9.67895E-01 
3.40999E+01 9.04996E-01  2.55631E-05  9.72911E-01 
3.41999E+01 9.09996E-01  2.55513E-05  9.77891E-01 
3.42999E+01 9.14996E-01  2.55893E-05  9.82898E-01 
3.43999E+01 9.19996E-01  2.56772E-05  9.87911E-01 
3.44999E+01 9.24996E-01  2.56755E-05  9.92913E-01 
3.45999E+01 9.29996E-01  2.57018E-05  9.97894E-01 
3.46999E+01 9.34996E-01  2.57685E-05  1.00287E+00 
3.47999E+01 9.39996E-01  2.58595E-05  1.00791E+00 
3.48999E+01 9.44996E-01  2.59736E-05  1.01291E+00 
3.49999E+01 9.49996E-01  2.60679E-05  1.01791E+00 
3.50999E+01 9.54996E-01  2.61990E-05  1.02288E+00 
3.51999E+01 9.59996E-01  2.63015E-05  1.02791E+00 
3.52999E+01 9.64996E-01  2.66974E-05  1.03293E+00 
3.53999E+01 9.69996E-01  2.67052E-05  1.03791E+00 
3.54999E+01 9.74996E-01  2.67672E-05  1.04291E+00 
3.55999E+01 9.79996E-01  2.69371E-05  1.04794E+00 
3.56999E+01 9.84996E-01  2.71792E-05  1.05294E+00 
3.57999E+01 9.89996E-01  2.74047E-05  1.05792E+00 
3.58999E+01 9.94996E-01  2.76642E-05  1.06291E+00 
3.59999E+01 9.99995E-01  2.80341E-05  1.06793E+00 
3.60999E+01 1.00500E+00  2.87325E-05  1.07294E+00 
3.61999E+01 1.01000E+00  2.87034E-05  1.07796E+00 
3.62999E+01 1.01500E+00  2.89710E-05  1.08292E+00 
3.63999E+01 1.02000E+00  2.94774E-05  1.08795E+00 
3.64999E+01 1.02500E+00  3.02808E-05  1.09297E+00 
3.65999E+01 1.03000E+00  3.05232E-05  1.09795E+00 
3.66999E+01 1.03500E+00  3.08513E-05  1.10297E+00 
3.67999E+01 1.04000E+00  3.12112E-05  1.10798E+00 
3.68999E+01 1.04500E+00  3.21171E-05  1.11296E+00 
3.69999E+01 1.05000E+00  3.22968E-05  1.11798E+00 
3.70999E+01 1.05500E+00  3.27810E-05  1.12299E+00 
3.71999E+01 1.06000E+00  3.32605E-05  1.12802E+00 
3.72999E+01 1.06500E+00  3.38230E-05  1.13300E+00 
3.73999E+01 1.07000E+00  3.44700E-05  1.13800E+00 
3.74999E+01 1.07500E+00  3.51212E-05  1.14302E+00 
3.75999E+01 1.08000E+00  3.56686E-05  1.14802E+00 
3.76999E+01 1.08500E+00  3.63299E-05  1.15303E+00 
3.77999E+01 1.09000E+00  3.69356E-05  1.15800E+00 
3.78999E+01 1.09500E+00  3.75728E-05  1.16302E+00 
3.79999E+01 1.10000E+00  3.82291E-05  1.16804E+00 
3.80999E+01 1.10500E+00  3.88797E-05  1.17303E+00 
3.81999E+01 1.11000E+00  3.95168E-05  1.17801E+00 
3.82999E+01 1.11500E+00  4.01584E-05  1.18304E+00 
3.83999E+01 1.12000E+00  4.08201E-05  1.18804E+00 
3.84999E+01 1.12500E+00  4.14773E-05  1.19303E+00 
3.85999E+01 1.13000E+00  4.21406E-05  1.19801E+00 
3.86999E+01 1.13500E+00  4.28462E-05  1.20303E+00 
3.87999E+01 1.14000E+00  4.35217E-05  1.20805E+00 
3.88999E+01 1.14500E+00  4.41834E-05  1.21304E+00 
3.89999E+01 1.15000E+00  4.48881E-05  1.21803E+00 
3.90999E+01 1.15500E+00  4.56039E-05  1.22303E+00 
3.91999E+01 1.16000E+00  4.63365E-05  1.22803E+00 
3.92999E+01 1.16500E+00  4.70939E-05  1.23305E+00 
3.93999E+01 1.17000E+00  4.78795E-05  1.23804E+00 
3.94999E+01 1.17500E+00  4.86782E-05  1.24305E+00 
3.95999E+01 1.18000E+00  4.94778E-05  1.24804E+00 
3.96999E+01 1.18500E+00  5.03057E-05  1.25305E+00 
3.97999E+01 1.19000E+00  5.10775E-05  1.25806E+00 
3.98999E+01 1.19500E+00  5.18254E-05  1.26305E+00 
3.99999E+01 1.19999E+00  5.26416E-05  1.26804E+00 
4.00999E+01 1.20499E+00  5.35043E-05  1.27307E+00 
4.01999E+01 1.20999E+00  5.43204E-05  1.27808E+00 
4.02999E+01 1.21499E+00  5.51604E-05  1.28306E+00 
4.03999E+01 1.21999E+00  5.60413E-05  1.28808E+00 
4.04999E+01 1.22499E+00  5.69037E-05  1.29308E+00 
4.05999E+01 1.22999E+00  5.77905E-05  1.29811E+00 
4.06999E+01 1.23499E+00  5.86582E-05  1.30311E+00 
4.07999E+01 1.23999E+00  5.95464E-05  1.30808E+00 
4.08999E+01 1.24499E+00  6.04617E-05  1.31310E+00 
4.09999E+01 1.24999E+00  6.13932E-05  1.31810E+00 
4.10999E+01 1.25499E+00  6.23510E-05  1.32311E+00 
4.11999E+01 1.25999E+00  6.33002E-05  1.32809E+00 
4.12999E+01 1.26499E+00  6.42458E-05  1.33312E+00 
4.13999E+01 1.26999E+00  6.52057E-05  1.33812E+00 
4.14999E+01 1.27499E+00  6.61675E-05  1.34311E+00 
4.15999E+01 1.27999E+00  6.71638E-05  1.34810E+00 
4.16999E+01 1.28499E+00  6.81693E-05  1.35311E+00 
4.17999E+01 1.28999E+00  6.92037E-05  1.35813E+00 
4.18999E+01 1.29499E+00  7.02488E-05  1.36312E+00 
4.19999E+01 1.29999E+00  7.13301E-05  1.36812E+00 
4.20999E+01 1.30499E+00  7.24324E-05  1.37312E+00 
4.21999E+01 1.30999E+00  7.35686E-05  1.37813E+00 
4.22999E+01 1.31499E+00  7.47236E-05  1.38312E+00 
4.23999E+01 1.31999E+00  7.59032E-05  1.38813E+00 
4.24999E+01 1.32499E+00  7.71147E-05  1.39312E+00 
4.25999E+01 1.32999E+00  7.84107E-05  1.39813E+00 
4.26999E+01 1.33499E+00  7.97712E-05  1.40313E+00 
4.27999E+01 1.33999E+00  8.10756E-05  1.40814E+00 
4.28999E+01 1.34499E+00  8.30809E-05  1.41314E+00 
4.29999E+01 1.34999E+00  8.43223E-05  1.41815E+00 
4.30999E+01 1.35499E+00  8.57661E-05  1.42315E+00 
4.31999E+01 1.35999E+00  8.73575E-05  1.42816E+00 
4.32999E+01 1.36499E+00  8.89896E-05  1.43316E+00 
4.33999E+01 1.36999E+00  9.06695E-05  1.43819E+00 
4.34999E+01 1.37499E+00  9.24033E-05  1.44320E+00 
4.35999E+01 1.37999E+00  9.41660E-05  1.44820E+00 
4.36999E+01 1.38499E+00  9.59966E-05  1.45321E+00 
4.37999E+01 1.38999E+00  9.78514E-05  1.45817E+00 
4.38999E+01 1.39499E+00  9.97162E-05  1.46320E+00 
4.39999E+01 1.39999E+00  1.01606E-04  1.46820E+00 
4.40999E+01 1.40499E+00  1.03516E-04  1.47321E+00 
4.41999E+01 1.40999E+00  1.05459E-04  1.47820E+00 
4.42999E+01 1.41499E+00  1.07431E-04  1.48318E+00 
4.43999E+01 1.41999E+00  1.09401E-04  1.48819E+00 
4.44999E+01 1.42499E+00  1.11405E-04  1.49321E+00 
4.45999E+01 1.42999E+00  1.13417E-04  1.49819E+00 
4.46999E+01 1.43499E+00  1.15480E-04  1.50319E+00 
4.47999E+01 1.43999E+00  1.17570E-04  1.50820E+00 
4.48999E+01 1.44499E+00  1.19977E-04  1.51322E+00 
4.49999E+01 1.44999E+00  1.21925E-04  1.51821E+00 
4.50999E+01 1.45499E+00  1.24058E-04  1.52319E+00 
4.51999E+01 1.45999E+00  1.26285E-04  1.52822E+00 
4.52999E+01 1.46499E+00  1.28395E-04  1.53322E+00 
4.53999E+01 1.46999E+00  1.30601E-04  1.53821E+00 
4.54999E+01 1.47499E+00  1.32930E-04  1.54322E+00 
4.55999E+01 1.47999E+00  1.35309E-04  1.54820E+00 
4.56999E+01 1.48499E+00  1.37732E-04  1.55322E+00 
4.57999E+01 1.48999E+00  1.40314E-04  1.55822E+00 
4.58999E+01 1.49499E+00  1.42887E-04  1.56321E+00 
4.59999E+01 1.49999E+00  1.45532E-04  1.56821E+00 
4.60999E+01 1.50499E+00  1.48262E-04  1.57322E+00 
4.61999E+01 1.50999E+00  1.51085E-04  1.57822E+00 
4.62999E+01 1.51499E+00  1.54067E-04  1.58324E+00 
4.63999E+01 1.51999E+00  1.57069E-04  1.58824E+00 
4.64999E+01 1.52499E+00  1.60089E-04  1.59321E+00 
4.65999E+01 1.52999E+00  1.63262E-04  1.59822E+00 
4.66999E+01 1.53499E+00  1.66479E-04  1.60324E+00 
4.67999E+01 1.53999E+00  1.69765E-04  1.60825E+00 
4.68999E+01 1.54499E+00  1.73140E-04  1.61323E+00 
4.69999E+01 1.54999E+00  1.76600E-04  1.61825E+00 
4.70999E+01 1.55499E+00  1.80192E-04  1.62322E+00 
4.71999E+01 1.55999E+00  1.83694E-04  1.62825E+00 
4.72999E+01 1.56499E+00  1.87476E-04  1.63325E+00 
4.73999E+01 1.56999E+00  1.91159E-04  1.63823E+00 
4.74999E+01 1.57499E+00  1.94939E-04  1.64326E+00 
4.75999E+01 1.57999E+00  1.98726E-04  1.64826E+00 
4.76999E+01 1.58499E+00  2.02451E-04  1.65327E+00 
4.77999E+01 1.58999E+00  2.06339E-04  1.65826E+00 
4.78999E+01 1.59499E+00  2.10211E-04  1.66328E+00 
4.79999E+01 1.59999E+00  2.14567E-04  1.66829E+00 
4.80999E+01 1.60499E+00  2.18380E-04  1.67329E+00 
4.81999E+01 1.60999E+00  2.22304E-04  1.67825E+00 
4.82999E+01 1.61499E+00  2.26128E-04  1.68327E+00 
4.83999E+01 1.61999E+00  2.30068E-04  1.68831E+00 
4.84999E+01 1.62499E+00  2.34108E-04  1.69329E+00 
4.85999E+01 1.62999E+00  2.38190E-04  1.69829E+00 
4.86999E+01 1.63499E+00  2.42320E-04  1.70329E+00 
4.87999E+01 1.63999E+00  2.46507E-04  1.70829E+00 
4.88999E+01 1.64499E+00  2.50633E-04  1.71331E+00 
4.89999E+01 1.64999E+00  2.54534E-04  1.71830E+00 
4.90999E+01 1.65499E+00  2.58330E-04  1.72330E+00 
4.91999E+01 1.65999E+00  2.62056E-04  1.72831E+00 
4.92999E+01 1.66499E+00  2.65822E-04  1.73332E+00 
4.93999E+01 1.66999E+00  2.69693E-04  1.73831E+00 
4.94999E+01 1.67499E+00  2.73536E-04  1.74333E+00 
4.95999E+01 1.67999E+00  2.77370E-04  1.74831E+00 
4.96999E+01 1.68499E+00  2.81165E-04  1.75332E+00 
4.97999E+01 1.68999E+00  2.84760E-04  1.75834E+00 
4.98999E+01 1.69499E+00  2.88368E-04  1.76334E+00 
4.99999E+01 1.69999E+00  2.91960E-04  1.76833E+00 
5.00999E+01 1.70499E+00  2.95572E-04  1.77330E+00 
5.01999E+01 1.70999E+00  2.99218E-04  1.77835E+00 
5.02999E+01 1.71499E+00  3.02727E-04  1.78336E+00 
5.03999E+01 1.71999E+00  3.06147E-04  1.78836E+00 
5.04999E+01 1.72499E+00  3.09353E-04  1.79335E+00 
5.05999E+01 1.72999E+00  3.12630E-04  1.79832E+00 
5.06999E+01 1.73499E+00  3.15864E-04  1.80335E+00 
5.07999E+01 1.73999E+00  3.19071E-04  1.80836E+00 
5.08999E+01 1.74499E+00  3.22173E-04  1.81337E+00 
5.09999E+01 1.74999E+00  3.25301E-04  1.81835E+00 
5.10999E+01 1.75499E+00  3.28367E-04  1.82337E+00 
5.11999E+01 1.75999E+00  3.31364E-04  1.82838E+00 
5.12999E+01 1.76499E+00  3.34251E-04  1.83338E+00 
5.13999E+01 1.76999E+00  3.37195E-04  1.83835E+00 
5.14999E+01 1.77499E+00  3.40075E-04  1.84338E+00 
5.15999E+01 1.77999E+00  3.42875E-04  1.84840E+00 
5.16999E+01 1.78499E+00  3.45716E-04  1.85337E+00 
5.17999E+01 1.78999E+00  3.48542E-04  1.85838E+00 
5.18999E+01 1.79499E+00  3.51102E-04  1.86340E+00 
5.19999E+01 1.79999E+00  3.53742E-04  1.86839E+00 
5.20999E+01 1.79499E+00  3.45696E-04  1.86337E+00 
5.21999E+01 1.78999E+00  3.38015E-04  1.85838E+00 
5.22999E+01 1.78499E+00  3.30587E-04  1.85338E+00 
5.23999E+01 1.77999E+00  3.23267E-04  1.84837E+00 
5.24999E+01 1.77499E+00  3.16243E-04  1.84338E+00 
5.25999E+01 1.76999E+00  3.09267E-04  1.83837E+00 
5.26999E+01 1.76499E+00  3.02473E-04  1.83337E+00 
5.27999E+01 1.75999E+00  2.95845E-04  1.82838E+00 
5.28999E+01 1.75499E+00  2.89291E-04  1.82337E+00 
5.29999E+01 1.74999E+00  2.82916E-04  1.81834E+00 
5.30999E+01 1.74499E+00  2.76712E-04  1.81338E+00 
5.31999E+01 1.73999E+00  2.70521E-04  1.80835E+00 
5.32999E+01 1.73499E+00  2.64560E-04  1.80336E+00 
5.33999E+01 1.72999E+00  2.58711E-04  1.79834E+00 
5.34999E+01 1.72499E+00  2.52997E-04  1.79333E+00 
5.35999E+01 1.71999E+00  2.47334E-04  1.78835E+00 
5.36999E+01 1.71499E+00  2.41742E-04  1.78336E+00 
5.37999E+01 1.70999E+00  2.36492E-04  1.77833E+00 
5.38999E+01 1.70499E+00  2.31076E-04  1.77331E+00 
5.39999E+01 1.69999E+00  2.25898E-04  1.76836E+00 
5.40999E+01 1.69499E+00  2.20757E-04  1.76336E+00 
5.41999E+01 1.68999E+00  2.15859E-04  1.75835E+00 
5.42999E+01 1.68499E+00  2.11269E-04  1.75335E+00 
5.43999E+01 1.67999E+00  2.06101E-04  1.74834E+00 
5.44999E+01 1.67499E+00  2.01317E-04  1.74333E+00 
5.45999E+01 1.66999E+00  1.96693E-04  1.73831E+00 
5.46999E+01 1.66499E+00  1.92135E-04  1.73333E+00 
5.47999E+01 1.65999E+00  1.87695E-04  1.72832E+00 
5.48999E+01 1.65499E+00  1.83293E-04  1.72330E+00 
5.49999E+01 1.64999E+00  1.78976E-04  1.71828E+00 
5.50999E+01 1.64499E+00  1.74799E-04  1.71329E+00 
5.51999E+01 1.63999E+00  1.70622E-04  1.70830E+00 
5.52999E+01 1.63499E+00  1.66564E-04  1.70329E+00 
5.53999E+01 1.62999E+00  1.62532E-04  1.69829E+00 
5.54999E+01 1.62499E+00  1.58589E-04  1.69329E+00 
5.55999E+01 1.61999E+00  1.54695E-04  1.68830E+00 
5.56999E+01 1.61499E+00  1.50882E-04  1.68328E+00 
5.57999E+01 1.60999E+00  1.47149E-04  1.67826E+00 
5.58999E+01 1.60499E+00  1.43482E-04  1.67328E+00 
5.59999E+01 1.59999E+00  1.39872E-04  1.66827E+00 
5.60999E+01 1.59499E+00  1.36328E-04  1.66328E+00 
5.61999E+01 1.58999E+00  1.32856E-04  1.65826E+00 
5.62999E+01 1.58499E+00  1.29400E-04  1.65327E+00 
5.63999E+01 1.57999E+00  1.26020E-04  1.64827E+00 
5.64999E+01 1.57499E+00  1.22683E-04  1.64325E+00 
5.65999E+01 1.56999E+00  1.19431E-04  1.63825E+00 
5.66999E+01 1.56499E+00  1.16261E-04  1.63327E+00 
5.67999E+01 1.55999E+00  1.13108E-04  1.62827E+00 
5.68999E+01 1.55499E+00  1.10022E-04  1.62325E+00 
5.69999E+01 1.54999E+00  1.06989E-04  1.61823E+00 
5.70999E+01 1.54499E+00  1.04361E-04  1.61325E+00 
5.71999E+01 1.53999E+00  1.01069E-04  1.60825E+00 
5.72999E+01 1.53499E+00  9.81673E-05  1.60325E+00 
5.73999E+01 1.52999E+00  9.53671E-05  1.59825E+00 
5.74999E+01 1.52499E+00  9.26241E-05  1.59325E+00 
5.75999E+01 1.51999E+00  8.98879E-05  1.58824E+00 
5.76999E+01 1.51499E+00  8.72129E-05  1.58323E+00 
5.77999E+01 1.50999E+00  8.45845E-05  1.57823E+00 
5.78999E+01 1.50499E+00  8.19895E-05  1.57321E+00 
5.79999E+01 1.49999E+00  7.94464E-05  1.56821E+00 
5.80999E+01 1.49499E+00  7.69897E-05  1.56321E+00 
5.81999E+01 1.48999E+00  7.45908E-05  1.55821E+00 
5.82999E+01 1.48499E+00  7.22721E-05  1.55322E+00 
5.83999E+01 1.47999E+00  6.99292E-05  1.54821E+00 
5.84999E+01 1.47499E+00  6.76894E-05  1.54321E+00 
5.85999E+01 1.46999E+00  6.55154E-05  1.53819E+00 
5.86999E+01 1.46499E+00  6.32714E-05  1.53322E+00 
5.87999E+01 1.45999E+00  6.11578E-05  1.52820E+00 
5.88999E+01 1.45499E+00  5.90617E-05  1.52321E+00 
5.89999E+01 1.44999E+00  5.70578E-05  1.51820E+00 
5.90999E+01 1.44499E+00  5.51036E-05  1.51321E+00 
5.91999E+01 1.43999E+00  5.31867E-05  1.50820E+00 
5.92999E+01 1.43499E+00  5.13452E-05  1.50319E+00 
5.93999E+01 1.42999E+00  4.95075E-05  1.49817E+00 
5.94999E+01 1.42499E+00  4.77345E-05  1.49319E+00 
5.95999E+01 1.41999E+00  4.60067E-05  1.48820E+00 
5.96999E+01 1.41499E+00  4.43294E-05  1.48320E+00 
5.97999E+01 1.40999E+00  4.26805E-05  1.47819E+00 
5.98999E+01 1.40499E+00  4.11791E-05  1.47320E+00 
5.99998E+01 1.39999E+00  3.95787E-05  1.46820E+00 
6.00998E+01 1.39499E+00  3.80901E-05  1.46318E+00 
6.01998E+01 1.38999E+00  3.66421E-05  1.45820E+00 
6.02998E+01 1.38499E+00  3.48449E-05  1.45319E+00 
6.03998E+01 1.37999E+00  3.35145E-05  1.44819E+00 
6.04998E+01 1.37499E+00  3.22141E-05  1.44316E+00 
6.05998E+01 1.36999E+00  3.09644E-05  1.43818E+00 
6.06998E+01 1.36499E+00  2.97467E-05  1.43316E+00 
6.07998E+01 1.35999E+00  2.85845E-05  1.42816E+00 
6.08998E+01 1.35499E+00  2.74671E-05  1.42313E+00 
6.09998E+01 1.34999E+00  2.63980E-05  1.41815E+00 
6.10998E+01 1.34499E+00  2.53638E-05  1.41312E+00 
6.11998E+01 1.33999E+00  2.43657E-05  1.40812E+00 
6.12998E+01 1.33499E+00  2.34127E-05  1.40311E+00 
6.13998E+01 1.32999E+00  2.25136E-05  1.39814E+00 
6.14998E+01 1.32499E+00  2.16315E-05  1.39312E+00 
6.15998E+01 1.31999E+00  2.08015E-05  1.38810E+00 
6.16998E+01 1.31499E+00  2.00149E-05  1.38310E+00 
6.17998E+01 1.30999E+00  1.92574E-05  1.37811E+00 
6.18998E+01 1.30499E+00  1.85349E-05  1.37311E+00 
6.19998E+01 1.29999E+00  1.78413E-05  1.36809E+00 
6.20998E+01 1.29499E+00  1.71853E-05  1.36312E+00 
6.21998E+01 1.28999E+00  1.65551E-05  1.35810E+00 
6.22998E+01 1.28499E+00  1.59609E-05  1.35311E+00 
6.23998E+01 1.27999E+00  1.53979E-05  1.34809E+00 
6.24998E+01 1.27499E+00  1.48656E-05  1.34310E+00 
6.25998E+01 1.26999E+00  1.43495E-05  1.33810E+00 
6.26998E+01 1.26499E+00  1.38655E-05  1.33310E+00 
6.27998E+01 1.25999E+00  1.34208E-05  1.32808E+00 
6.28998E+01 1.25499E+00  1.29871E-05  1.32309E+00 
6.29998E+01 1.24999E+00  1.25780E-05  1.31810E+00 
6.30998E+01 1.24499E+00  1.21954E-05  1.31310E+00 
6.31998E+01 1.23999E+00  1.18384E-05  1.30807E+00 
6.32998E+01 1.23499E+00  1.15013E-05  1.30309E+00 
6.33998E+01 1.22999E+00  1.11802E-05  1.29809E+00 
6.34998E+01 1.22499E+00  1.08783E-05  1.29308E+00 
6.35998E+01 1.21999E+00  1.05864E-05  1.28808E+00 
6.36998E+01 1.21499E+00  1.03123E-05  1.28309E+00 
6.37998E+01 1.20999E+00  1.00561E-05  1.27811E+00 
6.38998E+01 1.20499E+00  9.82071E-06  1.27308E+00 
6.39998E+01 1.19999E+00  9.60386E-06  1.26808E+00 
6.40998E+01 1.19500E+00  9.36882E-06  1.26307E+00 
6.41998E+01 1.19000E+00  9.16987E-06  1.25808E+00 
6.42998E+01 1.18500E+00  8.97124E-06  1.25309E+00 
6.43998E+01 1.18000E+00  8.78711E-06  1.24808E+00 
6.44998E+01 1.17500E+00  8.61735E-06  1.24305E+00 
6.45998E+01 1.17000E+00  8.45354E-06  1.23806E+00 
6.46998E+01 1.16500E+00  8.30073E-06  1.23307E+00 
6.47998E+01 1.16000E+00  8.15354E-06  1.22806E+00 
6.48998E+01 1.15500E+00  8.04599E-06  1.22304E+00 
6.49998E+01 1.15000E+00  7.90165E-06  1.21806E+00 
6.50998E+01 1.14500E+00  7.76086E-06  1.21305E+00 
6.51998E+01 1.14000E+00  7.64084E-06  1.20804E+00 
6.52998E+01 1.13500E+00  7.53539E-06  1.20305E+00 
6.53998E+01 1.13000E+00  7.48315E-06  1.19804E+00 
6.54998E+01 1.12500E+00  7.34241E-06  1.19304E+00 
6.55998E+01 1.12000E+00  7.22614E-06  1.18806E+00 
6.56998E+01 1.11500E+00  7.12831E-06  1.18303E+00 
6.57998E+01 1.11000E+00  7.03099E-06  1.17802E+00 
6.58998E+01 1.10500E+00  6.94638E-06  1.17303E+00 
6.59998E+01 1.10000E+00  6.86295E-06  1.16803E+00 
6.60998E+01 1.09500E+00  6.77970E-06  1.16303E+00 
6.61998E+01 1.09000E+00  6.70544E-06  1.15802E+00 
6.62998E+01 1.08500E+00  6.63581E-06  1.15302E+00 
6.63998E+01 1.08000E+00  6.56597E-06  1.14803E+00 
6.64998E+01 1.07500E+00  6.49284E-06  1.14302E+00 
6.65998E+01 1.07000E+00  6.43228E-06  1.13799E+00 
6.66998E+01 1.06500E+00  6.36752E-06  1.13302E+00 
6.67998E+01 1.06000E+00  6.30374E-06  1.12804E+00 
6.68998E+01 1.05500E+00  6.24953E-06  1.12301E+00 
6.69998E+01 1.05000E+00  6.17754E-06  1.11800E+00 
6.70998E+01 1.04500E+00  6.14328E-06  1.11298E+00 
6.71998E+01 1.04000E+00  6.06825E-06  1.10799E+00 
6.72998E+01 1.03500E+00  6.01743E-06  1.10297E+00 
6.73998E+01 1.03000E+00  5.94945E-06  1.09797E+00 
6.74998E+01 1.02500E+00  5.90496E-06  1.09296E+00 
6.75998E+01 1.02000E+00  5.85122E-06  1.08795E+00 
6.76998E+01 1.01500E+00  5.80021E-06  1.08295E+00 
6.77998E+01 1.01000E+00  5.74107E-06  1.07795E+00 
6.78998E+01 1.00500E+00  5.71148E-06  1.07296E+00 
6.79998E+01 9.99995E-01  5.65324E-06  1.06794E+00 
6.80998E+01 9.94996E-01  5.59668E-06  1.06295E+00 
6.81998E+01 9.89996E-01  5.54962E-06  1.05793E+00 
6.82998E+01 9.84996E-01  5.50058E-06  1.05294E+00 
6.83998E+01 9.79996E-01  5.46529E-06  1.04794E+00 
6.84998E+01 9.74996E-01  5.39713E-06  1.04294E+00 
6.85998E+01 9.69996E-01  5.35857E-06  1.03792E+00 
6.86998E+01 9.64996E-01  5.37821E-06  1.03298E+00 
6.87998E+01 9.59996E-01  5.27731E-06  1.02794E+00 
6.88998E+01 9.54996E-01  5.22095E-06  1.02293E+00 
6.89998E+01 9.49996E-01  5.18019E-06  1.01794E+00 
6.90998E+01 9.44996E-01  5.13075E-06  1.01293E+00 
6.91998E+01 9.39996E-01  5.08591E-06  1.00793E+00 
6.92998E+01 9.34996E-01  5.04609E-06  1.00292E+00 
6.93998E+01 9.29996E-01  5.00278E-06  9.97916E-01 
6.94998E+01 9.24996E-01  4.96146E-06  9.92930E-01 
6.95998E+01 9.19996E-01  4.92245E-06  9.87917E-01 
6.96998E+01 9.14996E-01  4.87878E-06  9.82909E-01 
6.97998E+01 9.09996E-01  4.85209E-06  9.77916E-01 
6.98998E+01 9.04996E-01  4.79963E-06  9.72927E-01 
6.99998E+01 8.99996E-01  4.75314E-06  9.67915E-01 
7.00998E+01 8.94996E-01  4.70548E-06  9.62900E-01 
7.01998E+01 8.89996E-01  4.65796E-06  9.57907E-01 
7.02998E+01 8.84996E-01  4.61692E-06  9.52878E-01 
7.03998E+01 8.79996E-01  4.57351E-06  9.47919E-01 
7.04998E+01 8.74996E-01  4.53097E-06  9.42915E-01 
7.05998E+01 8.69996E-01  4.49328E-06  9.37895E-01 
7.06998E+01 8.64996E-01  4.44504E-06  9.32895E-01 
7.07998E+01 8.59996E-01  4.40090E-06  9.27880E-01 
7.08998E+01 8.54996E-01  4.35214E-06  9.22896E-01 
7.09998E+01 8.49996E-01  4.30477E-06  9.17882E-01 
7.10998E+01 8.44996E-01  4.25753E-06  9.12897E-01 
7.11998E+01 8.39996E-01  4.21150E-06  9.07889E-01 
7.12998E+01 8.34996E-01  4.16568E-06  9.02894E-01 
7.13998E+01 8.29996E-01  4.12432E-06  8.97921E-01 
7.14998E+01 8.24996E-01  4.07558E-06  8.92883E-01 
7.15998E+01 8.19996E-01  4.02777E-06  8.87848E-01 
7.16998E+01 8.14996E-01  3.96826E-06  8.82864E-01 
7.17998E+01 8.09996E-01  4.14146E-06  8.77884E-01 
7.18998E+01 8.04996E-01  4.06069E-06  8.72862E-01 
7.19998E+01 7.99996E-01  3.95044E-06  8.67849E-01 
7.20998E+01 7.94996E-01  3.84709E-06  8.62851E-01 
7.21998E+01 7.89996E-01  3.75503E-06  8.57867E-01 
7.22998E+01 7.84996E-01  3.67892E-06  8.52851E-01 
7.23998E+01 7.79996E-01  3.60942E-06  8.47860E-01 
7.24998E+01 7.74996E-01  3.54585E-06  8.42851E-01 
7.25998E+01 7.69996E-01  3.48771E-06  8.37877E-01 
7.26998E+01 7.64996E-01  3.42971E-06  8.32864E-01 
7.27998E+01 7.59996E-01  3.36718E-06  8.27849E-01 
7.28998E+01 7.54996E-01  3.31491E-06  8.22851E-01 
7.29998E+01 7.49996E-01  3.25936E-06  8.17869E-01 
7.30998E+01 7.44996E-01  3.20106E-06  8.12840E-01 
7.31998E+01 7.39996E-01  3.14303E-06  8.07847E-01 
7.32998E+01 7.34996E-01  3.08448E-06  8.02832E-01 
7.33998E+01 7.29996E-01  3.02445E-06  7.97831E-01 
7.34998E+01 7.24996E-01  2.96519E-06  7.92793E-01 
7.35998E+01 7.19996E-01  2.90231E-06  7.87816E-01 
7.36998E+01 7.14996E-01  2.84081E-06  7.82786E-01 
7.37998E+01 7.09996E-01  2.78128E-06  7.77782E-01 
7.38998E+01 7.04996E-01  2.71663E-06  7.72762E-01 
7.39998E+01 6.99996E-01  2.65493E-06  7.67783E-01 
7.40998E+01 6.94996E-01  2.58987E-06  7.62795E-01 
7.41998E+01 6.89996E-01  2.52305E-06  7.57797E-01 
7.42998E+01 6.84996E-01  2.45878E-06  7.52774E-01 
7.43998E+01 6.79996E-01  2.39024E-06  7.47773E-01 
7.44998E+01 6.74996E-01  2.32254E-06  7.42787E-01 
7.45998E+01 6.69996E-01  2.25342E-06  7.37795E-01 
7.46998E+01 6.64996E-01  2.17965E-06  7.32744E-01 
7.47998E+01 6.59996E-01  2.11259E-06  7.27739E-01 
7.48998E+01 6.54996E-01  2.03762E-06  7.22752E-01 
7.49998E+01 6.49996E-01  1.96118E-06  7.17754E-01 
7.50998E+01 6.44996E-01  1.88769E-06  7.12748E-01 
7.51998E+01 6.39996E-01  1.81328E-06  7.07750E-01 
7.52998E+01 6.34996E-01  1.73603E-06  7.02754E-01 
7.53998E+01 6.29996E-01  1.65562E-06  6.97768E-01 
7.54998E+01 6.24996E-01  1.57375E-06  6.92755E-01 
7.55998E+01 6.19996E-01  1.49357E-06  6.87727E-01 
7.56998E+01 6.14996E-01  1.40902E-06  6.82745E-01 
7.57998E+01 6.09996E-01  1.32049E-06  6.77744E-01 
7.58998E+01 6.04996E-01  1.23536E-06  6.72754E-01 
7.59998E+01 5.99996E-01  1.15063E-06  6.67734E-01 
7.60998E+01 5.94997E-01  1.05309E-06  6.62737E-01 
7.61998E+01 5.89997E-01  9.70054E-07  6.57752E-01 
7.62998E+01 5.84997E-01  8.89837E-07  6.52759E-01 
7.63998E+01 5.79997E-01  7.97476E-07  6.47759E-01 
7.64998E+01 5.74997E-01  6.96521E-07  6.42757E-01 
7.65998E+01 5.69997E-01  5.81701E-07  6.37749E-01 
7.66998E+01 5.64997E-01  4.99563E-07  6.32725E-01 
7.67998E+01 5.59997E-01  4.05178E-07  6.27717E-01 
7.68998E+01 5.54997E-01  3.04018E-07  6.22723E-01 
7.69998E+01 5.49997E-01  2.10503E-07  6.17733E-01 
7.70998E+01 5.44997E-01  1.02605E-07  6.12733E-01 
7.71998E+01 5.39997E-01  -2.45535E-08 6.07722E-01 
7.72998E+01 5.34997E-01  -1.18631E-07 6.02697E-01 
7.73998E+01 5.29997E-01  -2.13223E-07 5.97713E-01 
7.74998E+01 5.24997E-01  -3.11457E-07 5.92712E-01 
7.75998E+01 5.19997E-01  -4.19860E-07 5.87700E-01 
7.76998E+01 5.14997E-01  -5.26666E-07 5.82687E-01 
7.77998E+01 5.09997E-01  -6.50535E-07 5.77695E-01 
7.78998E+01 5.04997E-01  -7.50353E-07 5.72703E-01 
7.79998E+01 4.99997E-01  -8.59947E-07 5.67703E-01 
7.80998E+01 4.94997E-01  -9.67135E-07 5.62686E-01 
7.81998E+01 4.89997E-01  -1.08919E-06 5.57705E-01 
7.82998E+01 4.84997E-01  -1.21078E-06 5.52705E-01 
7.83998E+01 4.79997E-01  -1.33661E-06 5.47705E-01 
7.84998E+01 4.74997E-01  -1.44662E-06 5.42677E-01 
7.85998E+01 4.69997E-01  -1.57809E-06 5.37687E-01 
7.86998E+01 4.64997E-01  -1.70974E-06 5.32681E-01 
7.87998E+01 4.59997E-01  -1.84602E-06 5.27684E-01 
7.88998E+01 4.54997E-01  -1.98605E-06 5.22670E-01 
7.89998E+01 4.49997E-01  -2.13030E-06 5.17656E-01 
7.90998E+01 4.44997E-01  -2.28158E-06 5.12683E-01 
7.91998E+01 4.39997E-01  -2.42099E-06 5.07671E-01 
7.92998E+01 4.34997E-01  -2.57624E-06 5.02645E-01 
7.93998E+01 4.29997E-01  -2.74223E-06 4.97641E-01 
7.94998E+01 4.24997E-01  -2.89874E-06 4.92651E-01 
7.95998E+01 4.19997E-01  -3.06210E-06 4.87662E-01 
7.96998E+01 4.14997E-01  -3.22580E-06 4.82640E-01 
7.97998E+01 4.09997E-01  -3.39703E-06 4.77633E-01 
7.98998E+01 4.04997E-01  -3.56480E-06 4.72611E-01 
7.99998E+01 3.99997E-01  -3.73863E-06 4.67608E-01 
8.00998E+01 3.94997E-01  -3.92951E-06 4.62615E-01 
8.01998E+01 3.89997E-01  -4.11081E-06 4.57633E-01 
8.02998E+01 3.84997E-01  -4.29498E-06 4.52619E-01 
8.03998E+01 3.79997E-01  -4.48276E-06 4.47593E-01 
8.04998E+01 3.74997E-01  -4.67991E-06 4.42604E-01 
8.05998E+01 3.69997E-01  -4.87303E-06 4.37606E-01 
8.06998E+01 3.64997E-01  -5.07877E-06 4.32609E-01 
8.07998E+01 3.59997E-01  -5.28651E-06 4.27601E-01 
8.08998E+01 3.54997E-01  -5.49964E-06 4.22597E-01 
8.09998E+01 3.49997E-01  -5.71252E-06 4.17609E-01 
8.10998E+01 3.44997E-01  -5.93609E-06 4.12582E-01 
8.11998E+01 3.39997E-01  -6.15640E-06 4.07581E-01 
8.12998E+01 3.34997E-01  -6.38395E-06 4.02581E-01 
8.13998E+01 3.29997E-01  -6.62123E-06 3.97588E-01 
8.14998E+01 3.24997E-01  -6.86053E-06 3.92574E-01 
8.15998E+01 3.19997E-01  -7.10297E-06 3.87564E-01 
8.16998E+01 3.14997E-01  -7.35516E-06 3.82577E-01 
8.17998E+01 3.09997E-01  -7.60580E-06 3.77569E-01 
8.18998E+01 3.04997E-01  -7.86352E-06 3.72571E-01 
8.19998E+01 2.99997E-01  -8.12745E-06 3.67557E-01 
8.20998E+01 2.94997E-01  -8.39253E-06 3.62569E-01 
8.21998E+01 2.89997E-01  -8.66305E-06 3.57581E-01 
8.22998E+01 2.84997E-01  -8.93765E-06 3.52568E-01 
8.23998E+01 2.79997E-01  -9.21626E-06 3.47556E-01 
8.24998E+01 2.74997E-01  -9.49638E-06 3.42556E-01 
8.25998E+01 2.69997E-01  -9.78183E-06 3.37556E-01 
8.26998E+01 2.64997E-01  -1.00697E-05 3.32564E-01 
8.27998E+01 2.59997E-01  -1.03682E-05 3.27548E-01 
8.28998E+01 2.54997E-01  -1.06569E-05 3.22515E-01 
8.29998E+01 2.49997E-01  -1.09530E-05 3.17549E-01 
8.30998E+01 2.44997E-01  -1.12522E-05 3.12524E-01 
8.31998E+01 2.39997E-01  -1.15539E-05 3.07551E-01 
8.32998E+01 2.34997E-01  -1.18596E-05 3.02525E-01 
8.33998E+01 2.29997E-01  -1.21655E-05 2.97519E-01 
8.34998E+01 2.24997E-01  -1.24702E-05 2.92517E-01 
8.35998E+01 2.19997E-01  -1.27817E-05 2.87519E-01 
8.36998E+01 2.14997E-01  -1.30878E-05 2.82536E-01 
8.37998E+01 2.09997E-01  -1.33998E-05 2.77532E-01 
8.38998E+01 2.04997E-01  -1.37106E-05 2.72494E-01 
8.39998E+01 1.99997E-01  -1.40219E-05 2.67520E-01 
8.40998E+01 1.94998E-01  -1.43340E-05 2.62538E-01 
8.41998E+01 1.89998E-01  -1.46462E-05 2.57512E-01 
8.42998E+01 1.84998E-01  -1.49670E-05 2.52473E-01 
8.43998E+01 1.79998E-01  -1.52790E-05 2.47493E-01 
8.44998E+01 1.74998E-01  -1.55909E-05 2.42494E-01 
8.45998E+01 1.69998E-01  -1.59081E-05 2.37482E-01 
8.46998E+01 1.64998E-01  -1.62248E-05 2.32481E-01 
8.47998E+01 1.59998E-01  -1.65474E-05 2.27513E-01 
8.48998E+01 1.54998E-01  -1.68660E-05 2.22480E-01 
8.49998E+01 1.49998E-01  -1.71879E-05 2.17476E-01 
8.50998E+01 1.44998E-01  -1.75188E-05 2.12488E-01 
8.51998E+01 1.39998E-01  -1.78517E-05 2.07474E-01 
8.52998E+01 1.34998E-01  -1.81871E-05 2.02473E-01 
8.53998E+01 1.29998E-01  -1.85319E-05 1.97467E-01 
8.54998E+01 1.24998E-01  -1.88768E-05 1.92460E-01 
8.55998E+01 1.19998E-01  -1.92287E-05 1.87452E-01 
8.56998E+01 1.14998E-01  -1.95912E-05 1.82442E-01 
8.57998E+01 1.09998E-01  -1.99563E-05 1.77455E-01 
8.58998E+01 1.04998E-01  -2.03220E-05 1.72440E-01 
8.59998E+01 9.99977E-02  -2.06977E-05 1.67424E-01 
8.60998E+01 9.49978E-02  -2.10887E-05 1.62430E-01 
8.61998E+01 8.99978E-02  -2.14480E-05 1.57436E-01 
8.62998E+01 8.49978E-02  -2.18534E-05 1.52415E-01 
8.63998E+01 7.99978E-02  -2.22681E-05 1.47413E-01 
8.64998E+01 7.49978E-02  -2.26979E-05 1.42418E-01 
8.65998E+01 6.99978E-02  -2.31334E-05 1.37434E-01 
8.66998E+01 6.49978E-02  -2.35793E-05 1.32407E-01 
8.67998E+01 5.99978E-02  -2.40339E-05 1.27403E-01 
8.68998E+01 5.49979E-02  -2.45069E-05 1.22408E-01 
8.69998E+01 4.99979E-02  -2.49774E-05 1.17410E-01 
8.70998E+01 4.49979E-02  -2.54697E-05 1.12412E-01 
8.71998E+01 3.99979E-02  -2.59674E-05 1.07386E-01 
8.72998E+01 3.49979E-02  -2.64798E-05 1.02425E-01 
8.73998E+01 2.99979E-02  -2.69954E-05 9.74209E-02 
8.74998E+01 2.49979E-02  -2.75254E-05 9.24094E-02 
8.75998E+01 1.99979E-02  -2.80650E-05 8.73960E-02 
8.76998E+01 1.49980E-02  -2.86104E-05 8.24057E-02 
8.77998E+01 9.99797E-03  -2.91605E-05 7.74178E-02 
8.78998E+01 4.99799E-03  -2.97171E-05 7.23907E-02 
8.79998E+01 -2.00000E-06 -3.02803E-05 6.73786E-02 
8.80998E+01 -5.00199E-03 -3.08482E-05 6.24113E-02 
8.81998E+01 -1.00020E-02 -3.14263E-05 5.73979E-02 
8.82998E+01 -1.50020E-02 -3.20071E-05 5.23877E-02 
8.83998E+01 -2.00020E-02 -3.25992E-05 4.73836E-02 
8.84998E+01 -2.50019E-02 -3.31975E-05 4.24164E-02 
8.85998E+01 -3.00019E-02 -3.38115E-05 3.74011E-02 
8.86998E+01 -3.50019E-02 -3.44454E-05 3.24108E-02 
8.87998E+01 -4.00019E-02 -3.51006E-05 2.73868E-02 
8.88998E+01 -4.50019E-02 -3.57884E-05 2.24109E-02 
8.89998E+01 -5.00019E-02 -3.65192E-05 1.73962E-02 
8.90998E+01 -5.50019E-02 -3.72764E-05 1.23603E-02 
8.91998E+01 -6.00019E-02 -3.80723E-05 7.37562E-03 
8.92998E+01 -6.50018E-02 -3.89052E-05 2.37908E-03 
8.93998E+01 -7.00018E-02 -3.97872E-05 -2.61248E-03
8.94998E+01 -7.50018E-02 -4.07185E-05 -7.62589E-03
8.95998E+01 -8.00018E-02 -4.17035E-05 -1.26368E-02
8.96998E+01 -8.50018E-02 -4.27503E-05 -1.76571E-02
8.97998E+01 -9.00018E-02 -4.38471E-05 -2.26443E-02
8.98998E+01 -9.50018E-02 -4.50085E-05 -2.76433E-02
8.99998E+01 -1.00002E-01 -4.62024E-05 -3.26492E-02
9.00998E+01 -1.05002E-01 -4.74697E-05 -3.76645E-02
9.01998E+01 -1.10002E-01 -4.88196E-05 -4.26642E-02
9.02998E+01 -1.15002E-01 -5.02259E-05 -4.76769E-02
9.03998E+01 -1.20002E-01 -5.17055E-05 -5.26685E-02
9.04998E+01 -1.25002E-01 -5.32781E-05 -5.76957E-02
9.05998E+01 -1.30002E-01 -5.48927E-05 -6.26903E-02
9.06998E+01 -1.35002E-01 -5.66136E-05 -6.76875E-02
9.07998E+01 -1.40002E-01 -5.84246E-05 -7.26778E-02
9.08998E+01 -1.45002E-01 -6.03502E-05 -7.76918E-02
9.09998E+01 -1.50002E-01 -6.24033E-05 -8.26859E-02
9.10998E+01 -1.55002E-01 -6.46043E-05 -8.76737E-02
9.11998E+01 -1.60002E-01 -6.69897E-05 -9.26796E-02
9.12998E+01 -1.65002E-01 -6.95796E-05 -9.76968E-02
9.13998E+01 -1.70002E-01 -7.24189E-05 -1.02718E-01
9.14998E+01 -1.75002E-01 -7.54890E-05 -1.07680E-01
9.15998E+01 -1.80002E-01 -7.88678E-05 -1.12681E-01
9.16998E+01 -1.85002E-01 -8.25378E-05 -1.17712E-01
9.17998E+01 -1.90002E-01 -8.65109E-05 -1.22703E-01
9.18998E+01 -1.95002E-01 -9.07652E-05 -1.27704E-01
9.19998E+01 -2.00002E-01 -9.52915E-05 -1.32691E-01
9.20998E+01 -2.05001E-01 -1.00045E-04 -1.37719E-01
9.21998E+01 -2.10001E-01 -1.05000E-04 -1.42718E-01
9.22998E+01 -2.15001E-01 -1.10100E-04 -1.47715E-01
9.23998E+01 -2.20001E-01 -1.15328E-04 -1.52704E-01
9.24998E+01 -2.25001E-01 -1.20616E-04 -1.57722E-01
9.25998E+01 -2.30001E-01 -1.25926E-04 -1.62704E-01
9.26998E+01 -2.35001E-01 -1.31253E-04 -1.67713E-01
9.27998E+01 -2.40001E-01 -1.36531E-04 -1.72736E-01
9.28998E+01 -2.45001E-01 -1.41794E-04 -1.77743E-01
9.29998E+01 -2.50001E-01 -1.47035E-04 -1.82752E-01
9.30998E+01 -2.55001E-01 -1.52258E-04 -1.87735E-01
9.31998E+01 -2.60001E-01 -1.57461E-04 -1.92741E-01
9.32998E+01 -2.65001E-01 -1.62634E-04 -1.97746E-01
9.33998E+01 -2.70001E-01 -1.67783E-04 -2.02744E-01
9.34998E+01 -2.75001E-01 -1.72922E-04 -2.07748E-01
9.35998E+01 -2.80001E-01 -1.77935E-04 -2.12745E-01
9.36998E+01 -2.85001E-01 -1.82865E-04 -2.17754E-01
9.37998E+01 -2.90001E-01 -1.87723E-04 -2.22757E-01
9.38998E+01 -2.95001E-01 -1.92517E-04 -2.27744E-01
9.39998E+01 -3.00001E-01 -1.97257E-04 -2.32751E-01
9.40998E+01 -3.05001E-01 -2.01958E-04 -2.37767E-01
9.41998E+01 -3.10001E-01 -2.06602E-04 -2.42773E-01
9.42998E+01 -3.15001E-01 -2.11199E-04 -2.47754E-01
9.43998E+01 -3.20001E-01 -2.15316E-04 -2.52752E-01
9.44998E+01 -3.25001E-01 -2.19755E-04 -2.57775E-01
9.45998E+01 -3.30001E-01 -2.24105E-04 -2.62780E-01
9.46998E+01 -3.35001E-01 -2.28331E-04 -2.67764E-01
9.47998E+01 -3.40001E-01 -2.32486E-04 -2.72761E-01
9.48998E+01 -3.45001E-01 -2.36538E-04 -2.77768E-01
9.49998E+01 -3.50001E-01 -2.40554E-04 -2.82786E-01
9.50998E+01 -3.55001E-01 -2.44471E-04 -2.87779E-01
9.51998E+01 -3.60001E-01 -2.48261E-04 -2.92794E-01
9.52998E+01 -3.65001E-01 -2.51988E-04 -2.97774E-01
9.53998E+01 -3.70001E-01 -2.55631E-04 -3.02789E-01
9.54998E+01 -3.75001E-01 -2.59193E-04 -3.07778E-01
9.55998E+01 -3.80001E-01 -2.62635E-04 -3.12762E-01
9.56998E+01 -3.85001E-01 -2.66023E-04 -3.17797E-01
9.57998E+01 -3.90001E-01 -2.69311E-04 -3.22818E-01
9.58998E+01 -3.95001E-01 -2.72490E-04 -3.27823E-01
9.59998E+01 -4.00001E-01 -2.75513E-04 -3.32827E-01
9.60998E+01 -4.05001E-01 -2.78366E-04 -3.37835E-01
9.61998E+01 -4.10001E-01 -2.80999E-04 -3.42819E-01
9.62998E+01 -4.15001E-01 -2.83393E-04 -3.47826E-01
9.63998E+01 -4.20001E-01 -2.85628E-04 -3.52838E-01
9.64998E+01 -4.25001E-01 -2.87564E-04 -3.57828E-01
9.65998E+01 -4.30001E-01 -2.88983E-04 -3.62812E-01
9.66998E+01 -4.35001E-01 -2.89700E-04 -3.67843E-01
9.67998E+01 -4.40001E-01 -2.89418E-04 -3.72833E-01
9.68998E+01 -4.45001E-01 -2.86947E-04 -3.77836E-01
9.69998E+01 -4.50001E-01 -2.79972E-04 -3.82834E-01
9.70998E+01 -4.55001E-01 -2.67470E-04 -3.87838E-01
9.71998E+01 -4.60001E-01 -2.38888E-04 -3.92855E-01
9.72998E+01 -4.65001E-01 -1.78005E-04 -3.97830E-01
9.73998E+01 -4.70001E-01 -1.24125E-04 -4.02837E-01
9.74998E+01 -4.75001E-01 -9.87311E-05 -4.07849E-01
9.75998E+01 -4.80001E-01 -8.47716E-05 -4.12849E-01
9.76998E+01 -4.85001E-01 -7.57608E-05 -4.17853E-01
9.77998E+01 -4.90001E-01 -6.93289E-05 -4.22850E-01
9.78998E+01 -4.95001E-01 -6.44956E-05 -4.27842E-01
9.79998E+01 -5.00001E-01 -6.06515E-05 -4.32856E-01
9.80998E+01 -5.05001E-01 -5.74707E-05 -4.37863E-01
9.81998E+01 -5.10001E-01 -5.47337E-05 -4.42857E-01
9.82998E+01 -5.15001E-01 -5.23870E-05 -4.47867E-01
9.83998E+01 -5.20001E-01 -5.03392E-05 -4.52863E-01
9.84998E+01 -5.25001E-01 -4.84937E-05 -4.57881E-01
9.85998E+01 -5.30001E-01 -4.68754E-05 -4.62866E-01
9.86998E+01 -5.35001E-01 -4.53954E-05 -4.67862E-01
9.87998E+01 -5.40001E-01 -4.40089E-05 -4.72884E-01
9.88998E+01 -5.45001E-01 -4.27636E-05 -4.77877E-01
9.89998E+01 -5.50001E-01 -4.16680E-05 -4.82876E-01
9.90998E+01 -5.55001E-01 -4.06570E-05 -4.87881E-01
9.91998E+01 -5.60001E-01 -3.97328E-05 -4.92878E-01
9.92998E+01 -5.65001E-01 -3.88778E-05 -4.97910E-01
9.93998E+01 -5.70001E-01 -3.85025E-05 -5.02912E-01
9.94998E+01 -5.75001E-01 -3.77711E-05 -5.07908E-01
9.95998E+01 -5.80001E-01 -3.71116E-05 -5.12907E-01
9.96998E+01 -5.85001E-01 -3.64883E-05 -5.17916E-01
9.97998E+01 -5.90001E-01 -3.59017E-05 -5.22894E-01
9.98998E+01 -5.95001E-01 -3.54030E-05 -5.27908E-01
9.99997E+01 -6.00001E-01 -3.49360E-05 -5.32932E-01
1.00100E+02 -6.05000E-01 -3.44549E-05 -5.37937E-01
1.00200E+02 -6.10000E-01 -3.40156E-05 -5.42920E-01
1.00300E+02 -6.15000E-01 -3.36262E-05 -5.47928E-01
1.00400E+02 -6.20000E-01 -3.32742E-05 -5.52923E-01
1.00500E+02 -6.25000E-01 -3.29454E-05 -5.57922E-01
1.00600E+02 -6.30000E-01 -3.26432E-05 -5.62937E-01
1.00700E+02 -6.35000E-01 -3.23775E-05 -5.67947E-01
1.00800E+02 -6.40000E-01 -3.21232E-05 -5.72938E-01
1.00900E+02 -6.45000E-01 -3.19115E-05 -5.77926E-01
1.01000E+02 -6.50000E-01 -3.17279E-05 -5.82928E-01
1.01100E+02 -6.55000E-01 -3.15654E-05 -5.87953E-01
1.01200E+02 -6.60000E-01 -3.14377E-05 -5.92948E-01
1.01300E+02 -6.65000E-01 -3.13253E-05 -5.97954E-01
1.01400E+02 -6.70000E-01 -3.12469E-05 -6.02949E-01
1.01500E+02 -6.75000E-01 -3.11907E-05 -6.07964E-01
1.01600E+02 -6.80000E-01 -3.11546E-05 -6.12983E-01
1.01700E+02 -6.85000E-01 -3.11415E-05 -6.17975E-01
1.01800E+02 -6.90000E-01 -3.11336E-05 -6.22977E-01
1.01900E+02 -6.95000E-01 -3.11501E-05 -6.27968E-01
1.02000E+02 -7.00000E-01 -3.12013E-05 -6.32965E-01
1.02100E+02 -7.05000E-01 -3.12499E-05 -6.37969E-01
1.02200E+02 -7.10000E-01 -3.13207E-05 -6.42974E-01
1.02300E+02 -7.15000E-01 -3.14023E-05 -6.47976E-01
1.02400E+02 -7.20000E-01 -3.14917E-05 -6.52973E-01
1.02500E+02 -7.25000E-01 -3.16001E-05 -6.58005E-01
1.02600E+02 -7.30000E-01 -3.17001E-05 -6.62997E-01
1.02700E+02 -7.35000E-01 -3.18181E-05 -6.67998E-01
1.02800E+02 -7.40000E-01 -3.19349E-05 -6.72992E-01
1.02900E+02 -7.45000E-01 -3.20637E-05 -6.78024E-01
1.03000E+02 -7.50000E-01 -3.21955E-05 -6.83012E-01
1.03100E+02 -7.55000E-01 -3.23275E-05 -6.88006E-01
1.03200E+02 -7.60000E-01 -3.24669E-05 -6.93001E-01
1.03300E+02 -7.65000E-01 -3.26037E-05 -6.98006E-01
1.03400E+02 -7.70000E-01 -3.27470E-05 -7.02993E-01
1.03500E+02 -7.75000E-01 -3.28874E-05 -7.08019E-01
1.03600E+02 -7.80000E-01 -3.30305E-05 -7.13008E-01
1.03700E+02 -7.85000E-01 -3.31701E-05 -7.18023E-01
1.03800E+02 -7.90000E-01 -3.33086E-05 -7.23017E-01
1.03900E+02 -7.95000E-01 -3.34427E-05 -7.28008E-01
