time/s      E/V        I/A
0.00000E+00 -8.00000E-01 -1.25466E-04 -7.23311E-01
9.99997E-02 -7.95000E-01 -1.22222E-04 -7.18339E-01
1.99999E-01 -7.90000E-01 -1.19676E-04 -7.13322E-01
2.99999E-01 -7.85000E-01 -1.17366E-04 -7.08306E-01
3.99999E-01 -7.80000E-01 -1.15183E-04 -7.03307E-01
4.99999E-01 -7.75000E-01 -1.13088E-04 -6.98327E-01
5.99998E-01 -7.70000E-01 -1.11205E-04 -6.93317E-01
6.99998E-01 -7.65000E-01 -1.09087E-04 -6.88302E-01
7.99998E-01 -7.60000E-01 -1.07632E-04 -6.83311E-01
8.99998E-01 -7.55000E-01 -1.05988E-04 -6.78322E-01
9.99997E-01 -7.50000E-01 -1.04135E-04 -6.73302E-01
1.10000E+00 -7.45000E-01 -1.02408E-04 -6.68286E-01
1.20000E+00 -7.40000E-01 -1.00968E-04 -6.63282E-01
1.30000E+00 -7.35000E-01 -9.94050E-05 -6.58321E-01
1.40000E+00 -7.30000E-01 -9.75632E-05 -6.53273E-01
1.50000E+00 -7.25000E-01 -9.60536E-05 -6.48278E-01
1.60000E+00 -7.20000E-01 -9.46590E-05 -6.43273E-01
1.70000E+00 -7.15000E-01 -9.31056E-05 -6.38277E-01
1.80000E+00 -7.10000E-01 -9.16304E-05 -6.33255E-01
1.90000E+00 -7.05000E-01 -9.03007E-05 -6.28247E-01
1.99999E+00 -7.00000E-01 -8.88823E-05 -6.23260E-01
2.09999E+00 -6.95000E-01 -8.74677E-05 -6.18249E-01
2.19999E+00 -6.90000E-01 -8.61218E-05 -6.13261E-01
2.29999E+00 -6.85000E-01 -8.49014E-05 -6.08242E-01
2.39999E+00 -6.80000E-01 -8.37578E-05 -6.03261E-01
2.49999E+00 -6.75000E-01 -8.25373E-05 -5.98226E-01
2.59999E+00 -6.70000E-01 -8.14155E-05 -5.93243E-01
2.69999E+00 -6.65000E-01 -8.03050E-05 -5.88228E-01
2.79999E+00 -6.60000E-01 -7.91518E-05 -5.83225E-01
2.89999E+00 -6.55000E-01 -7.80727E-05 -5.78217E-01
2.99999E+00 -6.50000E-01 -7.68816E-05 -5.73239E-01
3.09999E+00 -6.45000E-01 -7.57573E-05 -5.68227E-01
3.19999E+00 -6.40000E-01 -7.46627E-05 -5.63208E-01
3.29999E+00 -6.35000E-01 -7.36366E-05 -5.58208E-01
3.39999E+00 -6.30000E-01 -7.23194E-05 -5.53238E-01
3.49999E+00 -6.25000E-01 -7.13033E-05 -5.48249E-01
3.59999E+00 -6.20000E-01 -7.03167E-05 -5.43208E-01
3.69999E+00 -6.15000E-01 -6.93469E-05 -5.38233E-01
3.79999E+00 -6.10000E-01 -6.82473E-05 -5.33220E-01
3.89999E+00 -6.05000E-01 -6.71859E-05 -5.28224E-01
3.99999E+00 -6.00001E-01 -6.62338E-05 -5.23216E-01
4.09999E+00 -5.95001E-01 -6.52211E-05 -5.18244E-01
4.19999E+00 -5.90001E-01 -6.42720E-05 -5.13227E-01
4.29999E+00 -5.85001E-01 -6.33438E-05 -5.08194E-01
4.39999E+00 -5.80001E-01 -6.23833E-05 -5.03192E-01
4.49999E+00 -5.75001E-01 -6.13830E-05 -4.98181E-01
4.59999E+00 -5.70001E-01 -6.04435E-05 -4.93181E-01
4.69999E+00 -5.65001E-01 -5.95709E-05 -4.88165E-01
4.79999E+00 -5.60001E-01 -5.86511E-05 -4.83179E-01
4.89999E+00 -5.55001E-01 -5.77050E-05 -4.78191E-01
4.99999E+00 -5.50001E-01 -5.67483E-05 -4.73180E-01
5.09999E+00 -5.45001E-01 -5.57976E-05 -4.68172E-01
5.19999E+00 -5.40001E-01 -5.48872E-05 -4.63166E-01
5.29999E+00 -5.35001E-01 -5.40267E-05 -4.58185E-01
5.39999E+00 -5.30001E-01 -5.31363E-05 -4.53166E-01
5.49999E+00 -5.25001E-01 -5.22302E-05 -4.48159E-01
5.59999E+00 -5.20001E-01 -5.13329E-05 -4.43171E-01
5.69999E+00 -5.15001E-01 -5.04483E-05 -4.38163E-01
5.79999E+00 -5.10001E-01 -4.95915E-05 -4.33142E-01
5.89999E+00 -5.05001E-01 -4.87462E-05 -4.28135E-01
5.99998E+00 -5.00001E-01 -4.79163E-05 -4.23129E-01
6.09998E+00 -4.95001E-01 -4.70893E-05 -4.18147E-01
6.19998E+00 -4.90001E-01 -4.62798E-05 -4.13149E-01
6.29998E+00 -4.85001E-01 -4.54736E-05 -4.08116E-01
6.39998E+00 -4.80001E-01 -4.47001E-05 -4.03145E-01
6.49998E+00 -4.75001E-01 -4.39084E-05 -3.98132E-01
6.59998E+00 -4.70001E-01 -4.31566E-05 -3.93135E-01
6.69998E+00 -4.65001E-01 -4.24109E-05 -3.88119E-01
6.79998E+00 -4.60001E-01 -4.16354E-05 -3.83090E-01
6.89998E+00 -4.55001E-01 -4.08209E-05 -3.78124E-01
6.99998E+00 -4.50001E-01 -4.00220E-05 -3.73135E-01
7.09998E+00 -4.45001E-01 -3.92491E-05 -3.68119E-01
7.19998E+00 -4.40001E-01 -3.84432E-05 -3.63108E-01
7.29998E+00 -4.35001E-01 -3.76403E-05 -3.58102E-01
7.39998E+00 -4.30001E-01 -3.68470E-05 -3.53105E-01
7.49998E+00 -4.25001E-01 -3.60424E-05 -3.48104E-01
7.59998E+00 -4.20001E-01 -3.52406E-05 -3.43097E-01
7.69998E+00 -4.15001E-01 -3.44630E-05 -3.38109E-01
7.79998E+00 -4.10001E-01 -3.36890E-05 -3.33090E-01
7.89998E+00 -4.05001E-01 -3.28676E-05 -3.28092E-01
7.99998E+00 -4.00001E-01 -3.20766E-05 -3.23110E-01
8.09998E+00 -3.95001E-01 -3.13058E-05 -3.18065E-01
8.19998E+00 -3.90001E-01 -3.05051E-05 -3.13074E-01
8.29998E+00 -3.85001E-01 -2.97056E-05 -3.08075E-01
8.39998E+00 -3.80001E-01 -2.89240E-05 -3.03068E-01
8.49998E+00 -3.75001E-01 -2.81235E-05 -2.98067E-01
8.59998E+00 -3.70001E-01 -2.73090E-05 -2.93058E-01
8.69998E+00 -3.65001E-01 -2.65198E-05 -2.88066E-01
8.79998E+00 -3.60001E-01 -2.57089E-05 -2.83060E-01
8.89998E+00 -3.55001E-01 -2.49210E-05 -2.78070E-01
8.99998E+00 -3.50001E-01 -2.41348E-05 -2.73036E-01
9.09998E+00 -3.45001E-01 -2.33620E-05 -2.68061E-01
9.19998E+00 -3.40001E-01 -2.26001E-05 -2.63060E-01
9.29998E+00 -3.35001E-01 -2.18427E-05 -2.58078E-01
9.39998E+00 -3.30001E-01 -2.11046E-05 -2.53057E-01
9.49998E+00 -3.25001E-01 -2.03639E-05 -2.48066E-01
9.59998E+00 -3.20001E-01 -1.96308E-05 -2.43059E-01
9.69998E+00 -3.15001E-01 -1.89078E-05 -2.38059E-01
9.79998E+00 -3.10001E-01 -1.81910E-05 -2.33052E-01
9.89998E+00 -3.05001E-01 -1.74839E-05 -2.28042E-01
9.99997E+00 -3.00001E-01 -1.67842E-05 -2.23056E-01
1.01000E+01 -2.95001E-01 -1.60939E-05 -2.18054E-01
1.02000E+01 -2.90001E-01 -1.54120E-05 -2.13016E-01
1.03000E+01 -2.85001E-01 -1.47387E-05 -2.08061E-01
1.04000E+01 -2.80001E-01 -1.40799E-05 -2.03057E-01
1.05000E+01 -2.75001E-01 -1.34226E-05 -1.98069E-01
1.06000E+01 -2.70001E-01 -1.27827E-05 -1.93050E-01
1.07000E+01 -2.65001E-01 -1.21484E-05 -1.88036E-01
1.08000E+01 -2.60001E-01 -1.15220E-05 -1.83044E-01
1.09000E+01 -2.55001E-01 -1.09027E-05 -1.78024E-01
1.10000E+01 -2.50001E-01 -1.02892E-05 -1.73010E-01
1.11000E+01 -2.45001E-01 -9.69051E-06 -1.67998E-01
1.12000E+01 -2.40001E-01 -9.10525E-06 -1.63004E-01
1.13000E+01 -2.35001E-01 -8.53201E-06 -1.57996E-01
1.14000E+01 -2.30001E-01 -7.95685E-06 -1.52973E-01
1.15000E+01 -2.25001E-01 -7.40709E-06 -1.47995E-01
1.16000E+01 -2.20001E-01 -6.85312E-06 -1.42991E-01
1.17000E+01 -2.15001E-01 -6.31260E-06 -1.37990E-01
1.18000E+01 -2.10001E-01 -5.78131E-06 -1.32966E-01
1.19000E+01 -2.05001E-01 -5.27203E-06 -1.27978E-01
1.20000E+01 -2.00002E-01 -4.77058E-06 -1.22985E-01
1.21000E+01 -1.95002E-01 -4.29377E-06 -1.17996E-01
1.22000E+01 -1.90002E-01 -3.81966E-06 -1.12957E-01
1.23000E+01 -1.85002E-01 -3.35367E-06 -1.07957E-01
1.24000E+01 -1.80002E-01 -2.90228E-06 -1.02986E-01
1.25000E+01 -1.75002E-01 -2.46606E-06 -9.80022E-02
1.26000E+01 -1.70002E-01 -2.08856E-06 -9.29719E-02
1.27000E+01 -1.65002E-01 -1.69118E-06 -8.79504E-02
1.28000E+01 -1.60002E-01 -1.30928E-06 -8.29776E-02
1.29000E+01 -1.55002E-01 -9.41351E-07 -7.79673E-02
1.30000E+01 -1.50002E-01 -5.91966E-07 -7.29389E-02
1.31000E+01 -1.45002E-01 -2.57098E-07 -6.79536E-02
1.32000E+01 -1.40002E-01 6.57261E-08  -6.29620E-02
1.33000E+01 -1.35002E-01 3.78105E-07  -5.79736E-02
1.34000E+01 -1.30002E-01 6.82256E-07  -5.29664E-02
1.35000E+01 -1.25002E-01 9.78271E-07  -4.79443E-02
1.36000E+01 -1.20002E-01 1.28444E-06  -4.29452E-02
1.37000E+01 -1.15002E-01 1.59656E-06  -3.79518E-02
1.38000E+01 -1.10002E-01 1.91247E-06  -3.29659E-02
1.39000E+01 -1.05002E-01 2.23162E-06  -2.79537E-02
1.40000E+01 -1.00002E-01 2.52051E-06  -2.29578E-02
1.41000E+01 -9.50018E-02 2.90658E-06  -1.79550E-02
1.42000E+01 -9.00018E-02 3.30358E-06  -1.29372E-02
1.43000E+01 -8.50018E-02 3.69023E-06  -7.94505E-03
1.44000E+01 -8.00018E-02 4.09535E-06  -2.91977E-03
1.45000E+01 -7.50018E-02 4.51801E-06  2.06369E-03 
1.46000E+01 -7.00018E-02 4.95789E-06  7.07394E-03 
1.47000E+01 -6.50018E-02 5.42924E-06  1.20424E-02 
1.48000E+01 -6.00019E-02 5.91791E-06  1.70739E-02 
1.49000E+01 -5.50019E-02 6.42761E-06  2.20761E-02 
1.50000E+01 -5.00019E-02 6.96142E-06  2.70658E-02 
1.51000E+01 -4.50019E-02 7.51581E-06  3.20592E-02 
1.52000E+01 -4.00019E-02 8.10343E-06  3.70926E-02 
1.53000E+01 -3.50019E-02 8.73627E-06  4.20860E-02 
1.54000E+01 -3.00019E-02 9.42037E-06  4.70757E-02 
1.55000E+01 -2.50019E-02 1.01561E-05  5.20760E-02 
1.56000E+01 -2.00020E-02 1.09248E-05  5.71006E-02 
1.57000E+01 -1.50020E-02 1.17464E-05  6.21097E-02 
1.58000E+01 -1.00020E-02 1.26223E-05  6.70818E-02 
1.59000E+01 -5.00199E-03 1.35318E-05  7.20921E-02 
1.60000E+01 -2.00000E-06 1.45011E-05  7.70924E-02 
1.61000E+01 4.99799E-03  1.55493E-05  8.20921E-02 
1.62000E+01 9.99797E-03  1.66624E-05  8.70668E-02 
1.63000E+01 1.49980E-02  1.77963E-05  9.20977E-02 
1.64000E+01 1.99979E-02  1.89602E-05  9.70899E-02 
1.65000E+01 2.49979E-02  2.01665E-05  1.02097E-01 
1.66000E+01 2.99979E-02  2.14162E-05  1.07087E-01 
1.67000E+01 3.49979E-02  2.27612E-05  1.12087E-01 
1.68000E+01 3.99979E-02  2.41022E-05  1.17095E-01 
1.69000E+01 4.49979E-02  2.55215E-05  1.22101E-01 
1.70000E+01 4.99979E-02  2.70109E-05  1.27120E-01 
1.71000E+01 5.49979E-02  2.85269E-05  1.32101E-01 
1.72000E+01 5.99978E-02  3.00448E-05  1.37114E-01 
1.73000E+01 6.49978E-02  3.15917E-05  1.42130E-01 
1.74000E+01 6.99978E-02  3.32210E-05  1.47118E-01 
1.75000E+01 7.49978E-02  3.49048E-05  1.52132E-01 
1.76000E+01 7.99978E-02  3.66363E-05  1.57166E-01 
1.77000E+01 8.49978E-02  3.84029E-05  1.62134E-01 
1.78000E+01 8.99978E-02  4.02115E-05  1.67136E-01 
1.79000E+01 9.49978E-02  4.20652E-05  1.72135E-01 
1.80000E+01 9.99977E-02  4.39511E-05  1.77166E-01 
1.81000E+01 1.04998E-01  4.58677E-05  1.82157E-01 
1.82000E+01 1.09998E-01  4.78338E-05  1.87163E-01 
1.83000E+01 1.14998E-01  4.98540E-05  1.92139E-01 
1.84000E+01 1.19998E-01  5.19385E-05  1.97165E-01 
1.85000E+01 1.24998E-01  5.40383E-05  2.02179E-01 
1.86000E+01 1.29998E-01  5.61493E-05  2.07183E-01 
1.87000E+01 1.34998E-01  5.83055E-05  2.12180E-01 
1.88000E+01 1.39998E-01  6.05037E-05  2.17212E-01 
1.89000E+01 1.44998E-01  6.27366E-05  2.22224E-01 
1.90000E+01 1.49998E-01  6.49745E-05  2.27192E-01 
1.91000E+01 1.54998E-01  6.72594E-05  2.32182E-01 
1.92000E+01 1.59998E-01  6.95724E-05  2.37193E-01 
1.93000E+01 1.64998E-01  7.18934E-05  2.42211E-01 
1.94000E+01 1.69998E-01  7.42398E-05  2.47203E-01 
1.95000E+01 1.74998E-01  7.66143E-05  2.52202E-01 
1.96000E+01 1.79998E-01  7.89994E-05  2.57192E-01 
1.97000E+01 1.84998E-01  8.13834E-05  2.62213E-01 
1.98000E+01 1.89998E-01  8.37856E-05  2.67202E-01 
1.99000E+01 1.94998E-01  8.62045E-05  2.72199E-01 
1.99999E+01 1.99997E-01  8.86023E-05  2.77214E-01 
2.00999E+01 2.04997E-01  9.10117E-05  2.82216E-01 
2.01999E+01 2.09997E-01  9.34205E-05  2.87228E-01 
2.02999E+01 2.14997E-01  9.58162E-05  2.92209E-01 
2.03999E+01 2.19997E-01  9.82132E-05  2.97235E-01 
2.04999E+01 2.24997E-01  1.00598E-04  3.02219E-01 
2.05999E+01 2.29997E-01  1.02936E-04  3.07240E-01 
2.06999E+01 2.34997E-01  1.05241E-04  3.12244E-01 
2.07999E+01 2.39997E-01  1.07494E-04  3.17243E-01 
2.08999E+01 2.44997E-01  1.09692E-04  3.22212E-01 
2.09999E+01 2.49997E-01  1.11844E-04  3.27223E-01 
2.10999E+01 2.54997E-01  1.13906E-04  3.32237E-01 
2.11999E+01 2.59997E-01  1.15918E-04  3.37243E-01 
2.12999E+01 2.64997E-01  1.17835E-04  3.42222E-01 
2.13999E+01 2.69997E-01  1.19631E-04  3.47246E-01 
2.14999E+01 2.74997E-01  1.21316E-04  3.52254E-01 
2.15999E+01 2.79997E-01  1.22884E-04  3.57232E-01 
2.16999E+01 2.84997E-01  1.24121E-04  3.62240E-01 
2.17999E+01 2.89997E-01  1.24986E-04  3.67213E-01 
2.18999E+01 2.94997E-01  1.25603E-04  3.72237E-01 
2.19999E+01 2.99997E-01  1.25642E-04  3.77238E-01 
2.20999E+01 3.04997E-01  1.25237E-04  3.82263E-01 
2.21999E+01 3.09997E-01  1.24190E-04  3.87246E-01 
2.22999E+01 3.14997E-01  1.22628E-04  3.92269E-01 
2.23999E+01 3.19997E-01  1.20650E-04  3.97253E-01 
2.24999E+01 3.24997E-01  1.18473E-04  4.02265E-01 
2.25999E+01 3.29997E-01  1.16032E-04  4.07255E-01 
2.26999E+01 3.34997E-01  1.12781E-04  4.12280E-01 
2.27999E+01 3.39997E-01  1.08745E-04  4.17290E-01 
2.28999E+01 3.44997E-01  1.03966E-04  4.22258E-01 
2.29999E+01 3.49997E-01  9.85036E-05  4.27248E-01 
2.30999E+01 3.54997E-01  9.16902E-05  4.32283E-01 
2.31999E+01 3.59997E-01  8.40283E-05  4.37294E-01 
2.32999E+01 3.64997E-01  7.60448E-05  4.42271E-01 
2.33999E+01 3.69997E-01  6.94484E-05  4.47260E-01 
2.34999E+01 3.74997E-01  6.29859E-05  4.52291E-01 
2.35999E+01 3.79997E-01  5.73572E-05  4.57294E-01 
2.36999E+01 3.84997E-01  5.21697E-05  4.62306E-01 
2.37999E+01 3.89997E-01  4.76594E-05  4.67296E-01 
2.38999E+01 3.94997E-01  4.38874E-05  4.72299E-01 
2.39999E+01 3.99997E-01  4.10836E-05  4.77329E-01 
2.40999E+01 4.04997E-01  3.90098E-05  4.82327E-01 
2.41999E+01 4.09997E-01  3.71691E-05  4.87337E-01 
2.42999E+01 4.14997E-01  3.57080E-05  4.92344E-01 
2.43999E+01 4.19997E-01  3.46654E-05  4.97325E-01 
2.44999E+01 4.24997E-01  3.35783E-05  5.02329E-01 
2.45999E+01 4.29997E-01  3.27538E-05  5.07358E-01 
2.46999E+01 4.34997E-01  3.20934E-05  5.12355E-01 
2.47999E+01 4.39997E-01  3.16004E-05  5.17338E-01 
2.48999E+01 4.44997E-01  3.11899E-05  5.22323E-01 
2.49999E+01 4.49997E-01  3.09335E-05  5.27353E-01 
2.50999E+01 4.54997E-01  3.08144E-05  5.32357E-01 
2.51999E+01 4.59997E-01  3.07906E-05  5.37346E-01 
2.52999E+01 4.64997E-01  3.09196E-05  5.42349E-01 
2.53999E+01 4.69997E-01  3.11973E-05  5.47379E-01 
2.54999E+01 4.74997E-01  3.12840E-05  5.52388E-01 
2.55999E+01 4.79997E-01  3.15967E-05  5.57352E-01 
2.56999E+01 4.84997E-01  3.20063E-05  5.62348E-01 
2.57999E+01 4.89997E-01  3.25112E-05  5.67379E-01 
2.58999E+01 4.94997E-01  3.31384E-05  5.72358E-01 
2.59999E+01 4.99997E-01  3.37521E-05  5.77371E-01 
2.60999E+01 5.04997E-01  3.44600E-05  5.82370E-01 
2.61999E+01 5.09997E-01  3.52451E-05  5.87364E-01 
2.62999E+01 5.14997E-01  3.60877E-05  5.92365E-01 
2.63999E+01 5.19997E-01  3.69851E-05  5.97382E-01 
2.64999E+01 5.24997E-01  3.79316E-05  6.02365E-01 
2.65999E+01 5.29997E-01  3.89261E-05  6.07378E-01 
2.66999E+01 5.34997E-01  3.99588E-05  6.12386E-01 
2.67999E+01 5.39997E-01  4.10313E-05  6.17396E-01 
2.68999E+01 5.44997E-01  4.21422E-05  6.22366E-01 
2.69999E+01 5.49997E-01  4.32755E-05  6.27373E-01 
2.70999E+01 5.54997E-01  4.44311E-05  6.32395E-01 
2.71999E+01 5.59997E-01  4.56037E-05  6.37412E-01 
2.72999E+01 5.64997E-01  4.67920E-05  6.42391E-01 
2.73999E+01 5.69997E-01  4.79901E-05  6.47386E-01 
2.74999E+01 5.74997E-01  4.91878E-05  6.52402E-01 
2.75999E+01 5.79997E-01  5.03942E-05  6.57433E-01 
2.76999E+01 5.84997E-01  5.15893E-05  6.62423E-01 
2.77999E+01 5.89997E-01  5.27825E-05  6.67415E-01 
2.78999E+01 5.94997E-01  5.39597E-05  6.72415E-01 
2.79999E+01 5.99996E-01  5.51217E-05  6.77423E-01 
2.80999E+01 6.04996E-01  5.62513E-05  6.82425E-01 
2.81999E+01 6.09996E-01  5.73591E-05  6.87410E-01 
2.82999E+01 6.14996E-01  5.84309E-05  6.92396E-01 
2.83999E+01 6.19996E-01  5.94715E-05  6.97412E-01 
2.84999E+01 6.24996E-01  6.04690E-05  7.02428E-01 
2.85999E+01 6.29996E-01  6.14141E-05  7.07421E-01 
2.86999E+01 6.34996E-01  6.23086E-05  7.12413E-01 
2.87999E+01 6.39996E-01  6.31491E-05  7.17446E-01 
2.88999E+01 6.44996E-01  6.39258E-05  7.22430E-01 
2.89999E+01 6.49996E-01  6.46289E-05  7.27435E-01 
2.90999E+01 6.54996E-01  6.52491E-05  7.32426E-01 
2.91999E+01 6.59996E-01  6.57877E-05  7.37439E-01 
2.92999E+01 6.64996E-01  6.62290E-05  7.42459E-01 
2.93999E+01 6.69996E-01  6.65691E-05  7.47442E-01 
2.94999E+01 6.74996E-01  6.67986E-05  7.52431E-01 
2.95999E+01 6.79996E-01  6.69195E-05  7.57430E-01 
2.96999E+01 6.84996E-01  6.69213E-05  7.62459E-01 
2.97999E+01 6.89996E-01  6.67918E-05  7.67427E-01 
2.98999E+01 6.94996E-01  6.65157E-05  7.72442E-01 
2.99999E+01 6.99996E-01  6.60939E-05  7.77458E-01 
3.00999E+01 7.04996E-01  6.55135E-05  7.82478E-01 
3.01999E+01 7.09996E-01  6.47660E-05  7.87487E-01 
3.02999E+01 7.14996E-01  6.38355E-05  7.92484E-01 
3.03999E+01 7.19996E-01  6.27186E-05  7.97499E-01 
3.04999E+01 7.24996E-01  6.14117E-05  8.02520E-01 
3.05999E+01 7.29996E-01  5.99078E-05  8.07491E-01 
3.06999E+01 7.34996E-01  5.82318E-05  8.12506E-01 
3.07999E+01 7.39996E-01  5.63778E-05  8.17538E-01 
3.08999E+01 7.44996E-01  5.43936E-05  8.22510E-01 
3.09999E+01 7.49996E-01  5.23120E-05  8.27517E-01 
3.10999E+01 7.54996E-01  5.02030E-05  8.32520E-01 
3.11999E+01 7.59996E-01  4.81504E-05  8.37520E-01 
3.12999E+01 7.64996E-01  4.62437E-05  8.42514E-01 
3.13999E+01 7.69996E-01  4.45668E-05  8.47509E-01 
3.14999E+01 7.74996E-01  4.31649E-05  8.52521E-01 
3.15999E+01 7.79996E-01  4.20427E-05  8.57526E-01 
3.16999E+01 7.84996E-01  4.11588E-05  8.62527E-01 
3.17999E+01 7.89996E-01  4.04726E-05  8.67517E-01 
3.18999E+01 7.94996E-01  3.99520E-05  8.72519E-01 
3.19999E+01 7.99996E-01  3.94901E-05  8.77521E-01 
3.20999E+01 8.04996E-01  3.91143E-05  8.82533E-01 
3.21999E+01 8.09996E-01  3.87952E-05  8.87513E-01 
3.22999E+01 8.14996E-01  3.85224E-05  8.92520E-01 
3.23999E+01 8.19996E-01  3.82908E-05  8.97531E-01 
3.24999E+01 8.24996E-01  3.81032E-05  9.02537E-01 
3.25999E+01 8.29996E-01  3.79300E-05  9.07498E-01 
3.26999E+01 8.34996E-01  3.77853E-05  9.12518E-01 
3.27999E+01 8.39996E-01  3.76793E-05  9.17534E-01 
3.28999E+01 8.44996E-01  3.76065E-05  9.22506E-01 
3.29999E+01 8.49996E-01  3.75490E-05  9.27492E-01 
3.30999E+01 8.54996E-01  3.75004E-05  9.32518E-01 
3.31999E+01 8.59996E-01  3.74659E-05  9.37533E-01 
3.32999E+01 8.64996E-01  3.74246E-05  9.42558E-01 
3.33999E+01 8.69996E-01  3.73705E-05  9.47567E-01 
3.34999E+01 8.74996E-01  3.73311E-05  9.52548E-01 
3.35999E+01 8.79996E-01  3.72716E-05  9.57574E-01 
3.36999E+01 8.84996E-01  3.72043E-05  9.62581E-01 
3.37999E+01 8.89996E-01  3.71386E-05  9.67558E-01 
3.38999E+01 8.94996E-01  3.70443E-05  9.72561E-01 
3.39999E+01 8.99996E-01  3.69536E-05  9.77558E-01 
3.40999E+01 9.04996E-01  3.68666E-05  9.82552E-01 
3.41999E+01 9.09996E-01  3.67808E-05  9.87565E-01 
3.42999E+01 9.14996E-01  3.66760E-05  9.92602E-01 
3.43999E+01 9.19996E-01  3.65690E-05  9.97573E-01 
3.44999E+01 9.24996E-01  3.64717E-05  1.00257E+00 
3.45999E+01 9.29996E-01  3.63584E-05  1.00757E+00 
3.46999E+01 9.34996E-01  3.62283E-05  1.01258E+00 
3.47999E+01 9.39996E-01  3.60942E-05  1.01757E+00 
3.48999E+01 9.44996E-01  3.59634E-05  1.02257E+00 
3.49999E+01 9.49996E-01  3.58207E-05  1.02757E+00 
3.50999E+01 9.54996E-01  3.57025E-05  1.03258E+00 
3.51999E+01 9.59996E-01  3.55903E-05  1.03759E+00 
3.52999E+01 9.64996E-01  3.54811E-05  1.04258E+00 
3.53999E+01 9.69996E-01  3.54069E-05  1.04759E+00 
3.54999E+01 9.74996E-01  3.53898E-05  1.05262E+00 
3.55999E+01 9.79996E-01  3.54210E-05  1.05762E+00 
3.56999E+01 9.84996E-01  3.54886E-05  1.06259E+00 
3.57999E+01 9.89996E-01  3.55619E-05  1.06761E+00 
3.58999E+01 9.94996E-01  3.56464E-05  1.07263E+00 
3.59999E+01 9.99995E-01  3.57660E-05  1.07763E+00 
3.60999E+01 1.00500E+00  3.58915E-05  1.08260E+00 
3.61999E+01 1.01000E+00  3.60189E-05  1.08759E+00 
3.62999E+01 1.01500E+00  3.61649E-05  1.09263E+00 
3.63999E+01 1.02000E+00  3.63194E-05  1.09764E+00 
3.64999E+01 1.02500E+00  3.65040E-05  1.10262E+00 
3.65999E+01 1.03000E+00  3.66669E-05  1.10765E+00 
3.66999E+01 1.03500E+00  3.68346E-05  1.11264E+00 
3.67999E+01 1.04000E+00  3.70387E-05  1.11765E+00 
3.68999E+01 1.04500E+00  3.72348E-05  1.12266E+00 
3.69999E+01 1.05000E+00  3.74539E-05  1.12768E+00 
3.70999E+01 1.05500E+00  3.76993E-05  1.13268E+00 
3.71999E+01 1.06000E+00  3.79457E-05  1.13767E+00 
3.72999E+01 1.06500E+00  3.81911E-05  1.14268E+00 
3.73999E+01 1.07000E+00  3.84675E-05  1.14766E+00 
3.74999E+01 1.07500E+00  3.87336E-05  1.15267E+00 
3.75999E+01 1.08000E+00  3.90079E-05  1.15766E+00 
3.76999E+01 1.08500E+00  3.93062E-05  1.16268E+00 
3.77999E+01 1.09000E+00  3.96231E-05  1.16769E+00 
3.78999E+01 1.09500E+00  3.99548E-05  1.17270E+00 
3.79999E+01 1.10000E+00  4.03114E-05  1.17769E+00 
3.80999E+01 1.10500E+00  4.06189E-05  1.18270E+00 
3.81999E+01 1.11000E+00  4.09583E-05  1.18772E+00 
3.82999E+01 1.11500E+00  4.12898E-05  1.19269E+00 
3.83999E+01 1.12000E+00  4.16533E-05  1.19770E+00 
3.84999E+01 1.12500E+00  4.20131E-05  1.20269E+00 
3.85999E+01 1.13000E+00  4.23780E-05  1.20770E+00 
3.86999E+01 1.13500E+00  4.27539E-05  1.21269E+00 
3.87999E+01 1.14000E+00  4.31449E-05  1.21771E+00 
3.88999E+01 1.14500E+00  4.35433E-05  1.22270E+00 
3.89999E+01 1.15000E+00  4.39457E-05  1.22772E+00 
3.90999E+01 1.15500E+00  4.43347E-05  1.23272E+00 
3.91999E+01 1.16000E+00  4.47469E-05  1.23770E+00 
3.92999E+01 1.16500E+00  4.51603E-05  1.24272E+00 
3.93999E+01 1.17000E+00  4.55810E-05  1.24773E+00 
3.94999E+01 1.17500E+00  4.60115E-05  1.25273E+00 
3.95999E+01 1.18000E+00  4.64434E-05  1.25774E+00 
3.96999E+01 1.18500E+00  4.68784E-05  1.26273E+00 
3.97999E+01 1.19000E+00  4.73110E-05  1.26774E+00 
3.98999E+01 1.19500E+00  4.77744E-05  1.27275E+00 
3.99999E+01 1.19999E+00  4.82563E-05  1.27775E+00 
4.00999E+01 1.20499E+00  4.87248E-05  1.28275E+00 
4.01999E+01 1.20999E+00  4.92180E-05  1.28775E+00 
4.02999E+01 1.21499E+00  4.97363E-05  1.29276E+00 
4.03999E+01 1.21999E+00  5.02734E-05  1.29778E+00 
4.04999E+01 1.22499E+00  5.08097E-05  1.30278E+00 
4.05999E+01 1.22999E+00  5.13715E-05  1.30774E+00 
4.06999E+01 1.23499E+00  5.19520E-05  1.31278E+00 
4.07999E+01 1.23999E+00  5.25293E-05  1.31780E+00 
4.08999E+01 1.24499E+00  5.31505E-05  1.32278E+00 
4.09999E+01 1.24999E+00  5.37536E-05  1.32778E+00 
4.10999E+01 1.25499E+00  5.43921E-05  1.33276E+00 
4.11999E+01 1.25999E+00  5.50367E-05  1.33778E+00 
4.12999E+01 1.26499E+00  5.56771E-05  1.34278E+00 
4.13999E+01 1.26999E+00  5.63586E-05  1.34777E+00 
4.14999E+01 1.27499E+00  5.70691E-05  1.35276E+00 
4.15999E+01 1.27999E+00  5.78011E-05  1.35778E+00 
4.16999E+01 1.28499E+00  5.85744E-05  1.36276E+00 
4.17999E+01 1.28999E+00  5.94099E-05  1.36776E+00 
4.18999E+01 1.29499E+00  6.03148E-05  1.37276E+00 
4.19999E+01 1.29999E+00  6.12850E-05  1.37777E+00 
4.20999E+01 1.30499E+00  6.23296E-05  1.38278E+00 
4.21999E+01 1.30999E+00  6.34358E-05  1.38777E+00 
4.22999E+01 1.31499E+00  6.46379E-05  1.39279E+00 
4.23999E+01 1.31999E+00  6.59094E-05  1.39777E+00 
4.24999E+01 1.32499E+00  6.72629E-05  1.40277E+00 
4.25999E+01 1.32999E+00  6.86759E-05  1.40779E+00 
4.26999E+01 1.33499E+00  7.01617E-05  1.41278E+00 
4.27999E+01 1.33999E+00  7.17284E-05  1.41780E+00 
4.28999E+01 1.34499E+00  7.33659E-05  1.42281E+00 
4.29999E+01 1.34999E+00  7.50634E-05  1.42780E+00 
4.30999E+01 1.35499E+00  7.68398E-05  1.43282E+00 
4.31999E+01 1.35999E+00  7.86888E-05  1.43783E+00 
4.32999E+01 1.36499E+00  8.05998E-05  1.44282E+00 
4.33999E+01 1.36999E+00  8.25826E-05  1.44783E+00 
4.34999E+01 1.37499E+00  8.46390E-05  1.45284E+00 
4.35999E+01 1.37999E+00  8.67517E-05  1.45785E+00 
4.36999E+01 1.38499E+00  8.89373E-05  1.46281E+00 
4.37999E+01 1.38999E+00  9.11724E-05  1.46783E+00 
4.38999E+01 1.39499E+00  9.34690E-05  1.47286E+00 
4.39999E+01 1.39999E+00  9.58400E-05  1.47785E+00 
4.40999E+01 1.40499E+00  9.82727E-05  1.48281E+00 
4.41999E+01 1.40999E+00  1.00762E-04  1.48785E+00 
4.42999E+01 1.41499E+00  1.03319E-04  1.49287E+00 
4.43999E+01 1.41999E+00  1.05923E-04  1.49786E+00 
4.44999E+01 1.42499E+00  1.08596E-04  1.50286E+00 
4.45999E+01 1.42999E+00  1.11325E-04  1.50785E+00 
4.46999E+01 1.43499E+00  1.14121E-04  1.51287E+00 
4.47999E+01 1.43999E+00  1.16981E-04  1.51786E+00 
4.48999E+01 1.44499E+00  1.19895E-04  1.52286E+00 
4.49999E+01 1.44999E+00  1.22879E-04  1.52785E+00 
4.50999E+01 1.45499E+00  1.25947E-04  1.53285E+00 
4.51999E+01 1.45999E+00  1.29083E-04  1.53788E+00 
4.52999E+01 1.46499E+00  1.32279E-04  1.54287E+00 
4.53999E+01 1.46999E+00  1.35519E-04  1.54786E+00 
4.54999E+01 1.47499E+00  1.38809E-04  1.55287E+00 
4.55999E+01 1.47999E+00  1.42157E-04  1.55790E+00 
4.56999E+01 1.48499E+00  1.45549E-04  1.56287E+00 
4.57999E+01 1.48999E+00  1.48981E-04  1.56788E+00 
4.58999E+01 1.49499E+00  1.52480E-04  1.57289E+00 
4.59999E+01 1.49999E+00  1.55987E-04  1.57791E+00 
4.60999E+01 1.50499E+00  1.59529E-04  1.58291E+00 
4.61999E+01 1.50999E+00  1.63119E-04  1.58788E+00 
4.62999E+01 1.51499E+00  1.66655E-04  1.59287E+00 
4.63999E+01 1.51999E+00  1.70263E-04  1.59791E+00 
4.64999E+01 1.52499E+00  1.73882E-04  1.60292E+00 
4.65999E+01 1.52999E+00  1.77498E-04  1.60792E+00 
4.66999E+01 1.53499E+00  1.81144E-04  1.61293E+00 
4.67999E+01 1.53999E+00  1.84785E-04  1.61792E+00 
4.68999E+01 1.54499E+00  1.88438E-04  1.62291E+00 
4.69999E+01 1.54999E+00  1.92116E-04  1.62795E+00 
4.70999E+01 1.55499E+00  1.95783E-04  1.63293E+00 
4.71999E+01 1.55999E+00  1.99445E-04  1.63791E+00 
4.72999E+01 1.56499E+00  2.03122E-04  1.64292E+00 
4.73999E+01 1.56999E+00  2.06846E-04  1.64793E+00 
4.74999E+01 1.57499E+00  2.10528E-04  1.65294E+00 
4.75999E+01 1.57999E+00  2.14727E-04  1.65792E+00 
4.76999E+01 1.58499E+00  2.18374E-04  1.66292E+00 
4.77999E+01 1.58999E+00  2.22075E-04  1.66795E+00 
4.78999E+01 1.59499E+00  2.25712E-04  1.67295E+00 
4.79999E+01 1.59999E+00  2.29398E-04  1.67795E+00 
4.80999E+01 1.60499E+00  2.33054E-04  1.68295E+00 
4.81999E+01 1.60999E+00  2.36720E-04  1.68794E+00 
4.82999E+01 1.61499E+00  2.40439E-04  1.69297E+00 
4.83999E+01 1.61999E+00  2.44199E-04  1.69795E+00 
4.84999E+01 1.62499E+00  2.47855E-04  1.70294E+00 
4.85999E+01 1.62999E+00  2.51559E-04  1.70794E+00 
4.86999E+01 1.63499E+00  2.55256E-04  1.71297E+00 
4.87999E+01 1.63999E+00  2.58903E-04  1.71796E+00 
4.88999E+01 1.64499E+00  2.62530E-04  1.72295E+00 
4.89999E+01 1.64999E+00  2.66145E-04  1.72797E+00 
4.90999E+01 1.65499E+00  2.69802E-04  1.73298E+00 
4.91999E+01 1.65999E+00  2.73412E-04  1.73796E+00 
4.92999E+01 1.66499E+00  2.76995E-04  1.74295E+00 
4.93999E+01 1.66999E+00  2.80560E-04  1.74798E+00 
4.94999E+01 1.67499E+00  2.84118E-04  1.75299E+00 
4.95999E+01 1.67999E+00  2.87648E-04  1.75801E+00 
4.96999E+01 1.68499E+00  2.91186E-04  1.76299E+00 
4.97999E+01 1.68999E+00  2.94664E-04  1.76800E+00 
4.98999E+01 1.69499E+00  2.98114E-04  1.77301E+00 
4.99999E+01 1.69999E+00  3.01558E-04  1.77800E+00 
5.00999E+01 1.70499E+00  3.05005E-04  1.78301E+00 
5.01999E+01 1.70999E+00  3.08357E-04  1.78801E+00 
5.02999E+01 1.71499E+00  3.11680E-04  1.79301E+00 
5.03999E+01 1.71999E+00  3.15020E-04  1.79800E+00 
5.04999E+01 1.72499E+00  3.18293E-04  1.80301E+00 
5.05999E+01 1.72999E+00  3.21588E-04  1.80801E+00 
5.06999E+01 1.73499E+00  3.24777E-04  1.81302E+00 
5.07999E+01 1.73999E+00  3.27921E-04  1.81801E+00 
5.08999E+01 1.74499E+00  3.31086E-04  1.82303E+00 
5.09999E+01 1.74999E+00  3.34176E-04  1.82803E+00 
5.10999E+01 1.75499E+00  3.37281E-04  1.83303E+00 
5.11999E+01 1.75999E+00  3.40352E-04  1.83802E+00 
5.12999E+01 1.76499E+00  3.43329E-04  1.84303E+00 
5.13999E+01 1.76999E+00  3.46281E-04  1.84804E+00 
5.14999E+01 1.77499E+00  3.49209E-04  1.85304E+00 
5.15999E+01 1.77999E+00  3.52091E-04  1.85803E+00 
5.16999E+01 1.78499E+00  3.54897E-04  1.86305E+00 
5.17999E+01 1.78999E+00  3.57685E-04  1.86807E+00 
5.18999E+01 1.79499E+00  3.60347E-04  1.87305E+00 
5.19999E+01 1.79999E+00  3.62954E-04  1.87805E+00 
5.20999E+01 1.79499E+00  3.55622E-04  1.87306E+00 
5.21999E+01 1.78999E+00  3.48654E-04  1.86806E+00 
5.22999E+01 1.78499E+00  3.41915E-04  1.86306E+00 
5.23999E+01 1.77999E+00  3.35486E-04  1.85808E+00 
5.24999E+01 1.77499E+00  3.29178E-04  1.85307E+00 
5.25999E+01 1.76999E+00  3.23149E-04  1.84809E+00 
5.26999E+01 1.76499E+00  3.17184E-04  1.84307E+00 
5.27999E+01 1.75999E+00  3.11393E-04  1.83806E+00 
5.28999E+01 1.75499E+00  3.05686E-04  1.83305E+00 
5.29999E+01 1.74999E+00  3.00075E-04  1.82806E+00 
5.30999E+01 1.74499E+00  2.94599E-04  1.82306E+00 
5.31999E+01 1.73999E+00  2.89153E-04  1.81806E+00 
5.32999E+01 1.73499E+00  2.83873E-04  1.81305E+00 
5.33999E+01 1.72999E+00  2.78615E-04  1.80807E+00 
5.34999E+01 1.72499E+00  2.73396E-04  1.80304E+00 
5.35999E+01 1.71999E+00  2.68255E-04  1.79803E+00 
5.36999E+01 1.71499E+00  2.63216E-04  1.79302E+00 
5.37999E+01 1.70999E+00  2.58187E-04  1.78805E+00 
5.38999E+01 1.70499E+00  2.53278E-04  1.78303E+00 
5.39999E+01 1.69999E+00  2.48407E-04  1.77802E+00 
5.40999E+01 1.69499E+00  2.43624E-04  1.77301E+00 
5.41999E+01 1.68999E+00  2.38836E-04  1.76804E+00 
5.42999E+01 1.68499E+00  2.34043E-04  1.76303E+00 
5.43999E+01 1.67999E+00  2.29413E-04  1.75802E+00 
5.44999E+01 1.67499E+00  2.24828E-04  1.75302E+00 
5.45999E+01 1.66999E+00  2.20259E-04  1.74800E+00 
5.46999E+01 1.66499E+00  2.15761E-04  1.74299E+00 
5.47999E+01 1.65999E+00  2.11353E-04  1.73799E+00 
5.48999E+01 1.65499E+00  2.06946E-04  1.73300E+00 
5.49999E+01 1.64999E+00  2.02745E-04  1.72797E+00 
5.50999E+01 1.64499E+00  1.98370E-04  1.72295E+00 
5.51999E+01 1.63999E+00  1.94151E-04  1.71794E+00 
5.52999E+01 1.63499E+00  1.89953E-04  1.71296E+00 
5.53999E+01 1.62999E+00  1.85819E-04  1.70795E+00 
5.54999E+01 1.62499E+00  1.81718E-04  1.70293E+00 
5.55999E+01 1.61999E+00  1.77713E-04  1.69794E+00 
5.56999E+01 1.61499E+00  1.73770E-04  1.69295E+00 
5.57999E+01 1.60999E+00  1.69850E-04  1.68794E+00 
5.58999E+01 1.60499E+00  1.66017E-04  1.68293E+00 
5.59999E+01 1.59999E+00  1.62211E-04  1.67793E+00 
5.60999E+01 1.59499E+00  1.58461E-04  1.67294E+00 
5.61999E+01 1.58999E+00  1.54740E-04  1.66797E+00 
5.62999E+01 1.58499E+00  1.51101E-04  1.66295E+00 
5.63999E+01 1.57999E+00  1.47557E-04  1.65795E+00 
5.64999E+01 1.57499E+00  1.44007E-04  1.65293E+00 
5.65999E+01 1.56999E+00  1.40522E-04  1.64796E+00 
5.66999E+01 1.56499E+00  1.37069E-04  1.64293E+00 
5.67999E+01 1.55999E+00  1.33705E-04  1.63793E+00 
5.68999E+01 1.55499E+00  1.30383E-04  1.63292E+00 
5.69999E+01 1.54999E+00  1.27107E-04  1.62792E+00 
5.70999E+01 1.54499E+00  1.23859E-04  1.62291E+00 
5.71999E+01 1.53999E+00  1.20669E-04  1.61790E+00 
5.72999E+01 1.53499E+00  1.17547E-04  1.61292E+00 
5.73999E+01 1.52999E+00  1.14473E-04  1.60793E+00 
5.74999E+01 1.52499E+00  1.11451E-04  1.60290E+00 
5.75999E+01 1.51999E+00  1.08439E-04  1.59791E+00 
5.76999E+01 1.51499E+00  1.05502E-04  1.59288E+00 
5.77999E+01 1.50999E+00  1.02607E-04  1.58791E+00 
5.78999E+01 1.50499E+00  9.97584E-05  1.58292E+00 
5.79999E+01 1.49999E+00  9.69452E-05  1.57791E+00 
5.80999E+01 1.49499E+00  9.41817E-05  1.57291E+00 
5.81999E+01 1.48999E+00  9.14852E-05  1.56791E+00 
5.82999E+01 1.48499E+00  8.88237E-05  1.56289E+00 
5.83999E+01 1.47999E+00  8.62166E-05  1.55790E+00 
5.84999E+01 1.47499E+00  8.36328E-05  1.55289E+00 
5.85999E+01 1.46999E+00  8.11419E-05  1.54789E+00 
5.86999E+01 1.46499E+00  7.86406E-05  1.54287E+00 
5.87999E+01 1.45999E+00  7.61819E-05  1.53789E+00 
5.88999E+01 1.45499E+00  7.38083E-05  1.53287E+00 
5.89999E+01 1.44999E+00  7.15053E-05  1.52788E+00 
5.90999E+01 1.44499E+00  6.92470E-05  1.52288E+00 
5.91999E+01 1.43999E+00  6.70055E-05  1.51786E+00 
5.92999E+01 1.43499E+00  6.48073E-05  1.51287E+00 
5.93999E+01 1.42999E+00  6.26597E-05  1.50785E+00 
5.94999E+01 1.42499E+00  6.05716E-05  1.50286E+00 
5.95999E+01 1.41999E+00  5.84210E-05  1.49786E+00 
5.96999E+01 1.41499E+00  5.63967E-05  1.49288E+00 
5.97999E+01 1.40999E+00  5.44640E-05  1.48786E+00 
5.98999E+01 1.40499E+00  5.25311E-05  1.48284E+00 
5.99998E+01 1.39999E+00  5.06219E-05  1.47783E+00 
6.00998E+01 1.39499E+00  4.87486E-05  1.47285E+00 
6.01998E+01 1.38999E+00  4.69344E-05  1.46784E+00 
6.02998E+01 1.38499E+00  4.51611E-05  1.46284E+00 
6.03998E+01 1.37999E+00  4.34648E-05  1.45784E+00 
6.04998E+01 1.37499E+00  4.18015E-05  1.45284E+00 
6.05998E+01 1.36999E+00  4.01954E-05  1.44783E+00 
6.06998E+01 1.36499E+00  3.86415E-05  1.44282E+00 
6.07998E+01 1.35999E+00  3.71044E-05  1.43782E+00 
6.08998E+01 1.35499E+00  3.56322E-05  1.43281E+00 
6.09998E+01 1.34999E+00  3.37174E-05  1.42783E+00 
6.10998E+01 1.34499E+00  3.23366E-05  1.42281E+00 
6.11998E+01 1.33999E+00  3.09812E-05  1.41779E+00 
6.12998E+01 1.33499E+00  2.97059E-05  1.41278E+00 
6.13998E+01 1.32999E+00  2.84540E-05  1.40778E+00 
6.14998E+01 1.32499E+00  2.72567E-05  1.40278E+00 
6.15998E+01 1.31999E+00  2.60960E-05  1.39777E+00 
6.16998E+01 1.31499E+00  2.49912E-05  1.39277E+00 
6.17998E+01 1.30999E+00  2.39195E-05  1.38777E+00 
6.18998E+01 1.30499E+00  2.28918E-05  1.38276E+00 
6.19998E+01 1.29999E+00  2.19075E-05  1.37780E+00 
6.20998E+01 1.29499E+00  2.09654E-05  1.37277E+00 
6.21998E+01 1.28999E+00  2.00780E-05  1.36776E+00 
6.22998E+01 1.28499E+00  1.92138E-05  1.36276E+00 
6.23998E+01 1.27999E+00  1.83858E-05  1.35776E+00 
6.24998E+01 1.27499E+00  1.75810E-05  1.35278E+00 
6.25998E+01 1.26999E+00  1.68236E-05  1.34778E+00 
6.26998E+01 1.26499E+00  1.61018E-05  1.34277E+00 
6.27998E+01 1.25999E+00  1.54265E-05  1.33778E+00 
6.28998E+01 1.25499E+00  1.47914E-05  1.33275E+00 
6.29998E+01 1.24999E+00  1.41849E-05  1.32773E+00 
6.30998E+01 1.24499E+00  1.36165E-05  1.32276E+00 
6.31998E+01 1.23999E+00  1.30634E-05  1.31776E+00 
6.32998E+01 1.23499E+00  1.25533E-05  1.31275E+00 
6.33998E+01 1.22999E+00  1.20720E-05  1.30777E+00 
6.34998E+01 1.22499E+00  1.16298E-05  1.30276E+00 
6.35998E+01 1.21999E+00  1.11931E-05  1.29776E+00 
6.36998E+01 1.21499E+00  1.07886E-05  1.29277E+00 
6.37998E+01 1.20999E+00  1.03921E-05  1.28773E+00 
6.38998E+01 1.20499E+00  9.99924E-06  1.28275E+00 
6.39998E+01 1.19999E+00  9.65375E-06  1.27773E+00 
6.40998E+01 1.19500E+00  9.31948E-06  1.27275E+00 
6.41998E+01 1.19000E+00  9.01086E-06  1.26771E+00 
6.42998E+01 1.18500E+00  8.71953E-06  1.26271E+00 
6.43998E+01 1.18000E+00  8.44300E-06  1.25773E+00 
6.44998E+01 1.17500E+00  8.18308E-06  1.25272E+00 
6.45998E+01 1.17000E+00  7.93829E-06  1.24771E+00 
6.46998E+01 1.16500E+00  7.71964E-06  1.24272E+00 
6.47998E+01 1.16000E+00  7.50190E-06  1.23771E+00 
6.48998E+01 1.15500E+00  7.30637E-06  1.23271E+00 
6.49998E+01 1.15000E+00  7.11272E-06  1.22770E+00 
6.50998E+01 1.14500E+00  6.93421E-06  1.22270E+00 
6.51998E+01 1.14000E+00  6.75690E-06  1.21770E+00 
6.52998E+01 1.13500E+00  6.59694E-06  1.21271E+00 
6.53998E+01 1.13000E+00  6.43296E-06  1.20770E+00 
6.54998E+01 1.12500E+00  6.27914E-06  1.20270E+00 
6.55998E+01 1.12000E+00  6.16575E-06  1.19771E+00 
6.56998E+01 1.11500E+00  6.01163E-06  1.19269E+00 
6.57998E+01 1.11000E+00  5.87214E-06  1.18771E+00 
6.58998E+01 1.10500E+00  5.74677E-06  1.18270E+00 
6.59998E+01 1.10000E+00  5.63552E-06  1.17768E+00 
6.60998E+01 1.09500E+00  5.49581E-06  1.17271E+00 
6.61998E+01 1.09000E+00  5.39238E-06  1.16769E+00 
6.62998E+01 1.08500E+00  5.30920E-06  1.16269E+00 
6.63998E+01 1.08000E+00  5.21895E-06  1.15766E+00 
6.64998E+01 1.07500E+00  5.12490E-06  1.15266E+00 
6.65998E+01 1.07000E+00  5.03082E-06  1.14766E+00 
6.66998E+01 1.06500E+00  4.97806E-06  1.14266E+00 
6.67998E+01 1.06000E+00  4.69493E-06  1.13766E+00 
6.68998E+01 1.05500E+00  4.27583E-06  1.13267E+00 
6.69998E+01 1.05000E+00  4.72257E-06  1.12769E+00 
6.70998E+01 1.04500E+00  4.70385E-06  1.12266E+00 
6.71998E+01 1.04000E+00  4.39710E-06  1.11765E+00 
6.72998E+01 1.03500E+00  4.55524E-06  1.11263E+00 
6.73998E+01 1.03000E+00  4.45231E-06  1.10763E+00 
6.74998E+01 1.02500E+00  4.39942E-06  1.10261E+00 
6.75998E+01 1.02000E+00  4.40257E-06  1.09764E+00 
6.76998E+01 1.01500E+00  4.31560E-06  1.09261E+00 
6.77998E+01 1.01000E+00  4.26813E-06  1.08761E+00 
6.78998E+01 1.00500E+00  4.19668E-06  1.08260E+00 
6.79998E+01 9.99995E-01  4.14461E-06  1.07762E+00 
6.80998E+01 9.94996E-01  4.09063E-06  1.07262E+00 
6.81998E+01 9.89996E-01  4.07340E-06  1.06760E+00 
6.82998E+01 9.84996E-01  4.17978E-06  1.06258E+00 
6.83998E+01 9.79996E-01  3.99785E-06  1.05760E+00 
6.84998E+01 9.74996E-01  3.91597E-06  1.05260E+00 
6.85998E+01 9.69996E-01  3.83941E-06  1.04761E+00 
6.86998E+01 9.64996E-01  3.72969E-06  1.04258E+00 
6.87998E+01 9.59996E-01  3.56965E-06  1.03759E+00 
6.88998E+01 9.54996E-01  3.51279E-06  1.03259E+00 
6.89998E+01 9.49996E-01  3.59171E-06  1.02759E+00 
6.90998E+01 9.44996E-01  3.47593E-06  1.02257E+00 
6.91998E+01 9.39996E-01  3.43204E-06  1.01760E+00 
6.92998E+01 9.34996E-01  3.51851E-06  1.01262E+00 
6.93998E+01 9.29996E-01  3.72110E-06  1.00758E+00 
6.94998E+01 9.24996E-01  3.50327E-06  1.00258E+00 
6.95998E+01 9.19996E-01  3.38658E-06  9.97566E-01 
6.96998E+01 9.14996E-01  3.32878E-06  9.92592E-01 
6.97998E+01 9.09996E-01  3.32057E-06  9.87575E-01 
6.98998E+01 9.04996E-01  3.32062E-06  9.82582E-01 
6.99998E+01 8.99996E-01  3.10937E-06  9.77573E-01 
7.00998E+01 8.94996E-01  3.06088E-06  9.72564E-01 
7.01998E+01 8.89996E-01  3.02943E-06  9.67591E-01 
7.02998E+01 8.84996E-01  3.00650E-06  9.62552E-01 
7.03998E+01 8.79996E-01  2.96936E-06  9.57558E-01 
7.04998E+01 8.74996E-01  2.93623E-06  9.52544E-01 
7.05998E+01 8.69996E-01  2.89556E-06  9.47548E-01 
7.06998E+01 8.64996E-01  2.85526E-06  9.42566E-01 
7.07998E+01 8.59996E-01  2.81874E-06  9.37550E-01 
7.08998E+01 8.54996E-01  2.77499E-06  9.32529E-01 
7.09998E+01 8.49996E-01  2.73380E-06  9.27542E-01 
7.10998E+01 8.44996E-01  2.69095E-06  9.22526E-01 
7.11998E+01 8.39996E-01  2.64469E-06  9.17551E-01 
7.12998E+01 8.34996E-01  2.61100E-06  9.12533E-01 
7.13998E+01 8.29996E-01  2.55191E-06  9.07521E-01 
7.14998E+01 8.24996E-01  2.54270E-06  9.02504E-01 
7.15998E+01 8.19996E-01  2.49798E-06  8.97542E-01 
7.16998E+01 8.14996E-01  2.41323E-06  8.92502E-01 
7.17998E+01 8.09996E-01  2.34865E-06  8.87520E-01 
7.18998E+01 8.04996E-01  2.31194E-06  8.82527E-01 
7.19998E+01 7.99996E-01  2.31389E-06  8.77542E-01 
7.20998E+01 7.94996E-01  2.25637E-06  8.72502E-01 
7.21998E+01 7.89996E-01  2.17825E-06  8.67477E-01 
7.22998E+01 7.84996E-01  2.13324E-06  8.62515E-01 
7.23998E+01 7.79996E-01  2.06618E-06  8.57515E-01 
7.24998E+01 7.74996E-01  2.00790E-06  8.52522E-01 
7.25998E+01 7.69996E-01  1.95579E-06  8.47486E-01 
7.26998E+01 7.64996E-01  1.88576E-06  8.42503E-01 
7.27998E+01 7.59996E-01  1.84356E-06  8.37506E-01 
7.28998E+01 7.54996E-01  1.76679E-06  8.32503E-01 
7.29998E+01 7.49996E-01  1.70503E-06  8.27482E-01 
7.30998E+01 7.44996E-01  1.49236E-06  8.22489E-01 
7.31998E+01 7.39996E-01  1.54942E-06  8.17507E-01 
7.32998E+01 7.34996E-01  1.52594E-06  8.12485E-01 
7.33998E+01 7.29996E-01  1.50629E-06  8.07480E-01 
7.34998E+01 7.24996E-01  1.56456E-06  8.02469E-01 
7.35998E+01 7.19996E-01  1.44216E-06  7.97482E-01 
7.36998E+01 7.14996E-01  1.37622E-06  7.92457E-01 
7.37998E+01 7.09996E-01  1.32725E-06  7.87495E-01 
7.38998E+01 7.04996E-01  1.25942E-06  7.82466E-01 
7.39998E+01 6.99996E-01  1.19111E-06  7.77444E-01 
7.40998E+01 6.94996E-01  1.08249E-06  7.72435E-01 
7.41998E+01 6.89996E-01  9.01454E-07  7.67449E-01 
7.42998E+01 6.84996E-01  1.01554E-06  7.62463E-01 
7.43998E+01 6.79996E-01  9.03893E-07  7.57450E-01 
7.44998E+01 6.74996E-01  8.38476E-07  7.52408E-01 
7.45998E+01 6.69996E-01  7.60577E-07  7.47420E-01 
7.46998E+01 6.64996E-01  6.88070E-07  7.42423E-01 
7.47998E+01 6.59996E-01  6.09882E-07  7.37416E-01 
7.48998E+01 6.54996E-01  5.25155E-07  7.32435E-01 
7.49998E+01 6.49996E-01  4.39245E-07  7.27443E-01 
7.50998E+01 6.44996E-01  3.47311E-07  7.22436E-01 
7.51998E+01 6.39996E-01  2.64691E-07  7.17444E-01 
7.52998E+01 6.34996E-01  1.96368E-07  7.12425E-01 
7.53998E+01 6.29996E-01  1.22192E-07  7.07435E-01 
7.54998E+01 6.24996E-01  3.96593E-08  7.02452E-01 
7.55998E+01 6.19996E-01  -2.29026E-08 6.97418E-01 
7.56998E+01 6.14996E-01  -8.43824E-08 6.92399E-01 
7.57998E+01 6.09996E-01  -1.59435E-07 6.87399E-01 
7.58998E+01 6.04996E-01  -2.18262E-07 6.82433E-01 
7.59998E+01 5.99996E-01  -2.30126E-07 6.77429E-01 
7.60998E+01 5.94997E-01  -3.92856E-07 6.72413E-01 
7.61998E+01 5.89997E-01  -4.81350E-07 6.67421E-01 
7.62998E+01 5.84997E-01  -5.69064E-07 6.62411E-01 
7.63998E+01 5.79997E-01  -6.52034E-07 6.57416E-01 
7.64998E+01 5.74997E-01  -7.38279E-07 6.52408E-01 
7.65998E+01 5.69997E-01  -8.27722E-07 6.47396E-01 
7.66998E+01 5.64997E-01  -9.15541E-07 6.42404E-01 
7.67998E+01 5.59997E-01  -1.00686E-06 6.37421E-01 
7.68998E+01 5.54997E-01  -1.10338E-06 6.32397E-01 
7.69998E+01 5.49997E-01  -1.19916E-06 6.27372E-01 
7.70998E+01 5.44997E-01  -1.29285E-06 6.22391E-01 
7.71998E+01 5.39997E-01  -1.38393E-06 6.17398E-01 
7.72998E+01 5.34997E-01  -1.48141E-06 6.12381E-01 
7.73998E+01 5.29997E-01  -1.57606E-06 6.07360E-01 
7.74998E+01 5.24997E-01  -1.66698E-06 6.02351E-01 
7.75998E+01 5.19997E-01  -1.75650E-06 5.97345E-01 
7.76998E+01 5.14997E-01  -1.85606E-06 5.92343E-01 
7.77998E+01 5.09997E-01  -1.96698E-06 5.87342E-01 
7.78998E+01 5.04997E-01  -2.07992E-06 5.82340E-01 
7.79998E+01 4.99997E-01  -2.18579E-06 5.77352E-01 
7.80998E+01 4.94997E-01  -2.29593E-06 5.72367E-01 
7.81998E+01 4.89997E-01  -2.41466E-06 5.67339E-01 
7.82998E+01 4.84997E-01  -2.53424E-06 5.62307E-01 
7.83998E+01 4.79997E-01  -2.65660E-06 5.57321E-01 
7.84998E+01 4.74997E-01  -2.78046E-06 5.52346E-01 
7.85998E+01 4.69997E-01  -2.91806E-06 5.47329E-01 
7.86998E+01 4.64997E-01  -3.06287E-06 5.42328E-01 
7.87998E+01 4.59997E-01  -3.21632E-06 5.37310E-01 
7.88998E+01 4.54997E-01  -3.39675E-06 5.32328E-01 
7.89998E+01 4.49997E-01  -3.56429E-06 5.27339E-01 
7.90998E+01 4.44997E-01  -3.73880E-06 5.22310E-01 
7.91998E+01 4.39997E-01  -3.91364E-06 5.17315E-01 
7.92998E+01 4.34997E-01  -4.11804E-06 5.12317E-01 
7.93998E+01 4.29997E-01  -4.29177E-06 5.07297E-01 
7.94998E+01 4.24997E-01  -4.49747E-06 5.02301E-01 
7.95998E+01 4.19997E-01  -4.69575E-06 4.97318E-01 
7.96998E+01 4.14997E-01  -4.92401E-06 4.92311E-01 
7.97998E+01 4.09997E-01  -5.14640E-06 4.87294E-01 
7.98998E+01 4.04997E-01  -5.37721E-06 4.82297E-01 
7.99998E+01 3.99997E-01  -5.66753E-06 4.77328E-01 
8.00998E+01 3.94997E-01  -5.90812E-06 4.72289E-01 
8.01998E+01 3.89997E-01  -6.17654E-06 4.67287E-01 
8.02998E+01 3.84997E-01  -6.47320E-06 4.62272E-01 
8.03998E+01 3.79997E-01  -6.78173E-06 4.57268E-01 
8.04998E+01 3.74997E-01  -7.09076E-06 4.52294E-01 
8.05998E+01 3.69997E-01  -7.41096E-06 4.47262E-01 
8.06998E+01 3.64997E-01  -7.74188E-06 4.42266E-01 
8.07998E+01 3.59997E-01  -8.08597E-06 4.37269E-01 
8.08998E+01 3.54997E-01  -8.44397E-06 4.32258E-01 
8.09998E+01 3.49997E-01  -8.81130E-06 4.27247E-01 
8.10998E+01 3.44997E-01  -9.21444E-06 4.22253E-01 
8.11998E+01 3.39997E-01  -9.62006E-06 4.17285E-01 
8.12998E+01 3.34997E-01  -1.00470E-05 4.12250E-01 
8.13998E+01 3.29997E-01  -1.04700E-05 4.07221E-01 
8.14998E+01 3.24997E-01  -1.09175E-05 4.02235E-01 
8.15998E+01 3.19997E-01  -1.13768E-05 3.97256E-01 
8.16998E+01 3.14997E-01  -1.18459E-05 3.92221E-01 
8.17998E+01 3.09997E-01  -1.23310E-05 3.87241E-01 
8.18998E+01 3.04997E-01  -1.28302E-05 3.82225E-01 
8.19998E+01 2.99997E-01  -1.33356E-05 3.77244E-01 
8.20998E+01 2.94997E-01  -1.38643E-05 3.72240E-01 
8.21998E+01 2.89997E-01  -1.44297E-05 3.67236E-01 
8.22998E+01 2.84997E-01  -1.50211E-05 3.62229E-01 
8.23998E+01 2.79997E-01  -1.56202E-05 3.57244E-01 
8.24998E+01 2.74997E-01  -1.62433E-05 3.52249E-01 
8.25998E+01 2.69997E-01  -1.68888E-05 3.47229E-01 
8.26998E+01 2.64997E-01  -1.75638E-05 3.42227E-01 
8.27998E+01 2.59997E-01  -1.82557E-05 3.37232E-01 
8.28998E+01 2.54997E-01  -1.89068E-05 3.32221E-01 
8.29998E+01 2.49997E-01  -1.95978E-05 3.27235E-01 
8.30998E+01 2.44997E-01  -2.02980E-05 3.22218E-01 
8.31998E+01 2.39997E-01  -2.10147E-05 3.17207E-01 
8.32998E+01 2.34997E-01  -2.17496E-05 3.12193E-01 
8.33998E+01 2.29997E-01  -2.24975E-05 3.07200E-01 
8.34998E+01 2.24997E-01  -2.32414E-05 3.02198E-01 
8.35998E+01 2.19997E-01  -2.39773E-05 2.97167E-01 
8.36998E+01 2.14997E-01  -2.47139E-05 2.92152E-01 
8.37998E+01 2.09997E-01  -2.54506E-05 2.87177E-01 
8.38998E+01 2.04997E-01  -2.61772E-05 2.82156E-01 
8.39998E+01 1.99997E-01  -2.68975E-05 2.77155E-01 
8.40998E+01 1.94998E-01  -2.75960E-05 2.72132E-01 
8.41998E+01 1.89998E-01  -2.82806E-05 2.67142E-01 
8.42998E+01 1.84998E-01  -2.89409E-05 2.62172E-01 
8.43998E+01 1.79998E-01  -2.95815E-05 2.57173E-01 
8.44998E+01 1.74998E-01  -3.01937E-05 2.52125E-01 
8.45998E+01 1.69998E-01  -3.07777E-05 2.47141E-01 
8.46998E+01 1.64998E-01  -3.13268E-05 2.42150E-01 
8.47998E+01 1.59998E-01  -3.18571E-05 2.37155E-01 
8.48998E+01 1.54998E-01  -3.23553E-05 2.32140E-01 
8.49998E+01 1.49998E-01  -3.28318E-05 2.27169E-01 
8.50998E+01 1.44998E-01  -3.32839E-05 2.22163E-01 
8.51998E+01 1.39998E-01  -3.37178E-05 2.17151E-01 
8.52998E+01 1.34998E-01  -3.41430E-05 2.12130E-01 
8.53998E+01 1.29998E-01  -3.45717E-05 2.07141E-01 
8.54998E+01 1.24998E-01  -3.50020E-05 2.02162E-01 
8.55998E+01 1.19998E-01  -3.54389E-05 1.97148E-01 
8.56998E+01 1.14998E-01  -3.58776E-05 1.92144E-01 
8.57998E+01 1.09998E-01  -3.63099E-05 1.87128E-01 
8.58998E+01 1.04998E-01  -3.67417E-05 1.82135E-01 
8.59998E+01 9.99977E-02  -3.71636E-05 1.77156E-01 
8.60998E+01 9.49978E-02  -3.75882E-05 1.72139E-01 
8.61998E+01 8.99978E-02  -3.80006E-05 1.67146E-01 
8.62998E+01 8.49978E-02  -3.84206E-05 1.62167E-01 
8.63998E+01 7.99978E-02  -3.88244E-05 1.57165E-01 
8.64998E+01 7.49978E-02  -3.92127E-05 1.52138E-01 
8.65998E+01 6.99978E-02  -3.95805E-05 1.47130E-01 
8.66998E+01 6.49978E-02  -3.99317E-05 1.42124E-01 
8.67998E+01 5.99978E-02  -4.02315E-05 1.37123E-01 
8.68998E+01 5.49979E-02  -4.04876E-05 1.32104E-01 
8.69998E+01 4.99979E-02  -4.07353E-05 1.27105E-01 
8.70998E+01 4.49979E-02  -4.09440E-05 1.22141E-01 
8.71998E+01 3.99979E-02  -4.11249E-05 1.17127E-01 
8.72998E+01 3.49979E-02  -4.13028E-05 1.12105E-01 
8.73998E+01 2.99979E-02  -4.14616E-05 1.07124E-01 
8.74998E+01 2.49979E-02  -4.16200E-05 1.02133E-01 
8.75998E+01 1.99979E-02  -4.17753E-05 9.71049E-02 
8.76998E+01 1.49980E-02  -4.19151E-05 9.20896E-02 
8.77998E+01 9.99797E-03  -4.20370E-05 8.70961E-02 
8.78998E+01 4.99799E-03  -4.21462E-05 8.21096E-02 
8.79998E+01 -2.00000E-06 -4.22444E-05 7.70931E-02 
8.80998E+01 -5.00199E-03 -4.23294E-05 7.20784E-02 
8.81998E+01 -1.00020E-02 -4.24154E-05 6.70725E-02 
8.82998E+01 -1.50020E-02 -4.25041E-05 6.21172E-02 
8.83998E+01 -2.00020E-02 -4.25953E-05 5.70882E-02 
8.84998E+01 -2.50019E-02 -4.26895E-05 5.20922E-02 
8.85998E+01 -3.00019E-02 -4.27835E-05 4.70520E-02 
8.86998E+01 -3.50019E-02 -4.28804E-05 4.20985E-02 
8.87998E+01 -4.00019E-02 -4.29876E-05 3.70601E-02 
8.88998E+01 -4.50019E-02 -4.30944E-05 3.20436E-02 
8.89998E+01 -5.00019E-02 -4.32158E-05 2.70308E-02 
8.90998E+01 -5.50019E-02 -4.33425E-05 2.20724E-02 
8.91998E+01 -6.00019E-02 -4.34713E-05 1.70477E-02 
8.92998E+01 -6.50018E-02 -4.36099E-05 1.20474E-02 
8.93998E+01 -7.00018E-02 -4.37562E-05 7.05395E-03 
8.94998E+01 -7.50018E-02 -4.39094E-05 2.06052E-03 
8.95998E+01 -8.00018E-02 -4.40749E-05 -2.96097E-03
8.96998E+01 -8.50018E-02 -4.42490E-05 -7.94877E-03
8.97998E+01 -9.00018E-02 -4.44240E-05 -1.29703E-02
8.98998E+01 -9.50018E-02 -4.45869E-05 -1.79719E-02
8.99998E+01 -1.00002E-01 -4.47650E-05 -2.29547E-02
9.00998E+01 -1.05002E-01 -4.49696E-05 -2.79631E-02
9.01998E+01 -1.10002E-01 -4.51669E-05 -3.29777E-02
9.02998E+01 -1.15002E-01 -4.53573E-05 -3.79843E-02
9.03998E+01 -1.20002E-01 -4.56076E-05 -4.29721E-02
9.04998E+01 -1.25002E-01 -4.58319E-05 -4.79718E-02
9.05998E+01 -1.30002E-01 -4.60789E-05 -5.29608E-02
9.06998E+01 -1.35002E-01 -4.62882E-05 -5.80042E-02
9.07998E+01 -1.40002E-01 -4.65203E-05 -6.29895E-02
9.08998E+01 -1.45002E-01 -4.67878E-05 -6.79698E-02
9.09998E+01 -1.50002E-01 -4.70343E-05 -7.29758E-02
9.10998E+01 -1.55002E-01 -4.73033E-05 -7.79929E-02
9.11998E+01 -1.60002E-01 -4.75723E-05 -8.30156E-02
9.12998E+01 -1.65002E-01 -4.78463E-05 -8.79916E-02
9.13998E+01 -1.70002E-01 -4.81928E-05 -9.29813E-02
9.14998E+01 -1.75002E-01 -4.84643E-05 -9.79991E-02
9.15998E+01 -1.80002E-01 -4.87986E-05 -1.03004E-01
9.16998E+01 -1.85002E-01 -4.91346E-05 -1.08016E-01
9.17998E+01 -1.90002E-01 -4.95220E-05 -1.12996E-01
9.18998E+01 -1.95002E-01 -4.99563E-05 -1.18005E-01
9.19998E+01 -2.00002E-01 -5.03700E-05 -1.23030E-01
9.20998E+01 -2.05001E-01 -5.09316E-05 -1.28010E-01
9.21998E+01 -2.10001E-01 -5.14090E-05 -1.33003E-01
9.22998E+01 -2.15001E-01 -5.20003E-05 -1.38042E-01
9.23998E+01 -2.20001E-01 -5.25693E-05 -1.43033E-01
9.24998E+01 -2.25001E-01 -5.31481E-05 -1.48014E-01
9.25998E+01 -2.30001E-01 -5.38051E-05 -1.53014E-01
9.26998E+01 -2.35001E-01 -5.43916E-05 -1.58030E-01
9.27998E+01 -2.40001E-01 -5.50741E-05 -1.63048E-01
9.28998E+01 -2.45001E-01 -5.56501E-05 -1.68046E-01
9.29998E+01 -2.50001E-01 -5.62895E-05 -1.73023E-01
9.30998E+01 -2.55001E-01 -5.69263E-05 -1.78052E-01
9.31998E+01 -2.60001E-01 -5.75426E-05 -1.83060E-01
9.32998E+01 -2.65001E-01 -5.82577E-05 -1.88054E-01
9.33998E+01 -2.70001E-01 -5.88735E-05 -1.93076E-01
9.34998E+01 -2.75001E-01 -5.95322E-05 -1.98069E-01
9.35998E+01 -2.80001E-01 -6.02054E-05 -2.03066E-01
9.36998E+01 -2.85001E-01 -6.08359E-05 -2.08055E-01
9.37998E+01 -2.90001E-01 -6.15590E-05 -2.13078E-01
9.38998E+01 -2.95001E-01 -6.21846E-05 -2.18074E-01
9.39998E+01 -3.00001E-01 -6.28463E-05 -2.23056E-01
9.40998E+01 -3.05001E-01 -6.35341E-05 -2.28084E-01
9.41998E+01 -3.10001E-01 -6.41877E-05 -2.33064E-01
9.42998E+01 -3.15001E-01 -6.48364E-05 -2.38095E-01
9.43998E+01 -3.20001E-01 -6.54833E-05 -2.43118E-01
9.44998E+01 -3.25001E-01 -6.61733E-05 -2.48094E-01
9.45998E+01 -3.30001E-01 -6.68368E-05 -2.53087E-01
9.46998E+01 -3.35001E-01 -6.75017E-05 -2.58087E-01
9.47998E+01 -3.40001E-01 -6.81319E-05 -2.63093E-01
9.48998E+01 -3.45001E-01 -6.87512E-05 -2.68113E-01
9.49998E+01 -3.50001E-01 -6.93364E-05 -2.73081E-01
9.50998E+01 -3.55001E-01 -6.99063E-05 -2.78099E-01
9.51998E+01 -3.60001E-01 -7.04519E-05 -2.83093E-01
9.52998E+01 -3.65001E-01 -7.09857E-05 -2.88087E-01
9.53998E+01 -3.70001E-01 -7.15119E-05 -2.93072E-01
9.54998E+01 -3.75001E-01 -7.20207E-05 -2.98098E-01
9.55998E+01 -3.80001E-01 -7.25104E-05 -3.03114E-01
9.56998E+01 -3.85001E-01 -7.29889E-05 -3.08114E-01
9.57998E+01 -3.90001E-01 -7.34599E-05 -3.13122E-01
9.58998E+01 -3.95001E-01 -7.39076E-05 -3.18124E-01
9.59998E+01 -4.00001E-01 -7.43447E-05 -3.23127E-01
9.60998E+01 -4.05001E-01 -7.47616E-05 -3.28130E-01
9.61998E+01 -4.10001E-01 -7.51735E-05 -3.33128E-01
9.62998E+01 -4.15001E-01 -7.55561E-05 -3.38134E-01
9.63998E+01 -4.20001E-01 -7.59305E-05 -3.43129E-01
9.64998E+01 -4.25001E-01 -7.62910E-05 -3.48133E-01
9.65998E+01 -4.30001E-01 -7.66550E-05 -3.53151E-01
9.66998E+01 -4.35001E-01 -7.69997E-05 -3.58167E-01
9.67998E+01 -4.40001E-01 -7.73339E-05 -3.63138E-01
9.68998E+01 -4.45001E-01 -7.76817E-05 -3.68146E-01
9.69998E+01 -4.50001E-01 -7.80114E-05 -3.73135E-01
9.70998E+01 -4.55001E-01 -7.83318E-05 -3.78159E-01
9.71998E+01 -4.60001E-01 -7.86526E-05 -3.83141E-01
9.72998E+01 -4.65001E-01 -7.90085E-05 -3.88117E-01
9.73998E+01 -4.70001E-01 -7.93642E-05 -3.93139E-01
9.74998E+01 -4.75001E-01 -7.97125E-05 -3.98145E-01
9.75998E+01 -4.80001E-01 -8.00486E-05 -4.03131E-01
9.76998E+01 -4.85001E-01 -8.04218E-05 -4.08142E-01
9.77998E+01 -4.90001E-01 -8.07962E-05 -4.13162E-01
9.78998E+01 -4.95001E-01 -8.11668E-05 -4.18173E-01
9.79998E+01 -5.00001E-01 -8.15393E-05 -4.23147E-01
9.80998E+01 -5.05001E-01 -8.19517E-05 -4.28165E-01
9.81998E+01 -5.10001E-01 -8.23296E-05 -4.33167E-01
9.82998E+01 -5.15001E-01 -8.27258E-05 -4.38184E-01
9.83998E+01 -5.20001E-01 -8.31197E-05 -4.43165E-01
9.84998E+01 -5.25001E-01 -8.35127E-05 -4.48161E-01
9.85998E+01 -5.30001E-01 -8.38819E-05 -4.53180E-01
9.86998E+01 -5.35001E-01 -8.42762E-05 -4.58186E-01
9.87998E+01 -5.40001E-01 -8.46466E-05 -4.63172E-01
9.88998E+01 -5.45001E-01 -8.50495E-05 -4.68183E-01
9.89998E+01 -5.50001E-01 -8.54558E-05 -4.73184E-01
9.90998E+01 -5.55001E-01 -8.58732E-05 -4.78214E-01
9.91998E+01 -5.60001E-01 -8.62916E-05 -4.83186E-01
9.92998E+01 -5.65001E-01 -8.67091E-05 -4.88217E-01
9.93998E+01 -5.70001E-01 -8.71377E-05 -4.93217E-01
9.94998E+01 -5.75001E-01 -8.75745E-05 -4.98216E-01
9.95998E+01 -5.80001E-01 -8.80382E-05 -5.03223E-01
9.96998E+01 -5.85001E-01 -8.84936E-05 -5.08237E-01
9.97998E+01 -5.90001E-01 -8.89530E-05 -5.13252E-01
9.98998E+01 -5.95001E-01 -8.93795E-05 -5.18264E-01
9.99997E+01 -6.00001E-01 -8.98086E-05 -5.23248E-01
1.00100E+02 -6.05000E-01 -9.02154E-05 -5.28262E-01
1.00200E+02 -6.10000E-01 -9.05991E-05 -5.33272E-01
1.00300E+02 -6.15000E-01 -9.10208E-05 -5.38245E-01
1.00400E+02 -6.20000E-01 -9.14118E-05 -5.43223E-01
1.00500E+02 -6.25000E-01 -9.17922E-05 -5.48249E-01
1.00600E+02 -6.30000E-01 -9.22102E-05 -5.53263E-01
1.00700E+02 -6.35000E-01 -9.25956E-05 -5.58270E-01
1.00800E+02 -6.40000E-01 -9.30068E-05 -5.63256E-01
1.00900E+02 -6.45000E-01 -9.34272E-05 -5.68284E-01
1.01000E+02 -6.50000E-01 -9.38633E-05 -5.73287E-01
1.01100E+02 -6.55000E-01 -9.42876E-05 -5.78281E-01
1.01200E+02 -6.60000E-01 -9.47493E-05 -5.83275E-01
1.01300E+02 -6.65000E-01 -9.51959E-05 -5.88270E-01
1.01400E+02 -6.70000E-01 -9.55593E-05 -5.93253E-01
1.01500E+02 -6.75000E-01 -9.59980E-05 -5.98283E-01
1.01600E+02 -6.80000E-01 -9.64113E-05 -6.03247E-01
1.01700E+02 -6.85000E-01 -9.68476E-05 -6.08260E-01
1.01800E+02 -6.90000E-01 -9.72372E-05 -6.13285E-01
1.01900E+02 -6.95000E-01 -9.76546E-05 -6.18263E-01
1.02000E+02 -7.00000E-01 -9.80251E-05 -6.23264E-01
1.02100E+02 -7.05000E-01 -9.84599E-05 -6.28258E-01
1.02200E+02 -7.10000E-01 -9.88380E-05 -6.33279E-01
1.02300E+02 -7.15000E-01 -9.92217E-05 -6.38294E-01
1.02400E+02 -7.20000E-01 -9.95685E-05 -6.43264E-01
1.02500E+02 -7.25000E-01 -9.99626E-05 -6.48296E-01
1.02600E+02 -7.30000E-01 -1.00348E-04 -6.53286E-01
1.02700E+02 -7.35000E-01 -1.00707E-04 -6.58325E-01
1.02800E+02 -7.40000E-01 -1.01101E-04 -6.63315E-01
1.02900E+02 -7.45000E-01 -1.01510E-04 -6.68306E-01
1.03000E+02 -7.50000E-01 -1.01893E-04 -6.73301E-01
1.03100E+02 -7.55000E-01 -1.02368E-04 -6.78317E-01
1.03200E+02 -7.60000E-01 -1.02911E-04 -6.83330E-01
1.03300E+02 -7.65000E-01 -1.03306E-04 -6.88288E-01
1.03400E+02 -7.70000E-01 -1.03782E-04 -6.93338E-01
1.03500E+02 -7.75000E-01 -1.04313E-04 -6.98319E-01
1.03600E+02 -7.80000E-01 -1.04828E-04 -7.03345E-01
1.03700E+02 -7.85000E-01 -1.05346E-04 -7.08324E-01
1.03800E+02 -7.90000E-01 -1.05893E-04 -7.13316E-01
1.03900E+02 -7.95000E-01 -1.06398E-04 -7.18317E-01
