time/s      E/V        I/A
0.00000E+00 -8.00000E-01 -3.14632E-05 -7.27365E-01
9.99997E-02 -7.95000E-01 -3.01499E-05 -7.22365E-01
1.99999E-01 -7.90000E-01 -2.90918E-05 -7.17372E-01
2.99999E-01 -7.85000E-01 -2.81675E-05 -7.12354E-01
3.99999E-01 -7.80000E-01 -2.73213E-05 -7.07362E-01
4.99999E-01 -7.75000E-01 -2.65478E-05 -7.02360E-01
5.99998E-01 -7.70000E-01 -2.58247E-05 -6.97361E-01
6.99998E-01 -7.65000E-01 -2.51501E-05 -6.92350E-01
7.99998E-01 -7.60000E-01 -2.44866E-05 -6.87342E-01
8.99998E-01 -7.55000E-01 -2.38929E-05 -6.82330E-01
9.99997E-01 -7.50000E-01 -2.33152E-05 -6.77351E-01
1.10000E+00 -7.45000E-01 -2.27666E-05 -6.72319E-01
1.20000E+00 -7.40000E-01 -2.22410E-05 -6.67339E-01
1.30000E+00 -7.35000E-01 -2.17321E-05 -6.62339E-01
1.40000E+00 -7.30000E-01 -2.12451E-05 -6.57343E-01
1.50000E+00 -7.25000E-01 -2.07760E-05 -6.52330E-01
1.60000E+00 -7.20000E-01 -2.03228E-05 -6.47312E-01
1.70000E+00 -7.15000E-01 -1.98843E-05 -6.42323E-01
1.80000E+00 -7.10000E-01 -1.94598E-05 -6.37336E-01
1.90000E+00 -7.05000E-01 -1.90524E-05 -6.32310E-01
1.99999E+00 -7.00000E-01 -1.86542E-05 -6.27302E-01
2.09999E+00 -6.95000E-01 -1.82665E-05 -6.22299E-01
2.19999E+00 -6.90000E-01 -1.78848E-05 -6.17313E-01
2.29999E+00 -6.85000E-01 -1.75161E-05 -6.12315E-01
2.39999E+00 -6.80000E-01 -1.71455E-05 -6.07296E-01
2.49999E+00 -6.75000E-01 -1.67979E-05 -6.02303E-01
2.59999E+00 -6.70000E-01 -1.64582E-05 -5.97305E-01
2.69999E+00 -6.65000E-01 -1.61242E-05 -5.92276E-01
2.79999E+00 -6.60000E-01 -1.57941E-05 -5.87297E-01
2.89999E+00 -6.55000E-01 -1.54770E-05 -5.82269E-01
2.99999E+00 -6.50000E-01 -1.51627E-05 -5.77290E-01
3.09999E+00 -6.45000E-01 -1.48514E-05 -5.72294E-01
3.19999E+00 -6.40000E-01 -1.45438E-05 -5.67282E-01
3.29999E+00 -6.35000E-01 -1.42444E-05 -5.62256E-01
3.39999E+00 -6.30000E-01 -1.41435E-05 -5.57258E-01
3.49999E+00 -6.25000E-01 -1.37515E-05 -5.52261E-01
3.59999E+00 -6.20000E-01 -1.34376E-05 -5.47265E-01
3.69999E+00 -6.15000E-01 -1.31438E-05 -5.42255E-01
3.79999E+00 -6.10000E-01 -1.28645E-05 -5.37259E-01
3.89999E+00 -6.05000E-01 -1.25871E-05 -5.32285E-01
3.99999E+00 -6.00001E-01 -1.23359E-05 -5.27261E-01
4.09999E+00 -5.95001E-01 -1.20582E-05 -5.22232E-01
4.19999E+00 -5.90001E-01 -1.18058E-05 -5.17238E-01
4.29999E+00 -5.85001E-01 -1.15487E-05 -5.12249E-01
4.39999E+00 -5.80001E-01 -1.13388E-05 -5.07254E-01
4.49999E+00 -5.75001E-01 -1.11153E-05 -5.02238E-01
4.59999E+00 -5.70001E-01 -1.08834E-05 -4.97273E-01
4.69999E+00 -5.65001E-01 -1.06493E-05 -4.92254E-01
4.79999E+00 -5.60001E-01 -1.03907E-05 -4.87259E-01
4.89999E+00 -5.55001E-01 -1.02441E-05 -4.82225E-01
4.99999E+00 -5.50001E-01 -1.00031E-05 -4.77228E-01
5.09999E+00 -5.45001E-01 -9.74285E-06 -4.72212E-01
5.19999E+00 -5.40001E-01 -9.48168E-06 -4.67193E-01
5.29999E+00 -5.35001E-01 -9.30025E-06 -4.62206E-01
5.39999E+00 -5.30001E-01 -9.14124E-06 -4.57227E-01
5.49999E+00 -5.25001E-01 -9.00295E-06 -4.52204E-01
5.59999E+00 -5.20001E-01 -8.67573E-06 -4.47204E-01
5.69999E+00 -5.15001E-01 -8.39677E-06 -4.42207E-01
5.79999E+00 -5.10001E-01 -8.16565E-06 -4.37219E-01
5.89999E+00 -5.05001E-01 -7.96485E-06 -4.32193E-01
5.99998E+00 -5.00001E-01 -7.80894E-06 -4.27185E-01
6.09998E+00 -4.95001E-01 -7.54548E-06 -4.22188E-01
6.19998E+00 -4.90001E-01 -7.32448E-06 -4.17190E-01
6.29998E+00 -4.85001E-01 -7.13545E-06 -4.12194E-01
6.39998E+00 -4.80001E-01 -6.99344E-06 -4.07157E-01
6.49998E+00 -4.75001E-01 -6.83727E-06 -4.02183E-01
6.59998E+00 -4.70001E-01 -6.67484E-06 -3.97183E-01
6.69998E+00 -4.65001E-01 -6.49668E-06 -3.92173E-01
6.79998E+00 -4.60001E-01 -6.40893E-06 -3.87164E-01
6.89998E+00 -4.55001E-01 -6.19623E-06 -3.82179E-01
6.99998E+00 -4.50001E-01 -6.05172E-06 -3.77177E-01
7.09998E+00 -4.45001E-01 -5.85166E-06 -3.72171E-01
7.19998E+00 -4.40001E-01 -5.70683E-06 -3.67161E-01
7.29998E+00 -4.35001E-01 -5.49303E-06 -3.62162E-01
7.39998E+00 -4.30001E-01 -5.42639E-06 -3.57166E-01
7.49998E+00 -4.25001E-01 -5.18642E-06 -3.52164E-01
7.59998E+00 -4.20001E-01 -5.03511E-06 -3.47148E-01
7.69998E+00 -4.15001E-01 -4.83469E-06 -3.42153E-01
7.79998E+00 -4.10001E-01 -4.74318E-06 -3.37153E-01
7.89998E+00 -4.05001E-01 -4.56445E-06 -3.32131E-01
7.99998E+00 -4.00001E-01 -4.36573E-06 -3.27146E-01
8.09998E+00 -3.95001E-01 -4.28237E-06 -3.22138E-01
8.19998E+00 -3.90001E-01 -4.13003E-06 -3.17113E-01
8.29998E+00 -3.85001E-01 -3.90106E-06 -3.12120E-01
8.39998E+00 -3.80001E-01 -3.63473E-06 -3.07120E-01
8.49998E+00 -3.75001E-01 -3.57587E-06 -3.02125E-01
8.59998E+00 -3.70001E-01 -3.49504E-06 -2.97104E-01
8.69998E+00 -3.65001E-01 -3.33767E-06 -2.92094E-01
8.79998E+00 -3.60001E-01 -3.19126E-06 -2.87112E-01
8.89998E+00 -3.55001E-01 -3.05316E-06 -2.82107E-01
8.99998E+00 -3.50001E-01 -2.93004E-06 -2.77094E-01
9.09998E+00 -3.45001E-01 -2.81163E-06 -2.72090E-01
9.19998E+00 -3.40001E-01 -2.68667E-06 -2.67093E-01
9.29998E+00 -3.35001E-01 -2.55479E-06 -2.62115E-01
9.39998E+00 -3.30001E-01 -2.42320E-06 -2.57097E-01
9.49998E+00 -3.25001E-01 -2.29734E-06 -2.52103E-01
9.59998E+00 -3.20001E-01 -2.16993E-06 -2.47107E-01
9.69998E+00 -3.15001E-01 -2.03765E-06 -2.42093E-01
9.79998E+00 -3.10001E-01 -1.89994E-06 -2.37099E-01
9.89998E+00 -3.05001E-01 -1.75649E-06 -2.32079E-01
9.99997E+00 -3.00001E-01 -1.61209E-06 -2.27069E-01
1.01000E+01 -2.95001E-01 -1.46740E-06 -2.22083E-01
1.02000E+01 -2.90001E-01 -1.32514E-06 -2.17099E-01
1.03000E+01 -2.85001E-01 -1.18143E-06 -2.12085E-01
1.04000E+01 -2.80001E-01 -1.03709E-06 -2.07090E-01
1.05000E+01 -2.75001E-01 -8.94323E-07 -2.02073E-01
1.06000E+01 -2.70001E-01 -7.55267E-07 -1.97094E-01
1.07000E+01 -2.65001E-01 -6.11622E-07 -1.92080E-01
1.08000E+01 -2.60001E-01 -4.67204E-07 -1.87073E-01
1.09000E+01 -2.55001E-01 -3.18565E-07 -1.82060E-01
1.10000E+01 -2.50001E-01 -1.68392E-07 -1.77087E-01
1.11000E+01 -2.45001E-01 -1.77810E-08 -1.72067E-01
1.12000E+01 -2.40001E-01 1.33951E-07  -1.67061E-01
1.13000E+01 -2.35001E-01 2.82777E-07  -1.62064E-01
1.14000E+01 -2.30001E-01 4.41928E-07  -1.57063E-01
1.15000E+01 -2.25001E-01 6.01405E-07  -1.52045E-01
1.16000E+01 -2.20001E-01 7.59775E-07  -1.47055E-01
1.17000E+01 -2.15001E-01 9.20906E-07  -1.42050E-01
1.18000E+01 -2.10001E-01 1.08082E-06  -1.37046E-01
1.19000E+01 -2.05001E-01 1.24122E-06  -1.32037E-01
1.20000E+01 -2.00002E-01 1.40770E-06  -1.27018E-01
1.21000E+01 -1.95002E-01 1.57049E-06  -1.22051E-01
1.22000E+01 -1.90002E-01 1.73777E-06  -1.17027E-01
1.23000E+01 -1.85002E-01 1.90488E-06  -1.12011E-01
1.24000E+01 -1.80002E-01 2.07749E-06  -1.07028E-01
1.25000E+01 -1.75002E-01 2.24739E-06  -1.02019E-01
1.26000E+01 -1.70002E-01 2.42275E-06  -9.70154E-02
1.27000E+01 -1.65002E-01 2.59897E-06  -9.20026E-02
1.28000E+01 -1.60002E-01 2.77994E-06  -8.69835E-02
1.29000E+01 -1.55002E-01 2.96369E-06  -8.20070E-02
1.30000E+01 -1.50002E-01 3.16138E-06  -7.69892E-02
1.31000E+01 -1.45002E-01 3.36091E-06  -7.20064E-02
1.32000E+01 -1.40002E-01 3.52488E-06  -6.69917E-02
1.33000E+01 -1.35002E-01 3.64738E-06  -6.20146E-02
1.34000E+01 -1.30002E-01 3.89710E-06  -5.70055E-02
1.35000E+01 -1.25002E-01 4.14628E-06  -5.19934E-02
1.36000E+01 -1.20002E-01 4.41264E-06  -4.69768E-02
1.37000E+01 -1.15002E-01 4.78256E-06  -4.19822E-02
1.38000E+01 -1.10002E-01 5.02203E-06  -3.69981E-02
1.39000E+01 -1.05002E-01 5.27969E-06  -3.19947E-02
1.40000E+01 -1.00002E-01 5.69211E-06  -2.69869E-02
1.41000E+01 -9.50018E-02 6.07124E-06  -2.19885E-02
1.42000E+01 -9.00018E-02 6.44936E-06  -1.69882E-02
1.43000E+01 -8.50018E-02 6.81282E-06  -1.19679E-02
1.44000E+01 -8.00018E-02 7.18667E-06  -6.97257E-03
1.45000E+01 -7.50018E-02 7.69848E-06  -1.94231E-03
1.46000E+01 -7.00018E-02 8.18895E-06  3.02990E-03 
1.47000E+01 -6.50018E-02 8.67966E-06  8.03205E-03 
1.48000E+01 -6.00019E-02 9.26730E-06  1.30517E-02 
1.49000E+01 -5.50019E-02 9.99458E-06  1.80439E-02 
1.50000E+01 -5.00019E-02 1.07400E-05  2.30417E-02 
1.51000E+01 -4.50019E-02 1.14915E-05  2.80370E-02 
1.52000E+01 -4.00019E-02 1.22362E-05  3.30591E-02 
1.53000E+01 -3.50019E-02 1.32243E-05  3.80725E-02 
1.54000E+01 -3.00019E-02 1.42236E-05  4.30641E-02 
1.55000E+01 -2.50019E-02 1.52686E-05  4.80531E-02 
1.56000E+01 -2.00020E-02 1.65863E-05  5.30634E-02 
1.57000E+01 -1.50020E-02 1.78113E-05  5.80637E-02 
1.58000E+01 -1.00020E-02 1.90481E-05  6.30865E-02 
1.59000E+01 -5.00199E-03 2.01933E-05  6.80331E-02 
1.60000E+01 -2.00000E-06 2.12796E-05  7.30490E-02 
1.61000E+01 4.99799E-03  2.27565E-05  7.80555E-02 
1.62000E+01 9.99797E-03  2.43248E-05  8.30583E-02 
1.63000E+01 1.49980E-02  2.56199E-05  8.80343E-02 
1.64000E+01 1.99979E-02  2.72930E-05  9.30745E-02 
1.65000E+01 2.49979E-02  2.90880E-05  9.80879E-02 
1.66000E+01 2.99979E-02  3.09587E-05  1.03103E-01 
1.67000E+01 3.49979E-02  3.26198E-05  1.08083E-01 
1.68000E+01 3.99979E-02  3.43415E-05  1.13059E-01 
1.69000E+01 4.49979E-02  3.62123E-05  1.18081E-01 
1.70000E+01 4.99979E-02  3.80316E-05  1.23089E-01 
1.71000E+01 5.49979E-02  3.96759E-05  1.28075E-01 
1.72000E+01 5.99978E-02  4.13481E-05  1.33073E-01 
1.73000E+01 6.49978E-02  4.29604E-05  1.38080E-01 
1.74000E+01 6.99978E-02  4.45584E-05  1.43095E-01 
1.75000E+01 7.49978E-02  4.58889E-05  1.48093E-01 
1.76000E+01 7.99978E-02  4.71864E-05  1.53089E-01 
1.77000E+01 8.49978E-02  4.84249E-05  1.58128E-01 
1.78000E+01 8.99978E-02  4.95578E-05  1.63124E-01 
1.79000E+01 9.49978E-02  5.05923E-05  1.68113E-01 
1.80000E+01 9.99977E-02  5.15950E-05  1.73100E-01 
1.81000E+01 1.04998E-01  5.24388E-05  1.78124E-01 
1.82000E+01 1.09998E-01  5.32339E-05  1.83130E-01 
1.83000E+01 1.14998E-01  5.39778E-05  1.88123E-01 
1.84000E+01 1.19998E-01  5.46538E-05  1.93134E-01 
1.85000E+01 1.24998E-01  5.51672E-05  1.98136E-01 
1.86000E+01 1.29998E-01  5.54774E-05  2.03143E-01 
1.87000E+01 1.34998E-01  5.55607E-05  2.08139E-01 
1.88000E+01 1.39998E-01  5.53752E-05  2.13166E-01 
1.89000E+01 1.44998E-01  5.49445E-05  2.18166E-01 
1.90000E+01 1.49998E-01  5.43064E-05  2.23177E-01 
1.91000E+01 1.54998E-01  5.33868E-05  2.28179E-01 
1.92000E+01 1.59998E-01  5.22957E-05  2.33173E-01 
1.93000E+01 1.64998E-01  5.11689E-05  2.38182E-01 
1.94000E+01 1.69998E-01  5.01389E-05  2.43191E-01 
1.95000E+01 1.74998E-01  4.93141E-05  2.48172E-01 
1.96000E+01 1.79998E-01  4.86951E-05  2.53165E-01 
1.97000E+01 1.84998E-01  4.82801E-05  2.58204E-01 
1.98000E+01 1.89998E-01  4.80171E-05  2.63184E-01 
1.99000E+01 1.94998E-01  4.78848E-05  2.68186E-01 
1.99999E+01 1.99997E-01  4.78393E-05  2.73164E-01 
2.00999E+01 2.04997E-01  4.78056E-05  2.78207E-01 
2.01999E+01 2.09997E-01  4.77736E-05  2.83196E-01 
2.02999E+01 2.14997E-01  4.77571E-05  2.88198E-01 
2.03999E+01 2.19997E-01  4.77728E-05  2.93189E-01 
2.04999E+01 2.24997E-01  4.79606E-05  2.98192E-01 
2.05999E+01 2.29997E-01  4.82009E-05  3.03182E-01 
2.06999E+01 2.34997E-01  4.84653E-05  3.08200E-01 
2.07999E+01 2.39997E-01  4.87499E-05  3.13208E-01 
2.08999E+01 2.44997E-01  4.90415E-05  3.18215E-01 
2.09999E+01 2.49997E-01  4.93064E-05  3.23210E-01 
2.10999E+01 2.54997E-01  4.95918E-05  3.28228E-01 
2.11999E+01 2.59997E-01  4.97670E-05  3.33217E-01 
2.12999E+01 2.64997E-01  4.99500E-05  3.38216E-01 
2.13999E+01 2.69997E-01  5.00996E-05  3.43207E-01 
2.14999E+01 2.74997E-01  5.01658E-05  3.48193E-01 
2.15999E+01 2.79997E-01  5.02664E-05  3.53219E-01 
2.16999E+01 2.84997E-01  5.02537E-05  3.58211E-01 
2.17999E+01 2.89997E-01  5.02343E-05  3.63205E-01 
2.18999E+01 2.94997E-01  5.02188E-05  3.68228E-01 
2.19999E+01 2.99997E-01  5.01290E-05  3.73243E-01 
2.20999E+01 3.04997E-01  5.00116E-05  3.78226E-01 
2.21999E+01 3.09997E-01  4.98495E-05  3.83227E-01 
2.22999E+01 3.14997E-01  4.96934E-05  3.88237E-01 
2.23999E+01 3.19997E-01  4.96346E-05  3.93232E-01 
2.24999E+01 3.24997E-01  4.94069E-05  3.98241E-01 
2.25999E+01 3.29997E-01  4.91774E-05  4.03228E-01 
2.26999E+01 3.34997E-01  4.88333E-05  4.08228E-01 
2.27999E+01 3.39997E-01  4.86010E-05  4.13231E-01 
2.28999E+01 3.44997E-01  4.82786E-05  4.18240E-01 
2.29999E+01 3.49997E-01  4.79891E-05  4.23254E-01 
2.30999E+01 3.54997E-01  4.76183E-05  4.28251E-01 
2.31999E+01 3.59997E-01  4.72449E-05  4.33248E-01 
2.32999E+01 3.64997E-01  4.67720E-05  4.38275E-01 
2.33999E+01 3.69997E-01  4.63474E-05  4.43272E-01 
2.34999E+01 3.74997E-01  4.58588E-05  4.48255E-01 
2.35999E+01 3.79997E-01  4.53493E-05  4.53276E-01 
2.36999E+01 3.84997E-01  4.48655E-05  4.58277E-01 
2.37999E+01 3.89997E-01  4.42573E-05  4.63265E-01 
2.38999E+01 3.94997E-01  4.37407E-05  4.68291E-01 
2.39999E+01 3.99997E-01  4.31990E-05  4.73291E-01 
2.40999E+01 4.04997E-01  4.27428E-05  4.78296E-01 
2.41999E+01 4.09997E-01  4.22359E-05  4.83309E-01 
2.42999E+01 4.14997E-01  4.17147E-05  4.88317E-01 
2.43999E+01 4.19997E-01  4.11459E-05  4.93330E-01 
2.44999E+01 4.24997E-01  4.05294E-05  4.98318E-01 
2.45999E+01 4.29997E-01  4.00239E-05  5.03313E-01 
2.46999E+01 4.34997E-01  3.95071E-05  5.08323E-01 
2.47999E+01 4.39997E-01  3.89150E-05  5.13329E-01 
2.48999E+01 4.44997E-01  3.84368E-05  5.18314E-01 
2.49999E+01 4.49997E-01  3.80189E-05  5.23337E-01 
2.50999E+01 4.54997E-01  3.76094E-05  5.28333E-01 
2.51999E+01 4.59997E-01  3.71567E-05  5.33329E-01 
2.52999E+01 4.64997E-01  3.67383E-05  5.38334E-01 
2.53999E+01 4.69997E-01  3.63135E-05  5.43318E-01 
2.54999E+01 4.74997E-01  3.59842E-05  5.48351E-01 
2.55999E+01 4.79997E-01  3.54910E-05  5.53353E-01 
2.56999E+01 4.84997E-01  3.52168E-05  5.58344E-01 
2.57999E+01 4.89997E-01  3.48607E-05  5.63328E-01 
2.58999E+01 4.94997E-01  3.45013E-05  5.68365E-01 
2.59999E+01 4.99997E-01  3.40980E-05  5.73361E-01 
2.60999E+01 5.04997E-01  3.35647E-05  5.78348E-01 
2.61999E+01 5.09997E-01  3.31682E-05  5.83341E-01 
2.62999E+01 5.14997E-01  3.24716E-05  5.88340E-01 
2.63999E+01 5.19997E-01  3.23333E-05  5.93349E-01 
2.64999E+01 5.24997E-01  3.19596E-05  5.98361E-01 
2.65999E+01 5.29997E-01  3.18936E-05  6.03358E-01 
2.66999E+01 5.34997E-01  3.20093E-05  6.08367E-01 
2.67999E+01 5.39997E-01  3.18591E-05  6.13379E-01 
2.68999E+01 5.44997E-01  3.17564E-05  6.18373E-01 
2.69999E+01 5.49997E-01  3.17202E-05  6.23380E-01 
2.70999E+01 5.54997E-01  3.15101E-05  6.28380E-01 
2.71999E+01 5.59997E-01  3.09742E-05  6.33379E-01 
2.72999E+01 5.64997E-01  3.08395E-05  6.38406E-01 
2.73999E+01 5.69997E-01  3.06515E-05  6.43401E-01 
2.74999E+01 5.74997E-01  3.04463E-05  6.48401E-01 
2.75999E+01 5.79997E-01  3.04687E-05  6.53402E-01 
2.76999E+01 5.84997E-01  3.03010E-05  6.58434E-01 
2.77999E+01 5.89997E-01  3.00268E-05  6.63411E-01 
2.78999E+01 5.94997E-01  2.98191E-05  6.68416E-01 
2.79999E+01 5.99996E-01  2.98404E-05  6.73409E-01 
2.80999E+01 6.04996E-01  2.99907E-05  6.78424E-01 
2.81999E+01 6.09996E-01  3.02392E-05  6.83409E-01 
2.82999E+01 6.14996E-01  3.04695E-05  6.88416E-01 
2.83999E+01 6.19996E-01  3.05581E-05  6.93395E-01 
2.84999E+01 6.24996E-01  3.06168E-05  6.98426E-01 
2.85999E+01 6.29996E-01  3.05956E-05  7.03415E-01 
2.86999E+01 6.34996E-01  3.07135E-05  7.08409E-01 
2.87999E+01 6.39996E-01  3.08882E-05  7.13408E-01 
2.88999E+01 6.44996E-01  3.10680E-05  7.18409E-01 
2.89999E+01 6.49996E-01  3.12669E-05  7.23429E-01 
2.90999E+01 6.54996E-01  3.14936E-05  7.28432E-01 
2.91999E+01 6.59996E-01  3.17394E-05  7.33411E-01 
2.92999E+01 6.64996E-01  3.19627E-05  7.38442E-01 
2.93999E+01 6.69996E-01  3.21681E-05  7.43442E-01 
2.94999E+01 6.74996E-01  3.23711E-05  7.48419E-01 
2.95999E+01 6.79996E-01  3.26030E-05  7.53429E-01 
2.96999E+01 6.84996E-01  3.28132E-05  7.58436E-01 
2.97999E+01 6.89996E-01  3.30268E-05  7.63465E-01 
2.98999E+01 6.94996E-01  3.32152E-05  7.68454E-01 
2.99999E+01 6.99996E-01  3.34143E-05  7.73443E-01 
3.00999E+01 7.04996E-01  3.35962E-05  7.78471E-01 
3.01999E+01 7.09996E-01  3.37471E-05  7.83474E-01 
3.02999E+01 7.14996E-01  3.38822E-05  7.88490E-01 
3.03999E+01 7.19996E-01  3.39916E-05  7.93502E-01 
3.04999E+01 7.24996E-01  3.41303E-05  7.98506E-01 
3.05999E+01 7.29996E-01  3.42201E-05  8.03487E-01 
3.06999E+01 7.34996E-01  3.43291E-05  8.08497E-01 
3.07999E+01 7.39996E-01  3.44442E-05  8.13498E-01 
3.08999E+01 7.44996E-01  3.45786E-05  8.18509E-01 
3.09999E+01 7.49996E-01  3.46979E-05  8.23487E-01 
3.10999E+01 7.54996E-01  3.48048E-05  8.28503E-01 
3.11999E+01 7.59996E-01  3.48881E-05  8.33494E-01 
3.12999E+01 7.64996E-01  3.49462E-05  8.38501E-01 
3.13999E+01 7.69996E-01  3.49977E-05  8.43482E-01 
3.14999E+01 7.74996E-01  3.50423E-05  8.48491E-01 
3.15999E+01 7.79996E-01  3.50566E-05  8.53512E-01 
3.16999E+01 7.84996E-01  3.50563E-05  8.58518E-01 
3.17999E+01 7.89996E-01  3.50378E-05  8.63499E-01 
3.18999E+01 7.94996E-01  3.50232E-05  8.68527E-01 
3.19999E+01 7.99996E-01  3.50014E-05  8.73518E-01 
3.20999E+01 8.04996E-01  3.49665E-05  8.78533E-01 
3.21999E+01 8.09996E-01  3.49270E-05  8.83524E-01 
3.22999E+01 8.14996E-01  3.48505E-05  8.88530E-01 
3.23999E+01 8.19996E-01  3.47586E-05  8.93531E-01 
3.24999E+01 8.24996E-01  3.46640E-05  8.98537E-01 
3.25999E+01 8.29996E-01  3.45514E-05  9.03516E-01 
3.26999E+01 8.34996E-01  3.44483E-05  9.08514E-01 
3.27999E+01 8.39996E-01  3.42963E-05  9.13504E-01 
3.28999E+01 8.44996E-01  3.41853E-05  9.18529E-01 
3.29999E+01 8.49996E-01  3.40937E-05  9.23533E-01 
3.30999E+01 8.54996E-01  3.40210E-05  9.28533E-01 
3.31999E+01 8.59996E-01  3.39689E-05  9.33531E-01 
3.32999E+01 8.64996E-01  3.39185E-05  9.38564E-01 
3.33999E+01 8.69996E-01  3.38803E-05  9.43577E-01 
3.34999E+01 8.74996E-01  3.38399E-05  9.48573E-01 
3.35999E+01 8.79996E-01  3.38104E-05  9.53541E-01 
3.36999E+01 8.84996E-01  3.37785E-05  9.58559E-01 
3.37999E+01 8.89996E-01  3.37479E-05  9.63572E-01 
3.38999E+01 8.94996E-01  3.37121E-05  9.68585E-01 
3.39999E+01 8.99996E-01  3.36737E-05  9.73570E-01 
3.40999E+01 9.04996E-01  3.36317E-05  9.78578E-01 
3.41999E+01 9.09996E-01  3.35860E-05  9.83581E-01 
3.42999E+01 9.14996E-01  3.35392E-05  9.88588E-01 
3.43999E+01 9.19996E-01  3.34955E-05  9.93585E-01 
3.44999E+01 9.24996E-01  3.34735E-05  9.98581E-01 
3.45999E+01 9.29996E-01  3.34363E-05  1.00359E+00 
3.46999E+01 9.34996E-01  3.34091E-05  1.00861E+00 
3.47999E+01 9.39996E-01  3.33759E-05  1.01361E+00 
3.48999E+01 9.44996E-01  3.34666E-05  1.01858E+00 
3.49999E+01 9.49996E-01  3.37079E-05  1.02360E+00 
3.50999E+01 9.54996E-01  3.34519E-05  1.02861E+00 
3.51999E+01 9.59996E-01  3.34034E-05  1.03361E+00 
3.52999E+01 9.64996E-01  3.33470E-05  1.03862E+00 
3.53999E+01 9.69996E-01  3.32987E-05  1.04361E+00 
3.54999E+01 9.74996E-01  3.32923E-05  1.04862E+00 
3.55999E+01 9.79996E-01  3.32808E-05  1.05361E+00 
3.56999E+01 9.84996E-01  3.32992E-05  1.05861E+00 
3.57999E+01 9.89996E-01  3.33219E-05  1.06361E+00 
3.58999E+01 9.94996E-01  3.33117E-05  1.06863E+00 
3.59999E+01 9.99995E-01  3.33307E-05  1.07364E+00 
3.60999E+01 1.00500E+00  3.33628E-05  1.07862E+00 
3.61999E+01 1.01000E+00  3.34021E-05  1.08361E+00 
3.62999E+01 1.01500E+00  3.34656E-05  1.08861E+00 
3.63999E+01 1.02000E+00  3.35384E-05  1.09365E+00 
3.64999E+01 1.02500E+00  3.36429E-05  1.09864E+00 
3.65999E+01 1.03000E+00  3.37883E-05  1.10364E+00 
3.66999E+01 1.03500E+00  3.39108E-05  1.10865E+00 
3.67999E+01 1.04000E+00  3.39725E-05  1.11366E+00 
3.68999E+01 1.04500E+00  3.40865E-05  1.11867E+00 
3.69999E+01 1.05000E+00  3.42412E-05  1.12369E+00 
3.70999E+01 1.05500E+00  3.44008E-05  1.12870E+00 
3.71999E+01 1.06000E+00  3.45836E-05  1.13367E+00 
3.72999E+01 1.06500E+00  3.47795E-05  1.13869E+00 
3.73999E+01 1.07000E+00  3.51344E-05  1.14366E+00 
3.74999E+01 1.07500E+00  3.52346E-05  1.14869E+00 
3.75999E+01 1.08000E+00  3.54690E-05  1.15368E+00 
3.76999E+01 1.08500E+00  3.57288E-05  1.15867E+00 
3.77999E+01 1.09000E+00  3.60178E-05  1.16368E+00 
3.78999E+01 1.09500E+00  3.63098E-05  1.16868E+00 
3.79999E+01 1.10000E+00  3.66144E-05  1.17368E+00 
3.80999E+01 1.10500E+00  3.69449E-05  1.17865E+00 
3.81999E+01 1.11000E+00  3.72859E-05  1.18368E+00 
3.82999E+01 1.11500E+00  3.76435E-05  1.18869E+00 
3.83999E+01 1.12000E+00  3.80234E-05  1.19368E+00 
3.84999E+01 1.12500E+00  3.84147E-05  1.19869E+00 
3.85999E+01 1.13000E+00  3.88519E-05  1.20367E+00 
3.86999E+01 1.13500E+00  3.92686E-05  1.20869E+00 
3.87999E+01 1.14000E+00  3.97097E-05  1.21373E+00 
3.88999E+01 1.14500E+00  4.01620E-05  1.21869E+00 
3.89999E+01 1.15000E+00  4.06434E-05  1.22370E+00 
3.90999E+01 1.15500E+00  4.11332E-05  1.22873E+00 
3.91999E+01 1.16000E+00  4.16463E-05  1.23373E+00 
3.92999E+01 1.16500E+00  4.21763E-05  1.23871E+00 
3.93999E+01 1.17000E+00  4.27173E-05  1.24372E+00 
3.94999E+01 1.17500E+00  4.32833E-05  1.24873E+00 
3.95999E+01 1.18000E+00  4.38516E-05  1.25375E+00 
3.96999E+01 1.18500E+00  4.44476E-05  1.25874E+00 
3.97999E+01 1.19000E+00  4.50664E-05  1.26372E+00 
3.98999E+01 1.19500E+00  4.57024E-05  1.26875E+00 
3.99999E+01 1.19999E+00  4.63847E-05  1.27375E+00 
4.00999E+01 1.20499E+00  4.70886E-05  1.27877E+00 
4.01999E+01 1.20999E+00  4.77966E-05  1.28373E+00 
4.02999E+01 1.21499E+00  4.85356E-05  1.28875E+00 
4.03999E+01 1.21999E+00  4.92835E-05  1.29377E+00 
4.04999E+01 1.22499E+00  5.00440E-05  1.29876E+00 
4.05999E+01 1.22999E+00  5.08284E-05  1.30376E+00 
4.06999E+01 1.23499E+00  5.16406E-05  1.30876E+00 
4.07999E+01 1.23999E+00  5.24761E-05  1.31375E+00 
4.08999E+01 1.24499E+00  5.33086E-05  1.31877E+00 
4.09999E+01 1.24999E+00  5.41988E-05  1.32376E+00 
4.10999E+01 1.25499E+00  5.51229E-05  1.32878E+00 
4.11999E+01 1.25999E+00  5.60482E-05  1.33377E+00 
4.12999E+01 1.26499E+00  5.70008E-05  1.33878E+00 
4.13999E+01 1.26999E+00  5.79851E-05  1.34379E+00 
4.14999E+01 1.27499E+00  5.89952E-05  1.34876E+00 
4.15999E+01 1.27999E+00  6.00411E-05  1.35379E+00 
4.16999E+01 1.28499E+00  6.10945E-05  1.35881E+00 
4.17999E+01 1.28999E+00  6.21666E-05  1.36378E+00 
4.18999E+01 1.29499E+00  6.32492E-05  1.36878E+00 
4.19999E+01 1.29999E+00  6.43610E-05  1.37379E+00 
4.20999E+01 1.30499E+00  6.54508E-05  1.37881E+00 
4.21999E+01 1.30999E+00  6.66178E-05  1.38380E+00 
4.22999E+01 1.31499E+00  6.77947E-05  1.38879E+00 
4.23999E+01 1.31999E+00  6.90007E-05  1.39377E+00 
4.24999E+01 1.32499E+00  7.02094E-05  1.39880E+00 
4.25999E+01 1.32999E+00  7.14516E-05  1.40379E+00 
4.26999E+01 1.33499E+00  7.27180E-05  1.40877E+00 
4.27999E+01 1.33999E+00  7.40161E-05  1.41381E+00 
4.28999E+01 1.34499E+00  7.53099E-05  1.41881E+00 
4.29999E+01 1.34999E+00  7.66293E-05  1.42383E+00 
4.30999E+01 1.35499E+00  7.79903E-05  1.42882E+00 
4.31999E+01 1.35999E+00  7.93782E-05  1.43382E+00 
4.32999E+01 1.36499E+00  8.08035E-05  1.43886E+00 
4.33999E+01 1.36999E+00  8.22651E-05  1.44383E+00 
4.34999E+01 1.37499E+00  8.38064E-05  1.44885E+00 
4.35999E+01 1.37999E+00  8.53638E-05  1.45387E+00 
4.36999E+01 1.38499E+00  8.69712E-05  1.45884E+00 
4.37999E+01 1.38999E+00  8.86279E-05  1.46384E+00 
4.38999E+01 1.39499E+00  9.03377E-05  1.46885E+00 
4.39999E+01 1.39999E+00  9.21132E-05  1.47388E+00 
4.40999E+01 1.40499E+00  9.39662E-05  1.47886E+00 
4.41999E+01 1.40999E+00  9.58655E-05  1.48386E+00 
4.42999E+01 1.41499E+00  9.78291E-05  1.48886E+00 
4.43999E+01 1.41999E+00  9.98354E-05  1.49388E+00 
4.44999E+01 1.42499E+00  1.01954E-04  1.49887E+00 
4.45999E+01 1.42999E+00  1.04133E-04  1.50387E+00 
4.46999E+01 1.43499E+00  1.06379E-04  1.50886E+00 
4.47999E+01 1.43999E+00  1.08712E-04  1.51388E+00 
4.48999E+01 1.44499E+00  1.11109E-04  1.51887E+00 
4.49999E+01 1.44999E+00  1.13574E-04  1.52386E+00 
4.50999E+01 1.45499E+00  1.16079E-04  1.52889E+00 
4.51999E+01 1.45999E+00  1.18659E-04  1.53389E+00 
4.52999E+01 1.46499E+00  1.21382E-04  1.53888E+00 
4.53999E+01 1.46999E+00  1.24090E-04  1.54389E+00 
4.54999E+01 1.47499E+00  1.26940E-04  1.54888E+00 
4.55999E+01 1.47999E+00  1.29769E-04  1.55389E+00 
4.56999E+01 1.48499E+00  1.32697E-04  1.55889E+00 
4.57999E+01 1.48999E+00  1.35643E-04  1.56391E+00 
4.58999E+01 1.49499E+00  1.38618E-04  1.56890E+00 
4.59999E+01 1.49999E+00  1.41675E-04  1.57391E+00 
4.60999E+01 1.50499E+00  1.44776E-04  1.57892E+00 
4.61999E+01 1.50999E+00  1.47863E-04  1.58392E+00 
4.62999E+01 1.51499E+00  1.51010E-04  1.58892E+00 
4.63999E+01 1.51999E+00  1.54147E-04  1.59391E+00 
4.64999E+01 1.52499E+00  1.57335E-04  1.59894E+00 
4.65999E+01 1.52999E+00  1.60433E-04  1.60395E+00 
4.66999E+01 1.53499E+00  1.63636E-04  1.60896E+00 
4.67999E+01 1.53999E+00  1.67184E-04  1.61395E+00 
4.68999E+01 1.54499E+00  1.71439E-04  1.61896E+00 
4.69999E+01 1.54999E+00  1.73567E-04  1.62395E+00 
4.70999E+01 1.55499E+00  1.76762E-04  1.62898E+00 
4.71999E+01 1.55999E+00  1.80097E-04  1.63397E+00 
4.72999E+01 1.56499E+00  1.83436E-04  1.63895E+00 
4.73999E+01 1.56999E+00  1.86839E-04  1.64395E+00 
4.74999E+01 1.57499E+00  1.90171E-04  1.64897E+00 
4.75999E+01 1.57999E+00  1.93560E-04  1.65396E+00 
4.76999E+01 1.58499E+00  1.96953E-04  1.65896E+00 
4.77999E+01 1.58999E+00  2.00415E-04  1.66396E+00 
4.78999E+01 1.59499E+00  2.03902E-04  1.66899E+00 
4.79999E+01 1.59999E+00  2.07179E-04  1.67398E+00 
4.80999E+01 1.60499E+00  2.10612E-04  1.67897E+00 
4.81999E+01 1.60999E+00  2.14500E-04  1.68397E+00 
4.82999E+01 1.61499E+00  2.17919E-04  1.68899E+00 
4.83999E+01 1.61999E+00  2.21304E-04  1.69397E+00 
4.84999E+01 1.62499E+00  2.24760E-04  1.69899E+00 
4.85999E+01 1.62999E+00  2.28157E-04  1.70396E+00 
4.86999E+01 1.63499E+00  2.31601E-04  1.70898E+00 
4.87999E+01 1.63999E+00  2.35059E-04  1.71397E+00 
4.88999E+01 1.64499E+00  2.38494E-04  1.71896E+00 
4.89999E+01 1.64999E+00  2.42001E-04  1.72397E+00 
4.90999E+01 1.65499E+00  2.45400E-04  1.72898E+00 
4.91999E+01 1.65999E+00  2.48859E-04  1.73399E+00 
4.92999E+01 1.66499E+00  2.52161E-04  1.73898E+00 
4.93999E+01 1.66999E+00  2.55483E-04  1.74399E+00 
4.94999E+01 1.67499E+00  2.58849E-04  1.74900E+00 
4.95999E+01 1.67999E+00  2.62159E-04  1.75399E+00 
4.96999E+01 1.68499E+00  2.65500E-04  1.75903E+00 
4.97999E+01 1.68999E+00  2.68870E-04  1.76403E+00 
4.98999E+01 1.69499E+00  2.72155E-04  1.76903E+00 
4.99999E+01 1.69999E+00  2.75426E-04  1.77402E+00 
5.00999E+01 1.70499E+00  2.78598E-04  1.77903E+00 
5.01999E+01 1.70999E+00  2.81828E-04  1.78405E+00 
5.02999E+01 1.71499E+00  2.85019E-04  1.78904E+00 
5.03999E+01 1.71999E+00  2.88158E-04  1.79405E+00 
5.04999E+01 1.72499E+00  2.91287E-04  1.79903E+00 
5.05999E+01 1.72999E+00  2.94372E-04  1.80406E+00 
5.06999E+01 1.73499E+00  2.97434E-04  1.80907E+00 
5.07999E+01 1.73999E+00  3.00449E-04  1.81406E+00 
5.08999E+01 1.74499E+00  3.03470E-04  1.81905E+00 
5.09999E+01 1.74999E+00  3.06428E-04  1.82405E+00 
5.10999E+01 1.75499E+00  3.09346E-04  1.82906E+00 
5.11999E+01 1.75999E+00  3.12210E-04  1.83405E+00 
5.12999E+01 1.76499E+00  3.15051E-04  1.83905E+00 
5.13999E+01 1.76999E+00  3.17930E-04  1.84407E+00 
5.14999E+01 1.77499E+00  3.20781E-04  1.84907E+00 
5.15999E+01 1.77999E+00  3.23534E-04  1.85407E+00 
5.16999E+01 1.78499E+00  3.26302E-04  1.85905E+00 
5.17999E+01 1.78999E+00  3.29066E-04  1.86408E+00 
5.18999E+01 1.79499E+00  3.31818E-04  1.86909E+00 
5.19999E+01 1.79999E+00  3.34447E-04  1.87406E+00 
5.20999E+01 1.79499E+00  3.27870E-04  1.86911E+00 
5.21999E+01 1.78999E+00  3.21538E-04  1.86409E+00 
5.22999E+01 1.78499E+00  3.15363E-04  1.85908E+00 
5.23999E+01 1.77999E+00  3.09428E-04  1.85409E+00 
5.24999E+01 1.77499E+00  3.03522E-04  1.84912E+00 
5.25999E+01 1.76999E+00  2.97792E-04  1.84411E+00 
5.26999E+01 1.76499E+00  2.92110E-04  1.83909E+00 
5.27999E+01 1.75999E+00  2.86571E-04  1.83408E+00 
5.28999E+01 1.75499E+00  2.81106E-04  1.82910E+00 
5.29999E+01 1.74999E+00  2.75687E-04  1.82409E+00 
5.30999E+01 1.74499E+00  2.70346E-04  1.81906E+00 
5.31999E+01 1.73999E+00  2.65056E-04  1.81409E+00 
5.32999E+01 1.73499E+00  2.59980E-04  1.80910E+00 
5.33999E+01 1.72999E+00  2.54798E-04  1.80409E+00 
5.34999E+01 1.72499E+00  2.49848E-04  1.79906E+00 
5.35999E+01 1.71999E+00  2.44881E-04  1.79405E+00 
5.36999E+01 1.71499E+00  2.40035E-04  1.78906E+00 
5.37999E+01 1.70999E+00  2.35230E-04  1.78406E+00 
5.38999E+01 1.70499E+00  2.30540E-04  1.77906E+00 
5.39999E+01 1.69999E+00  2.25858E-04  1.77404E+00 
5.40999E+01 1.69499E+00  2.21284E-04  1.76905E+00 
5.41999E+01 1.68999E+00  2.16788E-04  1.76406E+00 
5.42999E+01 1.68499E+00  2.12261E-04  1.75904E+00 
5.43999E+01 1.67999E+00  2.07925E-04  1.75403E+00 
5.44999E+01 1.67499E+00  2.03591E-04  1.74902E+00 
5.45999E+01 1.66999E+00  1.99278E-04  1.74403E+00 
5.46999E+01 1.66499E+00  1.95048E-04  1.73900E+00 
5.47999E+01 1.65999E+00  1.90886E-04  1.73401E+00 
5.48999E+01 1.65499E+00  1.86816E-04  1.72901E+00 
5.49999E+01 1.64999E+00  1.82796E-04  1.72399E+00 
5.50999E+01 1.64499E+00  1.78832E-04  1.71896E+00 
5.51999E+01 1.63999E+00  1.74964E-04  1.71399E+00 
5.52999E+01 1.63499E+00  1.71068E-04  1.70899E+00 
5.53999E+01 1.62999E+00  1.67317E-04  1.70398E+00 
5.54999E+01 1.62499E+00  1.63577E-04  1.69896E+00 
5.55999E+01 1.61999E+00  1.59917E-04  1.69396E+00 
5.56999E+01 1.61499E+00  1.56306E-04  1.68899E+00 
5.57999E+01 1.60999E+00  1.52812E-04  1.68397E+00 
5.58999E+01 1.60499E+00  1.49292E-04  1.67897E+00 
5.59999E+01 1.59999E+00  1.45855E-04  1.67399E+00 
5.60999E+01 1.59499E+00  1.42431E-04  1.66898E+00 
5.61999E+01 1.58999E+00  1.39044E-04  1.66397E+00 
5.62999E+01 1.58499E+00  1.35721E-04  1.65897E+00 
5.63999E+01 1.57999E+00  1.32671E-04  1.65397E+00 
5.64999E+01 1.57499E+00  1.29511E-04  1.64897E+00 
5.65999E+01 1.56999E+00  1.26054E-04  1.64396E+00 
5.66999E+01 1.56499E+00  1.22995E-04  1.63896E+00 
5.67999E+01 1.55999E+00  1.19881E-04  1.63397E+00 
5.68999E+01 1.55499E+00  1.16854E-04  1.62897E+00 
5.69999E+01 1.54999E+00  1.13860E-04  1.62396E+00 
5.70999E+01 1.54499E+00  1.10942E-04  1.61895E+00 
5.71999E+01 1.53999E+00  1.08067E-04  1.61395E+00 
5.72999E+01 1.53499E+00  1.05202E-04  1.60898E+00 
5.73999E+01 1.52999E+00  1.02418E-04  1.60396E+00 
5.74999E+01 1.52499E+00  9.96619E-05  1.59895E+00 
5.75999E+01 1.51999E+00  9.69742E-05  1.59395E+00 
5.76999E+01 1.51499E+00  9.43092E-05  1.58893E+00 
5.77999E+01 1.50999E+00  9.16911E-05  1.58396E+00 
5.78999E+01 1.50499E+00  8.91433E-05  1.57894E+00 
5.79999E+01 1.49999E+00  8.66329E-05  1.57391E+00 
5.80999E+01 1.49499E+00  8.41450E-05  1.56890E+00 
5.81999E+01 1.48999E+00  8.17041E-05  1.56393E+00 
5.82999E+01 1.48499E+00  7.93552E-05  1.55894E+00 
5.83999E+01 1.47999E+00  7.69448E-05  1.55394E+00 
5.84999E+01 1.47499E+00  7.46041E-05  1.54893E+00 
5.85999E+01 1.46999E+00  7.23626E-05  1.54392E+00 
5.86999E+01 1.46499E+00  7.01308E-05  1.53892E+00 
5.87999E+01 1.45999E+00  6.79503E-05  1.53392E+00 
5.88999E+01 1.45499E+00  6.58194E-05  1.52890E+00 
5.89999E+01 1.44999E+00  6.37258E-05  1.52389E+00 
5.90999E+01 1.44499E+00  6.16770E-05  1.51890E+00 
5.91999E+01 1.43999E+00  5.96978E-05  1.51390E+00 
5.92999E+01 1.43499E+00  5.76947E-05  1.50888E+00 
5.93999E+01 1.42999E+00  5.57912E-05  1.50388E+00 
5.94999E+01 1.42499E+00  5.39075E-05  1.49889E+00 
5.95999E+01 1.41999E+00  5.20678E-05  1.49391E+00 
5.96999E+01 1.41499E+00  5.02636E-05  1.48888E+00 
5.97999E+01 1.40999E+00  4.89101E-05  1.48387E+00 
5.98999E+01 1.40499E+00  4.68555E-05  1.47886E+00 
5.99998E+01 1.39999E+00  4.51739E-05  1.47389E+00 
6.00998E+01 1.39499E+00  4.35338E-05  1.46887E+00 
6.01998E+01 1.38999E+00  4.19772E-05  1.46388E+00 
6.02998E+01 1.38499E+00  4.04540E-05  1.45888E+00 
6.03998E+01 1.37999E+00  3.89658E-05  1.45388E+00 
6.04998E+01 1.37499E+00  3.75763E-05  1.44887E+00 
6.05998E+01 1.36999E+00  3.61241E-05  1.44384E+00 
6.06998E+01 1.36499E+00  3.43344E-05  1.43885E+00 
6.07998E+01 1.35999E+00  3.30065E-05  1.43384E+00 
6.08998E+01 1.35499E+00  3.17560E-05  1.42884E+00 
6.09998E+01 1.34999E+00  3.05140E-05  1.42382E+00 
6.10998E+01 1.34499E+00  2.93203E-05  1.41882E+00 
6.11998E+01 1.33999E+00  2.81698E-05  1.41381E+00 
6.12998E+01 1.33499E+00  2.70617E-05  1.40882E+00 
6.13998E+01 1.32999E+00  2.59957E-05  1.40381E+00 
6.14998E+01 1.32499E+00  2.49670E-05  1.39882E+00 
6.15998E+01 1.31999E+00  2.39694E-05  1.39380E+00 
6.16998E+01 1.31499E+00  2.30218E-05  1.38878E+00 
6.17998E+01 1.30999E+00  2.20974E-05  1.38379E+00 
6.18998E+01 1.30499E+00  2.12173E-05  1.37880E+00 
6.19998E+01 1.29999E+00  2.03707E-05  1.37380E+00 
6.20998E+01 1.29499E+00  1.95646E-05  1.36878E+00 
6.21998E+01 1.28999E+00  1.87923E-05  1.36380E+00 
6.22998E+01 1.28499E+00  1.80478E-05  1.35880E+00 
6.23998E+01 1.27999E+00  1.73376E-05  1.35379E+00 
6.24998E+01 1.27499E+00  1.66512E-05  1.34879E+00 
6.25998E+01 1.26999E+00  1.59988E-05  1.34380E+00 
6.26998E+01 1.26499E+00  1.53853E-05  1.33879E+00 
6.27998E+01 1.25999E+00  1.48050E-05  1.33378E+00 
6.28998E+01 1.25499E+00  1.42402E-05  1.32877E+00 
6.29998E+01 1.24999E+00  1.37061E-05  1.32376E+00 
6.30998E+01 1.24499E+00  1.32018E-05  1.31881E+00 
6.31998E+01 1.23999E+00  1.27177E-05  1.31378E+00 
6.32998E+01 1.23499E+00  1.22652E-05  1.30878E+00 
6.33998E+01 1.22999E+00  1.18313E-05  1.30378E+00 
6.34998E+01 1.22499E+00  1.14234E-05  1.29879E+00 
6.35998E+01 1.21999E+00  1.10398E-05  1.29380E+00 
6.36998E+01 1.21499E+00  1.06790E-05  1.28877E+00 
6.37998E+01 1.20999E+00  1.03274E-05  1.28374E+00 
6.38998E+01 1.20499E+00  1.00007E-05  1.27875E+00 
6.39998E+01 1.19999E+00  9.68824E-06  1.27378E+00 
6.40998E+01 1.19500E+00  9.40136E-06  1.26875E+00 
6.41998E+01 1.19000E+00  9.12633E-06  1.26372E+00 
6.42998E+01 1.18500E+00  8.86727E-06  1.25874E+00 
6.43998E+01 1.18000E+00  8.62350E-06  1.25375E+00 
6.44998E+01 1.17500E+00  8.39273E-06  1.24874E+00 
6.45998E+01 1.17000E+00  8.17703E-06  1.24374E+00 
6.46998E+01 1.16500E+00  7.97501E-06  1.23874E+00 
6.47998E+01 1.16000E+00  7.77928E-06  1.23375E+00 
6.48998E+01 1.15500E+00  7.59433E-06  1.22873E+00 
6.49998E+01 1.15000E+00  7.42729E-06  1.22373E+00 
6.50998E+01 1.14500E+00  7.26701E-06  1.21873E+00 
6.51998E+01 1.14000E+00  7.11554E-06  1.21373E+00 
6.52998E+01 1.13500E+00  6.97293E-06  1.20873E+00 
6.53998E+01 1.13000E+00  6.83833E-06  1.20373E+00 
6.54998E+01 1.12500E+00  6.70719E-06  1.19873E+00 
6.55998E+01 1.12000E+00  6.58472E-06  1.19372E+00 
6.56998E+01 1.11500E+00  6.46502E-06  1.18873E+00 
6.57998E+01 1.11000E+00  6.35373E-06  1.18372E+00 
6.58998E+01 1.10500E+00  6.24623E-06  1.17872E+00 
6.59998E+01 1.10000E+00  6.14745E-06  1.17372E+00 
6.60998E+01 1.09500E+00  6.05230E-06  1.16871E+00 
6.61998E+01 1.09000E+00  5.96349E-06  1.16371E+00 
6.62998E+01 1.08500E+00  5.87224E-06  1.15870E+00 
6.63998E+01 1.08000E+00  5.79039E-06  1.15372E+00 
6.64998E+01 1.07500E+00  5.71463E-06  1.14871E+00 
6.65998E+01 1.07000E+00  5.63690E-06  1.14371E+00 
6.66998E+01 1.06500E+00  5.56532E-06  1.13870E+00 
6.67998E+01 1.06000E+00  5.49723E-06  1.13369E+00 
6.68998E+01 1.05500E+00  5.43025E-06  1.12869E+00 
6.69998E+01 1.05000E+00  5.36334E-06  1.12368E+00 
6.70998E+01 1.04500E+00  5.29886E-06  1.11867E+00 
6.71998E+01 1.04000E+00  5.23485E-06  1.11366E+00 
6.72998E+01 1.03500E+00  5.17299E-06  1.10867E+00 
6.73998E+01 1.03000E+00  5.10835E-06  1.10367E+00 
6.74998E+01 1.02500E+00  5.05064E-06  1.09864E+00 
6.75998E+01 1.02000E+00  4.99538E-06  1.09366E+00 
6.76998E+01 1.01500E+00  4.93715E-06  1.08865E+00 
6.77998E+01 1.01000E+00  4.88088E-06  1.08363E+00 
6.78998E+01 1.00500E+00  4.83059E-06  1.07863E+00 
6.79998E+01 9.99995E-01  4.77633E-06  1.07364E+00 
6.80998E+01 9.94996E-01  4.72502E-06  1.06863E+00 
6.81998E+01 9.89996E-01  4.67591E-06  1.06362E+00 
6.82998E+01 9.84996E-01  4.62779E-06  1.05863E+00 
6.83998E+01 9.79996E-01  4.57871E-06  1.05364E+00 
6.84998E+01 9.74996E-01  4.52874E-06  1.04864E+00 
6.85998E+01 9.69996E-01  4.48383E-06  1.04363E+00 
6.86998E+01 9.64996E-01  4.43644E-06  1.03862E+00 
6.87998E+01 9.59996E-01  4.38650E-06  1.03367E+00 
6.88998E+01 9.54996E-01  4.34311E-06  1.02864E+00 
6.89998E+01 9.49996E-01  4.29785E-06  1.02362E+00 
6.90998E+01 9.44996E-01  4.25036E-06  1.01862E+00 
6.91998E+01 9.39996E-01  4.20562E-06  1.01363E+00 
6.92998E+01 9.34996E-01  4.16036E-06  1.00862E+00 
6.93998E+01 9.29996E-01  4.12024E-06  1.00360E+00 
6.94998E+01 9.24996E-01  4.07663E-06  9.98614E-01 
6.95998E+01 9.19996E-01  4.03776E-06  9.93621E-01 
6.96998E+01 9.14996E-01  3.94983E-06  9.88633E-01 
6.97998E+01 9.09996E-01  3.90212E-06  9.83608E-01 
6.98998E+01 9.04996E-01  3.86709E-06  9.78601E-01 
6.99998E+01 8.99996E-01  3.83158E-06  9.73610E-01 
7.00998E+01 8.94996E-01  3.79268E-06  9.68622E-01 
7.01998E+01 8.89996E-01  3.74870E-06  9.63598E-01 
7.02998E+01 8.84996E-01  3.70097E-06  9.58596E-01 
7.03998E+01 8.79996E-01  3.65526E-06  9.53576E-01 
7.04998E+01 8.74996E-01  3.61510E-06  9.48589E-01 
7.05998E+01 8.69996E-01  3.58481E-06  9.43589E-01 
7.06998E+01 8.64996E-01  3.53489E-06  9.38593E-01 
7.07998E+01 8.59996E-01  3.48014E-06  9.33577E-01 
7.08998E+01 8.54996E-01  3.43021E-06  9.28545E-01 
7.09998E+01 8.49996E-01  3.38235E-06  9.23568E-01 
7.10998E+01 8.44996E-01  3.33501E-06  9.18557E-01 
7.11998E+01 8.39996E-01  3.28634E-06  9.13549E-01 
7.12998E+01 8.34996E-01  3.23948E-06  9.08554E-01 
7.13998E+01 8.29996E-01  3.19123E-06  9.03545E-01 
7.14998E+01 8.24996E-01  3.14212E-06  8.98559E-01 
7.15998E+01 8.19996E-01  3.09334E-06  8.93566E-01 
7.16998E+01 8.14996E-01  3.04346E-06  8.88515E-01 
7.17998E+01 8.09996E-01  2.99707E-06  8.83554E-01 
7.18998E+01 8.04996E-01  2.94865E-06  8.78547E-01 
7.19998E+01 7.99996E-01  2.89836E-06  8.73535E-01 
7.20998E+01 7.94996E-01  2.84669E-06  8.68517E-01 
7.21998E+01 7.89996E-01  2.79706E-06  8.63533E-01 
7.22998E+01 7.84996E-01  2.74692E-06  8.58521E-01 
7.23998E+01 7.79996E-01  2.69799E-06  8.53512E-01 
7.24998E+01 7.74996E-01  2.64666E-06  8.48509E-01 
7.25998E+01 7.69996E-01  2.59516E-06  8.43510E-01 
7.26998E+01 7.64996E-01  2.54178E-06  8.38529E-01 
7.27998E+01 7.59996E-01  2.49069E-06  8.33517E-01 
7.28998E+01 7.54996E-01  2.44624E-06  8.28500E-01 
7.29998E+01 7.49996E-01  2.38990E-06  8.23507E-01 
7.30998E+01 7.44996E-01  2.33487E-06  8.18506E-01 
7.31998E+01 7.39996E-01  2.27788E-06  8.13520E-01 
7.32998E+01 7.34996E-01  2.22492E-06  8.08508E-01 
7.33998E+01 7.29996E-01  2.16596E-06  8.03509E-01 
7.34998E+01 7.24996E-01  2.11000E-06  7.98524E-01 
7.35998E+01 7.19996E-01  2.05123E-06  7.93482E-01 
7.36998E+01 7.14996E-01  1.99342E-06  7.88495E-01 
7.37998E+01 7.09996E-01  1.93412E-06  7.83483E-01 
7.38998E+01 7.04996E-01  1.87396E-06  7.78469E-01 
7.39998E+01 6.99996E-01  1.81775E-06  7.73445E-01 
7.40998E+01 6.94996E-01  1.75861E-06  7.68461E-01 
7.41998E+01 6.89996E-01  1.69940E-06  7.63481E-01 
7.42998E+01 6.84996E-01  1.63653E-06  7.58474E-01 
7.43998E+01 6.79996E-01  1.57626E-06  7.53453E-01 
7.44998E+01 6.74996E-01  1.51490E-06  7.48471E-01 
7.45998E+01 6.69996E-01  1.45270E-06  7.43466E-01 
7.46998E+01 6.64996E-01  1.38655E-06  7.38462E-01 
7.47998E+01 6.59996E-01  1.32167E-06  7.33457E-01 
7.48998E+01 6.54996E-01  1.25573E-06  7.28443E-01 
7.49998E+01 6.49996E-01  1.18916E-06  7.23456E-01 
7.50998E+01 6.44996E-01  1.12006E-06  7.18446E-01 
7.51998E+01 6.39996E-01  1.05294E-06  7.13439E-01 
7.52998E+01 6.34996E-01  9.81926E-07  7.08429E-01 
7.53998E+01 6.29996E-01  9.10016E-07  7.03412E-01 
7.54998E+01 6.24996E-01  8.36012E-07  6.98424E-01 
7.55998E+01 6.19996E-01  7.64119E-07  6.93420E-01 
7.56998E+01 6.14996E-01  6.83798E-07  6.88403E-01 
7.57998E+01 6.09996E-01  6.01120E-07  6.83411E-01 
7.58998E+01 6.04996E-01  5.16871E-07  6.78416E-01 
7.59998E+01 5.99996E-01  4.34241E-07  6.73415E-01 
7.60998E+01 5.94997E-01  3.48875E-07  6.68414E-01 
7.61998E+01 5.89997E-01  2.61978E-07  6.63419E-01 
7.62998E+01 5.84997E-01  1.73349E-07  6.58411E-01 
7.63998E+01 5.79997E-01  9.30346E-08  6.53429E-01 
7.64998E+01 5.74997E-01  4.50902E-09  6.48417E-01 
7.65998E+01 5.69997E-01  -7.76212E-08 6.43411E-01 
7.66998E+01 5.64997E-01  -1.59317E-07 6.38412E-01 
7.67998E+01 5.59997E-01  -2.41450E-07 6.33402E-01 
7.68998E+01 5.54997E-01  -3.31423E-07 6.28373E-01 
7.69998E+01 5.49997E-01  -4.19654E-07 6.23357E-01 
7.70998E+01 5.44997E-01  -5.15935E-07 6.18385E-01 
7.71998E+01 5.39997E-01  -6.09549E-07 6.13390E-01 
7.72998E+01 5.34997E-01  -7.02954E-07 6.08376E-01 
7.73998E+01 5.29997E-01  -7.92892E-07 6.03356E-01 
7.74998E+01 5.24997E-01  -8.81912E-07 5.98340E-01 
7.75998E+01 5.19997E-01  -9.68061E-07 5.93359E-01 
7.76998E+01 5.14997E-01  -1.05077E-06 5.88354E-01 
7.77998E+01 5.09997E-01  -1.13720E-06 5.83358E-01 
7.78998E+01 5.04997E-01  -1.22287E-06 5.78370E-01 
7.79998E+01 4.99997E-01  -1.30795E-06 5.73359E-01 
7.80998E+01 4.94997E-01  -1.39401E-06 5.68345E-01 
7.81998E+01 4.89997E-01  -1.47963E-06 5.63328E-01 
7.82998E+01 4.84997E-01  -1.57184E-06 5.58334E-01 
7.83998E+01 4.79997E-01  -1.64868E-06 5.53353E-01 
7.84998E+01 4.74997E-01  -1.74489E-06 5.48349E-01 
7.85998E+01 4.69997E-01  -1.83942E-06 5.43309E-01 
7.86998E+01 4.64997E-01  -1.93242E-06 5.38339E-01 
7.87998E+01 4.59997E-01  -2.02618E-06 5.33352E-01 
7.88998E+01 4.54997E-01  -2.13023E-06 5.28314E-01 
7.89998E+01 4.49997E-01  -2.68375E-06 5.23312E-01 
7.90998E+01 4.44997E-01  -2.82776E-06 5.18316E-01 
7.91998E+01 4.39997E-01  -2.98222E-06 5.13325E-01 
7.92998E+01 4.34997E-01  -3.13065E-06 5.08318E-01 
7.93998E+01 4.29997E-01  -3.29547E-06 5.03304E-01 
7.94998E+01 4.24997E-01  -3.46185E-06 4.98311E-01 
7.95998E+01 4.19997E-01  -3.63590E-06 4.93328E-01 
7.96998E+01 4.14997E-01  -3.81800E-06 4.88305E-01 
7.97998E+01 4.09997E-01  -4.00950E-06 4.83310E-01 
7.98998E+01 4.04997E-01  -4.20306E-06 4.78310E-01 
7.99998E+01 3.99997E-01  -4.41696E-06 4.73317E-01 
8.00998E+01 3.94997E-01  -4.60953E-06 4.68324E-01 
8.01998E+01 3.89997E-01  -4.83050E-06 4.63293E-01 
8.02998E+01 3.84997E-01  -5.05120E-06 4.58280E-01 
8.03998E+01 3.79997E-01  -5.28314E-06 4.53281E-01 
8.04998E+01 3.74997E-01  -5.52269E-06 4.48272E-01 
8.05998E+01 3.69997E-01  -5.77214E-06 4.43252E-01 
8.06998E+01 3.64997E-01  -6.03761E-06 4.38278E-01 
8.07998E+01 3.59997E-01  -6.28677E-06 4.33267E-01 
8.08998E+01 3.54997E-01  -6.55118E-06 4.28277E-01 
8.09998E+01 3.49997E-01  -6.82745E-06 4.23266E-01 
8.10998E+01 3.44997E-01  -7.11547E-06 4.18263E-01 
8.11998E+01 3.39997E-01  -7.41523E-06 4.13285E-01 
8.12998E+01 3.34997E-01  -7.71606E-06 4.08246E-01 
8.13998E+01 3.29997E-01  -8.05381E-06 4.03245E-01 
8.14998E+01 3.24997E-01  -8.36368E-06 3.98244E-01 
8.15998E+01 3.19997E-01  -8.71296E-06 3.93254E-01 
8.16998E+01 3.14997E-01  -9.04818E-06 3.88246E-01 
8.17998E+01 3.09997E-01  -9.39466E-06 3.83252E-01 
8.18998E+01 3.04997E-01  -9.74795E-06 3.78229E-01 
8.19998E+01 2.99997E-01  -1.01275E-05 3.73238E-01 
8.20998E+01 2.94997E-01  -1.05441E-05 3.68231E-01 
8.21998E+01 2.89997E-01  -1.09863E-05 3.63232E-01 
8.22998E+01 2.84997E-01  -1.14297E-05 3.58219E-01 
8.23998E+01 2.79997E-01  -1.18648E-05 3.53229E-01 
8.24998E+01 2.74997E-01  -1.23492E-05 3.48219E-01 
8.25998E+01 2.69997E-01  -1.28271E-05 3.43224E-01 
8.26998E+01 2.64997E-01  -1.33006E-05 3.38228E-01 
8.27998E+01 2.59997E-01  -1.38607E-05 3.33228E-01 
8.28998E+01 2.54997E-01  -1.44751E-05 3.28208E-01 
8.29998E+01 2.49997E-01  -1.50642E-05 3.23192E-01 
8.30998E+01 2.44997E-01  -1.55675E-05 3.18218E-01 
8.31998E+01 2.39997E-01  -1.61813E-05 3.13180E-01 
8.32998E+01 2.34997E-01  -1.66312E-05 3.08224E-01 
8.33998E+01 2.29997E-01  -1.73040E-05 3.03182E-01 
8.34998E+01 2.24997E-01  -1.78330E-05 2.98172E-01 
8.35998E+01 2.19997E-01  -1.83139E-05 2.93159E-01 
8.36998E+01 2.14997E-01  -1.89181E-05 2.88174E-01 
8.37998E+01 2.09997E-01  -1.94897E-05 2.83179E-01 
8.38998E+01 2.04997E-01  -2.03329E-05 2.78155E-01 
8.39998E+01 1.99997E-01  -2.10156E-05 2.73132E-01 
8.40998E+01 1.94998E-01  -2.15578E-05 2.68142E-01 
8.41998E+01 1.89998E-01  -2.19904E-05 2.63164E-01 
8.42998E+01 1.84998E-01  -2.25844E-05 2.58164E-01 
8.43998E+01 1.79998E-01  -2.27815E-05 2.53143E-01 
8.44998E+01 1.74998E-01  -2.34124E-05 2.48160E-01 
8.45998E+01 1.69998E-01  -2.40375E-05 2.43154E-01 
8.46998E+01 1.64998E-01  -2.45387E-05 2.38161E-01 
8.47998E+01 1.59998E-01  -2.47673E-05 2.33129E-01 
8.48998E+01 1.54998E-01  -2.51643E-05 2.28152E-01 
8.49998E+01 1.49998E-01  -2.53889E-05 2.23147E-01 
8.50998E+01 1.44998E-01  -2.57397E-05 2.18139E-01 
8.51998E+01 1.39998E-01  -2.61435E-05 2.13153E-01 
8.52998E+01 1.34998E-01  -2.65014E-05 2.08140E-01 
8.53998E+01 1.29998E-01  -2.67995E-05 2.03152E-01 
8.54998E+01 1.24998E-01  -2.71508E-05 1.98145E-01 
8.55998E+01 1.19998E-01  -2.72928E-05 1.93155E-01 
8.56998E+01 1.14998E-01  -2.74154E-05 1.88136E-01 
8.57998E+01 1.09998E-01  -2.77401E-05 1.83153E-01 
8.58998E+01 1.04998E-01  -2.80184E-05 1.78159E-01 
8.59998E+01 9.99977E-02  -2.82423E-05 1.73139E-01 
8.60998E+01 9.49978E-02  -2.84445E-05 1.68125E-01 
8.61998E+01 8.99978E-02  -2.87103E-05 1.63145E-01 
8.62998E+01 8.49978E-02  -2.90191E-05 1.58136E-01 
8.63998E+01 7.99978E-02  -2.93344E-05 1.53114E-01 
8.64998E+01 7.49978E-02  -2.96968E-05 1.48112E-01 
8.65998E+01 6.99978E-02  -3.00898E-05 1.43114E-01 
8.66998E+01 6.49978E-02  -3.04501E-05 1.38115E-01 
8.67998E+01 5.99978E-02  -3.08166E-05 1.33099E-01 
8.68998E+01 5.49979E-02  -3.12018E-05 1.28107E-01 
8.69998E+01 4.99979E-02  -3.15936E-05 1.23111E-01 
8.70998E+01 4.49979E-02  -3.19734E-05 1.18102E-01 
8.71998E+01 3.99979E-02  -3.23173E-05 1.13091E-01 
8.72998E+01 3.49979E-02  -3.26698E-05 1.08094E-01 
8.73998E+01 2.99979E-02  -3.29807E-05 1.03098E-01 
8.74998E+01 2.49979E-02  -3.33133E-05 9.80960E-02 
8.75998E+01 1.99979E-02  -3.36064E-05 9.30758E-02 
8.76998E+01 1.49980E-02  -3.38931E-05 8.80805E-02 
8.77998E+01 9.99797E-03  -3.41484E-05 8.30964E-02 
8.78998E+01 4.99799E-03  -3.44011E-05 7.80868E-02 
8.79998E+01 -2.00000E-06 -3.46397E-05 7.30771E-02 
8.80998E+01 -5.00199E-03 -3.48685E-05 6.80575E-02 
8.81998E+01 -1.00020E-02 -3.50671E-05 6.30809E-02 
8.82998E+01 -1.50020E-02 -3.52523E-05 5.80506E-02 
8.83998E+01 -2.00020E-02 -3.54307E-05 5.30553E-02 
8.84998E+01 -2.50019E-02 -3.55998E-05 4.80482E-02 
8.85998E+01 -3.00019E-02 -3.58193E-05 4.30229E-02 
8.86998E+01 -3.50019E-02 -3.60238E-05 3.80550E-02 
8.87998E+01 -4.00019E-02 -3.61522E-05 3.30385E-02 
8.88998E+01 -4.50019E-02 -3.62447E-05 2.80270E-02 
8.89998E+01 -5.00019E-02 -3.63496E-05 2.30429E-02 
8.90998E+01 -5.50019E-02 -3.64586E-05 1.80526E-02 
8.91998E+01 -6.00019E-02 -3.65706E-05 1.30267E-02 
8.92998E+01 -6.50018E-02 -3.66864E-05 8.04329E-03 
8.93998E+01 -7.00018E-02 -3.67904E-05 3.03488E-03 
8.94998E+01 -7.50018E-02 -3.69013E-05 -1.95542E-03
8.95998E+01 -8.00018E-02 -3.70156E-05 -6.95385E-03
8.96998E+01 -8.50018E-02 -3.71377E-05 -1.19623E-02
8.97998E+01 -9.00018E-02 -3.72617E-05 -1.69725E-02
8.98998E+01 -9.50018E-02 -3.73870E-05 -2.19629E-02
8.99998E+01 -1.00002E-01 -3.75181E-05 -2.69713E-02
9.00998E+01 -1.05002E-01 -3.76600E-05 -3.19828E-02
9.01998E+01 -1.10002E-01 -3.77986E-05 -3.69937E-02
9.02998E+01 -1.15002E-01 -3.79540E-05 -4.19846E-02
9.03998E+01 -1.20002E-01 -3.81162E-05 -4.69849E-02
9.04998E+01 -1.25002E-01 -3.82851E-05 -5.19865E-02
9.05998E+01 -1.30002E-01 -3.84649E-05 -5.69968E-02
9.06998E+01 -1.35002E-01 -3.86599E-05 -6.20014E-02
9.07998E+01 -1.40002E-01 -3.88679E-05 -6.69892E-02
9.08998E+01 -1.45002E-01 -3.90888E-05 -7.19914E-02
9.09998E+01 -1.50002E-01 -3.93109E-05 -7.69880E-02
9.10998E+01 -1.55002E-01 -3.95567E-05 -8.19914E-02
9.11998E+01 -1.60002E-01 -3.98247E-05 -8.69873E-02
9.12998E+01 -1.65002E-01 -4.01214E-05 -9.19708E-02
9.13998E+01 -1.70002E-01 -4.04527E-05 -9.70079E-02
9.14998E+01 -1.75002E-01 -4.08441E-05 -1.02011E-01
9.15998E+01 -1.80002E-01 -4.12733E-05 -1.06987E-01
9.16998E+01 -1.85002E-01 -4.18044E-05 -1.11986E-01
9.17998E+01 -1.90002E-01 -4.24287E-05 -1.17006E-01
9.18998E+01 -1.95002E-01 -4.31741E-05 -1.22026E-01
9.19998E+01 -2.00002E-01 -4.40347E-05 -1.27012E-01
9.20998E+01 -2.05001E-01 -4.50185E-05 -1.32001E-01
9.21998E+01 -2.10001E-01 -4.61115E-05 -1.37022E-01
9.22998E+01 -2.15001E-01 -4.73603E-05 -1.42042E-01
9.23998E+01 -2.20001E-01 -4.87581E-05 -1.47051E-01
9.24998E+01 -2.25001E-01 -5.03494E-05 -1.52022E-01
9.25998E+01 -2.30001E-01 -5.21494E-05 -1.57039E-01
9.26998E+01 -2.35001E-01 -5.41434E-05 -1.62035E-01
9.27998E+01 -2.40001E-01 -5.63314E-05 -1.67035E-01
9.28998E+01 -2.45001E-01 -5.86488E-05 -1.72063E-01
9.29998E+01 -2.50001E-01 -6.11041E-05 -1.77073E-01
9.30998E+01 -2.55001E-01 -6.37074E-05 -1.82065E-01
9.31998E+01 -2.60001E-01 -6.63964E-05 -1.87056E-01
9.32998E+01 -2.65001E-01 -6.92805E-05 -1.92073E-01
9.33998E+01 -2.70001E-01 -7.20678E-05 -1.97086E-01
9.34998E+01 -2.75001E-01 -7.49394E-05 -2.02066E-01
9.35998E+01 -2.80001E-01 -7.78110E-05 -2.07061E-01
9.36998E+01 -2.85001E-01 -8.07046E-05 -2.12085E-01
9.37998E+01 -2.90001E-01 -8.36087E-05 -2.17081E-01
9.38998E+01 -2.95001E-01 -8.65181E-05 -2.22110E-01
9.39998E+01 -3.00001E-01 -8.94125E-05 -2.27099E-01
9.40998E+01 -3.05001E-01 -9.23217E-05 -2.32102E-01
9.41998E+01 -3.10001E-01 -9.51970E-05 -2.37110E-01
9.42998E+01 -3.15001E-01 -9.80665E-05 -2.42111E-01
9.43998E+01 -3.20001E-01 -1.00905E-04 -2.47093E-01
9.44998E+01 -3.25001E-01 -1.03730E-04 -2.52086E-01
9.45998E+01 -3.30001E-01 -1.06498E-04 -2.57095E-01
9.46998E+01 -3.35001E-01 -1.09210E-04 -2.62133E-01
9.47998E+01 -3.40001E-01 -1.11906E-04 -2.67109E-01
9.48998E+01 -3.45001E-01 -1.14558E-04 -2.72101E-01
9.49998E+01 -3.50001E-01 -1.17198E-04 -2.77103E-01
9.50998E+01 -3.55001E-01 -1.19801E-04 -2.82121E-01
9.51998E+01 -3.60001E-01 -1.22376E-04 -2.87123E-01
9.52998E+01 -3.65001E-01 -1.24910E-04 -2.92099E-01
9.53998E+01 -3.70001E-01 -1.27382E-04 -2.97096E-01
9.54998E+01 -3.75001E-01 -1.29823E-04 -3.02107E-01
9.55998E+01 -3.80001E-01 -1.32303E-04 -3.07107E-01
9.56998E+01 -3.85001E-01 -1.34775E-04 -3.12120E-01
9.57998E+01 -3.90001E-01 -1.37192E-04 -3.17111E-01
9.58998E+01 -3.95001E-01 -1.39532E-04 -3.22115E-01
9.59998E+01 -4.00001E-01 -1.41889E-04 -3.27134E-01
9.60998E+01 -4.05001E-01 -1.44276E-04 -3.32130E-01
9.61998E+01 -4.10001E-01 -1.46702E-04 -3.37144E-01
9.62998E+01 -4.15001E-01 -1.49106E-04 -3.42145E-01
9.63998E+01 -4.20001E-01 -1.51443E-04 -3.47168E-01
9.64998E+01 -4.25001E-01 -1.53786E-04 -3.52165E-01
9.65998E+01 -4.30001E-01 -1.55982E-04 -3.57164E-01
9.66998E+01 -4.35001E-01 -1.58105E-04 -3.62153E-01
9.67998E+01 -4.40001E-01 -1.60267E-04 -3.67174E-01
9.68998E+01 -4.45001E-01 -1.62417E-04 -3.72162E-01
9.69998E+01 -4.50001E-01 -1.64445E-04 -3.77172E-01
9.70998E+01 -4.55001E-01 -1.66176E-04 -3.82171E-01
9.71998E+01 -4.60001E-01 -1.67583E-04 -3.87144E-01
9.72998E+01 -4.65001E-01 -1.69158E-04 -3.92160E-01
9.73998E+01 -4.70001E-01 -1.70678E-04 -3.97178E-01
9.74998E+01 -4.75001E-01 -1.71571E-04 -4.02179E-01
9.75998E+01 -4.80001E-01 -1.72352E-04 -4.07172E-01
9.76998E+01 -4.85001E-01 -1.73705E-04 -4.12174E-01
9.77998E+01 -4.90001E-01 -1.74993E-04 -4.17177E-01
9.78998E+01 -4.95001E-01 -1.76332E-04 -4.22192E-01
9.79998E+01 -5.00001E-01 -1.77753E-04 -4.27165E-01
9.80998E+01 -5.05001E-01 -1.79098E-04 -4.32193E-01
9.81998E+01 -5.10001E-01 -1.80492E-04 -4.37207E-01
9.82998E+01 -5.15001E-01 -1.81714E-04 -4.42194E-01
9.83998E+01 -5.20001E-01 -1.82836E-04 -4.47168E-01
9.84998E+01 -5.25001E-01 -1.84131E-04 -4.52167E-01
9.85998E+01 -5.30001E-01 -1.85384E-04 -4.57194E-01
9.86998E+01 -5.35001E-01 -1.86630E-04 -4.62187E-01
9.87998E+01 -5.40001E-01 -1.87839E-04 -4.67191E-01
9.88998E+01 -5.45001E-01 -1.89014E-04 -4.72194E-01
9.89998E+01 -5.50001E-01 -1.90267E-04 -4.77211E-01
9.90998E+01 -5.55001E-01 -1.91535E-04 -4.82182E-01
9.91998E+01 -5.60001E-01 -1.92594E-04 -4.87201E-01
9.92998E+01 -5.65001E-01 -1.93680E-04 -4.92211E-01
9.93998E+01 -5.70001E-01 -1.94816E-04 -4.97239E-01
9.94998E+01 -5.75001E-01 -1.95832E-04 -5.02227E-01
9.95998E+01 -5.80001E-01 -1.96935E-04 -5.07239E-01
9.96998E+01 -5.85001E-01 -1.97952E-04 -5.12269E-01
9.97998E+01 -5.90001E-01 -1.99005E-04 -5.17276E-01
9.98998E+01 -5.95001E-01 -2.00078E-04 -5.22273E-01
9.99997E+01 -6.00001E-01 -2.01047E-04 -5.27265E-01
1.00100E+02 -6.05000E-01 -2.02028E-04 -5.32274E-01
1.00200E+02 -6.10000E-01 -2.03055E-04 -5.37244E-01
1.00300E+02 -6.15000E-01 -2.03936E-04 -5.42250E-01
1.00400E+02 -6.20000E-01 -2.04919E-04 -5.47258E-01
1.00500E+02 -6.25000E-01 -2.05866E-04 -5.52293E-01
1.00600E+02 -6.30000E-01 -2.06607E-04 -5.57275E-01
1.00700E+02 -6.35000E-01 -2.07266E-04 -5.62256E-01
1.00800E+02 -6.40000E-01 -2.07862E-04 -5.67267E-01
1.00900E+02 -6.45000E-01 -2.08236E-04 -5.72298E-01
1.01000E+02 -6.50000E-01 -2.08267E-04 -5.77301E-01
1.01100E+02 -6.55000E-01 -2.07759E-04 -5.82263E-01
1.01200E+02 -6.60000E-01 -2.06090E-04 -5.87268E-01
1.01300E+02 -6.65000E-01 -2.02224E-04 -5.92279E-01
1.01400E+02 -6.70000E-01 -1.93439E-04 -5.97291E-01
1.01500E+02 -6.75000E-01 -1.73584E-04 -6.02272E-01
1.01600E+02 -6.80000E-01 -1.40400E-04 -6.07267E-01
1.01700E+02 -6.85000E-01 -1.12838E-04 -6.12284E-01
1.01800E+02 -6.90000E-01 -9.79445E-05 -6.17309E-01
1.01900E+02 -6.95000E-01 -8.77821E-05 -6.22282E-01
1.02000E+02 -7.00000E-01 -8.09018E-05 -6.27276E-01
1.02100E+02 -7.05000E-01 -7.66135E-05 -6.32299E-01
1.02200E+02 -7.10000E-01 -7.15115E-05 -6.37296E-01
1.02300E+02 -7.15000E-01 -6.80367E-05 -6.42292E-01
1.02400E+02 -7.20000E-01 -6.51919E-05 -6.47299E-01
1.02500E+02 -7.25000E-01 -6.25282E-05 -6.52314E-01
1.02600E+02 -7.30000E-01 -6.02430E-05 -6.57321E-01
1.02700E+02 -7.35000E-01 -5.82660E-05 -6.62333E-01
1.02800E+02 -7.40000E-01 -5.64950E-05 -6.67333E-01
1.02900E+02 -7.45000E-01 -5.49279E-05 -6.72328E-01
1.03000E+02 -7.50000E-01 -5.35529E-05 -6.77341E-01
1.03100E+02 -7.55000E-01 -5.22892E-05 -6.82339E-01
1.03200E+02 -7.60000E-01 -5.11931E-05 -6.87331E-01
1.03300E+02 -7.65000E-01 -5.02122E-05 -6.92335E-01
1.03400E+02 -7.70000E-01 -4.93642E-05 -6.97328E-01
1.03500E+02 -7.75000E-01 -4.85946E-05 -7.02319E-01
1.03600E+02 -7.80000E-01 -4.79314E-05 -7.07323E-01
1.03700E+02 -7.85000E-01 -4.73565E-05 -7.12349E-01
1.03800E+02 -7.90000E-01 -4.68523E-05 -7.17364E-01
1.03900E+02 -7.95000E-01 -4.64284E-05 -7.22366E-01
