time/s      E/V        I/A
0.00000E+00 -8.00000E-01 -3.26432E-05 -7.33848E-01
9.99997E-01 -7.50000E-01 -2.56329E-05 -6.83878E-01
1.99999E+00 -7.00000E-01 -2.08875E-05 -6.33823E-01
2.99999E+00 -6.50000E-01 -1.73486E-05 -5.83801E-01
3.99999E+00 -6.00000E-01 -1.45181E-05 -5.33804E-01
4.99999E+00 -5.50001E-01 -1.21231E-05 -4.83756E-01
5.99998E+00 -5.00001E-01 -1.00385E-05 -4.33728E-01
6.99998E+00 -4.50001E-01 -8.22554E-06 -3.83699E-01
7.99998E+00 -4.00001E-01 -6.62068E-06 -3.33677E-01
8.99998E+00 -3.50001E-01 -5.12436E-06 -2.83657E-01
9.99997E+00 -3.00001E-01 -3.72772E-06 -2.33610E-01
1.10000E+01 -2.50001E-01 -2.46535E-06 -1.83608E-01
1.20000E+01 -2.00002E-01 -1.28127E-06 -1.33569E-01
1.30000E+01 -1.50002E-01 -1.16065E-07 -8.35411E-02
1.40000E+01 -1.00002E-01 1.00586E-06  -3.35040E-02
1.50000E+01 -5.00019E-02 2.22655E-06  1.65387E-02 
1.60000E+01 -2.00000E-06 3.60249E-06  6.65332E-02 
1.70000E+01 4.99979E-02  5.59381E-06  1.16583E-01 
1.80000E+01 9.99977E-02  8.61554E-06  1.66610E-01 
1.90000E+01 1.49998E-01  1.26925E-05  2.16665E-01 
1.99999E+01 1.99997E-01  1.69552E-05  2.66686E-01 
2.09999E+01 2.49997E-01  1.99723E-05  3.16723E-01 
2.19999E+01 2.99997E-01  2.07273E-05  3.66714E-01 
2.29999E+01 3.49997E-01  1.98454E-05  4.16776E-01 
2.39999E+01 3.99997E-01  1.91887E-05  4.66813E-01 
2.49999E+01 4.49997E-01  1.90083E-05  5.16848E-01 
2.59999E+01 4.99997E-01  1.94001E-05  5.66874E-01 
2.69999E+01 5.49997E-01  2.03913E-05  6.16892E-01 
2.79999E+01 5.99996E-01  2.21274E-05  6.66910E-01 
2.89999E+01 6.49996E-01  2.41731E-05  7.16964E-01 
2.99999E+01 6.99996E-01  2.60583E-05  7.66980E-01 
3.09999E+01 7.49996E-01  2.76065E-05  8.17067E-01 
3.19999E+01 7.99996E-01  2.86025E-05  8.67064E-01 
3.29999E+01 8.49996E-01  2.86332E-05  9.17086E-01 
3.39999E+01 8.99996E-01  2.82627E-05  9.67131E-01 
3.49999E+01 9.49996E-01  2.83561E-05  1.01716E+00 
3.59999E+01 9.99996E-01  2.88358E-05  1.06718E+00 
3.69999E+01 1.05000E+00  2.95224E-05  1.11723E+00 
3.79999E+01 1.10000E+00  3.11887E-05  1.16728E+00 
3.89999E+01 1.15000E+00  3.40661E-05  1.21728E+00 
3.99999E+01 1.19999E+00  3.85738E-05  1.26732E+00 
4.09999E+01 1.24999E+00  4.48303E-05  1.31738E+00 
4.19999E+01 1.29999E+00  5.26796E-05  1.36736E+00 
4.29999E+01 1.34999E+00  6.22560E-05  1.41741E+00 
4.39999E+01 1.39999E+00  7.35855E-05  1.46745E+00 
4.49999E+01 1.44999E+00  8.63456E-05  1.51747E+00 
4.59999E+01 1.49999E+00  1.01056E-04  1.56749E+00 
4.69999E+01 1.54999E+00  1.20431E-04  1.61753E+00 
4.79999E+01 1.59999E+00  1.44310E-04  1.66758E+00 
4.89999E+01 1.64999E+00  1.69164E-04  1.71759E+00 
4.99999E+01 1.69999E+00  1.93911E-04  1.76764E+00 
5.09999E+01 1.74999E+00  2.18018E-04  1.81767E+00 
5.19999E+01 1.79999E+00  2.40439E-04  1.86771E+00 
5.29999E+01 1.74999E+00  1.99895E-04  1.81770E+00 
5.39999E+01 1.69999E+00  1.65564E-04  1.76769E+00 
5.49999E+01 1.64999E+00  1.34840E-04  1.71762E+00 
5.59999E+01 1.59999E+00  1.08391E-04  1.66761E+00 
5.69999E+01 1.54999E+00  8.51645E-05  1.61757E+00 
5.79999E+01 1.49999E+00  6.50625E-05  1.56755E+00 
5.89999E+01 1.44999E+00  4.86573E-05  1.51755E+00 
5.99998E+01 1.39999E+00  3.60108E-05  1.46751E+00 
6.09998E+01 1.34999E+00  2.69392E-05  1.41744E+00 
6.19998E+01 1.29999E+00  2.09217E-05  1.36740E+00 
6.29998E+01 1.24999E+00  1.71806E-05  1.31740E+00 
6.39998E+01 1.19999E+00  1.45956E-05  1.26739E+00 
6.49998E+01 1.15000E+00  1.30529E-05  1.21737E+00 
6.59998E+01 1.10000E+00  1.18871E-05  1.16733E+00 
6.69998E+01 1.05000E+00  1.09349E-05  1.11730E+00 
6.79998E+01 9.99995E-01  1.00469E-05  1.06726E+00 
6.89998E+01 9.49996E-01  9.23961E-06  1.01721E+00 
6.99998E+01 8.99996E-01  8.47184E-06  9.67200E-01 
7.09998E+01 8.49996E-01  7.70231E-06  9.17175E-01 
7.19998E+01 7.99996E-01  6.91313E-06  8.67105E-01 
7.29998E+01 7.49996E-01  6.09897E-06  8.17096E-01 
7.39998E+01 6.99996E-01  5.21729E-06  7.67038E-01 
7.49998E+01 6.49996E-01  4.22803E-06  7.17036E-01 
7.59998E+01 5.99996E-01  3.13937E-06  6.66984E-01 
7.69998E+01 5.49997E-01  2.02945E-06  6.16966E-01 
7.79998E+01 4.99997E-01  8.62378E-07  5.66922E-01 
7.89998E+01 4.49997E-01  -5.04748E-07 5.16897E-01 
7.99998E+01 3.99997E-01  -2.19733E-06 4.66869E-01 
8.09998E+01 3.49997E-01  -4.19755E-06 4.16844E-01 
8.19998E+01 2.99997E-01  -6.51550E-06 3.66796E-01 
8.29998E+01 2.49997E-01  -8.94074E-06 3.16768E-01 
8.39998E+01 1.99997E-01  -1.13791E-05 2.66734E-01 
8.49998E+01 1.49998E-01  -1.41238E-05 2.16716E-01 
8.59998E+01 9.99977E-02  -1.75117E-05 1.66691E-01 
8.69998E+01 4.99979E-02  -2.16871E-05 1.16662E-01 
8.79998E+01 -2.00000E-06 -2.69112E-05 6.66218E-02 
8.89998E+01 -5.00019E-02 -3.49751E-05 1.65965E-02 
8.99998E+01 -1.00002E-01 -4.73623E-05 -3.34459E-02
9.09998E+01 -1.50002E-01 -6.24759E-05 -8.34742E-02
9.19998E+01 -2.00002E-01 -8.13704E-05 -1.33477E-01
9.29998E+01 -2.50001E-01 -1.11174E-04 -1.83519E-01
9.39998E+01 -3.00001E-01 -1.45035E-04 -2.33548E-01
9.49998E+01 -3.50001E-01 -1.73838E-04 -2.83594E-01
9.59998E+01 -4.00001E-01 -1.80315E-04 -3.33617E-01
9.69998E+01 -4.50001E-01 -5.44108E-05 -3.83622E-01
9.79998E+01 -5.00001E-01 -3.69261E-05 -4.33647E-01
9.89998E+01 -5.50001E-01 -3.12389E-05 -4.83672E-01
9.99997E+01 -6.00001E-01 -2.90596E-05 -5.33738E-01
1.01000E+02 -6.50000E-01 -2.88105E-05 -5.83749E-01
1.02000E+02 -7.00000E-01 -2.97175E-05 -6.33782E-01
1.03000E+02 -7.50000E-01 -3.10733E-05 -6.83809E-01
