time/s      E/V        I/A
0.00000E+00 -8.00000E-01 -9.48184E-05 -7.34708E-01
9.99997E-02 -7.95000E-01 -6.30611E-05 -7.29699E-01
1.99999E-01 -7.90000E-01 -5.01087E-05 -7.24700E-01
2.99999E-01 -7.85000E-01 -4.20478E-05 -7.19706E-01
3.99999E-01 -7.80000E-01 -4.07290E-05 -7.14719E-01
4.99999E-01 -7.75000E-01 -3.65863E-05 -7.09696E-01
5.99998E-01 -7.70000E-01 -3.33486E-05 -7.04701E-01
6.99998E-01 -7.65000E-01 -3.07430E-05 -6.99705E-01
7.99998E-01 -7.60000E-01 -2.90221E-05 -6.94691E-01
8.99998E-01 -7.55000E-01 -2.71955E-05 -6.89676E-01
9.99997E-01 -7.50000E-01 -2.56193E-05 -6.84696E-01
1.10000E+00 -7.45000E-01 -2.42450E-05 -6.79694E-01
1.20000E+00 -7.40000E-01 -2.30258E-05 -6.74687E-01
1.30000E+00 -7.35000E-01 -2.19386E-05 -6.69674E-01
1.40000E+00 -7.30000E-01 -2.09517E-05 -6.64691E-01
1.50000E+00 -7.25000E-01 -2.00580E-05 -6.59687E-01
1.60000E+00 -7.20000E-01 -1.92412E-05 -6.54681E-01
1.70000E+00 -7.15000E-01 -1.84879E-05 -6.49650E-01
1.80000E+00 -7.10000E-01 -1.77931E-05 -6.44632E-01
1.90000E+00 -7.05000E-01 -1.71411E-05 -6.39645E-01
1.99999E+00 -7.00000E-01 -1.65299E-05 -6.34643E-01
2.09999E+00 -6.95000E-01 -1.59541E-05 -6.29655E-01
2.19999E+00 -6.90000E-01 -1.54087E-05 -6.24635E-01
2.29999E+00 -6.85000E-01 -1.49021E-05 -6.19637E-01
2.39999E+00 -6.80000E-01 -1.44096E-05 -6.14661E-01
2.49999E+00 -6.75000E-01 -1.39591E-05 -6.09632E-01
2.59999E+00 -6.70000E-01 -1.35093E-05 -6.04623E-01
2.69999E+00 -6.65000E-01 -1.31108E-05 -5.99632E-01
2.79999E+00 -6.60000E-01 -1.28475E-05 -5.94648E-01
2.89999E+00 -6.55000E-01 -1.22157E-05 -5.89639E-01
2.99999E+00 -6.50000E-01 -1.16836E-05 -5.84615E-01
3.09999E+00 -6.45000E-01 -1.11347E-05 -5.79624E-01
3.19999E+00 -6.40000E-01 -1.09719E-05 -5.74627E-01
3.29999E+00 -6.35000E-01 -1.09427E-05 -5.69623E-01
3.39999E+00 -6.30000E-01 -1.08061E-05 -5.64622E-01
3.49999E+00 -6.25000E-01 -1.04752E-05 -5.59624E-01
3.59999E+00 -6.20000E-01 -1.02538E-05 -5.54628E-01
3.69999E+00 -6.15000E-01 -1.00222E-05 -5.49626E-01
3.79999E+00 -6.10000E-01 -9.60735E-06 -5.44624E-01
3.89999E+00 -6.05000E-01 -9.25916E-06 -5.39612E-01
3.99999E+00 -6.00001E-01 -9.23587E-06 -5.34622E-01
4.09999E+00 -5.95001E-01 -9.16381E-06 -5.29630E-01
4.19999E+00 -5.90001E-01 -8.93652E-06 -5.24609E-01
4.29999E+00 -5.85001E-01 -8.85494E-06 -5.19612E-01
4.39999E+00 -5.80001E-01 -8.96041E-06 -5.14611E-01
4.49999E+00 -5.75001E-01 -8.56570E-06 -5.09620E-01
4.59999E+00 -5.70001E-01 -8.07180E-06 -5.04610E-01
4.69999E+00 -5.65001E-01 -7.80397E-06 -4.99590E-01
4.79999E+00 -5.60001E-01 -7.65830E-06 -4.94587E-01
4.89999E+00 -5.55001E-01 -7.46977E-06 -4.89603E-01
4.99999E+00 -5.50001E-01 -7.28212E-06 -4.84579E-01
5.09999E+00 -5.45001E-01 -7.10024E-06 -4.79582E-01
5.19999E+00 -5.40001E-01 -6.99359E-06 -4.74571E-01
5.29999E+00 -5.35001E-01 -6.73405E-06 -4.69550E-01
5.39999E+00 -5.30001E-01 -6.57476E-06 -4.64573E-01
5.49999E+00 -5.25001E-01 -6.47884E-06 -4.59565E-01
5.59999E+00 -5.20001E-01 -6.45977E-06 -4.54564E-01
5.69999E+00 -5.15001E-01 -6.22535E-06 -4.49531E-01
5.79999E+00 -5.10001E-01 -5.98058E-06 -4.44541E-01
5.89999E+00 -5.05001E-01 -5.71655E-06 -4.39552E-01
5.99998E+00 -5.00001E-01 -5.63679E-06 -4.34548E-01
6.09998E+00 -4.95001E-01 -5.50337E-06 -4.29532E-01
6.19998E+00 -4.90001E-01 -5.37633E-06 -4.24540E-01
6.29998E+00 -4.85001E-01 -5.25481E-06 -4.19528E-01
6.39998E+00 -4.80001E-01 -5.15398E-06 -4.14534E-01
6.49998E+00 -4.75001E-01 -4.99237E-06 -4.09523E-01
6.59998E+00 -4.70001E-01 -4.87033E-06 -4.04526E-01
6.69998E+00 -4.65001E-01 -4.74378E-06 -3.99534E-01
6.79998E+00 -4.60001E-01 -4.60997E-06 -3.94529E-01
6.89998E+00 -4.55001E-01 -4.47062E-06 -3.89532E-01
6.99998E+00 -4.50001E-01 -4.32523E-06 -3.84523E-01
7.09998E+00 -4.45001E-01 -4.20786E-06 -3.79496E-01
7.19998E+00 -4.40001E-01 -4.16200E-06 -3.74519E-01
7.29998E+00 -4.35001E-01 -3.82545E-06 -3.69526E-01
7.39998E+00 -4.30001E-01 -3.82218E-06 -3.64498E-01
7.49998E+00 -4.25001E-01 -3.72823E-06 -3.59503E-01
7.59998E+00 -4.20001E-01 -3.69133E-06 -3.54524E-01
7.69998E+00 -4.15001E-01 -3.57056E-06 -3.49512E-01
7.79998E+00 -4.10001E-01 -3.43158E-06 -3.44487E-01
7.89998E+00 -4.05001E-01 -3.32707E-06 -3.39487E-01
7.99998E+00 -4.00001E-01 -3.21785E-06 -3.34485E-01
8.09998E+00 -3.95001E-01 -3.12405E-06 -3.29489E-01
8.19998E+00 -3.90001E-01 -3.00354E-06 -3.24502E-01
8.29998E+00 -3.85001E-01 -2.88924E-06 -3.19502E-01
8.39998E+00 -3.80001E-01 -2.77837E-06 -3.14453E-01
8.49998E+00 -3.75001E-01 -2.65679E-06 -3.09468E-01
8.59998E+00 -3.70001E-01 -2.55293E-06 -3.04473E-01
8.69998E+00 -3.65001E-01 -2.44944E-06 -2.99482E-01
8.79998E+00 -3.60001E-01 -2.34618E-06 -2.94478E-01
8.89998E+00 -3.55001E-01 -2.24503E-06 -2.89477E-01
8.99998E+00 -3.50001E-01 -2.13986E-06 -2.84461E-01
9.09998E+00 -3.45001E-01 -2.03414E-06 -2.79461E-01
9.19998E+00 -3.40001E-01 -1.92929E-06 -2.74458E-01
9.29998E+00 -3.35001E-01 -1.82694E-06 -2.69454E-01
9.39998E+00 -3.30001E-01 -1.72668E-06 -2.64454E-01
9.49998E+00 -3.25001E-01 -1.62748E-06 -2.59482E-01
9.59998E+00 -3.20001E-01 -1.52547E-06 -2.54465E-01
9.69998E+00 -3.15001E-01 -1.42453E-06 -2.49475E-01
9.79998E+00 -3.10001E-01 -1.32898E-06 -2.44467E-01
9.89998E+00 -3.05001E-01 -1.23334E-06 -2.39469E-01
9.99997E+00 -3.00001E-01 -1.14119E-06 -2.34441E-01
1.01000E+01 -2.95001E-01 -1.04974E-06 -2.29433E-01
1.02000E+01 -2.90001E-01 -9.61437E-07 -2.24450E-01
1.03000E+01 -2.85001E-01 -8.73071E-07 -2.19448E-01
1.04000E+01 -2.80001E-01 -7.87920E-07 -2.14436E-01
1.05000E+01 -2.75001E-01 -7.02544E-07 -2.09420E-01
1.06000E+01 -2.70001E-01 -6.21665E-07 -2.04437E-01
1.07000E+01 -2.65001E-01 -5.41775E-07 -1.99455E-01
1.08000E+01 -2.60001E-01 -4.64204E-07 -1.94425E-01
1.09000E+01 -2.55001E-01 -3.88567E-07 -1.89426E-01
1.10000E+01 -2.50001E-01 -3.14615E-07 -1.84421E-01
1.11000E+01 -2.45001E-01 -2.41478E-07 -1.79433E-01
1.12000E+01 -2.40001E-01 -1.71849E-07 -1.74406E-01
1.13000E+01 -2.35001E-01 -1.05273E-07 -1.69420E-01
1.14000E+01 -2.30001E-01 -3.68578E-08 -1.64424E-01
1.15000E+01 -2.25001E-01 2.95686E-08  -1.59420E-01
1.16000E+01 -2.20001E-01 9.68071E-08  -1.54400E-01
1.17000E+01 -2.15001E-01 1.62424E-07  -1.49398E-01
1.18000E+01 -2.10001E-01 2.24344E-07  -1.44386E-01
1.19000E+01 -2.05001E-01 2.83500E-07  -1.39382E-01
1.20000E+01 -2.00002E-01 3.43361E-07  -1.34378E-01
1.21000E+01 -1.95002E-01 4.04216E-07  -1.29350E-01
1.22000E+01 -1.90002E-01 4.64907E-07  -1.24366E-01
1.23000E+01 -1.85002E-01 5.23396E-07  -1.19391E-01
1.24000E+01 -1.80002E-01 5.81546E-07  -1.14342E-01
1.25000E+01 -1.75002E-01 6.42182E-07  -1.09339E-01
1.26000E+01 -1.70002E-01 7.02870E-07  -1.04358E-01
1.27000E+01 -1.65002E-01 7.63605E-07  -9.93575E-02
1.28000E+01 -1.60002E-01 8.23716E-07  -9.43416E-02
1.29000E+01 -1.55002E-01 8.84181E-07  -8.93376E-02
1.30000E+01 -1.50002E-01 9.34569E-07  -8.43554E-02
1.31000E+01 -1.45002E-01 9.89551E-07  -7.93657E-02
1.32000E+01 -1.40002E-01 1.05592E-06  -7.43348E-02
1.33000E+01 -1.35002E-01 1.11501E-06  -6.93314E-02
1.34000E+01 -1.30002E-01 1.18000E-06  -6.43342E-02
1.35000E+01 -1.25002E-01 1.22282E-06  -5.93701E-02
1.36000E+01 -1.20002E-01 1.25932E-06  -5.43405E-02
1.37000E+01 -1.15002E-01 1.34992E-06  -4.93183E-02
1.38000E+01 -1.10002E-01 1.41995E-06  -4.43330E-02
1.39000E+01 -1.05002E-01 1.49047E-06  -3.93321E-02
1.40000E+01 -1.00002E-01 1.53526E-06  -3.43156E-02
1.41000E+01 -9.50018E-02 1.57733E-06  -2.93065E-02
1.42000E+01 -9.00018E-02 1.68850E-06  -2.43206E-02
1.43000E+01 -8.50018E-02 1.75749E-06  -1.93122E-02
1.44000E+01 -8.00018E-02 1.82508E-06  -1.43131E-02
1.45000E+01 -7.50018E-02 1.90782E-06  -9.31470E-03
1.46000E+01 -7.00018E-02 2.05870E-06  -4.28881E-03
1.47000E+01 -6.50018E-02 2.09791E-06  7.04636E-04 
1.48000E+01 -6.00019E-02 2.20839E-06  5.67868E-03 
1.49000E+01 -5.50019E-02 2.30272E-06  1.07102E-02 
1.50000E+01 -5.00019E-02 2.41759E-06  1.57086E-02 
1.51000E+01 -4.50019E-02 2.41648E-06  2.07164E-02 
1.52000E+01 -4.00019E-02 2.48926E-06  2.56880E-02 
1.53000E+01 -3.50019E-02 2.61193E-06  3.06951E-02 
1.54000E+01 -3.00019E-02 2.70358E-06  3.56960E-02 
1.55000E+01 -2.50019E-02 2.79224E-06  4.07132E-02 
1.56000E+01 -2.00020E-02 2.90166E-06  4.57041E-02 
1.57000E+01 -1.50020E-02 2.90292E-06  5.07007E-02 
1.58000E+01 -1.00020E-02 3.03141E-06  5.57203E-02 
1.59000E+01 -5.00199E-03 3.13325E-06  6.07038E-02 
1.60000E+01 -2.00000E-06 3.23456E-06  6.56997E-02 
1.61000E+01 4.99799E-03  3.32655E-06  7.07031E-02 
1.62000E+01 9.99797E-03  3.41575E-06  7.57265E-02 
1.63000E+01 1.49980E-02  3.44626E-06  8.07374E-02 
1.64000E+01 1.99979E-02  3.58176E-06  8.57259E-02 
1.65000E+01 2.49979E-02  3.68831E-06  9.07174E-02 
1.66000E+01 2.99979E-02  3.79124E-06  9.57340E-02 
1.67000E+01 3.49979E-02  3.89632E-06  1.00740E-01 
1.68000E+01 3.99979E-02  4.00301E-06  1.05745E-01 
1.69000E+01 4.49979E-02  4.11584E-06  1.10714E-01 
1.70000E+01 4.99979E-02  4.22565E-06  1.15724E-01 
1.71000E+01 5.49979E-02  4.34264E-06  1.20744E-01 
1.72000E+01 5.99978E-02  4.43901E-06  1.25744E-01 
1.73000E+01 6.49978E-02  4.57391E-06  1.30751E-01 
1.74000E+01 6.99978E-02  4.70009E-06  1.35741E-01 
1.75000E+01 7.49978E-02  4.82707E-06  1.40753E-01 
1.76000E+01 7.99978E-02  4.95719E-06  1.45775E-01 
1.77000E+01 8.49978E-02  5.09088E-06  1.50768E-01 
1.78000E+01 8.99978E-02  5.23126E-06  1.55803E-01 
1.79000E+01 9.49978E-02  5.37361E-06  1.60791E-01 
1.80000E+01 9.99977E-02  5.52060E-06  1.65792E-01 
1.81000E+01 1.04998E-01  5.67072E-06  1.70791E-01 
1.82000E+01 1.09998E-01  5.82235E-06  1.75802E-01 
1.83000E+01 1.14998E-01  5.97351E-06  1.80811E-01 
1.84000E+01 1.19998E-01  6.14290E-06  1.85815E-01 
1.85000E+01 1.24998E-01  6.31740E-06  1.90789E-01 
1.86000E+01 1.29998E-01  6.49954E-06  1.95806E-01 
1.87000E+01 1.34998E-01  6.68185E-06  2.00811E-01 
1.88000E+01 1.39998E-01  6.86925E-06  2.05788E-01 
1.89000E+01 1.44998E-01  7.06058E-06  2.10784E-01 
1.90000E+01 1.49998E-01  7.24988E-06  2.15807E-01 
1.91000E+01 1.54998E-01  7.45546E-06  2.20839E-01 
1.92000E+01 1.59998E-01  7.66554E-06  2.25818E-01 
1.93000E+01 1.64998E-01  7.87715E-06  2.30811E-01 
1.94000E+01 1.69998E-01  8.09622E-06  2.35821E-01 
1.95000E+01 1.74998E-01  8.32024E-06  2.40821E-01 
1.96000E+01 1.79998E-01  8.54293E-06  2.45811E-01 
1.97000E+01 1.84998E-01  8.77157E-06  2.50800E-01 
1.98000E+01 1.89998E-01  9.00926E-06  2.55846E-01 
1.99000E+01 1.94998E-01  9.24765E-06  2.60842E-01 
1.99999E+01 1.99997E-01  9.48708E-06  2.65819E-01 
2.00999E+01 2.04997E-01  9.72958E-06  2.70809E-01 
2.01999E+01 2.09997E-01  9.98055E-06  2.75845E-01 
2.02999E+01 2.14997E-01  1.02257E-05  2.80829E-01 
2.03999E+01 2.19997E-01  1.04744E-05  2.85854E-01 
2.04999E+01 2.24997E-01  1.07238E-05  2.90828E-01 
2.05999E+01 2.29997E-01  1.09765E-05  2.95816E-01 
2.06999E+01 2.34997E-01  1.12240E-05  3.00831E-01 
2.07999E+01 2.39997E-01  1.14736E-05  3.05859E-01 
2.08999E+01 2.44997E-01  1.17223E-05  3.10871E-01 
2.09999E+01 2.49997E-01  1.19615E-05  3.15855E-01 
2.10999E+01 2.54997E-01  1.22015E-05  3.20863E-01 
2.11999E+01 2.59997E-01  1.24369E-05  3.25859E-01 
2.12999E+01 2.64997E-01  1.26711E-05  3.30863E-01 
2.13999E+01 2.69997E-01  1.28994E-05  3.35879E-01 
2.14999E+01 2.74997E-01  1.31258E-05  3.40879E-01 
2.15999E+01 2.79997E-01  1.33485E-05  3.45859E-01 
2.16999E+01 2.84997E-01  1.35677E-05  3.50898E-01 
2.17999E+01 2.89997E-01  1.37788E-05  3.55889E-01 
2.18999E+01 2.94997E-01  1.39974E-05  3.60888E-01 
2.19999E+01 2.99997E-01  1.42076E-05  3.65895E-01 
2.20999E+01 3.04997E-01  1.44189E-05  3.70883E-01 
2.21999E+01 3.09997E-01  1.46218E-05  3.75908E-01 
2.22999E+01 3.14997E-01  1.48192E-05  3.80891E-01 
2.23999E+01 3.19997E-01  1.50288E-05  3.85911E-01 
2.24999E+01 3.24997E-01  1.52204E-05  3.90888E-01 
2.25999E+01 3.29997E-01  1.54204E-05  3.95930E-01 
2.26999E+01 3.34997E-01  1.56163E-05  4.00899E-01 
2.27999E+01 3.39997E-01  1.58129E-05  4.05898E-01 
2.28999E+01 3.44997E-01  1.60143E-05  4.10907E-01 
2.29999E+01 3.49997E-01  1.62113E-05  4.15912E-01 
2.30999E+01 3.54997E-01  1.63934E-05  4.20910E-01 
2.31999E+01 3.59997E-01  1.65741E-05  4.25923E-01 
2.32999E+01 3.64997E-01  1.67545E-05  4.30907E-01 
2.33999E+01 3.69997E-01  1.69350E-05  4.35957E-01 
2.34999E+01 3.74997E-01  1.71098E-05  4.40922E-01 
2.35999E+01 3.79997E-01  1.72878E-05  4.45891E-01 
2.36999E+01 3.84997E-01  1.74620E-05  4.50929E-01 
2.37999E+01 3.89997E-01  1.76420E-05  4.55933E-01 
2.38999E+01 3.94997E-01  1.78419E-05  4.60938E-01 
2.39999E+01 3.99997E-01  1.80082E-05  4.65955E-01 
2.40999E+01 4.04997E-01  1.81855E-05  4.70950E-01 
2.41999E+01 4.09997E-01  1.83601E-05  4.75966E-01 
2.42999E+01 4.14997E-01  1.85339E-05  4.80963E-01 
2.43999E+01 4.19997E-01  1.87067E-05  4.85973E-01 
2.44999E+01 4.24997E-01  1.88814E-05  4.90975E-01 
2.45999E+01 4.29997E-01  1.90576E-05  4.95962E-01 
2.46999E+01 4.34997E-01  1.92377E-05  5.00943E-01 
2.47999E+01 4.39997E-01  1.94784E-05  5.05987E-01 
2.48999E+01 4.44997E-01  1.96647E-05  5.10986E-01 
2.49999E+01 4.49997E-01  1.98604E-05  5.15962E-01 
2.50999E+01 4.54997E-01  2.00518E-05  5.20966E-01 
2.51999E+01 4.59997E-01  2.02471E-05  5.25970E-01 
2.52999E+01 4.64997E-01  2.04481E-05  5.31005E-01 
2.53999E+01 4.69997E-01  2.06505E-05  5.36002E-01 
2.54999E+01 4.74997E-01  2.08553E-05  5.41014E-01 
2.55999E+01 4.79997E-01  2.10585E-05  5.45979E-01 
2.56999E+01 4.84997E-01  2.12640E-05  5.50998E-01 
2.57999E+01 4.89997E-01  2.14674E-05  5.56020E-01 
2.58999E+01 4.94997E-01  2.16677E-05  5.60996E-01 
2.59999E+01 4.99997E-01  2.18767E-05  5.65996E-01 
2.60999E+01 5.04997E-01  2.20901E-05  5.71007E-01 
2.61999E+01 5.09997E-01  2.23030E-05  5.76016E-01 
2.62999E+01 5.14997E-01  2.25105E-05  5.81009E-01 
2.63999E+01 5.19997E-01  2.27060E-05  5.86002E-01 
2.64999E+01 5.24997E-01  2.29085E-05  5.91016E-01 
2.65999E+01 5.29997E-01  2.31214E-05  5.96021E-01 
2.66999E+01 5.34997E-01  2.33233E-05  6.01009E-01 
2.67999E+01 5.39997E-01  2.35271E-05  6.06014E-01 
2.68999E+01 5.44997E-01  2.37350E-05  6.11033E-01 
2.69999E+01 5.49997E-01  2.39420E-05  6.16039E-01 
2.70999E+01 5.54997E-01  2.41478E-05  6.21040E-01 
2.71999E+01 5.59997E-01  2.43651E-05  6.26024E-01 
2.72999E+01 5.64997E-01  2.45782E-05  6.31046E-01 
2.73999E+01 5.69997E-01  2.47858E-05  6.36051E-01 
2.74999E+01 5.74997E-01  2.49758E-05  6.41038E-01 
2.75999E+01 5.79997E-01  2.51084E-05  6.46025E-01 
2.76999E+01 5.84997E-01  2.52982E-05  6.51060E-01 
2.77999E+01 5.89997E-01  2.55178E-05  6.56059E-01 
2.78999E+01 5.94997E-01  2.57288E-05  6.61058E-01 
2.79999E+01 5.99996E-01  2.59528E-05  6.66062E-01 
2.80999E+01 6.04996E-01  2.61927E-05  6.71061E-01 
2.81999E+01 6.09996E-01  2.64882E-05  6.76057E-01 
2.82999E+01 6.14996E-01  2.66946E-05  6.81079E-01 
2.83999E+01 6.19996E-01  2.68905E-05  6.86075E-01 
2.84999E+01 6.24996E-01  2.70780E-05  6.91051E-01 
2.85999E+01 6.29996E-01  2.72731E-05  6.96059E-01 
2.86999E+01 6.34996E-01  2.74684E-05  7.01071E-01 
2.87999E+01 6.39996E-01  2.76293E-05  7.06073E-01 
2.88999E+01 6.44996E-01  2.78318E-05  7.11062E-01 
2.89999E+01 6.49996E-01  2.79812E-05  7.16072E-01 
2.90999E+01 6.54996E-01  2.81718E-05  7.21091E-01 
2.91999E+01 6.59996E-01  2.83745E-05  7.26084E-01 
2.92999E+01 6.64996E-01  2.85213E-05  7.31076E-01 
2.93999E+01 6.69996E-01  2.87100E-05  7.36090E-01 
2.94999E+01 6.74996E-01  2.87746E-05  7.41121E-01 
2.95999E+01 6.79996E-01  2.89170E-05  7.46101E-01 
2.96999E+01 6.84996E-01  2.91276E-05  7.51109E-01 
2.97999E+01 6.89996E-01  2.93378E-05  7.56100E-01 
2.98999E+01 6.94996E-01  2.94937E-05  7.61129E-01 
2.99999E+01 6.99996E-01  2.96372E-05  7.66111E-01 
3.00999E+01 7.04996E-01  2.97664E-05  7.71107E-01 
3.01999E+01 7.09996E-01  2.99436E-05  7.76126E-01 
3.02999E+01 7.14996E-01  3.02278E-05  7.81145E-01 
3.03999E+01 7.19996E-01  3.04241E-05  7.86133E-01 
3.04999E+01 7.24996E-01  3.05087E-05  7.91134E-01 
3.05999E+01 7.29996E-01  3.05403E-05  7.96169E-01 
3.06999E+01 7.34996E-01  3.06832E-05  8.01149E-01 
3.07999E+01 7.39996E-01  3.09191E-05  8.06146E-01 
3.08999E+01 7.44996E-01  3.11272E-05  8.11173E-01 
3.09999E+01 7.49996E-01  3.13235E-05  8.16167E-01 
3.10999E+01 7.54996E-01  3.14226E-05  8.21171E-01 
3.11999E+01 7.59996E-01  3.14008E-05  8.26162E-01 
3.12999E+01 7.64996E-01  3.14919E-05  8.31174E-01 
3.13999E+01 7.69996E-01  3.17329E-05  8.36166E-01 
3.14999E+01 7.74996E-01  3.21138E-05  8.41170E-01 
3.15999E+01 7.79996E-01  3.22066E-05  8.46153E-01 
3.16999E+01 7.84996E-01  3.23422E-05  8.51188E-01 
3.17999E+01 7.89996E-01  3.25062E-05  8.56174E-01 
3.18999E+01 7.94996E-01  3.26996E-05  8.61167E-01 
3.19999E+01 7.99996E-01  3.29016E-05  8.66154E-01 
3.20999E+01 8.04996E-01  3.31048E-05  8.71171E-01 
3.21999E+01 8.09996E-01  3.32955E-05  8.76183E-01 
3.22999E+01 8.14996E-01  3.35098E-05  8.81172E-01 
3.23999E+01 8.19996E-01  3.38202E-05  8.86179E-01 
3.24999E+01 8.24996E-01  3.40794E-05  8.91182E-01 
3.25999E+01 8.29996E-01  3.43746E-05  8.96202E-01 
3.26999E+01 8.34996E-01  3.46780E-05  9.01200E-01 
3.27999E+01 8.39996E-01  3.49363E-05  9.06203E-01 
3.28999E+01 8.44996E-01  3.51336E-05  9.11199E-01 
3.29999E+01 8.49996E-01  3.54015E-05  9.16214E-01 
3.30999E+01 8.54996E-01  3.56590E-05  9.21188E-01 
3.31999E+01 8.59996E-01  3.59045E-05  9.26209E-01 
3.32999E+01 8.64996E-01  3.61445E-05  9.31192E-01 
3.33999E+01 8.69996E-01  3.63678E-05  9.36191E-01 
3.34999E+01 8.74996E-01  3.65733E-05  9.41237E-01 
3.35999E+01 8.79996E-01  3.67672E-05  9.46225E-01 
3.36999E+01 8.84996E-01  3.69392E-05  9.51224E-01 
3.37999E+01 8.89996E-01  3.71208E-05  9.56242E-01 
3.38999E+01 8.94996E-01  3.72198E-05  9.61226E-01 
3.39999E+01 8.99996E-01  3.73222E-05  9.66237E-01 
3.40999E+01 9.04996E-01  3.74163E-05  9.71258E-01 
3.41999E+01 9.09996E-01  3.75115E-05  9.76254E-01 
3.42999E+01 9.14996E-01  3.76109E-05  9.81250E-01 
3.43999E+01 9.19996E-01  3.76755E-05  9.86245E-01 
3.44999E+01 9.24996E-01  3.77384E-05  9.91260E-01 
3.45999E+01 9.29996E-01  3.77948E-05  9.96254E-01 
3.46999E+01 9.34996E-01  3.78318E-05  1.00125E+00 
3.47999E+01 9.39996E-01  3.77492E-05  1.00625E+00 
3.48999E+01 9.44996E-01  3.76781E-05  1.01127E+00 
3.49999E+01 9.49996E-01  3.76181E-05  1.01628E+00 
3.50999E+01 9.54996E-01  3.76733E-05  1.02125E+00 
3.51999E+01 9.59996E-01  3.76142E-05  1.02626E+00 
3.52999E+01 9.64996E-01  3.77498E-05  1.03128E+00 
3.53999E+01 9.69996E-01  3.78397E-05  1.03626E+00 
3.54999E+01 9.74996E-01  3.74440E-05  1.04125E+00 
3.55999E+01 9.79996E-01  3.74525E-05  1.04628E+00 
3.56999E+01 9.84996E-01  3.74220E-05  1.05128E+00 
3.57999E+01 9.89996E-01  3.75952E-05  1.05629E+00 
3.58999E+01 9.94996E-01  3.77363E-05  1.06126E+00 
3.59999E+01 9.99995E-01  3.76839E-05  1.06627E+00 
3.60999E+01 1.00500E+00  3.76768E-05  1.07128E+00 
3.61999E+01 1.01000E+00  3.76166E-05  1.07630E+00 
3.62999E+01 1.01500E+00  3.76449E-05  1.08129E+00 
3.63999E+01 1.02000E+00  3.76397E-05  1.08629E+00 
3.64999E+01 1.02500E+00  3.76976E-05  1.09130E+00 
3.65999E+01 1.03000E+00  3.79201E-05  1.09630E+00 
3.66999E+01 1.03500E+00  3.79198E-05  1.10130E+00 
3.67999E+01 1.04000E+00  3.80121E-05  1.10630E+00 
3.68999E+01 1.04500E+00  3.81295E-05  1.11131E+00 
3.69999E+01 1.05000E+00  3.82818E-05  1.11631E+00 
3.70999E+01 1.05500E+00  3.85462E-05  1.12133E+00 
3.71999E+01 1.06000E+00  3.88305E-05  1.12634E+00 
3.72999E+01 1.06500E+00  3.92703E-05  1.13135E+00 
3.73999E+01 1.07000E+00  3.97804E-05  1.13633E+00 
3.74999E+01 1.07500E+00  4.04689E-05  1.14133E+00 
3.75999E+01 1.08000E+00  4.03555E-05  1.14633E+00 
3.76999E+01 1.08500E+00  4.06639E-05  1.15134E+00 
3.77999E+01 1.09000E+00  4.12136E-05  1.15634E+00 
3.78999E+01 1.09500E+00  4.19925E-05  1.16134E+00 
3.79999E+01 1.10000E+00  4.23066E-05  1.16634E+00 
3.80999E+01 1.10500E+00  4.26839E-05  1.17134E+00 
3.81999E+01 1.11000E+00  4.30643E-05  1.17634E+00 
3.82999E+01 1.11500E+00  4.34016E-05  1.18135E+00 
3.83999E+01 1.12000E+00  4.38740E-05  1.18636E+00 
3.84999E+01 1.12500E+00  4.44119E-05  1.19137E+00 
3.85999E+01 1.13000E+00  4.49099E-05  1.19636E+00 
3.86999E+01 1.13500E+00  4.52574E-05  1.20136E+00 
3.87999E+01 1.14000E+00  4.56998E-05  1.20637E+00 
3.88999E+01 1.14500E+00  4.61891E-05  1.21137E+00 
3.89999E+01 1.15000E+00  4.66852E-05  1.21638E+00 
3.90999E+01 1.15500E+00  4.71814E-05  1.22136E+00 
3.91999E+01 1.16000E+00  4.77041E-05  1.22638E+00 
3.92999E+01 1.16500E+00  4.82608E-05  1.23138E+00 
3.93999E+01 1.17000E+00  4.88365E-05  1.23639E+00 
3.94999E+01 1.17500E+00  4.95108E-05  1.24136E+00 
3.95999E+01 1.18000E+00  5.00243E-05  1.24639E+00 
3.96999E+01 1.18500E+00  5.06019E-05  1.25139E+00 
3.97999E+01 1.19000E+00  5.12293E-05  1.25639E+00 
3.98999E+01 1.19500E+00  5.18904E-05  1.26140E+00 
3.99999E+01 1.19999E+00  5.25450E-05  1.26639E+00 
4.00999E+01 1.20499E+00  5.32061E-05  1.27142E+00 
4.01999E+01 1.20999E+00  5.38744E-05  1.27641E+00 
4.02999E+01 1.21499E+00  5.45745E-05  1.28143E+00 
4.03999E+01 1.21999E+00  5.55261E-05  1.28642E+00 
4.04999E+01 1.22499E+00  5.60709E-05  1.29142E+00 
4.05999E+01 1.22999E+00  5.68244E-05  1.29644E+00 
4.06999E+01 1.23499E+00  5.76357E-05  1.30144E+00 
4.07999E+01 1.23999E+00  5.84680E-05  1.30644E+00 
4.08999E+01 1.24499E+00  5.93176E-05  1.31143E+00 
4.09999E+01 1.24999E+00  6.01904E-05  1.31645E+00 
4.10999E+01 1.25499E+00  6.10954E-05  1.32143E+00 
4.11999E+01 1.25999E+00  6.22904E-05  1.32643E+00 
4.12999E+01 1.26499E+00  6.28872E-05  1.33146E+00 
4.13999E+01 1.26999E+00  6.37942E-05  1.33645E+00 
4.14999E+01 1.27499E+00  6.47137E-05  1.34144E+00 
4.15999E+01 1.27999E+00  6.56482E-05  1.34644E+00 
4.16999E+01 1.28499E+00  6.66133E-05  1.35142E+00 
4.17999E+01 1.28999E+00  6.75592E-05  1.35644E+00 
4.18999E+01 1.29499E+00  6.86016E-05  1.36143E+00 
4.19999E+01 1.29999E+00  6.95997E-05  1.36645E+00 
4.20999E+01 1.30499E+00  7.06590E-05  1.37145E+00 
4.21999E+01 1.30999E+00  7.17265E-05  1.37646E+00 
4.22999E+01 1.31499E+00  7.28495E-05  1.38145E+00 
4.23999E+01 1.31999E+00  7.40206E-05  1.38645E+00 
4.24999E+01 1.32499E+00  7.52147E-05  1.39145E+00 
4.25999E+01 1.32999E+00  7.64664E-05  1.39647E+00 
4.26999E+01 1.33499E+00  7.77849E-05  1.40146E+00 
4.27999E+01 1.33999E+00  7.92046E-05  1.40647E+00 
4.28999E+01 1.34499E+00  8.05836E-05  1.41146E+00 
4.29999E+01 1.34999E+00  8.20636E-05  1.41647E+00 
4.30999E+01 1.35499E+00  8.35310E-05  1.42148E+00 
4.31999E+01 1.35999E+00  8.51072E-05  1.42650E+00 
4.32999E+01 1.36499E+00  8.67376E-05  1.43149E+00 
4.33999E+01 1.36999E+00  8.84280E-05  1.43650E+00 
4.34999E+01 1.37499E+00  9.01650E-05  1.44149E+00 
4.35999E+01 1.37999E+00  9.18372E-05  1.44649E+00 
4.36999E+01 1.38499E+00  9.35755E-05  1.45151E+00 
4.37999E+01 1.38999E+00  9.54843E-05  1.45651E+00 
4.38999E+01 1.39499E+00  9.71635E-05  1.46152E+00 
4.39999E+01 1.39999E+00  9.89789E-05  1.46652E+00 
4.40999E+01 1.40499E+00  1.00809E-04  1.47151E+00 
4.41999E+01 1.40999E+00  1.02527E-04  1.47651E+00 
4.42999E+01 1.41499E+00  1.04375E-04  1.48151E+00 
4.43999E+01 1.41999E+00  1.06490E-04  1.48652E+00 
4.44999E+01 1.42499E+00  1.08599E-04  1.49152E+00 
4.45999E+01 1.42999E+00  1.10566E-04  1.49653E+00 
4.46999E+01 1.43499E+00  1.12424E-04  1.50155E+00 
4.47999E+01 1.43999E+00  1.13902E-04  1.50652E+00 
4.48999E+01 1.44499E+00  1.15690E-04  1.51153E+00 
4.49999E+01 1.44999E+00  1.17807E-04  1.51654E+00 
4.50999E+01 1.45499E+00  1.20094E-04  1.52154E+00 
4.51999E+01 1.45999E+00  1.22880E-04  1.52653E+00 
4.52999E+01 1.46499E+00  1.25296E-04  1.53155E+00 
4.53999E+01 1.46999E+00  1.27543E-04  1.53656E+00 
4.54999E+01 1.47499E+00  1.29796E-04  1.54155E+00 
4.55999E+01 1.47999E+00  1.32126E-04  1.54654E+00 
4.56999E+01 1.48499E+00  1.34513E-04  1.55158E+00 
4.57999E+01 1.48999E+00  1.36852E-04  1.55659E+00 
4.58999E+01 1.49499E+00  1.39174E-04  1.56158E+00 
4.59999E+01 1.49999E+00  1.41841E-04  1.56656E+00 
4.60999E+01 1.50499E+00  1.44522E-04  1.57161E+00 
4.61999E+01 1.50999E+00  1.47163E-04  1.57661E+00 
4.62999E+01 1.51499E+00  1.49914E-04  1.58159E+00 
4.63999E+01 1.51999E+00  1.52683E-04  1.58660E+00 
4.64999E+01 1.52499E+00  1.55543E-04  1.59159E+00 
4.65999E+01 1.52999E+00  1.58460E-04  1.59660E+00 
4.66999E+01 1.53499E+00  1.61469E-04  1.60161E+00 
4.67999E+01 1.53999E+00  1.64530E-04  1.60663E+00 
4.68999E+01 1.54499E+00  1.67632E-04  1.61163E+00 
4.69999E+01 1.54999E+00  1.70797E-04  1.61662E+00 
4.70999E+01 1.55499E+00  1.74007E-04  1.62164E+00 
4.71999E+01 1.55999E+00  1.77527E-04  1.62663E+00 
4.72999E+01 1.56499E+00  1.80713E-04  1.63164E+00 
4.73999E+01 1.56999E+00  1.84143E-04  1.63663E+00 
4.74999E+01 1.57499E+00  1.87556E-04  1.64162E+00 
4.75999E+01 1.57999E+00  1.91006E-04  1.64664E+00 
4.76999E+01 1.58499E+00  1.94525E-04  1.65162E+00 
4.77999E+01 1.58999E+00  1.98116E-04  1.65662E+00 
4.78999E+01 1.59499E+00  2.01655E-04  1.66163E+00 
4.79999E+01 1.59999E+00  2.05264E-04  1.66664E+00 
4.80999E+01 1.60499E+00  2.08903E-04  1.67165E+00 
4.81999E+01 1.60999E+00  2.12528E-04  1.67664E+00 
4.82999E+01 1.61499E+00  2.16631E-04  1.68165E+00 
4.83999E+01 1.61999E+00  2.20296E-04  1.68664E+00 
4.84999E+01 1.62499E+00  2.23968E-04  1.69167E+00 
4.85999E+01 1.62999E+00  2.27600E-04  1.69668E+00 
4.86999E+01 1.63499E+00  2.31285E-04  1.70164E+00 
4.87999E+01 1.63999E+00  2.34950E-04  1.70667E+00 
4.88999E+01 1.64499E+00  2.38636E-04  1.71168E+00 
4.89999E+01 1.64999E+00  2.42274E-04  1.71664E+00 
4.90999E+01 1.65499E+00  2.45901E-04  1.72164E+00 
4.91999E+01 1.65999E+00  2.49497E-04  1.72665E+00 
4.92999E+01 1.66499E+00  2.53088E-04  1.73166E+00 
4.93999E+01 1.66999E+00  2.56653E-04  1.73667E+00 
4.94999E+01 1.67499E+00  2.60210E-04  1.74166E+00 
4.95999E+01 1.67999E+00  2.63693E-04  1.74668E+00 
4.96999E+01 1.68499E+00  2.67195E-04  1.75169E+00 
4.97999E+01 1.68999E+00  2.70661E-04  1.75669E+00 
4.98999E+01 1.69499E+00  2.74167E-04  1.76173E+00 
4.99999E+01 1.69999E+00  2.77538E-04  1.76673E+00 
5.00999E+01 1.70499E+00  2.80851E-04  1.77172E+00 
5.01999E+01 1.70999E+00  2.84185E-04  1.77672E+00 
5.02999E+01 1.71499E+00  2.87425E-04  1.78173E+00 
5.03999E+01 1.71999E+00  2.90666E-04  1.78671E+00 
5.04999E+01 1.72499E+00  2.93895E-04  1.79171E+00 
5.05999E+01 1.72999E+00  2.97136E-04  1.79669E+00 
5.06999E+01 1.73499E+00  3.00235E-04  1.80172E+00 
5.07999E+01 1.73999E+00  3.03335E-04  1.80673E+00 
5.08999E+01 1.74499E+00  3.06386E-04  1.81174E+00 
5.09999E+01 1.74999E+00  3.09433E-04  1.81672E+00 
5.10999E+01 1.75499E+00  3.12406E-04  1.82173E+00 
5.11999E+01 1.75999E+00  3.15381E-04  1.82674E+00 
5.12999E+01 1.76499E+00  3.18273E-04  1.83174E+00 
5.13999E+01 1.76999E+00  3.21115E-04  1.83676E+00 
5.14999E+01 1.77499E+00  3.23941E-04  1.84176E+00 
5.15999E+01 1.77999E+00  3.26766E-04  1.84679E+00 
5.16999E+01 1.78499E+00  3.29480E-04  1.85176E+00 
5.17999E+01 1.78999E+00  3.32263E-04  1.85675E+00 
5.18999E+01 1.79499E+00  3.34892E-04  1.86177E+00 
5.19999E+01 1.79999E+00  3.37498E-04  1.86677E+00 
5.20999E+01 1.79499E+00  3.30045E-04  1.86176E+00 
5.21999E+01 1.78999E+00  3.22926E-04  1.85676E+00 
5.22999E+01 1.78499E+00  3.15982E-04  1.85175E+00 
5.23999E+01 1.77999E+00  3.09291E-04  1.84675E+00 
5.24999E+01 1.77499E+00  3.02764E-04  1.84176E+00 
5.25999E+01 1.76999E+00  2.96389E-04  1.83675E+00 
5.26999E+01 1.76499E+00  2.90080E-04  1.83177E+00 
5.27999E+01 1.75999E+00  2.83908E-04  1.82676E+00 
5.28999E+01 1.75499E+00  2.77872E-04  1.82174E+00 
5.29999E+01 1.74999E+00  2.72097E-04  1.81673E+00 
5.30999E+01 1.74499E+00  2.66720E-04  1.81174E+00 
5.31999E+01 1.73999E+00  2.60664E-04  1.80674E+00 
5.32999E+01 1.73499E+00  2.55019E-04  1.80173E+00 
5.33999E+01 1.72999E+00  2.49583E-04  1.79674E+00 
5.34999E+01 1.72499E+00  2.44238E-04  1.79172E+00 
5.35999E+01 1.71999E+00  2.39013E-04  1.78673E+00 
5.36999E+01 1.71499E+00  2.33875E-04  1.78171E+00 
5.37999E+01 1.70999E+00  2.28836E-04  1.77671E+00 
5.38999E+01 1.70499E+00  2.23911E-04  1.77170E+00 
5.39999E+01 1.69999E+00  2.19055E-04  1.76673E+00 
5.40999E+01 1.69499E+00  2.14314E-04  1.76171E+00 
5.41999E+01 1.68999E+00  2.09675E-04  1.75670E+00 
5.42999E+01 1.68499E+00  2.05157E-04  1.75167E+00 
5.43999E+01 1.67999E+00  2.00598E-04  1.74667E+00 
5.44999E+01 1.67499E+00  1.96092E-04  1.74165E+00 
5.45999E+01 1.66999E+00  1.91682E-04  1.73667E+00 
5.46999E+01 1.66499E+00  1.87404E-04  1.73167E+00 
5.47999E+01 1.65999E+00  1.83246E-04  1.72667E+00 
5.48999E+01 1.65499E+00  1.79066E-04  1.72165E+00 
5.49999E+01 1.64999E+00  1.74879E-04  1.71664E+00 
5.50999E+01 1.64499E+00  1.70403E-04  1.71165E+00 
5.51999E+01 1.63999E+00  1.66288E-04  1.70666E+00 
5.52999E+01 1.63499E+00  1.62344E-04  1.70165E+00 
5.53999E+01 1.62999E+00  1.58713E-04  1.69664E+00 
5.54999E+01 1.62499E+00  1.54883E-04  1.69165E+00 
5.55999E+01 1.61999E+00  1.51213E-04  1.68666E+00 
5.56999E+01 1.61499E+00  1.47634E-04  1.68163E+00 
5.57999E+01 1.60999E+00  1.44109E-04  1.67664E+00 
5.58999E+01 1.60499E+00  1.40685E-04  1.67166E+00 
5.59999E+01 1.59999E+00  1.37624E-04  1.66664E+00 
5.60999E+01 1.59499E+00  1.34257E-04  1.66164E+00 
5.61999E+01 1.58999E+00  1.30178E-04  1.65664E+00 
5.62999E+01 1.58499E+00  1.26609E-04  1.65164E+00 
5.63999E+01 1.57999E+00  1.23273E-04  1.64663E+00 
5.64999E+01 1.57499E+00  1.20297E-04  1.64162E+00 
5.65999E+01 1.56999E+00  1.17115E-04  1.63663E+00 
5.66999E+01 1.56499E+00  1.14030E-04  1.63166E+00 
5.67999E+01 1.55999E+00  1.11099E-04  1.62665E+00 
5.68999E+01 1.55499E+00  1.08194E-04  1.62163E+00 
5.69999E+01 1.54999E+00  1.05199E-04  1.61663E+00 
5.70999E+01 1.54499E+00  1.02373E-04  1.61164E+00 
5.71999E+01 1.53999E+00  9.97546E-05  1.60665E+00 
5.72999E+01 1.53499E+00  9.70089E-05  1.60163E+00 
5.73999E+01 1.52999E+00  9.43801E-05  1.59661E+00 
5.74999E+01 1.52499E+00  9.15312E-05  1.59159E+00 
5.75999E+01 1.51999E+00  8.85179E-05  1.58661E+00 
5.76999E+01 1.51499E+00  8.57351E-05  1.58162E+00 
5.77999E+01 1.50999E+00  8.34929E-05  1.57662E+00 
5.78999E+01 1.50499E+00  8.14188E-05  1.57161E+00 
5.79999E+01 1.49999E+00  7.87990E-05  1.56659E+00 
5.80999E+01 1.49499E+00  7.62811E-05  1.56158E+00 
5.81999E+01 1.48999E+00  7.37046E-05  1.55658E+00 
5.82999E+01 1.48499E+00  7.14338E-05  1.55157E+00 
5.83999E+01 1.47999E+00  6.92963E-05  1.54657E+00 
5.84999E+01 1.47499E+00  6.70845E-05  1.54156E+00 
5.85999E+01 1.46999E+00  6.48595E-05  1.53658E+00 
5.86999E+01 1.46499E+00  6.27212E-05  1.53156E+00 
5.87999E+01 1.45999E+00  6.06678E-05  1.52655E+00 
5.88999E+01 1.45499E+00  5.86147E-05  1.52155E+00 
5.89999E+01 1.44999E+00  5.66240E-05  1.51655E+00 
5.90999E+01 1.44499E+00  5.47076E-05  1.51157E+00 
5.91999E+01 1.43999E+00  5.28107E-05  1.50654E+00 
5.92999E+01 1.43499E+00  5.10339E-05  1.50155E+00 
5.93999E+01 1.42999E+00  4.91704E-05  1.49659E+00 
5.94999E+01 1.42499E+00  4.74274E-05  1.49156E+00 
5.95999E+01 1.41999E+00  4.57243E-05  1.48654E+00 
5.96999E+01 1.41499E+00  4.40540E-05  1.48152E+00 
5.97999E+01 1.40999E+00  4.24564E-05  1.47653E+00 
5.98999E+01 1.40499E+00  4.08968E-05  1.47153E+00 
5.99998E+01 1.39999E+00  3.93681E-05  1.46653E+00 
6.00998E+01 1.39499E+00  3.78769E-05  1.46151E+00 
6.01998E+01 1.38999E+00  3.64615E-05  1.45651E+00 
6.02998E+01 1.38499E+00  3.46762E-05  1.45153E+00 
6.03998E+01 1.37999E+00  3.33956E-05  1.44650E+00 
6.04998E+01 1.37499E+00  3.20867E-05  1.44151E+00 
6.05998E+01 1.36999E+00  3.07916E-05  1.43650E+00 
6.06998E+01 1.36499E+00  2.95495E-05  1.43150E+00 
6.07998E+01 1.35999E+00  2.83800E-05  1.42650E+00 
6.08998E+01 1.35499E+00  2.72593E-05  1.42150E+00 
6.09998E+01 1.34999E+00  2.61654E-05  1.41648E+00 
6.10998E+01 1.34499E+00  2.51317E-05  1.41147E+00 
6.11998E+01 1.33999E+00  2.41519E-05  1.40647E+00 
6.12998E+01 1.33499E+00  2.31869E-05  1.40149E+00 
6.13998E+01 1.32999E+00  2.23309E-05  1.39647E+00 
6.14998E+01 1.32499E+00  2.13940E-05  1.39147E+00 
6.15998E+01 1.31999E+00  2.05531E-05  1.38647E+00 
6.16998E+01 1.31499E+00  1.97474E-05  1.38146E+00 
6.17998E+01 1.30999E+00  1.89788E-05  1.37645E+00 
6.18998E+01 1.30499E+00  1.82520E-05  1.37146E+00 
6.19998E+01 1.29999E+00  1.75522E-05  1.36646E+00 
6.20998E+01 1.29499E+00  1.68983E-05  1.36144E+00 
6.21998E+01 1.28999E+00  1.62600E-05  1.35646E+00 
6.22998E+01 1.28499E+00  1.56631E-05  1.35144E+00 
6.23998E+01 1.27999E+00  1.51027E-05  1.34643E+00 
6.24998E+01 1.27499E+00  1.45483E-05  1.34146E+00 
6.25998E+01 1.26999E+00  1.40170E-05  1.33647E+00 
6.26998E+01 1.26499E+00  1.34684E-05  1.33146E+00 
6.27998E+01 1.25999E+00  1.30134E-05  1.32644E+00 
6.28998E+01 1.25499E+00  1.26744E-05  1.32145E+00 
6.29998E+01 1.24999E+00  1.22241E-05  1.31646E+00 
6.30998E+01 1.24499E+00  1.18150E-05  1.31145E+00 
6.31998E+01 1.23999E+00  1.14005E-05  1.30643E+00 
6.32998E+01 1.23499E+00  1.10605E-05  1.30146E+00 
6.33998E+01 1.22999E+00  1.07333E-05  1.29646E+00 
6.34998E+01 1.22499E+00  1.04263E-05  1.29144E+00 
6.35998E+01 1.21999E+00  1.01296E-05  1.28642E+00 
6.36998E+01 1.21499E+00  9.86225E-06  1.28142E+00 
6.37998E+01 1.20999E+00  9.66147E-06  1.27644E+00 
6.38998E+01 1.20499E+00  9.37582E-06  1.27142E+00 
6.39998E+01 1.19999E+00  9.14123E-06  1.26641E+00 
6.40998E+01 1.19500E+00  8.92225E-06  1.26140E+00 
6.41998E+01 1.19000E+00  8.84190E-06  1.25642E+00 
6.42998E+01 1.18500E+00  8.45362E-06  1.25142E+00 
6.43998E+01 1.18000E+00  8.29975E-06  1.24640E+00 
6.44998E+01 1.17500E+00  8.19993E-06  1.24140E+00 
6.45998E+01 1.17000E+00  8.07176E-06  1.23641E+00 
6.46998E+01 1.16500E+00  7.89883E-06  1.23141E+00 
6.47998E+01 1.16000E+00  7.74621E-06  1.22638E+00 
6.48998E+01 1.15500E+00  7.42604E-06  1.22138E+00 
6.49998E+01 1.15000E+00  7.39213E-06  1.21639E+00 
6.50998E+01 1.14500E+00  7.29180E-06  1.21137E+00 
6.51998E+01 1.14000E+00  7.19562E-06  1.20636E+00 
6.52998E+01 1.13500E+00  7.08245E-06  1.20135E+00 
6.53998E+01 1.13000E+00  6.83194E-06  1.19638E+00 
6.54998E+01 1.12500E+00  6.74948E-06  1.19136E+00 
6.55998E+01 1.12000E+00  6.82684E-06  1.18637E+00 
6.56998E+01 1.11500E+00  6.71139E-06  1.18136E+00 
6.57998E+01 1.11000E+00  6.61491E-06  1.17634E+00 
6.58998E+01 1.10500E+00  6.55703E-06  1.17136E+00 
6.59998E+01 1.10000E+00  6.36080E-06  1.16636E+00 
6.60998E+01 1.09500E+00  6.23351E-06  1.16135E+00 
6.61998E+01 1.09000E+00  6.13515E-06  1.15634E+00 
6.62998E+01 1.08500E+00  6.02276E-06  1.15133E+00 
6.63998E+01 1.08000E+00  5.97007E-06  1.14634E+00 
6.64998E+01 1.07500E+00  5.93983E-06  1.14134E+00 
6.65998E+01 1.07000E+00  5.88429E-06  1.13634E+00 
6.66998E+01 1.06500E+00  5.83618E-06  1.13133E+00 
6.67998E+01 1.06000E+00  5.75077E-06  1.12635E+00 
6.68998E+01 1.05500E+00  5.66562E-06  1.12134E+00 
6.69998E+01 1.05000E+00  5.60328E-06  1.11632E+00 
6.70998E+01 1.04500E+00  5.56184E-06  1.11131E+00 
6.71998E+01 1.04000E+00  5.47744E-06  1.10633E+00 
6.72998E+01 1.03500E+00  5.49051E-06  1.10130E+00 
6.73998E+01 1.03000E+00  5.52378E-06  1.09632E+00 
6.74998E+01 1.02500E+00  5.49856E-06  1.09130E+00 
6.75998E+01 1.02000E+00  5.41030E-06  1.08629E+00 
6.76998E+01 1.01500E+00  5.31518E-06  1.08129E+00 
6.77998E+01 1.01000E+00  5.28748E-06  1.07629E+00 
6.78998E+01 1.00500E+00  5.06976E-06  1.07129E+00 
6.79998E+01 9.99995E-01  5.06114E-06  1.06627E+00 
6.80998E+01 9.94996E-01  5.05002E-06  1.06128E+00 
6.81998E+01 9.89996E-01  4.99938E-06  1.05629E+00 
6.82998E+01 9.84996E-01  4.93367E-06  1.05127E+00 
6.83998E+01 9.79996E-01  4.80910E-06  1.04628E+00 
6.84998E+01 9.74996E-01  4.77313E-06  1.04124E+00 
6.85998E+01 9.69996E-01  4.78008E-06  1.03627E+00 
6.86998E+01 9.64996E-01  4.74407E-06  1.03127E+00 
6.87998E+01 9.59996E-01  4.68856E-06  1.02626E+00 
6.88998E+01 9.54996E-01  4.64896E-06  1.02126E+00 
6.89998E+01 9.49996E-01  4.62040E-06  1.01628E+00 
6.90998E+01 9.44996E-01  4.60215E-06  1.01129E+00 
6.91998E+01 9.39996E-01  4.58718E-06  1.00628E+00 
6.92998E+01 9.34996E-01  4.57596E-06  1.00125E+00 
6.93998E+01 9.29996E-01  4.54194E-06  9.96245E-01 
6.94998E+01 9.24996E-01  4.37251E-06  9.91258E-01 
6.95998E+01 9.19996E-01  4.29243E-06  9.86262E-01 
6.96998E+01 9.14996E-01  4.26766E-06  9.81238E-01 
6.97998E+01 9.09996E-01  4.24411E-06  9.76256E-01 
6.98998E+01 9.04996E-01  4.15276E-06  9.71242E-01 
6.99998E+01 8.99996E-01  4.09905E-06  9.66247E-01 
7.00998E+01 8.94996E-01  4.13814E-06  9.61235E-01 
7.01998E+01 8.89996E-01  4.11599E-06  9.56227E-01 
7.02998E+01 8.84996E-01  3.91943E-06  9.51213E-01 
7.03998E+01 8.79996E-01  3.84413E-06  9.46234E-01 
7.04998E+01 8.74996E-01  3.84999E-06  9.41221E-01 
7.05998E+01 8.69996E-01  3.84633E-06  9.36217E-01 
7.06998E+01 8.64996E-01  3.80011E-06  9.31185E-01 
7.07998E+01 8.59996E-01  3.70419E-06  9.26198E-01 
7.08998E+01 8.54996E-01  3.63558E-06  9.21210E-01 
7.09998E+01 8.49996E-01  3.58595E-06  9.16183E-01 
7.10998E+01 8.44996E-01  3.53869E-06  9.11189E-01 
7.11998E+01 8.39996E-01  3.49407E-06  9.06172E-01 
7.12998E+01 8.34996E-01  3.45254E-06  9.01190E-01 
7.13998E+01 8.29996E-01  3.41395E-06  8.96193E-01 
7.14998E+01 8.24996E-01  3.39894E-06  8.91165E-01 
7.15998E+01 8.19996E-01  3.36041E-06  8.86161E-01 
7.16998E+01 8.14996E-01  3.30960E-06  8.81152E-01 
7.17998E+01 8.09996E-01  3.24606E-06  8.76185E-01 
7.18998E+01 8.04996E-01  3.16888E-06  8.71149E-01 
7.19998E+01 7.99996E-01  3.11558E-06  8.66149E-01 
7.20998E+01 7.94996E-01  3.08696E-06  8.61159E-01 
7.21998E+01 7.89996E-01  3.07250E-06  8.56157E-01 
7.22998E+01 7.84996E-01  3.03432E-06  8.51163E-01 
7.23998E+01 7.79996E-01  2.99461E-06  8.46160E-01 
7.24998E+01 7.74996E-01  2.86255E-06  8.41145E-01 
7.25998E+01 7.69996E-01  2.83707E-06  8.36155E-01 
7.26998E+01 7.64996E-01  2.78697E-06  8.31148E-01 
7.27998E+01 7.59996E-01  2.70230E-06  8.26139E-01 
7.28998E+01 7.54996E-01  2.61422E-06  8.21128E-01 
7.29998E+01 7.49996E-01  2.56557E-06  8.16164E-01 
7.30998E+01 7.44996E-01  2.49045E-06  8.11144E-01 
7.31998E+01 7.39996E-01  2.43010E-06  8.06130E-01 
7.32998E+01 7.34996E-01  2.36999E-06  8.01143E-01 
7.33998E+01 7.29996E-01  2.31295E-06  7.96165E-01 
7.34998E+01 7.24996E-01  2.25440E-06  7.91122E-01 
7.35998E+01 7.19996E-01  2.20324E-06  7.86129E-01 
7.36998E+01 7.14996E-01  2.15345E-06  7.81121E-01 
7.37998E+01 7.09996E-01  2.10217E-06  7.76112E-01 
7.38998E+01 7.04996E-01  2.03902E-06  7.71090E-01 
7.39998E+01 6.99996E-01  1.96978E-06  7.66096E-01 
7.40998E+01 6.94996E-01  1.90038E-06  7.61120E-01 
7.41998E+01 6.89996E-01  1.81975E-06  7.56081E-01 
7.42998E+01 6.84996E-01  1.74780E-06  7.51085E-01 
7.43998E+01 6.79996E-01  1.68130E-06  7.46075E-01 
7.44998E+01 6.74996E-01  1.61939E-06  7.41076E-01 
7.45998E+01 6.69996E-01  1.56536E-06  7.36080E-01 
7.46998E+01 6.64996E-01  1.49581E-06  7.31059E-01 
7.47998E+01 6.59996E-01  1.40675E-06  7.26087E-01 
7.48998E+01 6.54996E-01  1.31803E-06  7.21080E-01 
7.49998E+01 6.49996E-01  1.27119E-06  7.16060E-01 
7.50998E+01 6.44996E-01  1.23148E-06  7.11073E-01 
7.51998E+01 6.39996E-01  1.16853E-06  7.06077E-01 
7.52998E+01 6.34996E-01  1.08833E-06  7.01064E-01 
7.53998E+01 6.29996E-01  9.96339E-07  6.96065E-01 
7.54998E+01 6.24996E-01  9.12849E-07  6.91059E-01 
7.55998E+01 6.19996E-01  8.13528E-07  6.86078E-01 
7.56998E+01 6.14996E-01  7.31562E-07  6.81072E-01 
7.57998E+01 6.09996E-01  6.59455E-07  6.76066E-01 
7.58998E+01 6.04996E-01  5.66851E-07  6.71045E-01 
7.59998E+01 5.99996E-01  4.67930E-07  6.66053E-01 
7.60998E+01 5.94997E-01  3.66618E-07  6.61045E-01 
7.61998E+01 5.89997E-01  2.48392E-07  6.56053E-01 
7.62998E+01 5.84997E-01  1.54195E-07  6.51046E-01 
7.63998E+01 5.79997E-01  8.33664E-08  6.46036E-01 
7.64998E+01 5.74997E-01  3.05605E-08  6.41037E-01 
7.65998E+01 5.69997E-01  -4.69858E-08 6.36046E-01 
7.66998E+01 5.64997E-01  -1.31105E-07 6.31007E-01 
7.67998E+01 5.59997E-01  -2.18132E-07 6.26011E-01 
7.68998E+01 5.54997E-01  -3.21865E-07 6.20987E-01 
7.69998E+01 5.49997E-01  -4.04695E-07 6.16000E-01 
7.70998E+01 5.44997E-01  -4.84890E-07 6.10997E-01 
7.71998E+01 5.39997E-01  -5.85875E-07 6.05983E-01 
7.72998E+01 5.34997E-01  -6.97942E-07 6.00983E-01 
7.73998E+01 5.29997E-01  -8.13480E-07 5.95997E-01 
7.74998E+01 5.24997E-01  -9.35200E-07 5.90999E-01 
7.75998E+01 5.19997E-01  -1.05362E-06 5.85983E-01 
7.76998E+01 5.14997E-01  -1.16863E-06 5.80984E-01 
7.77998E+01 5.09997E-01  -1.27877E-06 5.75996E-01 
7.78998E+01 5.04997E-01  -1.40143E-06 5.70982E-01 
7.79998E+01 4.99997E-01  -1.52396E-06 5.65960E-01 
7.80998E+01 4.94997E-01  -1.64952E-06 5.60964E-01 
7.81998E+01 4.89997E-01  -1.77359E-06 5.55960E-01 
7.82998E+01 4.84997E-01  -1.90032E-06 5.50970E-01 
7.83998E+01 4.79997E-01  -2.03206E-06 5.45967E-01 
7.84998E+01 4.74997E-01  -2.15920E-06 5.40968E-01 
7.85998E+01 4.69997E-01  -2.28791E-06 5.35942E-01 
7.86998E+01 4.64997E-01  -2.45685E-06 5.30960E-01 
7.87998E+01 4.59997E-01  -2.62939E-06 5.25959E-01 
7.88998E+01 4.54997E-01  -2.71228E-06 5.20966E-01 
7.89998E+01 4.49997E-01  -2.77904E-06 5.15950E-01 
7.90998E+01 4.44997E-01  -2.96978E-06 5.10969E-01 
7.91998E+01 4.39997E-01  -3.13455E-06 5.05954E-01 
7.92998E+01 4.34997E-01  -3.29843E-06 5.00984E-01 
7.93998E+01 4.29997E-01  -3.46577E-06 4.95984E-01 
7.94998E+01 4.24997E-01  -3.62906E-06 4.90978E-01 
7.95998E+01 4.19997E-01  -3.79378E-06 4.85975E-01 
7.96998E+01 4.14997E-01  -3.98011E-06 4.80962E-01 
7.97998E+01 4.09997E-01  -4.17412E-06 4.75971E-01 
7.98998E+01 4.04997E-01  -4.40305E-06 4.70955E-01 
7.99998E+01 3.99997E-01  -4.58701E-06 4.65960E-01 
8.00998E+01 3.94997E-01  -4.78145E-06 4.60947E-01 
8.01998E+01 3.89997E-01  -4.94126E-06 4.55938E-01 
8.02998E+01 3.84997E-01  -5.05189E-06 4.50910E-01 
8.03998E+01 3.79997E-01  -5.33092E-06 4.45914E-01 
8.04998E+01 3.74997E-01  -5.54888E-06 4.40926E-01 
8.05998E+01 3.69997E-01  -5.76349E-06 4.35949E-01 
8.06998E+01 3.64997E-01  -6.00461E-06 4.30908E-01 
8.07998E+01 3.59997E-01  -6.31175E-06 4.25898E-01 
8.08998E+01 3.54997E-01  -6.57725E-06 4.20906E-01 
8.09998E+01 3.49997E-01  -6.76630E-06 4.15921E-01 
8.10998E+01 3.44997E-01  -6.95788E-06 4.10892E-01 
8.11998E+01 3.39997E-01  -7.26725E-06 4.05900E-01 
8.12998E+01 3.34997E-01  -7.81123E-06 4.00907E-01 
8.13998E+01 3.29997E-01  -8.29236E-06 3.95902E-01 
8.14998E+01 3.24997E-01  -8.65901E-06 3.90892E-01 
8.15998E+01 3.19997E-01  -8.79855E-06 3.85883E-01 
8.16998E+01 3.14997E-01  -8.97050E-06 3.80891E-01 
8.17998E+01 3.09997E-01  -9.23314E-06 3.75900E-01 
8.18998E+01 3.04997E-01  -9.36275E-06 3.70878E-01 
8.19998E+01 2.99997E-01  -9.57242E-06 3.65859E-01 
8.20998E+01 2.94997E-01  -9.80602E-06 3.60877E-01 
8.21998E+01 2.89997E-01  -1.01794E-05 3.55869E-01 
8.22998E+01 2.84997E-01  -1.03403E-05 3.50849E-01 
8.23998E+01 2.79997E-01  -1.04694E-05 3.45827E-01 
8.24998E+01 2.74997E-01  -1.06304E-05 3.40850E-01 
8.25998E+01 2.69997E-01  -1.11715E-05 3.35877E-01 
8.26998E+01 2.64997E-01  -1.17412E-05 3.30845E-01 
8.27998E+01 2.59997E-01  -1.22122E-05 3.25857E-01 
8.28998E+01 2.54997E-01  -1.25262E-05 3.20827E-01 
8.29998E+01 2.49997E-01  -1.27094E-05 3.15836E-01 
8.30998E+01 2.44997E-01  -1.30632E-05 3.10830E-01 
8.31998E+01 2.39997E-01  -1.34146E-05 3.05844E-01 
8.32998E+01 2.34997E-01  -1.34047E-05 3.00829E-01 
8.33998E+01 2.29997E-01  -1.32270E-05 2.95803E-01 
8.34998E+01 2.24997E-01  -1.34549E-05 2.90794E-01 
8.35998E+01 2.19997E-01  -1.39347E-05 2.85811E-01 
8.36998E+01 2.14997E-01  -1.43683E-05 2.80815E-01 
8.37998E+01 2.09997E-01  -1.46967E-05 2.75801E-01 
8.38998E+01 2.04997E-01  -1.51317E-05 2.70792E-01 
8.39998E+01 1.99997E-01  -1.56515E-05 2.65809E-01 
8.40998E+01 1.94998E-01  -1.61387E-05 2.60833E-01 
8.41998E+01 1.89998E-01  -1.65306E-05 2.55809E-01 
8.42998E+01 1.84998E-01  -1.68222E-05 2.50808E-01 
8.43998E+01 1.79998E-01  -1.71554E-05 2.45796E-01 
8.44998E+01 1.74998E-01  -1.75576E-05 2.40821E-01 
8.45998E+01 1.69998E-01  -1.80228E-05 2.35793E-01 
8.46998E+01 1.64998E-01  -1.85632E-05 2.30776E-01 
8.47998E+01 1.59998E-01  -1.90869E-05 2.25797E-01 
8.48998E+01 1.54998E-01  -1.95065E-05 2.20825E-01 
8.49998E+01 1.49998E-01  -1.98817E-05 2.15793E-01 
8.50998E+01 1.44998E-01  -2.02283E-05 2.10799E-01 
8.51998E+01 1.39998E-01  -2.06195E-05 2.05801E-01 
8.52998E+01 1.34998E-01  -2.10409E-05 2.00780E-01 
8.53998E+01 1.29998E-01  -2.14813E-05 1.95796E-01 
8.54998E+01 1.24998E-01  -2.19297E-05 1.90767E-01 
8.55998E+01 1.19998E-01  -2.23802E-05 1.85782E-01 
8.56998E+01 1.14998E-01  -2.28239E-05 1.80776E-01 
8.57998E+01 1.09998E-01  -2.32467E-05 1.75783E-01 
8.58998E+01 1.04998E-01  -2.37108E-05 1.70771E-01 
8.59998E+01 9.99977E-02  -2.42258E-05 1.65762E-01 
8.60998E+01 9.49978E-02  -2.47208E-05 1.60773E-01 
8.61998E+01 8.99978E-02  -2.51856E-05 1.55771E-01 
8.62998E+01 8.49978E-02  -2.56201E-05 1.50755E-01 
8.63998E+01 7.99978E-02  -2.60543E-05 1.45743E-01 
8.64998E+01 7.49978E-02  -2.65584E-05 1.40735E-01 
8.65998E+01 6.99978E-02  -2.70692E-05 1.35748E-01 
8.66998E+01 6.49978E-02  -2.75978E-05 1.30720E-01 
8.67998E+01 5.99978E-02  -2.81033E-05 1.25751E-01 
8.68998E+01 5.49979E-02  -2.85878E-05 1.20755E-01 
8.69998E+01 4.99979E-02  -2.90249E-05 1.15723E-01 
8.70998E+01 4.49979E-02  -2.94619E-05 1.10720E-01 
8.71998E+01 3.99979E-02  -2.99402E-05 1.05730E-01 
8.72998E+01 3.49979E-02  -3.04294E-05 1.00750E-01 
8.73998E+01 2.99979E-02  -3.09194E-05 9.57165E-02 
8.74998E+01 2.49979E-02  -3.14236E-05 9.06906E-02 
8.75998E+01 1.99979E-02  -3.19350E-05 8.57071E-02 
8.76998E+01 1.49980E-02  -3.24386E-05 8.07068E-02 
8.77998E+01 9.99797E-03  -3.29400E-05 7.57159E-02 
8.78998E+01 4.99799E-03  -3.34272E-05 7.06925E-02 
8.79998E+01 -2.00000E-06 -3.39194E-05 6.56941E-02 
8.80998E+01 -5.00199E-03 -3.44623E-05 6.07181E-02 
8.81998E+01 -1.00020E-02 -3.50106E-05 5.57072E-02 
8.82998E+01 -1.50020E-02 -3.55216E-05 5.06851E-02 
8.83998E+01 -2.00020E-02 -3.60208E-05 4.56842E-02 
8.84998E+01 -2.50019E-02 -3.65453E-05 4.07082E-02 
8.85998E+01 -3.00019E-02 -3.72542E-05 3.57104E-02 
8.86998E+01 -3.50019E-02 -3.80633E-05 3.06752E-02 
8.87998E+01 -4.00019E-02 -3.89263E-05 2.56699E-02 
8.88998E+01 -4.50019E-02 -3.97612E-05 2.07014E-02 
8.89998E+01 -5.00019E-02 -4.05323E-05 1.56730E-02 
8.90998E+01 -5.50019E-02 -4.12377E-05 1.06646E-02 
8.91998E+01 -6.00019E-02 -4.19415E-05 5.66682E-03 
8.92998E+01 -6.50018E-02 -4.26844E-05 6.84003E-04 
8.93998E+01 -7.00018E-02 -4.34723E-05 -4.30070E-03
8.94998E+01 -7.50018E-02 -4.43425E-05 -9.31159E-03
8.95998E+01 -8.00018E-02 -4.53528E-05 -1.43412E-02
8.96998E+01 -8.50018E-02 -4.64764E-05 -1.93397E-02
8.97998E+01 -9.00018E-02 -4.76169E-05 -2.43393E-02
8.98998E+01 -9.50018E-02 -4.87562E-05 -2.93209E-02
8.99998E+01 -1.00002E-01 -4.99329E-05 -3.43611E-02
9.00998E+01 -1.05002E-01 -5.11914E-05 -3.93670E-02
9.01998E+01 -1.10002E-01 -5.24480E-05 -4.43430E-02
9.02998E+01 -1.15002E-01 -5.37177E-05 -4.93333E-02
9.03998E+01 -1.20002E-01 -5.49708E-05 -5.43717E-02
9.04998E+01 -1.25002E-01 -5.63105E-05 -5.93576E-02
9.05998E+01 -1.30002E-01 -5.80036E-05 -6.43448E-02
9.06998E+01 -1.35002E-01 -6.01996E-05 -6.93439E-02
9.07998E+01 -1.40002E-01 -6.26966E-05 -7.43660E-02
9.08998E+01 -1.45002E-01 -6.47351E-05 -7.93744E-02
9.09998E+01 -1.50002E-01 -6.69284E-05 -8.43772E-02
9.10998E+01 -1.55002E-01 -6.89446E-05 -8.93513E-02
9.11998E+01 -1.60002E-01 -7.04466E-05 -9.43766E-02
9.12998E+01 -1.65002E-01 -7.20104E-05 -9.93806E-02
9.13998E+01 -1.70002E-01 -7.43421E-05 -1.04378E-01
9.14998E+01 -1.75002E-01 -7.70556E-05 -1.09374E-01
9.15998E+01 -1.80002E-01 -7.98426E-05 -1.14381E-01
9.16998E+01 -1.85002E-01 -8.24399E-05 -1.19389E-01
9.17998E+01 -1.90002E-01 -8.50271E-05 -1.24398E-01
9.18998E+01 -1.95002E-01 -8.77294E-05 -1.29384E-01
9.19998E+01 -2.00002E-01 -9.07266E-05 -1.34397E-01
9.20998E+01 -2.05001E-01 -9.40812E-05 -1.39407E-01
9.21998E+01 -2.10001E-01 -9.79338E-05 -1.44421E-01
9.22998E+01 -2.15001E-01 -1.02218E-04 -1.49400E-01
9.23998E+01 -2.20001E-01 -1.06602E-04 -1.54390E-01
9.24998E+01 -2.25001E-01 -1.11068E-04 -1.59405E-01
9.25998E+01 -2.30001E-01 -1.15811E-04 -1.64417E-01
9.26998E+01 -2.35001E-01 -1.21051E-04 -1.69420E-01
9.27998E+01 -2.40001E-01 -1.26535E-04 -1.74416E-01
9.28998E+01 -2.45001E-01 -1.32102E-04 -1.79429E-01
9.29998E+01 -2.50001E-01 -1.37211E-04 -1.84444E-01
9.30998E+01 -2.55001E-01 -1.42104E-04 -1.89429E-01
9.31998E+01 -2.60001E-01 -1.46938E-04 -1.94428E-01
9.32998E+01 -2.65001E-01 -1.51939E-04 -1.99465E-01
9.33998E+01 -2.70001E-01 -1.56776E-04 -2.04454E-01
9.34998E+01 -2.75001E-01 -1.61481E-04 -2.09455E-01
9.35998E+01 -2.80001E-01 -1.66365E-04 -2.14458E-01
9.36998E+01 -2.85001E-01 -1.70775E-04 -2.19464E-01
9.37998E+01 -2.90001E-01 -1.75250E-04 -2.24455E-01
9.38998E+01 -2.95001E-01 -1.79911E-04 -2.29444E-01
9.39998E+01 -3.00001E-01 -1.84423E-04 -2.34463E-01
9.40998E+01 -3.05001E-01 -1.88718E-04 -2.39448E-01
9.41998E+01 -3.10001E-01 -1.92687E-04 -2.44467E-01
9.42998E+01 -3.15001E-01 -1.96891E-04 -2.49452E-01
9.43998E+01 -3.20001E-01 -2.01310E-04 -2.54455E-01
9.44998E+01 -3.25001E-01 -2.05237E-04 -2.59473E-01
9.45998E+01 -3.30001E-01 -2.09412E-04 -2.64454E-01
9.46998E+01 -3.35001E-01 -2.13685E-04 -2.69446E-01
9.47998E+01 -3.40001E-01 -2.17456E-04 -2.74460E-01
9.48998E+01 -3.45001E-01 -2.21744E-04 -2.79481E-01
9.49998E+01 -3.50001E-01 -2.26129E-04 -2.84485E-01
9.50998E+01 -3.55001E-01 -2.30214E-04 -2.89478E-01
9.51998E+01 -3.60001E-01 -2.34249E-04 -2.94460E-01
9.52998E+01 -3.65001E-01 -2.38105E-04 -2.99502E-01
9.53998E+01 -3.70001E-01 -2.42145E-04 -3.04498E-01
9.54998E+01 -3.75001E-01 -2.46114E-04 -3.09503E-01
9.55998E+01 -3.80001E-01 -2.49835E-04 -3.14476E-01
9.56998E+01 -3.85001E-01 -2.53695E-04 -3.19491E-01
9.57998E+01 -3.90001E-01 -2.57559E-04 -3.24503E-01
9.58998E+01 -3.95001E-01 -2.61436E-04 -3.29507E-01
9.59998E+01 -4.00001E-01 -2.65139E-04 -3.34496E-01
9.60998E+01 -4.05001E-01 -2.68677E-04 -3.39493E-01
9.61998E+01 -4.10001E-01 -2.72172E-04 -3.44498E-01
9.62998E+01 -4.15001E-01 -2.75624E-04 -3.49499E-01
9.63998E+01 -4.20001E-01 -2.78849E-04 -3.54534E-01
9.64998E+01 -4.25001E-01 -2.81822E-04 -3.59539E-01
9.65998E+01 -4.30001E-01 -2.84625E-04 -3.64509E-01
9.66998E+01 -4.35001E-01 -2.87045E-04 -3.69510E-01
9.67998E+01 -4.40001E-01 -2.89061E-04 -3.74542E-01
9.68998E+01 -4.45001E-01 -2.90533E-04 -3.79531E-01
9.69998E+01 -4.50001E-01 -2.91147E-04 -3.84529E-01
9.70998E+01 -4.55001E-01 -2.90329E-04 -3.89521E-01
9.71998E+01 -4.60001E-01 -2.86720E-04 -3.94532E-01
9.72998E+01 -4.65001E-01 -2.77232E-04 -3.99525E-01
9.73998E+01 -4.70001E-01 -2.55573E-04 -4.04525E-01
9.74998E+01 -4.75001E-01 -2.08713E-04 -4.09526E-01
9.75998E+01 -4.80001E-01 -1.48001E-04 -4.14542E-01
9.76998E+01 -4.85001E-01 -1.12805E-04 -4.19537E-01
9.77998E+01 -4.90001E-01 -9.36647E-05 -4.24537E-01
9.78998E+01 -4.95001E-01 -8.16728E-05 -4.29538E-01
9.79998E+01 -5.00001E-01 -7.37340E-05 -4.34558E-01
9.80998E+01 -5.05001E-01 -6.81801E-05 -4.39565E-01
9.81998E+01 -5.10001E-01 -6.38362E-05 -4.44556E-01
9.82998E+01 -5.15001E-01 -6.03676E-05 -4.49552E-01
9.83998E+01 -5.20001E-01 -5.76271E-05 -4.54553E-01
9.84998E+01 -5.25001E-01 -5.51668E-05 -4.59542E-01
9.85998E+01 -5.30001E-01 -5.29133E-05 -4.64569E-01
9.86998E+01 -5.35001E-01 -5.10181E-05 -4.69572E-01
9.87998E+01 -5.40001E-01 -4.93008E-05 -4.74581E-01
9.88998E+01 -5.45001E-01 -4.77914E-05 -4.79599E-01
9.89998E+01 -5.50001E-01 -4.64556E-05 -4.84593E-01
9.90998E+01 -5.55001E-01 -4.53045E-05 -4.89613E-01
9.91998E+01 -5.60001E-01 -4.42193E-05 -4.94596E-01
9.92998E+01 -5.65001E-01 -4.31634E-05 -4.99582E-01
9.93998E+01 -5.70001E-01 -4.22861E-05 -5.04617E-01
9.94998E+01 -5.75001E-01 -4.15008E-05 -5.09623E-01
9.95998E+01 -5.80001E-01 -4.06431E-05 -5.14634E-01
9.96998E+01 -5.85001E-01 -3.98997E-05 -5.19623E-01
9.97998E+01 -5.90001E-01 -3.91949E-05 -5.24622E-01
9.98998E+01 -5.95001E-01 -3.89962E-05 -5.29635E-01
9.99997E+01 -6.00001E-01 -3.83954E-05 -5.34622E-01
1.00100E+02 -6.05000E-01 -3.78606E-05 -5.39612E-01
1.00200E+02 -6.10000E-01 -3.73554E-05 -5.44634E-01
1.00300E+02 -6.15000E-01 -3.68844E-05 -5.49633E-01
1.00400E+02 -6.20000E-01 -3.64643E-05 -5.54653E-01
1.00500E+02 -6.25000E-01 -3.60793E-05 -5.59643E-01
1.00600E+02 -6.30000E-01 -3.57287E-05 -5.64630E-01
1.00700E+02 -6.35000E-01 -3.54104E-05 -5.69633E-01
1.00800E+02 -6.40000E-01 -3.51307E-05 -5.74660E-01
1.00900E+02 -6.45000E-01 -3.48658E-05 -5.79638E-01
1.01000E+02 -6.50000E-01 -3.46597E-05 -5.84627E-01
1.01100E+02 -6.55000E-01 -3.44514E-05 -5.89641E-01
1.01200E+02 -6.60000E-01 -3.42809E-05 -5.94654E-01
1.01300E+02 -6.65000E-01 -3.41459E-05 -5.99647E-01
1.01400E+02 -6.70000E-01 -3.40350E-05 -6.04637E-01
1.01500E+02 -6.75000E-01 -3.39334E-05 -6.09660E-01
1.01600E+02 -6.80000E-01 -3.38585E-05 -6.14657E-01
1.01700E+02 -6.85000E-01 -3.38112E-05 -6.19654E-01
1.01800E+02 -6.90000E-01 -3.37857E-05 -6.24636E-01
1.01900E+02 -6.95000E-01 -3.37897E-05 -6.29668E-01
1.02000E+02 -7.00000E-01 -3.38015E-05 -6.34660E-01
1.02100E+02 -7.05000E-01 -3.38181E-05 -6.39664E-01
1.02200E+02 -7.10000E-01 -3.38619E-05 -6.44658E-01
1.02300E+02 -7.15000E-01 -3.39055E-05 -6.49684E-01
1.02400E+02 -7.20000E-01 -3.39940E-05 -6.54682E-01
1.02500E+02 -7.25000E-01 -3.41194E-05 -6.59681E-01
1.02600E+02 -7.30000E-01 -3.41670E-05 -6.64674E-01
1.02700E+02 -7.35000E-01 -3.42283E-05 -6.69648E-01
1.02800E+02 -7.40000E-01 -3.43116E-05 -6.74684E-01
1.02900E+02 -7.45000E-01 -3.43952E-05 -6.79683E-01
1.03000E+02 -7.50000E-01 -3.44897E-05 -6.84673E-01
1.03100E+02 -7.55000E-01 -3.45995E-05 -6.89679E-01
1.03200E+02 -7.60000E-01 -3.46896E-05 -6.94695E-01
1.03300E+02 -7.65000E-01 -3.47859E-05 -6.99723E-01
1.03400E+02 -7.70000E-01 -3.49012E-05 -7.04705E-01
1.03500E+02 -7.75000E-01 -3.50273E-05 -7.09695E-01
1.03600E+02 -7.80000E-01 -3.51417E-05 -7.14715E-01
1.03700E+02 -7.85000E-01 -3.52504E-05 -7.19717E-01
1.03800E+02 -7.90000E-01 -3.53656E-05 -7.24712E-01
1.03900E+02 -7.95000E-01 -3.54512E-05 -7.29697E-01
