time/s      E/V        I/A
0.00000E+00 -8.00000E-01 -1.19472E-04 -7.09986E-01
9.99997E-02 -7.95000E-01 -1.16737E-04 -7.04990E-01
1.99999E-01 -7.90000E-01 -1.14078E-04 -7.00007E-01
2.99999E-01 -7.85000E-01 -1.11797E-04 -6.94978E-01
3.99999E-01 -7.80000E-01 -1.09492E-04 -6.89958E-01
4.99999E-01 -7.75000E-01 -1.07412E-04 -6.84977E-01
5.99998E-01 -7.70000E-01 -1.05467E-04 -6.79993E-01
6.99998E-01 -7.65000E-01 -1.03539E-04 -6.74962E-01
7.99998E-01 -7.60000E-01 -1.01439E-04 -6.69972E-01
8.99998E-01 -7.55000E-01 -9.96132E-05 -6.64969E-01
9.99997E-01 -7.50000E-01 -9.78286E-05 -6.59980E-01
1.10000E+00 -7.45000E-01 -9.62319E-05 -6.54965E-01
1.20000E+00 -7.40000E-01 -9.45981E-05 -6.49947E-01
1.30000E+00 -7.35000E-01 -9.31049E-05 -6.44927E-01
1.40000E+00 -7.30000E-01 -9.17443E-05 -6.39951E-01
1.50000E+00 -7.25000E-01 -9.00949E-05 -6.34923E-01
1.60000E+00 -7.20000E-01 -8.84709E-05 -6.29935E-01
1.70000E+00 -7.15000E-01 -8.69512E-05 -6.24931E-01
1.80000E+00 -7.10000E-01 -8.55064E-05 -6.19928E-01
1.90000E+00 -7.05000E-01 -8.42092E-05 -6.14944E-01
1.99999E+00 -7.00000E-01 -8.27475E-05 -6.09940E-01
2.09999E+00 -6.95000E-01 -8.13797E-05 -6.04914E-01
2.19999E+00 -6.90000E-01 -8.00465E-05 -5.99925E-01
2.29999E+00 -6.85000E-01 -7.87983E-05 -5.94926E-01
2.39999E+00 -6.80000E-01 -7.74369E-05 -5.89910E-01
2.49999E+00 -6.75000E-01 -7.61527E-05 -5.84893E-01
2.59999E+00 -6.70000E-01 -7.48970E-05 -5.79904E-01
2.69999E+00 -6.65000E-01 -7.38045E-05 -5.74911E-01
2.79999E+00 -6.60000E-01 -7.25623E-05 -5.69898E-01
2.89999E+00 -6.55000E-01 -7.13689E-05 -5.64905E-01
2.99999E+00 -6.50000E-01 -7.03262E-05 -5.59917E-01
3.09999E+00 -6.45000E-01 -6.90937E-05 -5.54914E-01
3.19999E+00 -6.40000E-01 -6.79604E-05 -5.49904E-01
3.29999E+00 -6.35000E-01 -6.67956E-05 -5.44900E-01
3.39999E+00 -6.30000E-01 -6.57682E-05 -5.39890E-01
3.49999E+00 -6.25000E-01 -6.47786E-05 -5.34907E-01
3.59999E+00 -6.20000E-01 -6.40990E-05 -5.29897E-01
3.69999E+00 -6.15000E-01 -6.31037E-05 -5.24876E-01
3.79999E+00 -6.10000E-01 -6.22769E-05 -5.19897E-01
3.89999E+00 -6.05000E-01 -6.13300E-05 -5.14889E-01
3.99999E+00 -6.00001E-01 -6.04365E-05 -5.09914E-01
4.09999E+00 -5.95001E-01 -5.92110E-05 -5.04905E-01
4.19999E+00 -5.90001E-01 -5.81002E-05 -4.99891E-01
4.29999E+00 -5.85001E-01 -5.71194E-05 -4.94879E-01
4.39999E+00 -5.80001E-01 -5.62363E-05 -4.89886E-01
4.49999E+00 -5.75001E-01 -5.53503E-05 -4.84887E-01
4.59999E+00 -5.70001E-01 -5.45637E-05 -4.79893E-01
4.69999E+00 -5.65001E-01 -5.36257E-05 -4.74872E-01
4.79999E+00 -5.60001E-01 -5.28711E-05 -4.69853E-01
4.89999E+00 -5.55001E-01 -5.20633E-05 -4.64861E-01
4.99999E+00 -5.50001E-01 -5.10650E-05 -4.59860E-01
5.09999E+00 -5.45001E-01 -5.02833E-05 -4.54863E-01
5.19999E+00 -5.40001E-01 -4.94366E-05 -4.49844E-01
5.29999E+00 -5.35001E-01 -4.86252E-05 -4.44858E-01
5.39999E+00 -5.30001E-01 -4.78576E-05 -4.39862E-01
5.49999E+00 -5.25001E-01 -4.70283E-05 -4.34861E-01
5.59999E+00 -5.20001E-01 -4.61750E-05 -4.29855E-01
5.69999E+00 -5.15001E-01 -4.53711E-05 -4.24839E-01
5.79999E+00 -5.10001E-01 -4.46284E-05 -4.19853E-01
5.89999E+00 -5.05001E-01 -4.38917E-05 -4.14841E-01
5.99998E+00 -5.00001E-01 -4.31857E-05 -4.09846E-01
6.09998E+00 -4.95001E-01 -4.24758E-05 -4.04826E-01
6.19998E+00 -4.90001E-01 -4.17559E-05 -3.99842E-01
6.29998E+00 -4.85001E-01 -4.10698E-05 -3.94846E-01
6.39998E+00 -4.80001E-01 -4.03813E-05 -3.89837E-01
6.49998E+00 -4.75001E-01 -3.96490E-05 -3.84832E-01
6.59998E+00 -4.70001E-01 -3.89753E-05 -3.79832E-01
6.69998E+00 -4.65001E-01 -3.83089E-05 -3.74836E-01
6.79998E+00 -4.60001E-01 -3.76522E-05 -3.69819E-01
6.89998E+00 -4.55001E-01 -3.69998E-05 -3.64818E-01
6.99998E+00 -4.50001E-01 -3.63163E-05 -3.59836E-01
7.09998E+00 -4.45001E-01 -3.57093E-05 -3.54832E-01
7.19998E+00 -4.40001E-01 -3.50065E-05 -3.49806E-01
7.29998E+00 -4.35001E-01 -3.43382E-05 -3.44820E-01
7.39998E+00 -4.30001E-01 -3.36585E-05 -3.39816E-01
7.49998E+00 -4.25001E-01 -3.30028E-05 -3.34815E-01
7.59998E+00 -4.20001E-01 -3.23274E-05 -3.29820E-01
7.69998E+00 -4.15001E-01 -3.16487E-05 -3.24802E-01
7.79998E+00 -4.10001E-01 -3.10071E-05 -3.19773E-01
7.89998E+00 -4.05001E-01 -3.03561E-05 -3.14783E-01
7.99998E+00 -4.00001E-01 -2.97426E-05 -3.09793E-01
8.09998E+00 -3.95001E-01 -2.91059E-05 -3.04809E-01
8.19998E+00 -3.90001E-01 -2.84769E-05 -2.99785E-01
8.29998E+00 -3.85001E-01 -2.78898E-05 -2.94775E-01
8.39998E+00 -3.80001E-01 -2.72759E-05 -2.89794E-01
8.49998E+00 -3.75001E-01 -2.66740E-05 -2.84794E-01
8.59998E+00 -3.70001E-01 -2.60912E-05 -2.79779E-01
8.69998E+00 -3.65001E-01 -2.54881E-05 -2.74774E-01
8.79998E+00 -3.60001E-01 -2.48868E-05 -2.69760E-01
8.89998E+00 -3.55001E-01 -2.43059E-05 -2.64789E-01
8.99998E+00 -3.50001E-01 -2.37150E-05 -2.59795E-01
9.09998E+00 -3.45001E-01 -2.31281E-05 -2.54773E-01
9.19998E+00 -3.40001E-01 -2.25523E-05 -2.49778E-01
9.29998E+00 -3.35001E-01 -2.19698E-05 -2.44767E-01
9.39998E+00 -3.30001E-01 -2.13852E-05 -2.39786E-01
9.49998E+00 -3.25001E-01 -2.08140E-05 -2.34769E-01
9.59998E+00 -3.20001E-01 -2.02395E-05 -2.29761E-01
9.69998E+00 -3.15001E-01 -1.96721E-05 -2.24765E-01
9.79998E+00 -3.10001E-01 -1.91024E-05 -2.19784E-01
9.89998E+00 -3.05001E-01 -1.85345E-05 -2.14764E-01
9.99997E+00 -3.00001E-01 -1.79690E-05 -2.09749E-01
1.01000E+01 -2.95001E-01 -1.74045E-05 -2.04741E-01
1.02000E+01 -2.90001E-01 -1.68378E-05 -1.99781E-01
1.03000E+01 -2.85001E-01 -1.62776E-05 -1.94751E-01
1.04000E+01 -2.80001E-01 -1.57115E-05 -1.89734E-01
1.05000E+01 -2.75001E-01 -1.51515E-05 -1.84729E-01
1.06000E+01 -2.70001E-01 -1.45924E-05 -1.79746E-01
1.07000E+01 -2.65001E-01 -1.40318E-05 -1.74731E-01
1.08000E+01 -2.60001E-01 -1.34683E-05 -1.69711E-01
1.09000E+01 -2.55001E-01 -1.29073E-05 -1.64724E-01
1.10000E+01 -2.50001E-01 -1.23476E-05 -1.59710E-01
1.11000E+01 -2.45001E-01 -1.17892E-05 -1.54709E-01
1.12000E+01 -2.40001E-01 -1.12315E-05 -1.49690E-01
1.13000E+01 -2.35001E-01 -1.06751E-05 -1.44721E-01
1.14000E+01 -2.30001E-01 -1.01193E-05 -1.39711E-01
1.15000E+01 -2.25001E-01 -9.56484E-06 -1.34686E-01
1.16000E+01 -2.20001E-01 -9.01172E-06 -1.29670E-01
1.17000E+01 -2.15001E-01 -8.46333E-06 -1.24687E-01
1.18000E+01 -2.10001E-01 -7.91704E-06 -1.19697E-01
1.19000E+01 -2.05001E-01 -7.37142E-06 -1.14679E-01
1.20000E+01 -2.00002E-01 -6.83063E-06 -1.09661E-01
1.21000E+01 -1.95002E-01 -6.29236E-06 -1.04702E-01
1.22000E+01 -1.90002E-01 -5.75764E-06 -9.96848E-02
1.23000E+01 -1.85002E-01 -5.22959E-06 -9.46751E-02
1.24000E+01 -1.80002E-01 -4.70647E-06 -8.96598E-02
1.25000E+01 -1.75002E-01 -4.18924E-06 -8.46826E-02
1.26000E+01 -1.70002E-01 -3.68206E-06 -7.96861E-02
1.27000E+01 -1.65002E-01 -3.18121E-06 -7.46802E-02
1.28000E+01 -1.60002E-01 -2.68803E-06 -6.96649E-02
1.29000E+01 -1.55002E-01 -2.25000E-06 -6.46533E-02
1.30000E+01 -1.50002E-01 -1.78366E-06 -5.96668E-02
1.31000E+01 -1.45002E-01 -1.33508E-06 -5.46378E-02
1.32000E+01 -1.40002E-01 -9.01391E-07 -4.96568E-02
1.33000E+01 -1.35002E-01 -4.88632E-07 -4.46559E-02
1.34000E+01 -1.30002E-01 -9.59319E-08 -3.96544E-02
1.35000E+01 -1.25002E-01 2.79618E-07  -3.46216E-02
1.36000E+01 -1.20002E-01 6.33428E-07  -2.96475E-02
1.37000E+01 -1.15002E-01 9.73464E-07  -2.46192E-02
1.38000E+01 -1.10002E-01 1.29962E-06  -1.96638E-02
1.39000E+01 -1.05002E-01 1.61764E-06  -1.46385E-02
1.40000E+01 -1.00002E-01 1.93327E-06  -9.65446E-03
1.41000E+01 -9.50018E-02 2.25081E-06  -4.62485E-03
1.42000E+01 -9.00018E-02 2.57554E-06  3.75460E-04 
1.43000E+01 -8.50018E-02 2.91007E-06  5.36577E-03 
1.44000E+01 -8.00018E-02 3.26239E-06  1.03723E-02 
1.45000E+01 -7.50018E-02 3.63070E-06  1.53763E-02 
1.46000E+01 -7.00018E-02 4.02296E-06  2.03879E-02 
1.47000E+01 -6.50018E-02 4.43829E-06  2.53725E-02 
1.48000E+01 -6.00019E-02 4.87699E-06  3.03747E-02 
1.49000E+01 -5.50019E-02 5.34257E-06  3.53825E-02 
1.50000E+01 -5.00019E-02 5.83504E-06  4.04028E-02 
1.51000E+01 -4.50019E-02 6.35584E-06  4.53968E-02 
1.52000E+01 -4.00019E-02 6.90565E-06  5.03691E-02 
1.53000E+01 -3.50019E-02 7.48560E-06  5.53806E-02 
1.54000E+01 -3.00019E-02 8.10428E-06  6.03790E-02 
1.55000E+01 -2.50019E-02 8.76559E-06  6.53955E-02 
1.56000E+01 -2.00020E-02 9.47053E-06  7.03952E-02 
1.57000E+01 -1.50020E-02 1.02216E-05  7.54024E-02 
1.58000E+01 -1.00020E-02 1.10336E-05  8.04127E-02 
1.59000E+01 -5.00199E-03 1.19018E-05  8.54236E-02 
1.60000E+01 -2.00000E-06 1.28314E-05  9.03976E-02 
1.61000E+01 4.99799E-03  1.38296E-05  9.54123E-02 
1.62000E+01 9.99797E-03  1.48930E-05  1.00436E-01 
1.63000E+01 1.49980E-02  1.60294E-05  1.05438E-01 
1.64000E+01 1.99979E-02  1.72301E-05  1.10410E-01 
1.65000E+01 2.49979E-02  1.85039E-05  1.15416E-01 
1.66000E+01 2.99979E-02  1.98434E-05  1.20433E-01 
1.67000E+01 3.49979E-02  2.12422E-05  1.25430E-01 
1.68000E+01 3.99979E-02  2.27520E-05  1.30426E-01 
1.69000E+01 4.49979E-02  2.42757E-05  1.35430E-01 
1.70000E+01 4.99979E-02  2.58419E-05  1.40456E-01 
1.71000E+01 5.49979E-02  2.74748E-05  1.45433E-01 
1.72000E+01 5.99978E-02  2.91589E-05  1.50454E-01 
1.73000E+01 6.49978E-02  3.08904E-05  1.55465E-01 
1.74000E+01 6.99978E-02  3.26764E-05  1.60477E-01 
1.75000E+01 7.49978E-02  3.45032E-05  1.65466E-01 
1.76000E+01 7.99978E-02  3.63693E-05  1.70472E-01 
1.77000E+01 8.49978E-02  3.82795E-05  1.75482E-01 
1.78000E+01 8.99978E-02  4.02218E-05  1.80496E-01 
1.79000E+01 9.49978E-02  4.22095E-05  1.85497E-01 
1.80000E+01 9.99977E-02  4.42392E-05  1.90469E-01 
1.81000E+01 1.04998E-01  4.63044E-05  1.95501E-01 
1.82000E+01 1.09998E-01  4.84047E-05  2.00498E-01 
1.83000E+01 1.14998E-01  5.05507E-05  2.05479E-01 
1.84000E+01 1.19998E-01  5.27410E-05  2.10487E-01 
1.85000E+01 1.24998E-01  5.49812E-05  2.15494E-01 
1.86000E+01 1.29998E-01  5.72061E-05  2.20495E-01 
1.87000E+01 1.34998E-01  5.93495E-05  2.25513E-01 
1.88000E+01 1.39998E-01  6.17608E-05  2.30471E-01 
1.89000E+01 1.44998E-01  6.42480E-05  2.35491E-01 
1.90000E+01 1.49998E-01  6.66679E-05  2.40518E-01 
1.91000E+01 1.54998E-01  6.90599E-05  2.45497E-01 
1.92000E+01 1.59998E-01  7.14795E-05  2.50484E-01 
1.93000E+01 1.64998E-01  7.39333E-05  2.55517E-01 
1.94000E+01 1.69998E-01  7.64378E-05  2.60508E-01 
1.95000E+01 1.74998E-01  7.89697E-05  2.65517E-01 
1.96000E+01 1.79998E-01  8.14941E-05  2.70507E-01 
1.97000E+01 1.84998E-01  8.40260E-05  2.75532E-01 
1.98000E+01 1.89998E-01  8.65699E-05  2.80528E-01 
1.99000E+01 1.94998E-01  8.91209E-05  2.85550E-01 
1.99999E+01 1.99997E-01  9.16825E-05  2.90535E-01 
2.00999E+01 2.04997E-01  9.42209E-05  2.95529E-01 
2.01999E+01 2.09997E-01  9.67665E-05  3.00530E-01 
2.02999E+01 2.14997E-01  9.92849E-05  3.05540E-01 
2.03999E+01 2.19997E-01  1.01798E-04  3.10547E-01 
2.04999E+01 2.24997E-01  1.04283E-04  3.15545E-01 
2.05999E+01 2.29997E-01  1.06714E-04  3.20554E-01 
2.06999E+01 2.34997E-01  1.09095E-04  3.25550E-01 
2.07999E+01 2.39997E-01  1.11401E-04  3.30551E-01 
2.08999E+01 2.44997E-01  1.13597E-04  3.35566E-01 
2.09999E+01 2.49997E-01  1.15744E-04  3.40550E-01 
2.10999E+01 2.54997E-01  1.17768E-04  3.45564E-01 
2.11999E+01 2.59997E-01  1.19525E-04  3.50569E-01 
2.12999E+01 2.64997E-01  1.21104E-04  3.55573E-01 
2.13999E+01 2.69997E-01  1.22551E-04  3.60574E-01 
2.14999E+01 2.74997E-01  1.23575E-04  3.65566E-01 
2.15999E+01 2.79997E-01  1.24192E-04  3.70578E-01 
2.16999E+01 2.84997E-01  1.24588E-04  3.75584E-01 
2.17999E+01 2.89997E-01  1.24276E-04  3.80570E-01 
2.18999E+01 2.94997E-01  1.23422E-04  3.85567E-01 
2.19999E+01 2.99997E-01  1.21730E-04  3.90580E-01 
2.20999E+01 3.04997E-01  1.19281E-04  3.95592E-01 
2.21999E+01 3.09997E-01  1.15900E-04  4.00580E-01 
2.22999E+01 3.14997E-01  1.12346E-04  4.05567E-01 
2.23999E+01 3.19997E-01  1.07564E-04  4.10589E-01 
2.24999E+01 3.24997E-01  1.01649E-04  4.15590E-01 
2.25999E+01 3.29997E-01  9.54095E-05  4.20592E-01 
2.26999E+01 3.34997E-01  8.91164E-05  4.25577E-01 
2.27999E+01 3.39997E-01  8.27966E-05  4.30578E-01 
2.28999E+01 3.44997E-01  7.66524E-05  4.35623E-01 
2.29999E+01 3.49997E-01  7.08688E-05  4.40593E-01 
2.30999E+01 3.54997E-01  6.50916E-05  4.45594E-01 
2.31999E+01 3.59997E-01  5.95903E-05  4.50598E-01 
2.32999E+01 3.64997E-01  5.44107E-05  4.55630E-01 
2.33999E+01 3.69997E-01  4.96806E-05  4.60639E-01 
2.34999E+01 3.74997E-01  4.64090E-05  4.65627E-01 
2.35999E+01 3.79997E-01  4.38576E-05  4.70654E-01 
2.36999E+01 3.84997E-01  4.13010E-05  4.75661E-01 
2.37999E+01 3.89997E-01  3.90686E-05  4.80645E-01 
2.38999E+01 3.94997E-01  3.73085E-05  4.85682E-01 
2.39999E+01 3.99997E-01  3.57958E-05  4.90655E-01 
2.40999E+01 4.04997E-01  3.45920E-05  4.95659E-01 
2.41999E+01 4.09997E-01  3.35479E-05  5.00633E-01 
2.42999E+01 4.14997E-01  3.26611E-05  5.05668E-01 
2.43999E+01 4.19997E-01  3.19650E-05  5.10673E-01 
2.44999E+01 4.24997E-01  3.14291E-05  5.15678E-01 
2.45999E+01 4.29997E-01  3.10115E-05  5.20658E-01 
2.46999E+01 4.34997E-01  3.07160E-05  5.25666E-01 
2.47999E+01 4.39997E-01  3.05513E-05  5.30671E-01 
2.48999E+01 4.44997E-01  3.05107E-05  5.35654E-01 
2.49999E+01 4.49997E-01  3.05985E-05  5.40670E-01 
2.50999E+01 4.54997E-01  3.07966E-05  5.45688E-01 
2.51999E+01 4.59997E-01  3.11105E-05  5.50673E-01 
2.52999E+01 4.64997E-01  3.15156E-05  5.55680E-01 
2.53999E+01 4.69997E-01  3.20302E-05  5.60671E-01 
2.54999E+01 4.74997E-01  3.26462E-05  5.65676E-01 
2.55999E+01 4.79997E-01  3.33529E-05  5.70688E-01 
2.56999E+01 4.84997E-01  3.41258E-05  5.75705E-01 
2.57999E+01 4.89997E-01  3.49695E-05  5.80688E-01 
2.58999E+01 4.94997E-01  3.58855E-05  5.85686E-01 
2.59999E+01 4.99997E-01  3.68714E-05  5.90704E-01 
2.60999E+01 5.04997E-01  3.79223E-05  5.95703E-01 
2.61999E+01 5.09997E-01  3.90262E-05  6.00693E-01 
2.62999E+01 5.14997E-01  4.01713E-05  6.05698E-01 
2.63999E+01 5.19997E-01  4.13577E-05  6.10696E-01 
2.64999E+01 5.24997E-01  4.25850E-05  6.15687E-01 
2.65999E+01 5.29997E-01  4.38388E-05  6.20686E-01 
2.66999E+01 5.34997E-01  4.51133E-05  6.25685E-01 
2.67999E+01 5.39997E-01  4.64051E-05  6.30722E-01 
2.68999E+01 5.44997E-01  4.77087E-05  6.35703E-01 
2.69999E+01 5.49997E-01  4.90244E-05  6.40706E-01 
2.70999E+01 5.54997E-01  5.03486E-05  6.45710E-01 
2.71999E+01 5.59997E-01  5.16753E-05  6.50715E-01 
2.72999E+01 5.64997E-01  5.29843E-05  6.55731E-01 
2.73999E+01 5.69997E-01  5.42803E-05  6.60730E-01 
2.74999E+01 5.74997E-01  5.55580E-05  6.65731E-01 
2.75999E+01 5.79997E-01  5.68266E-05  6.70719E-01 
2.76999E+01 5.84997E-01  5.80623E-05  6.75746E-01 
2.77999E+01 5.89997E-01  5.92730E-05  6.80746E-01 
2.78999E+01 5.94997E-01  6.04577E-05  6.85737E-01 
2.79999E+01 5.99996E-01  6.16047E-05  6.90722E-01 
2.80999E+01 6.04996E-01  6.27154E-05  6.95734E-01 
2.81999E+01 6.09996E-01  6.37914E-05  7.00745E-01 
2.82999E+01 6.14996E-01  6.48203E-05  7.05751E-01 
2.83999E+01 6.19996E-01  6.58004E-05  7.10734E-01 
2.84999E+01 6.24996E-01  6.67331E-05  7.15726E-01 
2.85999E+01 6.29996E-01  6.76228E-05  7.20740E-01 
2.86999E+01 6.34996E-01  6.84506E-05  7.25755E-01 
2.87999E+01 6.39996E-01  6.92229E-05  7.30738E-01 
2.88999E+01 6.44996E-01  6.99298E-05  7.35761E-01 
2.89999E+01 6.49996E-01  7.05707E-05  7.40771E-01 
2.90999E+01 6.54996E-01  7.11428E-05  7.45775E-01 
2.91999E+01 6.59996E-01  7.16367E-05  7.50763E-01 
2.92999E+01 6.64996E-01  7.20505E-05  7.55770E-01 
2.93999E+01 6.69996E-01  7.23819E-05  7.60793E-01 
2.94999E+01 6.74996E-01  7.26032E-05  7.65776E-01 
2.95999E+01 6.79996E-01  7.27281E-05  7.70772E-01 
2.96999E+01 6.84996E-01  7.27322E-05  7.75802E-01 
2.97999E+01 6.89996E-01  7.25939E-05  7.80801E-01 
2.98999E+01 6.94996E-01  7.22805E-05  7.85807E-01 
2.99999E+01 6.99996E-01  7.17928E-05  7.90808E-01 
3.00999E+01 7.04996E-01  7.10902E-05  7.95820E-01 
3.01999E+01 7.09996E-01  7.01474E-05  8.00817E-01 
3.02999E+01 7.14996E-01  6.89579E-05  8.05806E-01 
3.03999E+01 7.19996E-01  6.74881E-05  8.10835E-01 
3.04999E+01 7.24996E-01  6.57221E-05  8.15841E-01 
3.05999E+01 7.29996E-01  6.36562E-05  8.20826E-01 
3.06999E+01 7.34996E-01  6.12988E-05  8.25824E-01 
3.07999E+01 7.39996E-01  5.86966E-05  8.30831E-01 
3.08999E+01 7.44996E-01  5.59446E-05  8.35873E-01 
3.09999E+01 7.49996E-01  5.31635E-05  8.40840E-01 
3.10999E+01 7.54996E-01  5.04871E-05  8.45841E-01 
3.11999E+01 7.59996E-01  4.80612E-05  8.50854E-01 
3.12999E+01 7.64996E-01  4.59605E-05  8.55857E-01 
3.13999E+01 7.69996E-01  4.42422E-05  8.60853E-01 
3.14999E+01 7.74996E-01  4.28742E-05  8.65824E-01 
3.15999E+01 7.79996E-01  4.17719E-05  8.70830E-01 
3.16999E+01 7.84996E-01  4.09117E-05  8.75869E-01 
3.17999E+01 7.89996E-01  4.01876E-05  8.80845E-01 
3.18999E+01 7.94996E-01  3.95941E-05  8.85846E-01 
3.19999E+01 7.99996E-01  3.91175E-05  8.90831E-01 
3.20999E+01 8.04996E-01  3.86960E-05  8.95870E-01 
3.21999E+01 8.09996E-01  3.83483E-05  9.00877E-01 
3.22999E+01 8.14996E-01  3.80790E-05  9.05869E-01 
3.23999E+01 8.19996E-01  3.78337E-05  9.10858E-01 
3.24999E+01 8.24996E-01  3.76049E-05  9.15879E-01 
3.25999E+01 8.29996E-01  3.74086E-05  9.20865E-01 
3.26999E+01 8.34996E-01  3.72488E-05  9.25855E-01 
3.27999E+01 8.39996E-01  3.71062E-05  9.30853E-01 
3.28999E+01 8.44996E-01  3.69811E-05  9.35875E-01 
3.29999E+01 8.49996E-01  3.69002E-05  9.40894E-01 
3.30999E+01 8.54996E-01  3.69266E-05  9.45873E-01 
3.31999E+01 8.59996E-01  3.66580E-05  9.50880E-01 
3.32999E+01 8.64996E-01  3.64238E-05  9.55884E-01 
3.33999E+01 8.69996E-01  3.62597E-05  9.60866E-01 
3.34999E+01 8.74996E-01  3.61046E-05  9.65888E-01 
3.35999E+01 8.79996E-01  3.59671E-05  9.70898E-01 
3.36999E+01 8.84996E-01  3.58302E-05  9.75893E-01 
3.37999E+01 8.89996E-01  3.57094E-05  9.80889E-01 
3.38999E+01 8.94996E-01  3.55868E-05  9.85923E-01 
3.39999E+01 8.99996E-01  3.54856E-05  9.90904E-01 
3.40999E+01 9.04996E-01  3.53983E-05  9.95896E-01 
3.41999E+01 9.09996E-01  3.53401E-05  1.00089E+00 
3.42999E+01 9.14996E-01  3.52678E-05  1.00589E+00 
3.43999E+01 9.19996E-01  3.52226E-05  1.01093E+00 
3.44999E+01 9.24996E-01  3.52501E-05  1.01591E+00 
3.45999E+01 9.29996E-01  3.52494E-05  1.02091E+00 
3.46999E+01 9.34996E-01  3.52527E-05  1.02595E+00 
3.47999E+01 9.39996E-01  3.52430E-05  1.03096E+00 
3.48999E+01 9.44996E-01  3.52251E-05  1.03593E+00 
3.49999E+01 9.49996E-01  3.51856E-05  1.04092E+00 
3.50999E+01 9.54996E-01  3.50865E-05  1.04595E+00 
3.51999E+01 9.59996E-01  3.50954E-05  1.05095E+00 
3.52999E+01 9.64996E-01  3.51890E-05  1.05597E+00 
3.53999E+01 9.69996E-01  3.52871E-05  1.06097E+00 
3.54999E+01 9.74996E-01  3.54251E-05  1.06595E+00 
3.55999E+01 9.79996E-01  3.55757E-05  1.07099E+00 
3.56999E+01 9.84996E-01  3.57608E-05  1.07596E+00 
3.57999E+01 9.89996E-01  3.59307E-05  1.08096E+00 
3.58999E+01 9.94996E-01  3.61093E-05  1.08596E+00 
3.59999E+01 9.99995E-01  3.63113E-05  1.09097E+00 
3.60999E+01 1.00500E+00  3.65260E-05  1.09599E+00 
3.61999E+01 1.01000E+00  3.67526E-05  1.10098E+00 
3.62999E+01 1.01500E+00  3.70041E-05  1.10601E+00 
3.63999E+01 1.02000E+00  3.72829E-05  1.11101E+00 
3.64999E+01 1.02500E+00  3.76457E-05  1.11600E+00 
3.65999E+01 1.03000E+00  3.80739E-05  1.12102E+00 
3.66999E+01 1.03500E+00  3.82208E-05  1.12601E+00 
3.67999E+01 1.04000E+00  3.92268E-05  1.13102E+00 
3.68999E+01 1.04500E+00  3.96673E-05  1.13602E+00 
3.69999E+01 1.05000E+00  3.96264E-05  1.14101E+00 
3.70999E+01 1.05500E+00  3.96428E-05  1.14603E+00 
3.71999E+01 1.06000E+00  3.99151E-05  1.15103E+00 
3.72999E+01 1.06500E+00  4.01627E-05  1.15602E+00 
3.73999E+01 1.07000E+00  4.04793E-05  1.16104E+00 
3.74999E+01 1.07500E+00  4.08170E-05  1.16603E+00 
3.75999E+01 1.08000E+00  4.11551E-05  1.17103E+00 
3.76999E+01 1.08500E+00  4.14937E-05  1.17603E+00 
3.77999E+01 1.09000E+00  4.18590E-05  1.18099E+00 
3.78999E+01 1.09500E+00  4.22114E-05  1.18602E+00 
3.79999E+01 1.10000E+00  4.25822E-05  1.19103E+00 
3.80999E+01 1.10500E+00  4.29849E-05  1.19601E+00 
3.81999E+01 1.11000E+00  4.33464E-05  1.20103E+00 
3.82999E+01 1.11500E+00  4.37461E-05  1.20605E+00 
3.83999E+01 1.12000E+00  4.41444E-05  1.21105E+00 
3.84999E+01 1.12500E+00  4.45804E-05  1.21602E+00 
3.85999E+01 1.13000E+00  4.49758E-05  1.22103E+00 
3.86999E+01 1.13500E+00  4.53794E-05  1.22604E+00 
3.87999E+01 1.14000E+00  4.58046E-05  1.23104E+00 
3.88999E+01 1.14500E+00  4.62276E-05  1.23605E+00 
3.89999E+01 1.15000E+00  4.66723E-05  1.24105E+00 
3.90999E+01 1.15500E+00  4.70773E-05  1.24605E+00 
3.91999E+01 1.16000E+00  4.75009E-05  1.25106E+00 
3.92999E+01 1.16500E+00  4.79342E-05  1.25606E+00 
3.93999E+01 1.17000E+00  4.83860E-05  1.26105E+00 
3.94999E+01 1.17500E+00  4.88516E-05  1.26607E+00 
3.95999E+01 1.18000E+00  4.93283E-05  1.27108E+00 
3.96999E+01 1.18500E+00  4.98484E-05  1.27607E+00 
3.97999E+01 1.19000E+00  5.03019E-05  1.28107E+00 
3.98999E+01 1.19500E+00  5.08196E-05  1.28607E+00 
3.99999E+01 1.19999E+00  5.13379E-05  1.29109E+00 
4.00999E+01 1.20499E+00  5.18306E-05  1.29609E+00 
4.01999E+01 1.20999E+00  5.23791E-05  1.30111E+00 
4.02999E+01 1.21499E+00  5.29448E-05  1.30610E+00 
4.03999E+01 1.21999E+00  5.35095E-05  1.31112E+00 
4.04999E+01 1.22499E+00  5.41072E-05  1.31612E+00 
4.05999E+01 1.22999E+00  5.47381E-05  1.32109E+00 
4.06999E+01 1.23499E+00  5.53831E-05  1.32609E+00 
4.07999E+01 1.23999E+00  5.60350E-05  1.33111E+00 
4.08999E+01 1.24499E+00  5.67176E-05  1.33610E+00 
4.09999E+01 1.24999E+00  5.74722E-05  1.34110E+00 
4.10999E+01 1.25499E+00  5.82754E-05  1.34611E+00 
4.11999E+01 1.25999E+00  5.89694E-05  1.35111E+00 
4.12999E+01 1.26499E+00  5.97577E-05  1.35611E+00 
4.13999E+01 1.26999E+00  6.06083E-05  1.36111E+00 
4.14999E+01 1.27499E+00  6.15248E-05  1.36611E+00 
4.15999E+01 1.27999E+00  6.24927E-05  1.37111E+00 
4.16999E+01 1.28499E+00  6.35360E-05  1.37613E+00 
4.17999E+01 1.28999E+00  6.46392E-05  1.38113E+00 
4.18999E+01 1.29499E+00  6.58297E-05  1.38612E+00 
4.19999E+01 1.29999E+00  6.70382E-05  1.39112E+00 
4.20999E+01 1.30499E+00  6.83551E-05  1.39614E+00 
4.21999E+01 1.30999E+00  6.97185E-05  1.40112E+00 
4.22999E+01 1.31499E+00  7.11823E-05  1.40611E+00 
4.23999E+01 1.31999E+00  7.27092E-05  1.41111E+00 
4.24999E+01 1.32499E+00  7.43190E-05  1.41612E+00 
4.25999E+01 1.32999E+00  7.59984E-05  1.42115E+00 
4.26999E+01 1.33499E+00  7.77497E-05  1.42615E+00 
4.27999E+01 1.33999E+00  7.95814E-05  1.43114E+00 
4.28999E+01 1.34499E+00  8.14485E-05  1.43618E+00 
4.29999E+01 1.34999E+00  8.34036E-05  1.44115E+00 
4.30999E+01 1.35499E+00  8.54346E-05  1.44616E+00 
4.31999E+01 1.35999E+00  8.75256E-05  1.45117E+00 
4.32999E+01 1.36499E+00  8.96968E-05  1.45615E+00 
4.33999E+01 1.36999E+00  9.19266E-05  1.46118E+00 
4.34999E+01 1.37499E+00  9.42687E-05  1.46616E+00 
4.35999E+01 1.37999E+00  9.65723E-05  1.47118E+00 
4.36999E+01 1.38499E+00  9.89591E-05  1.47619E+00 
4.37999E+01 1.38999E+00  1.01432E-04  1.48117E+00 
4.38999E+01 1.39499E+00  1.03993E-04  1.48616E+00 
4.39999E+01 1.39999E+00  1.06612E-04  1.49121E+00 
4.40999E+01 1.40499E+00  1.09245E-04  1.49619E+00 
4.41999E+01 1.40999E+00  1.11951E-04  1.50120E+00 
4.42999E+01 1.41499E+00  1.14733E-04  1.50619E+00 
4.43999E+01 1.41999E+00  1.17558E-04  1.51119E+00 
4.44999E+01 1.42499E+00  1.20443E-04  1.51621E+00 
4.45999E+01 1.42999E+00  1.23387E-04  1.52118E+00 
4.46999E+01 1.43499E+00  1.26389E-04  1.52621E+00 
4.47999E+01 1.43999E+00  1.29477E-04  1.53120E+00 
4.48999E+01 1.44499E+00  1.32601E-04  1.53623E+00 
4.49999E+01 1.44999E+00  1.35808E-04  1.54122E+00 
4.50999E+01 1.45499E+00  1.39027E-04  1.54618E+00 
4.51999E+01 1.45999E+00  1.42310E-04  1.55121E+00 
4.52999E+01 1.46499E+00  1.45634E-04  1.55620E+00 
4.53999E+01 1.46999E+00  1.49006E-04  1.56120E+00 
4.54999E+01 1.47499E+00  1.52429E-04  1.56620E+00 
4.55999E+01 1.47999E+00  1.55897E-04  1.57122E+00 
4.56999E+01 1.48499E+00  1.59394E-04  1.57626E+00 
4.57999E+01 1.48999E+00  1.62904E-04  1.58123E+00 
4.58999E+01 1.49499E+00  1.66438E-04  1.58624E+00 
4.59999E+01 1.49999E+00  1.70023E-04  1.59122E+00 
4.60999E+01 1.50499E+00  1.73595E-04  1.59625E+00 
4.61999E+01 1.50999E+00  1.77218E-04  1.60126E+00 
4.62999E+01 1.51499E+00  1.81051E-04  1.60625E+00 
4.63999E+01 1.51999E+00  1.85122E-04  1.61126E+00 
4.64999E+01 1.52499E+00  1.88904E-04  1.61626E+00 
4.65999E+01 1.52999E+00  1.92732E-04  1.62129E+00 
4.66999E+01 1.53499E+00  1.96610E-04  1.62626E+00 
4.67999E+01 1.53999E+00  2.00186E-04  1.63130E+00 
4.68999E+01 1.54499E+00  2.03569E-04  1.63625E+00 
4.69999E+01 1.54999E+00  2.07183E-04  1.64125E+00 
4.70999E+01 1.55499E+00  2.10894E-04  1.64627E+00 
4.71999E+01 1.55999E+00  2.14736E-04  1.65127E+00 
4.72999E+01 1.56499E+00  2.18220E-04  1.65628E+00 
4.73999E+01 1.56999E+00  2.21851E-04  1.66127E+00 
4.74999E+01 1.57499E+00  2.25480E-04  1.66627E+00 
4.75999E+01 1.57999E+00  2.29185E-04  1.67127E+00 
4.76999E+01 1.58499E+00  2.32718E-04  1.67628E+00 
4.77999E+01 1.58999E+00  2.36128E-04  1.68128E+00 
4.78999E+01 1.59499E+00  2.39553E-04  1.68627E+00 
4.79999E+01 1.59999E+00  2.42928E-04  1.69131E+00 
4.80999E+01 1.60499E+00  2.46341E-04  1.69630E+00 
4.81999E+01 1.60999E+00  2.49617E-04  1.70130E+00 
4.82999E+01 1.61499E+00  2.52805E-04  1.70630E+00 
4.83999E+01 1.61999E+00  2.56125E-04  1.71130E+00 
4.84999E+01 1.62499E+00  2.59397E-04  1.71631E+00 
4.85999E+01 1.62999E+00  2.62604E-04  1.72130E+00 
4.86999E+01 1.63499E+00  2.65823E-04  1.72630E+00 
4.87999E+01 1.63999E+00  2.68908E-04  1.73128E+00 
4.88999E+01 1.64499E+00  2.71967E-04  1.73630E+00 
4.89999E+01 1.64999E+00  2.74995E-04  1.74130E+00 
4.90999E+01 1.65499E+00  2.77951E-04  1.74631E+00 
4.91999E+01 1.65999E+00  2.80855E-04  1.75132E+00 
4.92999E+01 1.66499E+00  2.83699E-04  1.75633E+00 
4.93999E+01 1.66999E+00  2.86475E-04  1.76134E+00 
4.94999E+01 1.67499E+00  2.89183E-04  1.76636E+00 
4.95999E+01 1.67999E+00  2.91831E-04  1.77136E+00 
4.96999E+01 1.68499E+00  2.94412E-04  1.77636E+00 
4.97999E+01 1.68999E+00  2.96951E-04  1.78135E+00 
4.98999E+01 1.69499E+00  2.99352E-04  1.78637E+00 
4.99999E+01 1.69999E+00  3.01724E-04  1.79137E+00 
5.00999E+01 1.70499E+00  3.03995E-04  1.79635E+00 
5.01999E+01 1.70999E+00  3.06251E-04  1.80138E+00 
5.02999E+01 1.71499E+00  3.08396E-04  1.80639E+00 
5.03999E+01 1.71999E+00  3.10480E-04  1.81139E+00 
5.04999E+01 1.72499E+00  3.12592E-04  1.81636E+00 
5.05999E+01 1.72999E+00  3.14591E-04  1.82139E+00 
5.06999E+01 1.73499E+00  3.16606E-04  1.82640E+00 
5.07999E+01 1.73999E+00  3.18588E-04  1.83139E+00 
5.08999E+01 1.74499E+00  3.20494E-04  1.83637E+00 
5.09999E+01 1.74999E+00  3.22420E-04  1.84140E+00 
5.10999E+01 1.75499E+00  3.24301E-04  1.84640E+00 
5.11999E+01 1.75999E+00  3.26149E-04  1.85140E+00 
5.12999E+01 1.76499E+00  3.28025E-04  1.85639E+00 
5.13999E+01 1.76999E+00  3.29893E-04  1.86141E+00 
5.14999E+01 1.77499E+00  3.31738E-04  1.86645E+00 
5.15999E+01 1.77999E+00  3.33569E-04  1.87143E+00 
5.16999E+01 1.78499E+00  3.35442E-04  1.87645E+00 
5.17999E+01 1.78999E+00  3.37339E-04  1.88143E+00 
5.18999E+01 1.79499E+00  3.39226E-04  1.88645E+00 
5.19999E+01 1.79999E+00  3.41182E-04  1.89143E+00 
5.20999E+01 1.79499E+00  3.34183E-04  1.88642E+00 
5.21999E+01 1.78999E+00  3.27595E-04  1.88141E+00 
5.22999E+01 1.78499E+00  3.21344E-04  1.87641E+00 
5.23999E+01 1.77999E+00  3.15257E-04  1.87142E+00 
5.24999E+01 1.77499E+00  3.09423E-04  1.86642E+00 
5.25999E+01 1.76999E+00  3.03874E-04  1.86141E+00 
5.26999E+01 1.76499E+00  2.98490E-04  1.85641E+00 
5.27999E+01 1.75999E+00  2.93271E-04  1.85142E+00 
5.28999E+01 1.75499E+00  2.88235E-04  1.84640E+00 
5.29999E+01 1.74999E+00  2.83290E-04  1.84140E+00 
5.30999E+01 1.74499E+00  2.78452E-04  1.83639E+00 
5.31999E+01 1.73999E+00  2.73670E-04  1.83139E+00 
5.32999E+01 1.73499E+00  2.69027E-04  1.82642E+00 
5.33999E+01 1.72999E+00  2.64403E-04  1.82137E+00 
5.34999E+01 1.72499E+00  2.59896E-04  1.81638E+00 
5.35999E+01 1.71999E+00  2.55458E-04  1.81138E+00 
5.36999E+01 1.71499E+00  2.51052E-04  1.80639E+00 
5.37999E+01 1.70999E+00  2.46716E-04  1.80138E+00 
5.38999E+01 1.70499E+00  2.42381E-04  1.79637E+00 
5.39999E+01 1.69999E+00  2.38112E-04  1.79139E+00 
5.40999E+01 1.69499E+00  2.33912E-04  1.78639E+00 
5.41999E+01 1.68999E+00  2.29802E-04  1.78138E+00 
5.42999E+01 1.68499E+00  2.25687E-04  1.77635E+00 
5.43999E+01 1.67999E+00  2.21630E-04  1.77137E+00 
5.44999E+01 1.67499E+00  2.17603E-04  1.76637E+00 
5.45999E+01 1.66999E+00  2.13632E-04  1.76137E+00 
5.46999E+01 1.66499E+00  2.09703E-04  1.75635E+00 
5.47999E+01 1.65999E+00  2.05808E-04  1.75134E+00 
5.48999E+01 1.65499E+00  2.01925E-04  1.74635E+00 
5.49999E+01 1.64999E+00  1.98144E-04  1.74132E+00 
5.50999E+01 1.64499E+00  1.94375E-04  1.73632E+00 
5.51999E+01 1.63999E+00  1.90665E-04  1.73132E+00 
5.52999E+01 1.63499E+00  1.86970E-04  1.72632E+00 
5.53999E+01 1.62999E+00  1.83298E-04  1.72131E+00 
5.54999E+01 1.62499E+00  1.79664E-04  1.71632E+00 
5.55999E+01 1.61999E+00  1.76084E-04  1.71131E+00 
5.56999E+01 1.61499E+00  1.72578E-04  1.70632E+00 
5.57999E+01 1.60999E+00  1.69074E-04  1.70130E+00 
5.58999E+01 1.60499E+00  1.65624E-04  1.69630E+00 
5.59999E+01 1.59999E+00  1.62214E-04  1.69130E+00 
5.60999E+01 1.59499E+00  1.58837E-04  1.68630E+00 
5.61999E+01 1.58999E+00  1.55496E-04  1.68128E+00 
5.62999E+01 1.58499E+00  1.52207E-04  1.67629E+00 
5.63999E+01 1.57999E+00  1.48930E-04  1.67131E+00 
5.64999E+01 1.57499E+00  1.45703E-04  1.66629E+00 
5.65999E+01 1.56999E+00  1.42532E-04  1.66128E+00 
5.66999E+01 1.56499E+00  1.39416E-04  1.65630E+00 
5.67999E+01 1.55999E+00  1.36383E-04  1.65131E+00 
5.68999E+01 1.55499E+00  1.33346E-04  1.64631E+00 
5.69999E+01 1.54999E+00  1.30319E-04  1.64128E+00 
5.70999E+01 1.54499E+00  1.27309E-04  1.63629E+00 
5.71999E+01 1.53999E+00  1.24353E-04  1.63130E+00 
5.72999E+01 1.53499E+00  1.21445E-04  1.62630E+00 
5.73999E+01 1.52999E+00  1.18601E-04  1.62129E+00 
5.74999E+01 1.52499E+00  1.15781E-04  1.61629E+00 
5.75999E+01 1.51999E+00  1.13027E-04  1.61128E+00 
5.76999E+01 1.51499E+00  1.10218E-04  1.60628E+00 
5.77999E+01 1.50999E+00  1.07468E-04  1.60125E+00 
5.78999E+01 1.50499E+00  1.04766E-04  1.59626E+00 
5.79999E+01 1.49999E+00  1.02097E-04  1.59126E+00 
5.80999E+01 1.49499E+00  9.95123E-05  1.58627E+00 
5.81999E+01 1.48999E+00  9.69652E-05  1.58126E+00 
5.82999E+01 1.48499E+00  9.44361E-05  1.57625E+00 
5.83999E+01 1.47999E+00  9.19500E-05  1.57123E+00 
5.84999E+01 1.47499E+00  8.94536E-05  1.56622E+00 
5.85999E+01 1.46999E+00  8.70252E-05  1.56122E+00 
5.86999E+01 1.46499E+00  8.46030E-05  1.55625E+00 
5.87999E+01 1.45999E+00  8.22181E-05  1.55122E+00 
5.88999E+01 1.45499E+00  7.98776E-05  1.54623E+00 
5.89999E+01 1.44999E+00  7.75694E-05  1.54124E+00 
5.90999E+01 1.44499E+00  7.53067E-05  1.53624E+00 
5.91999E+01 1.43999E+00  7.30792E-05  1.53121E+00 
5.92999E+01 1.43499E+00  7.08734E-05  1.52619E+00 
5.93999E+01 1.42999E+00  6.87108E-05  1.52121E+00 
5.94999E+01 1.42499E+00  6.65940E-05  1.51623E+00 
5.95999E+01 1.41999E+00  6.44949E-05  1.51121E+00 
5.96999E+01 1.41499E+00  6.24556E-05  1.50622E+00 
5.97999E+01 1.40999E+00  6.04522E-05  1.50121E+00 
5.98999E+01 1.40499E+00  5.84735E-05  1.49625E+00 
5.99998E+01 1.39999E+00  5.65506E-05  1.49120E+00 
6.00998E+01 1.39499E+00  5.46479E-05  1.48619E+00 
6.01998E+01 1.38999E+00  5.27867E-05  1.48122E+00 
6.02998E+01 1.38499E+00  5.09819E-05  1.47622E+00 
6.03998E+01 1.37999E+00  4.92032E-05  1.47121E+00 
6.04998E+01 1.37499E+00  4.74571E-05  1.46619E+00 
6.05998E+01 1.36999E+00  4.57671E-05  1.46120E+00 
6.06998E+01 1.36499E+00  4.40970E-05  1.45619E+00 
6.07998E+01 1.35999E+00  4.24824E-05  1.45120E+00 
6.08998E+01 1.35499E+00  4.09132E-05  1.44618E+00 
6.09998E+01 1.34999E+00  3.93726E-05  1.44117E+00 
6.10998E+01 1.34499E+00  3.78714E-05  1.43618E+00 
6.11998E+01 1.33999E+00  3.63725E-05  1.43116E+00 
6.12998E+01 1.33499E+00  3.43897E-05  1.42616E+00 
6.13998E+01 1.32999E+00  3.30184E-05  1.42116E+00 
6.14998E+01 1.32499E+00  3.17104E-05  1.41615E+00 
6.15998E+01 1.31999E+00  3.04461E-05  1.41114E+00 
6.16998E+01 1.31499E+00  2.92890E-05  1.40615E+00 
6.17998E+01 1.30999E+00  2.81046E-05  1.40114E+00 
6.18998E+01 1.30499E+00  2.69253E-05  1.39613E+00 
6.19998E+01 1.29999E+00  2.57980E-05  1.39112E+00 
6.20998E+01 1.29499E+00  2.47134E-05  1.38612E+00 
6.21998E+01 1.28999E+00  2.36632E-05  1.38113E+00 
6.22998E+01 1.28499E+00  2.26547E-05  1.37614E+00 
6.23998E+01 1.27999E+00  2.16884E-05  1.37113E+00 
6.24998E+01 1.27499E+00  2.07652E-05  1.36612E+00 
6.25998E+01 1.26999E+00  1.99106E-05  1.36112E+00 
6.26998E+01 1.26499E+00  1.90545E-05  1.35612E+00 
6.27998E+01 1.25999E+00  1.82389E-05  1.35111E+00 
6.28998E+01 1.25499E+00  1.74680E-05  1.34611E+00 
6.29998E+01 1.24999E+00  1.67350E-05  1.34111E+00 
6.30998E+01 1.24499E+00  1.60311E-05  1.33613E+00 
6.31998E+01 1.23999E+00  1.53627E-05  1.33111E+00 
6.32998E+01 1.23499E+00  1.47287E-05  1.32610E+00 
6.33998E+01 1.22999E+00  1.41209E-05  1.32112E+00 
6.34998E+01 1.22499E+00  1.35583E-05  1.31610E+00 
6.35998E+01 1.21999E+00  1.30206E-05  1.31111E+00 
6.36998E+01 1.21499E+00  1.25300E-05  1.30605E+00 
6.37998E+01 1.20999E+00  1.20706E-05  1.30108E+00 
6.38998E+01 1.20499E+00  1.16335E-05  1.29610E+00 
6.39998E+01 1.19999E+00  1.12187E-05  1.29109E+00 
6.40998E+01 1.19500E+00  1.08105E-05  1.28609E+00 
6.41998E+01 1.19000E+00  1.04042E-05  1.28109E+00 
6.42998E+01 1.18500E+00  9.98847E-06  1.27610E+00 
6.43998E+01 1.18000E+00  9.60759E-06  1.27107E+00 
6.44998E+01 1.17500E+00  9.28174E-06  1.26607E+00 
6.45998E+01 1.17000E+00  8.98434E-06  1.26105E+00 
6.46998E+01 1.16500E+00  8.71110E-06  1.25606E+00 
6.47998E+01 1.16000E+00  8.45007E-06  1.25106E+00 
6.48998E+01 1.15500E+00  8.20723E-06  1.24606E+00 
6.49998E+01 1.15000E+00  7.97136E-06  1.24104E+00 
6.50998E+01 1.14500E+00  7.74586E-06  1.23604E+00 
6.51998E+01 1.14000E+00  7.54304E-06  1.23106E+00 
6.52998E+01 1.13500E+00  7.37265E-06  1.22605E+00 
6.53998E+01 1.13000E+00  7.19720E-06  1.22104E+00 
6.54998E+01 1.12500E+00  7.03974E-06  1.21604E+00 
6.55998E+01 1.12000E+00  6.87625E-06  1.21105E+00 
6.56998E+01 1.11500E+00  6.70212E-06  1.20603E+00 
6.57998E+01 1.11000E+00  6.51261E-06  1.20101E+00 
6.58998E+01 1.10500E+00  6.33760E-06  1.19603E+00 
6.59998E+01 1.10000E+00  6.18409E-06  1.19102E+00 
6.60998E+01 1.09500E+00  6.04338E-06  1.18600E+00 
6.61998E+01 1.09000E+00  5.91363E-06  1.18100E+00 
6.62998E+01 1.08500E+00  5.79164E-06  1.17601E+00 
6.63998E+01 1.08000E+00  5.67801E-06  1.17102E+00 
6.64998E+01 1.07500E+00  5.56177E-06  1.16603E+00 
6.65998E+01 1.07000E+00  5.45932E-06  1.16100E+00 
6.66998E+01 1.06500E+00  5.36007E-06  1.15601E+00 
6.67998E+01 1.06000E+00  5.27426E-06  1.15101E+00 
6.68998E+01 1.05500E+00  5.18578E-06  1.14601E+00 
6.69998E+01 1.05000E+00  5.10296E-06  1.14100E+00 
6.70998E+01 1.04500E+00  5.01845E-06  1.13601E+00 
6.71998E+01 1.04000E+00  4.90930E-06  1.13100E+00 
6.72998E+01 1.03500E+00  4.85257E-06  1.12601E+00 
6.73998E+01 1.03000E+00  4.75141E-06  1.12100E+00 
6.74998E+01 1.02500E+00  4.70840E-06  1.11598E+00 
6.75998E+01 1.02000E+00  4.63369E-06  1.11095E+00 
6.76998E+01 1.01500E+00  4.56611E-06  1.10596E+00 
6.77998E+01 1.01000E+00  4.46796E-06  1.10093E+00 
6.78998E+01 1.00500E+00  4.43162E-06  1.09596E+00 
6.79998E+01 9.99995E-01  4.35763E-06  1.09095E+00 
6.80998E+01 9.94996E-01  4.30532E-06  1.08594E+00 
6.81998E+01 9.89996E-01  4.22969E-06  1.08095E+00 
6.82998E+01 9.84996E-01  4.16071E-06  1.07597E+00 
6.83998E+01 9.79996E-01  4.11717E-06  1.07097E+00 
6.84998E+01 9.74996E-01  4.03389E-06  1.06596E+00 
6.85998E+01 9.69996E-01  3.99997E-06  1.06096E+00 
6.86998E+01 9.64996E-01  3.86792E-06  1.05597E+00 
6.87998E+01 9.59996E-01  3.87399E-06  1.05095E+00 
6.88998E+01 9.54996E-01  3.81768E-06  1.04596E+00 
6.89998E+01 9.49996E-01  3.78305E-06  1.04094E+00 
6.90998E+01 9.44996E-01  3.72626E-06  1.03595E+00 
6.91998E+01 9.39996E-01  3.68429E-06  1.03095E+00 
6.92998E+01 9.34996E-01  3.62707E-06  1.02595E+00 
6.93998E+01 9.29996E-01  3.60372E-06  1.02095E+00 
6.94998E+01 9.24996E-01  3.58126E-06  1.01594E+00 
6.95998E+01 9.19996E-01  3.53223E-06  1.01095E+00 
6.96998E+01 9.14996E-01  3.48303E-06  1.00596E+00 
6.97998E+01 9.09996E-01  3.43165E-06  1.00092E+00 
6.98998E+01 9.04996E-01  3.37649E-06  9.95902E-01 
6.99998E+01 8.99996E-01  3.33955E-06  9.90931E-01 
7.00998E+01 8.94996E-01  3.30042E-06  9.85926E-01 
7.01998E+01 8.89996E-01  3.27055E-06  9.80909E-01 
7.02998E+01 8.84996E-01  3.21289E-06  9.75919E-01 
7.03998E+01 8.79996E-01  3.17182E-06  9.70925E-01 
7.04998E+01 8.74996E-01  3.10925E-06  9.65898E-01 
7.05998E+01 8.69996E-01  3.09402E-06  9.60882E-01 
7.06998E+01 8.64996E-01  3.09302E-06  9.55913E-01 
7.07998E+01 8.59996E-01  3.00226E-06  9.50903E-01 
7.08998E+01 8.54996E-01  2.93936E-06  9.45904E-01 
7.09998E+01 8.49996E-01  2.88026E-06  9.40886E-01 
7.10998E+01 8.44996E-01  2.80106E-06  9.35898E-01 
7.11998E+01 8.39996E-01  2.71895E-06  9.30862E-01 
7.12998E+01 8.34996E-01  2.68862E-06  9.25874E-01 
7.13998E+01 8.29996E-01  2.68849E-06  9.20872E-01 
7.14998E+01 8.24996E-01  2.65447E-06  9.15875E-01 
7.15998E+01 8.19996E-01  2.52497E-06  9.10855E-01 
7.16998E+01 8.14996E-01  2.57319E-06  9.05876E-01 
7.17998E+01 8.09996E-01  2.71286E-06  9.00872E-01 
7.18998E+01 8.04996E-01  2.52480E-06  8.95861E-01 
7.19998E+01 7.99996E-01  2.44613E-06  8.90859E-01 
7.20998E+01 7.94996E-01  2.33548E-06  8.85850E-01 
7.21998E+01 7.89996E-01  2.19910E-06  8.80842E-01 
7.22998E+01 7.84996E-01  2.22630E-06  8.75849E-01 
7.23998E+01 7.79996E-01  2.19366E-06  8.70841E-01 
7.24998E+01 7.74996E-01  2.15409E-06  8.65829E-01 
7.25998E+01 7.69996E-01  2.09726E-06  8.60839E-01 
7.26998E+01 7.64996E-01  2.03440E-06  8.55862E-01 
7.27998E+01 7.59996E-01  1.97621E-06  8.50839E-01 
7.28998E+01 7.54996E-01  1.91706E-06  8.45833E-01 
7.29998E+01 7.49996E-01  1.87184E-06  8.40850E-01 
7.30998E+01 7.44996E-01  1.81195E-06  8.35849E-01 
7.31998E+01 7.39996E-01  1.74864E-06  8.30842E-01 
7.32998E+01 7.34996E-01  1.69454E-06  8.25824E-01 
7.33998E+01 7.29996E-01  1.63551E-06  8.20843E-01 
7.34998E+01 7.24996E-01  1.58557E-06  8.15859E-01 
7.35998E+01 7.19996E-01  1.52709E-06  8.10859E-01 
7.36998E+01 7.14996E-01  1.40488E-06  8.05830E-01 
7.37998E+01 7.09996E-01  1.36744E-06  8.00844E-01 
7.38998E+01 7.04996E-01  1.35267E-06  7.95854E-01 
7.39998E+01 6.99996E-01  1.34408E-06  7.90842E-01 
7.40998E+01 6.94996E-01  1.22629E-06  7.85859E-01 
7.41998E+01 6.89996E-01  1.15183E-06  7.80801E-01 
7.42998E+01 6.84996E-01  9.94807E-07  7.75814E-01 
7.43998E+01 6.79996E-01  8.75565E-07  7.70799E-01 
7.44998E+01 6.74996E-01  8.60330E-07  7.65793E-01 
7.45998E+01 6.69996E-01  8.51946E-07  7.60802E-01 
7.46998E+01 6.64996E-01  7.80341E-07  7.55794E-01 
7.47998E+01 6.59996E-01  7.38208E-07  7.50773E-01 
7.48998E+01 6.54996E-01  6.20557E-07  7.45773E-01 
7.49998E+01 6.49996E-01  5.16624E-07  7.40785E-01 
7.50998E+01 6.44996E-01  4.71770E-07  7.35765E-01 
7.51998E+01 6.39996E-01  3.87785E-07  7.30765E-01 
7.52998E+01 6.34996E-01  4.00069E-07  7.25770E-01 
7.53998E+01 6.29996E-01  2.82219E-07  7.20778E-01 
7.54998E+01 6.24996E-01  1.09486E-07  7.15779E-01 
7.55998E+01 6.19996E-01  6.50613E-09  7.10744E-01 
7.56998E+01 6.14996E-01  -4.78451E-08 7.05766E-01 
7.57998E+01 6.09996E-01  -1.24617E-07 7.00760E-01 
7.58998E+01 6.04996E-01  -1.89844E-07 6.95759E-01 
7.59998E+01 5.99996E-01  -2.18022E-07 6.90742E-01 
7.60998E+01 5.94997E-01  -3.37139E-07 6.85754E-01 
7.61998E+01 5.89997E-01  -4.32876E-07 6.80753E-01 
7.62998E+01 5.84997E-01  -5.19061E-07 6.75752E-01 
7.63998E+01 5.79997E-01  -6.40829E-07 6.70738E-01 
7.64998E+01 5.74997E-01  -7.29245E-07 6.65742E-01 
7.65998E+01 5.69997E-01  -8.19623E-07 6.60770E-01 
7.66998E+01 5.64997E-01  -9.11951E-07 6.55747E-01 
7.67998E+01 5.59997E-01  -1.02253E-06 6.50740E-01 
7.68998E+01 5.54997E-01  -1.13651E-06 6.45716E-01 
7.69998E+01 5.49997E-01  -1.25115E-06 6.40740E-01 
7.70998E+01 5.44997E-01  -1.35864E-06 6.35735E-01 
7.71998E+01 5.39997E-01  -1.46869E-06 6.30707E-01 
7.72998E+01 5.34997E-01  -1.55338E-06 6.25697E-01 
7.73998E+01 5.29997E-01  -1.62148E-06 6.20687E-01 
7.74998E+01 5.24997E-01  -1.73212E-06 6.15718E-01 
7.75998E+01 5.19997E-01  -1.82846E-06 6.10694E-01 
7.76998E+01 5.14997E-01  -1.91119E-06 6.05704E-01 
7.77998E+01 5.09997E-01  -2.01137E-06 6.00691E-01 
7.78998E+01 5.04997E-01  -2.11211E-06 5.95700E-01 
7.79998E+01 4.99997E-01  -2.21912E-06 5.90697E-01 
7.80998E+01 4.94997E-01  -2.31614E-06 5.85685E-01 
7.81998E+01 4.89997E-01  -2.42266E-06 5.80698E-01 
7.82998E+01 4.84997E-01  -2.52779E-06 5.75701E-01 
7.83998E+01 4.79997E-01  -2.64150E-06 5.70694E-01 
7.84998E+01 4.74997E-01  -2.76717E-06 5.65682E-01 
7.85998E+01 4.69997E-01  -2.91808E-06 5.60670E-01 
7.86998E+01 4.64997E-01  -3.05248E-06 5.55698E-01 
7.87998E+01 4.59997E-01  -3.21682E-06 5.50688E-01 
7.88998E+01 4.54997E-01  -3.39036E-06 5.45676E-01 
7.89998E+01 4.49997E-01  -3.56314E-06 5.40663E-01 
7.90998E+01 4.44997E-01  -3.72866E-06 5.35694E-01 
7.91998E+01 4.39997E-01  -3.89848E-06 5.30690E-01 
7.92998E+01 4.34997E-01  -4.07290E-06 5.25696E-01 
7.93998E+01 4.29997E-01  -4.26865E-06 5.20662E-01 
7.94998E+01 4.24997E-01  -4.49634E-06 5.15673E-01 
7.95998E+01 4.19997E-01  -4.72468E-06 5.10673E-01 
7.96998E+01 4.14997E-01  -4.95498E-06 5.05648E-01 
7.97998E+01 4.09997E-01  -5.17443E-06 5.00651E-01 
7.98998E+01 4.04997E-01  -5.42578E-06 4.95665E-01 
7.99998E+01 3.99997E-01  -5.67774E-06 4.90669E-01 
8.00998E+01 3.94997E-01  -5.96179E-06 4.85664E-01 
8.01998E+01 3.89997E-01  -6.16763E-06 4.80645E-01 
8.02998E+01 3.84997E-01  -6.44329E-06 4.75651E-01 
8.03998E+01 3.79997E-01  -6.72674E-06 4.70634E-01 
8.04998E+01 3.74997E-01  -7.03923E-06 4.65641E-01 
8.05998E+01 3.69997E-01  -7.38271E-06 4.60641E-01 
8.06998E+01 3.64997E-01  -7.77341E-06 4.55646E-01 
8.07998E+01 3.59997E-01  -8.17271E-06 4.50611E-01 
8.08998E+01 3.54997E-01  -8.58365E-06 4.45613E-01 
8.09998E+01 3.49997E-01  -9.00211E-06 4.40626E-01 
8.10998E+01 3.44997E-01  -9.41947E-06 4.35611E-01 
8.11998E+01 3.39997E-01  -9.83450E-06 4.30618E-01 
8.12998E+01 3.34997E-01  -1.02576E-05 4.25594E-01 
8.13998E+01 3.29997E-01  -1.06867E-05 4.20603E-01 
8.14998E+01 3.24997E-01  -1.11434E-05 4.15599E-01 
8.15998E+01 3.19997E-01  -1.16322E-05 4.10586E-01 
8.16998E+01 3.14997E-01  -1.21350E-05 4.05607E-01 
8.17998E+01 3.09997E-01  -1.26468E-05 4.00576E-01 
8.18998E+01 3.04997E-01  -1.31738E-05 3.95583E-01 
8.19998E+01 2.99997E-01  -1.37060E-05 3.90555E-01 
8.20998E+01 2.94997E-01  -1.42598E-05 3.85559E-01 
8.21998E+01 2.89997E-01  -1.48328E-05 3.80562E-01 
8.22998E+01 2.84997E-01  -1.54270E-05 3.75584E-01 
8.23998E+01 2.79997E-01  -1.60428E-05 3.70558E-01 
8.24998E+01 2.74997E-01  -1.66713E-05 3.65568E-01 
8.25998E+01 2.69997E-01  -1.73003E-05 3.60575E-01 
8.26998E+01 2.64997E-01  -1.79608E-05 3.55563E-01 
8.27998E+01 2.59997E-01  -1.86362E-05 3.50580E-01 
8.28998E+01 2.54997E-01  -1.93318E-05 3.45546E-01 
8.29998E+01 2.49997E-01  -2.00466E-05 3.40577E-01 
8.30998E+01 2.44997E-01  -2.07758E-05 3.35557E-01 
8.31998E+01 2.39997E-01  -2.14755E-05 3.30560E-01 
8.32998E+01 2.34997E-01  -2.22327E-05 3.25541E-01 
8.33998E+01 2.29997E-01  -2.30022E-05 3.20536E-01 
8.34998E+01 2.24997E-01  -2.37844E-05 3.15556E-01 
8.35998E+01 2.19997E-01  -2.45705E-05 3.10571E-01 
8.36998E+01 2.14997E-01  -2.53625E-05 3.05547E-01 
8.37998E+01 2.09997E-01  -2.61607E-05 3.00535E-01 
8.38998E+01 2.04997E-01  -2.69614E-05 2.95523E-01 
8.39998E+01 1.99997E-01  -2.77616E-05 2.90516E-01 
8.40998E+01 1.94998E-01  -2.85481E-05 2.85535E-01 
8.41998E+01 1.89998E-01  -2.92702E-05 2.80538E-01 
8.42998E+01 1.84998E-01  -3.00519E-05 2.75520E-01 
8.43998E+01 1.79998E-01  -3.07966E-05 2.70524E-01 
8.44998E+01 1.74998E-01  -3.15192E-05 2.65523E-01 
8.45998E+01 1.69998E-01  -3.22122E-05 2.60541E-01 
8.46998E+01 1.64998E-01  -3.28760E-05 2.55536E-01 
8.47998E+01 1.59998E-01  -3.35147E-05 2.50527E-01 
8.48998E+01 1.54998E-01  -3.41128E-05 2.45517E-01 
8.49998E+01 1.49998E-01  -3.46943E-05 2.40529E-01 
8.50998E+01 1.44998E-01  -3.52346E-05 2.35525E-01 
8.51998E+01 1.39998E-01  -3.57495E-05 2.30517E-01 
8.52998E+01 1.34998E-01  -3.62429E-05 2.25520E-01 
8.53998E+01 1.29998E-01  -3.67195E-05 2.20515E-01 
8.54998E+01 1.24998E-01  -3.71815E-05 2.15514E-01 
8.55998E+01 1.19998E-01  -3.76495E-05 2.10516E-01 
8.56998E+01 1.14998E-01  -3.81219E-05 2.05511E-01 
8.57998E+01 1.09998E-01  -3.86060E-05 2.00518E-01 
8.58998E+01 1.04998E-01  -3.90970E-05 1.95493E-01 
8.59998E+01 9.99977E-02  -3.96003E-05 1.90491E-01 
8.60998E+01 9.49978E-02  -4.01498E-05 1.85503E-01 
8.61998E+01 8.99978E-02  -4.05386E-05 1.80525E-01 
8.62998E+01 8.49978E-02  -4.09119E-05 1.75502E-01 
8.63998E+01 7.99978E-02  -4.13146E-05 1.70494E-01 
8.64998E+01 7.49978E-02  -4.16867E-05 1.65499E-01 
8.65998E+01 6.99978E-02  -4.21606E-05 1.60500E-01 
8.66998E+01 6.49978E-02  -4.25324E-05 1.55493E-01 
8.67998E+01 5.99978E-02  -4.29334E-05 1.50472E-01 
8.68998E+01 5.49979E-02  -4.33368E-05 1.45478E-01 
8.69998E+01 4.99979E-02  -4.36792E-05 1.40472E-01 
8.70998E+01 4.49979E-02  -4.39895E-05 1.35461E-01 
8.71998E+01 3.99979E-02  -4.42654E-05 1.30444E-01 
8.72998E+01 3.49979E-02  -4.45305E-05 1.25447E-01 
8.73998E+01 2.99979E-02  -4.47753E-05 1.20442E-01 
8.74998E+01 2.49979E-02  -4.49521E-05 1.15441E-01 
8.75998E+01 1.99979E-02  -4.51030E-05 1.10436E-01 
8.76998E+01 1.49980E-02  -4.52358E-05 1.05439E-01 
8.77998E+01 9.99797E-03  -4.53753E-05 1.00450E-01 
8.78998E+01 4.99799E-03  -4.54982E-05 9.54423E-02 
8.79998E+01 -2.00000E-06 -4.55962E-05 9.04239E-02 
8.80998E+01 -5.00199E-03 -4.56801E-05 8.54267E-02 
8.81998E+01 -1.00020E-02 -4.57602E-05 8.04108E-02 
8.82998E+01 -1.50020E-02 -4.58527E-05 7.54298E-02 
8.83998E+01 -2.00020E-02 -4.59431E-05 7.03896E-02 
8.84998E+01 -2.50019E-02 -4.59958E-05 6.53862E-02 
8.85998E+01 -3.00019E-02 -4.59821E-05 6.04252E-02 
8.86998E+01 -3.50019E-02 -4.59787E-05 5.54056E-02 
8.87998E+01 -4.00019E-02 -4.60655E-05 5.03959E-02 
8.88998E+01 -4.50019E-02 -4.61590E-05 4.53912E-02 
8.89998E+01 -5.00019E-02 -4.62834E-05 4.04091E-02 
8.90998E+01 -5.50019E-02 -4.64083E-05 3.54087E-02 
8.91998E+01 -6.00019E-02 -4.65278E-05 3.04103E-02 
8.92998E+01 -6.50018E-02 -4.66485E-05 2.53719E-02 
8.93998E+01 -7.00018E-02 -4.67961E-05 2.04147E-02 
8.94998E+01 -7.50018E-02 -4.71534E-05 1.53913E-02 
8.95998E+01 -8.00018E-02 -4.73052E-05 1.03779E-02 
8.96998E+01 -8.50018E-02 -4.74115E-05 5.38450E-03 
8.97998E+01 -9.00018E-02 -4.75126E-05 3.95421E-04 
8.98998E+01 -9.50018E-02 -4.76252E-05 -4.61422E-03
8.99998E+01 -1.00002E-01 -4.77607E-05 -9.60016E-03
9.00998E+01 -1.05002E-01 -4.79063E-05 -1.46192E-02
9.01998E+01 -1.10002E-01 -4.80579E-05 -1.96507E-02
9.02998E+01 -1.15002E-01 -4.82160E-05 -2.46117E-02
9.03998E+01 -1.20002E-01 -4.84021E-05 -2.96045E-02
9.04998E+01 -1.25002E-01 -4.85949E-05 -3.46266E-02
9.05998E+01 -1.30002E-01 -4.87928E-05 -3.96275E-02
9.06998E+01 -1.35002E-01 -4.90022E-05 -4.46103E-02
9.07998E+01 -1.40002E-01 -4.92223E-05 -4.96163E-02
9.08998E+01 -1.45002E-01 -4.94476E-05 -5.46353E-02
9.09998E+01 -1.50002E-01 -4.96872E-05 -5.96349E-02
9.10998E+01 -1.55002E-01 -4.99278E-05 -6.46440E-02
9.11998E+01 -1.60002E-01 -5.01711E-05 -6.96299E-02
9.12998E+01 -1.65002E-01 -5.04244E-05 -7.46489E-02
9.13998E+01 -1.70002E-01 -5.07000E-05 -7.96399E-02
9.14998E+01 -1.75002E-01 -5.09801E-05 -8.46633E-02
9.15998E+01 -1.80002E-01 -5.12708E-05 -8.96361E-02
9.16998E+01 -1.85002E-01 -5.15741E-05 -9.46408E-02
9.17998E+01 -1.90002E-01 -5.18920E-05 -9.96516E-02
9.18998E+01 -1.95002E-01 -5.22136E-05 -1.04661E-01
9.19998E+01 -2.00002E-01 -5.25535E-05 -1.09628E-01
9.20998E+01 -2.05001E-01 -5.29171E-05 -1.14634E-01
9.21998E+01 -2.10001E-01 -5.33142E-05 -1.19652E-01
9.22998E+01 -2.15001E-01 -5.37455E-05 -1.24667E-01
9.23998E+01 -2.20001E-01 -5.42176E-05 -1.29632E-01
9.24998E+01 -2.25001E-01 -5.47254E-05 -1.34651E-01
9.25998E+01 -2.30001E-01 -5.52564E-05 -1.39673E-01
9.26998E+01 -2.35001E-01 -5.58092E-05 -1.44677E-01
9.27998E+01 -2.40001E-01 -5.63657E-05 -1.49653E-01
9.28998E+01 -2.45001E-01 -5.69300E-05 -1.54651E-01
9.29998E+01 -2.50001E-01 -5.74793E-05 -1.59680E-01
9.30998E+01 -2.55001E-01 -5.80370E-05 -1.64704E-01
9.31998E+01 -2.60001E-01 -5.85954E-05 -1.69681E-01
9.32998E+01 -2.65001E-01 -5.91530E-05 -1.74710E-01
9.33998E+01 -2.70001E-01 -5.97128E-05 -1.79736E-01
9.34998E+01 -2.75001E-01 -6.02631E-05 -1.84728E-01
9.35998E+01 -2.80001E-01 -6.07667E-05 -1.89730E-01
9.36998E+01 -2.85001E-01 -6.12345E-05 -1.94715E-01
9.37998E+01 -2.90001E-01 -6.17192E-05 -1.99740E-01
9.38998E+01 -2.95001E-01 -6.22116E-05 -2.04725E-01
9.39998E+01 -3.00001E-01 -6.27086E-05 -2.09709E-01
9.40998E+01 -3.05001E-01 -6.31990E-05 -2.14723E-01
9.41998E+01 -3.10001E-01 -6.36690E-05 -2.19735E-01
9.42998E+01 -3.15001E-01 -6.41542E-05 -2.24733E-01
9.43998E+01 -3.20001E-01 -6.46355E-05 -2.29721E-01
9.44998E+01 -3.25001E-01 -6.51050E-05 -2.34733E-01
9.45998E+01 -3.30001E-01 -6.55559E-05 -2.39732E-01
9.46998E+01 -3.35001E-01 -6.59996E-05 -2.44741E-01
9.47998E+01 -3.40001E-01 -6.64543E-05 -2.49720E-01
9.48998E+01 -3.45001E-01 -6.69084E-05 -2.54727E-01
9.49998E+01 -3.50001E-01 -6.73456E-05 -2.59733E-01
9.50998E+01 -3.55001E-01 -6.77768E-05 -2.64729E-01
9.51998E+01 -3.60001E-01 -6.81908E-05 -2.69725E-01
9.52998E+01 -3.65001E-01 -6.85936E-05 -2.74738E-01
9.53998E+01 -3.70001E-01 -6.89879E-05 -2.79758E-01
9.54998E+01 -3.75001E-01 -6.93596E-05 -2.84753E-01
9.55998E+01 -3.80001E-01 -6.97184E-05 -2.89768E-01
9.56998E+01 -3.85001E-01 -7.00484E-05 -2.94761E-01
9.57998E+01 -3.90001E-01 -7.03811E-05 -2.99768E-01
9.58998E+01 -3.95001E-01 -7.07084E-05 -3.04776E-01
9.59998E+01 -4.00001E-01 -7.10167E-05 -3.09770E-01
9.60998E+01 -4.05001E-01 -7.13003E-05 -3.14754E-01
9.61998E+01 -4.10001E-01 -7.15821E-05 -3.19780E-01
9.62998E+01 -4.15001E-01 -7.18482E-05 -3.24760E-01
9.63998E+01 -4.20001E-01 -7.20994E-05 -3.29773E-01
9.64998E+01 -4.25001E-01 -7.23374E-05 -3.34775E-01
9.65998E+01 -4.30001E-01 -7.25620E-05 -3.39791E-01
9.66998E+01 -4.35001E-01 -7.27883E-05 -3.44785E-01
9.67998E+01 -4.40001E-01 -7.29946E-05 -3.49790E-01
9.68998E+01 -4.45001E-01 -7.32045E-05 -3.54807E-01
9.69998E+01 -4.50001E-01 -7.34142E-05 -3.59797E-01
9.70998E+01 -4.55001E-01 -7.36146E-05 -3.64783E-01
9.71998E+01 -4.60001E-01 -7.38163E-05 -3.69806E-01
9.72998E+01 -4.65001E-01 -7.39979E-05 -3.74817E-01
9.73998E+01 -4.70001E-01 -7.41885E-05 -3.79804E-01
9.74998E+01 -4.75001E-01 -7.43621E-05 -3.84796E-01
9.75998E+01 -4.80001E-01 -7.45406E-05 -3.89822E-01
9.76998E+01 -4.85001E-01 -7.47043E-05 -3.94839E-01
9.77998E+01 -4.90001E-01 -7.48661E-05 -3.99820E-01
9.78998E+01 -4.95001E-01 -7.50380E-05 -4.04823E-01
9.79998E+01 -5.00001E-01 -7.51935E-05 -4.09824E-01
9.80998E+01 -5.05001E-01 -7.54254E-05 -4.14816E-01
9.81998E+01 -5.10001E-01 -7.55621E-05 -4.19827E-01
9.82998E+01 -5.15001E-01 -7.57471E-05 -4.24813E-01
9.83998E+01 -5.20001E-01 -7.58938E-05 -4.29820E-01
9.84998E+01 -5.25001E-01 -7.60422E-05 -4.34843E-01
9.85998E+01 -5.30001E-01 -7.62302E-05 -4.39842E-01
9.86998E+01 -5.35001E-01 -7.64935E-05 -4.44842E-01
9.87998E+01 -5.40001E-01 -7.66089E-05 -4.49828E-01
9.88998E+01 -5.45001E-01 -7.68414E-05 -4.54837E-01
9.89998E+01 -5.50001E-01 -7.70342E-05 -4.59856E-01
9.90998E+01 -5.55001E-01 -7.72327E-05 -4.64862E-01
9.91998E+01 -5.60001E-01 -7.74460E-05 -4.69851E-01
9.92998E+01 -5.65001E-01 -7.76077E-05 -4.74861E-01
9.93998E+01 -5.70001E-01 -7.78202E-05 -4.79863E-01
9.94998E+01 -5.75001E-01 -7.80069E-05 -4.84892E-01
9.95998E+01 -5.80001E-01 -7.82183E-05 -4.89871E-01
9.96998E+01 -5.85001E-01 -7.83994E-05 -4.94887E-01
9.97998E+01 -5.90001E-01 -7.85961E-05 -4.99891E-01
9.98998E+01 -5.95001E-01 -7.87562E-05 -5.04888E-01
9.99997E+01 -6.00001E-01 -7.89252E-05 -5.09911E-01
1.00100E+02 -6.05000E-01 -7.91157E-05 -5.14903E-01
1.00200E+02 -6.10000E-01 -7.93251E-05 -5.19899E-01
1.00300E+02 -6.15000E-01 -7.95561E-05 -5.24885E-01
1.00400E+02 -6.20000E-01 -7.97720E-05 -5.29915E-01
1.00500E+02 -6.25000E-01 -8.00219E-05 -5.34923E-01
1.00600E+02 -6.30000E-01 -8.02650E-05 -5.39899E-01
1.00700E+02 -6.35000E-01 -8.05090E-05 -5.44906E-01
1.00800E+02 -6.40000E-01 -8.07511E-05 -5.49922E-01
1.00900E+02 -6.45000E-01 -8.10072E-05 -5.54918E-01
1.01000E+02 -6.50000E-01 -8.12643E-05 -5.59909E-01
1.01100E+02 -6.55000E-01 -8.15178E-05 -5.64904E-01
1.01200E+02 -6.60000E-01 -8.17814E-05 -5.69921E-01
1.01300E+02 -6.65000E-01 -8.20589E-05 -5.74924E-01
1.01400E+02 -6.70000E-01 -8.23716E-05 -5.79912E-01
1.01500E+02 -6.75000E-01 -8.26529E-05 -5.84893E-01
1.01600E+02 -6.80000E-01 -8.29331E-05 -5.89912E-01
1.01700E+02 -6.85000E-01 -8.35057E-05 -5.94934E-01
1.01800E+02 -6.90000E-01 -8.36997E-05 -5.99917E-01
1.01900E+02 -6.95000E-01 -8.39500E-05 -6.04899E-01
1.02000E+02 -7.00000E-01 -8.42379E-05 -6.09925E-01
1.02100E+02 -7.05000E-01 -8.46105E-05 -6.14927E-01
1.02200E+02 -7.10000E-01 -8.49499E-05 -6.19916E-01
1.02300E+02 -7.15000E-01 -8.52421E-05 -6.24899E-01
1.02400E+02 -7.20000E-01 -8.55246E-05 -6.29906E-01
1.02500E+02 -7.25000E-01 -8.58724E-05 -6.34924E-01
1.02600E+02 -7.30000E-01 -8.62329E-05 -6.39923E-01
1.02700E+02 -7.35000E-01 -8.66600E-05 -6.44925E-01
1.02800E+02 -7.40000E-01 -8.70053E-05 -6.49925E-01
1.02900E+02 -7.45000E-01 -8.73309E-05 -6.54960E-01
1.03000E+02 -7.50000E-01 -8.76515E-05 -6.59951E-01
1.03100E+02 -7.55000E-01 -8.80058E-05 -6.64960E-01
1.03200E+02 -7.60000E-01 -8.83750E-05 -6.69941E-01
1.03300E+02 -7.65000E-01 -8.87695E-05 -6.74966E-01
1.03400E+02 -7.70000E-01 -8.91707E-05 -6.79969E-01
1.03500E+02 -7.75000E-01 -8.95535E-05 -6.84945E-01
1.03600E+02 -7.80000E-01 -8.99983E-05 -6.89952E-01
1.03700E+02 -7.85000E-01 -9.04470E-05 -6.94953E-01
1.03800E+02 -7.90000E-01 -9.08163E-05 -6.99987E-01
1.03900E+02 -7.95000E-01 -9.12002E-05 -7.04969E-01
