time/s      E/V        I/A
0.00000E+00 -8.00000E-01 -4.60324E-05 -7.27364E-01
9.99997E-02 -7.95000E-01 -4.42224E-05 -7.22351E-01
1.99999E-01 -7.90000E-01 -4.27447E-05 -7.17342E-01
2.99999E-01 -7.85000E-01 -4.14253E-05 -7.12335E-01
3.99999E-01 -7.80000E-01 -4.02165E-05 -7.07329E-01
4.99999E-01 -7.75000E-01 -3.90915E-05 -7.02333E-01
5.99998E-01 -7.70000E-01 -3.80407E-05 -6.97344E-01
6.99998E-01 -7.65000E-01 -3.70432E-05 -6.92340E-01
7.99998E-01 -7.60000E-01 -3.61011E-05 -6.87344E-01
8.99998E-01 -7.55000E-01 -3.52028E-05 -6.82358E-01
9.99997E-01 -7.50000E-01 -3.43451E-05 -6.77349E-01
1.10000E+00 -7.45000E-01 -3.35286E-05 -6.72332E-01
1.20000E+00 -7.40000E-01 -3.27332E-05 -6.67329E-01
1.30000E+00 -7.35000E-01 -3.19760E-05 -6.62328E-01
1.40000E+00 -7.30000E-01 -3.12447E-05 -6.57363E-01
1.50000E+00 -7.25000E-01 -3.05404E-05 -6.52350E-01
1.60000E+00 -7.20000E-01 -2.98547E-05 -6.47304E-01
1.70000E+00 -7.15000E-01 -2.91925E-05 -6.42306E-01
1.80000E+00 -7.10000E-01 -2.85514E-05 -6.37318E-01
1.90000E+00 -7.05000E-01 -2.79266E-05 -6.32307E-01
1.99999E+00 -7.00000E-01 -2.73248E-05 -6.27306E-01
2.09999E+00 -6.95000E-01 -2.67363E-05 -6.22301E-01
2.19999E+00 -6.90000E-01 -2.61671E-05 -6.17295E-01
2.29999E+00 -6.85000E-01 -2.56081E-05 -6.12296E-01
2.39999E+00 -6.80000E-01 -2.50684E-05 -6.07291E-01
2.49999E+00 -6.75000E-01 -2.45392E-05 -6.02296E-01
2.59999E+00 -6.70000E-01 -2.40246E-05 -5.97293E-01
2.69999E+00 -6.65000E-01 -2.35235E-05 -5.92293E-01
2.79999E+00 -6.60000E-01 -2.30320E-05 -5.87269E-01
2.89999E+00 -6.55000E-01 -2.25534E-05 -5.82264E-01
2.99999E+00 -6.50000E-01 -2.20876E-05 -5.77276E-01
3.09999E+00 -6.45000E-01 -2.16273E-05 -5.72263E-01
3.19999E+00 -6.40000E-01 -2.11780E-05 -5.67273E-01
3.29999E+00 -6.35000E-01 -2.07442E-05 -5.62236E-01
3.39999E+00 -6.30000E-01 -2.03147E-05 -5.57252E-01
3.49999E+00 -6.25000E-01 -1.99003E-05 -5.52255E-01
3.59999E+00 -6.20000E-01 -1.94880E-05 -5.47236E-01
3.69999E+00 -6.15000E-01 -1.90906E-05 -5.42233E-01
3.79999E+00 -6.10000E-01 -1.86972E-05 -5.37255E-01
3.89999E+00 -6.05000E-01 -1.83155E-05 -5.32247E-01
3.99999E+00 -6.00001E-01 -1.79385E-05 -5.27262E-01
4.09999E+00 -5.95001E-01 -1.75733E-05 -5.22245E-01
4.19999E+00 -5.90001E-01 -1.72133E-05 -5.17249E-01
4.29999E+00 -5.85001E-01 -1.68596E-05 -5.12279E-01
4.39999E+00 -5.80001E-01 -1.65169E-05 -5.07256E-01
4.49999E+00 -5.75001E-01 -1.61817E-05 -5.02259E-01
4.59999E+00 -5.70001E-01 -1.58524E-05 -4.97246E-01
4.69999E+00 -5.65001E-01 -1.55259E-05 -4.92229E-01
4.79999E+00 -5.60001E-01 -1.52115E-05 -4.87239E-01
4.89999E+00 -5.55001E-01 -1.48964E-05 -4.82205E-01
4.99999E+00 -5.50001E-01 -1.45944E-05 -4.77200E-01
5.09999E+00 -5.45001E-01 -1.42886E-05 -4.72192E-01
5.19999E+00 -5.40001E-01 -1.39948E-05 -4.67185E-01
5.29999E+00 -5.35001E-01 -1.37069E-05 -4.62210E-01
5.39999E+00 -5.30001E-01 -1.34342E-05 -4.57213E-01
5.49999E+00 -5.25001E-01 -1.31636E-05 -4.52200E-01
5.59999E+00 -5.20001E-01 -1.28881E-05 -4.47168E-01
5.69999E+00 -5.15001E-01 -1.26136E-05 -4.42193E-01
5.79999E+00 -5.10001E-01 -1.23460E-05 -4.37201E-01
5.89999E+00 -5.05001E-01 -1.20878E-05 -4.32190E-01
5.99998E+00 -5.00001E-01 -1.18319E-05 -4.27170E-01
6.09998E+00 -4.95001E-01 -1.15708E-05 -4.22188E-01
6.19998E+00 -4.90001E-01 -1.13182E-05 -4.17197E-01
6.29998E+00 -4.85001E-01 -1.10706E-05 -4.12180E-01
6.39998E+00 -4.80001E-01 -1.08272E-05 -4.07163E-01
6.49998E+00 -4.75001E-01 -1.05854E-05 -4.02173E-01
6.59998E+00 -4.70001E-01 -1.03468E-05 -3.97190E-01
6.69998E+00 -4.65001E-01 -1.01060E-05 -3.92186E-01
6.79998E+00 -4.60001E-01 -9.87539E-06 -3.87172E-01
6.89998E+00 -4.55001E-01 -9.64507E-06 -3.82200E-01
6.99998E+00 -4.50001E-01 -9.41510E-06 -3.77196E-01
7.09998E+00 -4.45001E-01 -9.18920E-06 -3.72188E-01
7.19998E+00 -4.40001E-01 -8.96746E-06 -3.67171E-01
7.29998E+00 -4.35001E-01 -8.74674E-06 -3.62162E-01
7.39998E+00 -4.30001E-01 -8.53086E-06 -3.57171E-01
7.49998E+00 -4.25001E-01 -8.31487E-06 -3.52163E-01
7.59998E+00 -4.20001E-01 -8.10597E-06 -3.47164E-01
7.69998E+00 -4.15001E-01 -7.90289E-06 -3.42143E-01
7.79998E+00 -4.10001E-01 -7.69317E-06 -3.37143E-01
7.89998E+00 -4.05001E-01 -7.49432E-06 -3.32150E-01
7.99998E+00 -4.00001E-01 -7.29156E-06 -3.27141E-01
8.09998E+00 -3.95001E-01 -7.08799E-06 -3.22128E-01
8.19998E+00 -3.90001E-01 -6.88294E-06 -3.17099E-01
8.29998E+00 -3.85001E-01 -6.69903E-06 -3.12090E-01
8.39998E+00 -3.80001E-01 -6.52528E-06 -3.07116E-01
8.49998E+00 -3.75001E-01 -6.34764E-06 -3.02122E-01
8.59998E+00 -3.70001E-01 -6.15876E-06 -2.97116E-01
8.69998E+00 -3.65001E-01 -5.97631E-06 -2.92090E-01
8.79998E+00 -3.60001E-01 -5.78608E-06 -2.87099E-01
8.89998E+00 -3.55001E-01 -5.59135E-06 -2.82122E-01
8.99998E+00 -3.50001E-01 -5.40932E-06 -2.77101E-01
9.09998E+00 -3.45001E-01 -5.25703E-06 -2.72086E-01
9.19998E+00 -3.40001E-01 -5.07943E-06 -2.67099E-01
9.29998E+00 -3.35001E-01 -4.90519E-06 -2.62100E-01
9.39998E+00 -3.30001E-01 -4.71524E-06 -2.57090E-01
9.49998E+00 -3.25001E-01 -4.57560E-06 -2.52067E-01
9.59998E+00 -3.20001E-01 -4.37027E-06 -2.47089E-01
9.69998E+00 -3.15001E-01 -4.16187E-06 -2.42108E-01
9.79998E+00 -3.10001E-01 -3.85400E-06 -2.37075E-01
9.89998E+00 -3.05001E-01 -3.57627E-06 -2.32055E-01
9.99997E+00 -3.00001E-01 -3.32660E-06 -2.27084E-01
1.01000E+01 -2.95001E-01 -3.36554E-06 -2.22078E-01
1.02000E+01 -2.90001E-01 -3.22406E-06 -2.17082E-01
1.03000E+01 -2.85001E-01 -3.13117E-06 -2.12060E-01
1.04000E+01 -2.80001E-01 -3.05940E-06 -2.07070E-01
1.05000E+01 -2.75001E-01 -2.87963E-06 -2.02075E-01
1.06000E+01 -2.70001E-01 -2.59168E-06 -1.97079E-01
1.07000E+01 -2.65001E-01 -2.32674E-06 -1.92057E-01
1.08000E+01 -2.60001E-01 -2.09094E-06 -1.87067E-01
1.09000E+01 -2.55001E-01 -1.89856E-06 -1.82058E-01
1.10000E+01 -2.50001E-01 -1.68464E-06 -1.77054E-01
1.11000E+01 -2.45001E-01 -1.36453E-06 -1.72032E-01
1.12000E+01 -2.40001E-01 -1.07658E-06 -1.67047E-01
1.13000E+01 -2.35001E-01 -8.08176E-07 -1.62044E-01
1.14000E+01 -2.30001E-01 -6.63456E-07 -1.57035E-01
1.15000E+01 -2.25001E-01 -5.01985E-07 -1.52019E-01
1.16000E+01 -2.20001E-01 -4.19695E-07 -1.47011E-01
1.17000E+01 -2.15001E-01 -2.40532E-07 -1.42032E-01
1.18000E+01 -2.10001E-01 -1.74148E-07 -1.37028E-01
1.19000E+01 -2.05001E-01 7.70559E-08  -1.32009E-01
1.20000E+01 -2.00002E-01 2.72081E-07  -1.27000E-01
1.21000E+01 -1.95002E-01 5.27236E-07  -1.22027E-01
1.22000E+01 -1.90002E-01 6.58750E-07  -1.17031E-01
1.23000E+01 -1.85002E-01 9.87205E-07  -1.12022E-01
1.24000E+01 -1.80002E-01 1.17909E-06  -1.07035E-01
1.25000E+01 -1.75002E-01 1.46015E-06  -1.02033E-01
1.26000E+01 -1.70002E-01 1.70744E-06  -9.70204E-02
1.27000E+01 -1.65002E-01 1.97439E-06  -9.20145E-02
1.28000E+01 -1.60002E-01 2.05443E-06  -8.70104E-02
1.29000E+01 -1.55002E-01 2.26318E-06  -8.20320E-02
1.30000E+01 -1.50002E-01 2.49991E-06  -7.70417E-02
1.31000E+01 -1.45002E-01 2.57496E-06  -7.20108E-02
1.32000E+01 -1.40002E-01 2.83485E-06  -6.69817E-02
1.33000E+01 -1.35002E-01 3.14540E-06  -6.20039E-02
1.34000E+01 -1.30002E-01 3.43889E-06  -5.70012E-02
1.35000E+01 -1.25002E-01 3.78267E-06  -5.19802E-02
1.36000E+01 -1.20002E-01 4.02956E-06  -4.69868E-02
1.37000E+01 -1.15002E-01 4.31459E-06  -4.20196E-02
1.38000E+01 -1.10002E-01 4.63449E-06  -3.70056E-02
1.39000E+01 -1.05002E-01 4.95828E-06  -3.19922E-02
1.40000E+01 -1.00002E-01 5.31797E-06  -2.69881E-02
1.41000E+01 -9.50018E-02 5.73213E-06  -2.19903E-02
1.42000E+01 -9.00018E-02 6.16996E-06  -1.69838E-02
1.43000E+01 -8.50018E-02 6.64204E-06  -1.19860E-02
1.44000E+01 -8.00018E-02 7.14895E-06  -6.99005E-03
1.45000E+01 -7.50018E-02 7.68152E-06  -1.95291E-03
1.46000E+01 -7.00018E-02 8.24619E-06  3.02862E-03 
1.47000E+01 -6.50018E-02 8.79328E-06  8.01457E-03 
1.48000E+01 -6.00019E-02 9.44829E-06  1.30317E-02 
1.49000E+01 -5.50019E-02 1.01491E-05  1.80476E-02 
1.50000E+01 -5.00019E-02 1.09708E-05  2.30510E-02 
1.51000E+01 -4.50019E-02 1.19150E-05  2.80001E-02 
1.52000E+01 -4.00019E-02 1.27510E-05  3.30454E-02 
1.53000E+01 -3.50019E-02 1.35931E-05  3.80507E-02 
1.54000E+01 -3.00019E-02 1.46251E-05  4.30547E-02 
1.55000E+01 -2.50019E-02 1.57069E-05  4.80850E-02 
1.56000E+01 -2.00020E-02 1.68318E-05  5.30690E-02 
1.57000E+01 -1.50020E-02 1.80067E-05  5.80962E-02 
1.58000E+01 -1.00020E-02 1.92322E-05  6.31096E-02 
1.59000E+01 -5.00199E-03 2.05097E-05  6.80643E-02 
1.60000E+01 -2.00000E-06 2.18296E-05  7.30715E-02 
1.61000E+01 4.99799E-03  2.32518E-05  7.80874E-02 
1.62000E+01 9.99797E-03  2.46876E-05  8.31102E-02 
1.63000E+01 1.49980E-02  2.62216E-05  8.80873E-02 
1.64000E+01 1.99979E-02  2.79227E-05  9.31102E-02 
1.65000E+01 2.49979E-02  2.96532E-05  9.81029E-02 
1.66000E+01 2.99979E-02  3.11447E-05  1.03106E-01 
1.67000E+01 3.49979E-02  3.29320E-05  1.08109E-01 
1.68000E+01 3.99979E-02  3.48622E-05  1.13093E-01 
1.69000E+01 4.49979E-02  3.64991E-05  1.18125E-01 
1.70000E+01 4.99979E-02  3.80849E-05  1.23099E-01 
1.71000E+01 5.49979E-02  3.96290E-05  1.28092E-01 
1.72000E+01 5.99978E-02  4.11610E-05  1.33101E-01 
1.73000E+01 6.49978E-02  4.29295E-05  1.38120E-01 
1.74000E+01 6.99978E-02  4.45367E-05  1.43104E-01 
1.75000E+01 7.49978E-02  4.58803E-05  1.48101E-01 
1.76000E+01 7.99978E-02  4.72525E-05  1.53131E-01 
1.77000E+01 8.49978E-02  4.86404E-05  1.58160E-01 
1.78000E+01 8.99978E-02  4.99702E-05  1.63118E-01 
1.79000E+01 9.49978E-02  5.06833E-05  1.68101E-01 
1.80000E+01 9.99977E-02  5.19692E-05  1.73124E-01 
1.81000E+01 1.04998E-01  5.28804E-05  1.78141E-01 
1.82000E+01 1.09998E-01  5.34891E-05  1.83118E-01 
1.83000E+01 1.14998E-01  5.39946E-05  1.88120E-01 
1.84000E+01 1.19998E-01  5.47299E-05  1.93137E-01 
1.85000E+01 1.24998E-01  5.50420E-05  1.98149E-01 
1.86000E+01 1.29998E-01  5.52267E-05  2.03143E-01 
1.87000E+01 1.34998E-01  5.57684E-05  2.08134E-01 
1.88000E+01 1.39998E-01  5.67261E-05  2.13136E-01 
1.89000E+01 1.44998E-01  5.76383E-05  2.18151E-01 
1.90000E+01 1.49998E-01  5.81898E-05  2.23132E-01 
1.91000E+01 1.54998E-01  5.88700E-05  2.28155E-01 
1.92000E+01 1.59998E-01  5.98768E-05  2.33145E-01 
1.93000E+01 1.64998E-01  6.13327E-05  2.38164E-01 
1.94000E+01 1.69998E-01  6.24497E-05  2.43156E-01 
1.95000E+01 1.74998E-01  6.36524E-05  2.48166E-01 
1.96000E+01 1.79998E-01  6.48082E-05  2.53155E-01 
1.97000E+01 1.84998E-01  6.61430E-05  2.58167E-01 
1.98000E+01 1.89998E-01  6.78500E-05  2.63176E-01 
1.99000E+01 1.94998E-01  6.98816E-05  2.68161E-01 
1.99999E+01 1.99997E-01  7.22165E-05  2.73157E-01 
2.00999E+01 2.04997E-01  7.48503E-05  2.78181E-01 
2.01999E+01 2.09997E-01  7.77954E-05  2.83191E-01 
2.02999E+01 2.14997E-01  8.09918E-05  2.88183E-01 
2.03999E+01 2.19997E-01  8.42760E-05  2.93191E-01 
2.04999E+01 2.24997E-01  8.74847E-05  2.98208E-01 
2.05999E+01 2.29997E-01  9.06953E-05  3.03206E-01 
2.06999E+01 2.34997E-01  9.41520E-05  3.08235E-01 
2.07999E+01 2.39997E-01  9.76417E-05  3.13214E-01 
2.08999E+01 2.44997E-01  1.00913E-04  3.18220E-01 
2.09999E+01 2.49997E-01  1.04091E-04  3.23212E-01 
2.10999E+01 2.54997E-01  1.06931E-04  3.28235E-01 
2.11999E+01 2.59997E-01  1.09455E-04  3.33234E-01 
2.12999E+01 2.64997E-01  1.11846E-04  3.38226E-01 
2.13999E+01 2.69997E-01  1.13933E-04  3.43216E-01 
2.14999E+01 2.74997E-01  1.15524E-04  3.48204E-01 
2.15999E+01 2.79997E-01  1.16593E-04  3.53234E-01 
2.16999E+01 2.84997E-01  1.17158E-04  3.58234E-01 
2.17999E+01 2.89997E-01  1.17009E-04  3.63246E-01 
2.18999E+01 2.94997E-01  1.15667E-04  3.68240E-01 
2.19999E+01 2.99997E-01  1.13579E-04  3.73255E-01 
2.20999E+01 3.04997E-01  1.10801E-04  3.78256E-01 
2.21999E+01 3.09997E-01  1.06880E-04  3.83253E-01 
2.22999E+01 3.14997E-01  1.01908E-04  3.88252E-01 
2.23999E+01 3.19997E-01  9.61332E-05  3.93263E-01 
2.24999E+01 3.24997E-01  8.99152E-05  3.98251E-01 
2.25999E+01 3.29997E-01  8.34748E-05  4.03268E-01 
2.26999E+01 3.34997E-01  7.70685E-05  4.08263E-01 
2.27999E+01 3.39997E-01  7.16089E-05  4.13276E-01 
2.28999E+01 3.44997E-01  6.75176E-05  4.18289E-01 
2.29999E+01 3.49997E-01  6.46638E-05  4.23255E-01 
2.30999E+01 3.54997E-01  6.26101E-05  4.28257E-01 
2.31999E+01 3.59997E-01  6.11750E-05  4.33264E-01 
2.32999E+01 3.64997E-01  6.00465E-05  4.38286E-01 
2.33999E+01 3.69997E-01  5.91598E-05  4.43269E-01 
2.34999E+01 3.74997E-01  5.83799E-05  4.48256E-01 
2.35999E+01 3.79997E-01  5.77376E-05  4.53269E-01 
2.36999E+01 3.84997E-01  5.71466E-05  4.58284E-01 
2.37999E+01 3.89997E-01  5.66290E-05  4.63266E-01 
2.38999E+01 3.94997E-01  5.61595E-05  4.68273E-01 
2.39999E+01 3.99997E-01  5.57543E-05  4.73291E-01 
2.40999E+01 4.04997E-01  5.54108E-05  4.78308E-01 
2.41999E+01 4.09997E-01  5.50846E-05  4.83309E-01 
2.42999E+01 4.14997E-01  5.48041E-05  4.88323E-01 
2.43999E+01 4.19997E-01  5.45463E-05  4.93358E-01 
2.44999E+01 4.24997E-01  5.43166E-05  4.98328E-01 
2.45999E+01 4.29997E-01  5.41110E-05  5.03315E-01 
2.46999E+01 4.34997E-01  5.39118E-05  5.08337E-01 
2.47999E+01 4.39997E-01  5.37203E-05  5.13332E-01 
2.48999E+01 4.44997E-01  5.35500E-05  5.18313E-01 
2.49999E+01 4.49997E-01  5.33919E-05  5.23318E-01 
2.50999E+01 4.54997E-01  5.32434E-05  5.28321E-01 
2.51999E+01 4.59997E-01  5.31026E-05  5.33352E-01 
2.52999E+01 4.64997E-01  5.29717E-05  5.38326E-01 
2.53999E+01 4.69997E-01  5.28407E-05  5.43353E-01 
2.54999E+01 4.74997E-01  5.27100E-05  5.48349E-01 
2.55999E+01 4.79997E-01  5.25749E-05  5.53369E-01 
2.56999E+01 4.84997E-01  5.23831E-05  5.58357E-01 
2.57999E+01 4.89997E-01  5.21858E-05  5.63338E-01 
2.58999E+01 4.94997E-01  5.19857E-05  5.68367E-01 
2.59999E+01 4.99997E-01  5.17480E-05  5.73381E-01 
2.60999E+01 5.04997E-01  5.14680E-05  5.78364E-01 
2.61999E+01 5.09997E-01  5.11622E-05  5.83346E-01 
2.62999E+01 5.14997E-01  5.08292E-05  5.88372E-01 
2.63999E+01 5.19997E-01  5.04318E-05  5.93379E-01 
2.64999E+01 5.24997E-01  4.99740E-05  5.98383E-01 
2.65999E+01 5.29997E-01  4.94894E-05  6.03382E-01 
2.66999E+01 5.34997E-01  4.89481E-05  6.08387E-01 
2.67999E+01 5.39997E-01  4.83635E-05  6.13406E-01 
2.68999E+01 5.44997E-01  4.77102E-05  6.18405E-01 
2.69999E+01 5.49997E-01  4.70192E-05  6.23394E-01 
2.70999E+01 5.54997E-01  4.62818E-05  6.28377E-01 
2.71999E+01 5.59997E-01  4.55001E-05  6.33410E-01 
2.72999E+01 5.64997E-01  4.46897E-05  6.38427E-01 
2.73999E+01 5.69997E-01  4.38655E-05  6.43419E-01 
2.74999E+01 5.74997E-01  4.30218E-05  6.48404E-01 
2.75999E+01 5.79997E-01  4.21742E-05  6.53409E-01 
2.76999E+01 5.84997E-01  4.13472E-05  6.58419E-01 
2.77999E+01 5.89997E-01  4.05593E-05  6.63414E-01 
2.78999E+01 5.94997E-01  3.97986E-05  6.68396E-01 
2.79999E+01 5.99996E-01  3.91096E-05  6.73405E-01 
2.80999E+01 6.04996E-01  3.84658E-05  6.78440E-01 
2.81999E+01 6.09996E-01  3.78825E-05  6.83437E-01 
2.82999E+01 6.14996E-01  3.73687E-05  6.88416E-01 
2.83999E+01 6.19996E-01  3.69239E-05  6.93424E-01 
2.84999E+01 6.24996E-01  3.65369E-05  6.98441E-01 
2.85999E+01 6.29996E-01  3.62015E-05  7.03446E-01 
2.86999E+01 6.34996E-01  3.59190E-05  7.08426E-01 
2.87999E+01 6.39996E-01  3.56876E-05  7.13434E-01 
2.88999E+01 6.44996E-01  3.55054E-05  7.18432E-01 
2.89999E+01 6.49996E-01  3.53552E-05  7.23439E-01 
2.90999E+01 6.54996E-01  3.52281E-05  7.28431E-01 
2.91999E+01 6.59996E-01  3.51365E-05  7.33454E-01 
2.92999E+01 6.64996E-01  3.50717E-05  7.38445E-01 
2.93999E+01 6.69996E-01  3.50458E-05  7.43452E-01 
2.94999E+01 6.74996E-01  3.50372E-05  7.48446E-01 
2.95999E+01 6.79996E-01  3.50550E-05  7.53434E-01 
2.96999E+01 6.84996E-01  3.51030E-05  7.58474E-01 
2.97999E+01 6.89996E-01  3.51593E-05  7.63463E-01 
2.98999E+01 6.94996E-01  3.52401E-05  7.68448E-01 
2.99999E+01 6.99996E-01  3.53417E-05  7.73456E-01 
3.00999E+01 7.04996E-01  3.54462E-05  7.78467E-01 
3.01999E+01 7.09996E-01  3.55282E-05  7.83465E-01 
3.02999E+01 7.14996E-01  3.56270E-05  7.88492E-01 
3.03999E+01 7.19996E-01  3.57422E-05  7.93519E-01 
3.04999E+01 7.24996E-01  3.58629E-05  7.98486E-01 
3.05999E+01 7.29996E-01  3.59874E-05  8.03490E-01 
3.06999E+01 7.34996E-01  3.61311E-05  8.08510E-01 
3.07999E+01 7.39996E-01  3.62754E-05  8.13534E-01 
3.08999E+01 7.44996E-01  3.64254E-05  8.18524E-01 
3.09999E+01 7.49996E-01  3.65716E-05  8.23503E-01 
3.10999E+01 7.54996E-01  3.67097E-05  8.28485E-01 
3.11999E+01 7.59996E-01  3.68485E-05  8.33512E-01 
3.12999E+01 7.64996E-01  3.69899E-05  8.38499E-01 
3.13999E+01 7.69996E-01  3.71481E-05  8.43494E-01 
3.14999E+01 7.74996E-01  3.72287E-05  8.48517E-01 
3.15999E+01 7.79996E-01  3.73269E-05  8.53513E-01 
3.16999E+01 7.84996E-01  3.74040E-05  8.58527E-01 
3.17999E+01 7.89996E-01  3.74716E-05  8.63537E-01 
3.18999E+01 7.94996E-01  3.75222E-05  8.68516E-01 
3.19999E+01 7.99996E-01  3.75542E-05  8.73523E-01 
3.20999E+01 8.04996E-01  3.75850E-05  8.78537E-01 
3.21999E+01 8.09996E-01  3.75972E-05  8.83542E-01 
3.22999E+01 8.14996E-01  3.76027E-05  8.88550E-01 
3.23999E+01 8.19996E-01  3.76039E-05  8.93556E-01 
3.24999E+01 8.24996E-01  3.76096E-05  8.98564E-01 
3.25999E+01 8.29996E-01  3.76238E-05  9.03562E-01 
3.26999E+01 8.34996E-01  3.76384E-05  9.08550E-01 
3.27999E+01 8.39996E-01  3.76360E-05  9.13561E-01 
3.28999E+01 8.44996E-01  3.76562E-05  9.18575E-01 
3.29999E+01 8.49996E-01  3.77103E-05  9.23541E-01 
3.30999E+01 8.54996E-01  3.77374E-05  9.28540E-01 
3.31999E+01 8.59996E-01  3.77103E-05  9.33549E-01 
3.32999E+01 8.64996E-01  3.78241E-05  9.38595E-01 
3.33999E+01 8.69996E-01  3.82805E-05  9.43582E-01 
3.34999E+01 8.74996E-01  3.79843E-05  9.48598E-01 
3.35999E+01 8.79996E-01  3.79830E-05  9.53572E-01 
3.36999E+01 8.84996E-01  3.80316E-05  9.58584E-01 
3.37999E+01 8.89996E-01  3.81235E-05  9.63595E-01 
3.38999E+01 8.94996E-01  3.82341E-05  9.68616E-01 
3.39999E+01 8.99996E-01  3.83497E-05  9.73579E-01 
3.40999E+01 9.04996E-01  3.84911E-05  9.78600E-01 
3.41999E+01 9.09996E-01  3.86146E-05  9.83578E-01 
3.42999E+01 9.14996E-01  3.87631E-05  9.88593E-01 
3.43999E+01 9.19996E-01  3.89205E-05  9.93605E-01 
3.44999E+01 9.24996E-01  3.90930E-05  9.98621E-01 
3.45999E+01 9.29996E-01  3.92187E-05  1.00360E+00 
3.46999E+01 9.34996E-01  3.93068E-05  1.00861E+00 
3.47999E+01 9.39996E-01  3.94385E-05  1.01362E+00 
3.48999E+01 9.44996E-01  3.95591E-05  1.01861E+00 
3.49999E+01 9.49996E-01  3.96897E-05  1.02359E+00 
3.50999E+01 9.54996E-01  3.98148E-05  1.02861E+00 
3.51999E+01 9.59996E-01  3.99293E-05  1.03361E+00 
3.52999E+01 9.64996E-01  4.00576E-05  1.03863E+00 
3.53999E+01 9.69996E-01  4.01744E-05  1.04362E+00 
3.54999E+01 9.74996E-01  4.02844E-05  1.04860E+00 
3.55999E+01 9.79996E-01  4.04103E-05  1.05362E+00 
3.56999E+01 9.84996E-01  4.05056E-05  1.05862E+00 
3.57999E+01 9.89996E-01  4.06119E-05  1.06362E+00 
3.58999E+01 9.94996E-01  4.07761E-05  1.06863E+00 
3.59999E+01 9.99995E-01  4.08586E-05  1.07362E+00 
3.60999E+01 1.00500E+00  4.09720E-05  1.07864E+00 
3.61999E+01 1.01000E+00  4.10861E-05  1.08362E+00 
3.62999E+01 1.01500E+00  4.12991E-05  1.08863E+00 
3.63999E+01 1.02000E+00  4.13185E-05  1.09363E+00 
3.64999E+01 1.02500E+00  4.14468E-05  1.09863E+00 
3.65999E+01 1.03000E+00  4.15589E-05  1.10366E+00 
3.66999E+01 1.03500E+00  4.16787E-05  1.10867E+00 
3.67999E+01 1.04000E+00  4.18137E-05  1.11368E+00 
3.68999E+01 1.04500E+00  4.19506E-05  1.11870E+00 
3.69999E+01 1.05000E+00  4.20922E-05  1.12369E+00 
3.70999E+01 1.05500E+00  4.22242E-05  1.12870E+00 
3.71999E+01 1.06000E+00  4.23955E-05  1.13367E+00 
3.72999E+01 1.06500E+00  4.25965E-05  1.13868E+00 
3.73999E+01 1.07000E+00  4.27310E-05  1.14370E+00 
3.74999E+01 1.07500E+00  4.29300E-05  1.14871E+00 
3.75999E+01 1.08000E+00  4.31314E-05  1.15372E+00 
3.76999E+01 1.08500E+00  4.33072E-05  1.15870E+00 
3.77999E+01 1.09000E+00  4.34827E-05  1.16370E+00 
3.78999E+01 1.09500E+00  4.36541E-05  1.16873E+00 
3.79999E+01 1.10000E+00  4.38347E-05  1.17372E+00 
3.80999E+01 1.10500E+00  4.40419E-05  1.17871E+00 
3.81999E+01 1.11000E+00  4.42213E-05  1.18373E+00 
3.82999E+01 1.11500E+00  4.44507E-05  1.18872E+00 
3.83999E+01 1.12000E+00  4.47047E-05  1.19374E+00 
3.84999E+01 1.12500E+00  4.49872E-05  1.19872E+00 
3.85999E+01 1.13000E+00  4.53426E-05  1.20372E+00 
3.86999E+01 1.13500E+00  4.55857E-05  1.20872E+00 
3.87999E+01 1.14000E+00  4.59038E-05  1.21374E+00 
3.88999E+01 1.14500E+00  4.63066E-05  1.21873E+00 
3.89999E+01 1.15000E+00  4.65862E-05  1.22374E+00 
3.90999E+01 1.15500E+00  4.69198E-05  1.22874E+00 
3.91999E+01 1.16000E+00  4.72639E-05  1.23372E+00 
3.92999E+01 1.16500E+00  4.76393E-05  1.23871E+00 
3.93999E+01 1.17000E+00  4.80122E-05  1.24373E+00 
3.94999E+01 1.17500E+00  4.83704E-05  1.24874E+00 
3.95999E+01 1.18000E+00  4.87122E-05  1.25376E+00 
3.96999E+01 1.18500E+00  4.90770E-05  1.25875E+00 
3.97999E+01 1.19000E+00  4.96205E-05  1.26374E+00 
3.98999E+01 1.19500E+00  4.98535E-05  1.26875E+00 
3.99999E+01 1.19999E+00  5.01653E-05  1.27376E+00 
4.00999E+01 1.20499E+00  5.04946E-05  1.27876E+00 
4.01999E+01 1.20999E+00  5.08390E-05  1.28376E+00 
4.02999E+01 1.21499E+00  5.11934E-05  1.28876E+00 
4.03999E+01 1.21999E+00  5.15761E-05  1.29376E+00 
4.04999E+01 1.22499E+00  5.19830E-05  1.29876E+00 
4.05999E+01 1.22999E+00  5.24042E-05  1.30375E+00 
4.06999E+01 1.23499E+00  5.28390E-05  1.30874E+00 
4.07999E+01 1.23999E+00  5.33039E-05  1.31376E+00 
4.08999E+01 1.24499E+00  5.38170E-05  1.31878E+00 
4.09999E+01 1.24999E+00  5.43351E-05  1.32377E+00 
4.10999E+01 1.25499E+00  5.48933E-05  1.32877E+00 
4.11999E+01 1.25999E+00  5.54855E-05  1.33378E+00 
4.12999E+01 1.26499E+00  5.62275E-05  1.33879E+00 
4.13999E+01 1.26999E+00  5.68175E-05  1.34379E+00 
4.14999E+01 1.27499E+00  5.75102E-05  1.34878E+00 
4.15999E+01 1.27999E+00  5.82569E-05  1.35379E+00 
4.16999E+01 1.28499E+00  5.90901E-05  1.35880E+00 
4.17999E+01 1.28999E+00  5.99662E-05  1.36378E+00 
4.18999E+01 1.29499E+00  6.09001E-05  1.36878E+00 
4.19999E+01 1.29999E+00  6.18784E-05  1.37378E+00 
4.20999E+01 1.30499E+00  6.29674E-05  1.37879E+00 
4.21999E+01 1.30999E+00  6.40667E-05  1.38381E+00 
4.22999E+01 1.31499E+00  6.52199E-05  1.38878E+00 
4.23999E+01 1.31999E+00  6.64221E-05  1.39381E+00 
4.24999E+01 1.32499E+00  6.76655E-05  1.39880E+00 
4.25999E+01 1.32999E+00  6.89906E-05  1.40379E+00 
4.26999E+01 1.33499E+00  7.03734E-05  1.40878E+00 
4.27999E+01 1.33999E+00  7.18165E-05  1.41382E+00 
4.28999E+01 1.34499E+00  7.33131E-05  1.41883E+00 
4.29999E+01 1.34999E+00  7.48452E-05  1.42383E+00 
4.30999E+01 1.35499E+00  7.64315E-05  1.42886E+00 
4.31999E+01 1.35999E+00  7.80648E-05  1.43387E+00 
4.32999E+01 1.36499E+00  7.97697E-05  1.43889E+00 
4.33999E+01 1.36999E+00  8.14715E-05  1.44387E+00 
4.34999E+01 1.37499E+00  8.32643E-05  1.44888E+00 
4.35999E+01 1.37999E+00  8.51011E-05  1.45387E+00 
4.36999E+01 1.38499E+00  8.69834E-05  1.45888E+00 
4.37999E+01 1.38999E+00  8.89139E-05  1.46388E+00 
4.38999E+01 1.39499E+00  9.08816E-05  1.46887E+00 
4.39999E+01 1.39999E+00  9.29373E-05  1.47388E+00 
4.40999E+01 1.40499E+00  9.50254E-05  1.47889E+00 
4.41999E+01 1.40999E+00  9.71601E-05  1.48385E+00 
4.42999E+01 1.41499E+00  9.93525E-05  1.48889E+00 
4.43999E+01 1.41999E+00  1.01595E-04  1.49389E+00 
4.44999E+01 1.42499E+00  1.03887E-04  1.49890E+00 
4.45999E+01 1.42999E+00  1.06240E-04  1.50389E+00 
4.46999E+01 1.43499E+00  1.08652E-04  1.50888E+00 
4.47999E+01 1.43999E+00  1.11134E-04  1.51388E+00 
4.48999E+01 1.44499E+00  1.13643E-04  1.51890E+00 
4.49999E+01 1.44999E+00  1.16214E-04  1.52388E+00 
4.50999E+01 1.45499E+00  1.18816E-04  1.52888E+00 
4.51999E+01 1.45999E+00  1.21487E-04  1.53390E+00 
4.52999E+01 1.46499E+00  1.24158E-04  1.53890E+00 
4.53999E+01 1.46999E+00  1.26901E-04  1.54388E+00 
4.54999E+01 1.47499E+00  1.29717E-04  1.54891E+00 
4.55999E+01 1.47999E+00  1.32560E-04  1.55392E+00 
4.56999E+01 1.48499E+00  1.35489E-04  1.55889E+00 
4.57999E+01 1.48999E+00  1.38508E-04  1.56393E+00 
4.58999E+01 1.49499E+00  1.41323E-04  1.56893E+00 
4.59999E+01 1.49999E+00  1.44291E-04  1.57392E+00 
4.60999E+01 1.50499E+00  1.47285E-04  1.57893E+00 
4.61999E+01 1.50999E+00  1.50303E-04  1.58391E+00 
4.62999E+01 1.51499E+00  1.53321E-04  1.58894E+00 
4.63999E+01 1.51999E+00  1.56366E-04  1.59393E+00 
4.64999E+01 1.52499E+00  1.59424E-04  1.59894E+00 
4.65999E+01 1.52999E+00  1.62489E-04  1.60393E+00 
4.66999E+01 1.53499E+00  1.65623E-04  1.60895E+00 
4.67999E+01 1.53999E+00  1.68747E-04  1.61394E+00 
4.68999E+01 1.54499E+00  1.71879E-04  1.61894E+00 
4.69999E+01 1.54999E+00  1.75024E-04  1.62395E+00 
4.70999E+01 1.55499E+00  1.78167E-04  1.62895E+00 
4.71999E+01 1.55999E+00  1.81330E-04  1.63394E+00 
4.72999E+01 1.56499E+00  1.84547E-04  1.63893E+00 
4.73999E+01 1.56999E+00  1.87712E-04  1.64394E+00 
4.74999E+01 1.57499E+00  1.90912E-04  1.64895E+00 
4.75999E+01 1.57999E+00  1.95460E-04  1.65395E+00 
4.76999E+01 1.58499E+00  1.97526E-04  1.65894E+00 
4.77999E+01 1.58999E+00  2.00676E-04  1.66396E+00 
4.78999E+01 1.59499E+00  2.03955E-04  1.66897E+00 
4.79999E+01 1.59999E+00  2.07358E-04  1.67396E+00 
4.80999E+01 1.60499E+00  2.10757E-04  1.67896E+00 
4.81999E+01 1.60999E+00  2.14591E-04  1.68396E+00 
4.82999E+01 1.61499E+00  2.18019E-04  1.68896E+00 
4.83999E+01 1.61999E+00  2.21425E-04  1.69397E+00 
4.84999E+01 1.62499E+00  2.24793E-04  1.69897E+00 
4.85999E+01 1.62999E+00  2.28072E-04  1.70398E+00 
4.86999E+01 1.63499E+00  2.31392E-04  1.70900E+00 
4.87999E+01 1.63999E+00  2.34689E-04  1.71399E+00 
4.88999E+01 1.64499E+00  2.37912E-04  1.71900E+00 
4.89999E+01 1.64999E+00  2.41104E-04  1.72402E+00 
4.90999E+01 1.65499E+00  2.44308E-04  1.72899E+00 
4.91999E+01 1.65999E+00  2.47649E-04  1.73402E+00 
4.92999E+01 1.66499E+00  2.50897E-04  1.73902E+00 
4.93999E+01 1.66999E+00  2.54121E-04  1.74402E+00 
4.94999E+01 1.67499E+00  2.57307E-04  1.74901E+00 
4.95999E+01 1.67999E+00  2.60558E-04  1.75403E+00 
4.96999E+01 1.68499E+00  2.63769E-04  1.75905E+00 
4.97999E+01 1.68999E+00  2.66864E-04  1.76406E+00 
4.98999E+01 1.69499E+00  2.70033E-04  1.76905E+00 
4.99999E+01 1.69999E+00  2.73159E-04  1.77406E+00 
5.00999E+01 1.70499E+00  2.76199E-04  1.77905E+00 
5.01999E+01 1.70999E+00  2.79275E-04  1.78408E+00 
5.02999E+01 1.71499E+00  2.82440E-04  1.78906E+00 
5.03999E+01 1.71999E+00  2.85424E-04  1.79404E+00 
5.04999E+01 1.72499E+00  2.88377E-04  1.79905E+00 
5.05999E+01 1.72999E+00  2.91370E-04  1.80406E+00 
5.06999E+01 1.73499E+00  2.94320E-04  1.80908E+00 
5.07999E+01 1.73999E+00  2.97203E-04  1.81409E+00 
5.08999E+01 1.74499E+00  3.00000E-04  1.81907E+00 
5.09999E+01 1.74999E+00  3.02890E-04  1.82409E+00 
5.10999E+01 1.75499E+00  3.05696E-04  1.82907E+00 
5.11999E+01 1.75999E+00  3.08431E-04  1.83408E+00 
5.12999E+01 1.76499E+00  3.11157E-04  1.83908E+00 
5.13999E+01 1.76999E+00  3.13794E-04  1.84409E+00 
5.14999E+01 1.77499E+00  3.16401E-04  1.84909E+00 
5.15999E+01 1.77999E+00  3.19063E-04  1.85411E+00 
5.16999E+01 1.78499E+00  3.21663E-04  1.85909E+00 
5.17999E+01 1.78999E+00  3.24215E-04  1.86409E+00 
5.18999E+01 1.79499E+00  3.26783E-04  1.86910E+00 
5.19999E+01 1.79999E+00  3.29221E-04  1.87409E+00 
5.20999E+01 1.79499E+00  3.22870E-04  1.86909E+00 
5.21999E+01 1.78999E+00  3.16780E-04  1.86409E+00 
5.22999E+01 1.78499E+00  3.10935E-04  1.85906E+00 
5.23999E+01 1.77999E+00  3.05156E-04  1.85409E+00 
5.24999E+01 1.77499E+00  2.99565E-04  1.84908E+00 
5.25999E+01 1.76999E+00  2.94060E-04  1.84407E+00 
5.26999E+01 1.76499E+00  2.88642E-04  1.83908E+00 
5.27999E+01 1.75999E+00  2.83257E-04  1.83407E+00 
5.28999E+01 1.75499E+00  2.77971E-04  1.82907E+00 
5.29999E+01 1.74999E+00  2.72810E-04  1.82409E+00 
5.30999E+01 1.74499E+00  2.67628E-04  1.81907E+00 
5.31999E+01 1.73999E+00  2.62559E-04  1.81409E+00 
5.32999E+01 1.73499E+00  2.57529E-04  1.80907E+00 
5.33999E+01 1.72999E+00  2.52600E-04  1.80407E+00 
5.34999E+01 1.72499E+00  2.47827E-04  1.79905E+00 
5.35999E+01 1.71999E+00  2.42893E-04  1.79405E+00 
5.36999E+01 1.71499E+00  2.38148E-04  1.78903E+00 
5.37999E+01 1.70999E+00  2.33495E-04  1.78406E+00 
5.38999E+01 1.70499E+00  2.28854E-04  1.77904E+00 
5.39999E+01 1.69999E+00  2.24316E-04  1.77403E+00 
5.40999E+01 1.69499E+00  2.19853E-04  1.76904E+00 
5.41999E+01 1.68999E+00  2.15387E-04  1.76405E+00 
5.42999E+01 1.68499E+00  2.11095E-04  1.75905E+00 
5.43999E+01 1.67999E+00  2.06858E-04  1.75404E+00 
5.44999E+01 1.67499E+00  2.02687E-04  1.74902E+00 
5.45999E+01 1.66999E+00  1.98553E-04  1.74401E+00 
5.46999E+01 1.66499E+00  1.94496E-04  1.73900E+00 
5.47999E+01 1.65999E+00  1.90650E-04  1.73401E+00 
5.48999E+01 1.65499E+00  1.86846E-04  1.72901E+00 
5.49999E+01 1.64999E+00  1.82728E-04  1.72399E+00 
5.50999E+01 1.64499E+00  1.78707E-04  1.71900E+00 
5.51999E+01 1.63999E+00  1.74875E-04  1.71400E+00 
5.52999E+01 1.63499E+00  1.71129E-04  1.70899E+00 
5.53999E+01 1.62999E+00  1.67471E-04  1.70398E+00 
5.54999E+01 1.62499E+00  1.64019E-04  1.69898E+00 
5.55999E+01 1.61999E+00  1.60389E-04  1.69399E+00 
5.56999E+01 1.61499E+00  1.56813E-04  1.68898E+00 
5.57999E+01 1.60999E+00  1.53280E-04  1.68397E+00 
5.58999E+01 1.60499E+00  1.49846E-04  1.67894E+00 
5.59999E+01 1.59999E+00  1.46477E-04  1.67398E+00 
5.60999E+01 1.59499E+00  1.43157E-04  1.66899E+00 
5.61999E+01 1.58999E+00  1.39955E-04  1.66398E+00 
5.62999E+01 1.58499E+00  1.36758E-04  1.65895E+00 
5.63999E+01 1.57999E+00  1.33596E-04  1.65394E+00 
5.64999E+01 1.57499E+00  1.30388E-04  1.64895E+00 
5.65999E+01 1.56999E+00  1.27285E-04  1.64394E+00 
5.66999E+01 1.56499E+00  1.24257E-04  1.63892E+00 
5.67999E+01 1.55999E+00  1.21279E-04  1.63396E+00 
5.68999E+01 1.55499E+00  1.18340E-04  1.62893E+00 
5.69999E+01 1.54999E+00  1.15466E-04  1.62395E+00 
5.70999E+01 1.54499E+00  1.12604E-04  1.61894E+00 
5.71999E+01 1.53999E+00  1.09813E-04  1.61393E+00 
5.72999E+01 1.53499E+00  1.07177E-04  1.60893E+00 
5.73999E+01 1.52999E+00  1.04331E-04  1.60392E+00 
5.74999E+01 1.52499E+00  1.01657E-04  1.59893E+00 
5.75999E+01 1.51999E+00  9.90081E-05  1.59390E+00 
5.76999E+01 1.51499E+00  9.64107E-05  1.58893E+00 
5.77999E+01 1.50999E+00  9.38659E-05  1.58391E+00 
5.78999E+01 1.50499E+00  9.13535E-05  1.57893E+00 
5.79999E+01 1.49999E+00  8.88879E-05  1.57389E+00 
5.80999E+01 1.49499E+00  8.64378E-05  1.56889E+00 
5.81999E+01 1.48999E+00  8.40383E-05  1.56389E+00 
5.82999E+01 1.48499E+00  8.16854E-05  1.55890E+00 
5.83999E+01 1.47999E+00  7.93664E-05  1.55390E+00 
5.84999E+01 1.47499E+00  7.70685E-05  1.54888E+00 
5.85999E+01 1.46999E+00  7.48517E-05  1.54389E+00 
5.86999E+01 1.46499E+00  7.26681E-05  1.53888E+00 
5.87999E+01 1.45999E+00  7.05033E-05  1.53388E+00 
5.88999E+01 1.45499E+00  6.83913E-05  1.52887E+00 
5.89999E+01 1.44999E+00  6.63162E-05  1.52388E+00 
5.90999E+01 1.44499E+00  6.42703E-05  1.51888E+00 
5.91999E+01 1.43999E+00  6.22474E-05  1.51391E+00 
5.92999E+01 1.43499E+00  6.03080E-05  1.50887E+00 
5.93999E+01 1.42999E+00  5.83676E-05  1.50386E+00 
5.94999E+01 1.42499E+00  5.64929E-05  1.49889E+00 
5.95999E+01 1.41999E+00  5.46566E-05  1.49390E+00 
5.96999E+01 1.41499E+00  5.28584E-05  1.48887E+00 
5.97999E+01 1.40999E+00  5.10946E-05  1.48385E+00 
5.98999E+01 1.40499E+00  4.93626E-05  1.47887E+00 
5.99998E+01 1.39999E+00  4.76727E-05  1.47388E+00 
6.00998E+01 1.39499E+00  4.60169E-05  1.46885E+00 
6.01998E+01 1.38999E+00  4.44103E-05  1.46387E+00 
6.02998E+01 1.38499E+00  4.28619E-05  1.45888E+00 
6.03998E+01 1.37999E+00  4.13378E-05  1.45387E+00 
6.04998E+01 1.37499E+00  3.98671E-05  1.44886E+00 
6.05998E+01 1.36999E+00  3.84234E-05  1.44383E+00 
6.06998E+01 1.36499E+00  3.70321E-05  1.43886E+00 
6.07998E+01 1.35999E+00  3.52350E-05  1.43384E+00 
6.08998E+01 1.35499E+00  3.39049E-05  1.42883E+00 
6.09998E+01 1.34999E+00  3.26180E-05  1.42381E+00 
6.10998E+01 1.34499E+00  3.13762E-05  1.41881E+00 
6.11998E+01 1.33999E+00  3.01726E-05  1.41380E+00 
6.12998E+01 1.33499E+00  2.90033E-05  1.40880E+00 
6.13998E+01 1.32999E+00  2.78734E-05  1.40381E+00 
6.14998E+01 1.32499E+00  2.67808E-05  1.39880E+00 
6.15998E+01 1.31999E+00  2.57387E-05  1.39380E+00 
6.16998E+01 1.31499E+00  2.47326E-05  1.38880E+00 
6.17998E+01 1.30999E+00  2.37608E-05  1.38379E+00 
6.18998E+01 1.30499E+00  2.28014E-05  1.37879E+00 
6.19998E+01 1.29999E+00  2.18992E-05  1.37379E+00 
6.20998E+01 1.29499E+00  2.10201E-05  1.36877E+00 
6.21998E+01 1.28999E+00  2.01928E-05  1.36379E+00 
6.22998E+01 1.28499E+00  1.94022E-05  1.35879E+00 
6.23998E+01 1.27999E+00  1.86359E-05  1.35376E+00 
6.24998E+01 1.27499E+00  1.79123E-05  1.34875E+00 
6.25998E+01 1.26999E+00  1.72122E-05  1.34376E+00 
6.26998E+01 1.26499E+00  1.65483E-05  1.33879E+00 
6.27998E+01 1.25999E+00  1.59092E-05  1.33376E+00 
6.28998E+01 1.25499E+00  1.53049E-05  1.32875E+00 
6.29998E+01 1.24999E+00  1.47242E-05  1.32376E+00 
6.30998E+01 1.24499E+00  1.42516E-05  1.31876E+00 
6.31998E+01 1.23999E+00  1.36722E-05  1.31378E+00 
6.32998E+01 1.23499E+00  1.31625E-05  1.30874E+00 
6.33998E+01 1.22999E+00  1.26909E-05  1.30376E+00 
6.34998E+01 1.22499E+00  1.22409E-05  1.29877E+00 
6.35998E+01 1.21999E+00  1.18170E-05  1.29377E+00 
6.36998E+01 1.21499E+00  1.14096E-05  1.28876E+00 
6.37998E+01 1.20999E+00  1.10266E-05  1.28373E+00 
6.38998E+01 1.20499E+00  1.06662E-05  1.27874E+00 
6.39998E+01 1.19999E+00  1.03373E-05  1.27374E+00 
6.40998E+01 1.19500E+00  1.00027E-05  1.26873E+00 
6.41998E+01 1.19000E+00  9.70099E-06  1.26373E+00 
6.42998E+01 1.18500E+00  9.42146E-06  1.25874E+00 
6.43998E+01 1.18000E+00  9.14645E-06  1.25374E+00 
6.44998E+01 1.17500E+00  8.88599E-06  1.24875E+00 
6.45998E+01 1.17000E+00  8.64432E-06  1.24371E+00 
6.46998E+01 1.16500E+00  8.41680E-06  1.23871E+00 
6.47998E+01 1.16000E+00  8.19615E-06  1.23373E+00 
6.48998E+01 1.15500E+00  7.99783E-06  1.22873E+00 
6.49998E+01 1.15000E+00  7.80737E-06  1.22371E+00 
6.50998E+01 1.14500E+00  7.62842E-06  1.21871E+00 
6.51998E+01 1.14000E+00  7.45198E-06  1.21372E+00 
6.52998E+01 1.13500E+00  7.29217E-06  1.20872E+00 
6.53998E+01 1.13000E+00  7.12806E-06  1.20370E+00 
6.54998E+01 1.12500E+00  6.99697E-06  1.19871E+00 
6.55998E+01 1.12000E+00  6.85850E-06  1.19372E+00 
6.56998E+01 1.11500E+00  6.72883E-06  1.18871E+00 
6.57998E+01 1.11000E+00  6.59919E-06  1.18371E+00 
6.58998E+01 1.10500E+00  6.48189E-06  1.17870E+00 
6.59998E+01 1.10000E+00  6.36940E-06  1.17371E+00 
6.60998E+01 1.09500E+00  6.25875E-06  1.16871E+00 
6.61998E+01 1.09000E+00  6.15303E-06  1.16372E+00 
6.62998E+01 1.08500E+00  6.05567E-06  1.15868E+00 
6.63998E+01 1.08000E+00  5.96087E-06  1.15371E+00 
6.64998E+01 1.07500E+00  5.86852E-06  1.14870E+00 
6.65998E+01 1.07000E+00  5.78471E-06  1.14370E+00 
6.66998E+01 1.06500E+00  5.70014E-06  1.13869E+00 
6.67998E+01 1.06000E+00  5.61683E-06  1.13370E+00 
6.68998E+01 1.05500E+00  5.53870E-06  1.12871E+00 
6.69998E+01 1.05000E+00  5.46247E-06  1.12370E+00 
6.70998E+01 1.04500E+00  5.38374E-06  1.11868E+00 
6.71998E+01 1.04000E+00  5.30858E-06  1.11368E+00 
6.72998E+01 1.03500E+00  5.23822E-06  1.10866E+00 
6.73998E+01 1.03000E+00  5.17086E-06  1.10365E+00 
6.74998E+01 1.02500E+00  5.10418E-06  1.09865E+00 
6.75998E+01 1.02000E+00  5.04012E-06  1.09365E+00 
6.76998E+01 1.01500E+00  4.97851E-06  1.08863E+00 
6.77998E+01 1.01000E+00  4.91755E-06  1.08362E+00 
6.78998E+01 1.00500E+00  4.86346E-06  1.07864E+00 
6.79998E+01 9.99995E-01  4.79343E-06  1.07365E+00 
6.80998E+01 9.94996E-01  4.73807E-06  1.06864E+00 
6.81998E+01 9.89996E-01  4.67906E-06  1.06360E+00 
6.82998E+01 9.84996E-01  4.62360E-06  1.05860E+00 
6.83998E+01 9.79996E-01  4.56986E-06  1.05363E+00 
6.84998E+01 9.74996E-01  4.51587E-06  1.04861E+00 
6.85998E+01 9.69996E-01  4.46433E-06  1.04360E+00 
6.86998E+01 9.64996E-01  4.40615E-06  1.03861E+00 
6.87998E+01 9.59996E-01  4.35466E-06  1.03362E+00 
6.88998E+01 9.54996E-01  4.29937E-06  1.02859E+00 
6.89998E+01 9.49996E-01  4.24984E-06  1.02359E+00 
6.90998E+01 9.44996E-01  4.19610E-06  1.01861E+00 
6.91998E+01 9.39996E-01  4.14506E-06  1.01362E+00 
6.92998E+01 9.34996E-01  4.09460E-06  1.00859E+00 
6.93998E+01 9.29996E-01  4.04429E-06  1.00361E+00 
6.94998E+01 9.24996E-01  3.99267E-06  9.98594E-01 
6.95998E+01 9.19996E-01  3.90369E-06  9.93600E-01 
6.96998E+01 9.14996E-01  3.85491E-06  9.88589E-01 
6.97998E+01 9.09996E-01  3.80507E-06  9.83584E-01 
6.98998E+01 9.04996E-01  3.75637E-06  9.78586E-01 
6.99998E+01 8.99996E-01  3.70169E-06  9.73586E-01 
7.00998E+01 8.94996E-01  3.65426E-06  9.68600E-01 
7.01998E+01 8.89996E-01  3.60091E-06  9.63582E-01 
7.02998E+01 8.84996E-01  3.55266E-06  9.58579E-01 
7.03998E+01 8.79996E-01  3.50195E-06  9.53571E-01 
7.04998E+01 8.74996E-01  3.45447E-06  9.48603E-01 
7.05998E+01 8.69996E-01  3.40224E-06  9.43576E-01 
7.06998E+01 8.64996E-01  3.35224E-06  9.38581E-01 
7.07998E+01 8.59996E-01  3.29877E-06  9.33551E-01 
7.08998E+01 8.54996E-01  3.25123E-06  9.28515E-01 
7.09998E+01 8.49996E-01  3.19829E-06  9.23543E-01 
7.10998E+01 8.44996E-01  3.14884E-06  9.18557E-01 
7.11998E+01 8.39996E-01  3.09438E-06  9.13544E-01 
7.12998E+01 8.34996E-01  3.04631E-06  9.08530E-01 
7.13998E+01 8.29996E-01  2.99343E-06  9.03553E-01 
7.14998E+01 8.24996E-01  2.94100E-06  8.98547E-01 
7.15998E+01 8.19996E-01  2.88887E-06  8.93556E-01 
7.16998E+01 8.14996E-01  2.83473E-06  8.88540E-01 
7.17998E+01 8.09996E-01  2.78244E-06  8.83540E-01 
7.18998E+01 8.04996E-01  2.72454E-06  8.78547E-01 
7.19998E+01 7.99996E-01  2.66737E-06  8.73530E-01 
7.20998E+01 7.94996E-01  2.61285E-06  8.68523E-01 
7.21998E+01 7.89996E-01  2.55369E-06  8.63528E-01 
7.22998E+01 7.84996E-01  2.49990E-06  8.58523E-01 
7.23998E+01 7.79996E-01  2.43971E-06  8.53519E-01 
7.24998E+01 7.74996E-01  2.38236E-06  8.48518E-01 
7.25998E+01 7.69996E-01  2.32397E-06  8.43515E-01 
7.26998E+01 7.64996E-01  2.26533E-06  8.38523E-01 
7.27998E+01 7.59996E-01  2.20735E-06  8.33505E-01 
7.28998E+01 7.54996E-01  2.14692E-06  8.28521E-01 
7.29998E+01 7.49996E-01  2.08648E-06  8.23507E-01 
7.30998E+01 7.44996E-01  2.02338E-06  8.18523E-01 
7.31998E+01 7.39996E-01  1.97386E-06  8.13517E-01 
7.32998E+01 7.34996E-01  1.90565E-06  8.08510E-01 
7.33998E+01 7.29996E-01  1.84684E-06  8.03500E-01 
7.34998E+01 7.24996E-01  1.78322E-06  7.98492E-01 
7.35998E+01 7.19996E-01  1.72186E-06  7.93480E-01 
7.36998E+01 7.14996E-01  1.64913E-06  7.88492E-01 
7.37998E+01 7.09996E-01  1.59988E-06  7.83465E-01 
7.38998E+01 7.04996E-01  1.52890E-06  7.78459E-01 
7.39998E+01 6.99996E-01  1.46387E-06  7.73428E-01 
7.40998E+01 6.94996E-01  1.39700E-06  7.68425E-01 
7.41998E+01 6.89996E-01  1.33225E-06  7.63437E-01 
7.42998E+01 6.84996E-01  1.26229E-06  7.58445E-01 
7.43998E+01 6.79996E-01  1.19503E-06  7.53426E-01 
7.44998E+01 6.74996E-01  1.12363E-06  7.48432E-01 
7.45998E+01 6.69996E-01  1.05368E-06  7.43443E-01 
7.46998E+01 6.64996E-01  9.82176E-07  7.38444E-01 
7.47998E+01 6.59996E-01  9.12512E-07  7.33421E-01 
7.48998E+01 6.54996E-01  8.31503E-07  7.28414E-01 
7.49998E+01 6.49996E-01  7.64267E-07  7.23428E-01 
7.50998E+01 6.44996E-01  6.89414E-07  7.18436E-01 
7.51998E+01 6.39996E-01  6.13449E-07  7.13436E-01 
7.52998E+01 6.34996E-01  5.35548E-07  7.08431E-01 
7.53998E+01 6.29996E-01  4.53999E-07  7.03418E-01 
7.54998E+01 6.24996E-01  3.73648E-07  6.98431E-01 
7.55998E+01 6.19996E-01  2.91472E-07  6.93424E-01 
7.56998E+01 6.14996E-01  2.09434E-07  6.88417E-01 
7.57998E+01 6.09996E-01  1.25445E-07  6.83422E-01 
7.58998E+01 6.04996E-01  3.64109E-08  6.78429E-01 
7.59998E+01 5.99996E-01  -5.19505E-08 6.73428E-01 
7.60998E+01 5.94997E-01  -1.37601E-07 6.68409E-01 
7.61998E+01 5.89997E-01  -2.26911E-07 6.63413E-01 
7.62998E+01 5.84997E-01  -3.16827E-07 6.58414E-01 
7.63998E+01 5.79997E-01  -4.08745E-07 6.53397E-01 
7.64998E+01 5.74997E-01  -4.97846E-07 6.48400E-01 
7.65998E+01 5.69997E-01  -5.90251E-07 6.43412E-01 
7.66998E+01 5.64997E-01  -6.79595E-07 6.38411E-01 
7.67998E+01 5.59997E-01  -7.60832E-07 6.33406E-01 
7.68998E+01 5.54997E-01  -8.46847E-07 6.28393E-01 
7.69998E+01 5.49997E-01  -9.31379E-07 6.23393E-01 
7.70998E+01 5.44997E-01  -1.01063E-06 6.18390E-01 
7.71998E+01 5.39997E-01  -1.09149E-06 6.13389E-01 
7.72998E+01 5.34997E-01  -1.17204E-06 6.08381E-01 
7.73998E+01 5.29997E-01  -1.25320E-06 6.03359E-01 
7.74998E+01 5.24997E-01  -1.49865E-06 5.98375E-01 
7.75998E+01 5.19997E-01  -1.60712E-06 5.93369E-01 
7.76998E+01 5.14997E-01  -1.71662E-06 5.88355E-01 
7.77998E+01 5.09997E-01  -1.82850E-06 5.83343E-01 
7.78998E+01 5.04997E-01  -1.94365E-06 5.78350E-01 
7.79998E+01 4.99997E-01  -2.06206E-06 5.73362E-01 
7.80998E+01 4.94997E-01  -2.18974E-06 5.68347E-01 
7.81998E+01 4.89997E-01  -2.30412E-06 5.63336E-01 
7.82998E+01 4.84997E-01  -2.43705E-06 5.58356E-01 
7.83998E+01 4.79997E-01  -2.57073E-06 5.53354E-01 
7.84998E+01 4.74997E-01  -2.71083E-06 5.48351E-01 
7.85998E+01 4.69997E-01  -2.85514E-06 5.43335E-01 
7.86998E+01 4.64997E-01  -3.00930E-06 5.38330E-01 
7.87998E+01 4.59997E-01  -3.15510E-06 5.33356E-01 
7.88998E+01 4.54997E-01  -3.32470E-06 5.28346E-01 
7.89998E+01 4.49997E-01  -3.49585E-06 5.23322E-01 
7.90998E+01 4.44997E-01  -3.67627E-06 5.18339E-01 
7.91998E+01 4.39997E-01  -3.86124E-06 5.13344E-01 
7.92998E+01 4.34997E-01  -4.05966E-06 5.08328E-01 
7.93998E+01 4.29997E-01  -4.26172E-06 5.03327E-01 
7.94998E+01 4.24997E-01  -4.47737E-06 4.98311E-01 
7.95998E+01 4.19997E-01  -4.70741E-06 4.93310E-01 
7.96998E+01 4.14997E-01  -4.92787E-06 4.88303E-01 
7.97998E+01 4.09997E-01  -5.17319E-06 4.83310E-01 
7.98998E+01 4.04997E-01  -5.43191E-06 4.78301E-01 
7.99998E+01 3.99997E-01  -5.69628E-06 4.73272E-01 
8.00998E+01 3.94997E-01  -5.97170E-06 4.68296E-01 
8.01998E+01 3.89997E-01  -6.26065E-06 4.63257E-01 
8.02998E+01 3.84997E-01  -6.56050E-06 4.58282E-01 
8.03998E+01 3.79997E-01  -6.87643E-06 4.53247E-01 
8.04998E+01 3.74997E-01  -7.19571E-06 4.48262E-01 
8.05998E+01 3.69997E-01  -7.53963E-06 4.43271E-01 
8.06998E+01 3.64997E-01  -7.89439E-06 4.38269E-01 
8.07998E+01 3.59997E-01  -8.26912E-06 4.33259E-01 
8.08998E+01 3.54997E-01  -8.64837E-06 4.28241E-01 
8.09998E+01 3.49997E-01  -9.05196E-06 4.23238E-01 
8.10998E+01 3.44997E-01  -9.45543E-06 4.18249E-01 
8.11998E+01 3.39997E-01  -9.89127E-06 4.13243E-01 
8.12998E+01 3.34997E-01  -1.03203E-05 4.08242E-01 
8.13998E+01 3.29997E-01  -1.07793E-05 4.03243E-01 
8.14998E+01 3.24997E-01  -1.12507E-05 3.98253E-01 
8.15998E+01 3.19997E-01  -1.17418E-05 3.93227E-01 
8.16998E+01 3.14997E-01  -1.22470E-05 3.88225E-01 
8.17998E+01 3.09997E-01  -1.27694E-05 3.83235E-01 
8.18998E+01 3.04997E-01  -1.33023E-05 3.78232E-01 
8.19998E+01 2.99997E-01  -1.38589E-05 3.73227E-01 
8.20998E+01 2.94997E-01  -1.44283E-05 3.68213E-01 
8.21998E+01 2.89997E-01  -1.50171E-05 3.63197E-01 
8.22998E+01 2.84997E-01  -1.56276E-05 3.58230E-01 
8.23998E+01 2.79997E-01  -1.62566E-05 3.53227E-01 
8.24998E+01 2.74997E-01  -1.68974E-05 3.48206E-01 
8.25998E+01 2.69997E-01  -1.75423E-05 3.43193E-01 
8.26998E+01 2.64997E-01  -1.82007E-05 3.38213E-01 
8.27998E+01 2.59997E-01  -1.88705E-05 3.33227E-01 
8.28998E+01 2.54997E-01  -1.95331E-05 3.28223E-01 
8.29998E+01 2.49997E-01  -2.02134E-05 3.23214E-01 
8.30998E+01 2.44997E-01  -2.08997E-05 3.18226E-01 
8.31998E+01 2.39997E-01  -2.15894E-05 3.13204E-01 
8.32998E+01 2.34997E-01  -2.22618E-05 3.08209E-01 
8.33998E+01 2.29997E-01  -2.29565E-05 3.03198E-01 
8.34998E+01 2.24997E-01  -2.36606E-05 2.98201E-01 
8.35998E+01 2.19997E-01  -2.43613E-05 2.93179E-01 
8.36998E+01 2.14997E-01  -2.50551E-05 2.88198E-01 
8.37998E+01 2.09997E-01  -2.57483E-05 2.83203E-01 
8.38998E+01 2.04997E-01  -2.64344E-05 2.78184E-01 
8.39998E+01 1.99997E-01  -2.71133E-05 2.73162E-01 
8.40998E+01 1.94998E-01  -2.77902E-05 2.68189E-01 
8.41998E+01 1.89998E-01  -2.84503E-05 2.63190E-01 
8.42998E+01 1.84998E-01  -2.91042E-05 2.58185E-01 
8.43998E+01 1.79998E-01  -2.97412E-05 2.53177E-01 
8.44998E+01 1.74998E-01  -3.03677E-05 2.48169E-01 
8.45998E+01 1.69998E-01  -3.09727E-05 2.43193E-01 
8.46998E+01 1.64998E-01  -3.15663E-05 2.38185E-01 
8.47998E+01 1.59998E-01  -3.21377E-05 2.33161E-01 
8.48998E+01 1.54998E-01  -3.26959E-05 2.28157E-01 
8.49998E+01 1.49998E-01  -3.32332E-05 2.23162E-01 
8.50998E+01 1.44998E-01  -3.37568E-05 2.18172E-01 
8.51998E+01 1.39998E-01  -3.42638E-05 2.13153E-01 
8.52998E+01 1.34998E-01  -3.47507E-05 2.08131E-01 
8.53998E+01 1.29998E-01  -3.52238E-05 2.03144E-01 
8.54998E+01 1.24998E-01  -3.56889E-05 1.98126E-01 
8.55998E+01 1.19998E-01  -3.61608E-05 1.93133E-01 
8.56998E+01 1.14998E-01  -3.65985E-05 1.88140E-01 
8.57998E+01 1.09998E-01  -3.70346E-05 1.83135E-01 
8.58998E+01 1.04998E-01  -3.74573E-05 1.78164E-01 
8.59998E+01 9.99977E-02  -3.78835E-05 1.73130E-01 
8.60998E+01 9.49978E-02  -3.82885E-05 1.68113E-01 
8.61998E+01 8.99978E-02  -3.87128E-05 1.63139E-01 
8.62998E+01 8.49978E-02  -3.90987E-05 1.58143E-01 
8.63998E+01 7.99978E-02  -3.94971E-05 1.53125E-01 
8.64998E+01 7.49978E-02  -3.98737E-05 1.48115E-01 
8.65998E+01 6.99978E-02  -4.02380E-05 1.43119E-01 
8.66998E+01 6.49978E-02  -4.05955E-05 1.38096E-01 
8.67998E+01 5.99978E-02  -4.09478E-05 1.33087E-01 
8.68998E+01 5.49979E-02  -4.12841E-05 1.28093E-01 
8.69998E+01 4.99979E-02  -4.16041E-05 1.23106E-01 
8.70998E+01 4.49979E-02  -4.19003E-05 1.18084E-01 
8.71998E+01 3.99979E-02  -4.21843E-05 1.13065E-01 
8.72998E+01 3.49979E-02  -4.24478E-05 1.08082E-01 
8.73998E+01 2.99979E-02  -4.26940E-05 1.03088E-01 
8.74998E+01 2.49979E-02  -4.29090E-05 9.80954E-02 
8.75998E+01 1.99979E-02  -4.31094E-05 9.30951E-02 
8.76998E+01 1.49980E-02  -4.32951E-05 8.80593E-02 
8.77998E+01 9.99797E-03  -4.34550E-05 8.30902E-02 
8.78998E+01 4.99799E-03  -4.35981E-05 7.80849E-02 
8.79998E+01 -2.00000E-06 -4.37349E-05 7.30690E-02 
8.80998E+01 -5.00199E-03 -4.38295E-05 6.80612E-02 
8.81998E+01 -1.00020E-02 -4.39293E-05 6.30809E-02 
8.82998E+01 -1.50020E-02 -4.40144E-05 5.80787E-02 
8.83998E+01 -2.00020E-02 -4.40848E-05 5.30497E-02 
8.84998E+01 -2.50019E-02 -4.41422E-05 4.80569E-02 
8.85998E+01 -3.00019E-02 -4.41950E-05 4.30641E-02 
8.86998E+01 -3.50019E-02 -4.42390E-05 3.80475E-02 
8.87998E+01 -4.00019E-02 -4.42766E-05 3.30335E-02 
8.88998E+01 -4.50019E-02 -4.43145E-05 2.80407E-02 
8.89998E+01 -5.00019E-02 -4.43409E-05 2.30329E-02 
8.90998E+01 -5.50019E-02 -4.43651E-05 1.80626E-02 
8.91998E+01 -6.00019E-02 -4.43884E-05 1.30398E-02 
8.92998E+01 -6.50018E-02 -4.44128E-05 8.02393E-03 
8.93998E+01 -7.00018E-02 -4.44361E-05 3.03798E-03 
8.94998E+01 -7.50018E-02 -4.44606E-05 -1.95793E-03
8.95998E+01 -8.00018E-02 -4.44817E-05 -6.97010E-03
8.96998E+01 -8.50018E-02 -4.45048E-05 -1.19766E-02
8.97998E+01 -9.00018E-02 -4.45244E-05 -1.69932E-02
8.98998E+01 -9.50018E-02 -4.45407E-05 -2.19878E-02
8.99998E+01 -1.00002E-01 -4.45797E-05 -2.69756E-02
9.00998E+01 -1.05002E-01 -4.46182E-05 -3.19878E-02
9.01998E+01 -1.10002E-01 -4.46591E-05 -3.70125E-02
9.02998E+01 -1.15002E-01 -4.47114E-05 -4.19934E-02
9.03998E+01 -1.20002E-01 -4.47842E-05 -4.69993E-02
9.04998E+01 -1.25002E-01 -4.48497E-05 -5.20027E-02
9.05998E+01 -1.30002E-01 -4.49165E-05 -5.70161E-02
9.06998E+01 -1.35002E-01 -4.49951E-05 -6.20021E-02
9.07998E+01 -1.40002E-01 -4.50793E-05 -6.70061E-02
9.08998E+01 -1.45002E-01 -4.51504E-05 -7.20108E-02
9.09998E+01 -1.50002E-01 -4.52386E-05 -7.70336E-02
9.10998E+01 -1.55002E-01 -4.53767E-05 -8.20388E-02
9.11998E+01 -1.60002E-01 -4.55782E-05 -8.70091E-02
9.12998E+01 -1.65002E-01 -4.57735E-05 -9.20088E-02
9.13998E+01 -1.70002E-01 -4.60081E-05 -9.70279E-02
9.14998E+01 -1.75002E-01 -4.62754E-05 -1.02038E-01
9.15998E+01 -1.80002E-01 -4.65364E-05 -1.07042E-01
9.16998E+01 -1.85002E-01 -4.68663E-05 -1.12020E-01
9.17998E+01 -1.90002E-01 -4.75673E-05 -1.17038E-01
9.18998E+01 -1.95002E-01 -4.77031E-05 -1.22048E-01
9.19998E+01 -2.00002E-01 -4.80386E-05 -1.27038E-01
9.20998E+01 -2.05001E-01 -4.84798E-05 -1.32032E-01
9.21998E+01 -2.10001E-01 -4.90006E-05 -1.37030E-01
9.22998E+01 -2.15001E-01 -4.95691E-05 -1.42058E-01
9.23998E+01 -2.20001E-01 -5.02018E-05 -1.47046E-01
9.24998E+01 -2.25001E-01 -5.08687E-05 -1.52032E-01
9.25998E+01 -2.30001E-01 -5.15365E-05 -1.57053E-01
9.26998E+01 -2.35001E-01 -5.21535E-05 -1.62055E-01
9.27998E+01 -2.40001E-01 -5.28448E-05 -1.67060E-01
9.28998E+01 -2.45001E-01 -5.35169E-05 -1.72070E-01
9.29998E+01 -2.50001E-01 -5.41907E-05 -1.77066E-01
9.30998E+01 -2.55001E-01 -5.48607E-05 -1.82077E-01
9.31998E+01 -2.60001E-01 -5.54857E-05 -1.87065E-01
9.32998E+01 -2.65001E-01 -5.58049E-05 -1.92063E-01
9.33998E+01 -2.70001E-01 -5.64972E-05 -1.97074E-01
9.34998E+01 -2.75001E-01 -5.70932E-05 -2.02089E-01
9.35998E+01 -2.80001E-01 -5.77747E-05 -2.07077E-01
9.36998E+01 -2.85001E-01 -5.84762E-05 -2.12077E-01
9.37998E+01 -2.90001E-01 -5.92224E-05 -2.17089E-01
9.38998E+01 -2.95001E-01 -5.99795E-05 -2.22086E-01
9.39998E+01 -3.00001E-01 -6.07352E-05 -2.27088E-01
9.40998E+01 -3.05001E-01 -6.14577E-05 -2.32080E-01
9.41998E+01 -3.10001E-01 -6.21655E-05 -2.37094E-01
9.42998E+01 -3.15001E-01 -6.28362E-05 -2.42110E-01
9.43998E+01 -3.20001E-01 -6.35796E-05 -2.47089E-01
9.44998E+01 -3.25001E-01 -6.42955E-05 -2.52088E-01
9.45998E+01 -3.30001E-01 -6.49570E-05 -2.57107E-01
9.46998E+01 -3.35001E-01 -6.55922E-05 -2.62128E-01
9.47998E+01 -3.40001E-01 -6.61905E-05 -2.67107E-01
9.48998E+01 -3.45001E-01 -6.67986E-05 -2.72093E-01
9.49998E+01 -3.50001E-01 -6.73897E-05 -2.77130E-01
9.50998E+01 -3.55001E-01 -6.79617E-05 -2.82124E-01
9.51998E+01 -3.60001E-01 -6.85250E-05 -2.87128E-01
9.52998E+01 -3.65001E-01 -6.91186E-05 -2.92131E-01
9.53998E+01 -3.70001E-01 -6.96941E-05 -2.97126E-01
9.54998E+01 -3.75001E-01 -7.02530E-05 -3.02129E-01
9.55998E+01 -3.80001E-01 -7.08209E-05 -3.07117E-01
9.56998E+01 -3.85001E-01 -7.13583E-05 -3.12109E-01
9.57998E+01 -3.90001E-01 -7.18732E-05 -3.17134E-01
9.58998E+01 -3.95001E-01 -7.24395E-05 -3.22150E-01
9.59998E+01 -4.00001E-01 -7.29290E-05 -3.27143E-01
9.60998E+01 -4.05001E-01 -7.34493E-05 -3.32154E-01
9.61998E+01 -4.10001E-01 -7.39669E-05 -3.37160E-01
9.62998E+01 -4.15001E-01 -7.44137E-05 -3.42153E-01
9.63998E+01 -4.20001E-01 -7.48481E-05 -3.47173E-01
9.64998E+01 -4.25001E-01 -7.52402E-05 -3.52189E-01
9.65998E+01 -4.30001E-01 -7.56495E-05 -3.57202E-01
9.66998E+01 -4.35001E-01 -7.60200E-05 -3.62179E-01
9.67998E+01 -4.40001E-01 -7.63163E-05 -3.67157E-01
9.68998E+01 -4.45001E-01 -7.66364E-05 -3.72179E-01
9.69998E+01 -4.50001E-01 -7.69610E-05 -3.77177E-01
9.70998E+01 -4.55001E-01 -7.72227E-05 -3.82166E-01
9.71998E+01 -4.60001E-01 -7.75174E-05 -3.87167E-01
9.72998E+01 -4.65001E-01 -7.78311E-05 -3.92171E-01
9.73998E+01 -4.70001E-01 -7.81832E-05 -3.97188E-01
9.74998E+01 -4.75001E-01 -7.84852E-05 -4.02193E-01
9.75998E+01 -4.80001E-01 -7.87255E-05 -4.07188E-01
9.76998E+01 -4.85001E-01 -7.89981E-05 -4.12172E-01
9.77998E+01 -4.90001E-01 -7.92977E-05 -4.17213E-01
9.78998E+01 -4.95001E-01 -7.95977E-05 -4.22183E-01
9.79998E+01 -5.00001E-01 -7.99001E-05 -4.27182E-01
9.80998E+01 -5.05001E-01 -8.01722E-05 -4.32203E-01
9.81998E+01 -5.10001E-01 -8.04167E-05 -4.37203E-01
9.82998E+01 -5.15001E-01 -8.07087E-05 -4.42195E-01
9.83998E+01 -5.20001E-01 -8.09181E-05 -4.47186E-01
9.84998E+01 -5.25001E-01 -8.12263E-05 -4.52190E-01
9.85998E+01 -5.30001E-01 -8.14644E-05 -4.57220E-01
9.86998E+01 -5.35001E-01 -8.17777E-05 -4.62190E-01
9.87998E+01 -5.40001E-01 -8.21594E-05 -4.67186E-01
9.88998E+01 -5.45001E-01 -8.24164E-05 -4.72194E-01
9.89998E+01 -5.50001E-01 -8.26800E-05 -4.77212E-01
9.90998E+01 -5.55001E-01 -8.29594E-05 -4.82209E-01
9.91998E+01 -5.60001E-01 -8.32482E-05 -4.87233E-01
9.92998E+01 -5.65001E-01 -8.35032E-05 -4.92244E-01
9.93998E+01 -5.70001E-01 -8.37420E-05 -4.97264E-01
9.94998E+01 -5.75001E-01 -8.40098E-05 -5.02237E-01
9.95998E+01 -5.80001E-01 -8.41801E-05 -5.07234E-01
9.96998E+01 -5.85001E-01 -8.44356E-05 -5.12261E-01
9.97998E+01 -5.90001E-01 -8.46833E-05 -5.17262E-01
9.98998E+01 -5.95001E-01 -8.48704E-05 -5.22232E-01
9.99997E+01 -6.00001E-01 -8.51739E-05 -5.27245E-01
1.00100E+02 -6.05000E-01 -8.53410E-05 -5.32285E-01
1.00200E+02 -6.10000E-01 -8.56230E-05 -5.37261E-01
1.00300E+02 -6.15000E-01 -8.58709E-05 -5.42247E-01
1.00400E+02 -6.20000E-01 -8.61513E-05 -5.47270E-01
1.00500E+02 -6.25000E-01 -8.64214E-05 -5.52265E-01
1.00600E+02 -6.30000E-01 -8.66624E-05 -5.57255E-01
1.00700E+02 -6.35000E-01 -8.69086E-05 -5.62248E-01
1.00800E+02 -6.40000E-01 -8.72550E-05 -5.67262E-01
1.00900E+02 -6.45000E-01 -8.75154E-05 -5.72281E-01
1.01000E+02 -6.50000E-01 -8.77605E-05 -5.77269E-01
1.01100E+02 -6.55000E-01 -8.80041E-05 -5.82266E-01
1.01200E+02 -6.60000E-01 -8.83700E-05 -5.87257E-01
1.01300E+02 -6.65000E-01 -8.84523E-05 -5.92273E-01
1.01400E+02 -6.70000E-01 -8.87117E-05 -5.97275E-01
1.01500E+02 -6.75000E-01 -8.89107E-05 -6.02280E-01
1.01600E+02 -6.80000E-01 -8.92263E-05 -6.07283E-01
1.01700E+02 -6.85000E-01 -8.96820E-05 -6.12321E-01
1.01800E+02 -6.90000E-01 -9.02189E-05 -6.17309E-01
1.01900E+02 -6.95000E-01 -9.06771E-05 -6.22297E-01
1.02000E+02 -7.00000E-01 -9.25324E-05 -6.27318E-01
1.02100E+02 -7.05000E-01 -9.32264E-05 -6.32331E-01
1.02200E+02 -7.10000E-01 -9.35703E-05 -6.37333E-01
1.02300E+02 -7.15000E-01 -9.20185E-05 -6.42322E-01
1.02400E+02 -7.20000E-01 -9.38040E-05 -6.47304E-01
1.02500E+02 -7.25000E-01 -9.59289E-05 -6.52299E-01
1.02600E+02 -7.30000E-01 -9.80051E-05 -6.57348E-01
1.02700E+02 -7.35000E-01 -9.98316E-05 -6.62332E-01
1.02800E+02 -7.40000E-01 -1.00880E-04 -6.67333E-01
1.02900E+02 -7.45000E-01 -1.03192E-04 -6.72339E-01
1.03000E+02 -7.50000E-01 -1.01646E-04 -6.77349E-01
1.03100E+02 -7.55000E-01 -1.03231E-04 -6.82352E-01
1.03200E+02 -7.60000E-01 -1.08718E-04 -6.87362E-01
1.03300E+02 -7.65000E-01 -1.15259E-04 -6.92353E-01
1.03400E+02 -7.70000E-01 -1.18526E-04 -6.97369E-01
1.03500E+02 -7.75000E-01 -1.18170E-04 -7.02354E-01
1.03600E+02 -7.80000E-01 -1.17018E-04 -7.07364E-01
1.03700E+02 -7.85000E-01 -1.16298E-04 -7.12352E-01
1.03800E+02 -7.90000E-01 -1.14671E-04 -7.17357E-01
1.03900E+02 -7.95000E-01 -1.11493E-04 -7.22356E-01
