time/s      E/V        I/A
0.00000E+00 -8.00000E-01 -7.83945E-05 -7.41394E-01
9.99997E-02 -7.95000E-01 -5.43688E-05 -7.36380E-01
1.99999E-01 -7.90000E-01 -4.37971E-05 -7.31386E-01
2.99999E-01 -7.85000E-01 -3.68466E-05 -7.26389E-01
3.99999E-01 -7.80000E-01 -3.58457E-05 -7.21405E-01
4.99999E-01 -7.75000E-01 -3.20211E-05 -7.16389E-01
5.99998E-01 -7.70000E-01 -2.90275E-05 -7.11366E-01
6.99998E-01 -7.65000E-01 -2.66273E-05 -7.06373E-01
7.99998E-01 -7.60000E-01 -2.50625E-05 -7.01389E-01
8.99998E-01 -7.55000E-01 -2.33899E-05 -6.96376E-01
9.99997E-01 -7.50000E-01 -2.19631E-05 -6.91365E-01
1.10000E+00 -7.45000E-01 -2.07236E-05 -6.86386E-01
1.20000E+00 -7.40000E-01 -1.96363E-05 -6.81378E-01
1.30000E+00 -7.35000E-01 -1.86722E-05 -6.76376E-01
1.40000E+00 -7.30000E-01 -1.78062E-05 -6.71379E-01
1.50000E+00 -7.25000E-01 -1.70216E-05 -6.66384E-01
1.60000E+00 -7.20000E-01 -1.63077E-05 -6.61371E-01
1.70000E+00 -7.15000E-01 -1.56496E-05 -6.56375E-01
1.80000E+00 -7.10000E-01 -1.50442E-05 -6.51336E-01
1.90000E+00 -7.05000E-01 -1.44805E-05 -6.46315E-01
1.99999E+00 -7.00000E-01 -1.39558E-05 -6.41315E-01
2.09999E+00 -6.95000E-01 -1.34789E-05 -6.36349E-01
2.19999E+00 -6.90000E-01 -1.30234E-05 -6.31316E-01
2.29999E+00 -6.85000E-01 -1.25896E-05 -6.26297E-01
2.39999E+00 -6.80000E-01 -1.21760E-05 -6.21318E-01
2.49999E+00 -6.75000E-01 -1.17845E-05 -6.16320E-01
2.59999E+00 -6.70000E-01 -1.14044E-05 -6.11312E-01
2.69999E+00 -6.65000E-01 -1.10366E-05 -6.06294E-01
2.79999E+00 -6.60000E-01 -1.06785E-05 -6.01331E-01
2.89999E+00 -6.55000E-01 -1.03717E-05 -5.96324E-01
2.99999E+00 -6.50000E-01 -1.00577E-05 -5.91328E-01
3.09999E+00 -6.45000E-01 -9.78983E-06 -5.86282E-01
3.19999E+00 -6.40000E-01 -9.53912E-06 -5.81271E-01
3.29999E+00 -6.35000E-01 -9.30045E-06 -5.76303E-01
3.39999E+00 -6.30000E-01 -9.04324E-06 -5.71308E-01
3.49999E+00 -6.25000E-01 -8.80135E-06 -5.66300E-01
3.59999E+00 -6.20000E-01 -8.56880E-06 -5.61284E-01
3.69999E+00 -6.15000E-01 -8.35343E-06 -5.56307E-01
3.79999E+00 -6.10000E-01 -8.12249E-06 -5.51291E-01
3.89999E+00 -6.05000E-01 -7.92889E-06 -5.46275E-01
3.99999E+00 -6.00001E-01 -7.71491E-06 -5.41265E-01
4.09999E+00 -5.95001E-01 -7.51079E-06 -5.36276E-01
4.19999E+00 -5.90001E-01 -7.29906E-06 -5.31278E-01
4.29999E+00 -5.85001E-01 -7.09301E-06 -5.26276E-01
4.39999E+00 -5.80001E-01 -6.94840E-06 -5.21252E-01
4.49999E+00 -5.75001E-01 -6.86159E-06 -5.16282E-01
4.59999E+00 -5.70001E-01 -6.73842E-06 -5.11295E-01
4.69999E+00 -5.65001E-01 -6.61488E-06 -5.06280E-01
4.79999E+00 -5.60001E-01 -6.42907E-06 -5.01265E-01
4.89999E+00 -5.55001E-01 -6.25487E-06 -4.96261E-01
4.99999E+00 -5.50001E-01 -6.09390E-06 -4.91244E-01
5.09999E+00 -5.45001E-01 -5.91742E-06 -4.86251E-01
5.19999E+00 -5.40001E-01 -5.74846E-06 -4.81226E-01
5.29999E+00 -5.35001E-01 -5.58823E-06 -4.76238E-01
5.39999E+00 -5.30001E-01 -5.46498E-06 -4.71211E-01
5.49999E+00 -5.25001E-01 -5.34244E-06 -4.66214E-01
5.59999E+00 -5.20001E-01 -5.24301E-06 -4.61197E-01
5.69999E+00 -5.15001E-01 -5.00349E-06 -4.56222E-01
5.79999E+00 -5.10001E-01 -4.87178E-06 -4.51219E-01
5.89999E+00 -5.05001E-01 -4.77705E-06 -4.46204E-01
5.99998E+00 -5.00001E-01 -4.71704E-06 -4.41229E-01
6.09998E+00 -4.95001E-01 -4.62409E-06 -4.36218E-01
6.19998E+00 -4.90001E-01 -4.48894E-06 -4.31203E-01
6.29998E+00 -4.85001E-01 -4.35440E-06 -4.26188E-01
6.39998E+00 -4.80001E-01 -4.22711E-06 -4.21217E-01
6.49998E+00 -4.75001E-01 -4.10606E-06 -4.16189E-01
6.59998E+00 -4.70001E-01 -4.00129E-06 -4.11197E-01
6.69998E+00 -4.65001E-01 -3.88956E-06 -4.06192E-01
6.79998E+00 -4.60001E-01 -3.76342E-06 -4.01186E-01
6.89998E+00 -4.55001E-01 -3.70890E-06 -3.96207E-01
6.99998E+00 -4.50001E-01 -3.60910E-06 -3.91186E-01
7.09998E+00 -4.45001E-01 -3.50101E-06 -3.86201E-01
7.19998E+00 -4.40001E-01 -3.39514E-06 -3.81191E-01
7.29998E+00 -4.35001E-01 -3.29502E-06 -3.76231E-01
7.39998E+00 -4.30001E-01 -3.19966E-06 -3.71184E-01
7.49998E+00 -4.25001E-01 -3.09694E-06 -3.66168E-01
7.59998E+00 -4.20001E-01 -2.99427E-06 -3.61202E-01
7.69998E+00 -4.15001E-01 -2.89142E-06 -3.56198E-01
7.79998E+00 -4.10001E-01 -2.79131E-06 -3.51167E-01
7.89998E+00 -4.05001E-01 -2.69952E-06 -3.46179E-01
7.99998E+00 -4.00001E-01 -2.60324E-06 -3.41174E-01
8.09998E+00 -3.95001E-01 -2.50902E-06 -3.36163E-01
8.19998E+00 -3.90001E-01 -2.40751E-06 -3.31168E-01
8.29998E+00 -3.85001E-01 -2.31063E-06 -3.26167E-01
8.39998E+00 -3.80001E-01 -2.21914E-06 -3.21149E-01
8.49998E+00 -3.75001E-01 -2.12270E-06 -3.16137E-01
8.59998E+00 -3.70001E-01 -2.02401E-06 -3.11154E-01
8.69998E+00 -3.65001E-01 -1.93309E-06 -3.06151E-01
8.79998E+00 -3.60001E-01 -1.84156E-06 -3.01141E-01
8.89998E+00 -3.55001E-01 -1.75241E-06 -2.96137E-01
8.99998E+00 -3.50001E-01 -1.66150E-06 -2.91149E-01
9.09998E+00 -3.45001E-01 -1.57376E-06 -2.86135E-01
9.19998E+00 -3.40001E-01 -1.48316E-06 -2.81139E-01
9.29998E+00 -3.35001E-01 -1.39416E-06 -2.76121E-01
9.39998E+00 -3.30001E-01 -1.30716E-06 -2.71095E-01
9.49998E+00 -3.25001E-01 -1.22012E-06 -2.66129E-01
9.59998E+00 -3.20001E-01 -1.13378E-06 -2.61131E-01
9.69998E+00 -3.15001E-01 -1.04629E-06 -2.56113E-01
9.79998E+00 -3.10001E-01 -9.60615E-07 -2.51122E-01
9.89998E+00 -3.05001E-01 -8.76516E-07 -2.46104E-01
9.99997E+00 -3.00001E-01 -7.90900E-07 -2.41121E-01
1.01000E+01 -2.95001E-01 -7.06798E-07 -2.36099E-01
1.02000E+01 -2.90001E-01 -6.25065E-07 -2.31089E-01
1.03000E+01 -2.85001E-01 -5.43264E-07 -2.26103E-01
1.04000E+01 -2.80001E-01 -4.64017E-07 -2.21103E-01
1.05000E+01 -2.75001E-01 -3.83757E-07 -2.16084E-01
1.06000E+01 -2.70001E-01 -3.04852E-07 -2.11065E-01
1.07000E+01 -2.65001E-01 -2.26177E-07 -2.06094E-01
1.08000E+01 -2.60001E-01 -1.51159E-07 -2.01099E-01
1.09000E+01 -2.55001E-01 -7.70747E-08 -1.96083E-01
1.10000E+01 -2.50001E-01 -3.25109E-09 -1.91078E-01
1.11000E+01 -2.45001E-01 6.94060E-08  -1.86070E-01
1.12000E+01 -2.40001E-01 1.39935E-07  -1.81075E-01
1.13000E+01 -2.35001E-01 2.07950E-07  -1.76083E-01
1.14000E+01 -2.30001E-01 2.73202E-07  -1.71070E-01
1.15000E+01 -2.25001E-01 3.39849E-07  -1.66065E-01
1.16000E+01 -2.20001E-01 4.04741E-07  -1.61057E-01
1.17000E+01 -2.15001E-01 4.66841E-07  -1.56043E-01
1.18000E+01 -2.10001E-01 5.29190E-07  -1.51026E-01
1.19000E+01 -2.05001E-01 5.89306E-07  -1.46026E-01
1.20000E+01 -2.00002E-01 6.47610E-07  -1.41039E-01
1.21000E+01 -1.95002E-01 7.05136E-07  -1.36055E-01
1.22000E+01 -1.90002E-01 7.59313E-07  -1.31026E-01
1.23000E+01 -1.85002E-01 8.11899E-07  -1.26031E-01
1.24000E+01 -1.80002E-01 8.63283E-07  -1.21020E-01
1.25000E+01 -1.75002E-01 9.18310E-07  -1.16031E-01
1.26000E+01 -1.70002E-01 9.70829E-07  -1.11035E-01
1.27000E+01 -1.65002E-01 1.02298E-06  -1.06032E-01
1.28000E+01 -1.60002E-01 1.07336E-06  -1.01057E-01
1.29000E+01 -1.55002E-01 1.12474E-06  -9.60342E-02
1.30000E+01 -1.50002E-01 1.17240E-06  -9.10201E-02
1.31000E+01 -1.45002E-01 1.22173E-06  -8.60192E-02
1.32000E+01 -1.40002E-01 1.27358E-06  -8.10408E-02
1.33000E+01 -1.35002E-01 1.32585E-06  -7.60224E-02
1.34000E+01 -1.30002E-01 1.37596E-06  -7.10102E-02
1.35000E+01 -1.25002E-01 1.42714E-06  -6.60237E-02
1.36000E+01 -1.20002E-01 1.47805E-06  -6.10171E-02
1.37000E+01 -1.15002E-01 1.52801E-06  -5.60274E-02
1.38000E+01 -1.10002E-01 1.57892E-06  -5.09984E-02
1.39000E+01 -1.05002E-01 1.63093E-06  -4.59956E-02
1.40000E+01 -1.00002E-01 1.68323E-06  -4.10185E-02
1.41000E+01 -9.50018E-02 1.73598E-06  -3.60169E-02
1.42000E+01 -9.00018E-02 1.78852E-06  -3.09935E-02
1.43000E+01 -8.50018E-02 1.84261E-06  -2.59707E-02
1.44000E+01 -8.00018E-02 1.89584E-06  -2.10029E-02
1.45000E+01 -7.50018E-02 1.95061E-06  -1.59938E-02
1.46000E+01 -7.00018E-02 2.00550E-06  -1.09785E-02
1.47000E+01 -6.50018E-02 2.06067E-06  -5.99075E-03
1.48000E+01 -6.00019E-02 2.11655E-06  -9.47383E-04
1.49000E+01 -5.50019E-02 2.17261E-06  4.01918E-03 
1.50000E+01 -5.00019E-02 2.23023E-06  9.02385E-03 
1.51000E+01 -4.50019E-02 2.28686E-06  1.40185E-02 
1.52000E+01 -4.00019E-02 2.34578E-06  1.90532E-02 
1.53000E+01 -3.50019E-02 2.40301E-06  2.40160E-02 
1.54000E+01 -3.00019E-02 2.46173E-06  2.90294E-02 
1.55000E+01 -2.50019E-02 2.52247E-06  3.40403E-02 
1.56000E+01 -2.00020E-02 2.58143E-06  3.90606E-02 
1.57000E+01 -1.50020E-02 2.64735E-06  4.40528E-02 
1.58000E+01 -1.00020E-02 2.70584E-06  4.90518E-02 
1.59000E+01 -5.00199E-03 2.76695E-06  5.40577E-02 
1.60000E+01 -2.00000E-06 2.82975E-06  5.90680E-02 
1.61000E+01 4.99799E-03  2.89596E-06  6.40477E-02 
1.62000E+01 9.99797E-03  2.95944E-06  6.90580E-02 
1.63000E+01 1.49980E-02  3.02612E-06  7.40521E-02 
1.64000E+01 1.99979E-02  3.09922E-06  7.90823E-02 
1.65000E+01 2.49979E-02  3.15436E-06  8.40901E-02 
1.66000E+01 2.99979E-02  3.22105E-06  8.90454E-02 
1.67000E+01 3.49979E-02  3.29857E-06  9.40520E-02 
1.68000E+01 3.99979E-02  3.37567E-06  9.90679E-02 
1.69000E+01 4.49979E-02  3.42814E-06  1.04086E-01 
1.70000E+01 4.99979E-02  3.50195E-06  1.09050E-01 
1.71000E+01 5.49979E-02  3.58359E-06  1.14058E-01 
1.72000E+01 5.99978E-02  3.66784E-06  1.19089E-01 
1.73000E+01 6.49978E-02  3.74186E-06  1.24082E-01 
1.74000E+01 6.99978E-02  3.81091E-06  1.29072E-01 
1.75000E+01 7.49978E-02  3.87991E-06  1.34082E-01 
1.76000E+01 7.99978E-02  3.95906E-06  1.39103E-01 
1.77000E+01 8.49978E-02  4.04330E-06  1.44119E-01 
1.78000E+01 8.99978E-02  4.12238E-06  1.49094E-01 
1.79000E+01 9.49978E-02  4.20107E-06  1.54129E-01 
1.80000E+01 9.99977E-02  4.28179E-06  1.59133E-01 
1.81000E+01 1.04998E-01  4.36508E-06  1.64120E-01 
1.82000E+01 1.09998E-01  4.44920E-06  1.69123E-01 
1.83000E+01 1.14998E-01  4.53409E-06  1.74120E-01 
1.84000E+01 1.19998E-01  4.61965E-06  1.79128E-01 
1.85000E+01 1.24998E-01  4.70458E-06  1.84116E-01 
1.86000E+01 1.29998E-01  4.79449E-06  1.89098E-01 
1.87000E+01 1.34998E-01  4.88530E-06  1.94097E-01 
1.88000E+01 1.39998E-01  4.97645E-06  1.99126E-01 
1.89000E+01 1.44998E-01  5.06886E-06  2.04105E-01 
1.90000E+01 1.49998E-01  5.16306E-06  2.09109E-01 
1.91000E+01 1.54998E-01  5.25963E-06  2.14123E-01 
1.92000E+01 1.59998E-01  5.35762E-06  2.19136E-01 
1.93000E+01 1.64998E-01  5.45737E-06  2.24135E-01 
1.94000E+01 1.69998E-01  5.55688E-06  2.29114E-01 
1.95000E+01 1.74998E-01  5.65972E-06  2.34114E-01 
1.96000E+01 1.79998E-01  5.76263E-06  2.39124E-01 
1.97000E+01 1.84998E-01  5.86908E-06  2.44136E-01 
1.98000E+01 1.89998E-01  5.97714E-06  2.49144E-01 
1.99000E+01 1.94998E-01  6.08533E-06  2.54130E-01 
1.99999E+01 1.99997E-01  6.19632E-06  2.59155E-01 
2.00999E+01 2.04997E-01  6.30901E-06  2.64162E-01 
2.01999E+01 2.09997E-01  6.42348E-06  2.69151E-01 
2.02999E+01 2.14997E-01  6.53915E-06  2.74117E-01 
2.03999E+01 2.19997E-01  6.65976E-06  2.79129E-01 
2.04999E+01 2.24997E-01  6.78059E-06  2.84162E-01 
2.05999E+01 2.29997E-01  6.90429E-06  2.89152E-01 
2.06999E+01 2.34997E-01  7.03162E-06  2.94148E-01 
2.07999E+01 2.39997E-01  7.16128E-06  2.99157E-01 
2.08999E+01 2.44997E-01  7.28911E-06  3.04178E-01 
2.09999E+01 2.49997E-01  7.42489E-06  3.09222E-01 
2.10999E+01 2.54997E-01  7.56387E-06  3.14206E-01 
2.11999E+01 2.59997E-01  7.70607E-06  3.19208E-01 
2.12999E+01 2.64997E-01  7.84778E-06  3.24222E-01 
2.13999E+01 2.69997E-01  7.99154E-06  3.29221E-01 
2.14999E+01 2.74997E-01  8.14739E-06  3.34247E-01 
2.15999E+01 2.79997E-01  8.30966E-06  3.39253E-01 
2.16999E+01 2.84997E-01  8.47203E-06  3.44213E-01 
2.17999E+01 2.89997E-01  8.64100E-06  3.49224E-01 
2.18999E+01 2.94997E-01  8.81237E-06  3.54230E-01 
2.19999E+01 2.99997E-01  8.98790E-06  3.59229E-01 
2.20999E+01 3.04997E-01  9.16900E-06  3.64227E-01 
2.21999E+01 3.09997E-01  9.35404E-06  3.69222E-01 
2.22999E+01 3.14997E-01  9.54641E-06  3.74264E-01 
2.23999E+01 3.19997E-01  9.74272E-06  3.79257E-01 
2.24999E+01 3.24997E-01  9.94189E-06  3.84246E-01 
2.25999E+01 3.29997E-01  1.01469E-05  3.89245E-01 
2.26999E+01 3.34997E-01  1.03535E-05  3.94272E-01 
2.27999E+01 3.39997E-01  1.05682E-05  3.99260E-01 
2.28999E+01 3.44997E-01  1.07830E-05  4.04246E-01 
2.29999E+01 3.49997E-01  1.09967E-05  4.09259E-01 
2.30999E+01 3.54997E-01  1.12145E-05  4.14283E-01 
2.31999E+01 3.59997E-01  1.14454E-05  4.19266E-01 
2.32999E+01 3.64997E-01  1.16762E-05  4.24275E-01 
2.33999E+01 3.69997E-01  1.19128E-05  4.29271E-01 
2.34999E+01 3.74997E-01  1.21593E-05  4.34274E-01 
2.35999E+01 3.79997E-01  1.23968E-05  4.39269E-01 
2.36999E+01 3.84997E-01  1.26355E-05  4.44275E-01 
2.37999E+01 3.89997E-01  1.28654E-05  4.49258E-01 
2.38999E+01 3.94997E-01  1.31158E-05  4.54260E-01 
2.39999E+01 3.99997E-01  1.33658E-05  4.59283E-01 
2.40999E+01 4.04997E-01  1.36098E-05  4.64271E-01 
2.41999E+01 4.09997E-01  1.38546E-05  4.69287E-01 
2.42999E+01 4.14997E-01  1.40998E-05  4.74270E-01 
2.43999E+01 4.19997E-01  1.43459E-05  4.79298E-01 
2.44999E+01 4.24997E-01  1.45998E-05  4.84302E-01 
2.45999E+01 4.29997E-01  1.48477E-05  4.89314E-01 
2.46999E+01 4.34997E-01  1.50895E-05  4.94310E-01 
2.47999E+01 4.39997E-01  1.53307E-05  4.99319E-01 
2.48999E+01 4.44997E-01  1.55620E-05  5.04310E-01 
2.49999E+01 4.49997E-01  1.58028E-05  5.09319E-01 
2.50999E+01 4.54997E-01  1.60405E-05  5.14317E-01 
2.51999E+01 4.59997E-01  1.62779E-05  5.19351E-01 
2.52999E+01 4.64997E-01  1.65151E-05  5.24322E-01 
2.53999E+01 4.69997E-01  1.67514E-05  5.29336E-01 
2.54999E+01 4.74997E-01  1.69912E-05  5.34346E-01 
2.55999E+01 4.79997E-01  1.72268E-05  5.39336E-01 
2.56999E+01 4.84997E-01  1.74566E-05  5.44336E-01 
2.57999E+01 4.89997E-01  1.76815E-05  5.49339E-01 
2.58999E+01 4.94997E-01  1.79061E-05  5.54348E-01 
2.59999E+01 4.99997E-01  1.81332E-05  5.59356E-01 
2.60999E+01 5.04997E-01  1.83650E-05  5.64348E-01 
2.61999E+01 5.09997E-01  1.85960E-05  5.69360E-01 
2.62999E+01 5.14997E-01  1.88244E-05  5.74369E-01 
2.63999E+01 5.19997E-01  1.90521E-05  5.79353E-01 
2.64999E+01 5.24997E-01  1.92776E-05  5.84364E-01 
2.65999E+01 5.29997E-01  1.95048E-05  5.89384E-01 
2.66999E+01 5.34997E-01  1.97359E-05  5.94371E-01 
2.67999E+01 5.39997E-01  1.99809E-05  5.99362E-01 
2.68999E+01 5.44997E-01  2.02128E-05  6.04367E-01 
2.69999E+01 5.49997E-01  2.04425E-05  6.09375E-01 
2.70999E+01 5.54997E-01  2.06702E-05  6.14384E-01 
2.71999E+01 5.59997E-01  2.08866E-05  6.19365E-01 
2.72999E+01 5.64997E-01  2.11718E-05  6.24393E-01 
2.73999E+01 5.69997E-01  2.14106E-05  6.29383E-01 
2.74999E+01 5.74997E-01  2.16476E-05  6.34406E-01 
2.75999E+01 5.79997E-01  2.18942E-05  6.39418E-01 
2.76999E+01 5.84997E-01  2.21238E-05  6.44417E-01 
2.77999E+01 5.89997E-01  2.23527E-05  6.49404E-01 
2.78999E+01 5.94997E-01  2.25842E-05  6.54422E-01 
2.79999E+01 5.99996E-01  2.28118E-05  6.59419E-01 
2.80999E+01 6.04996E-01  2.30365E-05  6.64405E-01 
2.81999E+01 6.09996E-01  2.32728E-05  6.69398E-01 
2.82999E+01 6.14996E-01  2.35097E-05  6.74413E-01 
2.83999E+01 6.19996E-01  2.37539E-05  6.79421E-01 
2.84999E+01 6.24996E-01  2.39974E-05  6.84423E-01 
2.85999E+01 6.29996E-01  2.42260E-05  6.89399E-01 
2.86999E+01 6.34996E-01  2.44550E-05  6.94405E-01 
2.87999E+01 6.39996E-01  2.46816E-05  6.99410E-01 
2.88999E+01 6.44996E-01  2.49003E-05  7.04420E-01 
2.89999E+01 6.49996E-01  2.51318E-05  7.09419E-01 
2.90999E+01 6.54996E-01  2.53603E-05  7.14435E-01 
2.91999E+01 6.59996E-01  2.55893E-05  7.19430E-01 
2.92999E+01 6.64996E-01  2.58237E-05  7.24432E-01 
2.93999E+01 6.69996E-01  2.60472E-05  7.29434E-01 
2.94999E+01 6.74996E-01  2.62707E-05  7.34433E-01 
2.95999E+01 6.79996E-01  2.64905E-05  7.39431E-01 
2.96999E+01 6.84996E-01  2.67024E-05  7.44428E-01 
2.97999E+01 6.89996E-01  2.69126E-05  7.49425E-01 
2.98999E+01 6.94996E-01  2.71214E-05  7.54418E-01 
2.99999E+01 6.99996E-01  2.73259E-05  7.59453E-01 
3.00999E+01 7.04996E-01  2.75291E-05  7.64437E-01 
3.01999E+01 7.09996E-01  2.77287E-05  7.69424E-01 
3.02999E+01 7.14996E-01  2.79253E-05  7.74442E-01 
3.03999E+01 7.19996E-01  2.81191E-05  7.79466E-01 
3.04999E+01 7.24996E-01  2.83046E-05  7.84469E-01 
3.05999E+01 7.29996E-01  2.84905E-05  7.89482E-01 
3.06999E+01 7.34996E-01  2.86722E-05  7.94481E-01 
3.07999E+01 7.39996E-01  2.88497E-05  7.99471E-01 
3.08999E+01 7.44996E-01  2.90285E-05  8.04484E-01 
3.09999E+01 7.49996E-01  2.92029E-05  8.09499E-01 
3.10999E+01 7.54996E-01  2.93767E-05  8.14505E-01 
3.11999E+01 7.59996E-01  2.95553E-05  8.19492E-01 
3.12999E+01 7.64996E-01  2.97384E-05  8.24491E-01 
3.13999E+01 7.69996E-01  2.99259E-05  8.29509E-01 
3.14999E+01 7.74996E-01  3.01217E-05  8.34512E-01 
3.15999E+01 7.79996E-01  3.03251E-05  8.39514E-01 
3.16999E+01 7.84996E-01  3.05388E-05  8.44480E-01 
3.17999E+01 7.89996E-01  3.07655E-05  8.49508E-01 
3.18999E+01 7.94996E-01  3.10053E-05  8.54520E-01 
3.19999E+01 7.99996E-01  3.12598E-05  8.59522E-01 
3.20999E+01 8.04996E-01  3.15284E-05  8.64526E-01 
3.21999E+01 8.09996E-01  3.18077E-05  8.69522E-01 
3.22999E+01 8.14996E-01  3.21026E-05  8.74523E-01 
3.23999E+01 8.19996E-01  3.24119E-05  8.79531E-01 
3.24999E+01 8.24996E-01  3.27393E-05  8.84554E-01 
3.25999E+01 8.29996E-01  3.30783E-05  8.89522E-01 
3.26999E+01 8.34996E-01  3.34355E-05  8.94550E-01 
3.27999E+01 8.39996E-01  3.38227E-05  8.99572E-01 
3.28999E+01 8.44996E-01  3.42039E-05  9.04538E-01 
3.29999E+01 8.49996E-01  3.45899E-05  9.09531E-01 
3.30999E+01 8.54996E-01  3.49407E-05  9.14542E-01 
3.31999E+01 8.59996E-01  3.52678E-05  9.19558E-01 
3.32999E+01 8.64996E-01  3.55847E-05  9.24549E-01 
3.33999E+01 8.69996E-01  3.58858E-05  9.29542E-01 
3.34999E+01 8.74996E-01  3.61556E-05  9.34564E-01 
3.35999E+01 8.79996E-01  3.64257E-05  9.39575E-01 
3.36999E+01 8.84996E-01  3.66432E-05  9.44585E-01 
3.37999E+01 8.89996E-01  3.68413E-05  9.49576E-01 
3.38999E+01 8.94996E-01  3.70179E-05  9.54579E-01 
3.39999E+01 8.99996E-01  3.71621E-05  9.59558E-01 
3.40999E+01 9.04996E-01  3.72692E-05  9.64579E-01 
3.41999E+01 9.09996E-01  3.74051E-05  9.69623E-01 
3.42999E+01 9.14996E-01  3.74969E-05  9.74593E-01 
3.43999E+01 9.19996E-01  3.75990E-05  9.79589E-01 
3.44999E+01 9.24996E-01  3.76778E-05  9.84584E-01 
3.45999E+01 9.29996E-01  3.77414E-05  9.89612E-01 
3.46999E+01 9.34996E-01  3.78145E-05  9.94592E-01 
3.47999E+01 9.39996E-01  3.78928E-05  9.99588E-01 
3.48999E+01 9.44996E-01  3.79661E-05  1.00460E+00 
3.49999E+01 9.49996E-01  3.80345E-05  1.00960E+00 
3.50999E+01 9.54996E-01  3.81419E-05  1.01460E+00 
3.51999E+01 9.59996E-01  3.81858E-05  1.01960E+00 
3.52999E+01 9.64996E-01  3.82237E-05  1.02459E+00 
3.53999E+01 9.69996E-01  3.82864E-05  1.02960E+00 
3.54999E+01 9.74996E-01  3.83327E-05  1.03461E+00 
3.55999E+01 9.79996E-01  3.85151E-05  1.03961E+00 
3.56999E+01 9.84996E-01  3.87822E-05  1.04461E+00 
3.57999E+01 9.89996E-01  3.88045E-05  1.04961E+00 
3.58999E+01 9.94996E-01  3.88099E-05  1.05463E+00 
3.59999E+01 9.99995E-01  3.88667E-05  1.05962E+00 
3.60999E+01 1.00500E+00  3.89183E-05  1.06461E+00 
3.61999E+01 1.01000E+00  3.91110E-05  1.06962E+00 
3.62999E+01 1.01500E+00  3.92044E-05  1.07465E+00 
3.63999E+01 1.02000E+00  3.93603E-05  1.07961E+00 
3.64999E+01 1.02500E+00  3.96451E-05  1.08462E+00 
3.65999E+01 1.03000E+00  3.98957E-05  1.08964E+00 
3.66999E+01 1.03500E+00  4.00088E-05  1.09465E+00 
3.67999E+01 1.04000E+00  3.99732E-05  1.09963E+00 
3.68999E+01 1.04500E+00  4.00203E-05  1.10464E+00 
3.69999E+01 1.05000E+00  4.01551E-05  1.10966E+00 
3.70999E+01 1.05500E+00  4.03890E-05  1.11467E+00 
3.71999E+01 1.06000E+00  4.07935E-05  1.11968E+00 
3.72999E+01 1.06500E+00  4.10505E-05  1.12467E+00 
3.73999E+01 1.07000E+00  4.17399E-05  1.12971E+00 
3.74999E+01 1.07500E+00  4.21767E-05  1.13470E+00 
3.75999E+01 1.08000E+00  4.24734E-05  1.13969E+00 
3.76999E+01 1.08500E+00  4.28632E-05  1.14473E+00 
3.77999E+01 1.09000E+00  4.32727E-05  1.14971E+00 
3.78999E+01 1.09500E+00  4.37126E-05  1.15471E+00 
3.79999E+01 1.10000E+00  4.40536E-05  1.15971E+00 
3.80999E+01 1.10500E+00  4.44595E-05  1.16471E+00 
3.81999E+01 1.11000E+00  4.48421E-05  1.16973E+00 
3.82999E+01 1.11500E+00  4.52850E-05  1.17472E+00 
3.83999E+01 1.12000E+00  4.57929E-05  1.17971E+00 
3.84999E+01 1.12500E+00  4.63463E-05  1.18473E+00 
3.85999E+01 1.13000E+00  4.67479E-05  1.18973E+00 
3.86999E+01 1.13500E+00  4.72965E-05  1.19473E+00 
3.87999E+01 1.14000E+00  4.76675E-05  1.19971E+00 
3.88999E+01 1.14500E+00  4.81831E-05  1.20472E+00 
3.89999E+01 1.15000E+00  4.87146E-05  1.20974E+00 
3.90999E+01 1.15500E+00  4.91731E-05  1.21473E+00 
3.91999E+01 1.16000E+00  4.96804E-05  1.21972E+00 
3.92999E+01 1.16500E+00  5.02369E-05  1.22472E+00 
3.93999E+01 1.17000E+00  5.08523E-05  1.22972E+00 
3.94999E+01 1.17500E+00  5.13539E-05  1.23471E+00 
3.95999E+01 1.18000E+00  5.19484E-05  1.23973E+00 
3.96999E+01 1.18500E+00  5.26628E-05  1.24474E+00 
3.97999E+01 1.19000E+00  5.39123E-05  1.24976E+00 
3.98999E+01 1.19500E+00  5.42384E-05  1.25475E+00 
3.99999E+01 1.19999E+00  5.47240E-05  1.25971E+00 
4.00999E+01 1.20499E+00  5.53858E-05  1.26474E+00 
4.01999E+01 1.20999E+00  5.60515E-05  1.26975E+00 
4.02999E+01 1.21499E+00  5.67533E-05  1.27474E+00 
4.03999E+01 1.21999E+00  5.75005E-05  1.27977E+00 
4.04999E+01 1.22499E+00  5.83228E-05  1.28472E+00 
4.05999E+01 1.22999E+00  5.90868E-05  1.28976E+00 
4.06999E+01 1.23499E+00  5.99010E-05  1.29477E+00 
4.07999E+01 1.23999E+00  6.07612E-05  1.29977E+00 
4.08999E+01 1.24499E+00  6.16309E-05  1.30478E+00 
4.09999E+01 1.24999E+00  6.25180E-05  1.30977E+00 
4.10999E+01 1.25499E+00  6.33991E-05  1.31477E+00 
4.11999E+01 1.25999E+00  6.42972E-05  1.31977E+00 
4.12999E+01 1.26499E+00  6.52420E-05  1.32478E+00 
4.13999E+01 1.26999E+00  6.62193E-05  1.32977E+00 
4.14999E+01 1.27499E+00  6.72313E-05  1.33479E+00 
4.15999E+01 1.27999E+00  6.82635E-05  1.33980E+00 
4.16999E+01 1.28499E+00  6.93043E-05  1.34480E+00 
4.17999E+01 1.28999E+00  7.03433E-05  1.34980E+00 
4.18999E+01 1.29499E+00  7.14022E-05  1.35481E+00 
4.19999E+01 1.29999E+00  7.25335E-05  1.35981E+00 
4.20999E+01 1.30499E+00  7.35956E-05  1.36480E+00 
4.21999E+01 1.30999E+00  7.47586E-05  1.36981E+00 
4.22999E+01 1.31499E+00  7.59128E-05  1.37483E+00 
4.23999E+01 1.31999E+00  7.70622E-05  1.37981E+00 
4.24999E+01 1.32499E+00  7.82124E-05  1.38482E+00 
4.25999E+01 1.32999E+00  7.94534E-05  1.38981E+00 
4.26999E+01 1.33499E+00  8.07456E-05  1.39482E+00 
4.27999E+01 1.33999E+00  8.20982E-05  1.39984E+00 
4.28999E+01 1.34499E+00  8.34282E-05  1.40484E+00 
4.29999E+01 1.34999E+00  8.48880E-05  1.40980E+00 
4.30999E+01 1.35499E+00  8.64036E-05  1.41481E+00 
4.31999E+01 1.35999E+00  8.79756E-05  1.41984E+00 
4.32999E+01 1.36499E+00  8.96120E-05  1.42485E+00 
4.33999E+01 1.36999E+00  9.13056E-05  1.42984E+00 
4.34999E+01 1.37499E+00  9.30337E-05  1.43486E+00 
4.35999E+01 1.37999E+00  9.47964E-05  1.43985E+00 
4.36999E+01 1.38499E+00  9.66482E-05  1.44487E+00 
4.37999E+01 1.38999E+00  9.85936E-05  1.44990E+00 
4.38999E+01 1.39499E+00  1.00374E-04  1.45491E+00 
4.39999E+01 1.39999E+00  1.02271E-04  1.45990E+00 
4.40999E+01 1.40499E+00  1.04220E-04  1.46488E+00 
4.41999E+01 1.40999E+00  1.06207E-04  1.46989E+00 
4.42999E+01 1.41499E+00  1.08200E-04  1.47492E+00 
4.43999E+01 1.41999E+00  1.10401E-04  1.47990E+00 
4.44999E+01 1.42499E+00  1.12428E-04  1.48488E+00 
4.45999E+01 1.42999E+00  1.14341E-04  1.48989E+00 
4.46999E+01 1.43499E+00  1.16398E-04  1.49492E+00 
4.47999E+01 1.43999E+00  1.18487E-04  1.49991E+00 
4.48999E+01 1.44499E+00  1.20628E-04  1.50490E+00 
4.49999E+01 1.44999E+00  1.22786E-04  1.50989E+00 
4.50999E+01 1.45499E+00  1.24966E-04  1.51492E+00 
4.51999E+01 1.45999E+00  1.27166E-04  1.51988E+00 
4.52999E+01 1.46499E+00  1.29466E-04  1.52491E+00 
4.53999E+01 1.46999E+00  1.31777E-04  1.52990E+00 
4.54999E+01 1.47499E+00  1.34101E-04  1.53489E+00 
4.55999E+01 1.47999E+00  1.36454E-04  1.53989E+00 
4.56999E+01 1.48499E+00  1.38858E-04  1.54489E+00 
4.57999E+01 1.48999E+00  1.41305E-04  1.54989E+00 
4.58999E+01 1.49499E+00  1.43796E-04  1.55492E+00 
4.59999E+01 1.49999E+00  1.46326E-04  1.55993E+00 
4.60999E+01 1.50499E+00  1.48915E-04  1.56491E+00 
4.61999E+01 1.50999E+00  1.51559E-04  1.56991E+00 
4.62999E+01 1.51499E+00  1.54277E-04  1.57491E+00 
4.63999E+01 1.51999E+00  1.57048E-04  1.57992E+00 
4.64999E+01 1.52499E+00  1.59905E-04  1.58495E+00 
4.65999E+01 1.52999E+00  1.62796E-04  1.58993E+00 
4.66999E+01 1.53499E+00  1.65751E-04  1.59494E+00 
4.67999E+01 1.53999E+00  1.68787E-04  1.59994E+00 
4.68999E+01 1.54499E+00  1.71872E-04  1.60495E+00 
4.69999E+01 1.54999E+00  1.74988E-04  1.60999E+00 
4.70999E+01 1.55499E+00  1.78165E-04  1.61496E+00 
4.71999E+01 1.55999E+00  1.81466E-04  1.61996E+00 
4.72999E+01 1.56499E+00  1.84757E-04  1.62496E+00 
4.73999E+01 1.56999E+00  1.88139E-04  1.62996E+00 
4.74999E+01 1.57499E+00  1.91526E-04  1.63497E+00 
4.75999E+01 1.57999E+00  1.95007E-04  1.63995E+00 
4.76999E+01 1.58499E+00  1.98561E-04  1.64496E+00 
4.77999E+01 1.58999E+00  2.02136E-04  1.64999E+00 
4.78999E+01 1.59499E+00  2.05731E-04  1.65500E+00 
4.79999E+01 1.59999E+00  2.09340E-04  1.65997E+00 
4.80999E+01 1.60499E+00  2.12973E-04  1.66499E+00 
4.81999E+01 1.60999E+00  2.17085E-04  1.66998E+00 
4.82999E+01 1.61499E+00  2.20825E-04  1.67497E+00 
4.83999E+01 1.61999E+00  2.24729E-04  1.67999E+00 
4.84999E+01 1.62499E+00  2.28216E-04  1.68501E+00 
4.85999E+01 1.62999E+00  2.31873E-04  1.69000E+00 
4.86999E+01 1.63499E+00  2.35538E-04  1.69499E+00 
4.87999E+01 1.63999E+00  2.39243E-04  1.69998E+00 
4.88999E+01 1.64499E+00  2.42990E-04  1.70503E+00 
4.89999E+01 1.64999E+00  2.46723E-04  1.71003E+00 
4.90999E+01 1.65499E+00  2.50430E-04  1.71502E+00 
4.91999E+01 1.65999E+00  2.54118E-04  1.72001E+00 
4.92999E+01 1.66499E+00  2.57756E-04  1.72502E+00 
4.93999E+01 1.66999E+00  2.61397E-04  1.73004E+00 
4.94999E+01 1.67499E+00  2.64999E-04  1.73502E+00 
4.95999E+01 1.67999E+00  2.68574E-04  1.74003E+00 
4.96999E+01 1.68499E+00  2.72138E-04  1.74506E+00 
4.97999E+01 1.68999E+00  2.75666E-04  1.75005E+00 
4.98999E+01 1.69499E+00  2.79163E-04  1.75507E+00 
4.99999E+01 1.69999E+00  2.82641E-04  1.76008E+00 
5.00999E+01 1.70499E+00  2.86060E-04  1.76509E+00 
5.01999E+01 1.70999E+00  2.89461E-04  1.77008E+00 
5.02999E+01 1.71499E+00  2.92807E-04  1.77507E+00 
5.03999E+01 1.71999E+00  2.96128E-04  1.78008E+00 
5.04999E+01 1.72499E+00  2.99454E-04  1.78509E+00 
5.05999E+01 1.72999E+00  3.02702E-04  1.79009E+00 
5.06999E+01 1.73499E+00  3.05945E-04  1.79508E+00 
5.07999E+01 1.73999E+00  3.09090E-04  1.80010E+00 
5.08999E+01 1.74499E+00  3.12244E-04  1.80509E+00 
5.09999E+01 1.74999E+00  3.15319E-04  1.81009E+00 
5.10999E+01 1.75499E+00  3.18355E-04  1.81508E+00 
5.11999E+01 1.75999E+00  3.21332E-04  1.82007E+00 
5.12999E+01 1.76499E+00  3.24268E-04  1.82510E+00 
5.13999E+01 1.76999E+00  3.27203E-04  1.83010E+00 
5.14999E+01 1.77499E+00  3.30033E-04  1.83510E+00 
5.15999E+01 1.77999E+00  3.32900E-04  1.84010E+00 
5.16999E+01 1.78499E+00  3.35707E-04  1.84512E+00 
5.17999E+01 1.78999E+00  3.38504E-04  1.85011E+00 
5.18999E+01 1.79499E+00  3.41226E-04  1.85512E+00 
5.19999E+01 1.79999E+00  3.43932E-04  1.86010E+00 
5.20999E+01 1.79499E+00  3.36349E-04  1.85511E+00 
5.21999E+01 1.78999E+00  3.29015E-04  1.85011E+00 
5.22999E+01 1.78499E+00  3.21971E-04  1.84511E+00 
5.23999E+01 1.77999E+00  3.15069E-04  1.84009E+00 
5.24999E+01 1.77499E+00  3.08377E-04  1.83507E+00 
5.25999E+01 1.76999E+00  3.01801E-04  1.83010E+00 
5.26999E+01 1.76499E+00  2.95338E-04  1.82510E+00 
5.27999E+01 1.75999E+00  2.89123E-04  1.82007E+00 
5.28999E+01 1.75499E+00  2.82919E-04  1.81507E+00 
5.29999E+01 1.74999E+00  2.76873E-04  1.81006E+00 
5.30999E+01 1.74499E+00  2.70897E-04  1.80508E+00 
5.31999E+01 1.73999E+00  2.65061E-04  1.80006E+00 
5.32999E+01 1.73499E+00  2.59370E-04  1.79504E+00 
5.33999E+01 1.72999E+00  2.53938E-04  1.79006E+00 
5.34999E+01 1.72499E+00  2.48425E-04  1.78509E+00 
5.35999E+01 1.71999E+00  2.43028E-04  1.78006E+00 
5.36999E+01 1.71499E+00  2.37798E-04  1.77504E+00 
5.37999E+01 1.70999E+00  2.32633E-04  1.77005E+00 
5.38999E+01 1.70499E+00  2.27610E-04  1.76505E+00 
5.39999E+01 1.69999E+00  2.22659E-04  1.76006E+00 
5.40999E+01 1.69499E+00  2.17785E-04  1.75504E+00 
5.41999E+01 1.68999E+00  2.13009E-04  1.75002E+00 
5.42999E+01 1.68499E+00  2.08415E-04  1.74502E+00 
5.43999E+01 1.67999E+00  2.03781E-04  1.73999E+00 
5.44999E+01 1.67499E+00  1.99749E-04  1.73504E+00 
5.45999E+01 1.66999E+00  1.94901E-04  1.73003E+00 
5.46999E+01 1.66499E+00  1.90531E-04  1.72501E+00 
5.47999E+01 1.65999E+00  1.86168E-04  1.72000E+00 
5.48999E+01 1.65499E+00  1.81918E-04  1.71501E+00 
5.49999E+01 1.64999E+00  1.77838E-04  1.71004E+00 
5.50999E+01 1.64499E+00  1.73937E-04  1.70502E+00 
5.51999E+01 1.63999E+00  1.69720E-04  1.70001E+00 
5.52999E+01 1.63499E+00  1.65733E-04  1.69501E+00 
5.53999E+01 1.62999E+00  1.61840E-04  1.69003E+00 
5.54999E+01 1.62499E+00  1.57988E-04  1.68500E+00 
5.55999E+01 1.61999E+00  1.54203E-04  1.67998E+00 
5.56999E+01 1.61499E+00  1.50478E-04  1.67501E+00 
5.57999E+01 1.60999E+00  1.46840E-04  1.67001E+00 
5.58999E+01 1.60499E+00  1.43437E-04  1.66499E+00 
5.59999E+01 1.59999E+00  1.39778E-04  1.65998E+00 
5.60999E+01 1.59499E+00  1.36214E-04  1.65499E+00 
5.61999E+01 1.58999E+00  1.32767E-04  1.65000E+00 
5.62999E+01 1.58499E+00  1.29406E-04  1.64499E+00 
5.63999E+01 1.57999E+00  1.26065E-04  1.63999E+00 
5.64999E+01 1.57499E+00  1.23028E-04  1.63500E+00 
5.65999E+01 1.56999E+00  1.19618E-04  1.63001E+00 
5.66999E+01 1.56499E+00  1.16401E-04  1.62498E+00 
5.67999E+01 1.55999E+00  1.13285E-04  1.61997E+00 
5.68999E+01 1.55499E+00  1.10240E-04  1.61500E+00 
5.69999E+01 1.54999E+00  1.07263E-04  1.60999E+00 
5.70999E+01 1.54499E+00  1.04305E-04  1.60497E+00 
5.71999E+01 1.53999E+00  1.01427E-04  1.59995E+00 
5.72999E+01 1.53499E+00  9.85805E-05  1.59497E+00 
5.73999E+01 1.52999E+00  9.57876E-05  1.58993E+00 
5.74999E+01 1.52499E+00  9.30626E-05  1.58494E+00 
5.75999E+01 1.51999E+00  9.03134E-05  1.57993E+00 
5.76999E+01 1.51499E+00  8.76791E-05  1.57492E+00 
5.77999E+01 1.50999E+00  8.52414E-05  1.56993E+00 
5.78999E+01 1.50499E+00  8.25634E-05  1.56489E+00 
5.79999E+01 1.49999E+00  8.00700E-05  1.55992E+00 
5.80999E+01 1.49499E+00  7.78455E-05  1.55492E+00 
5.81999E+01 1.48999E+00  7.52317E-05  1.54993E+00 
5.82999E+01 1.48499E+00  7.28653E-05  1.54490E+00 
5.83999E+01 1.47999E+00  7.05793E-05  1.53991E+00 
5.84999E+01 1.47499E+00  6.83250E-05  1.53491E+00 
5.85999E+01 1.46999E+00  6.61240E-05  1.52990E+00 
5.86999E+01 1.46499E+00  6.39785E-05  1.52490E+00 
5.87999E+01 1.45999E+00  6.18844E-05  1.51990E+00 
5.88999E+01 1.45499E+00  5.99560E-05  1.51491E+00 
5.89999E+01 1.44999E+00  5.78811E-05  1.50989E+00 
5.90999E+01 1.44499E+00  5.59352E-05  1.50491E+00 
5.91999E+01 1.43999E+00  5.40557E-05  1.49991E+00 
5.92999E+01 1.43499E+00  5.22232E-05  1.49491E+00 
5.93999E+01 1.42999E+00  5.04297E-05  1.48990E+00 
5.94999E+01 1.42499E+00  4.87381E-05  1.48488E+00 
5.95999E+01 1.41999E+00  4.69661E-05  1.47988E+00 
5.96999E+01 1.41499E+00  4.53345E-05  1.47487E+00 
5.97999E+01 1.40999E+00  4.37122E-05  1.46986E+00 
5.98999E+01 1.40499E+00  4.21666E-05  1.46488E+00 
5.99998E+01 1.39999E+00  4.06614E-05  1.45990E+00 
6.00998E+01 1.39499E+00  3.92189E-05  1.45489E+00 
6.01998E+01 1.38999E+00  3.78097E-05  1.44989E+00 
6.02998E+01 1.38499E+00  3.64607E-05  1.44488E+00 
6.03998E+01 1.37999E+00  3.46980E-05  1.43987E+00 
6.04998E+01 1.37499E+00  3.34502E-05  1.43487E+00 
6.05998E+01 1.36999E+00  3.22234E-05  1.42986E+00 
6.06998E+01 1.36499E+00  3.10524E-05  1.42487E+00 
6.07998E+01 1.35999E+00  2.99222E-05  1.41986E+00 
6.08998E+01 1.35499E+00  2.88244E-05  1.41484E+00 
6.09998E+01 1.34999E+00  2.77900E-05  1.40985E+00 
6.10998E+01 1.34499E+00  2.67872E-05  1.40483E+00 
6.11998E+01 1.33999E+00  2.58287E-05  1.39984E+00 
6.12998E+01 1.33499E+00  2.49096E-05  1.39483E+00 
6.13998E+01 1.32999E+00  2.40335E-05  1.38982E+00 
6.14998E+01 1.32499E+00  2.32228E-05  1.38482E+00 
6.15998E+01 1.31999E+00  2.23956E-05  1.37982E+00 
6.16998E+01 1.31499E+00  2.16267E-05  1.37482E+00 
6.17998E+01 1.30999E+00  2.08939E-05  1.36981E+00 
6.18998E+01 1.30499E+00  2.01982E-05  1.36483E+00 
6.19998E+01 1.29999E+00  1.95364E-05  1.35982E+00 
6.20998E+01 1.29499E+00  1.89095E-05  1.35480E+00 
6.21998E+01 1.28999E+00  1.83021E-05  1.34980E+00 
6.22998E+01 1.28499E+00  1.77259E-05  1.34481E+00 
6.23998E+01 1.27999E+00  1.71817E-05  1.33980E+00 
6.24998E+01 1.27499E+00  1.66570E-05  1.33480E+00 
6.25998E+01 1.26999E+00  1.61654E-05  1.32979E+00 
6.26998E+01 1.26499E+00  1.56980E-05  1.32479E+00 
6.27998E+01 1.25999E+00  1.52591E-05  1.31980E+00 
6.28998E+01 1.25499E+00  1.48777E-05  1.31479E+00 
6.29998E+01 1.24999E+00  1.44504E-05  1.30977E+00 
6.30998E+01 1.24499E+00  1.40583E-05  1.30476E+00 
6.31998E+01 1.23999E+00  1.36973E-05  1.29978E+00 
6.32998E+01 1.23499E+00  1.33574E-05  1.29478E+00 
6.33998E+01 1.22999E+00  1.30343E-05  1.28976E+00 
6.34998E+01 1.22499E+00  1.27378E-05  1.28476E+00 
6.35998E+01 1.21999E+00  1.24504E-05  1.27976E+00 
6.36998E+01 1.21499E+00  1.21630E-05  1.27477E+00 
6.37998E+01 1.20999E+00  1.19006E-05  1.26976E+00 
6.38998E+01 1.20499E+00  1.16529E-05  1.26474E+00 
6.39998E+01 1.19999E+00  1.14214E-05  1.25975E+00 
6.40998E+01 1.19500E+00  1.11909E-05  1.25474E+00 
6.41998E+01 1.19000E+00  1.09677E-05  1.24975E+00 
6.42998E+01 1.18500E+00  1.07602E-05  1.24473E+00 
6.43998E+01 1.18000E+00  1.05624E-05  1.23973E+00 
6.44998E+01 1.17500E+00  1.03772E-05  1.23474E+00 
6.45998E+01 1.17000E+00  1.02027E-05  1.22973E+00 
6.46998E+01 1.16500E+00  1.00341E-05  1.22474E+00 
6.47998E+01 1.16000E+00  9.87185E-06  1.21972E+00 
6.48998E+01 1.15500E+00  9.72063E-06  1.21472E+00 
6.49998E+01 1.15000E+00  9.60949E-06  1.20975E+00 
6.50998E+01 1.14500E+00  9.42963E-06  1.20472E+00 
6.51998E+01 1.14000E+00  9.27814E-06  1.19971E+00 
6.52998E+01 1.13500E+00  9.14455E-06  1.19470E+00 
6.53998E+01 1.13000E+00  9.01748E-06  1.18971E+00 
6.54998E+01 1.12500E+00  8.90033E-06  1.18471E+00 
6.55998E+01 1.12000E+00  8.77389E-06  1.17971E+00 
6.56998E+01 1.11500E+00  8.66494E-06  1.17470E+00 
6.57998E+01 1.11000E+00  8.54962E-06  1.16972E+00 
6.58998E+01 1.10500E+00  8.44307E-06  1.16471E+00 
6.59998E+01 1.10000E+00  8.37564E-06  1.15971E+00 
6.60998E+01 1.09500E+00  8.27821E-06  1.15471E+00 
6.61998E+01 1.09000E+00  8.29970E-06  1.14971E+00 
6.62998E+01 1.08500E+00  8.27199E-06  1.14470E+00 
6.63998E+01 1.08000E+00  7.97811E-06  1.13971E+00 
6.64998E+01 1.07500E+00  7.85029E-06  1.13470E+00 
6.65998E+01 1.07000E+00  7.74771E-06  1.12970E+00 
6.66998E+01 1.06500E+00  7.65536E-06  1.12470E+00 
6.67998E+01 1.06000E+00  7.56798E-06  1.11968E+00 
6.68998E+01 1.05500E+00  7.47878E-06  1.11466E+00 
6.69998E+01 1.05000E+00  7.39622E-06  1.10965E+00 
6.70998E+01 1.04500E+00  7.31682E-06  1.10466E+00 
6.71998E+01 1.04000E+00  7.23499E-06  1.09964E+00 
6.72998E+01 1.03500E+00  7.15581E-06  1.09465E+00 
6.73998E+01 1.03000E+00  7.07940E-06  1.08963E+00 
6.74998E+01 1.02500E+00  7.00237E-06  1.08463E+00 
6.75998E+01 1.02000E+00  6.92771E-06  1.07965E+00 
6.76998E+01 1.01500E+00  6.95066E-06  1.07464E+00 
6.77998E+01 1.01000E+00  6.81751E-06  1.06962E+00 
6.78998E+01 1.00500E+00  6.73146E-06  1.06461E+00 
6.79998E+01 9.99995E-01  6.64755E-06  1.05962E+00 
6.80998E+01 9.94996E-01  6.57322E-06  1.05463E+00 
6.81998E+01 9.89996E-01  6.50049E-06  1.04960E+00 
6.82998E+01 9.84996E-01  6.43273E-06  1.04461E+00 
6.83998E+01 9.79996E-01  6.36527E-06  1.03961E+00 
6.84998E+01 9.74996E-01  6.29964E-06  1.03462E+00 
6.85998E+01 9.69996E-01  6.23415E-06  1.02961E+00 
6.86998E+01 9.64996E-01  6.16477E-06  1.02459E+00 
6.87998E+01 9.59996E-01  6.09861E-06  1.01960E+00 
6.88998E+01 9.54996E-01  6.03295E-06  1.01461E+00 
6.89998E+01 9.49996E-01  5.96652E-06  1.00959E+00 
6.90998E+01 9.44996E-01  5.90281E-06  1.00458E+00 
6.91998E+01 9.39996E-01  5.83958E-06  9.99561E-01 
6.92998E+01 9.34996E-01  5.77542E-06  9.94592E-01 
6.93998E+01 9.29996E-01  5.71353E-06  9.89598E-01 
6.94998E+01 9.24996E-01  5.65042E-06  9.84583E-01 
6.95998E+01 9.19996E-01  5.58739E-06  9.79569E-01 
6.96998E+01 9.14996E-01  5.52558E-06  9.74594E-01 
6.97998E+01 9.09996E-01  5.46274E-06  9.69588E-01 
6.98998E+01 9.04996E-01  5.40036E-06  9.64578E-01 
6.99998E+01 8.99996E-01  5.33847E-06  9.59577E-01 
7.00998E+01 8.94996E-01  5.27869E-06  9.54560E-01 
7.01998E+01 8.89996E-01  5.21558E-06  9.49533E-01 
7.02998E+01 8.84996E-01  5.15347E-06  9.44571E-01 
7.03998E+01 8.79996E-01  5.09310E-06  9.39578E-01 
7.04998E+01 8.74996E-01  5.02945E-06  9.34531E-01 
7.05998E+01 8.69996E-01  4.96696E-06  9.29551E-01 
7.06998E+01 8.64996E-01  4.90445E-06  9.24547E-01 
7.07998E+01 8.59996E-01  4.84432E-06  9.19551E-01 
7.08998E+01 8.54996E-01  4.78266E-06  9.14551E-01 
7.09998E+01 8.49996E-01  4.71720E-06  9.09543E-01 
7.10998E+01 8.44996E-01  4.65584E-06  9.04531E-01 
7.11998E+01 8.39996E-01  4.59473E-06  8.99555E-01 
7.12998E+01 8.34996E-01  4.52832E-06  8.94556E-01 
7.13998E+01 8.29996E-01  4.46393E-06  8.89525E-01 
7.14998E+01 8.24996E-01  4.39842E-06  8.84536E-01 
7.15998E+01 8.19996E-01  4.33494E-06  8.79540E-01 
7.16998E+01 8.14996E-01  4.26856E-06  8.74531E-01 
7.17998E+01 8.09996E-01  4.20345E-06  8.69527E-01 
7.18998E+01 8.04996E-01  4.13749E-06  8.64527E-01 
7.19998E+01 7.99996E-01  4.06783E-06  8.59517E-01 
7.20998E+01 7.94996E-01  4.00097E-06  8.54515E-01 
7.21998E+01 7.89996E-01  3.93224E-06  8.49522E-01 
7.22998E+01 7.84996E-01  3.81776E-06  8.44533E-01 
7.23998E+01 7.79996E-01  3.74872E-06  8.39513E-01 
7.24998E+01 7.74996E-01  3.68046E-06  8.34520E-01 
7.25998E+01 7.69996E-01  3.61152E-06  8.29522E-01 
7.26998E+01 7.64996E-01  3.54123E-06  8.24487E-01 
7.27998E+01 7.59996E-01  3.47026E-06  8.19501E-01 
7.28998E+01 7.54996E-01  3.39826E-06  8.14509E-01 
7.29998E+01 7.49996E-01  3.32755E-06  8.09485E-01 
7.30998E+01 7.44996E-01  3.25496E-06  8.04487E-01 
7.31998E+01 7.39996E-01  3.17973E-06  7.99491E-01 
7.32998E+01 7.34996E-01  3.10320E-06  7.94481E-01 
7.33998E+01 7.29996E-01  3.02852E-06  7.89450E-01 
7.34998E+01 7.24996E-01  2.95161E-06  7.84460E-01 
7.35998E+01 7.19996E-01  2.87645E-06  7.79470E-01 
7.36998E+01 7.14996E-01  2.79739E-06  7.74435E-01 
7.37998E+01 7.09996E-01  2.71957E-06  7.69423E-01 
7.38998E+01 7.04996E-01  2.64261E-06  7.64438E-01 
7.39998E+01 6.99996E-01  2.56108E-06  7.59446E-01 
7.40998E+01 6.94996E-01  2.48223E-06  7.54431E-01 
7.41998E+01 6.89996E-01  2.40252E-06  7.49425E-01 
7.42998E+01 6.84996E-01  2.32157E-06  7.44411E-01 
7.43998E+01 6.79996E-01  2.24044E-06  7.39422E-01 
7.44998E+01 6.74996E-01  2.15939E-06  7.34423E-01 
7.45998E+01 6.69996E-01  2.07691E-06  7.29441E-01 
7.46998E+01 6.64996E-01  1.99479E-06  7.24421E-01 
7.47998E+01 6.59996E-01  1.91063E-06  7.19415E-01 
7.48998E+01 6.54996E-01  1.82854E-06  7.14422E-01 
7.49998E+01 6.49996E-01  1.74260E-06  7.09414E-01 
7.50998E+01 6.44996E-01  1.65665E-06  7.04424E-01 
7.51998E+01 6.39996E-01  1.56949E-06  6.99428E-01 
7.52998E+01 6.34996E-01  1.48253E-06  6.94413E-01 
7.53998E+01 6.29996E-01  1.39580E-06  6.89407E-01 
7.54998E+01 6.24996E-01  1.30624E-06  6.84412E-01 
7.55998E+01 6.19996E-01  1.21482E-06  6.79421E-01 
7.56998E+01 6.14996E-01  1.12452E-06  6.74402E-01 
7.57998E+01 6.09996E-01  1.03119E-06  6.69426E-01 
7.58998E+01 6.04996E-01  9.37052E-07  6.64412E-01 
7.59998E+01 5.99996E-01  8.41371E-07  6.59416E-01 
7.60998E+01 5.94997E-01  7.45452E-07  6.54397E-01 
7.61998E+01 5.89997E-01  6.46094E-07  6.49394E-01 
7.62998E+01 5.84997E-01  5.47572E-07  6.44412E-01 
7.63998E+01 5.79997E-01  4.46150E-07  6.39401E-01 
7.64998E+01 5.74997E-01  3.44963E-07  6.34391E-01 
7.65998E+01 5.69997E-01  2.40455E-07  6.29371E-01 
7.66998E+01 5.64997E-01  1.35418E-07  6.24365E-01 
7.67998E+01 5.59997E-01  3.08178E-08  6.19363E-01 
7.68998E+01 5.54997E-01  -7.76594E-08 6.14372E-01 
7.69998E+01 5.49997E-01  -1.83891E-07 6.09365E-01 
7.70998E+01 5.44997E-01  -2.94177E-07 6.04362E-01 
7.71998E+01 5.39997E-01  -4.05157E-07 5.99362E-01 
7.72998E+01 5.34997E-01  -5.15104E-07 5.94371E-01 
7.73998E+01 5.29997E-01  -6.29275E-07 5.89369E-01 
7.74998E+01 5.24997E-01  -7.43058E-07 5.84346E-01 
7.75998E+01 5.19997E-01  -8.59195E-07 5.79339E-01 
7.76998E+01 5.14997E-01  -9.77086E-07 5.74349E-01 
7.77998E+01 5.09997E-01  -1.09533E-06 5.69332E-01 
7.78998E+01 5.04997E-01  -1.21795E-06 5.64323E-01 
7.79998E+01 4.99997E-01  -1.34234E-06 5.59334E-01 
7.80998E+01 4.94997E-01  -1.47015E-06 5.54346E-01 
7.81998E+01 4.89997E-01  -1.59998E-06 5.49343E-01 
7.82998E+01 4.84997E-01  -1.73351E-06 5.44343E-01 
7.83998E+01 4.79997E-01  -1.87072E-06 5.39340E-01 
7.84998E+01 4.74997E-01  -2.00965E-06 5.34326E-01 
7.85998E+01 4.69997E-01  -2.15476E-06 5.29320E-01 
7.86998E+01 4.64997E-01  -2.30144E-06 5.24305E-01 
7.87998E+01 4.59997E-01  -2.45305E-06 5.19290E-01 
7.88998E+01 4.54997E-01  -2.60738E-06 5.14305E-01 
7.89998E+01 4.49997E-01  -2.76581E-06 5.09312E-01 
7.90998E+01 4.44997E-01  -2.92977E-06 5.04310E-01 
7.91998E+01 4.39997E-01  -3.09791E-06 4.99296E-01 
7.92998E+01 4.34997E-01  -3.26904E-06 4.94315E-01 
7.93998E+01 4.29997E-01  -3.44333E-06 4.89331E-01 
7.94998E+01 4.24997E-01  -3.62300E-06 4.84314E-01 
7.95998E+01 4.19997E-01  -3.80746E-06 4.79276E-01 
7.96998E+01 4.14997E-01  -3.99740E-06 4.74284E-01 
7.97998E+01 4.09997E-01  -4.18886E-06 4.69284E-01 
7.98998E+01 4.04997E-01  -4.38687E-06 4.64267E-01 
7.99998E+01 3.99997E-01  -4.58813E-06 4.59263E-01 
8.00998E+01 3.94997E-01  -4.79242E-06 4.54253E-01 
8.01998E+01 3.89997E-01  -5.00248E-06 4.49248E-01 
8.02998E+01 3.84997E-01  -5.21802E-06 4.44247E-01 
8.03998E+01 3.79997E-01  -5.43687E-06 4.39252E-01 
8.04998E+01 3.74997E-01  -5.66039E-06 4.34264E-01 
8.05998E+01 3.69997E-01  -5.88887E-06 4.29258E-01 
8.06998E+01 3.64997E-01  -6.12339E-06 4.24249E-01 
8.07998E+01 3.59997E-01  -6.36130E-06 4.19245E-01 
8.08998E+01 3.54997E-01  -6.60429E-06 4.14248E-01 
8.09998E+01 3.49997E-01  -6.85433E-06 4.09239E-01 
8.10998E+01 3.44997E-01  -7.10828E-06 4.04221E-01 
8.11998E+01 3.39997E-01  -7.36791E-06 3.99233E-01 
8.12998E+01 3.34997E-01  -7.63290E-06 3.94241E-01 
8.13998E+01 3.29997E-01  -7.90444E-06 3.89231E-01 
8.14998E+01 3.24997E-01  -8.18229E-06 3.84219E-01 
8.15998E+01 3.19997E-01  -8.46488E-06 3.79228E-01 
8.16998E+01 3.14997E-01  -8.75590E-06 3.74231E-01 
8.17998E+01 3.09997E-01  -9.05436E-06 3.69215E-01 
8.18998E+01 3.04997E-01  -9.35769E-06 3.64194E-01 
8.19998E+01 2.99997E-01  -9.67332E-06 3.59191E-01 
8.20998E+01 2.94997E-01  -9.99417E-06 3.54200E-01 
8.21998E+01 2.89997E-01  -1.03176E-05 3.49186E-01 
8.22998E+01 2.84997E-01  -1.06472E-05 3.44197E-01 
8.23998E+01 2.79997E-01  -1.09850E-05 3.39194E-01 
8.24998E+01 2.74997E-01  -1.13207E-05 3.34213E-01 
8.25998E+01 2.69997E-01  -1.16598E-05 3.29211E-01 
8.26998E+01 2.64997E-01  -1.19972E-05 3.24203E-01 
8.27998E+01 2.59997E-01  -1.23428E-05 3.19205E-01 
8.28998E+01 2.54997E-01  -1.27027E-05 3.14192E-01 
8.29998E+01 2.49997E-01  -1.30766E-05 3.09195E-01 
8.30998E+01 2.44997E-01  -1.34549E-05 3.04180E-01 
8.31998E+01 2.39997E-01  -1.38281E-05 2.99178E-01 
8.32998E+01 2.34997E-01  -1.42133E-05 2.94193E-01 
8.33998E+01 2.29997E-01  -1.46055E-05 2.89165E-01 
8.34998E+01 2.24997E-01  -1.50009E-05 2.84194E-01 
8.35998E+01 2.19997E-01  -1.54018E-05 2.79179E-01 
8.36998E+01 2.14997E-01  -1.58064E-05 2.74173E-01 
8.37998E+01 2.09997E-01  -1.62166E-05 2.69156E-01 
8.38998E+01 2.04997E-01  -1.66326E-05 2.64180E-01 
8.39998E+01 1.99997E-01  -1.70559E-05 2.59181E-01 
8.40998E+01 1.94998E-01  -1.74871E-05 2.54149E-01 
8.41998E+01 1.89998E-01  -1.79136E-05 2.49127E-01 
8.42998E+01 1.84998E-01  -1.83403E-05 2.44148E-01 
8.43998E+01 1.79998E-01  -1.87493E-05 2.39149E-01 
8.44998E+01 1.74998E-01  -1.91335E-05 2.34141E-01 
8.45998E+01 1.69998E-01  -1.95526E-05 2.29141E-01 
8.46998E+01 1.64998E-01  -1.99934E-05 2.24134E-01 
8.47998E+01 1.59998E-01  -2.04308E-05 2.19120E-01 
8.48998E+01 1.54998E-01  -2.08724E-05 2.14123E-01 
8.49998E+01 1.49998E-01  -2.13131E-05 2.09121E-01 
8.50998E+01 1.44998E-01  -2.17222E-05 2.04138E-01 
8.51998E+01 1.39998E-01  -2.21675E-05 1.99140E-01 
8.52998E+01 1.34998E-01  -2.26110E-05 1.94135E-01 
8.53998E+01 1.29998E-01  -2.30517E-05 1.89093E-01 
8.54998E+01 1.24998E-01  -2.35028E-05 1.84108E-01 
8.55998E+01 1.19998E-01  -2.39521E-05 1.79128E-01 
8.56998E+01 1.14998E-01  -2.44042E-05 1.74102E-01 
8.57998E+01 1.09998E-01  -2.48507E-05 1.69120E-01 
8.58998E+01 1.04998E-01  -2.53002E-05 1.64102E-01 
8.59998E+01 9.99977E-02  -2.57475E-05 1.59116E-01 
8.60998E+01 9.49978E-02  -2.61979E-05 1.54093E-01 
8.61998E+01 8.99978E-02  -2.66471E-05 1.49082E-01 
8.62998E+01 8.49978E-02  -2.71006E-05 1.44080E-01 
8.63998E+01 7.99978E-02  -2.75583E-05 1.39072E-01 
8.64998E+01 7.49978E-02  -2.80159E-05 1.34082E-01 
8.65998E+01 6.99978E-02  -2.84789E-05 1.29057E-01 
8.66998E+01 6.49978E-02  -2.89457E-05 1.24062E-01 
8.67998E+01 5.99978E-02  -2.94190E-05 1.19055E-01 
8.68998E+01 5.49979E-02  -2.98917E-05 1.14076E-01 
8.69998E+01 4.99979E-02  -3.03725E-05 1.09048E-01 
8.70998E+01 4.49979E-02  -3.08615E-05 1.04081E-01 
8.71998E+01 3.99979E-02  -3.13492E-05 9.90623E-02 
8.72998E+01 3.49979E-02  -3.18468E-05 9.40414E-02 
8.73998E+01 2.99979E-02  -3.23413E-05 8.90292E-02 
8.74998E+01 2.49979E-02  -3.28409E-05 8.40520E-02 
8.75998E+01 1.99979E-02  -3.33440E-05 7.90611E-02 
8.76998E+01 1.49980E-02  -3.38495E-05 7.40458E-02 
8.77998E+01 9.99797E-03  -3.43511E-05 6.90480E-02 
8.78998E+01 4.99799E-03  -3.48581E-05 6.40558E-02 
8.79998E+01 -2.00000E-06 -3.53720E-05 5.90474E-02 
8.80998E+01 -5.00199E-03 -3.58842E-05 5.40415E-02 
8.81998E+01 -1.00020E-02 -3.63887E-05 4.90337E-02 
8.82998E+01 -1.50020E-02 -3.69035E-05 4.40228E-02 
8.83998E+01 -2.00020E-02 -3.74223E-05 3.90475E-02 
8.84998E+01 -2.50019E-02 -3.79435E-05 3.40434E-02 
8.85998E+01 -3.00019E-02 -3.84658E-05 2.90338E-02 
8.86998E+01 -3.50019E-02 -3.90026E-05 2.40285E-02 
8.87998E+01 -4.00019E-02 -3.95511E-05 1.90476E-02 
8.88998E+01 -4.50019E-02 -4.01131E-05 1.40466E-02 
8.89998E+01 -5.00019E-02 -4.06950E-05 9.02949E-03 
8.90998E+01 -5.50019E-02 -4.12919E-05 4.02981E-03 
8.91998E+01 -6.00019E-02 -4.19103E-05 -9.67969E-04
8.92998E+01 -6.50018E-02 -4.25600E-05 -5.97390E-03
8.93998E+01 -7.00018E-02 -4.32388E-05 -1.09867E-02
8.94998E+01 -7.50018E-02 -4.39413E-05 -1.59963E-02
8.95998E+01 -8.00018E-02 -4.46732E-05 -2.10066E-02
8.96998E+01 -8.50018E-02 -4.54428E-05 -2.59776E-02
8.97998E+01 -9.00018E-02 -4.62432E-05 -3.09972E-02
8.98998E+01 -9.50018E-02 -4.70911E-05 -3.60057E-02
8.99998E+01 -1.00002E-01 -4.79617E-05 -4.10128E-02
9.00998E+01 -1.05002E-01 -4.88779E-05 -4.59969E-02
9.01998E+01 -1.10002E-01 -4.98546E-05 -5.10016E-02
9.02998E+01 -1.15002E-01 -5.08684E-05 -5.60056E-02
9.03998E+01 -1.20002E-01 -5.19395E-05 -6.10296E-02
9.04998E+01 -1.25002E-01 -5.30494E-05 -6.60136E-02
9.05998E+01 -1.30002E-01 -5.42130E-05 -7.10208E-02
9.06998E+01 -1.35002E-01 -5.54524E-05 -7.60118E-02
9.07998E+01 -1.40002E-01 -5.67435E-05 -8.10301E-02
9.08998E+01 -1.45002E-01 -5.80921E-05 -8.60149E-02
9.09998E+01 -1.50002E-01 -5.95119E-05 -9.10214E-02
9.10998E+01 -1.55002E-01 -6.10222E-05 -9.60404E-02
9.11998E+01 -1.60002E-01 -6.26147E-05 -1.01042E-01
9.12998E+01 -1.65002E-01 -6.42868E-05 -1.06031E-01
9.13998E+01 -1.70002E-01 -6.60718E-05 -1.11022E-01
9.14998E+01 -1.75002E-01 -6.79936E-05 -1.16046E-01
9.15998E+01 -1.80002E-01 -7.00614E-05 -1.21058E-01
9.16998E+01 -1.85002E-01 -7.23369E-05 -1.26045E-01
9.17998E+01 -1.90002E-01 -7.48471E-05 -1.31026E-01
9.18998E+01 -1.95002E-01 -7.76625E-05 -1.36047E-01
9.19998E+01 -2.00002E-01 -8.08094E-05 -1.41059E-01
9.20998E+01 -2.05001E-01 -8.43009E-05 -1.46054E-01
9.21998E+01 -2.10001E-01 -8.81916E-05 -1.51034E-01
9.22998E+01 -2.15001E-01 -9.24366E-05 -1.56058E-01
9.23998E+01 -2.20001E-01 -9.70121E-05 -1.61063E-01
9.24998E+01 -2.25001E-01 -1.01900E-04 -1.66074E-01
9.25998E+01 -2.30001E-01 -1.06977E-04 -1.71075E-01
9.26998E+01 -2.35001E-01 -1.12179E-04 -1.76061E-01
9.27998E+01 -2.40001E-01 -1.17482E-04 -1.81071E-01
9.28998E+01 -2.45001E-01 -1.22847E-04 -1.86089E-01
9.29998E+01 -2.50001E-01 -1.28164E-04 -1.91084E-01
9.30998E+01 -2.55001E-01 -1.33443E-04 -1.96103E-01
9.31998E+01 -2.60001E-01 -1.38692E-04 -2.01108E-01
9.32998E+01 -2.65001E-01 -1.43873E-04 -2.06094E-01
9.33998E+01 -2.70001E-01 -1.49023E-04 -2.11084E-01
9.34998E+01 -2.75001E-01 -1.54081E-04 -2.16093E-01
9.35998E+01 -2.80001E-01 -1.59055E-04 -2.21112E-01
9.36998E+01 -2.85001E-01 -1.63910E-04 -2.26104E-01
9.37998E+01 -2.90001E-01 -1.68729E-04 -2.31105E-01
9.38998E+01 -2.95001E-01 -1.73494E-04 -2.36110E-01
9.39998E+01 -3.00001E-01 -1.78224E-04 -2.41118E-01
9.40998E+01 -3.05001E-01 -1.82902E-04 -2.46091E-01
9.41998E+01 -3.10001E-01 -1.87575E-04 -2.51106E-01
9.42998E+01 -3.15001E-01 -1.92238E-04 -2.56113E-01
9.43998E+01 -3.20001E-01 -1.96858E-04 -2.61113E-01
9.44998E+01 -3.25001E-01 -2.01458E-04 -2.66119E-01
9.45998E+01 -3.30001E-01 -2.06036E-04 -2.71107E-01
9.46998E+01 -3.35001E-01 -2.10595E-04 -2.76133E-01
9.47998E+01 -3.40001E-01 -2.14697E-04 -2.81131E-01
9.48998E+01 -3.45001E-01 -2.19179E-04 -2.86129E-01
9.49998E+01 -3.50001E-01 -2.23665E-04 -2.91131E-01
9.50998E+01 -3.55001E-01 -2.28080E-04 -2.96137E-01
9.51998E+01 -3.60001E-01 -2.32461E-04 -3.01147E-01
9.52998E+01 -3.65001E-01 -2.36794E-04 -3.06140E-01
9.53998E+01 -3.70001E-01 -2.41120E-04 -3.11127E-01
9.54998E+01 -3.75001E-01 -2.45379E-04 -3.16128E-01
9.55998E+01 -3.80001E-01 -2.49593E-04 -3.21158E-01
9.56998E+01 -3.85001E-01 -2.53769E-04 -3.26152E-01
9.57998E+01 -3.90001E-01 -2.57861E-04 -3.31171E-01
9.58998E+01 -3.95001E-01 -2.61870E-04 -3.36160E-01
9.59998E+01 -4.00001E-01 -2.65795E-04 -3.41143E-01
9.60998E+01 -4.05001E-01 -2.69618E-04 -3.46179E-01
9.61998E+01 -4.10001E-01 -2.73347E-04 -3.51190E-01
9.62998E+01 -4.15001E-01 -2.76972E-04 -3.56199E-01
9.63998E+01 -4.20001E-01 -2.80415E-04 -3.61180E-01
9.64998E+01 -4.25001E-01 -2.83673E-04 -3.66183E-01
9.65998E+01 -4.30001E-01 -2.86793E-04 -3.71186E-01
9.66998E+01 -4.35001E-01 -2.89611E-04 -3.76222E-01
9.67998E+01 -4.40001E-01 -2.92148E-04 -3.81204E-01
9.68998E+01 -4.45001E-01 -2.94328E-04 -3.86202E-01
9.69998E+01 -4.50001E-01 -2.95982E-04 -3.91195E-01
9.70998E+01 -4.55001E-01 -2.96960E-04 -3.96224E-01
9.71998E+01 -4.60001E-01 -2.96818E-04 -4.01208E-01
9.72998E+01 -4.65001E-01 -2.94795E-04 -4.06202E-01
9.73998E+01 -4.70001E-01 -2.89219E-04 -4.11200E-01
9.74998E+01 -4.75001E-01 -2.77204E-04 -4.16209E-01
9.75998E+01 -4.80001E-01 -2.54630E-04 -4.21214E-01
9.76998E+01 -4.85001E-01 -2.19036E-04 -4.26186E-01
9.77998E+01 -4.90001E-01 -1.68916E-04 -4.31204E-01
9.78998E+01 -4.95001E-01 -1.24912E-04 -4.36222E-01
9.79998E+01 -5.00001E-01 -1.02347E-04 -4.41213E-01
9.80998E+01 -5.05001E-01 -8.74131E-05 -4.46197E-01
9.81998E+01 -5.10001E-01 -7.78252E-05 -4.51216E-01
9.82998E+01 -5.15001E-01 -7.14310E-05 -4.56235E-01
9.83998E+01 -5.20001E-01 -6.65267E-05 -4.61212E-01
9.84998E+01 -5.25001E-01 -6.27206E-05 -4.66230E-01
9.85998E+01 -5.30001E-01 -5.95328E-05 -4.71230E-01
9.86998E+01 -5.35001E-01 -5.68586E-05 -4.76241E-01
9.87998E+01 -5.40001E-01 -5.45306E-05 -4.81254E-01
9.88998E+01 -5.45001E-01 -5.24932E-05 -4.86251E-01
9.89998E+01 -5.50001E-01 -5.06902E-05 -4.91245E-01
9.90998E+01 -5.55001E-01 -4.91006E-05 -4.96268E-01
9.91998E+01 -5.60001E-01 -4.76167E-05 -5.01239E-01
9.92998E+01 -5.65001E-01 -4.63164E-05 -5.06260E-01
9.93998E+01 -5.70001E-01 -4.51006E-05 -5.11275E-01
9.94998E+01 -5.75001E-01 -4.40107E-05 -5.16286E-01
9.95998E+01 -5.80001E-01 -4.30205E-05 -5.21253E-01
9.96998E+01 -5.85001E-01 -4.21112E-05 -5.26278E-01
9.97998E+01 -5.90001E-01 -4.12447E-05 -5.31298E-01
9.98998E+01 -5.95001E-01 -4.04659E-05 -5.36282E-01
9.99997E+01 -6.00001E-01 -3.97545E-05 -5.41271E-01
1.00100E+02 -6.05000E-01 -3.90609E-05 -5.46269E-01
1.00200E+02 -6.10000E-01 -3.88978E-05 -5.51294E-01
1.00300E+02 -6.15000E-01 -3.83118E-05 -5.56292E-01
1.00400E+02 -6.20000E-01 -3.77759E-05 -5.61275E-01
1.00500E+02 -6.25000E-01 -3.72779E-05 -5.66284E-01
1.00600E+02 -6.30000E-01 -3.68242E-05 -5.71307E-01
1.00700E+02 -6.35000E-01 -3.64094E-05 -5.76308E-01
1.00800E+02 -6.40000E-01 -3.60346E-05 -5.81293E-01
1.00900E+02 -6.45000E-01 -3.56969E-05 -5.86300E-01
1.01000E+02 -6.50000E-01 -3.53942E-05 -5.91325E-01
1.01100E+02 -6.55000E-01 -3.51190E-05 -5.96328E-01
1.01200E+02 -6.60000E-01 -3.48806E-05 -6.01324E-01
1.01300E+02 -6.65000E-01 -3.46867E-05 -6.06305E-01
1.01400E+02 -6.70000E-01 -3.45095E-05 -6.11311E-01
1.01500E+02 -6.75000E-01 -3.43727E-05 -6.16315E-01
1.01600E+02 -6.80000E-01 -3.42618E-05 -6.21342E-01
1.01700E+02 -6.85000E-01 -3.41714E-05 -6.26292E-01
1.01800E+02 -6.90000E-01 -3.41918E-05 -6.31321E-01
1.01900E+02 -6.95000E-01 -3.41798E-05 -6.36357E-01
1.02000E+02 -7.00000E-01 -3.41981E-05 -6.41329E-01
1.02100E+02 -7.05000E-01 -3.41799E-05 -6.46325E-01
1.02200E+02 -7.10000E-01 -3.40938E-05 -6.51354E-01
1.02300E+02 -7.15000E-01 -3.42950E-05 -6.56388E-01
1.02400E+02 -7.20000E-01 -3.43649E-05 -6.61372E-01
1.02500E+02 -7.25000E-01 -3.45446E-05 -6.66379E-01
1.02600E+02 -7.30000E-01 -3.45538E-05 -6.71375E-01
1.02700E+02 -7.35000E-01 -3.45226E-05 -6.76376E-01
1.02800E+02 -7.40000E-01 -3.45519E-05 -6.81370E-01
1.02900E+02 -7.45000E-01 -3.47387E-05 -6.86368E-01
1.03000E+02 -7.50000E-01 -3.48393E-05 -6.91392E-01
1.03100E+02 -7.55000E-01 -3.49577E-05 -6.96381E-01
1.03200E+02 -7.60000E-01 -3.49710E-05 -7.01377E-01
1.03300E+02 -7.65000E-01 -3.49371E-05 -7.06367E-01
1.03400E+02 -7.70000E-01 -3.52125E-05 -7.11356E-01
1.03500E+02 -7.75000E-01 -3.53407E-05 -7.16388E-01
1.03600E+02 -7.80000E-01 -3.55438E-05 -7.21399E-01
1.03700E+02 -7.85000E-01 -3.55803E-05 -7.26378E-01
1.03800E+02 -7.90000E-01 -3.56236E-05 -7.31388E-01
1.03900E+02 -7.95000E-01 -3.56663E-05 -7.36392E-01
