time/s      E/V        I/A
0.00000E+00 -8.00000E-01 -9.76233E-05 -7.61692E-01
9.99997E-02 -7.95000E-01 -9.62826E-05 -7.56658E-01
1.99999E-01 -7.90000E-01 -9.48152E-05 -7.51644E-01
2.99999E-01 -7.85000E-01 -9.34318E-05 -7.46666E-01
3.99999E-01 -7.80000E-01 -9.18840E-05 -7.41653E-01
4.99999E-01 -7.75000E-01 -9.00425E-05 -7.36666E-01
5.99998E-01 -7.70000E-01 -8.86613E-05 -7.31647E-01
6.99998E-01 -7.65000E-01 -8.64719E-05 -7.26677E-01
7.99998E-01 -7.60000E-01 -8.44313E-05 -7.21664E-01
8.99998E-01 -7.55000E-01 -8.24636E-05 -7.16679E-01
9.99997E-01 -7.50000E-01 -8.15562E-05 -7.11654E-01
1.10000E+00 -7.45000E-01 -7.94655E-05 -7.06654E-01
1.20000E+00 -7.40000E-01 -7.83075E-05 -7.01673E-01
1.30000E+00 -7.35000E-01 -7.73629E-05 -6.96668E-01
1.40000E+00 -7.30000E-01 -7.62324E-05 -6.91651E-01
1.50000E+00 -7.25000E-01 -7.50169E-05 -6.86647E-01
1.60000E+00 -7.20000E-01 -7.35227E-05 -6.81648E-01
1.70000E+00 -7.15000E-01 -7.23293E-05 -6.76644E-01
1.80000E+00 -7.10000E-01 -7.14339E-05 -6.71635E-01
1.90000E+00 -7.05000E-01 -7.05901E-05 -6.66639E-01
1.99999E+00 -7.00000E-01 -6.94200E-05 -6.61649E-01
2.09999E+00 -6.95000E-01 -6.82534E-05 -6.56643E-01
2.19999E+00 -6.90000E-01 -6.72783E-05 -6.51649E-01
2.29999E+00 -6.85000E-01 -6.63885E-05 -6.46617E-01
2.39999E+00 -6.80000E-01 -6.53599E-05 -6.41615E-01
2.49999E+00 -6.75000E-01 -6.44445E-05 -6.36600E-01
2.59999E+00 -6.70000E-01 -6.35330E-05 -6.31599E-01
2.69999E+00 -6.65000E-01 -6.26809E-05 -6.26621E-01
2.79999E+00 -6.60000E-01 -6.17866E-05 -6.21592E-01
2.89999E+00 -6.55000E-01 -6.11239E-05 -6.16602E-01
2.99999E+00 -6.50000E-01 -6.01388E-05 -6.11597E-01
3.09999E+00 -6.45000E-01 -5.92900E-05 -6.06599E-01
3.19999E+00 -6.40000E-01 -5.83951E-05 -6.01598E-01
3.29999E+00 -6.35000E-01 -5.76397E-05 -5.96603E-01
3.39999E+00 -6.30000E-01 -5.69007E-05 -5.91599E-01
3.49999E+00 -6.25000E-01 -5.60839E-05 -5.86572E-01
3.59999E+00 -6.20000E-01 -5.52958E-05 -5.81567E-01
3.69999E+00 -6.15000E-01 -5.45188E-05 -5.76568E-01
3.79999E+00 -6.10000E-01 -5.37929E-05 -5.71561E-01
3.89999E+00 -6.05000E-01 -5.31838E-05 -5.66568E-01
3.99999E+00 -6.00001E-01 -5.23433E-05 -5.61552E-01
4.09999E+00 -5.95001E-01 -5.15645E-05 -5.56553E-01
4.19999E+00 -5.90001E-01 -5.09818E-05 -5.51574E-01
4.29999E+00 -5.85001E-01 -5.01736E-05 -5.46569E-01
4.39999E+00 -5.80001E-01 -4.94919E-05 -5.41559E-01
4.49999E+00 -5.75001E-01 -4.87571E-05 -5.36569E-01
4.59999E+00 -5.70001E-01 -4.79615E-05 -5.31566E-01
4.69999E+00 -5.65001E-01 -4.72774E-05 -5.26567E-01
4.79999E+00 -5.60001E-01 -4.65318E-05 -5.21569E-01
4.89999E+00 -5.55001E-01 -4.58989E-05 -5.16562E-01
4.99999E+00 -5.50001E-01 -4.52937E-05 -5.11570E-01
5.09999E+00 -5.45001E-01 -4.46850E-05 -5.06571E-01
5.19999E+00 -5.40001E-01 -4.42105E-05 -5.01541E-01
5.29999E+00 -5.35001E-01 -4.35575E-05 -4.96551E-01
5.39999E+00 -5.30001E-01 -4.28582E-05 -4.91518E-01
5.49999E+00 -5.25001E-01 -4.22128E-05 -4.86539E-01
5.59999E+00 -5.20001E-01 -4.14880E-05 -4.81508E-01
5.69999E+00 -5.15001E-01 -4.08675E-05 -4.76541E-01
5.79999E+00 -5.10001E-01 -4.02747E-05 -4.71505E-01
5.89999E+00 -5.05001E-01 -3.96961E-05 -4.66493E-01
5.99998E+00 -5.00001E-01 -3.90663E-05 -4.61496E-01
6.09998E+00 -4.95001E-01 -3.85297E-05 -4.56501E-01
6.19998E+00 -4.90001E-01 -3.78697E-05 -4.51487E-01
6.29998E+00 -4.85001E-01 -3.72605E-05 -4.46489E-01
6.39998E+00 -4.80001E-01 -3.67158E-05 -4.41482E-01
6.49998E+00 -4.75001E-01 -3.60504E-05 -4.36504E-01
6.59998E+00 -4.70001E-01 -3.55285E-05 -4.31496E-01
6.69998E+00 -4.65001E-01 -3.49561E-05 -4.26500E-01
6.79998E+00 -4.60001E-01 -3.43530E-05 -4.21502E-01
6.89998E+00 -4.55001E-01 -3.37331E-05 -4.16496E-01
6.99998E+00 -4.50001E-01 -3.32342E-05 -4.11489E-01
7.09998E+00 -4.45001E-01 -3.26371E-05 -4.06478E-01
7.19998E+00 -4.40001E-01 -3.20337E-05 -4.01489E-01
7.29998E+00 -4.35001E-01 -3.15202E-05 -3.96502E-01
7.39998E+00 -4.30001E-01 -3.09293E-05 -3.91457E-01
7.49998E+00 -4.25001E-01 -3.03249E-05 -3.86460E-01
7.59998E+00 -4.20001E-01 -2.96899E-05 -3.81473E-01
7.69998E+00 -4.15001E-01 -2.90729E-05 -3.76481E-01
7.79998E+00 -4.10001E-01 -2.84580E-05 -3.71483E-01
7.89998E+00 -4.05001E-01 -2.78746E-05 -3.66484E-01
7.99998E+00 -4.00001E-01 -2.73101E-05 -3.61463E-01
8.09998E+00 -3.95001E-01 -2.66889E-05 -3.56480E-01
8.19998E+00 -3.90001E-01 -2.61552E-05 -3.51470E-01
8.29998E+00 -3.85001E-01 -2.55385E-05 -3.46474E-01
8.39998E+00 -3.80001E-01 -2.49310E-05 -3.41455E-01
8.49998E+00 -3.75001E-01 -2.43177E-05 -3.36464E-01
8.59998E+00 -3.70001E-01 -2.37119E-05 -3.31465E-01
8.69998E+00 -3.65001E-01 -2.31020E-05 -3.26459E-01
8.79998E+00 -3.60001E-01 -2.24892E-05 -3.21459E-01
8.89998E+00 -3.55001E-01 -2.18854E-05 -3.16457E-01
8.99998E+00 -3.50001E-01 -2.12768E-05 -3.11423E-01
9.09998E+00 -3.45001E-01 -2.06731E-05 -3.06443E-01
9.19998E+00 -3.40001E-01 -2.00634E-05 -3.01443E-01
9.29998E+00 -3.35001E-01 -1.94736E-05 -2.96430E-01
9.39998E+00 -3.30001E-01 -1.88855E-05 -2.91416E-01
9.49998E+00 -3.25001E-01 -1.83100E-05 -2.86424E-01
9.59998E+00 -3.20001E-01 -1.77483E-05 -2.81427E-01
9.69998E+00 -3.15001E-01 -1.71908E-05 -2.76415E-01
9.79998E+00 -3.10001E-01 -1.66507E-05 -2.71400E-01
9.89998E+00 -3.05001E-01 -1.61094E-05 -2.66414E-01
9.99997E+00 -3.00001E-01 -1.55805E-05 -2.61427E-01
1.01000E+01 -2.95001E-01 -1.50539E-05 -2.56420E-01
1.02000E+01 -2.90001E-01 -1.45394E-05 -2.51417E-01
1.03000E+01 -2.85001E-01 -1.40268E-05 -2.46387E-01
1.04000E+01 -2.80001E-01 -1.35240E-05 -2.41394E-01
1.05000E+01 -2.75001E-01 -1.30242E-05 -2.36387E-01
1.06000E+01 -2.70001E-01 -1.25307E-05 -2.31366E-01
1.07000E+01 -2.65001E-01 -1.20417E-05 -2.26365E-01
1.08000E+01 -2.60001E-01 -1.15573E-05 -2.21392E-01
1.09000E+01 -2.55001E-01 -1.10791E-05 -2.16381E-01
1.10000E+01 -2.50001E-01 -1.06060E-05 -2.11363E-01
1.11000E+01 -2.45001E-01 -1.01362E-05 -2.06380E-01
1.12000E+01 -2.40001E-01 -9.66944E-06 -2.01388E-01
1.13000E+01 -2.35001E-01 -9.20648E-06 -1.96377E-01
1.14000E+01 -2.30001E-01 -8.74729E-06 -1.91357E-01
1.15000E+01 -2.25001E-01 -8.29612E-06 -1.86382E-01
1.16000E+01 -2.20001E-01 -7.84591E-06 -1.81372E-01
1.17000E+01 -2.15001E-01 -7.39802E-06 -1.76370E-01
1.18000E+01 -2.10001E-01 -6.95725E-06 -1.71347E-01
1.19000E+01 -2.05001E-01 -6.52228E-06 -1.66329E-01
1.20000E+01 -2.00002E-01 -6.09003E-06 -1.61330E-01
1.21000E+01 -1.95002E-01 -5.66123E-06 -1.56318E-01
1.22000E+01 -1.90002E-01 -5.24161E-06 -1.51318E-01
1.23000E+01 -1.85002E-01 -4.82636E-06 -1.46333E-01
1.24000E+01 -1.80002E-01 -4.41829E-06 -1.41324E-01
1.25000E+01 -1.75002E-01 -4.01521E-06 -1.36342E-01
1.26000E+01 -1.70002E-01 -3.61958E-06 -1.31315E-01
1.27000E+01 -1.65002E-01 -3.26222E-06 -1.26326E-01
1.28000E+01 -1.60002E-01 -2.92970E-06 -1.21326E-01
1.29000E+01 -1.55002E-01 -2.58844E-06 -1.16311E-01
1.30000E+01 -1.50002E-01 -2.19702E-06 -1.11326E-01
1.31000E+01 -1.45002E-01 -1.82114E-06 -1.06322E-01
1.32000E+01 -1.40002E-01 -1.46968E-06 -1.01320E-01
1.33000E+01 -1.35002E-01 -1.14936E-06 -9.63309E-02
1.34000E+01 -1.30002E-01 -8.44833E-07 -9.13231E-02
1.35000E+01 -1.25002E-01 -5.50372E-07 -8.63408E-02
1.36000E+01 -1.20002E-01 -2.65489E-07 -8.13287E-02
1.37000E+01 -1.15002E-01 6.30987E-09  -7.63115E-02
1.38000E+01 -1.10002E-01 2.66180E-07  -7.13125E-02
1.39000E+01 -1.05002E-01 5.16266E-07  -6.63085E-02
1.40000E+01 -1.00002E-01 7.60167E-07  -6.13107E-02
1.41000E+01 -9.50018E-02 1.00126E-06  -5.63110E-02
1.42000E+01 -9.00018E-02 1.24091E-06  -5.12895E-02
1.43000E+01 -8.50018E-02 1.46488E-06  -4.62873E-02
1.44000E+01 -8.00018E-02 1.70752E-06  -4.13207E-02
1.45000E+01 -7.50018E-02 2.04471E-06  -3.62948E-02
1.46000E+01 -7.00018E-02 2.33031E-06  -3.12858E-02
1.47000E+01 -6.50018E-02 2.63767E-06  -2.62599E-02
1.48000E+01 -6.00019E-02 2.97048E-06  -2.12946E-02
1.49000E+01 -5.50019E-02 3.33178E-06  -1.62880E-02
1.50000E+01 -5.00019E-02 3.72201E-06  -1.12727E-02
1.51000E+01 -4.50019E-02 4.13894E-06  -6.26496E-03
1.52000E+01 -4.00019E-02 4.58687E-06  -1.24781E-03
1.53000E+01 -3.50019E-02 5.06741E-06  3.73253E-03 
1.54000E+01 -3.00019E-02 5.58175E-06  8.73656E-03 
1.55000E+01 -2.50019E-02 6.13255E-06  1.37413E-02 
1.56000E+01 -2.00020E-02 6.72134E-06  1.87734E-02 
1.57000E+01 -1.50020E-02 7.34798E-06  2.37593E-02 
1.58000E+01 -1.00020E-02 8.00410E-06  2.87440E-02 
1.59000E+01 -5.00199E-03 8.69268E-06  3.37574E-02 
1.60000E+01 -2.00000E-06 9.41890E-06  3.87770E-02 
1.61000E+01 4.99799E-03  1.01814E-05  4.37786E-02 
1.62000E+01 9.99797E-03  1.09818E-05  4.87502E-02 
1.63000E+01 1.49980E-02  1.18160E-05  5.37473E-02 
1.64000E+01 1.99979E-02  1.26889E-05  5.87726E-02 
1.65000E+01 2.49979E-02  1.36009E-05  6.37929E-02 
1.66000E+01 2.99979E-02  1.45591E-05  6.87694E-02 
1.67000E+01 3.49979E-02  1.55645E-05  7.37585E-02 
1.68000E+01 3.99979E-02  1.66285E-05  7.87625E-02 
1.69000E+01 4.49979E-02  1.77468E-05  8.37841E-02 
1.70000E+01 4.99979E-02  1.89114E-05  8.87594E-02 
1.71000E+01 5.49979E-02  2.01227E-05  9.37840E-02 
1.72000E+01 5.99978E-02  2.13914E-05  9.87725E-02 
1.73000E+01 6.49978E-02  2.27652E-05  1.03780E-01 
1.74000E+01 6.99978E-02  2.41253E-05  1.08767E-01 
1.75000E+01 7.49978E-02  2.55146E-05  1.13770E-01 
1.76000E+01 7.99978E-02  2.69464E-05  1.18801E-01 
1.77000E+01 8.49978E-02  2.84006E-05  1.23795E-01 
1.78000E+01 8.99978E-02  2.99045E-05  1.28771E-01 
1.79000E+01 9.49978E-02  3.14584E-05  1.33780E-01 
1.80000E+01 9.99977E-02  3.29846E-05  1.38799E-01 
1.81000E+01 1.04998E-01  3.44775E-05  1.43822E-01 
1.82000E+01 1.09998E-01  3.57948E-05  1.48796E-01 
1.83000E+01 1.14998E-01  3.71189E-05  1.53796E-01 
1.84000E+01 1.19998E-01  3.86375E-05  1.58841E-01 
1.85000E+01 1.24998E-01  4.03592E-05  1.63822E-01 
1.86000E+01 1.29998E-01  4.16889E-05  1.68808E-01 
1.87000E+01 1.34998E-01  4.29791E-05  1.73824E-01 
1.88000E+01 1.39998E-01  4.42972E-05  1.78830E-01 
1.89000E+01 1.44998E-01  4.56053E-05  1.83823E-01 
1.90000E+01 1.49998E-01  4.70853E-05  1.88805E-01 
1.91000E+01 1.54998E-01  4.86666E-05  1.93815E-01 
1.92000E+01 1.59998E-01  5.02660E-05  1.98824E-01 
1.93000E+01 1.64998E-01  5.16552E-05  2.03830E-01 
1.94000E+01 1.69998E-01  5.29032E-05  2.08812E-01 
1.95000E+01 1.74998E-01  5.41468E-05  2.13821E-01 
1.96000E+01 1.79998E-01  5.55081E-05  2.18830E-01 
1.97000E+01 1.84998E-01  5.69861E-05  2.23841E-01 
1.98000E+01 1.89998E-01  5.86287E-05  2.28843E-01 
1.99000E+01 1.94998E-01  5.99778E-05  2.33858E-01 
1.99999E+01 1.99997E-01  6.12082E-05  2.38853E-01 
2.00999E+01 2.04997E-01  6.24151E-05  2.43852E-01 
2.01999E+01 2.09997E-01  6.35336E-05  2.48841E-01 
2.02999E+01 2.14997E-01  6.47693E-05  2.53855E-01 
2.03999E+01 2.19997E-01  6.61227E-05  2.58869E-01 
2.04999E+01 2.24997E-01  6.72422E-05  2.63853E-01 
2.05999E+01 2.29997E-01  6.82599E-05  2.68859E-01 
2.06999E+01 2.34997E-01  6.91145E-05  2.73861E-01 
2.07999E+01 2.39997E-01  6.99622E-05  2.78882E-01 
2.08999E+01 2.44997E-01  7.07744E-05  2.83857E-01 
2.09999E+01 2.49997E-01  7.17214E-05  2.88863E-01 
2.10999E+01 2.54997E-01  7.27110E-05  2.93858E-01 
2.11999E+01 2.59997E-01  7.34700E-05  2.98879E-01 
2.12999E+01 2.64997E-01  7.42167E-05  3.03886E-01 
2.13999E+01 2.69997E-01  7.49508E-05  3.08899E-01 
2.14999E+01 2.74997E-01  7.56251E-05  3.13904E-01 
2.15999E+01 2.79997E-01  7.63306E-05  3.18910E-01 
2.16999E+01 2.84997E-01  7.69465E-05  3.23898E-01 
2.17999E+01 2.89997E-01  7.74883E-05  3.28912E-01 
2.18999E+01 2.94997E-01  7.79445E-05  3.33917E-01 
2.19999E+01 2.99997E-01  7.84526E-05  3.38908E-01 
2.20999E+01 3.04997E-01  7.89467E-05  3.43916E-01 
2.21999E+01 3.09997E-01  7.92703E-05  3.48906E-01 
2.22999E+01 3.14997E-01  7.94958E-05  3.53917E-01 
2.23999E+01 3.19997E-01  7.98748E-05  3.58906E-01 
2.24999E+01 3.24997E-01  7.95594E-05  3.63896E-01 
2.25999E+01 3.29997E-01  7.89896E-05  3.68916E-01 
2.26999E+01 3.34997E-01  7.85210E-05  3.73935E-01 
2.27999E+01 3.39997E-01  7.73426E-05  3.78941E-01 
2.28999E+01 3.44997E-01  7.57300E-05  3.83929E-01 
2.29999E+01 3.49997E-01  7.38944E-05  3.88936E-01 
2.30999E+01 3.54997E-01  7.19814E-05  3.93927E-01 
2.31999E+01 3.59997E-01  7.00736E-05  3.98933E-01 
2.32999E+01 3.64997E-01  6.76594E-05  4.03932E-01 
2.33999E+01 3.69997E-01  6.49443E-05  4.08916E-01 
2.34999E+01 3.74997E-01  6.15260E-05  4.13933E-01 
2.35999E+01 3.79997E-01  5.73598E-05  4.18957E-01 
2.36999E+01 3.84997E-01  5.32287E-05  4.23939E-01 
2.37999E+01 3.89997E-01  4.86634E-05  4.28935E-01 
2.38999E+01 3.94997E-01  4.56440E-05  4.33943E-01 
2.39999E+01 3.99997E-01  4.35546E-05  4.38945E-01 
2.40999E+01 4.04997E-01  4.19905E-05  4.43945E-01 
2.41999E+01 4.09997E-01  4.08990E-05  4.48955E-01 
2.42999E+01 4.14997E-01  4.00456E-05  4.53965E-01 
2.43999E+01 4.19997E-01  3.90908E-05  4.58966E-01 
2.44999E+01 4.24997E-01  3.85012E-05  4.63945E-01 
2.45999E+01 4.29997E-01  3.78884E-05  4.68947E-01 
2.46999E+01 4.34997E-01  3.75026E-05  4.73983E-01 
2.47999E+01 4.39997E-01  3.73403E-05  4.78989E-01 
2.48999E+01 4.44997E-01  3.71210E-05  4.83981E-01 
2.49999E+01 4.49997E-01  3.70286E-05  4.89000E-01 
2.50999E+01 4.54997E-01  3.71396E-05  4.93992E-01 
2.51999E+01 4.59997E-01  3.73330E-05  4.98983E-01 
2.52999E+01 4.64997E-01  3.75499E-05  5.03996E-01 
2.53999E+01 4.69997E-01  3.78687E-05  5.08992E-01 
2.54999E+01 4.74997E-01  3.81228E-05  5.14017E-01 
2.55999E+01 4.79997E-01  3.84825E-05  5.18995E-01 
2.56999E+01 4.84997E-01  3.88478E-05  5.23988E-01 
2.57999E+01 4.89997E-01  3.92795E-05  5.29017E-01 
2.58999E+01 4.94997E-01  3.97308E-05  5.34030E-01 
2.59999E+01 4.99997E-01  4.01983E-05  5.39036E-01 
2.60999E+01 5.04997E-01  4.07046E-05  5.43999E-01 
2.61999E+01 5.09997E-01  4.11655E-05  5.49018E-01 
2.62999E+01 5.14997E-01  4.16715E-05  5.54036E-01 
2.63999E+01 5.19997E-01  4.21624E-05  5.59029E-01 
2.64999E+01 5.24997E-01  4.27216E-05  5.64002E-01 
2.65999E+01 5.29997E-01  4.32535E-05  5.69027E-01 
2.66999E+01 5.34997E-01  4.37709E-05  5.74035E-01 
2.67999E+01 5.39997E-01  4.43078E-05  5.79037E-01 
2.68999E+01 5.44997E-01  4.48869E-05  5.84020E-01 
2.69999E+01 5.49997E-01  4.53623E-05  5.89052E-01 
2.70999E+01 5.54997E-01  4.59611E-05  5.94045E-01 
2.71999E+01 5.59997E-01  4.63589E-05  5.99079E-01 
2.72999E+01 5.64997E-01  4.68339E-05  6.04043E-01 
2.73999E+01 5.69997E-01  4.73644E-05  6.09063E-01 
2.74999E+01 5.74997E-01  4.78921E-05  6.14072E-01 
2.75999E+01 5.79997E-01  4.85707E-05  6.19077E-01 
2.76999E+01 5.84997E-01  4.88001E-05  6.24068E-01 
2.77999E+01 5.89997E-01  4.83907E-05  6.29087E-01 
2.78999E+01 5.94997E-01  4.85492E-05  6.34105E-01 
2.79999E+01 5.99996E-01  4.89294E-05  6.39112E-01 
2.80999E+01 6.04996E-01  4.94599E-05  6.44096E-01 
2.81999E+01 6.09996E-01  4.99173E-05  6.49105E-01 
2.82999E+01 6.14996E-01  5.00862E-05  6.54118E-01 
2.83999E+01 6.19996E-01  5.06694E-05  6.59099E-01 
2.84999E+01 6.24996E-01  5.07932E-05  6.64123E-01 
2.85999E+01 6.29996E-01  5.06756E-05  6.69113E-01 
2.86999E+01 6.34996E-01  5.01838E-05  6.74095E-01 
2.87999E+01 6.39996E-01  5.01031E-05  6.79116E-01 
2.88999E+01 6.44996E-01  5.00475E-05  6.84094E-01 
2.89999E+01 6.49996E-01  5.00500E-05  6.89106E-01 
2.90999E+01 6.54996E-01  4.97485E-05  6.94108E-01 
2.91999E+01 6.59996E-01  4.94987E-05  6.99121E-01 
2.92999E+01 6.64996E-01  4.91565E-05  7.04125E-01 
2.93999E+01 6.69996E-01  4.87167E-05  7.09114E-01 
2.94999E+01 6.74996E-01  4.82309E-05  7.14116E-01 
2.95999E+01 6.79996E-01  4.76730E-05  7.19114E-01 
2.96999E+01 6.84996E-01  4.70891E-05  7.24118E-01 
2.97999E+01 6.89996E-01  4.64348E-05  7.29126E-01 
2.98999E+01 6.94996E-01  4.57666E-05  7.34120E-01 
2.99999E+01 6.99996E-01  4.50350E-05  7.39146E-01 
3.00999E+01 7.04996E-01  4.42734E-05  7.44115E-01 
3.01999E+01 7.09996E-01  4.34745E-05  7.49114E-01 
3.02999E+01 7.14996E-01  4.26486E-05  7.54133E-01 
3.03999E+01 7.19996E-01  4.17842E-05  7.59133E-01 
3.04999E+01 7.24996E-01  4.09311E-05  7.64153E-01 
3.05999E+01 7.29996E-01  4.00364E-05  7.69139E-01 
3.06999E+01 7.34996E-01  3.91584E-05  7.74136E-01 
3.07999E+01 7.39996E-01  3.82609E-05  7.79154E-01 
3.08999E+01 7.44996E-01  3.73994E-05  7.84162E-01 
3.09999E+01 7.49996E-01  3.65414E-05  7.89183E-01 
3.10999E+01 7.54996E-01  3.57308E-05  7.94175E-01 
3.11999E+01 7.59996E-01  3.49555E-05  7.99172E-01 
3.12999E+01 7.64996E-01  3.42610E-05  8.04164E-01 
3.13999E+01 7.69996E-01  3.36280E-05  8.09177E-01 
3.14999E+01 7.74996E-01  3.30844E-05  8.14201E-01 
3.15999E+01 7.79996E-01  3.26152E-05  8.19187E-01 
3.16999E+01 7.84996E-01  3.25381E-05  8.24181E-01 
3.17999E+01 7.89996E-01  3.20961E-05  8.29193E-01 
3.18999E+01 7.94996E-01  3.16831E-05  8.34212E-01 
3.19999E+01 7.99996E-01  3.13943E-05  8.39196E-01 
3.20999E+01 8.04996E-01  3.11476E-05  8.44174E-01 
3.21999E+01 8.09996E-01  3.08613E-05  8.49178E-01 
3.22999E+01 8.14996E-01  3.06121E-05  8.54208E-01 
3.23999E+01 8.19996E-01  3.03846E-05  8.59202E-01 
3.24999E+01 8.24996E-01  3.00698E-05  8.64214E-01 
3.25999E+01 8.29996E-01  2.98454E-05  8.69211E-01 
3.26999E+01 8.34996E-01  2.96744E-05  8.74229E-01 
3.27999E+01 8.39996E-01  2.95657E-05  8.79250E-01 
3.28999E+01 8.44996E-01  2.94845E-05  8.84222E-01 
3.29999E+01 8.49996E-01  2.94057E-05  8.89236E-01 
3.30999E+01 8.54996E-01  2.93391E-05  8.94241E-01 
3.31999E+01 8.59996E-01  2.91107E-05  8.99246E-01 
3.32999E+01 8.64996E-01  2.90584E-05  9.04228E-01 
3.33999E+01 8.69996E-01  2.90324E-05  9.09242E-01 
3.34999E+01 8.74996E-01  2.88680E-05  9.14236E-01 
3.35999E+01 8.79996E-01  2.87151E-05  9.19239E-01 
3.36999E+01 8.84996E-01  2.86350E-05  9.24243E-01 
3.37999E+01 8.89996E-01  2.85553E-05  9.29235E-01 
3.38999E+01 8.94996E-01  2.84499E-05  9.34243E-01 
3.39999E+01 8.99996E-01  2.83837E-05  9.39265E-01 
3.40999E+01 9.04996E-01  2.84270E-05  9.44269E-01 
3.41999E+01 9.09996E-01  2.83105E-05  9.49254E-01 
3.42999E+01 9.14996E-01  2.83204E-05  9.54249E-01 
3.43999E+01 9.19996E-01  2.83562E-05  9.59250E-01 
3.44999E+01 9.24996E-01  2.84325E-05  9.64264E-01 
3.45999E+01 9.29996E-01  2.84967E-05  9.69280E-01 
3.46999E+01 9.34996E-01  2.85261E-05  9.74293E-01 
3.47999E+01 9.39996E-01  2.85837E-05  9.79277E-01 
3.48999E+01 9.44996E-01  2.85961E-05  9.84267E-01 
3.49999E+01 9.49996E-01  2.87396E-05  9.89285E-01 
3.50999E+01 9.54996E-01  2.87846E-05  9.94266E-01 
3.51999E+01 9.59996E-01  2.89405E-05  9.99275E-01 
3.52999E+01 9.64996E-01  2.90035E-05  1.00428E+00 
3.53999E+01 9.69996E-01  2.91104E-05  1.00928E+00 
3.54999E+01 9.74996E-01  2.92091E-05  1.01429E+00 
3.55999E+01 9.79996E-01  2.93515E-05  1.01929E+00 
3.56999E+01 9.84996E-01  2.94884E-05  1.02425E+00 
3.57999E+01 9.89996E-01  2.95469E-05  1.02929E+00 
3.58999E+01 9.94996E-01  2.95695E-05  1.03430E+00 
3.59999E+01 9.99995E-01  2.97247E-05  1.03928E+00 
3.60999E+01 1.00500E+00  2.98975E-05  1.04429E+00 
3.61999E+01 1.01000E+00  3.02324E-05  1.04931E+00 
3.62999E+01 1.01500E+00  3.01955E-05  1.05432E+00 
3.63999E+01 1.02000E+00  3.03566E-05  1.05930E+00 
3.64999E+01 1.02500E+00  3.05485E-05  1.06428E+00 
3.65999E+01 1.03000E+00  3.07438E-05  1.06931E+00 
3.66999E+01 1.03500E+00  3.09613E-05  1.07431E+00 
3.67999E+01 1.04000E+00  3.11757E-05  1.07932E+00 
3.68999E+01 1.04500E+00  3.13859E-05  1.08431E+00 
3.69999E+01 1.05000E+00  3.15844E-05  1.08931E+00 
3.70999E+01 1.05500E+00  3.17748E-05  1.09429E+00 
3.71999E+01 1.06000E+00  3.19932E-05  1.09932E+00 
3.72999E+01 1.06500E+00  3.22444E-05  1.10432E+00 
3.73999E+01 1.07000E+00  3.24723E-05  1.10933E+00 
3.74999E+01 1.07500E+00  3.27400E-05  1.11434E+00 
3.75999E+01 1.08000E+00  3.29673E-05  1.11934E+00 
3.76999E+01 1.08500E+00  3.32136E-05  1.12436E+00 
3.77999E+01 1.09000E+00  3.34765E-05  1.12938E+00 
3.78999E+01 1.09500E+00  3.37702E-05  1.13436E+00 
3.79999E+01 1.10000E+00  3.40598E-05  1.13936E+00 
3.80999E+01 1.10500E+00  3.43605E-05  1.14437E+00 
3.81999E+01 1.11000E+00  3.46762E-05  1.14938E+00 
3.82999E+01 1.11500E+00  3.50019E-05  1.15439E+00 
3.83999E+01 1.12000E+00  3.53448E-05  1.15938E+00 
3.84999E+01 1.12500E+00  3.57032E-05  1.16440E+00 
3.85999E+01 1.13000E+00  3.60679E-05  1.16940E+00 
3.86999E+01 1.13500E+00  3.64537E-05  1.17439E+00 
3.87999E+01 1.14000E+00  3.68682E-05  1.17938E+00 
3.88999E+01 1.14500E+00  3.72854E-05  1.18441E+00 
3.89999E+01 1.15000E+00  3.77172E-05  1.18942E+00 
3.90999E+01 1.15500E+00  3.81752E-05  1.19442E+00 
3.91999E+01 1.16000E+00  3.86058E-05  1.19938E+00 
3.92999E+01 1.16500E+00  3.90720E-05  1.20439E+00 
3.93999E+01 1.17000E+00  3.95687E-05  1.20941E+00 
3.94999E+01 1.17500E+00  4.12720E-05  1.21439E+00 
3.95999E+01 1.18000E+00  4.08015E-05  1.21938E+00 
3.96999E+01 1.18500E+00  4.12453E-05  1.22442E+00 
3.97999E+01 1.19000E+00  4.16172E-05  1.22940E+00 
3.98999E+01 1.19500E+00  4.21463E-05  1.23440E+00 
3.99999E+01 1.19999E+00  4.26970E-05  1.23939E+00 
4.00999E+01 1.20499E+00  4.32961E-05  1.24441E+00 
4.01999E+01 1.20999E+00  4.37944E-05  1.24941E+00 
4.02999E+01 1.21499E+00  4.44370E-05  1.25440E+00 
4.03999E+01 1.21999E+00  4.50565E-05  1.25943E+00 
4.04999E+01 1.22499E+00  4.57425E-05  1.26443E+00 
4.05999E+01 1.22999E+00  4.63836E-05  1.26941E+00 
4.06999E+01 1.23499E+00  4.71195E-05  1.27442E+00 
4.07999E+01 1.23999E+00  4.77768E-05  1.27944E+00 
4.08999E+01 1.24499E+00  4.85730E-05  1.28442E+00 
4.09999E+01 1.24999E+00  4.94222E-05  1.28943E+00 
4.10999E+01 1.25499E+00  5.02161E-05  1.29444E+00 
4.11999E+01 1.25999E+00  5.09739E-05  1.29942E+00 
4.12999E+01 1.26499E+00  5.18457E-05  1.30442E+00 
4.13999E+01 1.26999E+00  5.27243E-05  1.30942E+00 
4.14999E+01 1.27499E+00  5.35838E-05  1.31445E+00 
4.15999E+01 1.27999E+00  5.44610E-05  1.31944E+00 
4.16999E+01 1.28499E+00  5.53936E-05  1.32445E+00 
4.17999E+01 1.28999E+00  5.63231E-05  1.32944E+00 
4.18999E+01 1.29499E+00  5.72699E-05  1.33443E+00 
4.19999E+01 1.29999E+00  5.82577E-05  1.33944E+00 
4.20999E+01 1.30499E+00  5.92738E-05  1.34446E+00 
4.21999E+01 1.30999E+00  6.02898E-05  1.34943E+00 
4.22999E+01 1.31499E+00  6.13857E-05  1.35445E+00 
4.23999E+01 1.31999E+00  6.24919E-05  1.35945E+00 
4.24999E+01 1.32499E+00  6.36352E-05  1.36444E+00 
4.25999E+01 1.32999E+00  6.48525E-05  1.36946E+00 
4.26999E+01 1.33499E+00  6.61013E-05  1.37445E+00 
4.27999E+01 1.33999E+00  6.74274E-05  1.37946E+00 
4.28999E+01 1.34499E+00  6.87857E-05  1.38444E+00 
4.29999E+01 1.34999E+00  7.02236E-05  1.38942E+00 
4.30999E+01 1.35499E+00  7.17166E-05  1.39446E+00 
4.31999E+01 1.35999E+00  7.32667E-05  1.39946E+00 
4.32999E+01 1.36499E+00  7.48838E-05  1.40445E+00 
4.33999E+01 1.36999E+00  7.65435E-05  1.40947E+00 
4.34999E+01 1.37499E+00  7.82677E-05  1.41448E+00 
4.35999E+01 1.37999E+00  8.00544E-05  1.41948E+00 
4.36999E+01 1.38499E+00  8.18660E-05  1.42448E+00 
4.37999E+01 1.38999E+00  8.37522E-05  1.42950E+00 
4.38999E+01 1.39499E+00  8.56943E-05  1.43455E+00 
4.39999E+01 1.39999E+00  8.77082E-05  1.43954E+00 
4.40999E+01 1.40499E+00  8.97676E-05  1.44452E+00 
4.41999E+01 1.40999E+00  9.18960E-05  1.44955E+00 
4.42999E+01 1.41499E+00  9.40694E-05  1.45455E+00 
4.43999E+01 1.41999E+00  9.63226E-05  1.45954E+00 
4.44999E+01 1.42499E+00  9.86182E-05  1.46454E+00 
4.45999E+01 1.42999E+00  1.00981E-04  1.46954E+00 
4.46999E+01 1.43499E+00  1.03401E-04  1.47455E+00 
4.47999E+01 1.43999E+00  1.05871E-04  1.47955E+00 
4.48999E+01 1.44499E+00  1.08433E-04  1.48455E+00 
4.49999E+01 1.44999E+00  1.11035E-04  1.48956E+00 
4.50999E+01 1.45499E+00  1.13748E-04  1.49459E+00 
4.51999E+01 1.45999E+00  1.16477E-04  1.49957E+00 
4.52999E+01 1.46499E+00  1.19275E-04  1.50455E+00 
4.53999E+01 1.46999E+00  1.22151E-04  1.50957E+00 
4.54999E+01 1.47499E+00  1.25076E-04  1.51459E+00 
4.55999E+01 1.47999E+00  1.28065E-04  1.51956E+00 
4.56999E+01 1.48499E+00  1.31117E-04  1.52455E+00 
4.57999E+01 1.48999E+00  1.34186E-04  1.52958E+00 
4.58999E+01 1.49499E+00  1.37310E-04  1.53458E+00 
4.59999E+01 1.49999E+00  1.40498E-04  1.53958E+00 
4.60999E+01 1.50499E+00  1.43702E-04  1.54457E+00 
4.61999E+01 1.50999E+00  1.46954E-04  1.54956E+00 
4.62999E+01 1.51499E+00  1.50219E-04  1.55459E+00 
4.63999E+01 1.51999E+00  1.53538E-04  1.55959E+00 
4.64999E+01 1.52499E+00  1.56859E-04  1.56458E+00 
4.65999E+01 1.52999E+00  1.60228E-04  1.56958E+00 
4.66999E+01 1.53499E+00  1.63600E-04  1.57459E+00 
4.67999E+01 1.53999E+00  1.67074E-04  1.57961E+00 
4.68999E+01 1.54499E+00  1.70436E-04  1.58461E+00 
4.69999E+01 1.54999E+00  1.73953E-04  1.58958E+00 
4.70999E+01 1.55499E+00  1.77308E-04  1.59460E+00 
4.71999E+01 1.55999E+00  1.80752E-04  1.59960E+00 
4.72999E+01 1.56499E+00  1.84301E-04  1.60461E+00 
4.73999E+01 1.56999E+00  1.87707E-04  1.60962E+00 
4.74999E+01 1.57499E+00  1.91216E-04  1.61464E+00 
4.75999E+01 1.57999E+00  1.94698E-04  1.61962E+00 
4.76999E+01 1.58499E+00  1.98199E-04  1.62462E+00 
4.77999E+01 1.58999E+00  2.01798E-04  1.62964E+00 
4.78999E+01 1.59499E+00  2.05471E-04  1.63463E+00 
4.79999E+01 1.59999E+00  2.08792E-04  1.63962E+00 
4.80999E+01 1.60499E+00  2.12307E-04  1.64463E+00 
4.81999E+01 1.60999E+00  2.16343E-04  1.64965E+00 
4.82999E+01 1.61499E+00  2.19904E-04  1.65463E+00 
4.83999E+01 1.61999E+00  2.23411E-04  1.65962E+00 
4.84999E+01 1.62499E+00  2.26948E-04  1.66464E+00 
4.85999E+01 1.62999E+00  2.30503E-04  1.66965E+00 
4.86999E+01 1.63499E+00  2.34090E-04  1.67464E+00 
4.87999E+01 1.63999E+00  2.37722E-04  1.67965E+00 
4.88999E+01 1.64499E+00  2.41190E-04  1.68467E+00 
4.89999E+01 1.64999E+00  2.44668E-04  1.68967E+00 
4.90999E+01 1.65499E+00  2.48201E-04  1.69466E+00 
4.91999E+01 1.65999E+00  2.51781E-04  1.69965E+00 
4.92999E+01 1.66499E+00  2.55270E-04  1.70467E+00 
4.93999E+01 1.66999E+00  2.58785E-04  1.70967E+00 
4.94999E+01 1.67499E+00  2.62280E-04  1.71468E+00 
4.95999E+01 1.67999E+00  2.65758E-04  1.71965E+00 
4.96999E+01 1.68499E+00  2.69150E-04  1.72466E+00 
4.97999E+01 1.68999E+00  2.72522E-04  1.72969E+00 
4.98999E+01 1.69499E+00  2.75904E-04  1.73470E+00 
4.99999E+01 1.69999E+00  2.79234E-04  1.73968E+00 
5.00999E+01 1.70499E+00  2.82543E-04  1.74468E+00 
5.01999E+01 1.70999E+00  2.85855E-04  1.74968E+00 
5.02999E+01 1.71499E+00  2.89143E-04  1.75472E+00 
5.03999E+01 1.71999E+00  2.92402E-04  1.75973E+00 
5.04999E+01 1.72499E+00  2.95629E-04  1.76474E+00 
5.05999E+01 1.72999E+00  2.98840E-04  1.76971E+00 
5.06999E+01 1.73499E+00  3.02031E-04  1.77471E+00 
5.07999E+01 1.73999E+00  3.05263E-04  1.77973E+00 
5.08999E+01 1.74499E+00  3.08387E-04  1.78471E+00 
5.09999E+01 1.74999E+00  3.11522E-04  1.78975E+00 
5.10999E+01 1.75499E+00  3.14672E-04  1.79472E+00 
5.11999E+01 1.75999E+00  3.17678E-04  1.79973E+00 
5.12999E+01 1.76499E+00  3.20304E-04  1.80475E+00 
5.13999E+01 1.76999E+00  3.23352E-04  1.80974E+00 
5.14999E+01 1.77499E+00  3.26000E-04  1.81473E+00 
5.15999E+01 1.77999E+00  3.28435E-04  1.81974E+00 
5.16999E+01 1.78499E+00  3.31003E-04  1.82475E+00 
5.17999E+01 1.78999E+00  3.33402E-04  1.82976E+00 
5.18999E+01 1.79499E+00  3.36279E-04  1.83473E+00 
5.19999E+01 1.79999E+00  3.39589E-04  1.83973E+00 
5.20999E+01 1.79499E+00  3.32123E-04  1.83475E+00 
5.21999E+01 1.78999E+00  3.24613E-04  1.82973E+00 
5.22999E+01 1.78499E+00  3.17574E-04  1.82476E+00 
5.23999E+01 1.77999E+00  3.11158E-04  1.81973E+00 
5.24999E+01 1.77499E+00  3.04581E-04  1.81474E+00 
5.25999E+01 1.76999E+00  2.98383E-04  1.80972E+00 
5.26999E+01 1.76499E+00  2.92281E-04  1.80475E+00 
5.27999E+01 1.75999E+00  2.86395E-04  1.79973E+00 
5.28999E+01 1.75499E+00  2.80599E-04  1.79473E+00 
5.29999E+01 1.74999E+00  2.74990E-04  1.78973E+00 
5.30999E+01 1.74499E+00  2.69334E-04  1.78476E+00 
5.31999E+01 1.73999E+00  2.63841E-04  1.77970E+00 
5.32999E+01 1.73499E+00  2.58457E-04  1.77472E+00 
5.33999E+01 1.72999E+00  2.53208E-04  1.76971E+00 
5.34999E+01 1.72499E+00  2.47965E-04  1.76473E+00 
5.35999E+01 1.71999E+00  2.42749E-04  1.75971E+00 
5.36999E+01 1.71499E+00  2.37629E-04  1.75471E+00 
5.37999E+01 1.70999E+00  2.32598E-04  1.74968E+00 
5.38999E+01 1.70499E+00  2.27623E-04  1.74469E+00 
5.39999E+01 1.69999E+00  2.22760E-04  1.73966E+00 
5.40999E+01 1.69499E+00  2.17976E-04  1.73468E+00 
5.41999E+01 1.68999E+00  2.13238E-04  1.72968E+00 
5.42999E+01 1.68499E+00  2.08548E-04  1.72465E+00 
5.43999E+01 1.67999E+00  2.03985E-04  1.71963E+00 
5.44999E+01 1.67499E+00  1.99620E-04  1.71466E+00 
5.45999E+01 1.66999E+00  1.95269E-04  1.70967E+00 
5.46999E+01 1.66499E+00  1.90986E-04  1.70464E+00 
5.47999E+01 1.65999E+00  1.86738E-04  1.69963E+00 
5.48999E+01 1.65499E+00  1.82581E-04  1.69466E+00 
5.49999E+01 1.64999E+00  1.78475E-04  1.68966E+00 
5.50999E+01 1.64499E+00  1.74453E-04  1.68466E+00 
5.51999E+01 1.63999E+00  1.70450E-04  1.67964E+00 
5.52999E+01 1.63499E+00  1.66529E-04  1.67466E+00 
5.53999E+01 1.62999E+00  1.62658E-04  1.66967E+00 
5.54999E+01 1.62499E+00  1.58829E-04  1.66464E+00 
5.55999E+01 1.61999E+00  1.55010E-04  1.65963E+00 
5.56999E+01 1.61499E+00  1.51313E-04  1.65463E+00 
5.57999E+01 1.60999E+00  1.47665E-04  1.64965E+00 
5.58999E+01 1.60499E+00  1.44118E-04  1.64464E+00 
5.59999E+01 1.59999E+00  1.40619E-04  1.63963E+00 
5.60999E+01 1.59499E+00  1.37217E-04  1.63461E+00 
5.61999E+01 1.58999E+00  1.33869E-04  1.62963E+00 
5.62999E+01 1.58499E+00  1.30579E-04  1.62462E+00 
5.63999E+01 1.57999E+00  1.27320E-04  1.61961E+00 
5.64999E+01 1.57499E+00  1.24122E-04  1.61462E+00 
5.65999E+01 1.56999E+00  1.20953E-04  1.60962E+00 
5.66999E+01 1.56499E+00  1.17872E-04  1.60460E+00 
5.67999E+01 1.55999E+00  1.14808E-04  1.59960E+00 
5.68999E+01 1.55499E+00  1.11826E-04  1.59458E+00 
5.69999E+01 1.54999E+00  1.08903E-04  1.58957E+00 
5.70999E+01 1.54499E+00  1.06007E-04  1.58462E+00 
5.71999E+01 1.53999E+00  1.03148E-04  1.57959E+00 
5.72999E+01 1.53499E+00  1.00335E-04  1.57457E+00 
5.73999E+01 1.52999E+00  9.75951E-05  1.56958E+00 
5.74999E+01 1.52499E+00  9.48948E-05  1.56456E+00 
5.75999E+01 1.51999E+00  9.22236E-05  1.55959E+00 
5.76999E+01 1.51499E+00  8.96100E-05  1.55457E+00 
5.77999E+01 1.50999E+00  8.70369E-05  1.54956E+00 
5.78999E+01 1.50499E+00  8.45226E-05  1.54456E+00 
5.79999E+01 1.49999E+00  8.20425E-05  1.53956E+00 
5.80999E+01 1.49499E+00  7.96168E-05  1.53455E+00 
5.81999E+01 1.48999E+00  7.72169E-05  1.52954E+00 
5.82999E+01 1.48499E+00  7.48787E-05  1.52453E+00 
5.83999E+01 1.47999E+00  7.25675E-05  1.51954E+00 
5.84999E+01 1.47499E+00  7.03150E-05  1.51455E+00 
5.85999E+01 1.46999E+00  6.81207E-05  1.50954E+00 
5.86999E+01 1.46499E+00  6.59444E-05  1.50452E+00 
5.87999E+01 1.45999E+00  6.38300E-05  1.49954E+00 
5.88999E+01 1.45499E+00  6.17525E-05  1.49454E+00 
5.89999E+01 1.44999E+00  5.97448E-05  1.48953E+00 
5.90999E+01 1.44499E+00  5.77642E-05  1.48453E+00 
5.91999E+01 1.43999E+00  5.58287E-05  1.47954E+00 
5.92999E+01 1.43499E+00  5.39388E-05  1.47455E+00 
5.93999E+01 1.42999E+00  5.20881E-05  1.46952E+00 
5.94999E+01 1.42499E+00  5.02863E-05  1.46452E+00 
5.95999E+01 1.41999E+00  4.85423E-05  1.45953E+00 
5.96999E+01 1.41499E+00  4.68195E-05  1.45452E+00 
5.97999E+01 1.40999E+00  4.51604E-05  1.44952E+00 
5.98999E+01 1.40499E+00  4.35291E-05  1.44451E+00 
5.99998E+01 1.39999E+00  4.19622E-05  1.43953E+00 
6.00998E+01 1.39499E+00  4.04350E-05  1.43450E+00 
6.01998E+01 1.38999E+00  3.89506E-05  1.42948E+00 
6.02998E+01 1.38499E+00  3.75101E-05  1.42448E+00 
6.03998E+01 1.37999E+00  3.61122E-05  1.41948E+00 
6.04998E+01 1.37499E+00  3.42831E-05  1.41446E+00 
6.05998E+01 1.36999E+00  3.29692E-05  1.40944E+00 
6.06998E+01 1.36499E+00  3.17073E-05  1.40447E+00 
6.07998E+01 1.35999E+00  3.04780E-05  1.39948E+00 
6.08998E+01 1.35499E+00  2.92826E-05  1.39445E+00 
6.09998E+01 1.34999E+00  2.81376E-05  1.38945E+00 
6.10998E+01 1.34499E+00  2.70353E-05  1.38446E+00 
6.11998E+01 1.33999E+00  2.59746E-05  1.37947E+00 
6.12998E+01 1.33499E+00  2.49548E-05  1.37447E+00 
6.13998E+01 1.32999E+00  2.39793E-05  1.36945E+00 
6.14998E+01 1.32499E+00  2.30296E-05  1.36446E+00 
6.15998E+01 1.31999E+00  2.21218E-05  1.35947E+00 
6.16998E+01 1.31499E+00  2.12380E-05  1.35445E+00 
6.17998E+01 1.30999E+00  2.04032E-05  1.34944E+00 
6.18998E+01 1.30499E+00  1.95951E-05  1.34446E+00 
6.19998E+01 1.29999E+00  1.88322E-05  1.33944E+00 
6.20998E+01 1.29499E+00  1.80957E-05  1.33444E+00 
6.21998E+01 1.28999E+00  1.74054E-05  1.32943E+00 
6.22998E+01 1.28499E+00  1.67307E-05  1.32444E+00 
6.23998E+01 1.27999E+00  1.60844E-05  1.31942E+00 
6.24998E+01 1.27499E+00  1.54670E-05  1.31444E+00 
6.25998E+01 1.26999E+00  1.48896E-05  1.30944E+00 
6.26998E+01 1.26499E+00  1.43304E-05  1.30443E+00 
6.27998E+01 1.25999E+00  1.37863E-05  1.29945E+00 
6.28998E+01 1.25499E+00  1.32851E-05  1.29444E+00 
6.29998E+01 1.24999E+00  1.28113E-05  1.28943E+00 
6.30998E+01 1.24499E+00  1.23532E-05  1.28441E+00 
6.31998E+01 1.23999E+00  1.19233E-05  1.27943E+00 
6.32998E+01 1.23499E+00  1.15111E-05  1.27445E+00 
6.33998E+01 1.22999E+00  1.11259E-05  1.26942E+00 
6.34998E+01 1.22499E+00  1.07373E-05  1.26439E+00 
6.35998E+01 1.21999E+00  1.03822E-05  1.25940E+00 
6.36998E+01 1.21499E+00  1.00678E-05  1.25441E+00 
6.37998E+01 1.20999E+00  9.78162E-06  1.24940E+00 
6.38998E+01 1.20499E+00  9.48219E-06  1.24440E+00 
6.39998E+01 1.19999E+00  9.20843E-06  1.23939E+00 
6.40998E+01 1.19500E+00  8.91765E-06  1.23440E+00 
6.41998E+01 1.19000E+00  8.61918E-06  1.22940E+00 
6.42998E+01 1.18500E+00  8.41358E-06  1.22438E+00 
6.43998E+01 1.18000E+00  8.22182E-06  1.21938E+00 
6.44998E+01 1.17500E+00  8.05564E-06  1.21438E+00 
6.45998E+01 1.17000E+00  7.83947E-06  1.20941E+00 
6.46998E+01 1.16500E+00  7.62627E-06  1.20438E+00 
6.47998E+01 1.16000E+00  7.42419E-06  1.19936E+00 
6.48998E+01 1.15500E+00  7.27300E-06  1.19437E+00 
6.49998E+01 1.15000E+00  7.15206E-06  1.18938E+00 
6.50998E+01 1.14500E+00  7.08977E-06  1.18436E+00 
6.51998E+01 1.14000E+00  6.89274E-06  1.17936E+00 
6.52998E+01 1.13500E+00  6.74960E-06  1.17438E+00 
6.53998E+01 1.13000E+00  6.54286E-06  1.16937E+00 
6.54998E+01 1.12500E+00  6.41761E-06  1.16436E+00 
6.55998E+01 1.12000E+00  6.34873E-06  1.15936E+00 
6.56998E+01 1.11500E+00  6.36837E-06  1.15437E+00 
6.57998E+01 1.11000E+00  6.18762E-06  1.14939E+00 
6.58998E+01 1.10500E+00  6.04880E-06  1.14436E+00 
6.59998E+01 1.10000E+00  5.94528E-06  1.13936E+00 
6.60998E+01 1.09500E+00  5.88499E-06  1.13438E+00 
6.61998E+01 1.09000E+00  5.73535E-06  1.12936E+00 
6.62998E+01 1.08500E+00  5.67844E-06  1.12436E+00 
6.63998E+01 1.08000E+00  5.58809E-06  1.11937E+00 
6.64998E+01 1.07500E+00  5.53683E-06  1.11436E+00 
6.65998E+01 1.07000E+00  5.48334E-06  1.10935E+00 
6.66998E+01 1.06500E+00  5.37039E-06  1.10435E+00 
6.67998E+01 1.06000E+00  5.24922E-06  1.09933E+00 
6.68998E+01 1.05500E+00  5.20953E-06  1.09433E+00 
6.69998E+01 1.05000E+00  5.15604E-06  1.08932E+00 
6.70998E+01 1.04500E+00  5.09631E-06  1.08431E+00 
6.71998E+01 1.04000E+00  5.11210E-06  1.07932E+00 
6.72998E+01 1.03500E+00  4.98181E-06  1.07431E+00 
6.73998E+01 1.03000E+00  4.88551E-06  1.06930E+00 
6.74998E+01 1.02500E+00  4.80323E-06  1.06431E+00 
6.75998E+01 1.02000E+00  4.78281E-06  1.05930E+00 
6.76998E+01 1.01500E+00  4.77773E-06  1.05432E+00 
6.77998E+01 1.01000E+00  4.72849E-06  1.04928E+00 
6.78998E+01 1.00500E+00  4.64631E-06  1.04427E+00 
6.79998E+01 9.99995E-01  4.59315E-06  1.03930E+00 
6.80998E+01 9.94996E-01  4.49788E-06  1.03428E+00 
6.81998E+01 9.89996E-01  4.47598E-06  1.02928E+00 
6.82998E+01 9.84996E-01  4.44359E-06  1.02425E+00 
6.83998E+01 9.79996E-01  4.38785E-06  1.01926E+00 
6.84998E+01 9.74996E-01  4.31222E-06  1.01427E+00 
6.85998E+01 9.69996E-01  4.26086E-06  1.00928E+00 
6.86998E+01 9.64996E-01  4.19835E-06  1.00427E+00 
6.87998E+01 9.59996E-01  4.16598E-06  9.99265E-01 
6.88998E+01 9.54996E-01  4.12941E-06  9.94273E-01 
6.89998E+01 9.49996E-01  4.07473E-06  9.89267E-01 
6.90998E+01 9.44996E-01  4.02142E-06  9.84264E-01 
6.91998E+01 9.39996E-01  3.92433E-06  9.79255E-01 
6.92998E+01 9.34996E-01  3.87454E-06  9.74251E-01 
6.93998E+01 9.29996E-01  3.82531E-06  9.69250E-01 
6.94998E+01 9.24996E-01  3.77559E-06  9.64239E-01 
6.95998E+01 9.19996E-01  3.72415E-06  9.59233E-01 
6.96998E+01 9.14996E-01  3.68027E-06  9.54227E-01 
6.97998E+01 9.09996E-01  3.63400E-06  9.49239E-01 
6.98998E+01 9.04996E-01  3.58461E-06  9.44239E-01 
6.99998E+01 8.99996E-01  3.53727E-06  9.39220E-01 
7.00998E+01 8.94996E-01  3.58911E-06  9.34208E-01 
7.01998E+01 8.89996E-01  3.47271E-06  9.29207E-01 
7.02998E+01 8.84996E-01  3.40762E-06  9.24204E-01 
7.03998E+01 8.79996E-01  3.35663E-06  9.19211E-01 
7.04998E+01 8.74996E-01  3.30717E-06  9.14216E-01 
7.05998E+01 8.69996E-01  3.26507E-06  9.09197E-01 
7.06998E+01 8.64996E-01  3.24024E-06  9.04235E-01 
7.07998E+01 8.59996E-01  3.18625E-06  8.99214E-01 
7.08998E+01 8.54996E-01  3.13619E-06  8.94197E-01 
7.09998E+01 8.49996E-01  3.07940E-06  8.89192E-01 
7.10998E+01 8.44996E-01  3.01172E-06  8.84202E-01 
7.11998E+01 8.39996E-01  2.97245E-06  8.79206E-01 
7.12998E+01 8.34996E-01  2.92499E-06  8.74214E-01 
7.13998E+01 8.29996E-01  2.87745E-06  8.69191E-01 
7.14998E+01 8.24996E-01  2.83363E-06  8.64193E-01 
7.15998E+01 8.19996E-01  2.78469E-06  8.59198E-01 
7.16998E+01 8.14996E-01  2.73502E-06  8.54197E-01 
7.17998E+01 8.09996E-01  2.68896E-06  8.49173E-01 
7.18998E+01 8.04996E-01  2.65081E-06  8.44178E-01 
7.19998E+01 7.99996E-01  2.57450E-06  8.39175E-01 
7.20998E+01 7.94996E-01  2.52700E-06  8.34180E-01 
7.21998E+01 7.89996E-01  2.47677E-06  8.29175E-01 
7.22998E+01 7.84996E-01  2.41984E-06  8.24168E-01 
7.23998E+01 7.79996E-01  2.37822E-06  8.19177E-01 
7.24998E+01 7.74996E-01  2.34665E-06  8.14179E-01 
7.25998E+01 7.69996E-01  2.29888E-06  8.09168E-01 
7.26998E+01 7.64996E-01  2.23162E-06  8.04161E-01 
7.27998E+01 7.59996E-01  2.17242E-06  7.99162E-01 
7.28998E+01 7.54996E-01  2.11408E-06  7.94145E-01 
7.29998E+01 7.49996E-01  2.04354E-06  7.89183E-01 
7.30998E+01 7.44996E-01  2.01302E-06  7.84158E-01 
7.31998E+01 7.39996E-01  1.96614E-06  7.79152E-01 
7.32998E+01 7.34996E-01  1.92181E-06  7.74133E-01 
7.33998E+01 7.29996E-01  1.84436E-06  7.69129E-01 
7.34998E+01 7.24996E-01  1.79195E-06  7.64121E-01 
7.35998E+01 7.19996E-01  1.74146E-06  7.59121E-01 
7.36998E+01 7.14996E-01  1.69463E-06  7.54105E-01 
7.37998E+01 7.09996E-01  1.63953E-06  7.49107E-01 
7.38998E+01 7.04996E-01  1.58371E-06  7.44122E-01 
7.39998E+01 6.99996E-01  1.53002E-06  7.39112E-01 
7.40998E+01 6.94996E-01  1.47439E-06  7.34104E-01 
7.41998E+01 6.89996E-01  1.41871E-06  7.29099E-01 
7.42998E+01 6.84996E-01  1.37062E-06  7.24098E-01 
7.43998E+01 6.79996E-01  1.30763E-06  7.19113E-01 
7.44998E+01 6.74996E-01  1.24061E-06  7.14113E-01 
7.45998E+01 6.69996E-01  1.17099E-06  7.09109E-01 
7.46998E+01 6.64996E-01  1.06951E-06  7.04092E-01 
7.47998E+01 6.59996E-01  1.00503E-06  6.99086E-01 
7.48998E+01 6.54996E-01  9.71751E-07  6.94088E-01 
7.49998E+01 6.49996E-01  9.30179E-07  6.89054E-01 
7.50998E+01 6.44996E-01  8.71433E-07  6.84075E-01 
7.51998E+01 6.39996E-01  7.96360E-07  6.79091E-01 
7.52998E+01 6.34996E-01  7.44745E-07  6.74074E-01 
7.53998E+01 6.29996E-01  5.91334E-07  6.69069E-01 
7.54998E+01 6.24996E-01  5.09416E-07  6.64062E-01 
7.55998E+01 6.19996E-01  4.71672E-07  6.59092E-01 
7.56998E+01 6.14996E-01  4.93637E-07  6.54068E-01 
7.57998E+01 6.09996E-01  4.34333E-07  6.49080E-01 
7.58998E+01 6.04996E-01  3.27967E-07  6.44087E-01 
7.59998E+01 5.99996E-01  2.37630E-07  6.39090E-01 
7.60998E+01 5.94997E-01  1.59384E-07  6.34060E-01 
7.61998E+01 5.89997E-01  6.51990E-08  6.29055E-01 
7.62998E+01 5.84997E-01  -4.01530E-08 6.24035E-01 
7.63998E+01 5.79997E-01  -8.72053E-08 6.19029E-01 
7.64998E+01 5.74997E-01  -1.77178E-07 6.14036E-01 
7.65998E+01 5.69997E-01  -2.41144E-07 6.09025E-01 
7.66998E+01 5.64997E-01  -2.80259E-07 6.04030E-01 
7.67998E+01 5.59997E-01  -3.89853E-07 5.99013E-01 
7.68998E+01 5.54997E-01  -4.82154E-07 5.94032E-01 
7.69998E+01 5.49997E-01  -5.72494E-07 5.89010E-01 
7.70998E+01 5.44997E-01  -6.90277E-07 5.84003E-01 
7.71998E+01 5.39997E-01  -7.78584E-07 5.79026E-01 
7.72998E+01 5.34997E-01  -8.60804E-07 5.74040E-01 
7.73998E+01 5.29997E-01  -8.82939E-07 5.69026E-01 
7.74998E+01 5.24997E-01  -9.92865E-07 5.64017E-01 
7.75998E+01 5.19997E-01  -1.10106E-06 5.59013E-01 
7.76998E+01 5.14997E-01  -1.22995E-06 5.54034E-01 
7.77998E+01 5.09997E-01  -1.38487E-06 5.49012E-01 
7.78998E+01 5.04997E-01  -1.45560E-06 5.44006E-01 
7.79998E+01 4.99997E-01  -1.55263E-06 5.39026E-01 
7.80998E+01 4.94997E-01  -1.66731E-06 5.34030E-01 
7.81998E+01 4.89997E-01  -1.79215E-06 5.29023E-01 
7.82998E+01 4.84997E-01  -1.91870E-06 5.24029E-01 
7.83998E+01 4.79997E-01  -2.03846E-06 5.19006E-01 
7.84998E+01 4.74997E-01  -2.13764E-06 5.14003E-01 
7.85998E+01 4.69997E-01  -2.21208E-06 5.09035E-01 
7.86998E+01 4.64997E-01  -2.41794E-06 5.04003E-01 
7.87998E+01 4.59997E-01  -2.62838E-06 4.99021E-01 
7.88998E+01 4.54997E-01  -2.87698E-06 4.94007E-01 
7.89998E+01 4.49997E-01  -2.99200E-06 4.89021E-01 
7.90998E+01 4.44997E-01  -3.13046E-06 4.83995E-01 
7.91998E+01 4.39997E-01  -3.29356E-06 4.78992E-01 
7.92998E+01 4.34997E-01  -3.43188E-06 4.73992E-01 
7.93998E+01 4.29997E-01  -3.64500E-06 4.68985E-01 
7.94998E+01 4.24997E-01  -3.87498E-06 4.63971E-01 
7.95998E+01 4.19997E-01  -4.12434E-06 4.58984E-01 
7.96998E+01 4.14997E-01  -4.37473E-06 4.53946E-01 
7.97998E+01 4.09997E-01  -4.57950E-06 4.48931E-01 
7.98998E+01 4.04997E-01  -4.77765E-06 4.43963E-01 
7.99998E+01 3.99997E-01  -4.98766E-06 4.38964E-01 
8.00998E+01 3.94997E-01  -5.26746E-06 4.33933E-01 
8.01998E+01 3.89997E-01  -5.55010E-06 4.28937E-01 
8.02998E+01 3.84997E-01  -5.86460E-06 4.23920E-01 
8.03998E+01 3.79997E-01  -6.17731E-06 4.18916E-01 
8.04998E+01 3.74997E-01  -6.42564E-06 4.13920E-01 
8.05998E+01 3.69997E-01  -6.76194E-06 4.08909E-01 
8.06998E+01 3.64997E-01  -7.09249E-06 4.03913E-01 
8.07998E+01 3.59997E-01  -7.44143E-06 3.98908E-01 
8.08998E+01 3.54997E-01  -7.79886E-06 3.93925E-01 
8.09998E+01 3.49997E-01  -8.17125E-06 3.88904E-01 
8.10998E+01 3.44997E-01  -8.55335E-06 3.83909E-01 
8.11998E+01 3.39997E-01  -8.95055E-06 3.78905E-01 
8.12998E+01 3.34997E-01  -9.35734E-06 3.73912E-01 
8.13998E+01 3.29997E-01  -9.78538E-06 3.68903E-01 
8.14998E+01 3.24997E-01  -1.02198E-05 3.63877E-01 
8.15998E+01 3.19997E-01  -1.06704E-05 3.58877E-01 
8.16998E+01 3.14997E-01  -1.11159E-05 3.53889E-01 
8.17998E+01 3.09997E-01  -1.15870E-05 3.48902E-01 
8.18998E+01 3.04997E-01  -1.20701E-05 3.43879E-01 
8.19998E+01 2.99997E-01  -1.25646E-05 3.38887E-01 
8.20998E+01 2.94997E-01  -1.30678E-05 3.33897E-01 
8.21998E+01 2.89997E-01  -1.35877E-05 3.28883E-01 
8.22998E+01 2.84997E-01  -1.41083E-05 3.23880E-01 
8.23998E+01 2.79997E-01  -1.46442E-05 3.18884E-01 
8.24998E+01 2.74997E-01  -1.51849E-05 3.13866E-01 
8.25998E+01 2.69997E-01  -1.57326E-05 3.08886E-01 
8.26998E+01 2.64997E-01  -1.62870E-05 3.03871E-01 
8.27998E+01 2.59997E-01  -1.68480E-05 2.98869E-01 
8.28998E+01 2.54997E-01  -1.74110E-05 2.93845E-01 
8.29998E+01 2.49997E-01  -1.79835E-05 2.88855E-01 
8.30998E+01 2.44997E-01  -1.85565E-05 2.83886E-01 
8.31998E+01 2.39997E-01  -1.91312E-05 2.78866E-01 
8.32998E+01 2.34997E-01  -1.96656E-05 2.73850E-01 
8.33998E+01 2.29997E-01  -2.02408E-05 2.68846E-01 
8.34998E+01 2.24997E-01  -2.08135E-05 2.63848E-01 
8.35998E+01 2.19997E-01  -2.13833E-05 2.58859E-01 
8.36998E+01 2.14997E-01  -2.19446E-05 2.53850E-01 
8.37998E+01 2.09997E-01  -2.25022E-05 2.48846E-01 
8.38998E+01 2.04997E-01  -2.30433E-05 2.43840E-01 
8.39998E+01 1.99997E-01  -2.35706E-05 2.38843E-01 
8.40998E+01 1.94998E-01  -2.40856E-05 2.33843E-01 
8.41998E+01 1.89998E-01  -2.45828E-05 2.28847E-01 
8.42998E+01 1.84998E-01  -2.50608E-05 2.23820E-01 
8.43998E+01 1.79998E-01  -2.55243E-05 2.18842E-01 
8.44998E+01 1.74998E-01  -2.59623E-05 2.13827E-01 
8.45998E+01 1.69998E-01  -2.63852E-05 2.08816E-01 
8.46998E+01 1.64998E-01  -2.67920E-05 2.03803E-01 
8.47998E+01 1.59998E-01  -2.71826E-05 1.98817E-01 
8.48998E+01 1.54998E-01  -2.75515E-05 1.93817E-01 
8.49998E+01 1.49998E-01  -2.79123E-05 1.88818E-01 
8.50998E+01 1.44998E-01  -2.82641E-05 1.83802E-01 
8.51998E+01 1.39998E-01  -2.86013E-05 1.78816E-01 
8.52998E+01 1.34998E-01  -2.89385E-05 1.73798E-01 
8.53998E+01 1.29998E-01  -2.92657E-05 1.68827E-01 
8.54998E+01 1.24998E-01  -2.95951E-05 1.63811E-01 
8.55998E+01 1.19998E-01  -2.99222E-05 1.58822E-01 
8.56998E+01 1.14998E-01  -3.02494E-05 1.53791E-01 
8.57998E+01 1.09998E-01  -3.05716E-05 1.48774E-01 
8.58998E+01 1.04998E-01  -3.09053E-05 1.43786E-01 
8.59998E+01 9.99977E-02  -3.12290E-05 1.38769E-01 
8.60998E+01 9.49978E-02  -3.15592E-05 1.33748E-01 
8.61998E+01 8.99978E-02  -3.18827E-05 1.28755E-01 
8.62998E+01 8.49978E-02  -3.22020E-05 1.23762E-01 
8.63998E+01 7.99978E-02  -3.25059E-05 1.18755E-01 
8.64998E+01 7.49978E-02  -3.28009E-05 1.13750E-01 
8.65998E+01 6.99978E-02  -3.30815E-05 1.08744E-01 
8.66998E+01 6.49978E-02  -3.33615E-05 1.03767E-01 
8.67998E+01 5.99978E-02  -3.36433E-05 9.87681E-02 
8.68998E+01 5.49979E-02  -3.38992E-05 9.37384E-02 
8.69998E+01 4.99979E-02  -3.41257E-05 8.87163E-02 
8.70998E+01 4.49979E-02  -3.43672E-05 8.37535E-02 
8.71998E+01 3.99979E-02  -3.45819E-05 7.87594E-02 
8.72998E+01 3.49979E-02  -3.47724E-05 7.37547E-02 
8.73998E+01 2.99979E-02  -3.49407E-05 6.87201E-02 
8.74998E+01 2.49979E-02  -3.50949E-05 6.37404E-02 
8.75998E+01 1.99979E-02  -3.52355E-05 5.87301E-02 
8.76998E+01 1.49980E-02  -3.53596E-05 5.37317E-02 
8.77998E+01 9.99797E-03  -3.54804E-05 4.87121E-02 
8.78998E+01 4.99799E-03  -3.55910E-05 4.37081E-02 
8.79998E+01 -2.00000E-06 -3.56897E-05 3.87364E-02 
8.80998E+01 -5.00199E-03 -3.57895E-05 3.37287E-02 
8.81998E+01 -1.00020E-02 -3.58779E-05 2.86847E-02 
8.82998E+01 -1.50020E-02 -3.59612E-05 2.37081E-02 
8.83998E+01 -2.00020E-02 -3.60450E-05 1.87503E-02 
8.84998E+01 -2.50019E-02 -3.61243E-05 1.37112E-02 
8.85998E+01 -3.00019E-02 -3.61967E-05 8.71968E-03 
8.86998E+01 -3.50019E-02 -3.62728E-05 3.70440E-03 
8.87998E+01 -4.00019E-02 -3.63501E-05 -1.27651E-03
8.88998E+01 -4.50019E-02 -3.64400E-05 -6.29802E-03
8.89998E+01 -5.00019E-02 -3.65403E-05 -1.13065E-02
8.90998E+01 -5.50019E-02 -3.66378E-05 -1.63211E-02
8.91998E+01 -6.00019E-02 -3.67376E-05 -2.13070E-02
8.92998E+01 -6.50018E-02 -3.68401E-05 -2.63055E-02
8.93998E+01 -7.00018E-02 -3.69501E-05 -3.12889E-02
8.94998E+01 -7.50018E-02 -3.70708E-05 -3.62967E-02
8.95998E+01 -8.00018E-02 -3.71648E-05 -4.13313E-02
8.96998E+01 -8.50018E-02 -3.72619E-05 -4.62854E-02
8.97998E+01 -9.00018E-02 -3.73518E-05 -5.13107E-02
8.98998E+01 -9.50018E-02 -3.74266E-05 -5.63173E-02
8.99998E+01 -1.00002E-01 -3.75034E-05 -6.13232E-02
9.00998E+01 -1.05002E-01 -3.75449E-05 -6.63197E-02
9.01998E+01 -1.10002E-01 -3.76586E-05 -7.13007E-02
9.02998E+01 -1.15002E-01 -3.78049E-05 -7.63253E-02
9.03998E+01 -1.20002E-01 -3.80208E-05 -8.13462E-02
9.04998E+01 -1.25002E-01 -3.82504E-05 -8.63090E-02
9.05998E+01 -1.30002E-01 -3.84919E-05 -9.13262E-02
9.06998E+01 -1.35002E-01 -3.88505E-05 -9.63277E-02
9.07998E+01 -1.40002E-01 -3.91587E-05 -1.01342E-01
9.08998E+01 -1.45002E-01 -3.94468E-05 -1.06328E-01
9.09998E+01 -1.50002E-01 -3.97490E-05 -1.11324E-01
9.10998E+01 -1.55002E-01 -4.00997E-05 -1.16341E-01
9.11998E+01 -1.60002E-01 -4.04829E-05 -1.21372E-01
9.12998E+01 -1.65002E-01 -4.09173E-05 -1.26369E-01
9.13998E+01 -1.70002E-01 -4.13855E-05 -1.31334E-01
9.14998E+01 -1.75002E-01 -4.18938E-05 -1.36372E-01
9.15998E+01 -1.80002E-01 -4.24410E-05 -1.41381E-01
9.16998E+01 -1.85002E-01 -4.30356E-05 -1.46381E-01
9.17998E+01 -1.90002E-01 -4.36456E-05 -1.51358E-01
9.18998E+01 -1.95002E-01 -4.42017E-05 -1.56394E-01
9.19998E+01 -2.00002E-01 -4.48172E-05 -1.61364E-01
9.20998E+01 -2.05001E-01 -4.54561E-05 -1.66376E-01
9.21998E+01 -2.10001E-01 -4.61168E-05 -1.71390E-01
9.22998E+01 -2.15001E-01 -4.67464E-05 -1.76394E-01
9.23998E+01 -2.20001E-01 -4.74228E-05 -1.81420E-01
9.24998E+01 -2.25001E-01 -4.81258E-05 -1.86399E-01
9.25998E+01 -2.30001E-01 -4.88329E-05 -1.91398E-01
9.26998E+01 -2.35001E-01 -4.95261E-05 -1.96415E-01
9.27998E+01 -2.40001E-01 -5.02352E-05 -2.01404E-01
9.28998E+01 -2.45001E-01 -5.09195E-05 -2.06395E-01
9.29998E+01 -2.50001E-01 -5.15872E-05 -2.11394E-01
9.30998E+01 -2.55001E-01 -5.22361E-05 -2.16402E-01
9.31998E+01 -2.60001E-01 -5.29060E-05 -2.21408E-01
9.32998E+01 -2.65001E-01 -5.34924E-05 -2.26405E-01
9.33998E+01 -2.70001E-01 -5.41038E-05 -2.31401E-01
9.34998E+01 -2.75001E-01 -5.47300E-05 -2.36408E-01
9.35998E+01 -2.80001E-01 -5.52899E-05 -2.41410E-01
9.36998E+01 -2.85001E-01 -5.58413E-05 -2.46416E-01
9.37998E+01 -2.90001E-01 -5.63851E-05 -2.51409E-01
9.38998E+01 -2.95001E-01 -5.68772E-05 -2.56411E-01
9.39998E+01 -3.00001E-01 -5.73715E-05 -2.61453E-01
9.40998E+01 -3.05001E-01 -5.78209E-05 -2.66436E-01
9.41998E+01 -3.10001E-01 -5.82402E-05 -2.71428E-01
9.42998E+01 -3.15001E-01 -5.86674E-05 -2.76445E-01
9.43998E+01 -3.20001E-01 -5.90412E-05 -2.81440E-01
9.44998E+01 -3.25001E-01 -5.94311E-05 -2.86446E-01
9.45998E+01 -3.30001E-01 -5.97735E-05 -2.91418E-01
9.46998E+01 -3.35001E-01 -6.01355E-05 -2.96441E-01
9.47998E+01 -3.40001E-01 -6.04561E-05 -3.01456E-01
9.48998E+01 -3.45001E-01 -6.07364E-05 -3.06473E-01
9.49998E+01 -3.50001E-01 -6.09879E-05 -3.11445E-01
9.50998E+01 -3.55001E-01 -6.12694E-05 -3.16458E-01
9.51998E+01 -3.60001E-01 -6.16114E-05 -3.21463E-01
9.52998E+01 -3.65001E-01 -6.18482E-05 -3.26466E-01
9.53998E+01 -3.70001E-01 -6.20226E-05 -3.31486E-01
9.54998E+01 -3.75001E-01 -6.22656E-05 -3.36482E-01
9.55998E+01 -3.80001E-01 -6.24774E-05 -3.41472E-01
9.56998E+01 -3.85001E-01 -6.25675E-05 -3.46479E-01
9.57998E+01 -3.90001E-01 -6.29003E-05 -3.51490E-01
9.58998E+01 -3.95001E-01 -6.31884E-05 -3.56499E-01
9.59998E+01 -4.00001E-01 -6.32054E-05 -3.61488E-01
9.60998E+01 -4.05001E-01 -6.33921E-05 -3.66482E-01
9.61998E+01 -4.10001E-01 -6.35235E-05 -3.71487E-01
9.62998E+01 -4.15001E-01 -6.36547E-05 -3.76501E-01
9.63998E+01 -4.20001E-01 -6.37706E-05 -3.81498E-01
9.64998E+01 -4.25001E-01 -6.38695E-05 -3.86459E-01
9.65998E+01 -4.30001E-01 -6.39724E-05 -3.91479E-01
9.66998E+01 -4.35001E-01 -6.40864E-05 -3.96512E-01
9.67998E+01 -4.40001E-01 -6.41999E-05 -4.01501E-01
9.68998E+01 -4.45001E-01 -6.43181E-05 -4.06516E-01
9.69998E+01 -4.50001E-01 -6.44772E-05 -4.11506E-01
9.70998E+01 -4.55001E-01 -6.46240E-05 -4.16525E-01
9.71998E+01 -4.60001E-01 -6.47093E-05 -4.21534E-01
9.72998E+01 -4.65001E-01 -6.47784E-05 -4.26528E-01
9.73998E+01 -4.70001E-01 -6.48992E-05 -4.31537E-01
9.74998E+01 -4.75001E-01 -6.49933E-05 -4.36549E-01
9.75998E+01 -4.80001E-01 -6.49671E-05 -4.41534E-01
9.76998E+01 -4.85001E-01 -6.50713E-05 -4.46509E-01
9.77998E+01 -4.90001E-01 -6.51265E-05 -4.51557E-01
9.78998E+01 -4.95001E-01 -6.52182E-05 -4.56545E-01
9.79998E+01 -5.00001E-01 -6.53028E-05 -4.61526E-01
9.80998E+01 -5.05001E-01 -6.54096E-05 -4.66528E-01
9.81998E+01 -5.10001E-01 -6.55609E-05 -4.71545E-01
9.82998E+01 -5.15001E-01 -6.56573E-05 -4.76533E-01
9.83998E+01 -5.20001E-01 -6.57875E-05 -4.81543E-01
9.84998E+01 -5.25001E-01 -6.59322E-05 -4.86576E-01
9.85998E+01 -5.30001E-01 -6.63175E-05 -4.91543E-01
9.86998E+01 -5.35001E-01 -6.63809E-05 -4.96570E-01
9.87998E+01 -5.40001E-01 -6.63942E-05 -5.01563E-01
9.88998E+01 -5.45001E-01 -6.65436E-05 -5.06568E-01
9.89998E+01 -5.50001E-01 -6.67011E-05 -5.11601E-01
9.90998E+01 -5.55001E-01 -6.68625E-05 -5.16573E-01
9.91998E+01 -5.60001E-01 -6.69617E-05 -5.21573E-01
9.92998E+01 -5.65001E-01 -6.70837E-05 -5.26582E-01
9.93998E+01 -5.70001E-01 -6.72642E-05 -5.31589E-01
9.94998E+01 -5.75001E-01 -6.74124E-05 -5.36572E-01
9.95998E+01 -5.80001E-01 -6.75984E-05 -5.41567E-01
9.96998E+01 -5.85001E-01 -6.77089E-05 -5.46583E-01
9.97998E+01 -5.90001E-01 -6.78421E-05 -5.51601E-01
9.98998E+01 -5.95001E-01 -6.79896E-05 -5.56585E-01
9.99997E+01 -6.00001E-01 -6.82355E-05 -5.61588E-01
1.00100E+02 -6.05000E-01 -6.84375E-05 -5.66596E-01
1.00200E+02 -6.10000E-01 -6.86745E-05 -5.71611E-01
1.00300E+02 -6.15000E-01 -6.87907E-05 -5.76595E-01
1.00400E+02 -6.20000E-01 -6.90663E-05 -5.81592E-01
1.00500E+02 -6.25000E-01 -6.91567E-05 -5.86608E-01
1.00600E+02 -6.30000E-01 -6.93872E-05 -5.91629E-01
1.00700E+02 -6.35000E-01 -6.95849E-05 -5.96634E-01
1.00800E+02 -6.40000E-01 -6.97705E-05 -6.01599E-01
1.00900E+02 -6.45000E-01 -6.99471E-05 -6.06602E-01
1.01000E+02 -6.50000E-01 -7.01590E-05 -6.11620E-01
1.01100E+02 -6.55000E-01 -7.03542E-05 -6.16616E-01
1.01200E+02 -6.60000E-01 -7.06119E-05 -6.21608E-01
1.01300E+02 -6.65000E-01 -7.07984E-05 -6.26625E-01
1.01400E+02 -6.70000E-01 -7.10059E-05 -6.31633E-01
1.01500E+02 -6.75000E-01 -7.11921E-05 -6.36649E-01
1.01600E+02 -6.80000E-01 -7.14486E-05 -6.41632E-01
1.01700E+02 -6.85000E-01 -7.17114E-05 -6.46634E-01
1.01800E+02 -6.90000E-01 -7.19550E-05 -6.51648E-01
1.01900E+02 -6.95000E-01 -7.21607E-05 -6.56664E-01
1.02000E+02 -7.00000E-01 -7.24821E-05 -6.61665E-01
1.02100E+02 -7.05000E-01 -7.26229E-05 -6.66651E-01
1.02200E+02 -7.10000E-01 -7.29322E-05 -6.71640E-01
1.02300E+02 -7.15000E-01 -7.31613E-05 -6.76670E-01
1.02400E+02 -7.20000E-01 -7.34378E-05 -6.81676E-01
1.02500E+02 -7.25000E-01 -7.36848E-05 -6.86673E-01
1.02600E+02 -7.30000E-01 -7.40226E-05 -6.91667E-01
1.02700E+02 -7.35000E-01 -7.42843E-05 -6.96700E-01
1.02800E+02 -7.40000E-01 -7.45346E-05 -7.01689E-01
1.02900E+02 -7.45000E-01 -7.48619E-05 -7.06698E-01
1.03000E+02 -7.50000E-01 -7.51085E-05 -7.11681E-01
1.03100E+02 -7.55000E-01 -7.53631E-05 -7.16694E-01
1.03200E+02 -7.60000E-01 -7.56611E-05 -7.21696E-01
1.03300E+02 -7.65000E-01 -7.59637E-05 -7.26672E-01
1.03400E+02 -7.70000E-01 -7.61995E-05 -7.31688E-01
1.03500E+02 -7.75000E-01 -7.64460E-05 -7.36692E-01
1.03600E+02 -7.80000E-01 -7.67792E-05 -7.41691E-01
1.03700E+02 -7.85000E-01 -7.70016E-05 -7.46691E-01
1.03800E+02 -7.90000E-01 -7.73498E-05 -7.51686E-01
1.03900E+02 -7.95000E-01 -7.76862E-05 -7.56698E-01
